VARIABLES= "X pix", "Y pix", "U pix/dt", "V pix/dt", "CHC", ZONE I=28, J=37
  4   4 -0.0006 -0.0038 10.0862
 12   4 -0.0016  0.0073  9.1044
 20   4  0.0000  0.0138  8.7239
 28   4 -0.0108 -0.0122  8.8180
 36   4 -0.0594  0.0139  8.6972
 44   4 -0.0126 -0.0203  8.4800
 52   4  0.0000 -0.0633  9.0518
 60   4 -0.0106  0.0637  9.4599
 68   4  0.0000  0.0000 10.9518
 76   4  0.0415 -0.0022 10.8917
 84   4  0.0000  0.0366 11.5214
 92   4  0.0044  0.0449 12.2437
100   4  0.0049  0.0396 12.2481
108   4 -0.0034 -0.0160 11.8212
116   4 -0.0452  0.0226 12.1051
124   4  0.0000 -0.0286 12.1954
132   4  0.0000  0.0000 11.7754
140   4  0.0000 -0.0166 11.5214
148   4 -0.0414 -0.0286 11.4352
156   4  0.0000  0.0000 11.7754
164   4  0.0000  0.0000 11.9577
172   4 -0.0005  0.0021 12.0403
180   4  0.0413  0.0395 10.4931
188   4 -0.0403 -0.0046 11.2137
196   4  0.0000  0.0000 12.0698
204   4 -0.0144  0.0320 10.7933
212   4  0.0712  0.0274 11.2913
220   4 -0.0576  0.0345  9.5027
228   4  0.0403 -0.0033 10.1486
236   4  0.0000  0.0000 10.0354
244   4 -0.0393 -0.0067 10.1386
252   4  0.0130 -0.1715 11.9626
260   4  0.0144  0.0486 13.8185
268   4 -0.0139 -0.1245 12.9931
276   4 -0.0625 -0.0724 12.9812
284   4  0.0000 -0.1026 13.1837
292   4  0.0694  0.0870 14.0441
  4  12  0.0000  0.0000 11.1271
 12  12  0.0000  0.0000 11.3629
 20  12  0.0000  0.0000 11.3629
 28  12  0.0000 -0.2603 10.3199
 36  12  0.0000  0.3700  7.7939
 44  12  0.0000 -0.8124  8.7810
 52  12  0.1209  0.6294  9.6572
 60  12  0.0000  0.5000  9.9740
 68  12  0.0389  0.0530  7.7215
 76  12  0.1526 -0.0412 10.1203
 84  12  0.0000  0.0000  8.7227
 92  12  0.0290  0.0086 18.5234
100  12  0.0000  0.0000 29.4045
108  12  0.0000  0.0000  9.3972
116  12  0.1000  0.1365  7.6671
124  12  0.0000  0.0000  7.1997
132  12  0.0000  0.0000  8.0070
140  12 -0.0270 -0.0501  7.7899
148  12 -0.0089 -0.0257  8.2067
156  12  0.0173  0.0347 27.3643
164  12 -0.0038  0.0086 14.5878
172  12 -0.0240 -0.0763  6.0875
180  12  0.0000  0.0000  6.7029
188  12 -0.0371  0.0447  6.9021
196  12  0.0066 -0.0037  7.1457
204  12  0.0856 -0.0271  9.6652
212  12  0.0230  0.0306  7.8163
220  12  0.1321 -0.0948  8.4672
228  12  0.0000  0.0000  8.0067
236  12  0.0632  0.0168  9.4632
244  12  0.0000  0.2012  8.3893
252  12 -0.0015 -0.0416  8.5564
260  12  0.0792  0.0293  9.0338
268  12 -0.0390 -0.0399  9.8409
276  12  0.0000  0.0000 10.6904
284  12 -0.0182  0.0072 11.4155
292  12 -0.2226  0.0307 12.2348
  4  20 -0.0145 -0.0055  7.6653
 12  20  0.0022  0.0069  7.3565
 20  20 -0.0378 -0.0158 10.5445
 28  20  0.0000 -0.0179 11.5779
 36  20 -0.0365  0.0524 13.4876
 44  20 -0.0240  0.0714 17.6470
 52  20  0.0185 -0.0033 17.4177
 60  20 -0.0077 -0.0059 15.9545
 68  20 -0.0010  0.0132 15.7475
 76  20 -0.0228  0.0013 18.0931
 84  20 -0.0199 -0.1049 18.6806
 92  20  0.0000  0.0000 15.3021
100  20  0.0080  0.0114 16.7165
108  20  0.0000  0.0000 19.9032
116  20  0.0021  0.0135 17.6759
124  20  0.0021 -0.0073 17.2265
132  20 -0.0109 -0.0151 18.8774
140  20  0.0038  0.0257 20.4330
148  20 -0.0091 -0.0031 29.9160
156  20  0.0159 -0.0087 21.5477
164  20  0.0111  0.0020 32.7332
172  20  0.0000  0.0000 17.7742
180  20  0.0431 -0.0023 26.0868
188  20  0.0000  0.0000 34.3420
196  20 -0.0273 -0.0206 24.4881
204  20 -0.0489 -0.0338 22.3886
212  20 -0.0060  0.0884 20.0495
220  20 -0.0067  0.0322 17.7838
228  20 -0.0184  0.0180 17.1300
236  20 -0.0337 -0.0380 14.2399
244  20  0.0522 -0.0321 16.9191
252  20  0.0000 -0.1638 15.4198
260  20  0.0090 -0.0530 13.4821
268  20  0.0000  0.0000 11.7049
276  20 -0.0233  0.0081 18.1109
284  20  0.0015  0.0096 18.8744
292  20  0.0282 -0.1367 12.6198
  4  28  0.0000  0.0000  9.2378
 12  28 -0.0036 -0.0127 11.6027
 20  28 -0.0114  0.0030 15.7391
 28  28  0.0449  0.0190  9.0416
 36  28 -0.0032  0.0142  7.4434
 44  28  0.0009 -0.0095  7.8273
 52  28 -0.0002 -0.0019  7.4310
 60  28 -0.0386  0.0286  7.3410
 68  28 -0.0081  0.0061  7.8966
 76  28 -0.1818  0.0039  7.3451
 84  28  0.0569  0.0425  7.2466
 92  28 -0.0107  0.0104  7.6342
100  28  0.0219 -0.0126  7.6089
108  28  0.0480  0.0455  7.6076
116  28 -0.0180  0.0324  9.1273
124  28 -0.0038 -0.0440  6.8267
132  28  0.0000  0.0806  5.7454
140  28  0.0498 -0.0042  5.7903
148  28 -0.0182  0.0068 11.7875
156  28  0.0090 -0.0138 16.8262
164  28 -0.0251 -0.0006 13.1096
172  28  0.0046  0.0000 11.1200
180  28 -0.0087  0.0487  7.1792
188  28  0.0000  0.0000  6.7185
196  28  0.0222 -0.0101  6.5700
204  28  0.0267  0.0028  6.0708
212  28  0.0201 -0.0038  6.0421
220  28  0.0289 -0.0091  6.1854
228  28 -0.0166 -0.0597  6.5643
236  28 -0.0118 -0.0288  6.5388
244  28  0.0018  0.0013  6.9523
252  28  0.0016 -0.0006  7.7065
260  28  0.0000  0.0000  8.6029
268  28 -0.0071 -0.0401  7.2960
276  28  0.0049  0.0008  6.8498
284  28  0.0016 -0.0296  6.8331
292  28 -0.0209  0.0428  6.9973
  4  36  0.0000  0.0000 17.6251
 12  36  0.0000  0.0855 10.6035
 20  36  0.0000  0.0000 12.5902
 28  36  0.0000  0.0000 13.2265
 36  36 -0.0441  0.0169 13.3694
 44  36  0.0534  0.0136 14.8241
 52  36  0.0000  0.0000 13.0603
 60  36  0.0978  0.0314 11.7431
 68  36 -0.1026 -0.1471  9.4569
 76  36  0.1268  0.0139  7.4427
 84  36 -0.0446 -0.1159  6.8449
 92  36 -0.0374 -0.0352 12.1250
100  36  0.0000  0.0000 16.1088
108  36  0.0000  0.0000 16.1088
116  36  0.0000  0.0000 11.1304
124  36  0.1521 -0.1664 16.8251
132  36  2.5000 -0.5000  4.0635
140  36  0.0000  0.0000  0.0000
148  36 -0.0013  0.0098 13.2647
156  36 -0.0341 -0.0045 14.7774
164  36  0.0187  0.0085 14.1338
172  36 -0.0011  0.0062  9.5982
180  36 -0.1979  0.0745  7.4160
188  36  0.0512  0.0054  8.0724
196  36  0.0000  0.0000  8.4034
204  36 -0.0393  0.0934 13.6353
212  36  0.0000  0.0000 12.4923
220  36  0.0000  0.0000 14.4096
228  36  0.0754  0.0878 12.5503
236  36  0.0063 -0.1516 14.2128
244  36  0.0248 -0.0297 13.4174
252  36  0.0000  0.0000 13.7993
260  36  0.0000  0.0000 13.7366
268  36 -0.2475 -0.1388  9.9860
276  36 -0.0784 -0.0118 13.7343
284  36  0.0000  0.0163 15.4955
292  36 -0.7101 -0.0215 12.1456
  4  44  0.0000  0.0000 12.4405
 12  44  0.0000  0.0000 11.9696
 20  44 -0.0256 -0.1320  8.8687
 28  44 -0.0173 -0.0908  6.8321
 36  44  0.0000  0.0000  7.4479
 44  44 -0.3276 -0.0408  5.9441
 52  44  0.0000  0.0000 12.0628
 60  44  0.0000  0.0000 11.1304
 68  44  0.0000  0.0000  0.0000
 76  44  0.0000  0.0000  0.0000
 84  44  0.0000  0.0000  0.0000
 92  44  0.2749  0.0000  8.5018
100  44  0.0000  0.0000  0.0000
108  44  0.0000  0.0000 16.1088
116  44  0.0000  0.0000 11.1304
124  44 -0.1841  0.0418 12.3683
132  44  0.0000  0.0000  0.0000
140  44  0.0650  0.0651  5.9891
148  44  0.0045 -0.0136  9.5322
156  44  0.0000  0.0000  8.5706
164  44  0.0174 -0.0020  9.0829
172  44 -0.0099  0.0145  6.6251
180  44  0.3078  0.1021  7.6998
188  44 -0.1550  0.0300 17.4545
196  44  0.0081  0.1913  8.2514
204  44  0.0120  0.2442  7.6579
212  44  0.0000  0.0000  8.9436
220  44  0.2047 -0.1407  9.8444
228  44  0.0000  0.0000 12.9245
236  44 -0.1058  0.0585  7.8893
244  44 -0.0940 -0.0164 10.3071
252  44  0.0910 -0.0242 11.8051
260  44  0.0287  0.0061 12.5369
268  44 -0.0029 -0.0882 14.5934
276  44  0.0477  0.0780 19.1526
284  44 -0.1402 -0.0930  9.0014
292  44  0.0000  0.0000 15.1864
  4  52  0.0000 -0.5000  8.8276
 12  52  0.0000  0.0000  0.0000
 20  52  0.0000  0.0000  0.0000
 28  52  0.0000  0.0000  0.0000
 36  52  0.0000  0.0000 11.1304
 44  52  0.0000  0.0000  0.0000
 52  52  0.0000  0.0000 11.1304
 60  52  0.2402  1.0746 11.8414
 68  52  0.0000  0.0000  0.0000
 76  52  0.0000  0.0000  0.0000
 84  52  0.0000  0.0000  0.0000
 92  52  0.0000  0.0000 17.2249
100  52  0.0000  0.0000 12.5250
108  52  0.0000  0.0000 11.8785
116  52 -0.2113  0.0336 11.7405
124  52  0.0000 -0.5000 11.1304
132  52  0.0000 -0.5000  8.8276
140  52  0.0000  0.0000 16.1088
148  52 -0.1778 -0.4014  9.9028
156  52  0.0000  0.0000 11.0903
164  52  0.0569  0.1367  7.3143
172  52  0.0000  0.0000 12.5762
180  52 -1.5000  0.0000  8.2581
188  52  0.0000  0.0000 16.1088
196  52  0.0000  0.0000  0.0000
204  52  0.0000  0.0000  0.0000
212  52  2.5000  0.0000  8.8276
220  52  0.0000  0.0000 16.1088
228  52 -0.0726 -0.2571  8.7664
236  52  0.0431 -0.3137 13.0038
244  52  0.0000  0.0000 10.7778
252  52  0.0000  0.0000 11.6053
260  52  0.0000  0.0000 12.8656
268  52  0.1115 -0.0173  7.9644
276  52  0.1480 -0.0283  8.1401
284  52 -0.0306  0.1050  9.6119
292  52  0.0000  0.0000 11.4605
  4  60  0.0000  0.0000 11.1304
 12  60  0.0000  0.0000  0.0000
 20  60  0.0000  0.0000  0.0000
 28  60  0.0000  0.0000 11.1304
 36  60  0.0000  0.0000  0.0000
 44  60 -0.5000  0.0000  8.8276
 52  60  0.4535 -0.0130 10.4895
 60  60  0.0000  0.0000 12.9293
 68  60  0.1597  0.0728 12.0580
 76  60  0.0000  0.0433  8.0897
 84  60 -0.2924  0.0730 10.1513
 92  60 -0.1882 -0.2928  8.3979
100  60  0.0000  0.0000 22.9226
108  60 -0.5000 -0.1301  6.6466
116  60  0.0000  0.0000 11.1304
124  60  0.1056 -1.5746 10.0855
132  60  0.0000  0.0000 10.7010
140  60  0.0239 -0.0407 14.0016
148  60  0.0000  0.0000 15.8777
156  60  0.0000  0.0000 12.0628
164  60  0.0000  0.0000 16.1088
172  60  0.0000  0.0000 16.1088
180  60  0.0000  0.0000 12.0455
188  60  0.0000  0.0000  0.0000
196  60  0.0000  0.0000  0.0000
204  60  0.0000  0.0000 11.1304
212  60  0.0000  0.0000 13.5576
220  60  0.0000  0.0000  0.0000
228  60  0.0000  0.0000  0.0000
236  60  0.0000  0.0000  8.0000
244  60  0.0000  0.0000 12.0628
252  60  0.0000  0.0000 12.0628
260  60  0.0000  0.0000 16.6956
268  60  0.0000  0.0000 10.6514
276  60  0.0000  0.0000 11.1304
284  60  0.0000  0.0000 11.1304
292  60  0.0000  0.0000  8.8276
  4  68  0.0000  0.0000 11.1304
 12  68  0.0000  0.0000 12.0628
 20  68 -0.5000  0.0000  8.8276
 28  68  0.0000  0.0000  0.0000
 36  68  0.0000  0.0000  0.0000
 44  68  0.0000 -0.5000 11.1304
 52  68  0.7821 -0.2339 10.6264
 60  68  0.0000  0.0000 18.5922
 68  68  0.0000  0.0000 16.1088
 76  68 -4.5000  0.0830 13.8795
 84  68 -0.1258  0.0918 10.0122
 92  68  0.0000  0.0000  0.0000
100  68  0.0000  0.0000 11.1304
108  68  0.0000  0.0000  0.0000
116  68  0.0000  0.0000 17.0667
124  68  0.0000  0.0000 11.1304
132  68  0.0000  0.0000 19.1045
140  68  0.0842  0.2496 11.9070
148  68  0.0000  0.0000 13.5576
156  68  0.0000  0.0000 11.1304
164  68  0.0000  0.0000  0.0000
172  68  0.0000  0.0000  0.0000
180  68  0.0000  0.0000 22.2609
188  68  0.0000  0.0000 11.1304
196  68  0.0000  0.0000  0.0000
204  68  0.0000  0.0000 11.1304
212  68 -0.2414  0.0000 11.1304
220  68  0.0000  0.0000  0.0000
228  68 -0.5000 -1.0000  4.0635
236  68  0.0000  0.0000  0.0000
244  68  2.5000  0.0000  8.8276
252  68  0.1151  0.1151 16.5161
260  68  0.0000  0.0000  0.0000
268  68  0.1841  0.0418 12.3683
276  68  0.0272 -0.0238 11.1899
284  68  2.5000  0.0000  8.8276
292  68  0.0000  0.0000 11.1304
  4  76  0.0000  0.0000 19.0506
 12  76  0.1450  0.0664  7.2810
 20  76  0.0951  0.1313 12.6165
 28  76  0.1707 -0.1263 11.1820
 36  76  0.0000  0.0000 10.6090
 44  76  0.0000  0.0000 16.1088
 52  76  0.2503 -0.1733 15.9566
 60  76  0.0000  0.0000  8.9379
 68  76  2.7083 -0.5000  6.1440
 76  76 -0.0205  0.0000 13.7753
 84  76  0.0000  0.0000 11.1304
 92  76  0.0000  0.0000 11.1304
100  76  0.0000  0.0000 13.3565
108  76  0.0000  0.0000 11.9011
116  76  0.0000  0.0000 11.1304
124  76  0.0000  0.0000 16.1088
132  76  0.0297 -0.0300  9.5194
140  76 -0.2343 -0.0607  7.6698
148  76  0.0000  0.0000  0.0000
156  76  0.0000  0.0000 11.1304
164  76  0.0000  0.0000  0.0000
172  76  0.0000 -0.5000  8.8276
180  76  0.5000  0.0000 11.1304
188  76  0.0000  0.0000  0.0000
196  76  2.5000  0.0000 11.1304
204  76  0.0000  0.0000  0.0000
212  76  0.0000  0.0000 11.1304
220  76  0.0306 -1.1731 10.3746
228  76 -0.0271  0.0313  7.1111
236  76  2.5000  0.1588 10.5785
244  76  0.0000  0.0000  8.2581
252  76  0.0000  0.0000  0.0000
260  76  0.0000  0.0000 11.1304
268  76  0.0000  0.0000 11.1304
276  76  0.0000  0.0000 16.1088
284  76  0.0000  0.0000 12.0455
292  76  0.0000  0.0000 11.9011
  4  84 -0.5000 -0.0758  9.4086
 12  84  0.0398  0.1411 10.4178
 20  84  0.0540  0.2047 12.8294
 28  84  0.0774  0.1643  8.8276
 36  84  0.0000  0.0000 11.1304
 44  84  0.2190  0.1015  8.3290
 52  84  0.3436 -0.0416 11.7190
 60  84  0.0000  0.0000 11.1304
 68  84  2.5000  0.0000  8.8276
 76  84  0.0000  0.0000  8.8276
 84  84 -0.1927  0.0788 17.1842
 92  84  0.0000  0.0000 13.5576
100  84  0.0000  0.0000  0.0000
108  84  0.0000  0.0000  0.0000
116  84 -0.4043 -0.4043  8.0000
124  84  0.0000  0.0000 16.1088
132  84  0.0000  0.0000  0.0000
140  84 -1.5000  0.0000  8.2581
148  84  0.0000  0.0000  0.0000
156  84 -0.2780 -0.1270 13.3759
164  84  0.0000  0.0000 11.1304
172  84  0.0000  0.0000  0.0000
180  84  0.0000  0.0000  9.2850
188  84  0.0000  0.0000  0.0000
196  84  0.0000  0.0000 16.1088
204  84  0.0000  0.0000  0.0000
212  84  0.0000  0.0000 11.1304
220  84  0.0000  0.0000  0.0000
228  84  0.0000  0.0000 16.1088
236  84  0.0000  0.0000  0.0000
244  84  2.5000  0.0000  8.8276
252  84  0.0000  0.0000 16.1088
260  84  0.0000  0.0000  1.0000
268  84  0.0000  0.0000  0.0000
276  84  0.0000  0.0000 11.1304
284  84  0.0000  0.0000 11.1304
292  84  0.0000  0.0000 16.1088
  4  92  0.0000  0.0000  0.0000
 12  92 -0.1941  0.0618 10.4490
 20  92 -0.2337 -0.1261 11.3391
 28  92 -0.4043 -0.4043  8.0000
 36  92  0.0000  0.0000  0.0000
 44  92  0.0000  0.0000 11.1304
 52  92  0.0000  0.0000  0.0000
 60  92  0.0000  0.0000 11.1304
 68  92  0.0000 -0.5000 11.1304
 76  92  0.0000  0.0000  0.0000
 84  92  0.0000  0.0000 11.1304
 92  92  0.0000  0.0000  0.0000
100  92  0.0000  0.0000  0.0000
108  92  0.0000  0.0000  8.8276
116  92  0.0000  0.0000 12.5445
124  92  0.0000  0.0000 16.1088
132  92  0.0000  0.0000 16.6957
140  92  0.1758  0.0599 12.9157
148  92  0.3732  0.3694 10.3318
156  92  0.0000  0.0000 16.1088
164  92 -0.5000 -0.0448  8.9013
172  92  0.0000  0.0000 11.1304
180  92  0.0971  0.0132 14.6608
188  92  0.0000  0.0000 10.1191
196  92  0.0000  0.0000 16.1088
204  92  0.0000  0.0000 11.1304
212  92  0.0000  0.0000  0.0000
220  92  0.0000  0.0000  0.0000
228  92  0.0000  0.0000 11.1304
236  92  0.0000  0.0000  0.0000
244  92  0.0000  0.0000  0.0000
252  92 -0.1960  0.0000 11.1304
260  92  0.0000  0.0000 15.0588
268  92  0.0000  0.0000  0.0000
276  92  0.0000  0.0000  0.0000
284  92  0.0000  0.0000 11.1304
292  92  0.0000  0.0000  0.0000
  4 100  0.0000  0.0000 13.8829
 12 100  2.0000 -0.2116  4.8615
 20 100  0.0000  0.0000 16.1088
 28 100  0.0000  0.0000  0.0000
 36 100  0.0000  0.0000 16.1088
 44 100  0.0000  0.0000 11.1304
 52 100  0.3145 -0.0264 11.0777
 60 100  0.0000  0.0000  0.0000
 68 100  0.2689  0.0419  9.7710
 76 100  0.0000  0.0000 11.1304
 84 100  0.0000  0.0000 16.1088
 92 100 -0.0373 -1.3657  8.2581
100 100 -0.1300 -0.0570 11.2314
108 100  0.0000  0.0000 13.5576
116 100  0.0000  0.0000  0.0000
124 100 -0.2780  0.1270 13.3759
132 100 -0.0270  0.6337 10.0420
140 100  1.3070 -0.0337 12.4709
148 100  0.0000  0.0000 11.1304
156 100  0.0000  0.0000 11.1304
164 100  0.0000  0.0000 11.1304
172 100 -0.2780 -0.1270 13.3759
180 100  0.0000  0.0000  0.0000
188 100  0.0000  0.0000 16.1088
196 100  0.0000  0.0000 11.1304
204 100  0.0000  0.0000 12.0455
212 100  0.0000  0.0000  0.0000
220 100  0.0000  0.0000 11.1304
228 100  0.0000  0.0000 11.1304
236 100  0.0000  0.0000 11.1304
244 100  0.0000  0.0000 11.1304
252 100  0.0000  0.0000 16.1088
260 100  0.0000  0.0000  0.0000
268 100  0.3468 -0.5000 10.2045
276 100  0.0000  0.0000 11.1304
284 100  0.0000  0.0000 16.1088
292 100  0.0000  0.0000 16.1088
  4 108  0.0000  0.0000 11.1304
 12 108  0.0000  0.0000  0.0000
 20 108  0.0000  0.0000 16.1088
 28 108  0.0000  0.0000  0.0000
 36 108  0.0000  0.0000 11.1304
 44 108  0.0000  0.0000 16.1088
 52 108  0.0000  0.0000 11.9011
 60 108  0.0000  0.0000 16.1088
 68 108  0.0000  0.0000  0.0000
 76 108  0.0000  0.0000  0.0000
 84 108  0.0000  0.0000  0.0000
 92 108  0.0000  0.0000 16.9590
100 108 -1.0000  0.0640 12.3173
108 108  0.0000  0.0000 13.3260
116 108  0.0000  0.0000 11.1304
124 108  0.1871  0.0899 11.3058
132 108  0.0000  0.0000 10.1191
140 108  0.0000  0.0000 12.0628
148 108 -0.2849 -0.5000 13.1959
156 108  0.0000  0.0000  0.0000
164 108  0.0000  0.0000  0.0000
172 108  0.0698  0.2911 10.5124
180 108  0.0000  0.0000  0.0000
188 108  0.0000  0.0000  0.0000
196 108  0.0000  0.0000  0.0000
204 108  0.0000  0.0000  0.0000
212 108  0.0000  0.0000 11.9011
220 108  0.0000  0.0000  8.5018
228 108  0.4043 -0.4043  8.0000
236 108  0.0000  0.0000 11.1304
244 108  0.0000  0.0000  0.0000
252 108  0.0000  0.0000 11.1304
260 108  0.0000  0.0000 11.1304
268 108  0.0000  0.0000 20.7059
276 108 -0.1215 -0.1200 17.1775
284 108 -0.5000  0.0000  8.8276
292 108  0.0000  0.0000  0.0000
  4 116  0.0000  0.0000 11.1304
 12 116 -0.1953  0.0423  8.7154
 20 116 -0.0123  0.0551 12.5773
 28 116  0.0000  0.0000 10.6090
 36 116  0.0000  0.0000  0.0000
 44 116  0.0000  0.0000 11.1304
 52 116  0.2907 -0.0403 10.5761
 60 116  0.0000  0.0000 17.7968
 68 116  0.2780  0.1270 13.3759
 76 116  0.0000  0.0000 16.1088
 84 116  0.0000  0.0000  0.0000
 92 116  0.0433  0.1120 13.5925
100 116  1.3070 -0.0337 12.4709
108 116  0.0000  0.0000 14.5615
116 116  0.0000  0.0000 12.3458
124 116  0.0000  0.0000 16.1088
132 116  2.5000 -0.5000  7.6040
140 116  0.0000  0.0000 11.1304
148 116  0.0000  0.0288  9.8239
156 116  0.0000  0.0000  0.0000
164 116  0.0000  0.0000  0.0000
172 116  0.0000  0.0000  9.2850
180 116  0.0000  0.0000  0.0000
188 116  0.0000  0.0000  0.0000
196 116  0.0000  0.0000  0.0000
204 116  0.0000  0.0000  0.0000
212 116  0.0000  0.0000  0.0000
220 116  0.0000  0.0000  0.0000
228 116  0.0000  0.0000 16.1088
236 116  0.0000  0.0000 11.1304
244 116  0.0000  0.0000 11.1304
252 116  0.0000  0.0000 11.1304
260 116  0.0000  0.0000 11.1304
268 116  0.0000  0.0000  0.0000
276 116  0.0000  0.0000  0.0000
284 116  0.0000  0.0000 16.1088
292 116  0.1841  0.0418 12.3683
  4 124  0.0000  0.3734  5.9535
 12 124 -0.0978  0.0235  7.4517
 20 124  0.0000  0.0000  7.3911
 28 124  0.0000  0.0000 16.1088
 36 124  0.0000  0.0000 10.1261
 44 124 -0.0907  0.0281 11.9426
 52 124  0.0000  0.0000 11.1304
 60 124  0.0607  0.3079  8.0113
 68 124  0.0000  0.0000  7.1785
 76 124 -0.5000  0.0000  8.8276
 84 124  0.0152  0.0197 12.1354
 92 124  0.0770 -0.1740 10.2774
100 124  0.0000  0.0000 13.3565
108 124  0.0000  0.0000 11.1304
116 124  0.0000  0.0000 16.1088
124 124  0.0000  0.0000 11.1304
132 124 -0.5000  1.0000  7.4357
140 124  0.0000  0.0000  0.0000
148 124  0.0000  0.0000  0.0000
156 124  0.0000  0.0000 11.1304
164 124  0.0000  0.0000  0.0000
172 124 -1.0000  0.0000  8.2581
180 124  0.0000 -0.5000  4.0635
188 124  0.0000  0.0000  0.0000
196 124  0.0000  0.0000  0.0000
204 124  0.0000  0.0000  0.0000
212 124  0.0000  0.0000  0.0000
220 124  0.0000  0.0000  0.0000
228 124  0.0000  0.0000  0.0000
236 124  0.0000  0.0000 11.1304
244 124  0.0000  0.0000 11.1304
252 124  0.0000  0.0000  0.0000
260 124  0.0000  0.0000 11.1304
268 124  0.0000  0.0000 16.1088
276 124  0.0000  0.0000 11.1304
284 124  0.0000  0.0000 16.1088
292 124  0.0000  0.0000 16.1088
  4 132 -0.0178  0.0061  9.6888
 12 132  0.0052  0.0159 10.9105
 20 132  0.0000  0.0000 16.1088
 28 132  0.0000  0.0000 13.3565
 36 132 -0.1897  0.0000 13.4998
 44 132  0.0000  0.0000  0.0000
 52 132  0.0000  0.0000  0.0000
 60 132  0.0000  0.0000 17.2172
 68 132 -0.1024  0.0871  6.8521
 76 132  0.0000  0.0000 10.2400
 84 132  0.0000  0.0000 12.8819
 92 132  0.0000  0.0000 10.2729
100 132  0.1244 -0.0375 16.8192
108 132  0.0000  0.0000 11.1304
116 132  0.0000  0.0000 13.1641
124 132 -0.5000  0.0000 11.1304
132 132  0.0000  0.0000  0.0000
140 132  0.1068  0.3135 15.1963
148 132  0.0000  0.0000  0.0000
156 132  0.0000  0.0000  0.0000
164 132  0.0000  0.0000 11.1304
172 132  0.0000  0.0000  0.0000
180 132  0.0000  0.0000  4.0635
188 132  0.0000  0.0000  0.0000
196 132  0.0000  0.0000  0.0000
204 132  0.0000  0.0000  0.0000
212 132  0.0000  0.0000  0.0000
220 132  0.0000  0.0000  0.0000
228 132  0.0000  0.0000  0.0000
236 132  0.0000  0.0000 16.1088
244 132  0.0000  0.0000 16.1088
252 132  0.0000  0.0000 11.1304
260 132  0.0000  0.0000 11.1304
268 132  0.0000  0.0000  8.8276
276 132  0.0000  0.0000  0.0000
284 132  0.0000  0.0000  8.2581
292 132  0.0000  0.0000  0.0000
  4 140  0.0000  0.0000 11.1304
 12 140  0.0000  0.0000 12.0455
 20 140  0.0000  0.0000  0.0000
 28 140  0.0000  0.0000  0.0000
 36 140  0.0000  0.0000  0.0000
 44 140  0.0000  0.0000 11.1304
 52 140  0.0000  0.0000 11.1304
 60 140  0.1912  0.0000 12.4272
 68 140  0.0000  0.0000 11.1304
 76 140  4.5000 -0.5000  4.0635
 84 140 -1.3070  0.0337 12.4709
 92 140  0.0000  0.0000 16.1088
100 140  0.0000  0.0000  8.8276
108 140  0.0000  0.0000  0.0000
116 140  0.0000  0.0000 11.1304
124 140  0.0000  0.0000 12.0628
132 140  0.0000  0.0000  0.0000
140 140  0.0000  0.0000 11.1304
148 140  0.0000  0.0000 11.1304
156 140  0.0000  0.0000  0.0000
164 140  0.0000  0.0000 12.0628
172 140  0.0000  0.0000 11.1304
180 140  0.0000  0.0000  0.0000
188 140  0.0000  0.0000  0.0000
196 140  0.0000  0.0000  0.0000
204 140  0.0000  0.0000 11.1304
212 140  0.0000  0.0000 11.1304
220 140  0.0000  0.0000  8.8276
228 140  0.0000  0.0000 16.1088
236 140  0.0000  0.0000 11.1304
244 140  0.0000  0.0000  0.0000
252 140  0.0000  0.0000  0.0000
260 140  0.0000  0.0000  0.0000
268 140  0.0000  0.0000 11.1304
276 140  0.0000  0.0000 11.1304
284 140  0.0000  0.0000 16.1088
292 140  0.0000  0.0000  0.0000
  4 148  0.0000  0.0000 19.1045
 12 148  0.1721 -0.0287 10.0000
 20 148  0.1011  0.1740 10.5700
 28 148  0.0000  0.0000 11.1304
 36 148  0.0000  0.0000  0.0000
 44 148  0.0000  0.0000  0.0000
 52 148  0.0000  0.0000 11.1304
 60 148  0.0418 -0.1521 12.6567
 68 148  0.0000  0.0000  8.8276
 76 148 -0.1151 -0.1151 16.5161
 84 148  0.0000  0.0000  0.0000
 92 148  0.2917  0.0000 11.1304
100 148 -0.1121  0.1769  4.0635
108 148  0.0000  0.0000  0.0000
116 148  0.0000  0.0000 11.1304
124 148  0.1960  0.0000 11.1304
132 148  0.0000  0.0000  0.0000
140 148  0.0000 -0.5000  8.8276
148 148  0.0000  0.0000 16.1088
156 148 -0.5000  0.0000 11.1304
164 148 -0.4681  0.0000  9.5738
172 148  0.0000  0.0000  0.0000
180 148  0.0000  0.0000  0.0000
188 148  0.0000  0.0000  8.4768
196 148  0.0000  0.0000 11.1304
204 148     NaN  0.0000 17.0667
212 148  0.0000  0.0000 17.2183
220 148  0.0000  0.0000 11.1304
228 148  0.0000  0.0000 11.1304
236 148  0.0000  0.0000 11.1304
244 148  0.0000  0.0000 11.1304
252 148  0.0000  0.0000  0.0000
260 148  1.3070 -0.0337 12.4709
268 148  0.0000  0.0000  0.0000
276 148  0.0000  0.0000  0.0000
284 148  0.0000  0.2917 11.1304
292 148  0.2743 -0.0236 10.8782
  4 156  0.0000  0.0000  0.0000
 12 156  0.0000  0.0000  0.0000
 20 156 -0.0698  0.2911 10.5124
 28 156 -1.0492  0.0305 12.6667
 36 156  0.0000  0.0000  0.0000
 44 156  0.0000  0.0000  0.0000
 52 156  5.1203 -0.5000  5.4468
 60 156  0.0000  0.0000 17.2183
 68 156  0.0000  0.0000 11.1304
 76 156  0.0000  0.0000  8.2581
 84 156  0.0000  0.0000 16.1088
 92 156  0.0000  0.0000 11.1304
100 156  0.2780 -0.1270 13.3759
108 156  0.0000 -0.1760 15.0588
116 156  0.0000  0.0000 16.1088
124 156  0.0000  0.0000 12.0628
132 156  0.0000  0.0000  0.0000
140 156 -0.0418  0.1521 12.6567
148 156  0.0000  0.0000 11.1304
156 156  0.0000  0.0000 11.1304
164 156 -1.0000  0.0000  8.2581
172 156  0.0000  0.0000  8.8276
180 156  0.0000  0.0000  4.0635
188 156  0.0000  0.0000  0.0000
196 156  0.0000  0.0000  0.0000
204 156  0.0000  0.0000 11.1304
212 156 -0.1068 -0.3135 15.1963
220 156  0.0000  0.0000 19.4783
228 156  0.0000  0.0000  0.0000
236 156  0.1556  0.0000 12.2969
244 156  0.0000 -0.5000  4.0635
252 156  0.0000  0.0000  0.0000
260 156  0.0000  0.0000  0.0000
268 156  0.0000  0.0000  6.8903
276 156  0.0000  0.0000  0.0000
284 156  0.0000  0.0000  0.0000
292 156  0.0000  0.0000  0.0000
  4 164  0.0000  0.0000  0.0000
 12 164  0.5000  0.0000 11.1304
 20 164  1.5000  0.0000  8.2581
 28 164  0.0000  0.0000  0.0000
 36 164  0.0303 -0.0576  7.3171
 44 164  0.0000  0.0000 12.8574
 52 164  0.0000  0.0000  0.0000
 60 164 -0.0358  0.0000  8.9158
 68 164  0.5866  0.0000 10.2128
 76 164  0.0381  0.0604 10.1086
 84 164  0.0000  0.0000  0.0000
 92 164  0.0000  0.0000 11.1304
100 164  0.0000  0.0000  0.0000
108 164  0.0000  0.0000  0.0000
116 164  0.0000  0.0000 11.1304
124 164  0.0000  0.0000 10.9491
132 164  0.0000  0.0000 11.1304
140 164  0.0000  0.0000 16.1088
148 164  0.0000  0.0000 11.1304
156 164  0.0000  0.0000  0.0000
164 164  0.0000  0.0000  0.0000
172 164  0.0190  0.1576 12.4836
180 164  0.0000  0.0000  0.0000
188 164  0.0000  0.0000  0.0000
196 164  0.0000  0.0000 16.1088
204 164 -1.5000  0.0000  8.2581
212 164  0.0000  0.0000  8.8276
220 164  0.0000  0.0000 11.1304
228 164  0.0000  0.0000 13.5576
236 164 -0.5000  0.0000 11.1304
244 164  0.5000  0.0000 11.1304
252 164  0.0000  0.0000 11.1304
260 164  0.0000  0.0000 17.2183
268 164 -1.1838 -0.5000  7.5779
276 164  0.0000  0.0000  0.0000
284 164  0.0000  0.0000  0.0000
292 164  0.0000  0.0000  0.0000
  4 172  0.0000  0.0000  0.0000
 12 172  0.2780 -0.1270 13.3759
 20 172  0.0000  0.0000 16.1088
 28 172  0.0000  0.0000 16.1088
 36 172  0.0000  0.0000 16.1088
 44 172  0.0000  0.0000  8.4253
 52 172  0.0000 -0.0535 10.0787
 60 172  0.0000  0.0000 16.1088
 68 172  0.0000  0.0000 11.1304
 76 172  0.0000  0.0000 16.7450
 84 172 -0.5000  0.0000  8.2581
 92 172  0.0000 -0.5000  8.8276
100 172  0.0000  0.0000 11.1304
108 172  0.0000  0.0000  0.0000
116 172  0.0000  0.0000 11.1304
124 172  0.0000  0.0000 11.1304
132 172  0.0000  0.0000  0.0000
140 172  0.0000  0.0000 11.1304
148 172  0.0000  0.0000 11.1304
156 172 -0.5000 -0.5000  4.0635
164 172  0.0000  0.0000  0.0000
172 172 -0.0072 -0.1303 12.0487
180 172  0.0000  0.0000 11.1304
188 172  0.0000  0.0000  0.0000
196 172  0.0000 -0.2552 13.6345
204 172  0.0000  0.0000 11.1304
212 172  0.0000  0.0000  0.0000
220 172  0.0000  0.0000 16.1088
228 172  0.0000  0.0000  0.0000
236 172  0.0000  0.0000 13.0803
244 172  0.0000  0.0000  0.0000
252 172  0.0000  0.0000 11.1304
260 172  0.0000  0.0000 11.1304
268 172  0.0000  0.0000 11.1304
276 172  0.0000  0.0000  0.0000
284 172  0.0000  0.0000  0.0000
292 172  0.0000  0.0000  0.0000
  4 180  0.0000  0.0000  8.8276
 12 180  0.0000  0.0000 12.0628
 20 180  0.0000  0.0000 11.1304
 28 180  0.0000  0.0000  8.8276
 36 180  0.0000 -0.5000  8.8276
 44 180  0.0000  0.0000  0.0000
 52 180  0.0000  0.0000  0.0000
 60 180  0.0000  0.0000  0.0000
 68 180 -0.2780  0.1270 13.3759
 76 180  0.0000  0.0000  0.0000
 84 180  0.0000  0.0000 16.1088
 92 180  0.0000  0.0000 12.3458
100 180  0.0000  0.0000  0.0000
108 180  0.0000  0.0000 16.1088
116 180  2.5000  0.0000  8.8276
124 180  0.0000  0.0000 16.1088
132 180  0.0000  0.0000 11.1304
140 180  0.0000  0.0000 11.1304
148 180  0.0000  0.0000  0.0000
156 180  0.0000  0.0000  0.0000
164 180  0.0000  0.0000  0.0000
172 180 -0.2190  0.0000 14.2009
180 180  0.0000  0.0000 16.1088
188 180  0.0000  0.0000  0.0000
196 180  0.0000  0.0000 12.0628
204 180  0.0000  0.0000  0.0000
212 180 -0.1546  0.0660 18.6254
220 180  0.0000  0.0000 17.2183
228 180  0.0000  0.0000  0.0000
236 180  0.0000  0.0000 12.0628
244 180  0.0000  0.0000  0.0000
252 180  0.0000  0.0000  0.0000
260 180  0.0000  0.0000 11.1304
268 180  0.0000  0.0000 11.1304
276 180  0.0000  0.0000 11.1304
284 180  0.0000  0.0000  0.0000
292 180  0.0000  0.0000 11.1304
  4 188  0.0000  0.0000  0.0000
 12 188  0.0000  0.0000 12.0628
 20 188  0.0000 -0.5000  8.8276
 28 188  0.0000  0.0000 16.1088
 36 188  4.5000 -0.5000  4.0635
 44 188  0.0000  0.0000  0.0000
 52 188  0.0000  0.0000 11.1304
 60 188  0.0000  0.0000  8.9154
 68 188  0.0000  0.0000 17.2183
 76 188  0.0000  0.0000  8.8276
 84 188  0.0000  0.0000  9.2850
 92 188  0.0000  0.0000  0.0000
100 188  0.0000  0.0000  0.0000
108 188  0.0000  0.0000 12.0455
116 188  0.0000  0.0000  0.0000
124 188  0.0000  0.0000  0.0000
132 188  0.0000  0.0000 11.1304
140 188  0.0000  0.0000  0.0000
148 188  0.0000  0.0000  0.0000
156 188  0.0000  0.0000 11.1304
164 188  0.0000  0.0000  8.0688
172 188  0.0000  0.0000  9.1555
180 188  0.0000  0.0000 11.1304
188 188  0.0000  0.0000  0.0000
196 188  0.0000  0.0000 13.1641
204 188  0.0000  0.0000  8.4768
212 188  0.0610 -0.5000  7.7665
220 188  0.0000  0.0000 11.1304
228 188  0.0000  0.0000 16.1088
236 188  0.0000  0.0000 11.1304
244 188  0.0000  0.0000  0.0000
252 188  0.0000  0.0000  0.0000
260 188  0.0000  0.0000  0.0000
268 188  0.0000  0.0000  0.0000
276 188  0.0000  0.0000  0.0000
284 188  0.0000  0.0000 11.1304
292 188  0.0000  0.0000  0.0000
  4 196  0.0000  0.0000 11.1304
 12 196  0.1008 -0.0843 14.9901
 20 196  0.0588  0.1540 12.1232
 28 196  0.0000  0.0000  0.0000
 36 196  0.0000  0.0000  0.0000
 44 196  0.0000  0.0000  0.0000
 52 196  0.0000  0.0000 11.1304
 60 196  0.0000  0.0000  0.0000
 68 196  0.0000  0.0000 17.2183
 76 196  0.0000  0.0000 11.1304
 84 196 -0.2483 -0.1160  9.3535
 92 196  0.0000  0.0000  0.0000
100 196  0.0000  0.0000 19.1045
108 196  0.0000  0.0000 11.1304
116 196  0.0000  0.0000  0.0000
124 196  0.0000  0.0000  0.0000
132 196  0.0000  0.0000 11.1304
140 196  0.0000  0.0000  0.0000
148 196  0.0000  0.0000  0.0000
156 196  2.5000  0.0000  8.8276
164 196  2.5000  0.0000  8.8276
172 196  0.0000  0.0000 10.3926
180 196  0.0000  0.0000  0.0000
188 196  0.0000  0.0000  0.0000
196 196  0.0000  0.0000  0.0000
204 196  0.0000  0.0000 16.1088
212 196 -0.1151  0.1151 16.5161
220 196  0.4043 -0.4043  8.0000
228 196 -1.5000  0.0000  8.2581
236 196 -0.1960  0.0000 11.1304
244 196  0.0000  0.0000  0.0000
252 196  0.0000  0.0000  0.0000
260 196  0.0000  0.0000 11.1304
268 196  0.0000  0.0000  0.0000
276 196  0.0000  0.0000  0.0000
284 196  0.0000  0.0000  0.0000
292 196  0.0000  0.0000 11.1304
  4 204 -0.1393 -0.0603 22.4709
 12 204 -0.2211 -0.2879  7.8943
 20 204  0.0000  0.0000  8.2581
 28 204  0.0000  0.0000 11.1304
 36 204  0.0000  0.0000 11.1304
 44 204  0.0000  0.0000 11.1304
 52 204  0.0000  0.0000 11.1304
 60 204  0.0000  0.0000  8.8276
 68 204  0.2780 -0.1270 13.3759
 76 204  0.0000  0.0000 12.0628
 84 204  0.0000  0.0000 22.2609
 92 204  0.0000  0.0000 11.1304
100 204  0.0000  0.0000 17.2183
108 204  0.0000  0.0000  0.0000
116 204  0.0000  0.0000  0.0000
124 204  0.0000  0.0000  0.0000
132 204  0.0000  0.0000  0.0000
140 204  0.0000  0.0000  0.0000
148 204  0.0000  0.0000 11.1304
156 204 -0.5000 -0.5000  4.0635
164 204 -0.2414  0.0000 11.1304
172 204 -0.1960 -0.5000 11.1304
180 204  0.5000  0.0000 11.1304
188 204  0.0000  0.0000  0.0000
196 204  0.0000  0.0000  0.0000
204 204  0.0000  0.0000 16.1088
212 204 -0.5000  0.1588 10.5785
220 204  0.0000  0.0000 11.1304
228 204  0.0000  0.0000 11.1304
236 204  0.0000  0.0000  9.2850
244 204  0.0000  0.0000 11.1304
252 204  0.0000  0.0000  0.0000
260 204  0.0000  0.0000  0.0000
268 204  0.0000  0.0000  0.0000
276 204  0.0000  0.0000  0.0000
284 204  0.0000  0.0000 11.1304
292 204     NaN -0.5000  8.5018
  4 212  0.0672  0.0000  9.3177
 12 212  0.0000  0.0000 11.1304
 20 212  0.0000  0.0000 16.1088
 28 212 -0.4043  0.4043  8.0000
 36 212  0.0000  0.0000 16.1088
 44 212  0.0000  0.0000 11.1304
 52 212  0.5000  0.0000  8.4768
 60 212  0.1841 -0.0418 12.3683
 68 212  0.0000  0.0000 11.9011
 76 212  0.0000  0.0000 13.5576
 84 212  0.0000  0.0000 11.1304
 92 212  0.0000  0.0000  0.0000
100 212  0.0000  0.0000  0.0000
108 212 -0.3103 -0.1925  7.4960
116 212  0.0000  0.0000  0.0000
124 212  0.0000  0.0000  0.0000
132 212  0.0000  0.0000 11.1304
140 212  0.0000  0.0000  0.0000
148 212 -0.5000  0.0000  8.8276
156 212 -0.5000  0.0000  8.8276
164 212  0.0000  0.0000  0.0000
172 212  0.0000  0.0000 13.5576
180 212  0.0000  0.0000 12.0628
188 212  0.0000  0.0000  0.0000
196 212  0.0000  0.0000  0.0000
204 212  0.0000  0.0000  0.0000
212 212  0.0000  0.0000 11.1304
220 212  0.0000  0.0000 16.1088
228 212  0.0000  0.0000  0.0000
236 212 -0.2749  0.0000  8.5018
244 212  0.0000  0.0000 11.1304
252 212  0.0000  0.0000  8.2581
260 212  0.0000  0.0000  0.0000
268 212  0.0000  0.0000  0.0000
276 212  0.0000  0.0000  0.0000
284 212  0.0000  0.0000  0.0000
292 212  0.0000  0.0000  0.0000
  4 220 -0.1068 -0.3135 15.1963
 12 220  0.0000  0.0000  0.0000
 20 220  0.0000  0.0000  0.0000
 28 220 -0.1960  0.0000 11.1304
 36 220  0.0000  0.0000 11.1304
 44 220  0.0000  0.0000  0.0000
 52 220 -0.1841  0.0418 12.3683
 60 220 -0.3610  0.3610  5.9535
 68 220  0.0000  0.0000  0.0000
 76 220  0.0000  0.0000  0.0000
 84 220  0.0000  0.0000  0.0000
 92 220  0.0000  0.0000 11.1304
100 220  0.0000  0.1063  6.9728
108 220  0.0000  0.0000 19.1045
116 220  0.0000  0.0000  0.0000
124 220  0.0000  0.0000  0.0000
132 220  0.0000  0.0000  0.0000
140 220  0.0000  0.0000 11.1304
148 220  0.0000  0.0000  5.4468
156 220  0.0000  0.0000  0.0000
164 220  0.0000  0.0000  0.0000
172 220  0.0000  0.0000 17.0667
180 220  0.0000  0.0000 12.0455
188 220  0.0000  0.0000  0.0000
196 220  0.0000  0.0000  0.0000
204 220  0.0000  0.0000  0.0000
212 220  0.0000  0.0000  0.0000
220 220  0.0000  0.0000  0.0000
228 220  0.0000  0.0000  0.0000
236 220 -0.2769  0.0575 10.2185
244 220  0.0677  0.2414 11.7124
252 220  0.0000  0.0000  0.0000
260 220  0.0000  0.0000 11.1304
268 220  0.0000  0.0000  0.0000
276 220  0.0000  0.0000  0.0000
284 220  0.0000 -0.5000  8.8276
292 220  0.0000  0.0000 16.1088
