VARIABLES= "X pix", "Y pix", "U pix/dt", "V pix/dt", "CHC", ZONE I=28, J=37
  4   4  0.0000  0.0454 12.3732
 12   4  0.0000  0.0000 10.9708
 20   4  0.0000  0.0000 11.0456
 28   4  0.0000  0.0000 11.0456
 36   4  0.0000  0.0000 11.1505
 44   4  0.0000  0.0145 11.0935
 52   4  0.0000  0.0000  9.3411
 60   4  0.0540  0.0089  9.4086
 68   4  0.0000  0.0000 10.1657
 76   4  0.0000  0.0000 11.1505
 84   4  0.0000  0.0000 10.9734
 92   4  0.0000  0.0000 11.0456
100   4  0.0000  0.0000 11.8646
108   4  0.0000 -0.0081 11.8081
116   4  0.0000  0.0000 12.9928
124   4  0.0000  0.0000 12.9928
132   4  0.0000 -0.0290 12.4407
140   4  0.0000  0.0000 11.9577
148   4 -0.0194  0.0053 12.9756
156   4  0.0000 -0.0081 11.8081
164   4  0.0000  0.0000 11.7754
172   4  0.0000  0.0000 11.9577
180   4  0.0529 -0.0081 11.8512
188   4  0.0000  0.0000 12.6664
196   4  0.0000  0.0000 11.9407
204   4  0.0000  0.0000 12.0698
212   4  0.0064  0.0032 12.0679
220   4 -0.0407 -0.0279 11.9491
228   4 -0.0157 -0.0103 10.5440
236   4 -0.0328 -0.0461  8.1510
244   4  0.0000  0.0000 10.9824
252   4 -0.0750  0.0389 12.3846
260   4  0.0000  0.0000 12.5119
268   4  0.0000  0.0000 13.0803
276   4  0.0000  0.0000 16.1251
284   4  0.0000  0.0000 16.1251
292   4  0.0000  0.0000 12.0755
  4  12  0.0000  0.0000  7.6910
 12  12  0.0000  5.5000  4.0635
 20  12  0.0000  0.0000  8.2581
 28  12 -0.0786 -0.3659 12.9293
 36  12  0.0000 -0.5000  8.2581
 44  12 -0.0825  3.6805  4.7533
 52  12  0.0000 -0.8040 11.1304
 60  12  0.0000  0.5000 11.1304
 68  12 -0.0462 -0.5409 12.8669
 76  12 -0.1517 -0.1234 10.1631
 84  12 -0.1927 -0.0306 10.2915
 92  12  0.0000  0.0000 13.0803
100  12  0.0000 -0.0266 11.0910
108  12  0.0394 -0.0858  9.4774
116  12  0.0000  0.3054  9.2086
124  12  0.0037  0.1450  9.6492
132  12  0.0000  0.2364  9.1133
140  12  0.0000 -0.2704  8.2581
148  12  0.1992 -0.0312  8.8460
156  12  0.0000  0.1777  7.4923
164  12 -0.0155 -0.3174  9.7181
172  12 -0.1374 -0.1105 10.4176
180  12 -0.0220 -0.3717  8.0959
188  12 -0.0241 -0.4265  7.6891
196  12  0.0118 -0.1814  6.9984
204  12 -0.1161 -0.0623 10.4516
212  12  0.0298  0.0780  7.9465
220  12 -0.1735 -0.0696  7.6587
228  12 -0.0075 -0.2084  6.3267
236  12  0.0000 -0.1605  6.7505
244  12 -0.0147 -0.1741  7.2003
252  12 -0.0895  0.2226  7.2918
260  12 -0.0566 -0.0861  7.9184
268  12  0.0760 -0.1478  7.4489
276  12  0.0036 -0.0482  8.5723
284  12 -0.0084 -0.1709  8.8123
292  12  0.0000  0.0000  9.4550
  4  20 -0.0201  0.0175 15.9724
 12  20 -0.0040  0.1273 13.8054
 20  20  0.0225  0.0492 10.6611
 28  20  0.0000  0.0453 10.0203
 36  20  0.0577 -0.0144 10.0064
 44  20  0.0000  0.0360  9.2511
 52  20  0.0000 -0.0986  9.2150
 60  20 -0.0041 -0.0095 10.1243
 68  20 -0.0023 -0.0637 10.1803
 76  20 -0.0328 -0.0130 10.5157
 84  20 -0.0007 -0.0804  9.3321
 92  20  0.0202  0.0229 13.8343
100  20 -0.0467 -0.0386 16.4493
108  20  0.0057 -0.0219 12.5168
116  20  0.0104  0.0021 10.3705
124  20 -0.0437 -0.0144 10.5846
132  20  0.0142  0.0103 11.9307
140  20  0.0108  0.0310 14.5602
148  20  0.0290  0.0339 17.2887
156  20 -0.0162 -0.0251 14.9772
164  20  0.0155 -0.0033 25.7005
172  20  0.0432  0.0588 24.2982
180  20 -0.0984  0.2124 22.5521
188  20  0.0595  0.1526 18.0094
196  20 -0.0089  0.0860 14.9854
204  20 -0.0095 -0.0691 11.8795
212  20 -0.0148 -0.1014  9.9241
220  20 -0.0641 -0.1984 17.1786
228  20 -0.0404 -0.0543 18.4928
236  20 -0.0376  0.0278 15.0300
244  20 -0.0248 -0.0379 21.1602
252  20  0.0708 -0.0265 29.0230
260  20  0.0287 -0.1110 20.3241
268  20  0.0031 -0.0256 15.4417
276  20 -0.0563 -0.0452 23.0541
284  20  0.1044  0.0048 11.4949
292  20 -0.2627 -0.0052  9.9806
  4  28 -0.0139  0.0003 14.6623
 12  28 -0.0073  0.0013 18.7454
 20  28 -0.0103 -0.0340 15.2565
 28  28  0.0099  0.0156 10.7863
 36  28 -0.0052 -0.0014  9.3741
 44  28 -0.0002 -0.0008  9.4963
 52  28  0.0000  0.0000  8.9125
 60  28  0.0000  0.0174  8.4290
 68  28  0.0153  0.0006 10.2790
 76  28  0.0020 -0.0047  8.3161
 84  28  0.0000  0.0000  7.6704
 92  28  0.0047  0.0232  8.8812
100  28  0.0015 -0.0163  9.8905
108  28  0.0342  0.0626  7.9257
116  28 -0.0056  0.0190  7.9669
124  28  0.0294 -0.0207  7.1651
132  28 -0.0307  0.0078  6.7338
140  28 -0.0198  0.0230  7.0430
148  28 -0.0127 -0.0083 13.8470
156  28  0.0368  0.0044 21.5731
164  28 -0.0246  0.0036 19.6659
172  28  0.0288 -0.0290 12.6997
180  28  0.0005  0.0389  6.8777
188  28 -0.0134  0.0150  6.7550
196  28  0.0008  0.0050  6.8811
204  28  0.0143 -0.0104  7.2291
212  28  0.0044  0.0240  7.1632
220  28 -0.0059  0.0139  6.7671
228  28  0.0156 -0.0160  6.8766
236  28  0.0031 -0.0255  7.3512
244  28  0.0028  0.0244  9.3711
252  28 -0.0150  0.0266  9.7049
260  28  0.0128  0.0164 11.2509
268  28  0.0077  0.0139  8.9867
276  28  0.0020 -0.0059  7.9866
284  28 -0.0020  0.0001  8.5112
292  28 -0.0027  0.0193  8.2572
  4  36  0.0000 -0.0000  8.8508
 12  36  0.0632 -0.1125  6.5678
 20  36 -0.0426 -0.0553  6.6533
 28  36  0.0309 -0.1396 10.7481
 36  36  0.1788 -0.0170 14.2824
 44  36  0.0000  0.0000 15.2515
 52  36  0.0000  0.0000 13.6955
 60  36  0.0000  0.0000 15.9971
 68  36  0.0780 -0.0120 12.3637
 76  36  0.0000  0.0000 11.7115
 84  36 -0.0000  0.0000  7.8113
 92  36  0.0843 -0.0569  8.3733
100  36 -0.1863  0.1632 10.5081
108  36  0.0000  0.5000  6.2439
116  36 -0.3296 -0.3382 10.0112
124  36  0.0000  0.0000  0.0000
132  36  0.0000  0.0000  0.0000
140  36 -0.0724  0.2159 12.5479
148  36  0.0015  0.0065 13.9804
156  36 -0.0126 -0.0128 11.7288
164  36  0.0287 -0.0040 11.4041
172  36  0.0270  0.0151 10.8614
180  36 -0.0345 -0.0429  8.8944
188  36  0.0160  0.0808  9.7706
196  36 -0.0079  0.0052 10.5138
204  36 -0.0773  0.0000 12.5418
212  36  0.0000  0.0000 12.2639
220  36  0.0000  0.0000 12.2639
228  36  0.0000 -0.2658 11.4828
236  36  0.1433 -0.0545 14.8722
244  36  0.0917 -0.0645 10.0031
252  36  0.0000  0.0000 10.8982
260  36 -0.1091  0.0997 13.3305
268  36 -0.1187 -0.0724 13.5347
276  36  0.0000 -0.2459 12.3586
284  36 -0.0283 -0.0996 16.1756
292  36  0.0927 -0.0282 18.7884
  4  44  0.3882  0.1584 15.1679
 12  44 -0.0516  0.0306 18.5902
 20  44  0.1881 -0.1170 13.0894
 28  44  0.0000  0.0000 10.3707
 36  44 -0.0088  0.2185  8.7390
 44  44 -0.0190 -0.0156  7.9947
 52  44  0.0000 -0.0859 13.4737
 60  44  0.0000  0.0000  0.0000
 68  44  0.0000  0.0000  0.0000
 76  44  0.0000  0.0000  0.0000
 84  44  0.0000  0.0000  0.0000
 92  44  0.0000  0.0000 12.0455
100  44 -0.1960  0.0000 11.1304
108  44 -0.3604 -1.5662 10.1141
116  44  1.0492 -0.0305 12.6667
124  44  0.1180 -0.5000  9.2850
132  44  0.0000  0.0000 11.1304
140  44 -0.1113  0.0359  5.6219
148  44 -0.0071  0.0101 13.0669
156  44 -0.0191  0.0161 11.3365
164  44  0.0078 -0.0015 12.3847
172  44  0.0265 -0.0097  8.2538
180  44 -0.4293 -0.2821  9.7552
188  44  0.2514  0.0431 13.8541
196  44 -0.0140  0.1629 11.6263
204  44 -0.0940 -0.0164 10.3071
212  44  0.0777  0.0081 11.8254
220  44  0.0000  0.0000 12.4923
228  44 -0.0867 -0.0084 12.0592
236  44  0.0000  0.0000 10.1919
244  44  0.0385 -0.0424 13.7675
252  44  0.0159  0.0616 12.2061
260  44  0.0101 -0.0092 14.5144
268  44 -0.0669 -0.0062 15.9414
276  44  0.0194  0.2117 13.8246
284  44  0.0000 -0.1368  8.0688
292  44  0.0000  0.0122 10.3613
  4  52 -0.1189 -0.0473  7.7378
 12  52  0.3635 -0.0752  8.0842
 20  52  0.0000  0.0000  0.0000
 28  52  0.0000  0.0000  0.0000
 36  52  0.0000  0.0000  0.0000
 44  52  0.0000 -0.5000  8.8276
 52  52  0.0000  0.0000  8.2581
 60  52  0.0000  0.0000 11.1304
 68  52  0.0000  0.0000 11.1304
 76  52  0.0000  0.0000  0.0000
 84  52  0.0000  0.0000  0.0000
 92  52 -0.6755 -0.0095  7.2564
100  52  0.0000  0.1660 10.9688
108  52  0.0000  0.6844 12.9479
116  52 -0.1012  0.0458 14.0274
124  52  0.0000  0.0000 11.9011
132  52  0.0000  0.0000 16.1088
140  52 -0.4371 -0.2016  8.1387
148  52  0.0000  0.2973  8.5106
156  52 -0.1756  0.1040  8.8874
164  52 -0.0232 -0.1853 10.0112
172  52 -0.0728  0.0000  8.1769
180  52  0.0000  0.0000 11.1304
188  52  0.0000  0.0000 11.1304
196  52  0.0000  0.0000 11.1304
204  52  0.0000  0.0000  0.0000
212  52  0.0000  0.0000 11.1304
220  52  0.0000  0.0000  7.8087
228  52  0.2091  0.0458  8.0159
236  52  0.0000  0.0000  8.5951
244  52 -0.0596 -0.0548 12.2715
252  52  0.0000  0.0000  9.4928
260  52  0.0146 -0.1679  7.0644
268  52  0.0000  0.0000  8.8191
276  52  0.0000  0.0000 10.7394
284  52 -0.0232 -0.1750 12.5030
292  52  0.0000  0.0000 14.2841
  4  60  0.0000  0.0000  0.0000
 12  60  0.0000  0.0000 11.1304
 20  60  0.0000  0.0000  0.0000
 28  60  0.0000  0.0000  0.0000
 36  60  0.0000  0.0000  0.0000
 44  60  0.0000 -0.5000  8.8276
 52  60  0.0000  0.0000 12.0628
 60  60  0.0000  0.0000 16.9590
 68  60  0.0000  0.0000 16.2126
 76  60  0.0000  0.0000 12.4810
 84  60 -0.2229 -0.2905  9.8932
 92  60 -0.1655  0.0149 11.4168
100  60 -0.2039 -0.0689 13.5929
108  60 -0.1687 -0.2472  8.8627
116  60  0.0000  0.0000  6.8970
124  60  0.0000  0.0000 18.8048
132  60  0.0000  0.0000  8.0000
140  60  0.1513  0.2349  9.1202
148  60  0.0000  0.0000 13.5576
156  60  0.0000  0.0000 11.1304
164  60  0.0610 -1.0000  8.9210
172  60 -0.1960  2.5000 11.1304
180  60  0.0000  0.0000 11.1304
188  60  0.0000  0.0000 16.1088
196  60  0.0000  0.0000  0.0000
204  60  0.0000  0.0000 11.1304
212  60  0.0000  0.0000  0.0000
220  60  0.0000  0.0000  0.0000
228  60  0.0000  0.0000 11.1304
236  60  0.0596 -1.0000 13.1908
244  60  0.0000  0.4132  7.4854
252  60 -0.1963  0.5947  8.5906
260  60  0.2761 -0.0806  9.3746
268  60  0.0000  0.0000 12.8246
276  60 -0.2688 -0.0697  7.7691
284  60  0.0000  0.0000 11.1304
292  60  0.0000  0.1356  8.6646
  4  68  0.0000  0.0000 11.1304
 12  68  0.0000  0.0000  0.0000
 20  68  0.0000  0.0000  0.0000
 28  68  0.0000  0.0000  0.0000
 36  68 -0.3145 -1.6511  7.8160
 44  68  0.0000  0.0000 22.2609
 52  68  0.1922 -0.2385 15.9566
 60  68  0.0000  0.0000 12.0455
 68  68  0.0000  0.0000 11.9011
 76  68  0.0000  0.0000 17.0667
 84  68  0.0000  0.0000 10.6114
 92  68  0.0000  0.0000  0.0000
100  68  0.0000  0.0000  0.0000
108  68  0.0000  0.0000  0.0000
116  68  0.0000  0.0000 13.1641
124  68  0.0000  0.0000 12.0628
132  68  0.0000  0.0000 16.1088
140  68  0.0000 -0.1820 11.3219
148  68  0.0000  0.0000 12.0628
156  68  0.0000  0.0855 10.6035
164  68  0.0000  0.0000 16.1088
172  68  0.0000  0.0000 11.1304
180  68 -0.1313 -0.0812 16.9211
188  68 -1.5000  0.0000  8.2581
196  68  0.0000  0.0000  0.0000
204  68  0.0000  0.0000 11.1304
212  68  0.3290 -2.8274  8.0000
220  68  0.0000  0.0000 12.0628
228  68  0.0000  0.0000 11.1304
236  68  0.0000  0.0000  0.0000
244  68  0.0000  0.0000 11.1304
252  68  2.5000  0.1588 10.5785
260  68  0.0000  0.0000 16.1088
268  68  0.0000  0.0000 16.1088
276  68  0.0000  0.0000 12.8600
284  68  0.0000  0.0000 11.1304
292  68 -0.5000  0.0000  8.8276
  4  76  0.0000  0.0000  8.2581
 12  76 -0.1240 -0.0853  8.4164
 20  76  0.0000  0.0000  9.2237
 28  76  0.0000  0.0000 19.4783
 36  76 -0.3720 -0.0318 10.3075
 44  76  0.0000  0.0000  9.2086
 52  76  0.1639  0.1678  9.5458
 60  76  0.0561  0.2765  9.5419
 68  76  0.0000  0.0000  8.0000
 76  76  0.0000  0.0000 14.0146
 84  76  0.3604  0.1235 13.6655
 92  76  0.0000  0.0000  0.0000
100  76  0.0000  0.0000 11.1304
108  76  0.0000  0.0000 13.0803
116  76 -0.1562 -0.2821  7.0932
124  76  0.0000  0.0000 13.0803
132  76 -1.5000 -0.5000  7.4357
140  76  0.0000  0.0000  8.0190
148  76  0.0000  0.0000  0.0000
156  76  0.0000 -0.5000  8.9154
164  76  0.0000  0.0000 11.1304
172  76  0.0000  0.0000 16.1088
180  76  0.0000  0.0000 16.1088
188  76  0.0000  0.0000 16.1088
196  76  0.0000  0.0000  0.0000
204  76  0.0000  0.0000 11.1304
212  76  0.0000  0.0000  8.0000
220  76  0.0000  0.0000 16.1088
228  76 -0.0413  0.0000 13.2207
236  76  0.0000  0.0000 11.1304
244  76  0.0000  0.0000 16.1088
252  76  0.0000 -0.5000 11.1304
260  76  0.0000  0.0000  0.0000
268  76  0.0000  0.0000  0.0000
276  76  0.0000  0.0000 16.1088
284  76  0.0000  0.0000 11.9011
292  76  0.0000  0.0000 11.9011
  4  84 -0.1704 -0.0475 11.8660
 12  84  0.1155  0.2850  7.7488
 20  84 -0.0588  0.0906 10.3236
 28  84  2.0743 -1.8223 10.1677
 36  84  0.0000  2.5000  8.8276
 44  84 -0.2743 -0.0236 10.8782
 52  84  0.0000  0.0000 17.0667
 60  84  0.0000  0.0000  0.0000
 68  84  0.0000  0.0000 19.4783
 76  84  0.0000  0.0000  0.0000
 84  84  0.0000  0.0000 20.7059
 92  84  0.1841 -0.0418 12.3683
100  84  0.0000 -0.1960 11.1304
108  84  0.0000  0.0000  0.0000
116  84  0.0000  0.0000 10.9491
124  84  0.0000  0.0000 16.5552
132  84 -0.0539  0.0144  7.5657
140  84  0.0613 -0.5000 10.0641
148  84  0.0000  0.0000 13.5576
156  84  0.1068  0.5000 14.1617
164  84  0.0000  0.0000 11.1304
172  84  0.0000  0.0000 16.1088
180  84  1.0000  0.0000  8.2581
188  84  0.0000  0.0000  0.0000
196  84  0.0000  0.0000 16.1088
204  84  0.0000  0.0000  0.0000
212  84  0.0000  0.0000  0.0000
220  84  2.5000  0.1588 10.5785
228  84 -0.1937  0.0000 12.5685
236  84  0.0000  0.1960 11.1304
244  84  0.0000  0.0000 11.9011
252  84  0.0000  0.0000  0.0000
260  84  0.0000  0.0000  0.0000
268  84  0.0000  0.0000  0.0000
276  84  0.0000  0.0000  0.0000
284  84  0.0000 -0.5000  8.8276
292  84  0.0000 -0.5000  8.8276
  4  92 -0.1788  4.5000  7.3143
 12  92  0.0000  0.0000 12.0628
 20  92  0.0461  0.0568 11.3498
 28  92  0.0000 -0.5000  8.8276
 36  92  0.0000  0.0000 11.9011
 44  92  0.0000  0.0000 16.6957
 52  92  0.0000  0.0000 11.1304
 60  92  0.0000  0.0000 16.1088
 68  92  0.0000  0.0000  0.0000
 76  92  0.0000  0.0000  0.0000
 84  92  0.0000  0.0000 16.1088
 92  92  0.0000  0.0000  0.0000
100  92  0.0000  0.0000  0.0000
108  92  0.0000  0.0000  0.0000
116  92 -0.2166 -0.1572  9.3359
124  92  0.0417  0.1134  7.3143
132  92  0.0000  0.0000  0.0000
140  92  0.0000  0.0000  8.0190
148  92  0.0000  0.0000  0.0000
156  92 -0.1008  0.0843 14.9901
164  92  0.0000  0.0000 11.1304
172  92  0.0000  0.0000 11.1304
180  92  0.3468  2.5000 10.2045
188  92  0.0000  0.0000 11.1304
196  92  0.0782  0.1520 14.1176
204  92  0.0000  0.0000  9.4208
212  92  0.0000  0.0000  0.0000
220  92  0.0000 -0.5000  8.8276
228  92  0.2136 -0.2159 14.8252
236  92  0.0000  0.0000  0.0000
244  92     NaN     NaN  5.4468
252  92  2.5000  0.0000  8.8276
260  92  0.0000  0.0000 11.1304
268  92  0.0000  0.0000  0.0000
276  92  0.0000  0.0000  0.0000
284  92  0.0000  0.0000 11.1304
292  92  0.0000  0.0000 11.1304
  4 100  0.1439 -0.0853 11.4193
 12 100  0.0000  0.0000 13.9636
 20 100  0.0000  0.0000 16.1088
 28 100  0.0000  0.0000  0.0000
 36 100  0.0000  0.0000 11.1304
 44 100  0.0000  0.0000 11.1304
 52 100  0.0000  0.0000  0.0000
 60 100  0.0000  0.0000 11.1304
 68 100  0.0000  0.0000 11.1304
 76 100  0.0000  0.0000 11.1304
 84 100  0.0000  0.0000  0.0000
 92 100  0.0000  0.0000  0.0000
100 100  0.1546 -0.0660 18.6254
108 100  0.0000  0.0000  9.2850
116 100  0.0000 -0.5000  8.9154
124 100 -0.1174 -4.1710 14.6131
132 100  0.0000  0.0000 12.0455
140 100  0.0000  0.0000 11.1304
148 100     NaN  0.0000 17.0667
156 100  0.0000  0.0000 16.1088
164 100  0.0000 -0.5000  8.8276
172 100  0.0000  0.0000  0.0000
180 100  0.0000  0.0000  0.0000
188 100 -0.5000 -1.0416  9.5761
196 100  0.0000  0.0000 17.2183
204 100  0.0000  0.0000 12.0455
212 100  0.0000  0.0000 11.1304
220 100  0.0000  0.0000 11.1304
228 100  0.0000  0.0000  0.0000
236 100  0.0000  0.0000  0.0000
244 100  0.0000  0.0000  0.0000
252 100  0.0000  0.0000 11.1304
260 100  0.0000 -0.5000  8.8276
268 100  0.0000  0.0000  0.0000
276 100  0.0000  0.0000  0.0000
284 100  0.0000  0.0000 11.1304
292 100  0.0000  0.0000 11.1304
  4 108  0.0418 -0.1521 12.6567
 12 108     NaN -5.1203  5.4468
 20 108  0.0000  0.0000  0.0000
 28 108  0.0000  0.0000 12.1905
 36 108  0.0000  0.0000 11.1304
 44 108  0.0000  0.0000  7.3911
 52 108  2.8274  0.3035  7.6077
 60 108  2.5000  0.0000  8.8276
 68 108  0.0000  0.0000  0.0000
 76 108  0.0000  0.0000  0.0000
 84 108  0.0000  0.0000 11.1304
 92 108  0.0000 -0.6193  6.2541
100 108 -0.2561  0.2453 10.6035
108 108  0.0000  0.0000 11.1304
116 108  0.0000  0.0000 11.1304
124 108  0.0000 -0.4075 13.8182
132 108 -0.1824  1.6838  7.3143
140 108  0.0000  0.0000 12.0628
148 108     NaN  0.0000 17.0667
156 108  0.0000 -0.5000  8.8276
164 108  0.0000  0.0000 11.9011
172 108  0.0000  0.0000 19.4783
180 108  0.0000  0.0000  0.0000
188 108  0.2272  0.0241 12.9826
196 108 -0.1434  3.5000  8.3934
204 108  0.1313  0.0812 16.9211
212 108  0.0000  0.0000 17.2183
220 108  0.0000  0.0000  0.0000
228 108  0.0000  0.0000  0.0000
236 108  0.0000  0.0000 11.1304
244 108 -0.0306 -1.1731 10.3746
252 108  0.0000  0.0000 19.1045
260 108  2.5000  4.5000  4.0635
268 108  0.0000  0.0000  0.0000
276 108  0.0000  0.0000 11.1304
284 108  0.0000  0.0000 11.1304
292 108  0.4043  0.4043  8.0000
  4 116  0.0000  0.0000  0.0000
 12 116  0.0000  0.0000 11.1304
 20 116  0.0000  0.0000  0.0000
 28 116  0.0000  0.0000 11.1304
 36 116 -0.1068  0.3135 15.1963
 44 116  0.1578  0.1991 13.8667
 52 116  0.0000  0.0000 12.0455
 60 116  0.0000  0.0000  0.0000
 68 116  0.0000  0.0000  0.0000
 76 116  0.0418 -0.1521 12.6567
 84 116  0.0000  0.0000 17.2183
 92 116  0.1312 -0.0522 10.1631
100 116  0.0000  0.0000  9.2850
108 116  0.0000  0.0000 11.1304
116 116 -0.5000  0.0000  8.8276
124 116 -0.0372  0.1221 11.1882
132 116  0.0000  0.0000 13.5576
140 116 -0.2749  0.0000  8.5018
148 116 -0.2021 -0.2860 10.7438
156 116  0.0000  0.0000  0.0000
164 116  0.0000  0.0000  0.0000
172 116  0.0000  0.0000  9.4208
180 116  0.0000  0.0000  0.0000
188 116  0.0000  0.0000  0.0000
196 116  0.0000  0.0000 11.1304
204 116  0.0000  0.0000 11.1304
212 116  0.0000  0.0000 16.1088
220 116  0.0000 -0.5000  8.2581
228 116  0.0000 -0.1556 12.2969
236 116  0.0000  0.0000 16.1088
244 116  0.0000  0.0000  0.0000
252 116  0.0000  0.5000 11.1304
260 116  0.0000  0.0000  0.0000
268 116  0.0000  0.0000  0.0000
276 116 -0.5000  2.0000  8.8276
284 116  0.0000 -0.5000  8.8276
292 116  0.0000  0.0000 12.0455
  4 124 -0.2430  0.0341  8.1310
 12 124  0.0000  0.0000 17.2183
 20 124  0.0000  0.0000 17.0667
 28 124  0.0000  0.0000  0.0000
 36 124  0.0000  0.0000 12.1905
 44 124 -1.3070 -0.0337 12.4709
 52 124  0.0000  0.0000 11.1304
 60 124  0.0000  0.0000 11.1304
 68 124  0.0000  0.0000 11.1304
 76 124  0.0000  0.0000 17.0667
 84 124  0.0000  0.0000 16.7450
 92 124  0.2587  0.1868 11.1614
100 124 -0.2155  0.1345  9.8767
108 124  0.0000  0.0000 18.9370
116 124 -0.0610  1.0000  8.9210
124 124  0.0418 -0.1521 12.6567
132 124  0.0000  0.0000  0.0000
140 124 -0.0264  0.3145 11.0777
148 124 -0.1733 -0.2253 10.3899
156 124  0.0000  0.0000  0.0000
164 124  0.0000  0.0000  0.0000
172 124 -0.2571 -0.1311  7.2040
180 124  0.0000  0.0000 16.1088
188 124  0.0000  0.0000 11.1304
196 124  0.0000  0.0000  0.0000
204 124  0.0000  0.0000 11.1304
212 124  0.0000  0.0000 11.1304
220 124  0.0000  0.0000  0.0000
228 124  0.0000  0.0000  0.0000
236 124  0.0000  0.0000  0.0000
244 124  0.0000  0.0000  0.0000
252 124  0.0000  0.0000 11.1304
260 124  0.0000  0.0000  0.0000
268 124  0.0000  0.0000  0.0000
276 124  0.0000  0.0000 11.1304
284 124  0.0000  0.0000 16.1088
292 124  0.0000  0.0000 11.1304
  4 132  0.0000  0.0000 16.9590
 12 132 -0.0647 -0.0771 14.4477
 20 132  0.5000  0.0000  8.4768
 28 132 -0.5000  0.0000  8.8276
 36 132  0.0000  0.0000 11.1304
 44 132  0.0000  0.0000  0.0000
 52 132  0.0000  0.0000  0.0000
 60 132  0.1140 -0.1079 19.3902
 68 132  0.0000  0.0000 13.3565
 76 132  0.0000  0.0000  9.4208
 84 132  0.0000  0.0000  9.8235
 92 132  2.0761 -0.1459 14.3598
100 132  0.0000  0.0000 12.0455
108 132 -1.5000  0.0000  8.8276
116 132  0.0000  0.0000 11.1304
124 132  0.0000  0.0000 11.1304
132 132  0.0000  0.0000  0.0000
140 132 -0.3732  0.3694 10.3318
148 132  0.0000  0.0000 11.1304
156 132  0.0000  0.0000 11.1304
164 132  0.0000  0.0000  0.0000
172 132 -1.5000  2.5000  7.4357
180 132  0.0000  0.0000 16.1088
188 132  0.0000  0.0000 11.1304
196 132  0.0000  0.0000  0.0000
204 132  0.0000  0.0000  0.0000
212 132  0.0000  0.0000  0.0000
220 132  0.0000  0.0000  0.0000
228 132  0.0000  0.0000  0.0000
236 132  0.0000  0.0000  0.0000
244 132  0.0000  0.0000  0.0000
252 132  0.0000  0.0000  0.0000
260 132  0.0000  0.0000 11.1304
268 132  0.0000  0.0000  0.0000
276 132  0.0000  0.0000  0.0000
284 132  0.0000  0.0000  0.0000
292 132  0.0000  0.0000  0.0000
  4 140 -0.1113 -1.6014 11.9803
 12 140  0.0000  0.0000 16.1088
 20 140  0.0000  0.0000 16.1088
 28 140  0.1960 -0.5000 11.1304
 36 140  0.0000  0.0000  0.0000
 44 140  0.0000  0.0000 13.1641
 52 140  0.0156  0.0000 10.1243
 60 140  0.0376  0.0512  8.5306
 68 140  0.0000  0.0000  0.0000
 76 140  0.1136 -0.0768 14.2052
 84 140 -0.4043 -0.4043  8.0000
 92 140  0.3468 -0.5000 10.2045
100 140  0.0000  0.0000 11.1304
108 140  0.2780 -0.1270 13.3759
116 140 -0.1960  2.5000 11.1304
124 140  0.0000  0.0000 12.0628
132 140  0.0000  0.0000  0.0000
140 140  0.0000  0.0000 19.1045
148 140  0.0000  0.0000  0.0000
156 140  0.0000  0.0000  0.0000
164 140  0.0000  0.0000 12.0628
172 140  0.1841 -0.0418 12.3683
180 140  0.0000  0.0000 16.1088
188 140  0.0000  0.0000  0.0000
196 140  0.0000  0.0000  0.0000
204 140  0.0000 -0.1960 11.1304
212 140  0.0000  0.0000 11.1304
220 140  0.0000  0.0000  0.0000
228 140  0.0000  0.0000  0.0000
236 140  0.0000  0.0000  0.0000
244 140  0.0000  0.0000  0.0000
252 140  0.0000  0.0000 11.1304
260 140  0.0000  0.0000 11.1304
268 140  0.0000  0.0000 11.9011
276 140  0.0000  0.0000 16.1088
284 140  0.0000  0.0000 11.1304
292 140  0.0000  0.0000 11.1304
  4 148  0.0000  0.0000 12.0455
 12 148  0.0000  0.0000 11.1304
 20 148  0.0000  0.0000 12.0628
 28 148  0.0000  0.0000 13.3565
 36 148  0.0000  0.0000 11.1304
 44 148  0.0000  0.0000  0.0000
 52 148  0.0000  0.0000 16.1088
 60 148 -0.0768  0.3757  7.7186
 68 148 -0.0101 -0.1146 17.4161
 76 148  0.1146 -0.0662  7.5261
 84 148  0.0000  0.0000 16.1088
 92 148  0.0000  0.0000 16.1088
100 148  0.0000  0.0000 16.1088
108 148  0.2780  0.1270 13.3759
116 148  0.0000  0.0000  0.0000
124 148 -0.4681  0.0000  9.5738
132 148  0.0000  0.0000  0.0000
140 148  0.1760  0.0000 15.0588
148 148  0.0000  0.0000  0.0000
156 148  0.0000  0.0000  0.0000
164 148  0.0000  0.0000  8.7810
172 148  0.0000  0.0000 11.1304
180 148  0.0000  0.0000 11.1304
188 148  0.0000  0.0000  0.0000
196 148  0.0000  0.0000  0.0000
204 148  0.0000  0.0000 11.1304
212 148  0.0000  0.0000  0.0000
220 148  0.0000  0.0000 16.1088
228 148  0.0000  0.0000 16.1088
236 148  0.0000  0.0000  0.0000
244 148 -0.3290  2.8274  8.0000
252 148  0.0000  0.0000 16.1088
260 148 -0.1142  0.0000 10.9939
268 148  0.0000  0.0000  0.0000
276 148  0.0000  0.0000 19.4783
284 148  0.0000  0.0000 11.1304
292 148  0.1067  2.5000  7.8528
  4 156  0.0000  0.0000  8.0000
 12 156  0.0000  0.0000 13.1641
 20 156 -0.3309 -0.0637  7.1846
 28 156  0.0000 -0.5000  8.8276
 36 156  0.0000  0.0000 14.0861
 44 156  0.0000  0.0000  0.0000
 52 156  0.0000  0.0000 12.0455
 60 156  0.0000  0.0000 11.1304
 68 156 -0.1960  2.5000 11.1304
 76 156 -0.3681  0.3881  9.7710
 84 156  0.0000  0.0000 16.1088
 92 156  0.0000  0.0000 16.1088
100 156  0.0000  0.0000  0.0000
108 156  0.0000  0.0000 19.1045
116 156  0.0000  0.0000 11.1304
124 156 -0.7389 -0.5000  8.0688
132 156  0.0000  0.0000 11.1304
140 156 -0.1760  0.0000 15.0588
148 156  0.0000  0.0000 11.1304
156 156  0.0000  0.0000 11.1304
164 156  0.0000  0.0000  9.1555
172 156  0.0000  2.5000  8.8276
180 156  0.0000  0.0000 11.1304
188 156  0.0000  0.0000 11.1304
196 156  0.0000  0.0000  0.0000
204 156  0.0000  0.0000  0.0000
212 156  0.0000  0.0000 19.1045
220 156  0.0000  0.0000 11.1304
228 156  0.0000 -0.5000  8.8276
236 156  0.0000  0.0000 11.1304
244 156  0.0000  0.0000 16.1088
252 156 -4.5000  0.0830 13.8795
260 156  0.0000  0.0000  0.0000
268 156  0.0000  0.0000 16.1088
276 156  0.0000  0.0000  0.0000
284 156  0.0000  0.0000 16.1088
292 156  0.0000  0.0000 11.1304
  4 164 -0.1151 -0.1151 16.5161
 12 164  0.0000  0.0000  0.0000
 20 164 -0.1841  0.0418 12.3683
 28 164  0.0000  0.0000 11.1304
 36 164  0.0000  0.0000  0.0000
 44 164  0.2941 -0.2017 13.7014
 52 164  0.0000  0.0000 12.0628
 60 164  0.0000  0.0000  0.0000
 68 164  0.0000  0.0000 16.1088
 76 164  0.0000  0.0000  0.0000
 84 164  0.0000  0.0000 11.1304
 92 164  0.0000  0.0000 16.1088
100 164  0.0000  0.0000  0.0000
108 164  0.0000  0.0000 11.1304
116 164  0.0000  2.5000  8.8276
124 164  0.0000  0.0000  9.2850
132 164  0.0000  0.0000  0.0000
140 164  0.1825 -0.2174 12.5315
148 164  0.0000  0.0000 16.1088
156 164  0.0000  0.0000 11.1304
164 164  0.0000  0.3147  7.9175
172 164  0.0000  0.0000 11.1304
180 164  0.0000 -0.5000  8.8276
188 164  0.0000  0.0000  0.0000
196 164  0.0000  0.0000  0.0000
204 164  0.0000  2.5000  8.8276
212 164  0.0000  0.0000 19.1045
220 164  0.0000  0.0000 11.1304
228 164  0.0000  0.0000  0.0000
236 164  0.0000  0.0000 11.1304
244 164  0.0000  0.0000 16.1088
252 164  0.0000  0.0000  0.0000
260 164  0.0000  0.0000  0.0000
268 164  0.0000  0.0000  8.2581
276 164  0.0000  0.0000  0.0000
284 164  0.0000  0.0000 11.1304
292 164  0.0000  0.0000 11.1304
  4 172  0.0000  0.0000  0.0000
 12 172 -0.1760  0.0000 15.0588
 20 172  0.0000  0.0000  0.0000
 28 172  0.0000  0.0000  0.0000
 36 172  0.1960  0.0000 11.1304
 44 172 -1.5000  2.5000  7.4357
 52 172  0.0000  0.0000 11.1304
 60 172  0.0000  0.0000  0.0000
 68 172  0.0000  0.0000 13.5576
 76 172  0.0000  0.0000  0.0000
 84 172 -1.0000  0.0000  9.2850
 92 172  0.0000  0.0000  0.0000
100 172  0.0000  0.0000  0.0000
108 172  4.5000  4.5000  4.0635
116 172  0.0000  0.0000 11.1304
124 172  0.0000  0.0000  8.2581
132 172  0.0000  0.0000  8.2581
140 172  0.0000  0.0000 12.0628
148 172  0.0000  0.0000 19.1045
156 172 -0.3468 -1.0000 10.2045
164 172  1.1733  0.0000  8.5333
172 172  0.0898 -0.4166 13.8879
180 172  0.0000  0.0000  0.0000
188 172  0.0913  0.2044 18.7317
196 172  0.0000  0.0000 11.1304
204 172  0.0000  0.0000 11.1304
212 172 -0.1180  2.5000  9.2850
220 172  0.1841  0.0418 12.3683
228 172  0.0000  0.0000 16.1088
236 172  0.0000  2.5000  8.8276
244 172  0.0000  0.0000 16.1088
252 172  2.5000  0.0000  8.8276
260 172  0.0000  0.0000 16.1088
268 172  0.0000  0.0000  0.0000
276 172  0.0000  0.0000 16.1088
284 172  0.0000  0.0000 11.1304
292 172  0.0000  0.0000  0.0000
  4 180  0.0000  0.0000  0.0000
 12 180  0.0000  0.0000 12.0455
 20 180  0.0000  0.0000  0.0000
 28 180  0.0000  0.0000  0.0000
 36 180  0.0000  0.0000  0.0000
 44 180  2.5000  0.0000  8.8276
 52 180  0.0000  0.0000 12.0628
 60 180  0.0000  0.0000 16.1088
 68 180  0.0000  0.0000 17.2183
 76 180  0.0000  2.5000  8.8276
 84 180  0.0000  0.0000 16.1088
 92 180  0.0000  0.0000  0.0000
100 180  0.0000  0.0000  0.0000
108 180  0.0000  0.0000  0.0000
116 180 -0.0665 -0.3702  9.9740
124 180  0.0000  0.0000 16.1088
132 180  0.0000  0.0000 16.1088
140 180  0.0000  0.0000 12.0628
148 180  0.0000  0.0000 19.1045
156 180  0.0698 -0.2911 10.5124
164 180  0.0000  0.0000 17.0667
172 180  0.1469  0.0000 10.3584
180 180  0.0000  0.0000 11.1304
188 180  0.0000  0.0000 11.1304
196 180  0.0000  0.0000  0.0000
204 180  0.0000  0.0000  0.0000
212 180  0.0000  0.0000 16.1088
220 180  0.0000  0.0000  0.0000
228 180 -0.5000  0.0000  8.8276
236 180  0.0000  0.0000  0.0000
244 180  0.0000  0.0000 11.1304
252 180  0.0000  0.0000 19.1045
260 180  0.0000  0.0000  0.0000
268 180  0.0000  0.0000  0.0000
276 180  0.0000  0.0000 13.1641
284 180  0.0000  0.0000 11.1304
292 180  0.0000  0.0000 11.1304
  4 188  0.0000  0.0000 14.5615
 12 188  0.0000  0.0000 11.1304
 20 188 -0.0180  0.0069  7.5125
 28 188  0.1960 -0.5000 11.1304
 36 188  0.0000  0.0000  0.0000
 44 188  0.0000  0.0000 16.6957
 52 188  0.1138 -0.1378 11.4627
 60 188  0.0000  0.0000  0.0000
 68 188  0.0000  0.0000 17.2183
 76 188  2.5000  0.0000  8.8276
 84 188  0.0000  0.0000 16.1088
 92 188  0.0000  0.0000 11.1304
100 188  0.0000  0.0000 11.1304
108 188  0.0000  0.0000 11.1304
116 188  0.1960  0.0000 11.1304
124 188  0.0000  0.0000  0.0000
132 188  0.0000  0.0000 11.1304
140 188  0.1960  2.5000 11.1304
148 188  0.0000  0.0000 11.1304
156 188  0.0000  0.0000 11.1304
164 188  0.0000  0.0000 11.1304
172 188 -0.3545 -0.2000  8.7575
180 188  0.0000  0.0000 16.1088
188 188  0.0000  0.0000 11.1304
196 188  0.0000  0.0000  0.0000
204 188  0.0000  0.0000  0.0000
212 188  0.0000  0.0000 11.1304
220 188 -0.3577 -0.5000  9.3659
228 188  0.0000  0.0000 16.1088
236 188  0.0000  0.0000 11.1304
244 188  0.0000 -0.5000  8.8276
252 188  0.0000  0.0000 16.1088
260 188  0.0000  0.0000  0.0000
268 188  0.0000  0.0000 11.1304
276 188  0.0000  0.0000 11.1304
284 188  0.0000  0.0000  0.0000
292 188  0.0000  0.0000 11.1304
  4 196  0.0000  0.0000 13.0803
 12 196  0.0000  0.0000 11.1304
 20 196  0.0000  0.0000 16.1088
 28 196  0.0000  0.0000 12.0628
 36 196  0.0000 -0.1960 11.1304
 44 196  0.4130 -0.3679  7.6027
 52 196  0.3100  0.1230  9.3996
 60 196  0.0000  0.0000 11.9011
 68 196  0.0000  0.0000  0.0000
 76 196  0.0000  0.0000 11.1304
 84 196  0.0000  0.0000 11.1304
 92 196  0.0000  0.5000  8.0688
100 196  0.0000  0.0000  0.0000
108 196  0.0000  0.0000 22.2609
116 196  0.0610  0.5000  7.7665
124 196  0.0000  0.0000 16.1088
132 196  0.0000  0.0000  0.0000
140 196  0.0000  0.0000  0.0000
148 196  0.0000  0.0000 11.1304
156 196  0.0000  0.0000  0.0000
164 196  0.0000  0.0000 11.1304
172 196  0.0000  0.0000  8.4696
180 196  0.0000  0.0000  0.0000
188 196  0.0000  0.0000  0.0000
196 196  0.0000  0.0000  0.0000
204 196 -0.5000  0.4300  5.4468
212 196  0.0000  0.0000 11.1304
220 196  0.0000  0.0000 12.0628
228 196  0.2780  0.1270 13.3759
236 196  0.0000  0.0000 11.1304
244 196  2.5000 -0.5000  4.0635
252 196  0.0000  0.0000 11.1304
260 196  0.0000  0.0000  0.0000
268 196  0.0000  0.0000  0.0000
276 196  0.0000  0.0000  0.0000
284 196  0.0000  0.0000  8.0000
292 196 -0.3321 -0.1276 10.3409
  4 204  0.0000  0.0000 12.0628
 12 204  0.0000  0.0000 11.1304
 20 204  0.0418 -0.1521 12.6567
 28 204  0.0000  0.0000 16.1088
 36 204  0.0000  0.0000 11.1304
 44 204  0.0000  0.0000 16.1088
 52 204  0.0000  0.0000 16.1088
 60 204  0.0000  0.0000 11.1304
 68 204  0.0000  0.0000 11.1304
 76 204  0.0000  0.0000 16.1088
 84 204  0.0000  0.0000 11.9011
 92 204  0.0000  0.0000  0.0000
100 204  0.0000  0.0000  0.0000
108 204  0.0391  2.5000  9.3822
116 204 -1.0000  0.0000  9.2850
124 204  0.0000  0.0000  0.0000
132 204  0.0000 -0.5000  8.8276
140 204  0.0000  0.0000  0.0000
148 204  0.0000  0.0000  0.0000
156 204  0.0000  0.0000  0.0000
164 204  0.0000  0.0000 11.1304
172 204  0.0000  0.0000 10.8982
180 204  0.0000  0.0000 11.1304
188 204  0.0000  0.0000 11.1304
196 204  0.0000  0.0000  0.0000
204 204  0.0000  0.0000 11.1304
212 204  0.4043 -0.4043  8.0000
220 204  0.0000  0.0000  8.0000
228 204  0.0000  0.0000 11.1304
236 204  0.0000  2.5000  8.8276
244 204  0.0000  0.0000  0.0000
252 204 -0.1008 -0.0843 14.9901
260 204  0.0000  0.0000 16.1088
268 204  0.0000  0.0000 11.1304
276 204  0.0000  0.0000 11.1304
284 204  0.0000  0.0000 11.1304
292 204  0.0000  0.0000 19.1045
  4 212 -1.0000  0.0000  9.2850
 12 212  0.0000  0.0000 11.1304
 20 212 -1.3070  0.0337 12.4709
 28 212  0.0000  0.0000 22.2609
 36 212  0.0000  0.0000 16.1088
 44 212  0.0000  0.0000  0.0000
 52 212 -0.5000  0.0000 11.1304
 60 212  0.0000  0.0000  0.0000
 68 212  0.0000  0.0000  0.0000
 76 212  2.5000  0.0000  8.8276
 84 212  0.0000  0.0000  0.0000
 92 212  0.0000  0.0000  0.0000
100 212  0.0000  0.0000 11.1304
108 212  0.1960  0.0000 11.1304
116 212  0.0000  0.0000 11.1304
124 212  0.0000  0.0000 11.1304
132 212  0.0000  0.0000  0.0000
140 212  0.0000  0.0000  0.0000
148 212  0.0000  0.0000  0.0000
156 212  0.0000  0.0000  0.0000
164 212  0.0000  0.0000 16.1088
172 212 -0.3310 -0.1924  7.0626
180 212  0.0000  0.0000 12.0455
188 212  0.0000  0.0000  0.0000
196 212  0.0000  0.0000  0.0000
204 212  0.0000  0.0000 11.1304
212 212  0.0000  0.0000 19.1045
220 212  0.0000  0.0000 11.1304
228 212  0.0000  0.0000 11.1304
236 212  0.0000  0.0000 11.1304
244 212  0.0000 -0.5000  8.8276
252 212  0.0000  0.0000 19.1045
260 212  0.0000  0.0000 11.1304
268 212  0.0000  0.0000  0.0000
276 212 -0.1063  0.0000  6.9728
284 212  0.0000 -0.1960 11.1304
292 212  0.0000  0.0000 11.1304
  4 220  0.0000  0.0000 11.1304
 12 220  0.0000  0.0000  0.0000
 20 220  0.0000  0.0000 19.1045
 28 220  0.0000  0.0000 11.1304
 36 220  0.0000  0.0000 11.1304
 44 220  0.0000  0.0000  0.0000
 52 220  0.0000  0.0000 11.1304
 60 220  0.0000  0.0000 11.1304
 68 220  0.0000  2.5000  8.8276
 76 220  0.0000  0.0000  0.0000
 84 220  0.0000  0.0000  0.0000
 92 220  0.0000  0.0000  0.0000
100 220  0.0000  0.0000 11.1304
108 220  0.0000  0.0000 20.7059
116 220  0.0000  0.0000 16.1088
124 220  0.0000 -0.5000  8.9154
132 220  0.0000  0.0000  0.0000
140 220  0.0000  0.0000  0.0000
148 220  0.0000  0.0000  0.0000
156 220  0.0000  0.0000  0.0000
164 220  0.0000  0.0000 11.1304
172 220  0.0000  0.0000  8.2581
180 220  0.0000  2.5000  8.8276
188 220  0.0000  0.0000  8.4768
196 220  0.0000  0.0000 11.1304
204 220  0.0000  0.0000 16.1088
212 220  0.0000  0.0000 13.5576
220 220  0.0000  0.0000 11.1304
228 220  0.0000  0.0000  0.0000
236 220  2.5000  0.0000  8.8276
244 220  0.0000  2.5000  8.8276
252 220  0.0000  0.0000 12.0455
260 220  0.0000  0.0000 11.1304
268 220  0.0000  0.0000 11.1304
276 220  0.0000  0.0000  0.0000
284 220  0.1960 -0.5000 11.1304
292 220  0.0000  0.0000  0.0000
