VARIABLES= "X pix", "Y pix", "U pix/dt", "V pix/dt", "CHC", ZONE I=28, J=37
  4   4  0.0000  0.0000 12.0190
 12   4  0.0000  0.0000 10.9708
 20   4  0.0000  0.0000 10.9708
 28   4  0.0000  0.0000 11.0456
 36   4  0.0000  0.0000 11.0456
 44   4  0.0000  0.0000 11.0456
 52   4  0.0000  0.1685  9.9740
 60   4  0.0000  0.0000  9.3411
 68   4  0.0000  0.0000 10.0321
 76   4  0.0000  0.0000 11.1505
 84   4  0.0000  0.0000 10.9734
 92   4 -0.0000 -0.0235 11.2751
100   4  0.0000  0.0000 11.8646
108   4  0.0000  0.0000 11.8710
116   4  0.0000  0.0000 11.6687
124   4  0.0000  0.0000 12.9928
132   4  0.0000 -0.0184 12.1216
140   4  0.0000  0.0000 12.7223
148   4  0.0000  0.0000 12.9928
156   4  0.0000  0.0000 11.7754
164   4  0.0000  0.0000 11.7834
172   4  0.0000  0.0000 10.9266
180   4  0.0000  0.0000 11.9625
188   4  0.0000 -0.0286 12.1954
196   4  0.0000  0.0027 12.0795
204   4  0.0000  0.0000 12.0698
212   4  0.0379  0.0312 12.4223
220   4 -0.0470 -0.0324 11.9292
228   4  0.0373 -0.0251 10.2136
236   4 -0.1375  0.0034  9.9871
244   4  0.0000  0.0000 10.9332
252   4 -0.0084  0.0150 16.4063
260   4  0.0000  0.0000 15.3385
268   4  0.0000  0.0000 13.0803
276   4  0.0000  0.0000 16.1251
284   4  0.0000 -0.1034 14.2406
292   4 -0.0033 -0.0631 11.2941
  4  12  0.0000  0.0859 13.4737
 12  12  0.0000  0.0000 11.3726
 20  12  0.0000  0.0000  9.2086
 28  12  0.0300  0.0465  5.9800
 36  12  0.0000 -0.7251  8.2581
 44  12  0.0000  0.0000  8.2581
 52  12  0.0000  2.0000  8.5333
 60  12  0.0000 -0.1421 10.9073
 68  12  0.0092 -0.6911 12.3740
 76  12  0.0000  0.0000 10.7470
 84  12  0.0000  0.0000 13.0402
 92  12  0.0000  0.0000 11.6053
100  12 -0.0074  0.2178  9.6069
108  12  0.0000  0.0000 10.1661
116  12  0.0000  0.0000  9.2850
124  12  0.0000  0.0000  8.3633
132  12  0.0000  0.0000  9.2850
140  12  0.0000  0.0000  9.2850
148  12  0.0000  0.0000  9.2850
156  12  0.0000  0.0000  8.3633
164  12  0.0000  0.0000 11.4069
172  12  0.0000  0.4690  9.3060
180  12  0.0378 -0.1797  8.9605
188  12  0.0065  0.0694  8.1613
196  12 -0.0224 -0.1264  6.8945
204  12  0.0063 -0.0084 12.6926
212  12  0.0000 -0.1445  8.5839
220  12 -0.0025  0.0059  7.7411
228  12 -0.0330 -0.0858  7.2297
236  12  0.0000  0.0000  7.2055
244  12 -0.0088  0.0141  7.1700
252  12 -0.0699 -0.1305  7.7668
260  12  0.0000  0.0000  7.6365
268  12  0.0000  0.0000  8.7760
276  12  0.0000  0.0000  8.7432
284  12  0.0484 -0.0058  8.7557
292  12  0.0137 -0.1473  9.4866
  4  20  0.0043 -0.0060 14.4697
 12  20  0.0801  0.0812 14.0400
 20  20 -0.0067  0.0388 10.9336
 28  20 -0.0196 -0.0056  9.9156
 36  20 -0.0522 -0.0138 10.0230
 44  20  0.0000  0.0000  9.4454
 52  20  0.0000  0.0400  9.7131
 60  20  0.0000 -0.0724  9.6109
 68  20  0.0068 -0.0016 10.2056
 76  20 -0.0220 -0.0228 10.3847
 84  20  0.0000  0.0000  9.2544
 92  20  0.0332  0.0000 12.1700
100  20  0.0145 -0.0457 14.7707
108  20  0.0000  0.0000 15.3639
116  20  0.0485 -0.0296 10.2934
124  20  0.0000  0.0000 10.8148
132  20  0.0000  0.0000 12.6770
140  20  0.0000  0.0000 16.6978
148  20 -0.0562 -0.0079 18.1601
156  20  0.0000  0.0000 15.7280
164  20  0.0101  0.0550 24.5817
172  20  0.0356  0.0304 25.0576
180  20 -0.1106  0.1017 23.5506
188  20  0.0019  0.0130 21.6915
196  20 -0.1807  0.0186 13.4141
204  20 -0.0647  0.0569  9.6807
212  20  0.0000 -0.0378 14.2275
220  20 -0.0209 -0.0354 16.2294
228  20 -0.0144  0.0016 20.9779
236  20 -0.0617 -0.0289 20.0444
244  20 -0.0059 -0.0364 22.1747
252  20 -0.0754  0.0132 20.7079
260  20  0.0000  0.0000 22.1027
268  20 -0.0484 -0.0226 16.1650
276  20  0.0000  0.0000 15.8683
284  20  0.0361  0.0066 12.1323
292  20 -0.0569 -0.0110 11.7414
  4  28 -0.0102 -0.0195 15.8198
 12  28  0.0047 -0.0258 19.3873
 20  28  0.0000  0.0000 19.0652
 28  28  0.0030  0.0204 10.9565
 36  28  0.0088 -0.0034  9.7736
 44  28  0.0000  0.0000  9.5209
 52  28 -0.0002  0.0102  9.2214
 60  28  0.0000  0.0010  8.8830
 68  28 -0.0008  0.0011 10.9490
 76  28 -0.0006  0.0191  8.3661
 84  28  0.0000  0.0000  8.1753
 92  28  0.0000  0.0000  9.3531
100  28  0.0000  0.0000 10.6871
108  28 -0.0061 -0.0118  7.9896
116  28  0.0000  0.0000  8.0679
124  28 -0.0395 -0.0160  7.1856
132  28 -0.0022  0.0059  6.8150
140  28  0.0135  0.0036  7.0893
148  28 -0.0101 -0.0191 14.3533
156  28 -0.0141 -0.0090 17.0718
164  28  0.0325 -0.0042 21.9651
172  28  0.0069  0.0036 13.6922
180  28  0.0007  0.0124  7.0722
188  28 -0.0003 -0.0066  6.8761
196  28  0.0000  0.0000  6.9289
204  28  0.0000  0.0000  7.3944
212  28  0.0000  0.0000  7.2269
220  28 -0.0046 -0.0134  6.8877
228  28  0.0000  0.0000  6.9161
236  28  0.0247 -0.0230  7.3023
244  28  0.0000  0.0000  9.4605
252  28  0.0032  0.0197  9.8330
260  28 -0.0015 -0.0153 11.3333
268  28  0.0105  0.0011  9.2595
276  28  0.0000  0.0000  8.1385
284  28 -0.0024 -0.0062  8.3426
292  28  0.0109  0.0241  8.3481
  4  36 -0.0974  0.0000  8.8739
 12  36 -0.0210 -0.0040  6.6322
 20  36  0.0636  0.0000  6.2651
 28  36 -0.1487  0.0212 11.5878
 36  36 -0.0415  0.0249 15.4110
 44  36  0.0000  0.0000 19.1471
 52  36  0.1765 -0.0164 13.3612
 60  36  0.0000  0.0000 15.5346
 68  36  0.0000  0.0000 13.9543
 76  36  0.0000  0.0000 11.7811
 84  36  0.0000 -0.1730  8.2244
 92  36  0.0000  0.0000  8.6142
100  36  0.0000  0.0000 11.3315
108  36  0.0000  0.0000 12.5177
116  36  0.0000  0.0000 13.6379
124  36  0.0000  0.0000 11.1304
132  36  0.0000  0.0000 22.2609
140  36  0.0193 -0.0641 15.5152
148  36  0.0029 -0.0046 14.1728
156  36 -0.0139 -0.0014 12.3456
164  36  0.0127  0.0450 10.8302
172  36  0.0066  0.0281 11.2905
180  36  0.0000  0.0000  8.6284
188  36  0.0163 -0.0956 10.6540
196  36  0.0128 -0.0815 11.0118
204  36  0.0000  0.0000 13.5632
212  36  0.0000  0.0000 15.4368
220  36  0.0000  0.0000 15.4368
228  36  0.0000  0.0000 13.7993
236  36  0.0000  0.0000 13.3851
244  36  0.0705  0.0658 10.4483
252  36  0.0828 -0.1111 11.1304
260  36  0.1169 -0.0451 10.0148
268  36 -0.1656  0.0028 12.7748
276  36 -0.3131  0.1438  8.7075
284  36 -2.6958 -0.1381  8.7458
292  36  0.1745  0.0211 15.2816
  4  44  0.3314  0.0000 18.1950
 12  44  0.0000  0.0000 15.5414
 20  44 -0.0668  0.0184 15.1226
 28  44  0.0000  0.0000 10.3707
 36  44  0.0000  0.0000  8.9436
 44  44  0.2859  0.1685  7.9459
 52  44 -0.1333  0.0507  6.7623
 60  44 -0.2264  0.2174  8.1086
 68  44  0.0000  0.0000  0.0000
 76  44  0.0000  0.0000  0.0000
 84  44  0.0000  0.0000  0.0000
 92  44  0.0000  0.0000  9.2850
100  44  0.0000  0.0000 12.0628
108  44  0.0000  0.0000 11.1304
116  44 -0.1834  0.0484 13.7039
124  44  0.2271 -0.5000  9.5143
132  44  0.0000  0.0000 11.1304
140  44  0.0936 -0.0024  5.6756
148  44  0.0183  0.0038 13.0434
156  44 -0.0018 -0.0053 11.1874
164  44  0.0062  0.0174 11.2755
172  44  0.0107  0.0059  8.6799
180  44 -0.3476 -0.2927  7.3438
188  44 -0.2554 -0.0391 13.5219
196  44  0.0000  0.0000 12.9951
204  44  0.0000  0.0000 10.5606
212  44  0.0000  0.0000 12.0877
220  44  0.0000  0.0000 12.4923
228  44  0.0000  0.0000 12.0066
236  44  0.0000  0.0000 14.0473
244  44  0.0000  0.0000 13.7177
252  44  0.0000  0.0000 11.2923
260  44 -0.0020  0.0294 14.8397
268  44  0.0000  0.0000 17.6061
276  44  0.0000  0.0000 11.7671
284  44  0.0000 -0.4372  7.3143
292  44 -0.2689  0.0419  9.7710
  4  52  0.0000  0.0000  8.6413
 12  52  0.0000  0.0000 11.6053
 20  52  0.0000  0.0000  0.0000
 28  52  0.0000  0.0000 16.1088
 36  52  0.0000  0.0000  0.0000
 44  52  0.0000  2.5000  8.8276
 52  52 -1.1838  2.5000  7.5779
 60  52  0.0000  0.0000 11.1304
 68  52  0.0000 -0.5000  8.8276
 76  52  0.0000  0.0000  0.0000
 84  52  0.0000  0.0000  0.0000
 92  52  0.0000  0.0000  8.0190
100  52 -0.0496 -0.1180 11.5307
108  52  0.0000  0.0000 16.2922
116  52  0.0000  0.0000 13.3565
124  52 -0.2907  0.0403 10.5761
132  52 -0.5000  0.0000  8.8276
140  52  0.1672 -2.1555  6.6466
148  52 -0.2823  0.0020  8.2485
156  52 -0.2537 -0.2597  7.0997
164  52 -0.0423 -0.0227  8.9085
172  52  0.0000  0.0000  8.8024
180  52  0.0000  0.0000 12.0342
188  52  0.0000  0.0000 16.1088
196  52  0.0000  0.0000 11.1304
204  52  0.0000  0.0000 11.1304
212  52  0.0000  0.0000 11.1304
220  52  0.0000  0.0000  7.8087
228  52  0.0000  0.0000  9.0758
236  52  0.0000  0.0000 10.8982
244  52  0.0000  0.0000 12.9245
252  52  0.0000  0.0000  9.4928
260  52  0.0000  0.0000  7.5563
268  52  0.0000  0.0000  8.8191
276  52  0.0000  0.0000 10.6826
284  52  0.0000  0.0000 11.7811
292  52  0.0000  0.0000 13.6361
  4  60  0.0000  0.0000  0.0000
 12  60  0.0000  0.0000  0.0000
 20  60  0.0000  0.0000  0.0000
 28  60  0.0000  0.0000  0.0000
 36  60  0.0000  0.0000  0.0000
 44  60  0.0000  0.0000 16.1088
 52  60  0.2936 -1.5732  7.8909
 60  60  0.4342 -0.1409  8.7273
 68  60 -0.0218  0.1535 17.7669
 76  60  0.0000  0.0000 13.6955
 84  60  0.0000  0.0000 16.6957
 92  60  0.0000  0.0000 13.1204
100  60  0.0185 -0.1149 10.9268
108  60  0.0983 -0.0367  8.1120
116  60  0.0000  0.0000  6.8970
124  60  0.1282 -0.0290 13.6865
132  60  0.2761 -0.0806  9.3746
140  60  0.0948 -0.0057 10.8041
148  60 -0.9421 -0.0875  9.0353
156  60  0.0000  0.0000  0.0000
164  60 -0.2743 -0.0236 10.8782
172  60  0.1985 -0.0415  7.5059
180  60  0.0000  0.0000 11.1304
188  60  0.0000  0.0000 14.4198
196  60  0.0000  0.0000 17.0667
204  60  0.0000  0.0000 16.1088
212  60  0.0000  0.0000  0.0000
220  60  0.0000  0.0000  0.0000
228  60  0.0000  0.0000 11.1304
236  60  0.0000  0.0000 16.1088
244  60  0.0000  0.0000  9.1006
252  60  0.0000  0.0000  9.4208
260  60  0.0000  0.0000  9.7047
268  60  0.0000  0.0000 16.4760
276  60  0.0000  0.0000 16.1088
284  60  0.3145  0.0000  9.1653
292  60  0.4449 -0.6584  9.3989
  4  68  0.0000  0.0000  0.0000
 12  68  0.0000  0.0000  0.0000
 20  68  0.0000  0.0000  0.0000
 28  68  2.5000  0.0000  8.8276
 36  68  0.0000 -0.0548  9.9740
 44  68  3.5000  0.5000  4.0635
 52  68  0.3118 -0.0945 14.5907
 60  68  0.0000  0.0000 12.8600
 68  68  0.0000  0.0000 16.1088
 76  68  0.0000  0.0000  0.0000
 84  68 -0.0628 -0.3026 10.1053
 92  68  0.0000  0.0000  9.7710
100  68 -0.5000  0.1588 10.5785
108  68  0.0000  0.0000  0.0000
116  68  0.0000  0.1960 11.1304
124  68  0.0000  0.0000 12.0628
132  68     NaN  0.0000 17.0667
140  68 -0.1439  0.0853 11.4193
148  68  0.0000  0.0000 11.8583
156  68  0.0000  0.0000 12.0628
164  68  0.0000  0.0000 16.1088
172  68  0.0000  0.5000 11.1304
180  68  0.0000  0.0000 19.1045
188  68  0.0000  0.0000  8.2581
196  68  0.0000  0.0000  0.0000
204  68  0.0000  0.0000  0.0000
212  68  0.0000  0.0000  0.0000
220  68  0.0000  0.0000 12.0628
228  68  0.0000  0.0000 20.7059
236  68  0.0000  0.0000 13.5576
244  68  0.0000  0.0000 16.1088
252  68  0.0000  0.0000 11.1304
260  68  0.0000  0.0000 16.1088
268  68  0.0000  0.0000 16.1088
276  68  0.0000  0.0000 11.9011
284  68  0.1960 -0.5000 11.1304
292  68  0.0000  0.0000 11.1304
  4  76  1.1838  2.5000  7.5779
 12  76 -0.1008 -0.2474  9.7536
 20  76  0.0855 -1.0756  6.7368
 28  76  1.0000  0.0305  9.0241
 36  76  0.0094 -0.1379 12.2010
 44  76 -0.3145  0.0000  9.1653
 52  76  0.0000  0.0000 15.3706
 60  76  0.0000  0.0000 16.1088
 68  76 -0.3881 -0.0913  7.9096
 76  76  0.0000  0.0000 13.8343
 84  76  2.5000  0.0000  8.8276
 92  76  0.0000  0.0000 11.1304
100  76  2.5000  0.1588 10.5785
108  76  0.0647  0.0771 14.4477
116  76  0.0000  0.0000 11.1304
124  76 -0.1008 -0.0843 14.9901
132  76  0.0000  0.0000 19.1045
140  76 -0.0260  0.1571 14.5328
148  76  0.0000  0.0000 13.5576
156  76  0.0000  0.0000  0.0000
164  76  0.0000  0.0000 11.1304
172  76 -0.5000  0.0000  8.8276
180  76  0.0000  0.0000 11.1304
188  76  0.0000  0.0000 22.2609
196  76  0.0000  0.0000  0.0000
204  76  0.0000  0.0000 11.1304
212  76  0.0000  0.0000 11.1304
220  76 -0.1841 -0.0418 12.3683
228  76 -0.0419 -0.2568 11.3179
236  76  0.0000  0.0000 11.1304
244  76  0.0000  0.0000 16.1088
252  76  0.0000  0.0000 11.1304
260  76  0.0000  0.0000  0.0000
268  76  0.0000  0.0000  8.2581
276  76  0.0000  0.0000 16.1088
284  76  0.0867 -0.1071  9.3967
292  76  0.0000  0.0000 11.9011
  4  84 -0.1360 -0.0337 10.5785
 12  84  0.0825  0.2282  8.9072
 20  84  0.0000  0.0000 11.1744
 28  84 -0.2057  0.0000  8.8514
 36  84  0.0000  0.0000 11.1304
 44  84  0.1151  0.1151 16.5161
 52  84  0.0000  0.0000 17.0667
 60  84  0.0000  0.0000  8.0000
 68  84  0.0000  0.0000 22.2609
 76  84  0.0677  0.2414 11.7124
 84  84 -0.3610  0.3610  5.9535
 92  84  0.0000  0.0000 11.9011
100  84  0.0000  0.0000 12.0628
108  84  0.0000  0.0000  0.0000
116  84  0.0000  0.0000 11.1304
124  84  0.0774  0.0954 16.0346
132  84  0.0614  0.0892  8.1987
140  84  0.1122 -0.1585  9.0651
148  84  0.0000  0.0000 13.5576
156  84  0.0000  0.0000  6.1440
164  84  0.0000  0.0000 11.1304
172  84  0.0000  0.0000 16.1088
180  84  0.0000  0.0000  8.2581
188  84  0.0000  0.0000  0.0000
196  84  0.0000  0.0000 13.1641
204  84  0.0000  0.0000  0.0000
212  84  0.0000  0.0000  0.0000
220  84  0.0000  0.0000 11.1304
228  84  0.0000  0.0000 11.9011
236  84 -0.4010  0.3865  9.2602
244  84  0.0000  0.0000 11.1304
252  84  0.0000  0.0000  0.0000
260  84  0.0000  0.0000  0.0000
268  84  0.0000  0.0000  0.0000
276  84  0.0000  0.0000  0.0000
284  84  0.0000  2.5000  8.8276
292  84 -0.0832  0.3131  9.8462
  4  92  0.0000  0.0000 10.3154
 12  92  0.0000  0.0000 11.1304
 20  92  0.0000  0.0000  9.4208
 28  92  0.0000  0.0000  0.0000
 36  92 -0.7797  0.0551  7.5881
 44  92  0.3127  0.1061  9.8739
 52  92  0.0000  0.0000 11.1304
 60  92  0.0000  2.5000  8.8276
 68  92  0.0000  0.0000  0.0000
 76  92 -0.5000 -0.1588 10.5785
 84  92  0.0000  0.0000 16.1088
 92  92  0.0000  0.0000  0.0000
100  92  0.0000  0.0000  0.0000
108  92  0.0000  0.0000  0.0000
116  92  0.0000  0.0000 22.2609
124  92  0.0000  0.0000  8.0000
132  92  0.0000  0.0000  0.0000
140  92  0.0610 -0.5000  7.7665
148  92  0.0000  0.0000  0.0000
156  92 -0.0218 -0.2266 12.8350
164  92  0.0000  0.0000 11.1304
172  92  0.0000  0.0000 13.5576
180  92  0.0000  0.0000 19.4783
188  92  0.5000 -0.5000  4.0635
196  92  0.0000  0.0000 16.6956
204  92  0.0000  0.0000  9.4208
212  92  0.0000  0.0000  0.0000
220  92  0.0000  0.0000  0.0000
228  92  0.0000  0.0000  0.0000
236  92 -0.0418 -0.1521 12.6567
244  92  0.0000  0.0000  0.0000
252  92  0.0000  0.0000 11.1304
260  92 -1.5000  0.0000  8.2581
268  92  0.0000  0.0000  0.0000
276  92  0.0000  0.0000  0.0000
284  92  0.0000  0.0000 11.1304
292  92  0.0000  0.0000 11.1304
  4 100  0.1148  1.2319 12.2635
 12 100  0.0000  0.0000 12.3045
 20 100  0.0755 -0.0653 11.8819
 28 100  0.0000  0.0000 17.0667
 36 100  0.0000  0.0000 11.1304
 44 100  0.0000  0.0000  0.0000
 52 100  0.0000  0.0000  0.0000
 60 100  0.0000  0.0000  0.0000
 68 100  0.0000  0.0000  0.0000
 76 100  0.0000  0.0000 11.1304
 84 100  0.0000  0.0000  0.0000
 92 100  0.0000  0.0000  0.0000
100 100  0.0000  2.5000  8.8276
108 100 -1.0000  0.0000  9.2850
116 100  0.0000  0.0000  0.0000
124 100  0.0000  0.0000  0.0000
132 100  0.0000  0.0000 12.0455
140 100  0.0000  0.0000  0.0000
148 100  0.0000  0.0000  0.0000
156 100  0.0000  0.0000 16.1088
164 100  0.0000  0.5000  8.0688
172 100  0.0000  0.0000 11.1304
180 100  0.0000  0.0000  0.0000
188 100  0.0000  0.0000 14.4198
196 100  0.0078  0.0596 19.5884
204 100  0.0000  0.0000 14.5615
212 100  0.0000  0.0000 11.1304
220 100  0.0000  0.0000 11.1304
228 100  4.5000  4.5000  4.0635
236 100  0.0000  2.5000  8.8276
244 100  0.0000  0.0000  0.0000
252 100  0.0000  0.0000  0.0000
260 100 -0.0418 -0.1521 12.6567
268 100  0.0000  0.0000  0.0000
276 100  0.0000  0.0000  0.0000
284 100 -1.5000  0.0000  8.2581
292 100  0.0000  0.0000 11.1304
  4 108 -0.0395  0.4274  8.2950
 12 108  0.0000  0.0000  8.0000
 20 108  0.0000  0.0000 20.7059
 28 108  0.0000  0.0000 11.1304
 36 108  0.0000  0.0000  0.0000
 44 108  0.0000  0.0000  0.0000
 52 108  0.0000  0.0000 16.1088
 60 108  0.0000  0.0000  0.0000
 68 108  0.0000  0.0000  0.0000
 76 108  0.0000  0.0000  0.0000
 84 108  0.0000  0.0000  0.0000
 92 108 -0.0415 -0.2198 10.5463
100 108 -0.3051  0.1275 11.9540
108 108 -0.2917  0.0000 11.1304
116 108  0.0000  0.0000 11.1304
124 108  0.0000  0.0000 13.9636
132 108  0.0000  0.0000  9.2086
140 108 -0.0698 -0.2911 10.5124
148 108  0.0000  0.0000 19.1045
156 108  0.0000  0.0000 12.0455
164 108  0.0000  0.0000 11.1304
172 108  0.0000 -0.5000  8.8276
180 108  0.0000  0.0000  0.0000
188 108 -0.0585  0.1517 13.8055
196 108  0.0000  0.0000 19.4783
204 108  0.0000  0.0000 11.1304
212 108  0.0000  0.0000 16.1088
220 108  0.0000  0.0000  0.0000
228 108  0.0000  0.0000  0.0000
236 108  0.0000  0.0000  0.0000
244 108 -0.3290  2.8274  8.0000
252 108 -0.0192  0.1864 11.8154
260 108  0.0000  0.0000 20.7059
268 108  0.0000  0.0000  0.0000
276 108  0.0000  0.0000  0.0000
284 108 -0.1151 -0.1151 16.5161
292 108  0.0000  0.0000 16.1088
  4 116  0.5000 -1.0416  9.5761
 12 116  0.0000  0.0000 11.1304
 20 116  0.0000  0.0000 22.2609
 28 116  0.0000  0.0000 22.2609
 36 116  0.0000  0.0000 12.0628
 44 116 -0.0533  0.0000  7.9096
 52 116  0.0000  0.0000 16.1088
 60 116  2.5000 -0.1588 10.5785
 68 116  0.0000  0.0000 11.1304
 76 116  2.5000  0.0000  8.8276
 84 116  0.0000  0.0000 13.1641
 92 116 -0.0447 -0.0027  8.1741
100 116 -0.0367  0.2637 10.8805
108 116  0.0000  0.0000 11.1304
116 116  0.0000  0.0000  0.0000
124 116  0.0000  0.0000 11.2521
132 116  0.0000  0.0000 11.1304
140 116  0.0000  0.0000  9.4208
148 116  0.0218  0.2266 12.8350
156 116  0.0000  0.0000  8.2581
164 116  0.0000  0.0000  0.0000
172 116  0.0000  0.0000 12.0455
180 116 -0.5000 -0.5000  4.0635
188 116  0.0000  0.0000  0.0000
196 116  0.0000  0.0000  0.0000
204 116  0.0000  0.0000 11.1304
212 116  0.0000  0.0000 11.1304
220 116  0.0000 -0.1556 12.2969
228 116 -0.1968 -0.0852  9.8302
236 116  2.5000 -0.1180  9.2850
244 116 -0.5000  0.0000  8.8276
252 116     NaN  0.0000  9.5908
260 116  0.0000  0.0000  0.0000
268 116  0.0000  0.0000  0.0000
276 116  2.5000  0.0000  8.8276
284 116  0.0000  0.0000 16.1088
292 116  0.0000  0.0000 17.2183
  4 124  0.0000  0.0000 11.9011
 12 124  0.0000  0.0000 22.2609
 20 124  0.0000  0.0000  0.0000
 28 124 -0.1556  0.0000 12.2969
 36 124 -0.0308 -0.1823 13.1845
 44 124  0.4337  0.0578  8.8276
 52 124 -4.8566  3.5000  8.3934
 60 124  0.0000  0.0000 11.1304
 68 124  0.1960  2.5000 11.1304
 76 124 -0.0000  0.1101  8.5742
 84 124  0.0000  0.0000 22.2609
 92 124  0.0000  0.0000 11.1304
100 124  0.0000  0.0000 12.0628
108 124  0.0000  0.0000  0.0000
116 124  0.0418 -0.1521 12.6567
124 124  0.0000  0.0000 12.0455
132 124  0.5000  0.5000  7.1968
140 124  0.0000  0.0000  9.4208
148 124  0.0000  0.0000 14.5615
156 124  0.5000  0.0000  8.4768
164 124  0.0000  0.0000  0.0000
172 124  1.0756  0.0431  7.0865
180 124 -0.1151  0.1151 16.5161
188 124  0.0000  0.0000  0.0000
196 124  0.0000  0.0000  0.0000
204 124  0.0000  0.0000  0.0000
212 124  0.0000  0.0000  0.0000
220 124  0.0000  0.0000 11.1304
228 124  0.0000  0.0000 11.1304
236 124  0.0000  0.0000 11.1304
244 124  0.0000  0.0000 11.1304
252 124  0.0000  0.0000  0.0000
260 124  0.0000  0.0000  0.0000
268 124  0.0000  0.0000  0.0000
276 124  0.0000  0.0000 16.1088
284 124  0.0000  0.0000 11.1304
292 124  0.0000  0.0000 16.1088
  4 132  0.0000  0.0000  0.0000
 12 132  0.0000  0.0000 12.0628
 20 132  0.0000  0.0000  0.0000
 28 132 -0.0557 -0.0193 15.2661
 36 132  0.0000  0.0000  8.0000
 44 132  0.0000  0.0000  0.0000
 52 132  1.1838 -0.5000  7.5779
 60 132  0.0000 -0.5000  8.8276
 68 132  1.5000 -0.0448  8.9013
 76 132  0.0000  0.0000 17.0667
 84 132  0.4130 -0.3679  7.6027
 92 132  0.0000  0.0000  0.0000
100 132 -0.0698 -0.2911 10.5124
108 132  0.0000  0.0000 13.0803
116 132  0.0000  0.0000 16.1088
124 132  0.0000  0.0000 16.1088
132 132  0.0000  0.0000  0.0000
140 132  0.0000  0.0000 22.2609
148 132  0.0000  0.0000 14.2815
156 132  0.0000  0.0000  0.0000
164 132  0.0000  0.0000  0.0000
172 132  0.0000  0.0000 11.1304
180 132  0.0000  0.0000 12.0628
188 132  0.0000  0.0000  0.0000
196 132  0.0000  0.0000 11.1304
204 132  0.0000  0.0000  0.0000
212 132  0.0000  0.0000  0.0000
220 132  0.0000  0.0000  0.0000
228 132  0.0000  0.0000  0.0000
236 132  0.0000  0.0000  0.0000
244 132  0.0000  0.0000  0.0000
252 132  0.0000  0.0000  0.0000
260 132  0.0000  0.0000 17.0667
268 132  0.0000  0.0000 11.1304
276 132  0.0000  0.0000  0.0000
284 132  0.0000  0.0000 16.1088
292 132  0.0000  0.0000 20.7059
  4 140  0.1151  0.1151 16.5161
 12 140  0.0000  0.0000 16.1088
 20 140  0.0000  0.0000 11.1304
 28 140  0.0000  0.0000  0.0000
 36 140  0.0000  0.0000  0.0000
 44 140  0.0000  1.1711  9.1178
 52 140  0.1528 -0.2663  7.7576
 60 140  0.1113  1.6014 11.9803
 68 140  0.5000  0.0000 11.1304
 76 140  0.3092 -0.0366 14.7465
 84 140  0.0000  0.0000 16.1088
 92 140 -0.0541  0.5000  8.3718
100 140  0.0000  0.0000 11.1304
108 140  0.0000  0.0000 11.1304
116 140  0.0000  0.0000 11.1304
124 140 -1.0000  0.0000  9.2850
132 140  0.0000  0.0000 11.1304
140 140  0.0000  0.0000  0.0000
148 140  0.0000  0.0000  0.0000
156 140  0.0000  0.0000 11.1304
164 140  0.1960 -0.5000 11.1304
172 140  0.0000  0.0000 16.1088
180 140  0.2780 -0.1270 13.3759
188 140  0.0000  0.0000 11.1304
196 140  0.0000  0.0000  0.0000
204 140  0.0000  0.0000 16.1088
212 140  0.0000  0.0000 16.1088
220 140  0.0000  0.0000  0.0000
228 140  0.0000  0.0000  0.0000
236 140  0.0000  0.0000  0.0000
244 140  0.0000  0.0000  0.0000
252 140  0.0000  0.0000  0.0000
260 140  0.0000  0.0000  0.0000
268 140  0.0000  0.0000  0.0000
276 140  0.0000  0.0000 11.1304
284 140  0.0000  0.0000  0.0000
292 140  0.0000  0.0000  0.0000
  4 148  0.0000  2.5000  8.8276
 12 148  0.0000  0.0000  0.0000
 20 148  0.0000  0.0000  0.0000
 28 148  0.0000  0.0000  0.0000
 36 148  0.0000  0.0000  0.0000
 44 148 -0.0581  0.0347  9.2021
 52 148 -0.0050  0.0053 10.4134
 60 148  0.0000  0.0000  0.0000
 68 148  0.0000  0.0000 21.6135
 76 148  0.0000  0.0000 12.8600
 84 148  0.0000  0.0000  0.0000
 92 148  0.0000  0.0000 16.1088
100 148  0.0000  0.0000 11.1304
108 148  0.8288 -0.0412  9.9740
116 148  0.0000  0.0000  0.0000
124 148  0.0610 -0.5000  7.7665
132 148  0.0000  0.0000 11.1304
140 148  0.0000  0.0000 19.1045
148 148  0.0000  0.0000 11.1304
156 148  0.0000  0.0000  0.0000
164 148  0.2302 -0.2714  9.1038
172 148  0.0000  2.5000  8.8276
180 148  0.0000  0.0000 11.1304
188 148  0.0000 -0.5000  8.8276
196 148  0.0000  0.0000 16.1088
204 148  0.1546 -0.0660 18.6254
212 148 -0.3542 -0.3194  7.4160
220 148  0.0000  0.0000 11.1304
228 148  0.0000  0.0000  0.0000
236 148  0.0000  0.0000  0.0000
244 148  0.0000  0.0000  0.0000
252 148  0.0000  0.0000 11.1304
260 148  0.0000  0.0000 11.1304
268 148  0.0000  0.0000 16.1088
276 148  0.0000  0.0000 12.0628
284 148  0.0000  0.0000 11.9011
292 148  2.0761  0.1459 14.3598
  4 156  0.0000  0.0000 16.1088
 12 156  0.0000 -0.1960 11.1304
 20 156  0.0000 -0.1556 12.2969
 28 156  0.0000  0.0000  0.0000
 36 156  0.0000  0.0000  0.0000
 44 156 -0.2780  0.1270 13.3759
 52 156  0.0000  0.0000 20.7059
 60 156 -0.1163  0.0631 12.5926
 68 156 -0.0393  0.0533 12.1715
 76 156 -0.1603  1.0000  4.9181
 84 156  0.0000  0.0000 12.0455
 92 156  0.0000  0.0000 16.1088
100 156  0.0000  0.0000  0.0000
108 156  0.0000  2.5000  8.8276
116 156  0.0000  0.0000 11.1304
124 156 -1.0000  0.0000  8.2581
132 156  0.0000  0.0000  0.0000
140 156  0.0000  0.0000 19.1045
148 156  0.0000  0.0000  0.0000
156 156  0.0000  0.0000  0.0000
164 156  0.0000  0.0000  9.4208
172 156  0.0000  0.0000 11.1304
180 156  0.0000  0.0000 11.1304
188 156  0.1164  2.5000  7.6040
196 156  1.2596 -0.3479  7.1968
204 156 -0.2780  0.1270 13.3759
212 156  0.0000  0.0000  0.0000
220 156  0.0000  0.0000 11.1304
228 156 -0.5000  0.0000  8.8276
236 156  0.0000 -0.5000  8.8276
244 156  0.0000  0.0000  0.0000
252 156  0.0000  0.0000 11.1304
260 156  0.0000  0.0000 17.0667
268 156  0.0000  0.0000 16.1088
276 156  0.0000  0.0000  0.0000
284 156  5.0000 -0.1876  8.5995
292 156 -0.5000  0.0000  8.8276
  4 164  0.0000  0.1960 11.1304
 12 164  0.0000  0.0000  0.0000
 20 164 -0.0698  0.2911 10.5124
 28 164 -1.3070 -0.0337 12.4709
 36 164  0.0000  0.0000  0.0000
 44 164  0.0000  0.0000 12.0628
 52 164  0.0000  0.0000 11.1304
 60 164  0.0000  0.0000 16.1088
 68 164  0.0000  0.0000 16.1088
 76 164  0.0000  0.0000 16.1088
 84 164  0.0000  0.0000 16.1088
 92 164  0.0000  0.0000 16.1088
100 164  0.0000  0.0000  0.0000
108 164  0.5000  0.0000  8.8276
116 164  0.0000  0.0000 11.1304
124 164  0.0000  0.0000  8.2581
132 164  0.0000  0.0000  0.0000
140 164  0.0000  0.0000 21.6949
148 164  0.0000  0.0000 11.1304
156 164  0.0000  0.0000 11.1304
164 164  0.0000  0.0000  9.2850
172 164  0.0000  0.0000 11.1304
180 164  0.0000  0.0000 11.1304
188 164  0.0000  0.0000 11.1304
196 164  0.0000  0.0000  0.0000
204 164  0.0000  0.0000  0.0000
212 164  0.0000  0.0000  0.0000
220 164  0.0000  0.0000 12.0628
228 164  0.0000  0.0000 11.1304
236 164  0.0000  0.0000 16.1088
244 164  0.0000  0.0000 11.1304
252 164  0.0000  0.0000 16.1088
260 164  0.0000  0.0000 11.1304
268 164  0.0000 -0.5000  8.8276
276 164  0.0000  0.0000  0.0000
284 164  0.0000  0.0000 11.1304
292 164  0.0000  0.0000  0.0000
  4 172  0.0000  0.0000  0.0000
 12 172  0.0000  0.0000 11.1304
 20 172  1.5000  0.0000  8.2581
 28 172  0.0000  0.0000  0.0000
 36 172  0.0000  0.0000  0.0000
 44 172  0.0000  0.0000 12.0628
 52 172  0.0000  0.0000  0.0000
 60 172  0.0000  0.0000 11.1304
 68 172  0.0000  0.0000  0.0000
 76 172  0.0000  0.0000  0.0000
 84 172  0.0000  0.0000 11.1304
 92 172  0.0000  0.0000  0.0000
100 172  0.0000  0.0000  0.0000
108 172  0.0000  0.0000 11.1304
116 172  0.0000  0.0000 11.1304
124 172 -0.1841 -0.0418 12.3683
132 172  0.0000  0.0000  0.0000
140 172  0.0000  0.0000 11.1304
148 172  0.0000  0.0000 16.1088
156 172  0.0000  0.0000  0.0000
164 172  0.0000  0.0000  9.2850
172 172  0.0000  0.0000  0.0000
180 172  0.0000 -0.5000  8.8276
188 172 -0.5000  0.0000  8.8276
196 172  0.0000  0.0000 11.1304
204 172  0.0000  0.0000 11.1304
212 172  0.0000  0.0000  0.0000
220 172  0.0000  0.0000 19.4783
228 172  0.0000  0.0000 11.1304
236 172  0.0000  0.0000 11.1304
244 172  0.0000  0.0000 16.1088
252 172  0.0000  0.0000  0.0000
260 172  0.0000  0.0000  0.0000
268 172  0.0000  0.0000  0.0000
276 172  0.0000  0.0000 19.4783
284 172  0.0000  0.0000 11.1304
292 172  0.0000  0.0000  0.0000
  4 180  0.0000  0.0000 16.1088
 12 180  2.5000  0.0000  8.8276
 20 180  0.0000 -0.5000  8.8276
 28 180  0.0000  0.0000 11.1304
 36 180 -0.5000  0.0000  8.8276
 44 180  0.0000  0.0000 16.1088
 52 180  0.0000  0.0000 11.1304
 60 180  0.0000  0.0000 16.1088
 68 180  0.0000  0.0000  0.0000
 76 180  0.0000  0.0000 11.1304
 84 180 -0.0698  0.2911 10.5124
 92 180  0.0000  0.0000 11.1304
100 180 -2.3677  0.1145 12.8207
108 180  0.1068  0.3135 15.1963
116 180  0.0000  0.0000 11.1304
124 180  0.0000  0.0000 13.5576
132 180  0.0000  0.0000 11.1304
140 180  0.0000  0.0000 12.0455
148 180  0.0000  0.0000 13.5576
156 180  0.0000  0.0000 16.1088
164 180  0.0000  0.0000 10.9491
172 180 -0.1068 -0.3135 15.1963
180 180  0.0000  0.0000  0.0000
188 180  0.0000  0.0000  0.0000
196 180  0.0000  0.0000  0.0000
204 180  0.0000  0.0000  0.0000
212 180  0.0000  0.0000 11.1304
220 180  0.0000  0.0000 11.1304
228 180  1.3070 -0.0337 12.4709
236 180  0.0000  0.0000 11.1304
244 180  0.0000  0.0000 16.1088
252 180  0.0000  0.0000 22.2609
260 180  0.0000  0.0000 11.1304
268 180 -0.5000  0.1588 10.5785
276 180  0.0000  0.0000 16.1088
284 180  0.0000  0.0000 11.1304
292 180  0.0000  0.0000 11.1304
  4 188  0.0000  0.0000  0.0000
 12 188  0.0000 -0.5000  8.8276
 20 188 -0.5000  0.0000  8.8276
 28 188  0.0000  0.0000 22.2609
 36 188 -0.3309 -0.0637  7.1846
 44 188  0.0000  0.0000  9.4948
 52 188  0.1151  0.1151 16.5161
 60 188  1.5000  0.0000  8.2581
 68 188  0.0000  0.0000 11.1304
 76 188  0.0000  0.0000 16.1088
 84 188  0.0000  0.0000 17.2183
 92 188  0.0000  0.0000  0.0000
100 188  0.0000  0.0000 11.1304
108 188  0.5000  0.0000 11.1304
116 188 -0.1696  0.0000 12.5902
124 188  0.0000  0.0000  0.0000
132 188  0.0000  0.0000 19.1045
140 188  0.0000  0.0000 12.0628
148 188  0.0000  0.0000 17.2183
156 188  0.0000  0.0000 13.0803
164 188  0.0000  0.0000  0.0000
172 188 -0.1752  0.2180 11.3683
180 188  0.3091  0.0000 15.7112
188 188  0.0000  2.5000  8.8276
196 188  0.0000  0.0000 11.1304
204 188  0.0000  0.0000  0.0000
212 188 -0.1180 -0.5000  9.2850
220 188  0.0000  0.0000 10.2400
228 188  0.0000  0.0000 12.0455
236 188  0.0000  0.0000 16.1088
244 188  0.0000  0.0000 11.1304
252 188 -0.0418 -0.1521 12.6567
260 188  0.0000  0.0000 22.2609
268 188  0.0000  0.0000 11.1304
276 188  0.0000  0.0000  0.0000
284 188  0.0000  0.0000  0.0000
292 188  0.0000  0.0000 11.1304
  4 196 -0.2226 -0.3841  7.5838
 12 196  0.0351  0.0056  6.2330
 20 196  0.0000  0.0000 16.1088
 28 196  0.0000  0.0000  0.0000
 36 196  0.0000  0.0000 16.1088
 44 196 -0.4681  0.0000  9.5738
 52 196  0.0000  0.0000 10.1191
 60 196  0.0000  0.0000 12.0455
 68 196  0.0000  0.0000 16.1088
 76 196  0.0000  0.0000 12.0455
 84 196     NaN  0.0000 17.0667
 92 196  0.0000  0.0000 11.1304
100 196  0.0000  0.0000 11.1304
108 196  0.0000  0.0000 12.0628
116 196  0.0000  0.0000 13.0803
124 196 -1.5000  2.5000  7.4357
132 196  0.0000  0.0000  0.0000
140 196  0.0000  0.0000 12.0628
148 196     NaN  0.0000 17.0667
156 196  0.0000  0.0000 16.1088
164 196  0.0000  0.0000  0.0000
172 196 -0.3709  0.1219  8.5203
180 196  0.0000  0.0000  0.0000
188 196  2.5000  0.0000  8.8276
196 196  0.0000  0.0000  0.0000
204 196  0.0000  0.0000 11.1304
212 196  0.0000  0.0000  0.0000
220 196  0.0000  0.0000 11.9011
228 196  0.0000  0.0000 16.1088
236 196  0.0000  0.0000 11.1304
244 196  0.0000  0.0000  0.0000
252 196  0.0000 -0.5000  8.8276
260 196  0.0000  0.0000 19.1045
268 196  0.0000  0.0000  0.0000
276 196  0.0000  0.0000  0.0000
284 196  0.0000  0.0000 17.0667
292 196  0.0000  0.0000 11.1304
  4 204  0.0000  0.2781  9.8941
 12 204  0.0707 -0.0172  6.3383
 20 204  0.0000  0.0000 11.1304
 28 204  0.0000  0.0000  0.0000
 36 204  0.4681  0.0000  9.5738
 44 204  0.0000  0.0000 12.0455
 52 204  0.0000  0.0000 13.7544
 60 204 -0.1151 -0.1151 16.5161
 68 204  0.0000  0.0000 11.1304
 76 204  0.0000  2.5000  8.8276
 84 204  0.0000  0.0000  0.0000
 92 204  0.0000  0.0000  0.0000
100 204  0.0000  0.0000 11.1304
108 204  0.0000  0.0000 12.0455
116 204  0.0000  0.0000 11.1304
124 204  0.0000  0.0000 16.1088
132 204  0.0000  0.0000  0.0000
140 204  4.8566  2.5000  8.3934
148 204  0.0000  2.0000 11.1304
156 204  0.0000  0.0000  0.0000
164 204  0.0000  0.0000 11.1304
172 204  0.2147  0.2237  7.7009
180 204  0.0000  0.0000  0.0000
188 204  0.0000  0.0000  0.0000
196 204  0.0000  0.0000  0.0000
204 204  0.0000  0.0000  0.0000
212 204  0.0000  0.0000  0.0000
220 204  0.0000  0.0000 11.1304
228 204  0.0000  0.0000  0.0000
236 204  0.0000 -0.5000  8.8276
244 204  0.0000  0.0000 17.0667
252 204  0.0000  0.0000 11.1304
260 204  0.0000  0.0000 19.1045
268 204  0.0000  0.0000  0.0000
276 204  0.0000  0.0000  0.0000
284 204  0.0000  0.0000 11.1304
292 204  0.0000  0.0000 11.1304
  4 212  0.0000  0.0000  9.2850
 12 212  0.0000  0.0000  0.0000
 20 212  0.0000  0.0000  0.0000
 28 212  0.0000  0.0000 16.1088
 36 212  0.1960 -0.5000 11.1304
 44 212  0.0000  2.5000  8.8276
 52 212  0.1439 -0.0853 11.4193
 60 212  0.0000  0.0000 11.1304
 68 212  0.0000  0.0000  0.0000
 76 212  0.0000  0.0000 11.1304
 84 212  0.0000  0.0000 11.1304
 92 212 -0.5000 -0.5000  4.0635
100 212  0.0000  0.0000  0.0000
108 212  0.0000  0.0000  1.0000
116 212  0.0000  0.0000  8.2581
124 212  0.0000  0.0000  0.0000
132 212  0.0000  0.0000 11.1304
140 212  0.0000  0.0000  0.0000
148 212  0.0000  0.0000 11.1304
156 212  0.0000  0.0000  0.0000
164 212  0.0000  0.0000  0.0000
172 212  0.0000 -0.3147  7.9175
180 212  0.0000  0.0000  0.0000
188 212  0.0000  0.0000  0.0000
196 212  0.0000  0.0000  0.0000
204 212  0.0000  0.0000  0.0000
212 212  0.0000  0.0000  8.4768
220 212  0.0000  0.0000 11.1304
228 212  0.0000  0.0000 11.1304
236 212  0.0000  0.0000 16.1088
244 212  0.0000  0.0000 16.1088
252 212  0.0000  0.0000 11.1304
260 212  0.0000  0.0000 19.1045
268 212  0.0000  0.0000 11.1304
276 212  0.0000  0.0000  0.0000
284 212  0.0000  0.0000  0.0000
292 212  0.0000  0.0000 12.0628
  4 220  0.0000  0.0000 16.1088
 12 220  0.0000  0.0000  0.0000
 20 220  0.0000  0.0000  0.0000
 28 220  1.0000  0.0000  9.2850
 36 220  0.0000  0.0000  0.0000
 44 220  0.5000  0.0000  8.4768
 52 220  0.0000  0.0000 11.1304
 60 220  0.0000  0.0000 11.1304
 68 220  0.0000  0.0000 12.0628
 76 220  0.0378 -0.0868 15.2803
 84 220  0.0000  0.0000  0.0000
 92 220  0.0000  0.0000  0.0000
100 220  0.0000  0.0000 11.1304
108 220  0.0000  0.0000 19.1045
116 220  0.0000  2.5000  8.8276
124 220  0.0000  0.0000 11.1304
132 220  0.0000  0.0000  0.0000
140 220  0.0000  0.0000  0.0000
148 220  0.0000  0.0000  0.0000
156 220  0.0000  0.0000  0.0000
164 220 -0.5000  0.0000  8.8276
172 220 -0.0610 -0.5000  7.7665
180 220  1.5000  0.0000  8.2581
188 220  0.0000  0.0000  0.0000
196 220  0.0000  0.0000  0.0000
204 220  0.0000  0.0000  0.0000
212 220  0.0000  0.0000  0.0000
220 220  0.0000  0.0000  0.0000
228 220  0.0000  0.0000 16.1088
236 220  0.0000  0.0000 17.2183
244 220  0.0000  0.0000 11.1304
252 220  0.0000  0.0000 16.1088
260 220 -0.1556  0.0000 12.2969
268 220  0.0000  0.0000  0.0000
276 220  0.0000  0.0000 11.1304
284 220  0.0000  0.0000  0.0000
292 220  0.0000  0.0000 11.1304
