VARIABLES= "X pix", "Y pix", "U pix/dt", "V pix/dt", "CHC", ZONE I=28, J=37
  4   4 -0.0025 -0.1515 11.6907
 12   4  0.0000  0.0127 11.0049
 20   4  0.0000 -0.0409  9.7450
 28   4  0.0000  0.0000 10.4143
 36   4  0.0000 -0.0820 10.4928
 44   4  0.0000 -0.0820 10.4928
 52   4  0.0000 -0.0690 10.4537
 60   4  0.0000 -0.1061  9.4980
 68   4  0.0032  0.0404 10.3057
 76   4 -0.0013  0.0308 11.3390
 84   4  0.0041 -0.0026 11.0010
 92   4 -0.0226  0.0540 11.0141
100   4  0.0050  0.0364 11.9812
108   4 -0.0045 -0.0011 11.7517
116   4  0.0000  0.0299 11.8070
124   4  0.0000 -0.0112 11.8082
132   4  0.0000 -0.0403 12.0181
140   4  0.0000  0.0068 12.2916
148   4  0.0000  0.0197 12.7845
156   4  0.0000  0.0000 11.7754
164   4  0.0153  0.0158 11.9041
172   4  0.0063  0.0021 11.9550
180   4  0.0088 -0.0184 11.8508
188   4  0.0096 -0.0029 11.9608
196   4  0.0071 -0.0723 11.9159
204   4  0.0067 -0.0605 11.6862
212   4  0.0046 -0.1425 12.4488
220   4 -0.0449  0.1405 11.0342
228   4 -0.1175  0.0383 11.8362
236   4  0.0271  0.0517 11.3479
244   4  0.0402  0.1238 11.1145
252   4  0.1386 -0.0058 11.1590
260   4 -0.0028  0.0401 12.6214
268   4  0.0000  0.0960 14.9634
276   4 -0.0061 -0.1045 13.4737
284   4  0.0000 -0.1380 12.9792
292   4 -0.0827  0.0146 11.8957
  4  12  0.0591  2.3692  8.7502
 12  12  0.3857 -1.3528  8.6425
 20  12  0.0000 -1.3385  9.4815
 28  12 -0.2038 -0.4307 11.4395
 36  12  0.1230 -1.1333 13.6580
 44  12  0.0000 -0.5000  7.8528
 52  12  0.0000 -1.2472 11.4627
 60  12  0.0000 -0.5000 10.4065
 68  12 -0.0669 -0.2802  7.6863
 76  12  0.0000 -0.6670  9.8331
 84  12 -0.1691 -0.5967  7.5124
 92  12     NaN  4.8783  8.0189
100  12 -0.4714  5.0696  5.7750
108  12  0.0622 -1.4776  8.1779
116  12 -0.0985 -1.2583  7.7937
124  12  0.0000 -1.6685  8.3212
132  12 -0.1043 -1.4376  8.2840
140  12  0.0000 -1.3538  8.0127
148  12 -0.0251 -1.0620  8.3474
156  12  0.2631  1.9041 11.2425
164  12 -0.3241  0.9166 11.4880
172  12 -0.1594 -1.4062  7.6065
180  12  0.0556 -1.0906  6.8084
188  12 -0.0055 -1.1047  7.3244
196  12  0.0075 -0.7839  7.6160
204  12 -0.0523 -0.4875  8.8407
212  12  0.1308  0.0114  6.9988
220  12  0.0000 -1.0410  7.7057
228  12  0.0000 -0.7557  7.6477
236  12 -0.0303 -0.3934  8.0157
244  12  0.0000 -0.4803  8.7387
252  12  0.0433 -0.9968  9.6807
260  12  0.1000 -1.0154  9.9496
268  12 -0.1056 -0.7239  9.5940
276  12 -0.0063 -0.5210  9.3054
284  12 -0.1081 -0.2045 10.7041
292  12  0.1943 -0.5027  9.8708
  4  20  0.0071  0.0605  9.9981
 12  20  0.1663  0.0708  9.9141
 20  20 -0.0488 -0.0047  7.8623
 28  20  0.0116 -0.1647  6.5083
 36  20  0.0000  0.0000  1.0000
 44  20  0.0000  0.0000  1.0000
 52  20  0.0056  6.4753  9.8847
 60  20  0.0000  0.0000  1.0000
 68  20  0.1056  6.4894  8.9138
 76  20 -0.0518  6.2626  9.5551
 84  20 -0.0294  6.2620 11.5495
 92  20 -2.2845  5.3218  7.8447
100  20 -0.1640 -0.9945 11.9892
108  20 -0.1365 -0.1863 14.0198
116  20 -0.0139 -0.0983 14.1108
124  20 -0.0388 -0.1001 15.8824
132  20  0.1033 -0.0800 14.5780
140  20  0.1749 -0.0317 13.2655
148  20 -0.0155 -0.2662 10.4480
156  20 -0.0863 -0.5977 15.4120
164  20  0.0411 -0.6034 15.4924
172  20  0.0000  0.0000  1.0000
180  20  0.1284 -0.4439 12.3573
188  20  0.0000  0.0000  1.0000
196  20 -0.0808  0.0461 19.3841
204  20  0.0104 -0.0746 17.2094
212  20  0.0141 -0.1521 23.4785
220  20 -0.0753 -0.0665 19.6628
228  20  0.0739  0.0399 18.1413
236  20  0.3337  0.0923 15.7057
244  20 -0.0507 -0.2315 14.5521
252  20 -0.0424 -0.1125 16.2680
260  20  0.2190 -0.2647 11.9874
268  20 -0.1156  0.0805 13.7289
276  20  0.1227  0.2625 12.1501
284  20 -0.1640 -0.0465 12.0255
292  20  0.2797 -0.0147 12.7369
  4  28 -0.0197 -0.2037 10.9911
 12  28  0.0053 -0.1451 13.1919
 20  28 -0.1560 -0.2189 13.6810
 28  28 -0.0813 -0.1419  8.8408
 36  28 -0.0087 -0.1670  8.3521
 44  28 -0.0438 -0.1420  8.4109
 52  28 -0.0006 -0.1717  7.9398
 60  28  0.0000 -0.0185  7.9566
 68  28  0.0035 -0.1367  8.7984
 76  28 -0.0275  0.0123  7.7471
 84  28  0.0004 -0.0335  7.1718
 92  28  0.0241 -0.0501  7.9310
100  28  0.0312 -0.2248  7.9429
108  28 -0.0078 -0.0204  7.7874
116  28  0.0281 -0.0240  8.2569
124  28 -0.1293 -0.1167  6.8212
132  28  0.1963 -0.1869  6.0527
140  28  0.0725 -0.7806  6.1543
148  28 -0.0774 -0.9868 11.3755
156  28 -0.0842  0.0059 14.3699
164  28  0.9545 -0.2787 11.1591
172  28  0.1421 -0.2345 11.9985
180  28 -0.0711  0.1593  7.7754
188  28 -0.0880  0.2172  6.9431
196  28 -0.0234  0.1787  6.6229
204  28  0.0000  0.0897  6.7927
212  28 -0.0234  0.0316  6.4257
220  28  0.0098  0.0433  6.3973
228  28 -0.0597  0.1634  6.9823
236  28 -0.0671 -0.0823  6.4366
244  28 -0.0537 -0.2623  6.9317
252  28  0.0630 -0.2723  6.9746
260  28 -0.0079 -0.3105  7.5525
268  28 -0.0138 -0.0586  7.5538
276  28 -0.0100 -0.0456  6.9472
284  28 -0.0101 -0.1978  6.7520
292  28 -0.0196 -0.1685  6.5963
  4  36 -0.3603 -1.1693  7.0375
 12  36 -0.0348 -0.0496  7.3988
 20  36  0.0215  0.2315  7.6481
 28  36  0.4302 -0.1488 10.5755
 36  36  0.1214 -0.2177 12.3209
 44  36 -0.0150  0.0151 17.7021
 52  36 -0.1690 -0.0227 16.0773
 60  36 -0.0279 -0.1234 11.2572
 68  36 -0.0435 -0.1370  9.2887
 76  36 -0.0919 -0.3131  8.2522
 84  36 -0.1409 -0.6073  5.8754
 92  36 -0.2151  0.1471 12.5612
100  36 -0.2396  0.2114 10.0333
108  36  0.0000 -2.1960 11.1304
116  36 -0.5000 -0.5000  7.4160
124  36  0.1960  2.5000 11.1304
132  36 -1.0000  0.2767  7.0995
140  36 -1.2991  5.5989  8.7945
148  36 -0.0304  0.0464 15.3761
156  36 -0.0725 -1.0376 11.1540
164  36  0.2174 -0.6996 11.1112
172  36  0.0686 -0.0124 11.7717
180  36  0.3703 -0.1846  9.3659
188  36  0.1050 -0.1563  8.5374
196  36 -0.0960 -0.0779  9.8406
204  36  0.1654 -0.1155 10.9559
212  36 -0.1137 -0.0332 12.5566
220  36  0.0337  0.0119 14.1508
228  36  0.0000  0.0000 10.8982
236  36  0.1862 -0.0541 16.2629
244  36  0.0080  0.3923  9.0661
252  36 -0.2013 -0.0046  9.9556
260  36  0.1259 -0.1717 10.7616
268  36  0.7832 -0.2253 10.6845
276  36 -0.1141 -0.1329 16.5300
284  36 -0.1305 -0.7278 10.9970
292  36 -0.1672 -0.3418 10.4912
  4  44 -0.0341 -0.1109 15.6819
 12  44 -0.0563 -0.0967 12.8894
 20  44 -0.0907  0.1483 11.1832
 28  44  0.0252 -0.0673  8.7400
 36  44  0.1102 -1.1685  5.8666
 44  44  0.1993  0.1307  9.3746
 52  44  0.0000  0.0000  0.0000
 60  44  0.0000  0.0000  0.0000
 68  44  0.0000  0.0000  0.0000
 76  44  0.0000  0.0000  0.0000
 84  44  0.0000  0.0000  0.0000
 92  44  0.0000  0.0000 12.0628
100  44  0.0000  0.0000  0.0000
108  44  0.0000  0.0000  0.0000
116  44 -1.1838 -0.5000  7.5779
124  44  0.0000  0.0000 11.1304
132  44 -0.1960 -0.5000 11.1304
140  44  0.0235 -0.0449  5.2906
148  44 -0.1037 -0.4252  9.8714
156  44  0.0554 -0.5687  6.9745
164  44  0.0003 -0.5860  7.4901
172  44 -0.0462 -0.1524  7.8497
180  44 -0.0331  0.0796  8.7122
188  44  0.1012 -0.0458 14.0274
196  44  0.1774 -0.4006  8.8212
204  44  0.0430 -0.0560  9.9007
212  44 -0.0190  0.0221 12.1831
220  44 -0.0059  0.0610 13.2487
228  44 -0.0051  0.0603 13.0004
236  44  0.1510 -0.0128 10.1715
244  44  0.0027 -0.3498 10.3708
252  44 -0.0998 -0.1582 10.7386
260  44  0.0960 -0.0646 12.4385
268  44  0.0337 -0.2042 11.3009
276  44 -0.0327 -0.1195 15.6484
284  44  0.0000  0.3309 10.5785
292  44 -0.1837 -0.2064  8.3101
  4  52  0.3407 -1.7000  7.4038
 12  52  0.0000  0.0000  0.0000
 20  52  0.0000  0.0000  0.0000
 28  52  0.0000  0.0000  0.0000
 36  52  0.0000  0.0000 11.1304
 44  52 -0.1960  0.0000 11.1304
 52  52  2.5000  0.4070  7.0637
 60  52  0.0000  0.0000 11.1304
 68  52  0.0000  0.0000  0.0000
 76  52  0.0000  0.0000  0.0000
 84  52  0.0000  0.0000 11.1304
 92  52 -0.0582 -0.1399  7.6690
100  52 -0.3141 -0.3028 12.1905
108  52 -0.0754 -2.0313 17.1594
116  52  0.0000 -1.7251  8.5018
124  52  0.0000  0.1960 11.1304
132  52 -0.2568  0.0627  8.5469
140  52  0.0000  0.0548  9.9740
148  52 -0.0384 -0.0047  9.8161
156  52 -0.0482  0.3418  8.0876
164  52 -0.0999 -1.1982  7.1783
172  52  0.3512 -0.2823  8.3934
180  52  0.0000  0.0000 11.1304
188  52 -0.5000  4.5000  4.0635
196  52  0.5000  0.0000 11.1304
204  52  0.0000  0.0000  0.0000
212  52  0.0000  0.0000  0.0000
220  52  0.0610  1.0000  8.9210
228  52 -0.1708 -0.2241 10.2792
236  52  0.0149 -0.2749  9.0775
244  52  0.1639 -0.3442 11.8274
252  52  0.0000 -0.9619  7.9850
260  52  0.0772  2.1715  5.8598
268  52 -0.2079  0.2053  7.3107
276  52  0.2281 -0.1829  8.9838
284  52 -0.0938 -0.0937 10.9676
292  52 -0.0579 -0.1569 12.9074
  4  60  0.0000  0.0000  0.0000
 12  60  0.0000  0.0000  0.0000
 20  60  0.0000  0.0000  0.0000
 28  60  0.0000  0.0000  0.0000
 36  60  0.0000  0.0000  0.0000
 44  60 -0.2229 -0.2756 13.4737
 52  60 -0.0835 -0.0429 12.3294
 60  60  0.0000  0.0000  0.0000
 68  60 -0.2351  0.1416 15.9566
 76  60 -0.2285 -0.0802  8.0196
 84  60 -0.4608 -1.3631  9.0252
 92  60 -0.3088 -1.5000 10.1661
100  60 -0.0180 -0.1920  6.7419
108  60  0.0000  0.2391  6.8449
116  60  0.0000 -0.2593  8.7521
124  60 -0.1650  0.0218 13.5841
132  60 -0.2761  0.0806  9.3746
140  60  0.0049 -0.0428 13.1592
148  60 -0.5000  0.0000  8.8276
156  60  0.0000  0.0000 11.1304
164  60 -0.2907  0.0403 10.5761
172  60 -0.1223  2.9426  7.4323
180  60  0.0000  0.0000 11.1304
188  60  0.1151  0.1151 16.5161
196  60  0.0000  0.0000 20.7059
204  60  0.0000  0.0000  0.0000
212  60  0.0000  0.0000  0.0000
220  60  0.0000  0.0000  0.0000
228  60  0.0000  0.0000 11.1304
236  60  0.1960  0.0000 11.1304
244  60  0.0289 -2.0957  6.9728
252  60  0.0738 -0.3377  8.9309
260  60  0.0000 -0.0150  8.3380
268  60 -0.2141  0.0341 12.3209
276  60  0.0000 -0.5000  8.8276
284  60 -0.0593 -0.1399  7.3827
292  60  0.2855  0.1732 10.8782
  4  68  0.0000  0.0000  0.0000
 12  68  0.0000  0.0000  0.0000
 20  68  0.0000  0.0000  0.0000
 28  68  0.1063  0.0000  6.9728
 36  68  4.5000  0.1174 13.8795
 44  68  0.0000  0.0000  0.0000
 52  68 -0.1835  0.0466 17.9649
 60  68  0.0000  0.0000 16.1088
 68  68  0.0000  0.0000 11.1304
 76  68 -0.5000 -2.0000  8.1852
 84  68 -0.1205 -1.1017 10.7418
 92  68 -0.2418 -0.0207 16.0994
100  68  0.0000 -0.5000  4.0635
108  68  0.0000  0.0000 11.1304
116  68  0.0000  0.0000 11.1304
124  68 -0.5838  0.3144  8.0688
132  68 -0.5000  0.0000 11.1304
140  68  0.0000  0.0000 11.9011
148  68 -1.1711 -0.0215 11.8291
156  68  0.0000 -0.0855 10.6035
164  68  0.0000  0.0000 16.1088
172  68  0.0000  0.0000 16.1088
180  68  0.0000  0.0000  0.0000
188  68  0.0832 -0.3131  9.8462
196  68  0.0000  0.0000  0.0000
204  68  0.0000  0.0000 19.1045
212  68  0.0000  0.0000  0.0000
220  68  0.0000 -0.1960 11.1304
228  68 -0.5000  0.0000  8.8276
236  68  0.0000  0.0000  0.0000
244  68  0.0000  0.0000  8.4768
252  68 -0.5000  0.0000  8.8276
260  68  0.0000  0.0000  0.0000
268  68 -0.5000  0.0000  8.8276
276  68  0.1810  0.0760 10.6433
284  68  0.0000  0.0000 19.4783
292  68  0.0000  2.5000  8.8276
  4  76  0.0000  0.0000  8.4768
 12  76  0.0000  0.0000  9.7047
 20  76 -5.0000  0.1063  6.9728
 28  76  4.5000  0.4389  7.1252
 36  76 -0.3329 -0.0668  8.9704
 44  76  0.1008 -2.9210  7.4487
 52  76  0.1138 -0.1378 11.4627
 60  76 -0.2414  0.0000 11.1304
 68  76 -0.5000  0.0000 10.9692
 76  76 -0.1075 -0.0641 19.3922
 84  76  0.0000  0.0000  0.0000
 92  76  0.0000  0.0000  0.0000
100  76  0.0000  0.0000  0.0000
108  76 -0.4043 -0.4043  8.0000
116  76  0.0000  0.0000 16.1088
124  76  0.0000  0.0000 11.1304
132  76 -0.2587 -0.1868 11.1614
140  76 -0.0418  0.1521 12.6567
148  76  0.0000  0.0000  0.0000
156  76  0.0000  0.0000 11.1304
164  76  0.0000  0.0000  0.0000
172  76  0.0000  2.5000  8.8276
180  76  0.0000  0.0000  0.0000
188  76  0.0000 -0.5000  8.8276
196  76  0.0000  0.0000  0.0000
204  76  4.5000  4.5000  4.0635
212  76  2.5000  0.1588 10.5785
220  76  0.1841  0.0418 12.3683
228  76  0.1203     NaN  5.4468
236  76  0.0000  0.0000  0.0000
244  76  0.0000  0.1960 11.1304
252  76  0.0000  0.5000 11.1304
260  76  0.0000  0.0000  0.0000
268  76  0.0000  0.0000  0.0000
276  76  0.0000  0.0000  0.0000
284  76 -0.0900 -0.0178  9.0377
292  76 -0.1841 -0.0418 12.3683
  4  84 -0.1694 -0.2327 11.4593
 12  84 -0.0865 -0.0180 10.0780
 20  84  0.2495 -0.1157  8.4476
 28  84  0.0240 -0.6574  9.8108
 36  84 -0.0378  0.0868 15.2803
 44  84 -1.2165 -0.4494  7.7018
 52  84 -0.2414  0.0000 11.1304
 60  84 -0.1151 -0.1151 16.5161
 68  84  0.0000  0.0000  0.0000
 76  84  1.5000  0.0000  9.9740
 84  84 -0.5000 -0.1588 10.5785
 92  84 -0.5000  0.0696  9.9740
100  84  0.0000  0.0000 16.1088
108  84  0.0000  0.0000  0.0000
116  84  0.0000  2.5000  8.8276
124  84  0.0287 -0.0139  6.8957
132  84 -0.1705  0.2428  5.7198
140  84 -0.1089 -0.0640 10.0424
148  84 -2.3677  0.1145 12.8207
156  84  0.0000  0.0000  0.0000
164  84  0.0000 -0.5000  8.8276
172  84  0.0000  0.0000 19.4783
180  84 -1.8970 -0.2414  7.4511
188  84  0.0000  0.0000  0.0000
196  84  0.0832 -0.3131  9.8462
204  84  0.1203     NaN  5.4468
212  84  0.0000  0.0000  0.0000
220  84 -0.5000 -0.5000  4.0635
228  84  0.0000  0.0000 16.1088
236  84  0.0360  0.1854 12.6331
244  84 -0.5000 -0.5000  4.0635
252  84  0.0000  0.0000  0.0000
260  84  0.0000  0.0000  0.0000
268  84  0.0000  0.0000  0.0000
276  84  0.0000  0.0000  0.0000
284  84  2.5000  0.0000  8.8276
292  84  0.0418  0.1521 12.6567
  4  92  0.0000  2.5000  8.8276
 12  92 -0.1981  0.2330 13.3504
 20  92  0.0000  0.0000 16.1088
 28  92 -0.2743 -0.1600 10.8913
 36  92  3.8954 -3.1311  8.0000
 44  92 -0.5000  0.1180  9.2850
 52  92  0.0000  0.0000 16.1088
 60  92  0.0000  0.0000  0.0000
 68  92  0.0000  0.0000  0.0000
 76  92  0.0000  0.0000 16.1088
 84  92  0.0000  0.0000 11.1304
 92  92  0.0000  0.0000  0.0000
100  92  0.0000  0.0000  0.0000
108  92  0.0000  0.0000  0.0000
116  92  0.0000  0.0000 22.2609
124  92  0.0610 -1.0000  8.9210
132  92 -0.5000  0.0000  8.8276
140  92  1.0000  0.0000  9.2850
148  92  0.0000  0.0000  0.0000
156  92  0.0379  0.1928 15.6463
164  92  0.0000  0.0000 11.1304
172  92  0.0000  0.0000  0.0000
180  92  0.0000  2.5000  8.8276
188  92  0.0000  0.0000  0.0000
196  92  0.0000  0.0000 16.1088
204  92 -0.2081 -0.1864  9.6241
212  92  0.0000  0.0000  0.0000
220  92  0.0000  0.0000  0.0000
228  92  0.0000  0.0000  0.0000
236  92  0.0000  0.0000 11.1304
244  92 -0.0832  0.3131  9.8462
252  92  0.0000  0.0000  0.0000
260  92  0.0000  0.0000 11.1304
268  92  0.0000  0.0000  0.0000
276  92  0.0000  0.0000  0.0000
284  92  0.0000  0.0000  0.0000
292  92  0.0000  0.0000  0.0000
  4 100 -2.6365 -0.0337  9.8147
 12 100  0.4337  0.0578  8.8276
 20 100  0.0000  0.1063  6.9728
 28 100  0.0000  0.0000 11.1304
 36 100  0.0000  0.0000  0.0000
 44 100  0.0000  0.0000  0.0000
 52 100  0.0000  0.0000  0.0000
 60 100  0.0000  0.0000  0.0000
 68 100  0.0000  0.0000  0.0000
 76 100  0.0000  0.0000  0.0000
 84 100  0.0000  0.0000  0.0000
 92 100  0.0000  0.0000  0.0000
100 100 -2.2646  0.0572 15.5700
108 100  0.0000  0.0000 11.1304
116 100  0.0000  0.0000  0.0000
124 100  0.0000  0.0000  0.0000
132 100  0.2656  0.0102 13.9600
140 100  0.0000  0.0000  0.0000
148 100  0.0000  0.0000  0.0000
156 100 -0.0218 -0.2266 12.8350
164 100  0.0000  0.0000  0.0000
172 100  0.0000  0.0000 16.1088
180 100  0.0000  0.0000 11.1304
188 100  0.0296  0.0566 10.9138
196 100  0.1960 -0.5000 11.1304
204 100 -0.0627 -0.0899 18.6547
212 100  2.5000  0.0000  8.8276
220 100  0.0000  0.0000 11.1304
228 100  0.0000  0.0000 11.1304
236 100  0.0000  0.0000  0.0000
244 100 -1.5000  0.0000  8.2581
252 100  0.0000  0.0000  0.0000
260 100  0.0000  0.0000  0.0000
268 100  0.0000  0.0000  0.0000
276 100 -0.5000  4.5000  4.0635
284 100  4.5000 -0.5000  4.0635
292 100  0.0000  0.0000  0.0000
  4 108  0.0000  0.0000 16.1088
 12 108  0.0000  0.0000  0.0000
 20 108  0.0000  0.0000 11.1304
 28 108  0.0000  0.0000  0.0000
 36 108  0.0000  0.0000  0.0000
 44 108  0.0000  0.0000  0.0000
 52 108  0.0000  0.0000  0.0000
 60 108  0.0000  2.5000  8.8276
 68 108  0.0000  0.0000  0.0000
 76 108  0.0000  0.0000  0.0000
 84 108  0.0000  0.0000  0.0000
 92 108 -0.1146 -0.0101 17.4161
100 108  0.1184 -0.2458  9.4323
108 108  0.0000  0.0000  0.0000
116 108  0.0000  0.0000  0.0000
124 108  0.0000  0.0000 18.5922
132 108  2.5000  0.0000  8.8276
140 108  0.0000  0.0000  0.0000
148 108  0.0000  0.0000  0.0000
156 108  0.0000  0.0000 12.0455
164 108 -0.5000  0.0000 11.1304
172 108 -0.1401  0.2399 12.1506
180 108  0.0000  0.0000  0.0000
188 108  0.2063  0.5000 10.0214
196 108  0.2057  3.8321  9.7051
204 108  0.0000  0.0000  0.0000
212 108  0.0000  0.0000 16.1088
220 108  0.0000  0.0000  0.0000
228 108  2.7620 -0.5000  9.9740
236 108  0.0000  0.0000 11.1304
244 108  0.0000  0.0000  0.0000
252 108  0.0000  0.0000  0.0000
260 108  0.0000  0.0000  0.0000
268 108  0.6574  2.3426  8.2581
276 108  0.0000  0.0000  0.0000
284 108  0.0000  0.0000  0.0000
292 108  0.0000  0.0000  0.0000
  4 116  0.0000  0.0000  0.0000
 12 116 -0.0939 -0.4312  7.3463
 20 116  0.0000  0.0000  0.0000
 28 116  0.3127  0.1061  9.8739
 36 116 -0.3127  0.1061  9.8739
 44 116  0.0000  0.0000  0.0000
 52 116  2.5000  0.0000  8.8276
 60 116  0.0000  0.0000  0.0000
 68 116  0.0000  0.0000  0.0000
 76 116  0.0000  0.0000  0.0000
 84 116  0.0411  0.6041  4.0985
 92 116 -0.0819  0.3884  6.7029
100 116 -0.0788 -0.2077  9.6936
108 116  4.5000  4.5000  4.0635
116 116  0.0000  0.0000 16.1088
124 116 -0.0083  0.0418 11.2576
132 116  0.0000  0.0000  0.0000
140 116 -0.0582  0.0292 15.7491
148 116  0.0000  0.0000 11.1304
156 116  0.0000  2.5000 12.0628
164 116  0.0000  0.0000  8.4768
172 116  0.0832 -0.3131  9.8462
180 116  0.0000  0.0000  0.0000
188 116  0.0000  0.0000  0.0000
196 116  0.0000 -0.3385 11.1304
204 116  0.0000  0.0000 11.1304
212 116  0.0000  0.0000  0.0000
220 116  1.5000  2.5000  6.3772
228 116  2.2105 -0.4434  9.7439
236 116  0.0000  0.0000 11.1304
244 116  0.0000  0.0000 11.1304
252 116  0.0000  0.0000  0.0000
260 116  0.0000  0.0000  0.0000
268 116  0.0000  0.0000 11.1304
276 116  0.0000  0.0000  0.0000
284 116  0.0000  0.0000 16.1088
292 116  0.0961  0.2917  8.4628
  4 124 -2.8274 -0.3035  7.6077
 12 124  0.0000  0.0000  0.0000
 20 124  0.1063  0.0000  6.9728
 28 124  0.0000  0.0000  1.0000
 36 124 -0.1282 -0.0380 13.6921
 44 124 -0.1867  2.5000  6.4178
 52 124  0.0000  0.0000  0.0000
 60 124  0.0000  0.0000  0.0000
 68 124  0.0000 -0.5000  8.8276
 76 124  0.0000  0.0000  0.0000
 84 124 -0.0303 -0.1238 10.4774
 92 124 -1.0000  0.0000  6.5641
100 124  0.2566  2.5000  6.1793
108 124  0.0000  0.0000  0.0000
116 124 -0.0868  0.0378 15.2803
124 124  0.0000  0.0000 12.0455
132 124  0.0000  0.0000 11.1304
140 124  0.0000  0.0000  8.7810
148 124 -0.3627  0.4006  7.8168
156 124 -0.5000 -0.5000  4.0635
164 124  2.5000  0.0000  8.8276
172 124 -0.0650 -0.0418  8.6178
180 124  0.0000  0.0000  0.0000
188 124  0.0000  0.0000  0.0000
196 124  0.0000  0.0000 11.1304
204 124  0.0000  0.0000 11.1304
212 124  0.0000  0.0000  0.0000
220 124  0.0000  0.0000  0.0000
228 124  0.0000  0.0000 11.1304
236 124  0.0000  0.0000 11.1304
244 124  0.0000  0.0000 11.1304
252 124  0.0000  0.0000  0.0000
260 124  0.0000  0.0000  0.0000
268 124  0.0000  0.0000  0.0000
276 124  0.0000  0.0000  0.0000
284 124  0.0000  0.0000  0.0000
292 124  0.1113 -1.6014 11.9803
  4 132  0.0000  0.0000  0.0000
 12 132  0.0000  0.0000  0.0000
 20 132  0.0000  0.0000  0.0000
 28 132  0.0378 -0.0868 15.2803
 36 132  0.0418 -0.1521 12.6567
 44 132 -5.1960  2.5000 11.1304
 52 132  0.0000  0.0000  0.0000
 60 132  0.0832  0.3131  9.8462
 68 132 -4.0000  5.3585 16.0386
 76 132 -0.2515  2.5000 12.2081
 84 132  0.0000  2.5000  8.8276
 92 132  0.0000  0.0000 11.1304
100 132  0.2840 -5.8426  7.9644
108 132  0.0000  0.0000  0.0000
116 132  0.1841 -0.0418 12.3683
124 132 -0.1469  0.0000 10.3584
132 132 -1.0000  0.0000  9.2850
140 132  0.2180  0.2184  9.1151
148 132 -0.0788  0.2077  9.6936
156 132  0.0000  0.0000  0.0000
164 132  0.0000  0.0000  0.0000
172 132  0.5000  0.1329  7.0932
180 132  0.0000  0.0000 11.1304
188 132  0.0000 -0.1063  6.9728
196 132  0.0000  0.0000 11.1304
204 132  0.0000  0.0000  0.0000
212 132  0.0000  0.0000  0.0000
220 132  0.0000  0.0000  0.0000
228 132 -0.5000  0.0000  8.8276
236 132  0.0000  0.0000  0.0000
244 132  0.0000  0.0000  0.0000
252 132  2.5000  4.5000  4.0635
260 132  0.0000  0.0000  0.0000
268 132  0.0000  0.0000  0.0000
276 132  0.0000  0.0000  0.0000
284 132  0.0000  0.0000  0.0000
292 132  2.5000  0.0000  8.8276
  4 140  0.0000  0.0000  0.0000
 12 140  0.0000  0.0000  0.0000
 20 140  0.0868 -0.0378 15.2803
 28 140  0.0000  0.0000 16.1088
 36 140  4.5000 -4.7609  8.2581
 44 140  0.0000  0.0000  0.0000
 52 140  5.1203     NaN  5.4468
 60 140  0.1317 -4.7877 10.5395
 68 140 -0.1151 -0.1151 16.5161
 76 140  0.1491 -0.0485  9.7953
 84 140  0.0000  0.0000  0.0000
 92 140 -0.1960  0.0000 11.1304
100 140  0.0000  0.0000  0.0000
108 140 -1.3070 -0.0337 12.4709
116 140  0.0000  0.0000  0.0000
124 140  0.0000  0.0000  9.2850
132 140 -1.0000  0.0000  8.2581
140 140  0.0894 -0.5000  8.1120
148 140  0.0593 -0.1066  6.7456
156 140  0.0000  0.0000  0.0000
164 140  0.0000  0.0000 11.1304
172 140 -0.5000  0.0000  8.8276
180 140 -0.2917  0.0000 11.1304
188 140  0.0000  2.5000 12.0628
196 140  4.5000 -4.7609  8.2581
204 140  0.0000  0.0000 11.1304
212 140  0.0000  0.0000 11.1304
220 140  0.4043 -0.4043  8.0000
228 140  0.0000  0.0000  0.0000
236 140  0.0000  0.0000  0.0000
244 140  0.0000  0.0000  0.0000
252 140  0.0000  0.0000 11.1304
260 140  0.0000  0.0000  0.0000
268 140  0.0858  0.1551  7.9034
276 140  0.0000  0.0000 11.1304
284 140  0.0000  0.0000 11.1304
292 140 -0.3290  2.8274  8.0000
  4 148  0.2901 -0.2055 12.5519
 12 148 -0.5000  0.1180  9.2850
 20 148  0.0907  0.3135  7.3792
 28 148  0.0000  0.0000  0.0000
 36 148  0.0000  0.0000  0.0000
 44 148  0.0000  0.0000  0.0000
 52 148  0.1717  0.4043 10.4490
 60 148  0.3732 -0.5000  9.6402
 68 148 -0.2213 -0.1300 14.9095
 76 148  0.2165  0.1558 12.1975
 84 148  0.0000  0.0000  0.0000
 92 148 -0.1960 -0.5000 11.1304
100 148  5.7834  1.5000  7.8102
108 148  0.0000  0.0000 11.1304
116 148  0.0000  0.0000  0.0000
124 148  0.0000  0.0000  8.2581
132 148  0.0000  0.0000 12.0628
140 148 -0.1276 -0.3321 10.3409
148 148  0.2543 -3.5000 11.0256
156 148  0.0000  0.0000  0.0000
164 148  0.0000  0.0000 11.1304
172 148  0.0000  0.0000 11.1304
180 148  0.0000  0.0000 16.1088
188 148     NaN     NaN  4.0635
196 148  0.0000  0.0000  0.0000
204 148  0.0000  0.0000  0.0000
212 148  0.0000  0.0000  0.0000
220 148 -0.5000  0.0000  8.8276
228 148  0.0000  0.0000  0.0000
236 148  4.5000 -0.5000  4.0635
244 148  0.0000  0.0000  0.0000
252 148  0.0000  0.0000  0.0000
260 148 -5.0000 -0.5000  8.8276
268 148  0.0000  0.0000  0.0000
276 148  5.0000 -0.5000  8.8276
284 148  0.0000  0.0000 11.1304
292 148  0.0000  0.0000 22.2609
  4 156 -2.0759  2.5000  5.5411
 12 156  4.5000 -0.5000  4.0635
 20 156  2.5000  0.0000  8.8276
 28 156  2.5000  0.0000  8.8276
 36 156  0.0000  0.0000  1.0000
 44 156 -0.1687 -0.0920 11.5731
 52 156 -2.7620 -2.5000  9.9740
 60 156  0.0000  0.0000  0.0000
 68 156  0.1450 -0.2801 10.0544
 76 156  0.5000  4.5000  4.0635
 84 156  0.5000  0.0000 11.1304
 92 156  0.0000  0.0000 11.1304
100 156  0.0000  0.0000  0.0000
108 156  0.0000  0.0000 16.1088
116 156  0.0000  0.0000 11.1304
124 156  0.0000  0.0000  0.0000
132 156  0.1180 -0.5000  9.2850
140 156  0.0000  0.0000 11.1304
148 156  0.0000  0.0000  0.0000
156 156  0.0000  0.0000  0.0000
164 156  0.0698 -0.2911 10.5124
172 156  0.0000  0.0000 11.1304
180 156  1.0000  0.0000  9.2850
188 156  0.0000  0.0000  0.0000
196 156  0.0000  5.0000 11.1304
204 156  0.0000  0.0000  0.0000
212 156  0.0000  0.0000  0.0000
220 156  0.0000  0.0000  0.0000
228 156  2.5000 -0.5000  4.0635
236 156  0.0000  0.0000  0.0000
244 156  0.0000  0.0000  0.0000
252 156  0.2780  0.1270 13.3759
260 156 -0.5000 -0.5000  4.0635
268 156  0.0000  0.0000  0.0000
276 156  0.0000  0.0000  0.0000
284 156  0.0000  0.0000  0.0000
292 156  0.0000  0.0000 11.1304
  4 164 -0.3957  0.0095  9.0672
 12 164 -0.1841  0.0418 12.3683
 20 164 -0.3698 -0.5000  6.2439
 28 164  0.0000  0.0000  0.0000
 36 164  0.3666 -0.3709  6.8168
 44 164 -0.1063  0.0000  6.9728
 52 164 -0.5000  0.3345  4.5938
 60 164 -0.1138  0.1378 11.4627
 68 164 -0.0578 -0.4337  9.0220
 76 164 -0.2611 -0.1783  7.6338
 84 164  0.0000  0.0000 16.1088
 92 164  0.2080 -0.2715 12.3107
100 164  4.5000  4.5000  4.0635
108 164  0.0000  0.0000  0.0000
116 164  0.1960  0.0000 11.1304
124 164  0.0000  0.0000  0.0000
132 164 -0.3577  0.0000 13.4737
140 164  0.0000  0.0000  0.0000
148 164  0.0000  0.0000  0.0000
156 164  0.0000  0.0000  0.0000
164 164  0.0000  0.0000  9.4208
172 164  0.0000 -0.5000  8.8276
180 164  1.0000  0.0000  9.2850
188 164  0.0000  0.0000  0.0000
196 164  0.0000  0.0000  0.0000
204 164  0.0000  0.0000  0.0000
212 164  0.0000  0.0000  0.0000
220 164  0.0000  0.0000  0.0000
228 164  0.0000  0.0000  0.0000
236 164  0.0000  0.0000  0.0000
244 164  0.0000  0.0000  0.0000
252 164  0.0000  0.0000  0.0000
260 164 -0.5000  0.1588 10.5785
268 164  0.0000  0.0000  0.0000
276 164  0.0000  0.0000  0.0000
284 164  0.0000  0.0000  0.0000
292 164  0.0000  0.0000  0.0000
  4 172  0.0000  0.0000  0.0000
 12 172 -2.3981 -2.3846 13.6170
 20 172 -0.3127 -0.1061  9.8739
 28 172  0.1920 -0.1709  8.8276
 36 172  0.2769 -4.1473  8.0513
 44 172  0.0000 -5.3212  9.5908
 52 172  0.2675 -0.5000  6.5641
 60 172  0.0000  0.0000 12.0455
 68 172  0.0000  0.0000  0.0000
 76 172 -0.1180  2.5000  9.2850
 84 172  0.0000  0.0000 11.1304
 92 172  0.0000  0.0000  0.0000
100 172  0.0000  0.0000  0.0000
108 172  0.0000 -0.5000  8.8276
116 172  0.1960  0.0000 11.1304
124 172 -0.5000  0.0000  8.2581
132 172  0.0000  0.0000 12.0628
140 172 -0.5000  0.0000 11.1304
148 172  0.0000  0.0000  0.0000
156 172  0.0000 -5.0000 11.1304
164 172 -0.1469  0.0000 10.3584
172 172  0.0000  0.0000 11.1304
180 172  0.0000 -0.5000  8.8276
188 172  0.0000 -0.5000  8.8276
196 172  0.0000  0.0000  0.0000
204 172 -0.5000 -0.5000  4.0635
212 172  0.0000  0.0000  0.0000
220 172  0.0000  0.0000  0.0000
228 172  0.0000  0.0000  0.0000
236 172  0.0000  0.0000 11.1304
244 172  0.0000  0.0000  0.0000
252 172  0.0000  0.0000  0.0000
260 172  0.0000  0.0000  0.0000
268 172  0.0000  0.0000  0.0000
276 172  0.0000  0.0000  0.0000
284 172  0.0000  0.0000  0.0000
292 172  0.0000  0.0000  0.0000
  4 180  0.0000  0.0000  0.0000
 12 180 -0.0257  0.2255  8.0183
 20 180  0.0832  0.3131  9.8462
 28 180  0.0000  0.0000  0.0000
 36 180  0.0000  0.0000  0.0000
 44 180  0.0000  0.0000  0.0000
 52 180 -0.5000  2.5000  6.4146
 60 180  4.5000  0.2391  8.2581
 68 180 -0.3127 -0.1061  9.8739
 76 180  0.1867 -0.5000  6.4178
 84 180  0.0000  0.0000 11.1304
 92 180  0.0000  0.0000  0.0000
100 180  0.0000  0.0000  0.0000
108 180  0.0000  0.0000 11.1304
116 180  0.1960  0.0000 11.1304
124 180 -1.0000 -0.5000  8.5333
132 180  0.0000  0.0000 11.1304
140 180  0.0000  0.0000  0.0000
148 180  0.0000  0.0000  0.0000
156 180  0.0000  0.0000  0.0000
164 180 -1.0000  0.0000  9.2850
172 180  0.0000  2.5000  8.8276
180 180  0.0000  0.0000  0.0000
188 180 -0.1180 -0.5000  9.2850
196 180  4.5000 -0.5000  4.0635
204 180 -0.5000  0.0000  8.8276
212 180  0.0000  0.0000 11.1304
220 180  0.0000  0.0000 11.1304
228 180 -0.1068  0.3135 15.1963
236 180  0.0000  0.0000  0.0000
244 180  4.5000  4.5000  4.0635
252 180  0.0000  0.0000  0.0000
260 180  0.0000  0.0000  0.0000
268 180  0.0000  0.0000  0.0000
276 180  0.0000  0.0000  0.0000
284 180  0.0000  0.0000  0.0000
292 180  0.0000  0.0000 11.1304
  4 188  0.0000  0.0000  0.0000
 12 188  2.5000  5.0000  8.8276
 20 188  0.0000  2.5000  8.8276
 28 188 -0.5000  5.0000  8.8276
 36 188  0.5000  4.5000  4.0635
 44 188  0.0832  0.3131  9.8462
 52 188  0.1960 -0.5000 11.1304
 60 188  0.0000 -4.6564 12.4564
 68 188  0.0000  0.0000  0.0000
 76 188  0.0000 -0.5000  8.8276
 84 188  0.0000  0.0000  8.4768
 92 188 -0.5000  0.0000  8.8276
100 188  0.0000  0.0000 11.1304
108 188  0.0000  0.0000 11.1304
116 188  0.1960  0.0000 11.1304
124 188 -2.5000  0.0000 11.1304
132 188 -0.2271  2.5000  9.5143
140 188  0.0000  0.0000 11.1304
148 188  0.0000  0.0000  0.0000
156 188  4.5000  4.5000  4.0635
164 188 -1.0000  0.0000  8.2581
172 188  0.0000  0.0000  0.0000
180 188  0.0000  0.0000  0.0000
188 188  0.0000  0.0000  0.0000
196 188  0.0000  0.0000  0.0000
204 188  0.0000  0.0000  0.0000
212 188  2.5000  0.0000  8.8276
220 188  0.0000  0.0000  0.0000
228 188  0.0000  0.0000  0.0000
236 188  0.0000  0.0000  0.0000
244 188  0.0000  0.0000  0.0000
252 188  0.0000  2.5000  8.8276
260 188  0.0698  0.2911 10.5124
268 188  0.0000  0.0000  0.0000
276 188  0.0000  0.0000  0.0000
284 188  0.0000  0.0000  0.0000
292 188  0.0000  0.0000  0.0000
  4 196  0.0000  0.0000  0.0000
 12 196 -0.2271 -0.5000  9.5143
 20 196  0.0000 -0.5000  8.8276
 28 196  0.3468 -0.5000 10.2045
 36 196  0.0000  0.0000  0.0000
 44 196  0.0000  0.0000 11.1304
 52 196 -0.5000 -5.0000  8.8276
 60 196  0.1434 -0.5000  8.3934
 68 196  0.0000  0.0000  0.0000
 76 196  0.0832  0.3131  9.8462
 84 196  0.0000  0.0000  0.0000
 92 196 -4.5000 -3.5985  8.3478
100 196  0.0000  0.0000  0.0000
108 196  0.0000  0.0000 11.1304
116 196  0.0000  0.0000 12.0628
124 196  0.0000  0.0000 17.0667
132 196  0.1760  0.0000 15.0588
140 196  0.0832  0.3131  9.8462
148 196  0.0000  0.0000  0.0000
156 196 -0.5000 -0.5000  4.0635
164 196 -1.5000 -0.5000  8.2581
172 196  0.1825  0.2174 12.5315
180 196  0.0000  0.0000  0.0000
188 196  0.0000  0.0000  0.0000
196 196  0.0000  0.0000  0.0000
204 196  0.0000  0.0000  0.0000
212 196  0.0000  0.0000  0.0000
220 196  0.0000  2.5000  8.8276
228 196  4.5000  4.5000 10.2230
236 196 -0.5000  5.0000  8.8276
244 196 -0.5000  4.5000  4.0635
252 196  5.0000  0.1876  8.5995
260 196  0.0000  0.0000 12.0628
268 196  0.0000  0.0000  0.0000
276 196  0.0000  0.0000  0.0000
284 196  0.0000  0.0000  0.0000
292 196  0.0000  0.0000  0.0000
  4 204  4.5000 -0.5000  4.0635
 12 204  0.0000  0.0000 12.0628
 20 204  4.5000  4.5000  4.0635
 28 204  0.0000  2.5000  8.8276
 36 204  0.0917  3.3972 13.1589
 44 204  0.0000  0.0000 11.1304
 52 204  0.0000  0.0000  0.0000
 60 204  4.5000  4.5000  4.0635
 68 204  0.0000  2.5000  8.8276
 76 204 -0.1930  0.1867 15.3090
 84 204  0.0000  0.0000  0.0000
 92 204  5.5000  4.5000  4.0635
100 204  5.5000 -0.1151  4.1694
108 204  0.0000  0.0000 11.1304
116 204 -0.0541  0.0000  8.3718
124 204  0.0000 -0.5000  8.8276
132 204  0.0000 -0.5000  8.8276
140 204  0.1276  0.3321 10.3409
148 204  0.5000  2.5000  6.5641
156 204  0.0000 -0.5000  8.8276
164 204  4.5000 -0.5000  4.0635
172 204 -0.2021 -0.2860 10.7438
180 204  0.0000  0.0000  0.0000
188 204  0.0000  0.0000  0.0000
196 204  0.0000  0.0000  0.0000
204 204  0.0000  0.0000  0.0000
212 204  0.0000  0.0000  0.0000
220 204  0.0000  2.5000  8.8276
228 204  0.1353  0.2749 12.8000
236 204 -0.5000 -0.1867  6.5641
244 204  0.0000  0.0000  0.0000
252 204  0.0000  0.0000  0.0000
260 204  0.6907 -0.2991  8.0688
268 204  0.0000  0.0000 11.1304
276 204  0.0000  0.0000 11.1304
284 204  0.0000  0.0000  0.0000
292 204  0.0000  0.0000  0.0000
  4 212  0.0000  0.0000  0.0000
 12 212 -0.0391     NaN  9.3822
 20 212  0.0000  0.0000  0.0000
 28 212  0.0000  0.0000  0.0000
 36 212  0.0000  0.0000 12.0455
 44 212 -1.5000  2.5000  7.4357
 52 212  2.5000  0.0000  8.8276
 60 212  0.4337  0.0578  8.8276
 68 212  0.0540 -0.2047 12.8294
 76 212  0.0000  0.0000  0.0000
 84 212  0.0000  0.0000  0.0000
 92 212  0.0000  0.0000  0.0000
100 212 -0.3468 -1.0000 10.2045
108 212  0.0000  2.5000  8.8276
116 212 -0.1174 -0.0944 13.2161
124 212  0.0000  2.5000  8.8276
132 212  0.0000  0.0000 11.1304
140 212  0.3468 -0.5000 10.2045
148 212  0.3732 -0.3694 10.3318
156 212  0.1401  0.2399 12.1506
164 212  2.5000  4.5000  4.0635
172 212 -1.2935 -0.1923  8.7284
180 212  0.0000  0.0000  0.0000
188 212  0.0000  0.0000  0.0000
196 212  0.0000  0.0000  0.0000
204 212  0.0000  0.0000  0.0000
212 212  0.0000  0.0000  0.0000
220 212  0.0000  0.0000  0.0000
228 212  0.1276  0.3321 10.3409
236 212  5.5000 -4.8849  4.1694
244 212 -0.5000 -0.2738  6.8137
252 212  0.0000  0.0000  0.0000
260 212  1.5000  0.0000  8.2581
268 212  0.1960  0.0000 11.1304
276 212  0.0000  0.0000  0.0000
284 212  0.0000  0.0000  0.0000
292 212 -1.1838 -0.5000  7.5779
  4 220  0.0000  0.0000 11.1304
 12 220  0.0000  0.0000  0.0000
 20 220  0.0000  0.0000  0.0000
 28 220  0.0000  0.0000 13.0803
 36 220  1.5000  0.0000  8.2581
 44 220  4.5000 -0.5000  4.0635
 52 220  0.2568  0.0627  8.5469
 60 220  0.0418 -0.1521 12.6567
 68 220 -0.3309  0.0637  7.1846
 76 220  0.0000  0.0000  0.0000
 84 220  0.0000  0.0000  0.0000
 92 220  0.0000  0.0000  0.0000
100 220  0.2917  0.0000 11.1304
108 220 -0.2917  0.0000 11.1304
116 220  0.0000  0.0000  0.0000
124 220  0.0000  0.0000  0.0000
132 220 -0.5000  0.0000  8.8276
140 220  0.0000  0.0000  0.0000
148 220  0.0000  0.0000 12.9293
156 220  0.0000 -0.5000  8.8276
164 220  0.0000  0.0000  0.0000
172 220  0.3476 -0.2927  7.3438
180 220  0.0000  2.5000  8.9154
188 220  0.0000  0.0000  0.0000
196 220  0.0000  0.0000  0.0000
204 220  0.0000  0.0000  0.0000
212 220 -0.5000 -0.5000  4.0635
220 220 -2.5000  0.0000 11.1304
228 220  0.0000 -0.5000  8.8276
236 220  0.0000 -5.0000 11.1304
244 220 -0.1151  0.1151 16.5161
252 220  0.0666  3.4179 10.9194
260 220  0.0000  0.0000  0.0000
268 220  0.0000  0.0000 12.0455
276 220  0.0000  0.0000 11.1304
284 220 -0.1960  0.0000 11.1304
292 220  0.0000  2.5000  8.8276
