VARIABLES= "X pix", "Y pix", "U pix/dt", "V pix/dt", "CHC", ZONE I=28, J=37
  4   4 -0.0005 -0.0030 11.0641
 12   4 -0.0075  0.0000 11.0456
 20   4 -0.0041  0.0000 10.0099
 28   4  0.0108 -0.0858  9.5241
 36   4 -0.0028  0.0000  9.9992
 44   4  0.0000 -0.0146  9.8703
 52   4  0.0047  0.0000  9.9992
 60   4  0.0000  0.1067  9.4719
 68   4 -0.0094  0.0313 10.7728
 76   4  0.0052 -0.0104 11.5458
 84   4  0.0204  0.0000 10.9814
 92   4  0.0037 -0.0259 11.3813
100   4 -0.0295  0.0000 12.1433
108   4 -0.0365  0.0000 11.7378
116   4 -0.0324  0.0000 12.9928
124   4 -0.0247  0.0000 11.0388
132   4 -0.0144  0.0000 11.7754
140   4  0.0000 -0.0286 12.1954
148   4  0.0000  0.0181 12.2458
156   4  0.0071  0.0000 11.7754
164   4 -0.0087  0.0049 11.9810
172   4  0.0057  0.0000 11.9577
180   4  0.0096  0.0000 11.7754
188   4  0.0021  0.0000 11.9483
196   4 -0.0094  0.0661 11.4994
204   4 -0.0173 -0.0560 10.8403
212   4  0.0678 -0.0035 10.7930
220   4 -0.0552 -0.1740 10.9008
228   4  0.0007  0.0000 12.4810
236   4 -0.0127  0.0000 12.9293
244   4 -0.0346  0.0000 12.4405
252   4 -0.0831 -0.0033 12.0810
260   4 -0.0443  0.0000 13.0314
268   4 -0.0096  0.0000 16.4577
276   4  0.0000 -0.0164 12.3077
284   4 -0.0261  0.0000 12.3152
292   4  0.0173  0.0000 12.3152
  4  12  0.0845  0.2111  8.2870
 12  12  0.0342  0.0000 10.8230
 20  12 -0.0158  0.0000 11.6053
 28  12 -0.0478  0.0000 11.6053
 36  12 -0.0208  0.0000 13.0402
 44  12 -0.0121  0.0000 11.6053
 52  12 -0.0068  0.0000 11.6053
 60  12  0.0000  0.1421 10.0974
 68  12  0.0308  0.4023  7.4894
 76  12  0.0369  0.0000  9.8331
 84  12 -0.0074 -0.2377  8.6064
 92  12  0.0390 -0.0403 20.6746
100  12  0.0240  0.0000 19.8358
108  12  0.0101  0.0000  9.2379
116  12  0.0067  0.0000  8.6191
124  12  0.0049 -0.0124  7.6831
132  12  0.0071 -0.0432  7.7957
140  12  0.0268 -0.0939  7.5907
148  12  0.0761 -0.0209  7.7025
156  12  0.0031 -0.0059 39.5177
164  12  0.0001  0.0000 34.3888
172  12  0.0023  0.0103  7.0038
180  12 -0.0404  0.0000  7.1404
188  12 -0.0223  0.0000  7.8250
196  12  0.0063  0.0077  8.6451
204  12  0.0149  0.0257  9.6034
212  12 -0.0716 -0.0423  8.7950
220  12 -0.0186  0.0000  9.4035
228  12  0.0331  0.0000  8.8972
236  12  0.0000  0.0000  9.9573
244  12 -0.0356  0.0000 10.4999
252  12 -0.0676 -0.0111 11.4141
260  12  0.0060 -0.0219 11.5020
268  12  0.0047  0.0124 12.2841
276  12  0.0073 -0.0036 13.1746
284  12  0.0103  0.0059 12.5967
292  12 -0.1456  0.0203 12.9458
  4  20 -0.0104 -0.0246  9.8816
 12  20 -0.1958 -0.0257  9.0064
 20  20  0.0224 -0.0088 10.6667
 28  20  0.0009  0.0063 11.7610
 36  20 -0.0080 -0.0137 12.8351
 44  20  0.0090  0.0000 18.7163
 52  20  0.0368  0.0588 18.5499
 60  20  0.0000 -0.0513 17.7419
 68  20  0.0128 -0.0570 17.8452
 76  20 -0.0209  0.0001 20.9052
 84  20 -0.0012 -0.0107 19.4009
 92  20  0.0042  0.0000 14.1051
100  20  0.0146  0.0000 14.9246
108  20 -0.0075 -0.0333 16.7624
116  20  0.0026  0.0000 15.6478
124  20  0.0001  0.0216 16.4140
132  20  0.0124  0.0000 18.3942
140  20 -0.0017 -0.0312 20.6825
148  20 -0.0109 -0.0013 27.3007
156  20  0.0100  0.0005 20.7427
164  20  0.0074 -0.0080 21.3360
172  20  0.0017  0.0009 26.1380
180  20  0.0275  0.0033 21.9550
188  20  0.0274  0.0093 25.0101
196  20 -0.0002  0.0146 21.2569
204  20 -0.0004  0.0031 19.9129
212  20 -0.0497 -0.0007 21.2315
220  20  0.0402 -0.0046 20.7821
228  20  0.0397  0.0000 18.2136
236  20 -0.0728  0.0000 18.4802
244  20 -0.0014  0.0101 12.8109
252  20 -0.0620 -0.0507 14.3941
260  20 -0.0433  0.0000 10.6868
268  20 -0.0148 -0.0200 14.0285
276  20  0.0226 -0.0104 18.6175
284  20 -0.1026  0.0141 17.1491
292  20 -0.0260  0.0000 16.8002
  4  28 -0.0011 -0.0035  9.8544
 12  28 -0.0002  0.0037 13.8195
 20  28  0.0023  0.0171 13.0103
 28  28  0.0346  0.0000  8.3164
 36  28  0.0291  0.0000  7.9352
 44  28  0.0263  0.0000  7.9376
 52  28 -0.0228  0.0039  7.4458
 60  28 -0.0059 -0.0120  7.6781
 68  28  0.0007  0.0143  8.3872
 76  28 -0.0226  0.0000  7.7366
 84  28 -0.0499  0.0078  7.0276
 92  28  0.0189 -0.0089  7.7107
100  28 -0.0266  0.0019  7.4071
108  28 -0.0126 -0.0266  8.0950
116  28  0.0459  0.0013  9.2452
124  28 -0.0606 -0.0101  6.8196
132  28 -0.0682 -0.0127  6.6416
140  28 -0.1471  0.0118  6.4386
148  28 -0.0012 -0.0045 11.5968
156  28  0.0311 -0.0022 17.3897
164  28 -0.0157 -0.0011 13.0813
172  28 -0.0089  0.0264 12.5950
180  28 -0.0340  0.0000  9.0497
188  28 -0.0372  0.0000  8.2955
196  28 -0.0065  0.0059  7.1061
204  28  0.0000  0.0029  6.9497
212  28  0.0042  0.0056  6.4478
220  28  0.0354 -0.0136  6.4660
228  28  0.0206  0.0000  7.8984
236  28 -0.1014  0.0184  6.3800
244  28 -0.0046 -0.0553  6.4500
252  28  0.0278 -0.0071  6.7477
260  28  0.0153  0.0010  7.0209
268  28 -0.0063 -0.0085  7.3158
276  28  0.0041 -0.0810  6.7549
284  28 -0.0060  0.0317  6.4619
292  28 -0.0842  0.0023  6.3749
  4  36  0.0268  0.0000  8.9579
 12  36  0.1565  0.0198 10.0517
 20  36  0.0840  0.0000 11.0903
 28  36 -0.0318  0.0000 10.8982
 36  36 -0.1318  0.0214 11.1304
 44  36 -0.0150 -0.0444 17.0667
 52  36 -0.1490  0.0000 15.7614
 60  36  0.0331  0.0000 10.3707
 68  36  0.0448  0.0118  8.7919
 76  36  0.0033 -0.0675  7.6235
 84  36 -0.1591 -0.0713  7.4925
 92  36  0.0323 -0.8247 13.6170
100  36  0.0336  0.0000 16.1088
108  36  0.0070  0.0000 11.1304
116  36 -0.0803  0.0000 11.1304
124  36 -0.1960 -0.5000 11.1304
132  36 -0.2088  0.0000  0.0000
140  36 -0.1860 -0.0225  9.8462
148  36 -0.0029  0.0033 16.8627
156  36  0.0024 -0.0082 13.8715
164  36 -0.0029  0.0027 14.4824
172  36 -0.0063  0.0082 12.2293
180  36 -0.1445 -0.0458 12.4340
188  36 -0.0490  0.0000  8.1735
196  36 -0.0311  0.0000  9.7013
204  36  0.0656  0.0000 10.2111
212  36 -0.0044  0.1077 13.8396
220  36 -0.0301  0.0000 15.4368
228  36  0.0308  0.1268 11.5198
236  36  0.0965  0.0000 16.2968
244  36  0.0557  0.0000 13.3851
252  36 -0.0106  0.2269 11.3584
260  36 -0.1938  0.1571 12.7402
268  36 -1.8011  0.0000 10.3751
276  36 -0.7997  0.0000 15.4400
284  36 -0.0116  0.4065 10.5872
292  36 -0.1745 -0.0230 10.7305
  4  44 -0.1698  0.0000 14.5352
 12  44 -0.2017 -0.0194 11.2834
 20  44 -0.0235  0.0000 12.4924
 28  44  0.0367 -0.0780  8.5648
 36  44  0.0743  0.0000  6.8809
 44  44 -0.0194  0.0000 13.8188
 52  44 -0.0991  0.0000  0.0000
 60  44 -0.2510  0.0000  0.0000
 68  44 -0.2390  0.0000  0.0000
 76  44 -0.0142  0.0000  0.0000
 84  44  0.0485  0.0000  0.0000
 92  44  0.2272  0.0000 12.0628
100  44 -0.0161  0.0000  0.0000
108  44 -0.0850  0.0000  0.0000
116  44  0.0000  2.5000  8.8276
124  44 -0.1316  0.0000 11.1304
132  44  0.1174  4.1710 14.6131
140  44  0.0107  0.0002  5.8071
148  44  0.0013 -0.0010 12.6970
156  44  0.0067 -0.0008  9.4552
164  44  0.0018  0.0153 10.0863
172  44 -0.0057  0.0080  7.8360
180  44  0.0758  0.0000 10.0068
188  44  0.1146  0.0101 17.4161
196  44  0.0711 -0.1313  8.4328
204  44 -0.0000  0.0000  9.8520
212  44  0.2417  0.0000 12.4923
220  44  0.2100  0.0000 14.4096
228  44 -0.0155  0.0266 14.7289
236  44 -0.1107  0.0000 10.3341
244  44 -0.0121  0.1589  9.9126
252  44  0.1036  0.1279 10.7561
260  44  0.0912 -0.0142 11.5786
268  44 -0.0090 -0.0205 10.4581
276  44  0.0707  0.0000 16.7244
284  44 -0.1476 -0.0160 13.1058
292  44 -0.0222  0.1939  8.4826
  4  52  0.2533  0.0000 13.1736
 12  52  0.1620  0.0000  0.0000
 20  52  0.3147  0.1030 10.3164
 28  52 -0.1509  0.0000  0.0000
 36  52 -0.1205  0.0000  0.0000
 44  52  0.0000  2.5000  8.8276
 52  52 -0.5000 -0.3468 10.2045
 60  52 -0.2556  0.0000 11.1304
 68  52 -0.1974  0.0000  0.0000
 76  52 -0.0894  0.0000  0.0000
 84  52 -0.0827  0.0000 11.1304
 92  52 -0.1042  0.0000 12.1379
100  52 -0.0611  0.0000 13.0274
108  52  0.0465  0.0000 16.7450
116  52  0.0000  1.7251  8.5018
124  52 -0.2907 -0.0403 10.5761
132  52  0.0678  0.0000 13.5576
140  52  0.3931  0.0000 12.0628
148  52  0.7105  0.0057 10.4290
156  52  0.3556  0.0000 11.4523
164  52 -0.0571  0.0000 12.6402
172  52 -0.3110  0.0331 10.4490
180  52 -0.2916  0.0000 11.1304
188  52 -0.5000  0.1588 10.5785
196  52 -0.2201  0.0000 19.1045
204  52 -0.1208  0.0000  0.0000
212  52  0.1653  0.0000  0.0000
220  52  1.2500  0.0000 11.9011
228  52  1.0235  0.0000 11.0903
236  52  0.2290  0.0000  8.5951
244  52 -0.0637  0.0493 11.6425
252  52 -0.5000  0.0642  8.4682
260  52 -0.2601  0.0000  8.0000
268  52  0.0276  0.0047  9.2053
276  52 -0.1194  0.0000  8.4598
284  52  0.0015  0.0092 10.8646
292  52  0.0069  0.0524 12.6912
  4  60  0.1150  0.0000  0.0000
 12  60 -0.0256  0.0000  0.0000
 20  60 -0.1470  0.0000  0.0000
 28  60 -0.1011  0.0000  0.0000
 36  60  0.0000 -0.5000  8.8276
 44  60 -0.3568 -0.0171 11.5739
 52  60 -0.4355  0.0000 13.3565
 60  60  0.0000 -0.1142 14.5691
 68  60  0.2009  0.0000 19.1045
 76  60  0.8282  0.0000 13.5581
 84  60  0.6030  0.0000 10.9578
 92  60  0.0666  0.0000 14.2737
100  60 -0.1379  0.0000 12.5764
108  60 -0.0318  0.0000  8.2581
116  60 -0.0461  0.0000  8.4696
124  60 -0.0656 -0.0326 15.2216
132  60 -0.4131  0.0000 11.9011
140  60  0.0000  0.0000 13.9636
148  60  2.5000  0.0000  8.8276
156  60  1.5824  0.0000 11.1304
164  60  0.0000 -0.1469 10.3584
172  60 -0.3339  0.0000  8.8167
180  60 -0.4331  0.0000 11.1304
188  60 -0.2513  0.0000 19.4783
196  60  0.0585  0.0000 20.7059
204  60  0.3732  0.0000  0.0000
212  60  0.9739  0.0000  0.0000
220  60  1.4453  0.0000 11.1304
228  60  0.8707  0.0000 11.1304
236  60  0.2390  0.0000 11.1304
244  60 -0.0289  2.0957  6.9728
252  60  0.0711  0.1313  8.4328
260  60  0.2907  0.0403 10.5761
268  60 -0.2803  0.0000 16.6956
276  60 -0.6735  0.0000 11.1304
284  60 -0.6030  0.0000  8.0000
292  60 -0.2259  0.0134 13.2809
  4  68  1.2624  0.0000  0.0000
 12  68  0.9139  0.0000  0.0000
 20  68  0.0540  0.0000  0.0000
 28  68  0.0087  0.0000 11.1304
 36  68  0.3678  0.0000 16.1088
 44  68  0.3339  0.0000  0.0000
 52  68 -0.4218  0.0000 16.4760
 60  68 -0.9688  0.0000 16.1088
 68  68 -0.2765  0.0000 11.1304
 76  68  1.0878  0.0000 11.0617
 84  68  0.8853  0.0000 19.5188
 92  68  0.0051  0.0000 24.3712
100  68 -0.2733  0.0000 17.0667
108  68 -0.3067  0.0000 11.1304
116  68 -0.2338  0.0000 11.1304
124  68 -0.0161  0.0000 12.0628
132  68  0.4371  0.0000 11.1304
140  68  1.4288  0.0000 11.9011
148  68  2.5000  0.1180  9.2850
156  68  1.1363  0.0000 12.1905
164  68  0.2986  0.0000 16.1088
172  68  0.4105  0.0000 16.1088
180  68  0.9066  0.0000  0.0000
188  68  1.1504  0.0000 12.0455
196  68  0.1960  2.5000 11.1304
204  68 -0.5000 -0.3577 12.8000
212  68 -0.5000  0.0000  8.8276
220  68  0.6617  0.0000 12.0628
228  68  2.5000  0.0000  8.8276
236  68  1.2677  0.0000  0.0000
244  68 -0.2568 -0.0627  8.5469
252  68 -0.0735  0.0000 16.1088
260  68  0.6064  0.0000  0.0000
268  68  0.4043 -0.4043  8.0000
276  68 -1.1508  0.0000 11.0903
284  68 -1.9977  0.0000 19.4783
292  68 -0.7686  0.0000 11.1304
  4  76 -0.1326  0.0000 10.6209
 12  76  0.0430  0.0000  9.7047
 20  76 -0.3405  0.0000  0.0000
 28  76  0.0000  0.0705 10.5700
 36  76 -0.1548  0.0000  9.2086
 44  76 -0.2486  0.0000  9.4815
 52  76 -0.2915  0.0000 12.0455
 60  76 -0.2414  0.0000 11.1304
 68  76  0.1903  0.0000 12.3186
 76  76  0.1270 -0.0377 20.9591
 84  76 -0.3438  0.0000  0.0000
 92  76 -0.3256  0.0000  0.0000
100  76  0.7616  0.0000 18.9370
108  76  1.8405  0.0000  8.0000
116  76  2.5000  0.0000  8.8276
124  76  1.3589  0.0000  0.0000
132  76  0.4681  0.0000  9.5738
140  76 -0.0401  0.0000 16.1088
148  76  0.4068  0.0000 11.1304
156  76  1.2527  0.0000  0.0000
164  76  0.8045  0.0000  0.0000
172  76 -0.1120  0.0000 11.1304
180  76 -0.1960  2.5000 11.1304
188  76  0.3468  2.5000 10.2045
196  76 -1.5000  0.0000  8.2581
204  76 -2.1415  0.0000  0.0000
212  76 -2.8274 -0.3035  7.6077
220  76 -0.2093  0.0299 13.0089
228  76  0.0537  0.0000  0.0000
236  76 -0.2368  0.0000  0.0000
244  76 -0.7985  0.0000 11.1304
252  76  0.2363  0.0000 11.1304
260  76  0.0113  0.0000  0.0000
268  76 -0.1686  0.0000  0.0000
276  76 -0.3300  0.0000  0.0000
284  76 -0.3938  0.0000 12.0455
292  76 -0.2961  0.0000 16.1088
  4  84 -0.5020  0.0000 12.1379
 12  84 -1.0475  0.0000  9.8076
 20  84 -0.1912  0.0000 12.4272
 28  84  1.5044  0.0000 12.5445
 36  84  2.2068  0.0000 16.6957
 44  84  2.2470  0.0000  8.2202
 52  84  1.3338  0.0000 17.0667
 60  84  0.4019  0.0000 19.4783
 68  84 -0.3022  0.0000  0.0000
 76  84 -0.5000  2.5000  4.0635
 84  84 -0.1885  0.0000 11.1304
 92  84  0.2330  0.0000 12.0628
100  84 -0.1173  0.0000 16.1088
108  84 -0.0790  0.0000 11.1304
116  84  0.3821  0.0000 16.1088
124  84  0.1317 -0.0654  7.4854
132  84 -0.0848 -0.0301  6.2048
140  84  0.4681  0.0000  9.5738
148  84  0.8608  0.0000 16.1088
156  84  0.3895  0.0000  0.0000
164  84 -0.3549  0.0000 16.1088
172  84 -1.1343  0.0000 19.4783
180  84  0.4089  0.0000 13.7190
188  84  0.1555  0.0000  0.0000
196  84 -0.0418 -0.1521 12.6567
204  84 -0.2335  0.1203  5.4468
212  84 -0.2745  0.0000  0.0000
220  84 -0.0807  0.0000  0.0000
228  84  0.1841  0.0418 12.3683
236  84 -0.0360 -0.1854 12.6331
244  84  4.5000  4.5000  4.0635
252  84  3.6371  0.0000  0.0000
260  84  2.4611  0.0000  0.0000
268  84  1.6015  0.0000  0.0000
276  84  0.6861  0.0000  0.0000
284  84 -0.0937  0.0000 11.1304
292  84 -0.7510  0.0000 16.1088
  4  92 -1.2073  0.0000 16.1088
 12  92 -1.3070 -0.0337 12.4709
 20  92  0.0418 -0.1521 12.6567
 28  92 -0.2337 -0.1538  8.4389
 36  92 -0.1546 -0.0660 18.6254
 44  92  0.3136  0.0000 16.1088
 52  92  0.5973  0.0000 16.1088
 60  92  0.5981  0.0000  0.0000
 68  92  1.0246  0.0000  0.0000
 76  92  1.1214  0.0000 16.1088
 84  92  0.3889  0.0000 11.1304
 92  92 -0.4752  0.0000  0.0000
100  92 -1.0036  0.0000  0.0000
108  92  0.4680  0.0000  0.0000
116  92  0.1960  2.5000 11.1304
124  92 -0.0610  1.0000  8.9210
132  92 -0.1858  0.0000 11.1304
140  92 -0.1960  0.0000 11.1304
148  92 -0.0090  0.0000 11.1304
156  92  0.4060  0.0000 21.6135
164  92  1.0499  0.0000 11.1304
172  92  3.2897  0.0000  0.0000
180  92  2.6641  0.0000 11.1304
188  92  1.2389  0.0000  0.0000
196  92  0.4470  0.0000 16.1088
204  92 -0.1780  0.2756  7.6418
212  92 -0.5435  0.0000  0.0000
220  92 -0.8637  0.0000  0.0000
228  92 -1.0680  0.0000  0.0000
236  92 -0.9726  0.0000 11.1304
244  92 -0.2246  0.0000 12.0455
252  92 -0.1173  0.0000 11.1304
260  92 -0.0254  0.0000 11.1304
268  92  0.1638  0.0000 11.1304
276  92  0.5337  0.0000  0.0000
284  92  0.1315  0.0000  0.0000
292  92  0.4996  0.0000  0.0000
  4 100  0.8707  0.2487 12.2105
 12 100  0.1973  0.0000 16.1088
 20 100 -0.3610 -0.3610  5.9535
 28 100 -0.0250  0.0000 11.1304
 36 100  0.4108  0.0000  0.0000
 44 100  0.1493  0.0000 16.1088
 52 100 -0.0604  0.0000  0.0000
 60 100 -0.1316  0.0000  0.0000
 68 100  0.0000 -0.5000  8.8276
 76 100 -0.1000  0.0000  0.0000
 84 100  0.2637  0.0000  0.0000
 92 100  0.8394  0.0000  0.0000
100 100  1.5819  0.0000 20.2590
108 100  0.8795  0.0000 11.1304
116 100 -0.5000  4.5000  4.0635
124 100 -0.5463  0.0000  0.0000
132 100 -0.5863  0.0000 18.5922
140 100 -0.6210  0.0000  0.0000
148 100 -0.6339  0.0000  0.0000
156 100 -0.5640  0.0000 13.0803
164 100 -0.4227  0.0000  0.0000
172 100 -0.0680  0.0000 16.1088
180 100  0.0971  0.0000  0.0000
188 100  0.1151  0.1151 16.5161
196 100 -0.1960  2.5000 11.1304
204 100  0.1140  0.1079 19.3902
212 100 -1.1711 -0.0215 11.8291
220 100 -0.7100  0.0000 11.1304
228 100 -0.2904  0.0000 11.1304
236 100 -0.0209  0.0000  0.0000
244 100  1.5000  0.0000  8.2581
252 100  1.6124  0.0000  0.0000
260 100  0.3071  0.0000  0.0000
268 100  0.0540  0.0000  0.0000
276 100 -0.1605  0.0000  0.0000
284 100 -0.3636  0.0000 11.1304
292 100 -0.3637  0.0000  0.0000
  4 108 -0.5000  0.0000  8.8276
 12 108 -0.0471  0.0000 17.0667
 20 108  0.3278  0.0000 11.1304
 28 108  0.4790  0.0000  0.0000
 36 108 -0.0081  0.0000  0.0000
 44 108 -0.6619  0.0000  0.0000
 52 108 -0.5010  0.0000  0.0000
 60 108 -0.4276  0.0000 16.1088
 68 108 -0.3915  0.0000  0.0000
 76 108 -0.2733  0.0000  0.0000
 84 108 -0.0023  0.0000 11.1304
 92 108  0.0378 -0.0868 15.2803
100 108  0.1570  0.0000  9.0909
108 108  0.3097  0.0000  0.0000
116 108  0.3722  0.0000  0.0000
124 108 -0.0078  0.0596 19.5884
132 108 -2.3162 -0.1023  9.7439
140 108 -1.9493  0.0000  0.0000
148 108 -1.1730  0.0000  0.0000
156 108 -1.1938  0.0000 12.0455
164 108 -1.5000  0.0000  8.2581
172 108 -0.0218 -0.2266 12.8350
180 108  1.0787  0.0000  0.0000
188 108  0.2235  0.0000 13.0803
196 108 -0.0333  0.0000 12.8600
204 108 -0.1927 -0.0788 17.1842
212 108 -0.5000  0.0000  8.8276
220 108 -0.3241  0.0000 16.1088
228 108 -0.1874  0.0000  0.0000
236 108  0.0084  0.0000 11.1304
244 108  0.0000 -0.5000  8.8276
252 108 -0.0680  0.0000  0.0000
260 108 -0.3085  0.0000  0.0000
268 108 -0.5000  0.0000 11.1304
276 108  0.0000 -0.5000  8.8276
284 108 -0.0303  0.0000  0.0000
292 108 -0.1322  0.0000  0.0000
  4 116 -0.1279  0.0000  8.0000
 12 116  0.3049  0.1066  9.8462
 20 116  0.0383  0.0000  0.0000
 28 116  0.1063  0.0000  6.9728
 36 116  0.2677  0.0000 11.1304
 44 116  0.2974  0.0000  0.0000
 52 116 -0.0848  0.0000 16.1088
 60 116 -1.0966  0.0000  0.0000
 68 116 -0.5450  0.0000  0.0000
 76 116  0.2862  0.0000  0.0000
 84 116 -0.1229  0.3471  6.5641
 92 116 -0.2057  0.0000  8.8514
100 116 -0.0630  0.1897 10.8534
108 116  0.3353  0.0000  0.0000
116 116  0.1798  0.0246 17.0238
124 116 -0.1138  0.1378 11.4627
132 116 -0.1426  0.0000 11.1304
140 116 -0.1888  0.0000 22.2609
148 116  0.0154  0.0000 11.1304
156 116  0.1960  0.0000 11.1304
164 116  0.1164 -1.0000  7.6040
172 116 -0.5000  0.0000 11.1304
180 116 -0.3121  0.0000 11.1304
188 116 -0.2515  0.0000 19.4783
196 116 -0.1757  0.0000 13.6955
204 116  0.1208  0.0000 11.1304
212 116  0.1907  0.0000  0.0000
220 116  0.0000 -0.5000  8.8276
228 116 -0.5000  0.0000  8.8276
236 116 -0.3163  0.0000 11.1304
244 116 -0.5000 -0.1588 10.5785
252 116 -0.1595  0.0000  0.0000
260 116  0.1447  0.0000 11.1304
268 116  0.2876  0.0000 11.1304
276 116  0.2316  0.0000  0.0000
284 116  0.2550  0.0000 16.1088
292 116  1.2275  0.0000 16.1088
  4 124  2.5000  0.1588 10.5785
 12 124  1.5863  0.0000  0.0000
 20 124  0.8961  0.0000  0.0000
 28 124  0.4956  0.0000 11.1304
 36 124  0.2404 -0.0190 14.2104
 44 124  0.0916  0.0000 11.9011
 52 124 -0.0226  0.0000 11.1304
 60 124  0.0000 -0.5000  8.8276
 68 124  0.0000  2.5000  8.8276
 76 124  0.0920  0.3672 13.7096
 84 124 -0.0512 -0.1388  8.4690
 92 124 -0.0318  0.0000  8.2581
100 124 -0.1561  0.0000  8.0000
108 124  0.0000  1.7251  8.5018
116 124  0.0109  0.5736  7.1197
124 124  0.0698 -0.2911 10.5124
132 124  0.1737  0.0000 11.1304
140 124  0.4102  0.0000  8.7810
148 124  0.5838 -0.3144  8.0688
156 124 -0.2009  0.0000 11.1304
164 124 -0.2760  0.0000 11.1304
172 124 -0.2483  0.1160  9.3535
180 124 -0.0844  0.0000  0.0000
188 124  0.1454  0.0000  0.0000
196 124  0.3114  0.0000  0.0000
204 124  0.3699  0.0000  0.0000
212 124  0.7019  0.0000 11.1304
220 124  1.4895  0.0000  0.0000
228 124  2.2193  0.0000  0.0000
236 124  1.8276  0.0000 11.1304
244 124  1.3378  0.0000 11.1304
252 124  1.0085  0.0000  0.0000
260 124  0.7973  0.0000  0.0000
268 124  0.0421  0.0000 11.1304
276 124 -0.0046  0.0000 11.1304
284 124 -0.0326  0.0000  0.0000
292 124 -0.1113  1.6014 11.9803
  4 132 -0.2390  0.0000  0.0000
 12 132 -0.5000  0.0000  8.8276
 20 132 -0.1486  0.0000  0.0000
 28 132  0.1151  0.1151 16.5161
 36 132  0.1738  0.0000 12.0455
 44 132  0.1302  0.0000 11.1304
 52 132  0.0582  0.0000  0.0000
 60 132 -0.0540  0.2047 12.8294
 68 132  0.0458  0.0000 20.7059
 76 132 -0.0907 -0.0281 11.9426
 84 132 -0.5000  0.0000  8.8276
 92 132 -0.2027  0.0000 11.1304
100 132  0.0000  0.5000 11.1304
108 132 -0.0111  0.0000  0.0000
116 132  0.1325  0.0000 16.1088
124 132  0.2661  0.0000 10.4867
132 132  0.1960  0.0000 11.1304
140 132  0.4844  0.0000  8.7810
148 132  0.9567  0.0000  9.4208
156 132  1.3344  0.0000 11.1304
164 132  1.2760  0.0000  0.0000
172 132  1.2495  0.0000  8.0190
180 132  1.3161  0.0000 11.1304
188 132  1.5040  0.0000  8.0000
196 132  0.0511  0.0000 11.1304
204 132  0.0097  0.0000 11.1304
212 132 -0.0432  0.0000 11.1304
220 132 -0.1304  0.0000  0.0000
228 132 -0.2208  0.0000 11.1304
236 132 -0.2714  0.0000 16.1088
244 132 -0.0028  0.0000  0.0000
252 132  0.1694  0.0000 17.0667
260 132  0.2046  0.0000  0.0000
268 132  0.1725  0.0000  0.0000
276 132  0.1235  0.0000 11.1304
284 132  0.0677  0.2414 11.7124
292 132 -0.0440  0.0000 16.1088
  4 140 -0.2231  0.0000  0.0000
 12 140 -0.3339  0.0000  0.0000
 20 140 -0.0308 -0.1823 13.1845
 28 140 -0.0486  0.0000 16.1088
 36 140 -0.1960  2.5000 11.1304
 44 140 -0.0308  0.0000 16.1088
 52 140  0.0000  2.5000  8.8276
 60 140 -0.0078  0.0000 13.7544
 68 140  0.0957  0.0000 19.4783
 76 140  0.2522  0.0000 11.2521
 84 140  0.4068  0.0000  0.0000
 92 140  0.4682  0.0000 12.0628
100 140  0.9385  0.0000  0.0000
108 140  1.4246  0.0000 13.1641
116 140  1.9457  0.0000  8.0000
124 140  0.1235  0.0000  9.2850
132 140  0.0610 -0.5000  7.7665
140 140  0.0051  0.0000  8.7810
148 140 -0.0701  0.0000  9.4208
156 140 -0.0685  0.0000  0.0000
164 140  0.0000 -0.1063  6.9728
172 140  0.1841 -0.0418 12.3683
180 140  0.1556  0.0000 12.2969
188 140  0.1323  0.0000 12.0628
196 140  0.1145  0.0000 11.1304
204 140  0.0979  0.0000 11.1304
212 140  0.0511  0.0000 11.1304
220 140 -0.0968  0.0000 16.1088
228 140 -0.2984  0.0000 11.1304
236 140 -0.4070  0.0000  0.0000
244 140 -0.3188  0.0000 11.1304
252 140 -0.2295  0.0000 11.1304
260 140 -0.5000  0.0000  8.8276
268 140 -0.0951  0.0000 12.2969
276 140 -0.0729  0.0000 11.1304
284 140 -0.1179  0.0000 11.1304
292 140 -0.1503  0.0000 22.2609
  4 148 -0.1960 -0.5000 11.1304
 12 148 -0.1262  0.0000 12.0628
 20 148 -0.1463 -0.0265  7.9644
 28 148  0.7644  0.0000 11.1304
 36 148  1.4031  0.0000  0.0000
 44 148  1.7852  0.0000  0.0000
 52 148  0.2384  0.0000 16.1088
 60 148  0.1683  0.0000 11.1304
 68 148  0.0984  0.0000 16.4760
 76 148 -0.0236  0.0000 16.1088
 84 148  0.0581  0.0000  0.0000
 92 148  0.1960  2.5000 11.1304
100 148  0.0306  1.1731 10.3746
108 148 -0.0362  0.0000 11.1304
116 148 -0.0584  0.0000  0.0000
124 148 -0.0415  0.0000  8.2581
132 148 -0.0123  0.0000 12.0628
140 148 -0.0264  0.3145 11.0777
148 148 -0.1864  0.5000  6.9398
156 148 -0.3792  0.0000  0.0000
164 148 -0.4941  0.0000 11.1304
172 148 -0.5000  0.0000 11.1304
180 148  0.0000  2.5000  8.8276
188 148 -0.1903  0.0000 12.0628
196 148 -0.1066  0.0000  0.0000
204 148 -0.0935  0.0000  0.0000
212 148 -0.1009  0.0000  0.0000
220 148 -0.0709  0.0000 11.1304
228 148  0.0263  0.0000  0.0000
236 148  0.2586  0.0000 19.1045
244 148  0.4880  0.0000 11.1304
252 148  1.0953  0.0000 11.1304
260 148  1.1838  2.5000  7.5779
268 148  0.7805  0.0000  0.0000
276 148  0.3125  0.0000 16.1088
284 148  0.2556  0.0000 11.1304
292 148  0.1960  2.5000 11.1304
  4 156 -0.0715 -0.0642  9.5576
 12 156  0.0158  0.0000 11.1304
 20 156  0.0530  0.0000 16.1088
 28 156 -0.1146  0.0000 11.1304
 36 156 -0.2649  0.0000  0.0000
 44 156 -0.3008  0.0000 16.1088
 52 156 -0.2512  0.0000 16.1088
 60 156 -0.1831  0.0000  0.0000
 68 156 -0.2058 -0.0074  9.4307
 76 156 -0.5000  0.1588 10.5785
 84 156 -0.4063  0.0000 11.1304
 92 156 -0.3294  0.0000 11.1304
100 156 -0.2078  0.0000  0.0000
108 156 -0.0125  0.0000 16.1088
116 156 -0.1068  0.0000 11.1304
124 156 -0.1350  0.0000  0.0000
132 156 -0.1180  2.5000  9.2850
140 156 -0.0643  0.0000 11.1304
148 156  0.0681  0.0000  0.0000
156 156  0.2993  0.0000  0.0000
164 156  0.6907  0.2991  8.0688
172 156  0.8603  0.0000 11.1304
180 156  1.0000  0.0000  8.2581
188 156 -0.5000 -0.1588 10.5785
196 156 -0.8558  0.0000 11.1304
204 156  0.2819  0.0000  0.0000
212 156  0.2525  0.0000 11.1304
220 156  0.1942  0.0000  0.0000
228 156  0.0607  0.0000 11.1304
236 156  0.0649  0.0000  0.0000
244 156 -0.0506  0.0000  0.0000
252 156 -0.2780 -0.1270 13.3759
260 156 -0.5000 -0.0391  9.3822
268 156 -0.5314  0.0000  0.0000
276 156 -0.4327  0.0000  0.0000
284 156 -0.2741  0.0000  0.0000
292 156 -0.1171  0.0000 11.1304
  4 164  0.0000 -0.1028  8.3592
 12 164 -0.0814  0.0000 16.1088
 20 164 -0.0590  0.0000 16.2126
 28 164  0.0627  0.0146 14.2344
 36 164 -0.0256  0.0000 10.5857
 44 164 -0.1672  0.0000 11.1304
 52 164 -0.2527  0.0000 16.9590
 60 164 -0.2322  0.0000 12.8600
 68 164 -0.1193  0.0000  9.4948
 76 164  0.0600  0.0000 12.0455
 84 164  0.1983  0.0000 16.1088
 92 164  0.3930  0.0000 15.5009
100 164  0.4475  0.0000 11.1304
108 164  0.3722  0.0000  0.0000
116 164 -0.4803  0.0000 12.0628
124 164 -0.9550  0.0000  0.0000
132 164  0.1760  0.0000 15.0588
140 164  0.2328  0.0000 11.1304
148 164  0.1902  0.0000  0.0000
156 164  0.1261  0.0000  0.0000
164 164  0.1421  0.0000  8.9363
172 164 -0.1018  0.0000 11.1304
180 164 -0.5000  0.0000  8.8276
188 164 -0.5969  0.0000  0.0000
196 164 -0.6450  0.0000 11.1304
204 164 -0.5317  0.0000  0.0000
212 164 -0.3474  0.0000  0.0000
220 164 -0.1662  0.0000  0.0000
228 164 -0.0031  0.0000  0.0000
236 164 -0.0024  0.0000  0.0000
244 164 -0.0353  0.0000  0.0000
252 164 -0.0876  0.0000  0.0000
260 164 -0.1881  0.0000  0.0000
268 164 -0.3083  0.0000  0.0000
276 164 -0.4347  0.0000  0.0000
284 164 -0.4060  0.0000  0.0000
292 164 -0.2489  0.0000  0.0000
  4 172  0.0000  2.5000  8.9154
 12 172  0.0000  1.5000  8.2581
 20 172 -0.0119  0.0000  0.0000
 28 172 -0.0879  0.0029  9.3860
 36 172  0.0231  0.0958  8.4409
 44 172 -0.2187  0.0000  9.4208
 52 172 -0.1960  0.0000 11.1304
 60 172  0.0698 -0.2911 10.5124
 68 172  0.3006  0.0000  0.0000
 76 172  0.1796  0.0000 12.0628
 84 172  0.0289  0.0000 11.1304
 92 172  0.0601  0.0000  0.0000
100 172  0.0732  0.0000  0.0000
108 172  0.0000  2.5000  8.8276
116 172 -0.2854  0.0000 12.0628
124 172 -0.5000  0.0000  8.2581
132 172 -0.4424  0.0000 12.0628
140 172 -0.3067  0.0000 19.1045
148 172 -0.2184  0.0000  0.0000
156 172 -0.0398  0.0000 11.1304
164 172  0.0562  0.0000 12.0628
172 172  0.0404  0.0000 11.1304
180 172 -0.1365  0.0000 11.1304
188 172 -0.1960  0.0000 11.1304
196 172 -0.3035  0.0000  0.0000
204 172 -0.5687  0.0000  0.0000
212 172 -0.5572  0.0000  0.0000
220 172 -0.4301  0.0000  0.0000
228 172 -0.0856  0.0000  0.0000
236 172  0.2043  0.0000 11.1304
244 172 -0.0976  0.0000  0.0000
252 172 -0.2580  0.0000  0.0000
260 172 -0.1621  0.0000  0.0000
268 172 -0.0934  0.0000  0.0000
276 172  0.1229  0.0000 11.1304
284 172  0.9894  0.0000  0.0000
292 172  0.7466  0.0000  0.0000
  4 180  0.2581  0.0000  0.0000
 12 180 -0.2037  0.0000  8.0688
 20 180 -0.1526  0.0000 12.0455
 28 180  0.0775  2.8282  5.6999
 36 180  0.0752  0.0000  0.0000
 44 180  0.0129  0.0000 16.6957
 52 180  0.0892 -0.0571 11.5795
 60 180 -0.0677 -0.2414 11.7124
 68 180 -0.0289  0.0000 11.9011
 76 180 -0.1841  0.0418 12.3683
 84 180  0.0000 -0.5000  8.8276
 92 180  0.3147  0.0000  0.0000
100 180  0.5570  0.0000 11.1304
108 180  0.3732  0.3694 10.3318
116 180  0.3940  0.0000 12.0628
124 180  0.1050  2.5000  6.8903
132 180 -0.5000  0.0000 11.1304
140 180 -0.4960  0.0000  0.0000
148 180 -0.5369  0.0000 11.1304
156 180  0.0016  0.0000  0.0000
164 180  0.9287  0.0000 12.0628
172 180  0.0000 -0.5000  8.8276
180 180 -0.2977  0.0000  0.0000
188 180 -0.1951  0.0000 12.0628
196 180 -0.0322  0.0000 11.1304
204 180  0.2058  0.0000 16.1088
212 180  2.3833  0.0000  0.0000
220 180  1.4969  0.0000  0.0000
228 180  0.5023  0.0000  0.0000
236 180 -0.5917  0.0000 11.1304
244 180 -0.5092  0.0000 11.1304
252 180  0.0000 -0.1174  9.1793
260 180 -0.1811  0.0000  0.0000
268 180 -0.1341  0.0000  0.0000
276 180  0.1437  0.0000  0.0000
284 180  0.4001  0.0000  0.0000
292 180  0.5510  0.0000 11.1304
  4 188  0.0563  0.1121 14.0746
 12 188 -0.1841  0.0418 12.3683
 20 188  0.7785  0.0000 16.1088
 28 188  1.8210  0.0000 11.1304
 36 188  2.5000  0.0000  8.8276
 44 188  1.6091  0.0000 12.0455
 52 188  0.6448  0.0000 22.2609
 60 188  0.1005  0.0000 16.1088
 68 188  0.0000 -0.5000  8.8276
 76 188 -0.5420  0.0000 16.1088
 84 188  0.2278 -0.1162  9.2296
 92 188  2.3873  0.0000 13.0017
100 188  0.1960  0.0000 11.1304
108 188 -0.1926  0.0000 11.1304
116 188 -0.0702  0.0000 12.0628
124 188  0.0340  0.0000 11.1304
132 188  0.1736  0.0000 13.0803
140 188  3.6417  0.0000 11.1304
148 188  2.3712  0.0000  0.0000
156 188  1.1401  0.0000 11.1304
164 188 -1.0000  0.0000  9.2850
172 188 -1.0473  0.0000 11.1304
180 188 -0.8366  0.0000  0.0000
188 188 -0.9729  0.0000 16.1088
196 188 -0.6371  0.0000  0.0000
204 188 -0.0677  0.2414 11.7124
212 188  0.6348  0.0000 16.1088
220 188  1.1838 -0.5000  7.5779
228 188  0.4553  0.0000 19.1045
236 188  0.2270  0.0000  0.0000
244 188  1.3784  0.0000 11.1304
252 188  2.5000  0.0000  8.8276
260 188  2.8920  0.0000 12.0455
268 188  1.9731  0.0000  0.0000
276 188  0.6759  0.0000  0.0000
284 188  0.4100  0.0000  0.0000
292 188  0.3470  0.0000  0.0000
  4 196 -0.3434 -0.5000  7.1890
 12 196  1.4965  0.0000 16.1088
 20 196  2.5262  0.0000 11.1304
 28 196  1.0882  0.0000 19.1045
 36 196  0.2479  0.0000  0.0000
 44 196  0.1960  0.0000 11.1304
 52 196  0.0831  0.0000 11.1304
 60 196  0.0671  0.0000 20.7059
 68 196  4.1388  0.0000 11.1304
 76 196  2.9158  0.0000 11.1304
 84 196  2.5000 -0.1588 10.5785
 92 196  0.2264  0.2174  8.1086
100 196 -0.6038  0.0000 16.1088
108 196 -0.9794  0.0000 11.1304
116 196 -1.5000  0.0000  8.2581
124 196 -0.9738  0.0000 17.0667
132 196 -0.3284  0.0000 13.0803
140 196  0.2583  0.0000 11.1304
148 196  0.5426  0.0000  0.0000
156 196  0.1755  0.0000 11.1304
164 196  0.1960  2.5000 11.1304
172 196  1.8894  0.0000 16.1088
180 196  2.8815  0.0000 16.1088
188 196  3.0310  0.0000 11.1304
196 196  2.0947  0.0000 16.1088
204 196  0.2780 -0.1270 13.3759
212 196  0.6658  0.0000 11.1304
220 196  1.3070 -0.0337 12.4709
228 196  0.8636  0.0000 16.1088
236 196  2.5000  0.0000  8.8276
244 196  2.5000  0.0000  8.8276
252 196  1.2081  1.0250  5.4468
260 196  0.1180  2.5000  9.2850
268 196 -0.0668  0.0000  0.0000
276 196 -0.0952  0.0000 11.1304
284 196 -0.0909  0.0000  0.0000
292 196  3.5396  0.0000  0.0000
  4 204  1.6620  0.0000 11.1304
 12 204  1.2393  0.0000 12.0628
 20 204  0.3701  0.0000 11.1304
 28 204  0.0233  0.0000 11.1304
 36 204 -0.1174 -4.1710 14.6131
 44 204 -0.5660  0.0000 11.1304
 52 204 -0.5255  0.0000  0.0000
 60 204 -0.2886  0.0000 11.1304
 68 204 -0.0672  0.0000 11.1304
 76 204 -0.0005  0.0000 17.2183
 84 204 -0.0041  0.0000 11.1304
 92 204  0.7416  0.0000 19.1045
100 204  2.5000  0.0000  8.8276
108 204  2.9197  0.0000 11.1304
116 204  2.9535  0.0000 13.7892
124 204  2.5000  0.0000  8.8276
132 204  0.6450  0.0000  0.0000
140 204  0.5248  0.0000 11.1304
148 204  0.1960 -0.5000 11.1304
156 204 -1.2792  0.0000 16.1088
164 204 -2.5000  0.0000 11.1304
172 204  0.1556  0.0000 12.2969
180 204  0.3433  0.0000 11.1304
188 204 -0.1274  0.0000  0.0000
196 204 -0.3304  0.0000  0.0000
204 204 -0.2557  0.0000  0.0000
212 204 -0.1475  0.0000 11.1304
220 204  2.5000  0.0000  8.8276
228 204 -0.2414  0.0000 11.1304
236 204 -0.1498  0.0000 11.1304
244 204  0.0727  0.0000  0.0000
252 204  0.5370  0.0000 11.1304
260 204  1.0000  0.0000  8.2581
268 204  0.5362  0.0000  0.0000
276 204  0.1936  0.0000 11.1304
284 204 -0.0025  0.0000  0.0000
292 204 -0.1670  0.0000  0.0000
  4 212 -0.3713  0.0000 16.1088
 12 212 -0.5000  4.5000  4.0635
 20 212  0.1654  0.0000  0.0000
 28 212  1.0977  0.0000  0.0000
 36 212  1.5321  0.0000 12.0455
 44 212  1.5000 -1.0000  7.4357
 52 212  0.8734  0.0000 11.1304
 60 212 -0.4337 -0.0578  8.8276
 68 212  0.0557 -0.0632 16.2106
 76 212 -0.4993  0.0000  0.0000
 84 212 -1.5002  0.0000  0.0000
 92 212 -1.8031  0.0000  0.0000
100 212  0.1180  2.5000  9.2850
108 212  0.0000 -0.5000  8.8276
116 212 -0.2998  0.0000 16.1088
124 212 -0.5000  0.0000 11.1304
132 212 -0.2733  0.0000 11.1304
140 212  0.0000  2.5000  8.8276
148 212  0.8706  0.0000 11.1304
156 212 -0.1912  0.0000 12.4272
164 212 -0.3764  0.0000 17.0667
172 212 -0.0201 -0.0803 13.5936
180 212  0.7554  0.0000  0.0000
188 212  1.3364  0.0000  0.0000
196 212  1.2244  0.0000  0.0000
204 212  0.8423  0.0000 11.1304
212 212  0.3960  0.0000  0.0000
220 212 -0.0251  0.0000  0.0000
228 212 -0.3607  0.0000 11.1304
236 212 -0.5387  0.0000 11.1304
244 212 -0.4451  0.0000 11.1304
252 212 -0.5000 -0.5000  4.0635
260 212 -0.2352  0.0000  8.2581
268 212 -0.2650  0.0000 11.1304
276 212 -0.6411  0.0000  0.0000
284 212 -1.1511  0.0000  0.0000
292 212 -0.9313  0.0000 16.1088
  4 220 -1.0497  0.0000 11.1304
 12 220 -1.2870  0.0000  0.0000
 20 220 -1.0912  0.0000  0.0000
 28 220 -0.2021  0.2860 10.7438
 36 220 -0.1061  0.0000 11.1304
 44 220 -0.2333  0.0000 11.1304
 52 220 -0.2814  0.0000 16.1088
 60 220 -0.0550  0.0000 16.1088
 68 220  0.2780 -0.1270 13.3759
 76 220 -1.0249  0.0000  0.0000
 84 220 -0.9604  0.0000  0.0000
 92 220 -0.6297  0.0000  0.0000
100 220  0.1760  0.0000 15.0588
108 220  1.1510  0.0000 11.1304
116 220  1.8853  0.0000  0.0000
124 220  1.9863  0.0000  0.0000
132 220  1.5416  0.0000 16.1088
140 220  0.8358  0.0000 16.1088
148 220  0.1667 -4.9192  9.1429
156 220 -0.2343  0.0000 11.1304
164 220 -0.3472  0.0000  0.0000
172 220 -0.4256  0.1293  7.2484
180 220 -1.2250  0.0000  8.4768
188 220 -1.6822  0.0000  0.0000
196 220 -1.9266  0.0000  0.0000
204 220 -2.1134  0.0000  0.0000
212 220 -2.1547  0.0000 11.1304
220 220 -1.8706  0.0000 11.1304
228 220 -1.5252  0.0000 11.1304
236 220 -1.0919  0.0000 11.1304
244 220 -0.5000  0.0000  8.8276
252 220 -0.0938  0.0000 13.3565
260 220 -0.0306  0.0000  0.0000
268 220 -0.1032  0.0000 12.0455
276 220 -0.0631  0.0000 11.1304
284 220  0.1960  0.0000 11.1304
292 220  0.5055  0.0000 11.1304
