VARIABLES= "X pix", "Y pix", "U pix/dt", "V pix/dt", "CHC", ZONE I=28, J=37
  4   4  0.0000  0.0000  8.8343
 12   4  0.0000  0.0000  8.7363
 20   4  0.0000  0.0000  8.6243
 28   4 -0.0707  0.0024  8.6190
 36   4  0.0016 -0.0796  9.3781
 44   4  0.0000  0.0000  8.7363
 52   4  0.0000 -0.0089  9.9006
 60   4  0.0000  0.0000  8.3451
 68   4 -0.0594 -0.0076 10.0007
 76   4  0.0000 -0.1067  9.4719
 84   4 -0.0646  0.0323  9.9918
 92   4  0.1086  0.0560  9.9772
100   4 -0.0299  0.0157 10.8658
108   4  0.0007  0.0020 11.7659
116   4  0.0000  0.0000 11.9483
124   4  0.0000  0.0000 11.9483
132   4  0.0000  0.0000 12.0698
140   4  0.0000  0.0000 11.9483
148   4 -0.0405  0.0626 11.3758
156   4  0.0000 -0.0286 12.1954
164   4 -0.0051 -0.0040 11.0154
172   4  0.0383  0.0145 10.5203
180   4 -0.0094 -0.0108 10.7774
188   4 -0.0000  0.0000 11.0339
196   4  0.0067 -0.0539  9.8333
204   4  0.0000  0.0000 11.7360
212   4 -0.0547  0.0054 10.1010
220   4  0.0000  0.0000 10.1740
228   4  0.0000  0.0000 10.1740
236   4  0.0000  0.0000  9.4208
244   4 -0.2689  0.0419  9.7710
252   4 -0.0263 -0.0743 11.3021
260   4  0.1264 -0.0318 12.1158
268   4  0.0000 -0.3753  9.7086
276   4  0.3639 -0.5728 11.4627
284   4  0.0000  0.0000 12.0628
292   4  0.0000  0.9588  9.0353
  4  12  0.0000  0.1898 10.4065
 12  12  0.0000 -0.3356 11.6053
 20  12  0.0000  0.0000  9.3279
 28  12  0.0000  0.0000 12.5902
 36  12  0.0000  0.0000  7.3454
 44  12  0.0000  0.0000  7.3454
 52  12  0.0000  0.0000  6.8970
 60  12  0.0000  0.0000  9.1697
 68  12  0.1608 -0.1436  8.1960
 76  12 -0.1294 -0.0872  8.6331
 84  12  0.0577 -0.2123  6.4787
 92  12 -0.0271 -0.0833 25.7823
100  12  0.0187 -0.0197 21.6192
108  12  0.0777  0.0210  8.8869
116  12  0.0008 -0.0643  8.5944
124  12  0.0000 -0.0923  8.5488
132  12  0.0000  0.0708  8.6127
140  12  0.0429 -0.0849  8.7614
148  12 -0.0059  0.0229  8.7551
156  12  0.0058 -0.0335 22.1791
164  12  0.0096  0.0697 14.9573
172  12  0.0370  0.0584 10.6086
180  12  0.0045 -0.0072 11.4524
188  12  0.0024  0.0021 12.6753
196  12  0.0417  0.0262 12.3910
204  12 -0.0426  0.1840 12.8251
212  12  0.0000  0.0000 21.5904
220  12  0.0000  0.0000 21.7438
228  12 -0.0170  0.0074 13.9453
236  12 -0.0737  0.0638 14.6433
244  12  0.0000  0.0000 18.4858
252  12  0.0000  0.0000 14.8117
260  12 -0.0662 -0.0715 13.7964
268  12  0.2208  0.0156 12.2786
276  12  0.0979 -0.1139  9.4912
284  12  0.0071 -0.1870  8.4170
292  12  0.0000  0.0090 11.3806
  4  20  0.0000  0.0000 19.3782
 12  20  0.0159  0.0012 15.4288
 20  20  0.0000  0.0000 16.5542
 28  20  0.0000  0.0000 15.1193
 36  20  0.0103 -0.0166 14.5965
 44  20 -0.0131 -0.0018 12.9873
 52  20  0.0148  0.0068 13.1249
 60  20  0.0000  0.0000 13.7351
 68  20  0.0053 -0.0242 12.4670
 76  20 -0.0117  0.0014 12.2459
 84  20  0.0050  0.0038 12.6117
 92  20  0.0105 -0.0009 11.9571
100  20  0.0087 -0.0066 17.1093
108  20  0.0000  0.0000 12.1381
116  20  0.0012 -0.0076 11.2916
124  20 -0.0033  0.0131 10.2206
132  20  0.0000  0.0000 11.5547
140  20  0.0000  0.0000 12.6487
148  20  0.0000  0.0000 24.8102
156  20 -0.0001  0.0000 26.7942
164  20  0.0000  0.0000 14.8192
172  20 -0.0005 -0.0051 28.3573
180  20 -0.0008  0.0149 11.9023
188  20  0.0100  0.0166 12.1147
196  20  0.0000  0.0000 12.5072
204  20  0.0010  0.0033 13.3316
212  20  0.0000  0.0000 12.9151
220  20  0.0000  0.0000 11.6778
228  20 -0.0021 -0.0016 11.7075
236  20  0.0029  0.0047 12.2172
244  20  0.0199  0.0033 21.0501
252  20  0.0000  0.0000 20.0314
260  20  0.0061 -0.0119 22.6779
268  20 -0.0152 -0.0017 16.3636
276  20  0.0114  0.0060 14.1295
284  20  0.0009 -0.0012 15.3248
292  20  0.0103  0.0031 15.4198
  4  28  0.0092 -0.0415  7.4500
 12  28 -0.0117 -0.0019  9.5400
 20  28  0.0052 -0.0015  8.3490
 28  28  0.0000  0.0000  7.0511
 36  28 -0.0246  0.0058  7.0651
 44  28  0.0000  0.0000  7.1336
 52  28  0.0000  0.0000  7.4976
 60  28  0.0432  0.1554  9.0551
 68  28 -0.0721 -0.0146  7.2666
 76  28  0.0665 -0.0159 10.9732
 84  28  0.0000  0.0000 12.4810
 92  28 -0.0079 -0.0202  8.9052
100  28  0.0000  0.0000  7.5472
108  28 -0.0324 -0.0911  7.7230
116  28  0.0245  0.2695  7.1398
124  28  0.1833 -1.1711 10.9939
132  28  0.0326  0.0000 13.4579
140  28  0.0000  0.0000 12.3458
148  28  0.0024 -0.0076 14.5874
156  28  0.0029  0.0076 12.9033
164  28  0.0000  0.0000 10.8498
172  28 -0.0282 -0.0016 12.9424
180  28  0.0018 -0.0156 10.9193
188  28 -0.1054 -0.0591 12.1914
196  28 -0.0767 -0.0452 12.7224
204  28 -0.0102 -0.1314 12.0361
212  28  0.0000  0.0000 11.6053
220  28  0.0000  0.0000 11.0903
228  28  0.0000  0.2593  8.7521
236  28  0.0000  0.0000 10.6057
244  28  0.0078  0.0085  9.3921
252  28  0.0000  0.0000  9.3785
260  28  0.0470 -0.0173  7.9940
268  28 -0.0267  0.1765  7.3102
276  28 -0.3813 -0.0510  8.1387
284  28 -0.0398 -0.3443  9.7086
292  28 -0.1771  0.0050 12.6401
  4  36  0.0000  0.0000 19.4783
 12  36  0.0000  0.0000  8.5829
 20  36  0.0465  0.1984 11.3241
 28  36  0.0444  0.0801 13.0086
 36  36  0.0553  0.0265 14.9882
 44  36 -0.1078 -0.0120 10.5215
 52  36  0.0147  0.1436  8.7745
 60  36  0.0205  0.1171  7.3063
 68  36  0.1672  0.1658  6.4012
 76  36 -0.4254 -0.2358  7.1919
 84  36  0.0000  0.0000 16.1088
 92  36  0.0000  0.0000 12.0628
100  36  0.0000  0.0000 11.1304
108  36  0.0000  0.0000  0.0000
116  36  0.0000  0.0000 11.1304
124  36  0.0000  0.0000 17.2183
132  36  0.0000  0.0000  0.0000
140  36  0.1176  0.0840  9.5970
148  36  0.0000  0.0000 16.4214
156  36  0.0000  0.0000 15.6215
164  36  0.0028  0.0014 17.0573
172  36 -0.0021  0.0014 11.8935
180  36 -0.0283  0.0316 10.3075
188  36 -0.5000  0.0118  6.6232
196  36  0.0000  0.0000 10.1897
204  36  0.0930 -0.0361  8.4816
212  36  0.0000  0.0000 10.3707
220  36  0.0000  0.0000 11.9665
228  36  0.0000  0.0000 10.5606
236  36  0.0000  0.0000 10.5606
244  36  0.0000  0.0000 13.0989
252  36  0.0000  0.0000 12.8227
260  36  0.1968 -0.0388  9.7844
268  36  0.0000  0.0000 11.1304
276  36 -0.0520 -0.2072 11.4040
284  36  0.0000  0.0000  8.7453
292  36  0.0000  0.1420  9.7710
  4  44  0.0000  0.0000 10.4696
 12  44  0.0000  0.0000  8.9436
 20  44  0.0000  0.0000  8.7227
 28  44  0.0000  0.0000 10.2729
 36  44  0.0000  0.0000 11.1304
 44  44  0.0000  0.0000 11.1304
 52  44  0.0000  2.5000  8.8276
 60  44  0.0000  0.0000  0.0000
 68  44  0.0000  0.0000  0.0000
 76  44  0.0000  0.0000  0.0000
 84  44  0.0000  0.0000 11.1304
 92  44  0.0000  0.0000  9.4208
100  44  0.0000  0.0000 13.2207
108  44  0.0000  0.0000 11.1304
116  44  0.0782 -0.1520 14.1176
124  44  0.0000  0.0000 20.7059
132  44  0.0000  0.0000 11.1304
140  44 -0.0302 -0.0030  6.0392
148  44  0.0000  0.0000  8.3076
156  44 -0.0014 -0.0060  8.3310
164  44  0.0135  0.0010  8.1002
172  44  0.0036 -0.0013  6.2222
180  44 -0.2665 -0.0090 11.8309
188  44  0.0000  0.0000  7.3911
196  44  0.2455  0.0000 10.1178
204  44  0.0000  0.0000  6.6321
212  44  0.0000 -0.1902  7.5679
220  44  0.0000  0.0000  9.0038
228  44  0.0770 -0.0028  9.2882
236  44  0.0000  0.0000 11.9585
244  44  0.0000  0.0000  8.4696
252  44  0.0000  0.0000  9.7556
260  44 -0.1680  0.0339 11.4086
268  44  0.0000  0.0000 11.5293
276  44 -0.0060 -0.0063 10.7677
284  44  0.0305  0.0344 10.0966
292  44  0.0000  0.0000 15.5414
  4  52  2.5000  0.0000  8.8276
 12  52  0.0000 -0.0158 17.0667
 20  52  0.0000  0.0000 11.1304
 28  52  0.0000  0.0000  0.0000
 36  52  0.0000  0.0000 11.1304
 44  52 -1.0492  0.0305 12.6667
 52  52  0.1151 -0.1151 16.5161
 60  52  0.0000  0.0000 11.1304
 68  52  0.0000  0.0000  0.0000
 76  52 -0.5000 -0.1588 10.5785
 84  52  0.0000  0.0000 12.0628
 92  52  0.0000  0.0000  9.9952
100  52  0.0000  0.0000 12.6526
108  52  0.0000  0.0000 16.5009
116  52  0.0000  0.0000 11.1304
124  52  0.1841  0.0418 12.3683
132  52  0.0000  0.0000 11.1304
140  52  0.0199 -0.0511 18.4336
148  52  0.0000  0.0000 11.0903
156  52  0.0000  0.0000 11.1304
164  52  0.0000  0.0000 12.5445
172  52  0.0000  0.0000  9.8036
180  52  0.0000  0.0000 12.0455
188  52  0.0000  0.0000  0.0000
196  52  0.0000  0.0000 19.1045
204  52  0.0000  0.0000  0.0000
212  52  0.0000  0.0000  0.0000
220  52  0.0000  0.0000  0.0000
228  52 -0.0417  0.1134  7.3143
236  52  0.0000  0.0000  8.6413
244  52  0.7181  0.0718  9.6807
252  52  0.0000  0.0000 19.1045
260  52  0.1631 -0.2029 15.8514
268  52 -0.0272  0.0238 11.1899
276  52  0.0000  0.0000  8.6413
284  52 -0.0222 -0.1289  7.7552
292  52  0.0000  0.0000  8.8040
  4  60  0.0000  0.1063  6.9728
 12  60  0.0000  0.0000  0.0000
 20  60  0.0000  0.0000  0.0000
 28  60  0.0000  0.0000 11.1304
 36  60  0.1151 -0.1151 16.5161
 44  60  0.0000  0.0000 11.9011
 52  60  0.0000  0.0000 16.7450
 60  60  0.0000  0.0000 13.6349
 68  60  0.2032  0.0056 10.6090
 76  60  0.2780 -0.1270 13.3759
 84  60  0.0000  0.0000  9.5632
 92  60 -0.2224 -0.0101 10.9445
100  60  0.0000  0.0000  9.7071
108  60  0.0000  0.0000 11.1304
116  60 -0.0808 -0.3955  8.4156
124  60  0.0000  0.0000 16.4760
132  60  0.2907  1.6239  7.4662
140  60  0.0000  0.0000 10.7416
148  60  0.0000  0.0000 16.1088
156  60  0.0000  0.0000 11.1304
164  60  0.0000  0.0000 16.1088
172  60  0.0000  0.0000  9.2086
180  60  0.0000  0.0000 14.5615
188  60  0.0000  2.5000  8.8276
196  60  0.0000  0.0000  0.0000
204  60  0.0000  0.0000  0.0000
212  60  0.0000  0.0000  0.0000
220  60  0.0000  0.0000 11.1304
228  60  0.0000  0.0000 11.1304
236  60  0.0000  0.0000 11.1304
244  60  0.0000  0.0000 11.1304
252  60  0.0000  0.0000 11.1304
260  60  0.0000  0.0000 11.1304
268  60  0.0000  0.0000  9.2086
276  60  0.0000  0.0000 16.4760
284  60  1.5000  0.0448  8.9013
292  60  0.2166 -0.1179  7.0951
  4  68  0.0000  0.0000  0.0000
 12  68  0.0000  0.0000  0.0000
 20  68  0.0000  0.0000 16.1088
 28  68  0.0000  0.0000 16.1088
 36  68 -0.0548  0.1795 19.6402
 44  68  0.0000  0.0000 11.1304
 52  68  0.0000  0.0000 12.8600
 60  68  0.0000  0.0000 12.0628
 68  68  0.0000  0.0000  0.0000
 76  68  0.0491 -0.4281 10.6474
 84  68 -0.0182  0.0644 14.3527
 92  68  0.0000  0.0000 15.8777
100  68  0.0000  0.0000  0.0000
108  68  0.0418 -0.1521 12.6567
116  68 -0.5000  0.0000  8.8276
124  68  0.0000  0.0000 12.0628
132  68  0.0000  0.0000 12.0455
140  68  0.0000  0.0000 16.1088
148  68  0.0000  0.0000 12.0628
156  68  0.0000  0.0000 12.0628
164  68  0.0000  0.0000 16.1088
172  68  0.0000  0.0000 16.1088
180  68 -0.1960  2.5000 11.1304
188  68  0.0000  0.0000 13.1641
196  68  0.0000  0.0000  0.0000
204  68  0.0000  0.0000 11.1304
212  68  0.0000  0.0000 11.1304
220  68  0.0000  0.0000 11.1304
228  68 -0.3127  0.1061  9.8739
236  68  0.0000  0.0000 12.5445
244  68  0.0000  0.0000 11.1304
252  68  0.0000  0.0000  0.0000
260  68  0.0000  0.0000  0.0000
268  68  0.0000  0.0000  0.0000
276  68  0.0000  0.0000 16.1088
284  68  0.2665 -0.0090 11.8309
292  68  0.0000  0.0000 16.1088
  4  76  0.1717 -0.4043 10.4490
 12  76     NaN  0.1203  5.4468
 20  76  0.0261 -0.1491 10.2272
 28  76  0.0959 -0.3792 10.0024
 36  76 -0.3651  0.6488  7.8528
 44  76  0.0977  0.0299 18.3529
 52  76 -1.0756  0.0431  7.0865
 60  76  0.0000  0.0000 11.9011
 68  76 -0.0364 -0.3502 10.4388
 76  76  0.1274  0.1193 13.8026
 84  76  0.0000  0.0000 11.1304
 92  76  0.0000  0.0000  8.2581
100  76  0.0000  0.0000 16.1088
108  76  1.2596  0.3479  7.1968
116  76 -0.7379  2.5000  7.2172
124  76     NaN  0.0000 17.0667
132  76  0.0000  0.0000 12.0628
140  76 -0.0418  0.1521 12.6567
148  76  2.5000  0.0000  8.8276
156  76  0.0000  0.0000  0.0000
164  76  0.0000  0.0000  0.0000
172  76  0.4043 -0.4043  8.0000
180  76  0.0000  0.0000 11.1304
188  76  0.0000  0.0000  0.0000
196  76  0.0000  0.0000  0.0000
204  76  0.0000  0.0000  0.0000
212  76  0.0000  0.0000 17.0667
220  76  0.0000  0.0000 11.9011
228  76  0.0000  0.0000 19.4783
236  76 -0.5000  0.0000  8.8276
244  76  0.0000  0.0000  0.0000
252  76  0.0000  0.0000  0.0000
260  76  0.0000  0.0000  0.0000
268  76  0.0000  0.0000  0.0000
276  76  0.0000  0.0000  0.0000
284  76  0.0000  0.0000 11.1304
292  76  0.0000  0.0000 16.1088
  4  84 -0.0494  0.2171 10.9510
 12  84  0.0000  0.0000  8.0000
 20  84  0.0000  0.0000 12.5445
 28  84 -0.1841  0.0418 12.3683
 36  84 -0.1352 -0.0160 11.2889
 44  84  2.5000 -0.1588 10.5785
 52  84  0.0000  0.0000  8.0000
 60  84  0.1451  0.0629 17.3622
 68  84  0.1056  1.5746 10.0855
 76  84  0.0000  0.0000  0.0000
 84  84  0.0000  0.0000  0.0000
 92  84  0.0000  0.0000 11.1304
100  84  0.0000  0.0000 11.1304
108  84  0.0000  0.0000 11.1304
116  84 -0.4079 -3.5936  7.6826
124  84  0.0000  0.0000  6.3202
132  84  0.0515  0.0125  6.5338
140  84  0.0000  0.0000 10.1191
148  84  0.0000  0.0000  0.0000
156  84  0.0000 -0.5000  8.9154
164  84  0.0000  0.0000 11.1304
172  84  0.0000  0.0000 19.4783
180  84  0.0000  0.0000 11.1304
188  84  0.0000  0.0000 11.1304
196  84  0.0000  0.0000 16.1088
204  84  0.0000  0.0000  0.0000
212  84  0.0000  0.0000  0.0000
220  84  0.0000  0.0000  0.0000
228  84  0.0000  0.0000 11.1304
236  84  0.0000  0.0000 12.8600
244  84  0.0000  0.0000  0.0000
252  84  0.0000  0.0000 11.1304
260  84  0.0000  0.0000  0.0000
268  84  0.0000  0.0000  0.0000
276  84  0.0000  0.0000  0.0000
284  84  0.0000  0.0000  0.0000
292  84  0.0000  0.0000 11.1304
  4  92  0.0000  0.0000 13.1641
 12  92  0.0000  0.0000 19.1045
 20  92  0.0543  0.0116 15.3550
 28  92  0.1675  0.0000 14.7813
 36  92  0.0000  0.0000 11.1304
 44  92  0.0000  0.0000 16.1088
 52  92  0.0000  0.0000 20.7059
 60  92  0.0000  0.0000  0.0000
 68  92  0.0000  0.0000  0.0000
 76  92  0.0000  0.0000 16.1088
 84  92 -0.5000  0.0000  8.8276
 92  92  0.0000  0.0000 11.1304
100  92  2.5000  0.0000  8.8276
108  92  0.0000  0.0000 22.2609
116  92  0.0000  0.0000 22.2609
124  92  0.0000  0.0000  8.6413
132  92  0.0000  0.0000 15.7193
140  92  0.0000  0.0000  0.0000
148  92  0.0000  0.0000  0.0000
156  92  0.0081 -0.1161 15.4894
164  92  0.0000  0.0000 11.1304
172  92  0.0000  0.0000  0.0000
180  92  0.0000  0.0000 11.1304
188  92     NaN -3.1203  5.4468
196  92  0.0000  0.0000 16.1088
204  92  0.0000  0.0000 12.5445
212  92  0.0000  0.0000  0.0000
220  92  0.0000  0.0000  0.0000
228  92  0.0000  0.0000  0.0000
236  92  0.0000  0.0000 11.1304
244  92  0.0418  0.1521 12.6567
252  92  0.0000  0.0000 11.1304
260  92  0.0000  0.0000 11.1304
268  92  0.0000  0.0000  0.0000
276  92  0.0000  0.0000  0.0000
284  92  0.0000  0.0000  0.0000
292  92  0.0000  0.0000  0.0000
  4 100  0.0000  0.0000 15.5009
 12 100  0.0000  0.0000 12.3045
 20 100 -4.8899  3.8247  6.0337
 28 100  0.0000  0.0000 11.1304
 36 100  0.0000  0.0000  0.0000
 44 100  0.0000  0.0000  0.0000
 52 100  0.0000  0.0000  0.0000
 60 100  0.0000  0.0000  0.0000
 68 100 -0.0418  0.1521 12.6567
 76 100  0.0000  0.0000  0.0000
 84 100  0.0000  0.0000 11.1304
 92 100 -0.1927  0.0788 17.1842
100 100  0.0000  0.0000 10.9491
108 100  0.0000  0.0000 16.1088
116 100  0.0000  0.0000 11.1304
124 100  0.0000  0.0000 11.1304
132 100  0.0000  0.0000 10.6514
140 100  0.0000  0.0000  0.0000
148 100  0.0000  0.0000  0.0000
156 100  0.1556  0.0000 12.2969
164 100  0.2414  0.0000 11.1304
172 100  0.0000  0.0000 16.1088
180 100  0.0000  0.0000 11.1304
188 100 -0.6306  0.1105 11.2757
196 100  0.0000  0.0000 19.4783
204 100  0.0000  0.0000 13.5576
212 100 -0.4256  0.1293  7.2484
220 100  0.0000  0.0000  0.0000
228 100  0.0000  0.0000 11.1304
236 100  0.0000  0.0000 11.1304
244 100  0.0000  0.0000 11.1304
252 100 -0.5000  0.0000  9.9740
260 100  0.0000  0.0000  0.0000
268 100  0.0000  0.0000 11.1304
276 100  0.0000  0.0000 11.1304
284 100  4.5000 -0.5000  4.0635
292 100  0.0000  0.0000  0.0000
  4 108  0.0000  0.0000 11.1304
 12 108  0.0000  0.0000 11.1304
 20 108  0.0000  0.0000  0.0000
 28 108  0.0000  0.0000  0.0000
 36 108  0.0000  0.0000  0.0000
 44 108  0.0000  0.0000  0.0000
 52 108  0.0000  0.0000  0.0000
 60 108  0.0000  0.0000 16.1088
 68 108  0.0000  2.5000  8.8276
 76 108  0.0000  0.0000  0.0000
 84 108  0.0000  0.0000 11.1304
 92 108  0.0000  0.0000 11.9011
100 108  0.2494  0.0599  9.5231
108 108  0.0000  0.0000  0.0000
116 108  0.0000  0.0000  0.0000
124 108  0.0000  0.0000 18.5922
132 108  0.0000  0.0000 16.1088
140 108  0.0000  0.0000 11.1304
148 108  0.0000  0.0000  0.0000
156 108  0.0000  0.0000 12.0455
164 108  1.5000  0.0000  8.2581
172 108  0.0000  0.0000 12.0455
180 108  0.0000  0.0000  0.0000
188 108  0.1556  0.0000 12.2969
196 108  0.0755  0.0653 11.8819
204 108  0.2780  0.1270 13.3759
212 108  0.0101 -0.1146 17.4161
220 108  0.0000  0.0000  9.4208
228 108  0.0000  0.0000  0.0000
236 108  0.0000  0.0000 11.1304
244 108  0.0000  0.0000  0.0000
252 108  0.0000 -0.5000  8.8276
260 108  0.0000  0.0000  0.0000
268 108  0.0000  0.0000 11.1304
276 108  0.0000  0.0000 12.8600
284 108  0.0000  0.0000 11.1304
292 108  0.0000  0.0000  0.0000
  4 116  0.4421  0.1158  9.6583
 12 116  0.1548  0.5000 10.8245
 20 116  0.0000  0.0000 11.1304
 28 116  0.0000  0.0000  0.0000
 36 116  0.0000  0.0000 11.1304
 44 116  0.0000  0.0000  0.0000
 52 116  0.0000  0.0000  0.0000
 60 116  0.0000  0.0000  0.0000
 68 116  0.0000  0.0000  0.0000
 76 116 -1.1733  0.0000  8.5333
 84 116  0.0000  0.0000 16.1088
 92 116 -0.1101  0.1469  7.1968
100 116  0.0000  0.0000 13.0803
108 116  0.0000  0.0000  0.0000
116 116  0.0000  0.0000 19.4783
124 116  0.0000  0.0000 12.8600
132 116  1.5000 -0.2687  7.0515
140 116  0.0000  0.0000  0.0000
148 116  0.0000  0.0000  0.0000
156 116  0.0000  0.0000 16.1088
164 116  0.0000  0.0000 20.7059
172 116  0.0698 -0.2911 10.5124
180 116  0.0000  0.0000  0.0000
188 116  0.0000  0.0000 21.6135
196 116  0.0000 -0.2593  8.7521
204 116  0.0225  0.4137 13.5092
212 116  0.0000  0.0000  0.0000
220 116  0.0000  0.0000 16.1088
228 116 -0.5000  0.0000  8.8276
236 116  0.0000  0.0000  0.0000
244 116  0.0000  0.0000 11.1304
252 116  0.0000  0.0000 16.1088
260 116  0.0000  0.0000 11.1304
268 116  0.0000  0.0000 20.7059
276 116  0.0000  0.0000 19.4783
284 116  0.0000  0.0000 11.1304
292 116  0.0000  0.0000 11.1304
  4 124  0.0000  0.0000  0.0000
 12 124  0.0000  0.0000  0.0000
 20 124 -0.1656 -0.0786 10.7522
 28 124  2.8274  0.3035  7.6077
 36 124  0.0000  0.0000 16.1088
 44 124  4.5000 -0.5000  4.0635
 52 124  0.0000  0.0000  0.0000
 60 124  0.0000  0.0000 16.1088
 68 124  0.0647  0.0771 14.4477
 76 124  0.0000  0.0000  8.3478
 84 124 -0.2633  0.0317  7.4064
 92 124 -0.0698 -0.2911 10.5124
100 124 -0.2780 -0.1270 13.3759
108 124  0.0000  0.0000 12.0628
116 124  0.0000  0.0000 16.1088
124 124 -0.0418  0.1521 12.6567
132 124  0.0000  0.0000  0.0000
140 124  0.0000  0.0000 19.1045
148 124  0.0000  0.0000 11.1304
156 124 -0.5000  0.0000  8.8276
164 124  0.0000  0.0000 16.1088
172 124  0.2587 -0.1868 11.1614
180 124  0.0000  0.0000  0.0000
188 124  0.0000  0.0000  0.0000
196 124  0.0000  0.0000  0.0000
204 124  0.0000  0.0000 11.1304
212 124  0.0000  0.0000 11.1304
220 124  0.0000  0.0000  0.0000
228 124  0.0000  0.0000 16.1088
236 124  0.0000  0.0000 11.1304
244 124  0.0000  0.0000 11.1304
252 124  0.0000  0.0000  0.0000
260 124  0.0000  0.0000 11.1304
268 124  0.0000  0.0000  0.0000
276 124  0.0000  0.0000  0.0000
284 124  0.0000  0.0000 11.1304
292 124  0.0000  0.0000 11.1304
  4 132  0.0000  0.0000  0.0000
 12 132  0.0000  0.0000  0.0000
 20 132  0.0000  0.0000 16.1088
 28 132  0.0000  0.0000 12.0455
 36 132  0.0000  2.0000 11.1304
 44 132  0.0000  0.0000 11.1304
 52 132  0.0000  0.0000 16.1088
 60 132  0.4043  0.4043  8.0000
 68 132  0.0000 -0.0158 17.0667
 76 132  0.0000  0.0000  9.7577
 84 132  0.0000  0.0000  8.8276
 92 132  0.0418 -0.1521 12.6567
100 132  0.0000  0.0000 11.1304
108 132  0.0000  0.0000 11.1304
116 132  0.0000  0.0000 16.1088
124 132  0.0000  0.0000 12.0628
132 132  0.0000  0.0000 11.1304
140 132  0.0000  0.0000 12.0628
148 132  0.0264 -0.3145 11.0777
156 132  0.0000  0.0000  0.0000
164 132  0.0000  0.0000 11.1304
172 132 -0.7379 -0.5000  7.2172
180 132  0.0000  0.0000 11.1304
188 132  0.0000  0.0000  0.0000
196 132  0.0000  0.0000 11.1304
204 132  0.0000  0.0000  0.0000
212 132  0.0000  0.0000 11.1304
220 132  0.0000  0.0000 11.1304
228 132  0.0000 -0.5000  8.8276
236 132  0.0000  0.0000  0.0000
244 132  0.0000  0.0000  0.0000
252 132  0.0000  0.0000  0.0000
260 132  0.0000  0.0000  0.0000
268 132  0.0000  0.0000 11.1304
276 132  0.0000  0.0000 11.1304
284 132  0.0000  0.0000  0.0000
292 132  0.0000  0.0000  0.0000
  4 140  0.0000  0.0000 11.1304
 12 140  2.5000  0.0000  8.8276
 20 140  0.0000  0.0000 12.0455
 28 140  0.0000  2.5000  8.8276
 36 140  0.0000  0.0000 11.1304
 44 140  0.0000  0.0000  0.0000
 52 140  0.0000  0.0000 12.0628
 60 140  0.0000  0.0000  0.0000
 68 140 -0.2193 -0.0923  7.5156
 76 140  1.5000 -1.0000  7.4357
 84 140  0.0000  0.0000 11.1304
 92 140  0.1960  2.5000 11.1304
100 140 -0.2278 -0.1162  9.2296
108 140  0.0000  0.0000 11.1304
116 140 -0.2270 -0.0629 12.9740
124 140 -2.3162 -0.1023  9.7439
132 140  1.0000  0.0000  9.2850
140 140 -0.0698  0.2911 10.5124
148 140 -0.5838 -0.3144  8.0688
156 140  0.0000  0.0000  0.0000
164 140  0.0000  0.0000 11.1304
172 140  0.0000  0.0000  0.0000
180 140  0.0000  0.0000 13.0803
188 140  0.0000  0.0000 11.1304
196 140  0.0000 -0.1960 11.1304
204 140  0.0000  0.0000 16.1088
212 140  0.0000  0.0000 12.0628
220 140  0.0000  0.0000 11.1304
228 140  0.0000  0.0000  0.0000
236 140  0.0000  0.0000 11.1304
244 140  0.0000  0.0000  0.0000
252 140  0.0000  0.0000  0.0000
260 140  0.0000  0.0000  0.0000
268 140  0.0000  0.0000  0.0000
276 140  0.0000  0.0000  0.0000
284 140  0.0000  0.0000  0.0000
292 140 -0.5000  0.0000 11.1304
  4 148  0.0000  0.0000  0.0000
 12 148 -0.0418  0.1521 12.6567
 20 148  0.0000  0.0000 16.1088
 28 148  0.0000  0.0000  0.0000
 36 148  0.0000  0.0000  0.0000
 44 148  0.0000  0.0000 16.1088
 52 148  0.2414  0.0000 11.1304
 60 148  0.4342 -0.1409  8.7273
 68 148  0.0000  0.0000 11.2521
 76 148  0.0000  0.0000  0.0000
 84 148  0.0000  0.0000 11.1304
 92 148  0.0000  0.0000  0.0000
100 148  2.5000  0.0000  8.8276
108 148  0.0000  0.0000 16.1088
116 148 -0.1960  0.0000 11.1304
124 148  0.0000  0.0000 11.1304
132 148  0.0000  0.0000 12.0455
140 148  0.0457 -0.1506 13.1092
148 148 -0.0650 -0.0418  8.6178
156 148  0.0000  0.0000  0.0000
164 148  0.0000  2.5000  8.8276
172 148  0.0000  0.0000  8.4768
180 148  0.0000  0.0000 12.0628
188 148  0.0000  0.0000 11.1304
196 148  0.0000  0.0000  0.0000
204 148  0.0000  0.0000  0.0000
212 148  0.0000  0.0000  0.0000
220 148  0.5000  0.0000 11.1304
228 148  0.0000  0.0000  0.0000
236 148 -0.5000  0.0000  8.8276
244 148  0.0000  0.0000  0.0000
252 148  0.0000  0.0000  0.0000
260 148  0.0000  0.0000  0.0000
268 148  0.0000  0.0000  0.0000
276 148  0.0000  0.0000 11.1304
284 148  0.0000  0.0000 16.1088
292 148  0.0000  0.0000 17.0667
  4 156  0.1542 -0.0323 12.4568
 12 156  0.0000  0.0000 16.1088
 20 156  0.0000  0.0000  0.0000
 28 156  0.0000  0.0000 11.1304
 36 156  0.0000  0.0000  0.0000
 44 156  0.0000  0.0000 11.1304
 52 156  0.0000  0.0000  0.0000
 60 156  0.0000  0.0000 15.0037
 68 156  0.0000  0.0000 20.7059
 76 156  2.5000  0.0000  8.8276
 84 156 -0.0418  0.1521 12.6567
 92 156  0.0000  0.0000 17.2183
100 156  0.0000  0.0000 11.1304
108 156  0.0000  0.0000  0.0000
116 156  0.0000  0.0000 11.1304
124 156  0.0000 -0.5000  8.9154
132 156 -0.5000  0.0000 11.1304
140 156  0.0000  0.0000 12.0455
148 156  0.0180  0.1317 12.5039
156 156  0.0000  0.0000 17.0667
164 156  0.0000  0.0000 16.1088
172 156  0.0000  0.0000 11.1304
180 156  0.0000  0.0000 11.1304
188 156  0.0000  0.0000 11.1304
196 156  0.0000  0.0000  0.0000
204 156  0.0000  0.0000  0.0000
212 156  0.0000  0.0000  0.0000
220 156  0.0000  0.0000  0.0000
228 156  0.0000  0.0000 11.1304
236 156  0.0000  0.0000 19.1045
244 156  1.0000  0.0000  6.5641
252 156  0.0000  0.0000 16.1088
260 156  0.0000  0.0000 11.1304
268 156  0.0000  0.0000 11.1304
276 156 -0.1841  0.0418 12.3683
284 156  0.0000  0.0000  0.0000
292 156  0.0000  0.0000 19.4783
  4 164  0.0000 -0.0535 10.0787
 12 164  0.0000  0.0000 16.1088
 20 164  0.0000  0.0000 11.1304
 28 164  0.0000  0.0000 11.1304
 36 164  0.0000  0.0000 11.1304
 44 164  0.0000  0.0000  0.0000
 52 164  0.0000  0.0000  0.0000
 60 164  0.0000  0.0000 11.2521
 68 164  0.0000  0.0000 11.1304
 76 164  0.0000  0.0000 16.1088
 84 164  0.0000  0.0000 11.1304
 92 164  0.0000  0.0000  0.0000
100 164  0.0000  0.0000 11.1304
108 164  0.0000  0.0000 11.1304
116 164  0.0418 -0.1521 12.6567
124 164  0.0000  0.0000 17.0667
132 164 -0.1760  0.0000 15.0588
140 164  0.5000  0.0000 11.1304
148 164  0.0000  0.0000 11.1304
156 164  0.0000  0.0000  0.0000
164 164 -0.0698 -0.2911 10.5124
172 164  0.0000  0.0000  0.0000
180 164  0.0000  0.0000 11.1304
188 164  0.0000  0.0000 12.5445
196 164  0.0000  2.5000  8.8276
204 164  0.0000  0.0000  0.0000
212 164  0.0000  0.0000  0.0000
220 164  0.0000  0.0000  0.0000
228 164  0.0000  0.0000  0.0000
236 164  0.0000  0.0000  0.0000
244 164  0.0000  0.0000 16.1088
252 164  0.0000  2.5000  8.8276
260 164  0.0000  0.0000 13.5576
268 164  2.5000  0.1588 10.5785
276 164  0.0000  0.0000  0.0000
284 164  0.0000  0.0000  0.0000
292 164  0.0000  0.0000 11.1304
  4 172  0.0000  0.0000 13.5576
 12 172  0.1514  0.0249  9.0014
 20 172  0.0000 -0.0157  7.5991
 28 172  0.0873 -0.1488  8.9768
 36 172  0.0000  0.0000  0.0000
 44 172  4.5000  4.5000  4.0635
 52 172  0.1912  0.0000 12.4272
 60 172  0.0000  0.0000  8.0588
 68 172  0.0000  0.0000 11.1304
 76 172  0.0000  0.0000 16.1088
 84 172  1.0000  0.0000  9.2850
 92 172  0.0000  0.0000 19.1045
100 172  0.0000  0.0000 11.1304
108 172  0.0000  0.0000 19.1045
116 172  0.0000  0.0000  9.2850
124 172 -1.2596 -0.3479  7.1968
132 172  0.0000  0.0000 16.1088
140 172  0.0000  0.0000 11.1304
148 172  0.0000  0.0000 11.1304
156 172  0.0000  0.0000  0.0000
164 172 -1.0000  0.0000  9.2850
172 172  0.0000  0.0000 11.1304
180 172  0.0000  0.0000  0.0000
188 172  0.0000  0.0000 12.0455
196 172 -0.5000  0.0000 11.1304
204 172  0.0000  0.0000 16.1088
212 172  0.0000  0.0000 11.1304
220 172  0.0000  0.0000  0.0000
228 172  0.0000  0.0000  0.0000
236 172  0.0000  0.0000 11.1304
244 172  0.0000  0.0000  0.0000
252 172  0.0000  0.0000  0.0000
260 172  0.0000  0.0000  0.0000
268 172  0.0000  0.0000  0.0000
276 172  0.0000  0.0000  0.0000
284 172  0.0000  0.0000  0.0000
292 172  0.0000  0.0000  0.0000
  4 180  0.0000  0.0000  0.0000
 12 180 -0.0168 -0.0654 10.8877
 20 180  0.0173  0.0163 17.4009
 28 180  0.0000  0.0000  8.5155
 36 180  0.0000  0.0000 12.0628
 44 180  0.0000  0.0000 16.6957
 52 180  0.0000  0.0000 16.1088
 60 180  1.5000  0.0000  8.2581
 68 180  0.0418 -0.1521 12.6567
 76 180  0.0000  0.0000 11.1304
 84 180  0.1960  2.5000 11.1304
 92 180  0.0000  0.0000 11.1304
100 180  0.0000  0.0000 11.1304
108 180  0.0000  0.0000 11.1304
116 180 -0.1050     NaN  6.8903
124 180  0.0000  0.0000 12.0628
132 180  0.0000  0.0000 11.1304
140 180  0.0000  0.0000 11.1304
148 180  0.0000 -0.5000  8.8276
156 180  0.0000  0.0000  0.0000
164 180  0.0000  0.0000  9.2850
172 180  0.0000  0.0000 11.1304
180 180  0.0000  0.0000  0.0000
188 180  0.0000  0.0000 11.1304
196 180  0.3309  0.0637  7.1846
204 180 -0.1151 -0.1151 16.5161
212 180  0.0000  0.0000  0.0000
220 180  0.0000  0.0000 11.1304
228 180  0.0000  0.0000  0.0000
236 180  0.0000  0.0000  0.0000
244 180  0.0000  0.0000  0.0000
252 180  0.0000  0.0000  0.0000
260 180  0.0000  0.0000  0.0000
268 180  0.0000  0.0000  0.0000
276 180  0.0000  0.0000  0.0000
284 180  0.0000  0.0000  0.0000
292 180  0.0000  0.0000  0.0000
  4 188  0.0000  0.0000  0.0000
 12 188  0.0000  0.0000 20.1250
 20 188  0.0000  0.0000  8.8167
 28 188  0.0000  0.0000 20.7059
 36 188  0.3091  0.0000 15.7112
 44 188  0.0000  0.0000  9.4208
 52 188  0.0000  0.0000 16.1088
 60 188  0.0000  0.0000  0.0000
 68 188  0.0000  0.0000 13.0803
 76 188  0.0000  0.0000 11.1304
 84 188  0.0000  0.0000 11.1304
 92 188  0.0000  0.0000 16.1088
100 188  0.0000  0.0000  0.0000
108 188  0.0264 -0.3145 11.0777
116 188  0.0000  0.0000  8.2581
124 188  0.0000  0.0000 11.1304
132 188  0.0000  0.0000 11.1304
140 188  0.0000  0.0000  0.0000
148 188  0.0000  0.0000 11.1304
156 188  0.0000  0.0000 16.1088
164 188  0.0000  0.0000 12.0628
172 188  0.0000  0.0000 11.1304
180 188  0.0000  0.0000  0.0000
188 188  0.0000  0.0000 11.1304
196 188     NaN  0.0000 17.0667
204 188  0.0000  0.0000 13.5576
212 188  0.0000  0.0000  0.0000
220 188  0.0000  0.0000 11.1304
228 188  0.0000  0.0000 16.1088
236 188  0.0000  0.0000 11.1304
244 188  0.5000  0.0000  8.4768
252 188  0.0000  0.0000 16.1088
260 188  0.0000  0.0000 16.1088
268 188  0.0000  0.0000  0.0000
276 188  0.0000  0.0000 11.1304
284 188  0.0000  0.0000 11.1304
292 188  0.0000  0.0000 11.1304
  4 196  0.0000  0.0000  0.0000
 12 196  0.0000  0.0000  9.2850
 20 196  0.0000  0.0000 11.1304
 28 196  0.0000  0.0000  0.0000
 36 196  0.0000  0.0000 13.9636
 44 196  0.3078  0.1021  7.6998
 52 196  0.0000  0.0000 11.1304
 60 196  0.0000  0.0000 11.9011
 68 196  0.0000  0.0000 15.2515
 76 196  0.0000  0.0000 16.1088
 84 196  0.0000  0.0000  0.0000
 92 196 -0.5000  0.0000 11.1304
100 196  0.0000  0.0000  0.0000
108 196  0.0000  0.0000  9.4208
116 196  0.0000  0.0000  0.0000
124 196  0.0000  0.0000 11.1304
132 196  0.0000  0.0000 11.1304
140 196  0.0000  0.0000  0.0000
148 196  0.0000  0.0000 11.1304
156 196  0.0000  0.0000  0.0000
164 196  1.0000  0.0000  9.2850
172 196  0.0000  0.0000  0.0000
180 196  0.0000  0.0000  0.0000
188 196  0.0000  0.0000 11.1304
196 196 -0.0696  0.0812 10.9765
204 196  0.5000  0.0000  8.4768
212 196  0.0000  0.0000 16.1088
220 196  0.0000  0.0000  0.0000
228 196  0.0000  0.0000  0.0000
236 196  0.0000  0.0000 11.1304
244 196  0.0000  0.0000  0.0000
252 196  0.0000  0.0000 16.1088
260 196  0.0000  0.0000 16.1088
268 196 -0.2780 -0.1270 13.3759
276 196  0.0000  0.0000  0.0000
284 196  0.0000  0.0000 11.1304
292 196  0.0000  0.0000 11.1304
  4 204  0.0000  0.0000 19.4783
 12 204  0.0000  0.0000  8.0000
 20 204  0.0000  0.0000  0.0000
 28 204  0.0000  0.0000 11.1304
 36 204 -0.1502  0.0294 11.7575
 44 204  0.0000  0.0000  0.0000
 52 204 -0.2780  0.1270 13.3759
 60 204  0.0000  0.0000 16.1088
 68 204  0.0000  0.0000 16.1088
 76 204  0.0000  1.5000  8.2581
 84 204 -1.0000  1.5000  6.8449
 92 204  0.0000  0.0000 19.1045
100 204  0.0000  0.0000 11.1304
108 204 -1.0000  0.0000  9.2850
116 204  0.0000  0.0000  0.0000
124 204  0.0000  2.5000  8.8276
132 204  0.0000  0.0000 19.1045
140 204  0.0000  0.0000  0.0000
148 204  0.5000  0.0000 11.1304
156 204  2.5000  0.0000  8.8276
164 204 -1.3070  0.0337 12.4709
172 204  0.1151 -0.1151 16.5161
180 204  0.0000  0.0000 11.1304
188 204  0.0000  0.0000  0.0000
196 204  0.0000  2.5000  8.8276
204 204  0.0000  0.0000  0.0000
212 204  0.0000  0.0000 11.1304
220 204  0.0000  0.0000 11.1304
228 204  0.0000  0.0000 11.1304
236 204  0.0000  0.0000 16.1088
244 204  0.0000  0.0000  0.0000
252 204  0.0000  2.5000  8.8276
260 204  0.5000  0.0000 11.1304
268 204 -0.4431 -0.0334 10.9268
276 204  0.0000  0.0000 11.1304
284 204  0.0000  0.0000  0.0000
292 204  0.0000  2.5000  8.8276
  4 212 -0.1960  2.5000 11.1304
 12 212  0.0000  0.0000  0.0000
 20 212  0.0000  0.0000  0.0000
 28 212  0.0000  0.0000 12.0628
 36 212  0.2117 -1.1735 13.4737
 44 212  0.0000  0.0000 11.1304
 52 212  0.0000  0.0000 16.1088
 60 212  0.0000  0.0000 12.3458
 68 212  0.0000  0.0000 16.6957
 76 212  0.0000  0.0000 11.1304
 84 212  0.0000  0.0000 13.1641
 92 212  0.0000  0.0000 11.1304
100 212 -0.5000  0.0000 11.1304
108 212  0.0000  0.0000 16.1088
116 212 -0.5000  0.0000  8.8276
124 212  1.3070  0.0337 12.4709
132 212  0.0000  2.5000  8.8276
140 212  0.0000  0.0000  0.0000
148 212  0.0000  2.5000  8.8276
156 212  0.0000  0.0000 11.1304
164 212  0.0000  0.0000  0.0000
172 212  0.0000  0.0000 12.0628
180 212 -0.5000 -0.5000  4.0635
188 212  0.0000  0.0000  0.0000
196 212  0.0000  0.0000  0.0000
204 212  0.0000  0.0000  0.0000
212 212  0.0000  0.0000 11.1304
220 212  0.0000  0.0000  0.0000
228 212  0.0000  0.0000  0.0000
236 212  0.0000  0.0000  0.0000
244 212  0.0000  0.0000  0.0000
252 212  0.0000  0.0000  0.0000
260 212  0.0000  0.0000  0.0000
268 212  0.0000  0.0000  9.2850
276 212  0.0000  0.0000 11.1304
284 212  0.0000  0.0000 11.1304
292 212  0.1556  0.0000 12.2969
  4 220  0.1960  0.0000 11.1304
 12 220 -0.5000  0.0000  8.8276
 20 220  0.0000  0.0000  0.0000
 28 220  0.0000  0.0000  0.0000
 36 220  0.0000  0.0000 16.1088
 44 220  0.0000  0.0000 11.1304
 52 220  0.0000  0.0000 11.1304
 60 220 -0.5000  0.0000 11.1304
 68 220  0.0000  0.0000  0.0000
 76 220  0.0000  0.0000  0.0000
 84 220  0.0000  0.0000  0.0000
 92 220  0.0000  0.0000 11.1304
100 220  0.0000  0.0000 11.1304
108 220  0.0000  0.0000 11.1304
116 220  0.0000  0.0000 11.1304
124 220  0.0000  0.0000  0.0000
132 220  0.0000  0.0000 11.1304
140 220  0.0000  0.0000  0.0000
148 220  0.0000 -0.5000  8.8276
156 220  0.0000  0.0000 11.1304
164 220  0.0000  0.0000  0.0000
172 220  0.1912  0.0000 12.4272
180 220  0.0000  0.0000  0.0000
188 220  0.0000  0.0000 11.1304
196 220  0.0000  0.0000 16.1088
204 220  0.0000  0.0000  0.0000
212 220  0.0000  0.0000  0.0000
220 220  0.0000  0.0000 16.1088
228 220  0.0000  0.0000  0.0000
236 220  0.0000  0.0000  0.0000
244 220  0.0000  0.0000  0.0000
252 220  0.0000  0.0000 11.1304
260 220  0.0000  0.0000 16.1088
268 220 -1.5000  0.0000  8.2581
276 220 -0.0571 -0.2913 10.1243
284 220  0.0000  0.0000 11.1304
292 220  0.0000  0.0000 16.1088
