VARIABLES= "X pix", "Y pix", "U pix/dt", "V pix/dt", "CHC", ZONE I=28, J=37
  4   4  0.0010  0.0006  8.8343
 12   4  0.0015 -0.0757  8.7222
 20   4  0.0017 -0.0817  8.6062
 28   4  0.0000  0.0205  8.6887
 36   4  0.0000  0.0000  8.6538
 44   4  0.0000  0.0000 10.1853
 52   4  0.0000  0.0000  9.9936
 60   4  0.0123 -0.0676  9.0904
 68   4  0.0386 -0.0098  9.8741
 76   4  0.0000  0.0000  9.7565
 84   4 -0.0709  0.0132 10.9224
 92   4  0.0000  0.0000 10.3078
100   4  0.0000  0.0000 11.1505
108   4 -0.0110  0.0054 11.7964
116   4  0.0000  0.0000 11.9483
124   4  0.0000  0.0000 10.1847
132   4 -0.0429  0.0005 11.9681
140   4  0.0000  0.0000 11.9483
148   4  0.0000  0.0121 10.8330
156   4  0.0090 -0.0202 12.2321
164   4 -0.0287  0.0176 10.1362
172   4  0.0006  0.0436 11.3148
180   4 -0.0471 -0.0126 10.7188
188   4 -0.0000  0.0000 11.0339
196   4 -0.0571  0.0423  9.9548
204   4 -0.0576 -0.0889 12.0191
212   4  0.0000 -0.2055  9.2946
220   4  0.0000  0.0000 10.1740
228   4  0.0000  0.0736  9.7300
236   4  0.0000  0.0000  9.4208
244   4  0.0000  0.0000 10.8982
252   4 -0.0177  0.2404 11.3203
260   4 -0.0978 -0.0335 12.0773
268   4  0.3615 -0.0066 10.0144
276   4  0.0000  0.0000 12.0628
284   4  0.0000  0.0000 12.0628
292   4  0.0000  0.0000 11.9005
  4  12 -0.1218 -0.0583  9.7180
 12  12  0.0000 -0.1603 11.3380
 20  12  0.0000 -0.1584  9.7489
 28  12  0.0000  0.1703 10.2204
 36  12  0.0000  0.0000  7.3454
 44  12  0.0000  0.4277  9.5429
 52  12  0.0000  0.0000 10.1740
 60  12  0.0000  0.5696  9.3475
 68  12 -0.0515  0.1007  8.3609
 76  12  0.1024  0.1532  9.3539
 84  12 -0.0061  0.0069  7.0348
 92  12  0.0000  0.0000 28.8299
100  12  0.0384 -0.0057 24.3542
108  12  0.0390  0.0326  8.9212
116  12  0.0000  0.0000  8.6759
124  12 -0.0492  0.0094  9.5096
132  12  0.0000  0.0000  9.2122
140  12  0.0409  0.0067  8.8776
148  12  0.0031 -0.0605  8.7834
156  12  0.0040 -0.0051 18.5890
164  12  0.0022  0.0037 19.9825
172  12 -0.0091 -0.0071 10.3617
180  12  0.0071 -0.0073 11.4315
188  12  0.0000  0.0000 12.8462
196  12  0.0378 -0.0069 12.3077
204  12 -0.0033 -0.0069 11.7669
212  12  0.0000  0.0000 19.0705
220  12  0.0000  0.0000 16.0571
228  12  0.1059  0.0060 17.6280
236  12  0.0000  0.0000 21.2563
244  12  0.0190 -0.1379 13.9120
252  12  0.0000  0.0000 12.2740
260  12  0.1253  0.4526 11.1304
268  12  1.2551  0.0374  9.3359
276  12 -0.1064 -0.0514  9.9550
284  12  0.0000  0.0000  9.7444
292  12  0.3026  0.2886  9.3938
  4  20  0.0000  0.0000 18.8561
 12  20 -0.0248  0.0041 14.8605
 20  20  0.0285 -0.0095 15.5253
 28  20  0.0000  0.0000 15.3181
 36  20 -0.0014 -0.0054 14.3220
 44  20  0.0000  0.0220 12.8990
 52  20  0.0000  0.0000 13.3316
 60  20 -0.0006 -0.0062 13.6314
 68  20  0.0023 -0.0057 12.5477
 76  20 -0.0180  0.0017 12.1767
 84  20  0.0145  0.0111 12.3076
 92  20  0.0138 -0.0019 11.5431
100  20  0.0000  0.0000 16.6971
108  20  0.0000  0.0000 12.1838
116  20  0.0000  0.0000 11.4502
124  20 -0.0001 -0.0015 10.2520
132  20  0.0105  0.0002 11.6644
140  20  0.0011 -0.0006 12.7330
148  20 -0.0081 -0.0017 24.6895
156  20  0.0098 -0.0063 23.1901
164  20 -0.0048 -0.1187 14.7118
172  20  0.0000  0.0000 33.8163
180  20 -0.0007 -0.0004 12.0615
188  20 -0.0013  0.0046 12.2635
196  20  0.0019 -0.0062 12.5540
204  20  0.0005  0.0131 13.7543
212  20 -0.0141 -0.0014 13.3028
220  20  0.0017 -0.0133 11.7383
228  20 -0.0080  0.0235 11.9961
236  20  0.0062  0.0405 12.4627
244  20  0.0045  0.0357 20.1071
252  20  0.0007  0.0060 18.5355
260  20 -0.0234 -0.0171 17.3937
268  20  0.0134  0.0049 16.9013
276  20 -0.0018  0.0001 15.1662
284  20  0.0031 -0.0023 15.6402
292  20  0.0000  0.0000 16.9251
  4  28 -0.0185  0.0080  7.4304
 12  28 -0.0104 -0.0012  9.1380
 20  28 -0.0025 -0.0052  8.0150
 28  28  0.0000 -0.0402  6.9702
 36  28  0.0079 -0.0012  7.3343
 44  28 -0.0953  0.0295  7.2969
 52  28 -0.1396  0.0308  7.4854
 60  28  0.0477 -0.0956  9.6656
 68  28 -0.0049  0.0585  7.4190
 76  28  0.0000  0.0000 10.7651
 84  28  0.0000  0.0000 12.4810
 92  28  0.0123  0.0110  8.6638
100  28 -0.0092 -0.0410  7.4215
108  28 -0.0143 -0.0082  8.2742
116  28  0.1821  0.1305  7.0484
124  28 -3.5000  0.2880  7.4515
132  28 -0.0747  0.3147 14.9287
140  28  0.1904  0.0000 13.4969
148  28  0.0000  0.0000 13.8674
156  28 -0.0147  0.0006 13.2339
164  28  0.0000  0.0000 10.7963
172  28  0.0057 -0.0069 14.8589
180  28  0.0000  0.0000 11.1076
188  28  0.0000  0.0000 12.4804
196  28  0.0000  0.0000 11.3457
204  28 -0.0807 -0.0046 12.7346
212  28  0.0000  0.0000 11.4495
220  28  0.0000  0.0000 10.8982
228  28  0.0000  0.2593  8.7521
236  28  0.1240  0.0127 10.5785
244  28  0.1843 -0.1850  7.7845
252  28  0.0202  0.2234  8.2219
260  28 -0.0073 -0.0320  7.7620
268  28  0.1113 -0.0279  7.3744
276  28 -0.1196  0.3414  9.0979
284  28  0.0000  0.0000  7.8325
292  28 -0.0891  0.1296 10.6583
  4  36 -0.1721 -0.0287 10.0000
 12  36  0.0000  0.0000  6.8970
 20  36  0.0308  0.1395 11.3717
 28  36  0.0969 -0.0208 12.5412
 36  36 -0.0533  0.0034 14.3054
 44  36  0.0000  0.0000 10.9356
 52  36  0.0000  0.0000  9.1156
 60  36 -0.0205 -0.1171  7.3063
 68  36  0.0000  0.0000  6.8970
 76  36  0.0000  0.0000  9.9236
 84  36  0.0000  0.0000 16.1088
 92  36  0.0000  0.0000 12.0628
100  36  0.0000  0.0000 11.1304
108  36  0.0000  0.0000  0.0000
116  36  0.0000  0.0000 11.1304
124  36  0.0000 -0.5000  8.9154
132  36  0.0000  0.0000  0.0000
140  36  0.2119  0.0000  8.0943
148  36  0.0000  0.0000 16.0544
156  36  0.0169 -0.0022 18.0210
164  36  0.0161 -0.0006 17.3014
172  36 -0.0013  0.0009 13.4742
180  36  0.0000  0.0000 13.3497
188  36 -0.1738  0.1474  7.3811
196  36 -0.1233 -0.0210  9.4616
204  36 -0.1084 -0.0130  9.2111
212  36  0.0000  0.0000 12.0745
220  36 -0.0097  0.1247 10.9499
228  36  0.1965  0.0103 10.7202
236  36 -0.0209 -0.1779 11.2445
244  36  0.0000  0.0000 10.6057
252  36 -0.0308 -0.1268 11.5198
260  36  0.0490  0.3897  8.6154
268  36  0.0000  0.0000 13.0893
276  36  0.0000  0.0000  9.9881
284  36  0.0084  0.2094  9.2773
292  36 -0.1211  0.0456  8.8391
  4  44  0.0000  0.0000 10.5606
 12  44 -0.1330 -0.2006  9.0755
 20  44  0.0000  0.0000  7.9027
 28  44  0.0000  0.0000 10.2729
 36  44  0.0000  0.0000 11.1304
 44  44  2.5000 -0.1588 10.5785
 52  44  0.0000  0.0000  0.0000
 60  44  0.0000  0.0000  0.0000
 68  44  0.0000  0.0000  0.0000
 76  44  0.0000  0.0000 11.1304
 84  44  0.0000  0.0000  0.0000
 92  44 -0.1622 -0.3147 11.3947
100  44  0.0000  0.0000  0.0000
108  44  0.0000  0.0000  0.0000
116  44  0.2246 -0.1162 14.0985
124  44  2.5000 -0.1588 10.5785
132  44  0.2278 -0.1162  9.2296
140  44  0.0000  0.0000  6.0312
148  44 -0.0104 -0.0007  8.3305
156  44 -0.0001 -0.0195  8.4268
164  44 -0.0018  0.0144  8.1853
172  44  0.0023  0.0048  6.7211
180  44  0.0000  0.0000  8.8167
188  44  0.0000  0.0000 11.1304
196  44 -0.3702  0.1143  8.0147
204  44  0.0000  0.0000  8.2581
212  44  0.0000  0.0000  8.5951
220  44  0.0000  0.0000 10.5606
228  44  0.1319  0.0092 10.3444
236  44  0.0000  0.0000 11.9585
244  44 -0.0149  0.2749  9.0775
252  44 -0.0147  0.1458  9.2020
260  44 -0.1633  0.0089 11.7811
268  44 -0.0285 -0.0159 11.5462
276  44 -0.0257  0.0105  9.7724
284  44 -0.0204 -0.0171 11.1335
292  44 -0.0947 -0.0272 14.6099
  4  52  0.0000  0.0000 11.1304
 12  52  0.0000  0.0000  1.0000
 20  52  0.0000  0.0000 11.1304
 28  52  0.0000  0.0000  0.0000
 36  52  0.0000  0.0000 11.1304
 44  52  0.0000  0.0000 13.5576
 52  52  0.0000  0.0000 11.1304
 60  52  0.0000  0.0000 11.1304
 68  52  0.0000  0.0000  0.0000
 76  52  0.0000  0.0000 11.1304
 84  52 -2.9228 -0.1806  8.4628
 92  52 -0.1532 -0.3217  8.8038
100  52  0.0638 -0.9044 11.3087
108  52  2.5000 -0.0297  9.0724
116  52  0.0000  0.0000 16.1088
124  52 -0.1841 -0.0418 12.3683
132  52  0.0000  0.0000 11.1304
140  52  0.0000  0.0000 19.1387
148  52  0.0000  0.0000 11.0903
156  52  0.0000  0.0000  9.2086
164  52  0.0000  0.0000 16.1088
172  52  0.0192  0.0972 10.7637
180  52  0.0000  0.0000 11.1304
188  52  0.0000  0.0000  0.0000
196  52  0.0000  0.0000  0.0000
204  52  0.0000  0.0000  0.0000
212  52  0.0000  0.0000  0.0000
220  52  0.0000  0.0000  0.0000
228  52  0.0000  0.0000 16.1088
236  52  0.3394  0.0216  8.7863
244  52  0.0824  0.2461  8.5976
252  52  0.1987  0.3525 13.4260
260  52  0.0000  0.0000 11.1304
268  52  0.0828 -0.1111 11.1304
276  52  0.0000  0.0000  8.5951
284  52  0.0673  0.0452 10.3468
292  52  0.3645 -0.0627  6.8945
  4  60  0.0000  0.0000 11.1304
 12  60  0.0000  0.0000  0.0000
 20  60  0.0000  0.0000  0.0000
 28  60  2.5000  0.0000  8.8276
 36  60 -0.5000  0.0000  8.8276
 44  60  0.0000  0.0000 15.2515
 52  60  0.0000  0.0000 22.2609
 60  60  0.0000  0.0000 15.2515
 68  60  0.0000  0.0000 18.5609
 76  60  0.0000  0.0000 12.0455
 84  60  0.0000  0.0000 12.0342
 92  60 -0.0077 -0.1520 13.2292
100  60 -0.3078 -0.1021  7.6998
108  60  0.0000  0.0000  4.9841
116  60 -0.2374 -0.1759  7.1409
124  60  0.0272 -0.0238 11.1899
132  60  0.0000  0.0000  9.4208
140  60  0.0597  0.0564  8.8276
148  60  0.0000  2.5000  8.8276
156  60  0.0000  0.0000  0.0000
164  60  0.0000  0.0000 11.9011
172  60  0.0000  0.0000  8.0000
180  60  0.0000  0.0000 11.1304
188  60  0.0000  0.0000 11.1304
196  60  0.0000  0.0000 11.1304
204  60  0.0000  0.0000  0.0000
212  60  0.0000  0.0000  0.0000
220  60  0.0000  0.0000  0.0000
228  60  0.0000  0.0000 11.1304
236  60  0.0000  0.0000 16.1088
244  60 -0.1960 -0.5000 11.1304
252  60 -0.3862  0.0254  6.7623
260  60  0.1599 -0.1639  6.9531
268  60  1.5821  0.2691  6.9945
276  60  0.0333  0.2120 15.3955
284  60 -0.5000  0.0000  8.8276
292  60  0.0000  0.0000 11.0903
  4  68  0.0000  0.0000  0.0000
 12  68  0.0000  0.0000  0.0000
 20  68  2.5000  0.0000  8.8276
 28  68  0.0000  0.0000 16.1088
 36  68  0.0000  0.0000 11.1304
 44  68 -0.2780  0.1270 13.3759
 52  68  0.0561  0.2765  9.5419
 60  68  0.0000  0.0000 11.1304
 68  68  0.0000  0.0000 11.1304
 76  68  0.0000 -0.1886  9.6187
 84  68 -0.0131  0.1776 26.0672
 92  68  0.5000  0.0000  8.4768
100  68  2.5000  0.0000  8.8276
108  68  0.0000  0.0000 16.1088
116  68  2.5000 -0.1588 10.5785
124  68 -0.1960  0.0000 11.1304
132  68 -0.1960 -0.5000 11.1304
140  68  0.0000  0.0000 11.9011
148  68  0.2907  0.0403 10.5761
156  68  0.0000  0.0000 12.1905
164  68  0.0000  0.0000 16.1088
172  68  0.0000  0.0000 16.1088
180  68  0.0000  0.0000  0.0000
188  68 -0.4043  0.4043  8.0000
196  68  0.0000  0.0000  0.0000
204  68  0.0000  0.0000  0.0000
212  68  0.0000  0.0000  0.0000
220  68  0.0000  0.0000 11.1304
228  68  0.0000  0.0000 11.1304
236  68  0.0000  0.0000 16.1088
244  68  0.0000  0.0000  0.0000
252  68  0.0000  0.0000 20.7059
260  68  0.1151 -0.1151 16.5161
268  68  0.0000  0.0000  0.0000
276  68  0.0000  0.0000 16.1088
284  68 -0.0610 -1.0000  8.9210
292  68  0.0000  0.0000 16.1088
  4  76  0.0000  0.0000  0.0000
 12  76  0.0000  0.0000 11.1304
 20  76  0.0000  0.0000 18.8048
 28  76  0.0000  0.0000 12.3186
 36  76 -0.5000  2.0391  9.3822
 44  76  0.2964  0.2407 13.0076
 52  76 -0.5000  0.0000 14.1070
 60  76  0.0000  0.0000 16.1088
 68  76 -0.1589 -0.1252  7.9814
 76  76  0.0000  0.0000 11.1304
 84  76  0.0000  0.0000 11.1304
 92  76 -1.5000  0.0000  8.2581
100  76  0.0000  0.0000 16.1088
108  76  0.0775  2.8282  5.6999
116  76  0.0000  0.0000 16.1088
124  76 -0.5000 -0.1588 10.5785
132  76  0.0000  0.0000 12.0455
140  76  0.0000  0.0000 16.1088
148  76  0.0000  0.0000 11.1304
156  76  0.0000  0.0000  0.0000
164  76  2.5000  0.0000  8.8276
172  76  0.0000  0.0000 13.7892
180  76  0.0000  0.0000 16.1088
188  76  0.0696 -0.0812 10.9765
196  76  0.0000  0.0000  0.0000
204  76  0.0000  0.0000  0.0000
212  76  0.0000  0.0000  0.0000
220  76  0.0000  0.0000  9.2086
228  76  0.1140  0.1079 19.3902
236  76  0.0000  0.0000  0.0000
244  76  0.0000  0.0000  0.0000
252  76  0.0000  0.0000 11.1304
260  76 -0.5000  0.0000  8.8276
268  76  0.0000  0.0000  0.0000
276  76  0.0000  0.0000  0.0000
284  76  0.0000  0.0000 11.1304
292  76  0.0000  0.0000 12.0455
  4  84  0.0000  0.0000 12.6818
 12  84  0.0000  0.0000 16.6957
 20  84  0.0000  0.0000 11.0903
 28  84  0.3145 -0.0264 11.0777
 36  84 -0.0867 -0.0608  9.9292
 44  84  0.0000  0.0000 16.1088
 52  84  0.3476  0.2927  7.3438
 60  84 -0.0389  0.1850 15.6393
 68  84  0.2776  0.1355  9.3411
 76  84  0.0000 -1.0000  8.8276
 84  84  0.0000  0.0000  0.0000
 92  84  0.0000  0.0000 11.1304
100  84  0.0000  0.0000 11.1304
108  84  0.0000  0.0000  0.0000
116  84  0.0418  0.1521 12.6567
124  84  0.0000  0.0000  8.9607
132  84  0.1408 -0.0492 10.8240
140  84  0.0000  0.0000 12.0628
148  84  0.0000  0.0000  0.0000
156  84  0.0000  0.0000  0.0000
164  84  0.0000  0.0000 16.1088
172  84  0.0000  0.0000 16.1088
180  84 -1.8959  0.7437  6.3185
188  84  0.0000  0.0000  0.0000
196  84  0.0000  0.0000 16.1088
204  84  0.0000  0.0000  0.0000
212  84  0.0000  0.0000  0.0000
220  84  0.0000  0.0000  0.0000
228  84  0.0000  0.0000 16.1088
236  84  0.0000 -0.6757 10.3282
244  84  0.0000  0.0000  0.0000
252  84  0.0000  0.0000 11.1304
260  84  0.0000  0.0000  0.0000
268  84  0.0000  0.0000  0.0000
276  84  0.0000  0.0000  0.0000
284  84  0.0000  0.0000  0.0000
292  84 -0.5000 -0.1588 10.5785
  4  92 -0.5000  0.0000  8.8276
 12  92  0.1313 -0.0812 16.9211
 20  92  0.0000  0.2069 12.7700
 28  92 -0.1960  2.5000 11.1304
 36  92  2.5000  0.0000  8.8276
 44  92 -1.3070 -0.0337 12.4709
 52  92 -0.0230 -0.1068 13.9247
 60  92  0.0000  0.0000 20.7059
 68  92  0.0000  0.0000  0.0000
 76  92  0.0000  0.0000 20.7059
 84  92  0.0000  0.0000 16.1088
 92  92  0.0000  0.0000 11.1304
100  92  0.0000  0.0000 11.1304
108  92  0.6306  0.1105 11.2757
116  92  0.0000  0.0000 22.2609
124  92  0.0172  0.2450  7.2308
132  92  0.0168 -0.0432  8.6997
140  92 -0.1195  1.0576  7.0137
148  92  0.0000  0.0000  0.0000
156  92  0.1760  0.0000 15.0588
164  92  0.0000  0.0000 11.1304
172  92  0.0000  0.0000  0.0000
180  92  0.0000  0.0000 12.0628
188  92  0.0000  0.0000  0.0000
196  92  0.0000  0.0000  0.0000
204  92  0.0000  0.0000 11.1304
212  92  0.0000  0.0000  0.0000
220  92  0.0000  0.0000  0.0000
228  92  0.0000  0.0000  0.0000
236  92 -0.5000  0.0000  8.8276
244  92  0.0000  0.0000 12.8600
252  92  2.5000  0.0000  8.8276
260  92  0.0000  0.0000  0.0000
268  92  0.0000  0.0000  0.0000
276  92  0.0000  0.0000  0.0000
284  92  0.0000  0.0000 11.1304
292  92  0.0000  0.0000 11.1304
  4 100  0.0000  0.0000 19.4783
 12 100  0.0000  0.0000  8.8167
 20 100  0.0000  0.0000 11.1304
 28 100  0.0000  0.0000  0.0000
 36 100  0.0000  0.0000 16.1088
 44 100  0.0000  0.0000  0.0000
 52 100  0.0000  0.0000  0.0000
 60 100  0.2246 -0.1162 14.0985
 68 100  0.0000  0.0000 16.1088
 76 100  0.0000  0.0000 11.1304
 84 100  0.0000  0.0000  0.0000
 92 100  0.0000  0.0000  0.0000
100 100  0.0000  0.0000 10.9491
108 100  0.1960  2.5000 11.1304
116 100  0.0000  0.0000 11.1304
124 100  0.0000  0.0000  0.0000
132 100 -0.2256 -0.1915 10.2915
140 100  0.0000  0.0000  0.0000
148 100  0.0000  0.0000  0.0000
156 100 -0.0869  0.0000 13.6426
164 100  2.5000  0.1588 10.5785
172 100  0.0000  0.0000 16.1088
180 100  0.0000  2.5000  8.8276
188 100  0.1353  0.1326  7.3628
196 100  0.0000 -0.0158 17.0667
204 100  0.0000  0.0000 13.3565
212 100  0.0000  0.0000  8.8167
220 100  0.0000  0.0000 11.1304
228 100  0.0000  0.0000 11.1304
236 100  0.0000  0.0000  0.0000
244 100  0.0000  0.0000 11.1304
252 100  2.5000  0.0000  8.8276
260 100  0.0000  0.0000 11.1304
268 100  0.0000  0.0000  0.0000
276 100  0.0000  0.0000  0.0000
284 100  0.0000  0.0000  0.0000
292 100  0.0000  2.5000  8.8276
  4 108  1.5000 -1.7767  6.3517
 12 108  0.0000  0.0000 11.1304
 20 108  0.0000  0.0000  0.0000
 28 108  0.0000  0.0000  0.0000
 36 108  0.0000  0.0000  0.0000
 44 108  0.0000  0.0000  0.0000
 52 108  0.0000  0.0000  0.0000
 60 108  0.1937  0.0000 12.5685
 68 108 -1.9653  0.0509 12.1668
 76 108  0.0000  0.0000  0.0000
 84 108  2.5000  0.0000  8.8276
 92 108  0.0000  0.0000 16.1088
100 108 -0.2494 -0.0599  9.5231
108 108  0.0000  0.0000 11.1304
116 108  0.0000  0.0000 11.1304
124 108  0.2780 -0.1270 13.3759
132 108  0.0000  0.0000  9.4208
140 108  0.0000  0.0000  0.0000
148 108  0.0000  0.0000  0.0000
156 108  0.0000  0.0000 14.5615
164 108  1.3139  0.3311  8.0688
172 108  0.0000  0.0000 12.0628
180 108  0.0000  0.0000  0.0000
188 108  0.0418  0.1521 12.6567
196 108  0.0000  0.0000  8.2581
204 108  0.5000  0.0000 11.1304
212 108 -0.1146  0.0101 17.4161
220 108  0.0000  0.0000  8.8167
228 108  0.0000 -0.5000  8.8276
236 108  0.0000  0.0000 11.1304
244 108  0.0000  0.0000  0.0000
252 108  0.0000  0.0000  0.0000
260 108  0.0000  0.0000  0.0000
268 108  0.0000  0.0000  0.0000
276 108  0.0000  0.0000 11.1304
284 108  0.0000  0.0000 16.1088
292 108  0.4043  0.4043  8.0000
  4 116  0.0000 -0.1556 12.2969
 12 116  0.0000  0.0000 16.1088
 20 116  0.0000  0.0000 11.1304
 28 116  0.0000  0.0000 11.1304
 36 116  0.0000  0.0000  0.0000
 44 116  0.0000  0.0000  0.0000
 52 116  0.0000  0.0000 16.1088
 60 116  0.0391 -2.5000  9.3822
 68 116  0.0000  0.0000 20.7059
 76 116  0.3127  0.1061  9.8739
 84 116  0.0000  0.0000 16.1088
 92 116  0.0973  0.1439 10.5822
100 116  0.1276  0.3321 10.3409
108 116  0.0000  0.0000 16.1088
116 116  0.0000  0.0000 20.7059
124 116  0.0000  0.0000 12.8600
132 116  2.5000  0.0000  8.8276
140 116  0.0000  0.0000 11.1304
148 116  0.0000  0.0000  0.0000
156 116  0.0000  0.0000 12.0628
164 116  0.0000  0.0000 11.1304
172 116  0.0610  0.5000  7.7665
180 116  0.0000  0.0000  0.0000
188 116  0.0000  0.0000 11.1304
196 116  0.1401 -0.0926 10.7142
204 116  0.0000  0.0000 14.5082
212 116  0.0000  0.0000  0.0000
220 116 -0.1151  0.1151 16.5161
228 116  0.0000  0.0000 11.9011
236 116  0.0000  0.0000  0.0000
244 116 -0.3309 -0.0637  7.1846
252 116  0.0000  0.0000  8.8276
260 116  0.1151 -0.1151 16.5161
268 116  0.0000  0.0000  0.0000
276 116  0.0000  0.0000 11.1304
284 116  0.0000  0.0000 11.1304
292 116  0.0000  0.0000 12.0455
  4 124  0.0000  0.0000  0.0000
 12 124  0.0391 -2.5000  9.3822
 20 124  2.5000  0.0000  8.8276
 28 124  0.0000  0.0000 11.1304
 36 124  0.0000  0.0000  0.0000
 44 124  0.0000  0.0000 11.1304
 52 124  0.0000  0.0000  0.0000
 60 124  0.0000  0.0000  0.0000
 68 124  0.0000  0.0000 13.1641
 76 124  0.0000  0.0000 22.2609
 84 124  0.0000  2.5000  8.8276
 92 124  0.6907  0.2991  8.0688
100 124  0.5000  0.0000 11.1304
108 124  0.0000  0.0000  0.0000
116 124  0.0000  0.0000 12.0455
124 124  0.0000  0.0000 12.0455
132 124  0.0000  0.0000  0.0000
140 124  0.0000  0.0000  0.0000
148 124  0.0000  0.0000 11.1304
156 124  0.0000  0.0000 12.0455
164 124  0.0000  0.0000  0.0000
172 124  0.0000  0.0000 12.0628
180 124  0.0000  0.0000 11.1304
188 124  0.0000  0.0000  0.0000
196 124 -0.1212 -0.0530 16.6956
204 124  0.1747  0.0041 18.1586
212 124  0.0000  0.0000  0.0000
220 124  0.0000  0.0000 11.1304
228 124  2.5000  0.0000  8.8276
236 124  0.0000  0.0000  0.0000
244 124  0.0000  0.0000  0.0000
252 124  2.5000  0.0000  8.8276
260 124 -0.5000  0.0000  8.8276
268 124  0.0000  0.0000 11.1304
276 124  0.0000  0.0000 11.1304
284 124  0.0000  0.0000 11.1304
292 124  0.1960  2.5000 11.1304
  4 132  0.0000  0.0000 13.5576
 12 132  0.0000  0.0000 11.1304
 20 132  0.0000  0.0000 11.1304
 28 132  0.0272  0.0238 11.1899
 36 132  2.5000  0.0000  8.8276
 44 132  0.0000  0.0000  0.0000
 52 132  0.0000  0.0000 11.1304
 60 132  0.2093  0.0299 13.0089
 68 132 -0.0391 -0.0758  9.5149
 76 132  0.0096 -0.0761 11.4967
 84 132 -0.5000  0.1588 10.5785
 92 132  0.0000  0.0000 12.0628
100 132  0.2568 -0.0627  8.5469
108 132 -0.5000  0.1180  9.2850
116 132  0.0000  0.0000 12.0455
124 132  0.0000  0.0000 13.1641
132 132  0.0000  0.0000 11.1304
140 132  0.0000  0.0000 11.1304
148 132  0.0000  0.0000 11.1304
156 132  0.0000  0.0000 16.1088
164 132  0.0000  0.0000 11.1304
172 132  0.0000  0.0000  9.2850
180 132  0.0000  0.0000 11.1304
188 132  0.0000  0.0000  0.0000
196 132  0.0000  0.0000  0.0000
204 132  0.0000  0.0000  0.0000
212 132  0.0000  0.0000 11.1304
220 132  0.0000  0.0000  0.0000
228 132  0.0000  0.0000 11.1304
236 132  0.0000  0.0000 11.1304
244 132  0.0000  0.0000 11.1304
252 132  0.0000  0.0000 11.1304
260 132  0.0000  0.0000  0.0000
268 132  0.0000  0.0000  0.0000
276 132  0.0000  0.0000  0.0000
284 132  0.0000  0.0000  0.0000
292 132  2.5000  0.1588 10.5785
  4 140  0.0000  0.0000 11.1304
 12 140  0.0000  0.0000  0.0000
 20 140  0.0000  0.0000 12.0455
 28 140  0.0000  0.0000 11.1304
 36 140  0.0000 -0.5000  8.8276
 44 140 -0.5000 -0.1588 10.5785
 52 140  0.0000  0.0000 16.1088
 60 140  0.0000  0.0000  0.0000
 68 140  0.0897  0.2759  9.8234
 76 140 -0.0295 -0.5000  8.8191
 84 140  0.0000  0.0000 16.1088
 92 140  0.0000  0.0000 16.1088
100 140  4.5000  0.1174 13.8795
108 140  0.0000  0.0000 11.1304
116 140  0.0000  0.0000 11.1304
124 140  0.0000  0.0000  8.2581
132 140 -0.1401  0.2399 12.1506
140 140  0.1760  0.0000 15.0588
148 140  0.0000  0.0000 11.1304
156 140  0.0000  0.0000  0.0000
164 140  0.0000  0.0000 11.1304
172 140  0.0000  0.0000  8.2581
180 140  0.0000  0.0000 11.1304
188 140  0.2780 -0.1270 13.3759
196 140  0.0000  0.0000 16.1088
204 140  0.0000  0.0000 16.1088
212 140  0.3127 -0.1061  9.8739
220 140  0.0000  0.0000 12.0628
228 140  0.0000  0.0000 16.1088
236 140  0.0000  0.0000 16.1088
244 140  0.0000  0.0000  0.0000
252 140  0.0000  0.0000  0.0000
260 140  0.0000  0.0000  0.0000
268 140  0.0000  0.0000 16.1088
276 140  2.5000  0.0000  8.8276
284 140  0.0000  0.0000 11.1304
292 140  0.0000  0.0000 16.9590
  4 148  0.0000  0.0000 11.1304
 12 148  0.0000  0.0000 11.1304
 20 148  0.0698 -0.2911 10.5124
 28 148  0.0000  0.0000 11.1304
 36 148  0.0000  0.0000  0.0000
 44 148 -0.0812  1.5000 10.1857
 52 148 -0.3131  0.6257  8.7075
 60 148  0.0000 -0.5000  8.9154
 68 148 -0.0698  0.2911 10.5124
 76 148  0.0000  0.0000  0.0000
 84 148  0.2780 -0.1270 13.3759
 92 148 -0.1960 -0.5000 11.1304
100 148  0.0000 -0.5000  8.8276
108 148  0.0000  0.0000 11.1304
116 148  0.0000  0.0000 16.1088
124 148  0.0000  0.0000  8.0000
132 148  0.0000  0.0000 12.0628
140 148  0.1912  0.0000 12.4272
148 148  0.1960  0.0000 11.1304
156 148  0.0000 -0.5000  8.8276
164 148  0.0000  0.0000 16.1088
172 148  0.0000  0.0000 11.1304
180 148  0.4121  0.0000 13.4737
188 148  0.1556  0.0000 12.2969
196 148  0.0000  0.0000  0.0000
204 148  0.0000  0.0000  0.0000
212 148  0.0000  0.0000  0.0000
220 148  0.0000  0.0000  0.0000
228 148  0.0000 -0.5000  8.8276
236 148  0.0000  0.0000 16.1088
244 148  0.0000  0.0000  0.0000
252 148  0.0000  0.0000 11.1304
260 148  0.0000  0.0000  0.0000
268 148  0.0000  0.0000  0.0000
276 148  0.0000  0.0000 11.1304
284 148  0.0000  0.0000 20.7059
292 148  0.0000  0.0000 11.1304
  4 156  0.0000  0.0000 16.1088
 12 156  0.0000  0.0000 12.0455
 20 156  0.0000  0.0000 11.1304
 28 156  0.0000  0.0000  0.0000
 36 156  0.0000  0.0000  0.0000
 44 156  0.0000 -0.5000 12.0628
 52 156 -0.5000  0.0000  8.8276
 60 156  0.0000  0.0000 18.9370
 68 156 -0.5000  0.0000  8.8276
 76 156  0.0000  0.0000 11.1304
 84 156  0.0000  0.0000 11.1304
 92 156  0.0000  0.0000  0.0000
100 156  0.0000  0.0000 11.1304
108 156  0.0000  0.0000 16.1088
116 156  0.0000  0.0000 12.0628
124 156  0.0000  0.0000 11.1304
132 156  0.0000  0.0000 14.5615
140 156  0.0000  0.0000 13.6955
148 156  0.0000  0.0000 12.0455
156 156 -0.5000  0.0000  8.8276
164 156 -1.0000  0.0000  8.2581
172 156  0.0000  0.0000 11.1304
180 156  0.0000  0.0000 12.0628
188 156 -0.1180 -0.5000  9.2850
196 156  0.0000  0.0000  0.0000
204 156  0.0000  0.0000 11.1304
212 156  0.0000  0.0000  0.0000
220 156  0.0000  0.0000  0.0000
228 156  0.0000  0.0000  0.0000
236 156  0.0000  0.0000  0.0000
244 156  0.0000  0.0000 16.1088
252 156  0.0000  0.0000 16.1088
260 156  0.0000  0.0000 16.1088
268 156  4.5000 -0.5000  4.0635
276 156  0.0000  0.0000 11.1304
284 156  0.0000  0.0000 20.7059
292 156  0.0000  0.0000 12.0628
  4 164  0.0000  0.0000 16.1088
 12 164  0.0000  0.0000  0.0000
 20 164  0.0000  0.0000 11.1304
 28 164  0.0000  0.0000  0.0000
 36 164  0.0000 -0.5000  8.8276
 44 164  0.0000  0.0000  0.0000
 52 164  0.0000  0.0000 16.7450
 60 164  0.0000  0.0000  8.8167
 68 164  0.0000  0.0000  0.0000
 76 164  0.0000  0.0000 11.1304
 84 164  0.0000 -0.5000  8.8276
 92 164  0.1960  2.5000 11.1304
100 164  0.0000  0.0000  0.0000
108 164  0.0000  0.0000  0.0000
116 164  0.0000  0.0000 12.0628
124 164  0.0000  0.0000  0.0000
132 164  0.1334 -0.1830 13.7634
140 164 -0.1556  0.0000 12.2969
148 164 -0.0685  0.3367 12.7421
156 164  0.0000  2.5000  8.9154
164 164  0.1930 -0.1867 15.3090
172 164  0.0000  0.0000  0.0000
180 164  0.0000  0.0000 11.1304
188 164  0.0000  0.0000 12.0628
196 164  0.0000  0.0000 11.1304
204 164  0.0000  0.0000  0.0000
212 164  0.0000  0.0000  0.0000
220 164  0.0000  0.0000  0.0000
228 164  0.0000  0.0000  0.0000
236 164  0.0000  0.0000 11.1304
244 164  0.0000  0.0000 16.1088
252 164  0.0000  0.0000 19.4783
260 164  0.0000  0.0000 19.4783
268 164  0.0000  0.0000 11.1304
276 164  0.0000  0.0000  0.0000
284 164  0.0000  0.0000  0.0000
292 164  0.0000  0.0000  0.0000
  4 172  0.0000  0.0000  0.0000
 12 172  0.0000  0.0000  0.0000
 20 172  0.0000  0.0000 20.7059
 28 172  0.0000  0.0000 11.9011
 36 172  0.0000  0.0000  0.0000
 44 172  0.0000  0.0000  0.0000
 52 172  0.0969  0.1086 11.9442
 60 172  0.5000  0.0000  8.4768
 68 172  0.0000  0.0000  0.0000
 76 172  0.0000  0.0000 11.1304
 84 172  0.0000  0.0000  0.0000
 92 172  0.0000  0.0000 11.1304
100 172  0.0000  0.0000  0.0000
108 172  0.0000  0.0000 19.4783
116 172  0.0000  0.0000 16.1088
124 172  0.0000  0.0000 11.1304
132 172  0.0000  0.0000  0.0000
140 172  0.0000  0.0000 12.0455
148 172 -0.3916  0.0000  8.0000
156 172  0.0000  0.0000  0.0000
164 172 -0.3524 -0.2632 11.6476
172 172  0.0000  0.0000  0.0000
180 172  0.0000  0.0000 11.1304
188 172  0.0000 -0.5000  8.8276
196 172  0.0000  0.0000 12.0455
204 172  0.0000  0.0000 11.1304
212 172  0.0000  0.0000  0.0000
220 172  0.0000  0.0000  0.0000
228 172  0.0000  0.0000  0.0000
236 172  0.0000  0.0000 11.1304
244 172  0.0000  0.0000 11.1304
252 172  0.0000  0.0000  0.0000
260 172  0.0000  0.0000  0.0000
268 172  0.0000  0.0000  0.0000
276 172  0.0000  0.0000  0.0000
284 172  0.0000  0.0000  0.0000
292 172  0.0000  0.0000  0.0000
  4 180 -0.5000  0.0000  8.8276
 12 180  0.0000  0.0000 11.1304
 20 180  0.0000  0.0000 11.1304
 28 180  0.0000  0.0000  0.0000
 36 180  0.0000  0.0000 11.1304
 44 180 -0.1068  0.5000 14.1617
 52 180  0.1138 -0.1378 11.4627
 60 180  0.0000  0.0000 11.1304
 68 180 -0.5000 -0.0448  8.9013
 76 180 -0.1960  2.5000 11.1304
 84 180  0.0000  0.0000 11.1304
 92 180  0.1174  4.1710 14.6131
100 180  0.0000  0.0000  0.0000
108 180  0.0000  0.0000 12.0628
116 180  0.0000  0.0000  0.0000
124 180  0.0000  0.0000 12.0455
132 180  0.0000  0.0000 11.1304
140 180 -0.5000  0.0000 11.1304
148 180  2.5000  0.0000  8.8276
156 180  0.0000  0.0000 11.1304
164 180  0.0418  0.1521 12.6567
172 180  0.0000  0.0000 11.1304
180 180  0.0000  0.0000  0.0000
188 180  1.5000  0.0000  8.2581
196 180  0.1960  2.5000 11.1304
204 180  0.0000  0.0000  0.0000
212 180  0.0000  0.0000  0.0000
220 180  0.0000  0.0000  0.0000
228 180  0.0000  0.0000  0.0000
236 180  0.0000  0.0000  0.0000
244 180  0.0000  0.0000 11.1304
252 180  0.0000  0.0000  0.0000
260 180  0.0000  0.0000  0.0000
268 180  0.0000  0.0000  0.0000
276 180  0.0000  0.0000  0.0000
284 180  0.0000  0.0000  0.0000
292 180  0.0000  0.0000  0.0000
  4 188  0.0121  0.2740  8.9657
 12 188  0.0000  0.0000  9.4948
 20 188  0.0000  0.0000  0.0000
 28 188  0.0000  0.0000 11.1304
 36 188  0.0000  0.0000  0.0000
 44 188  0.0652  0.1115 10.1030
 52 188  0.3320 -0.2373  7.0330
 60 188  0.0000  0.0000 16.1088
 68 188  0.0000  0.0000 11.9011
 76 188  0.0000  0.0000 16.1088
 84 188  0.0000  0.0000  0.0000
 92 188  0.0000  0.0000 11.1304
100 188  0.0000  0.0000  0.0000
108 188  0.0000  0.0000 12.0628
116 188  0.0000  0.0000  0.0000
124 188  0.0000  0.0000 12.0628
132 188  0.0000  0.0000 11.1304
140 188 -0.1068  0.3135 15.1963
148 188  0.0000  0.0000 19.1045
156 188  0.0000  0.0000  0.0000
164 188  0.0000  0.0000 11.1304
172 188  0.1960  2.5000 11.1304
180 188  0.0000  0.0000  0.0000
188 188  0.0000  0.0000 11.1304
196 188  0.0000  0.0000 11.1304
204 188 -0.1960 -0.5000 11.1304
212 188 -0.0832  0.3131  9.8462
220 188  0.0000  0.0000  0.0000
228 188  0.0000  0.0000  0.0000
236 188  0.0000  0.0000  0.0000
244 188  0.0000  0.0000  0.0000
252 188  0.0000  0.0000  0.0000
260 188  0.0000  0.0000  0.0000
268 188  0.0000  0.0000  0.0000
276 188  0.0000  0.0000  0.0000
284 188  0.0000  0.0000 11.1304
292 188  0.0000  0.0000 11.1304
  4 196  0.0000  0.0000 15.2415
 12 196  0.0000  0.0000  8.8721
 20 196  0.0000  0.0000 17.0667
 28 196  0.0000  0.0000  0.0000
 36 196  0.0000  0.0000 17.2663
 44 196  0.0000  0.0000 12.1315
 52 196  0.0000 -0.5000  8.8276
 60 196  0.0000  0.0000 11.1304
 68 196  0.0000  0.0000 11.1304
 76 196  0.0000  0.0000 13.7892
 84 196  0.2780 -0.1270 13.3759
 92 196  0.0000  0.0000 16.1088
100 196  0.0000  0.0000 11.1304
108 196  0.0000  0.0000 12.0628
116 196  0.0000  0.0000  0.0000
124 196  0.0000  0.0000 12.0628
132 196  0.0000  0.0000 11.1304
140 196  0.0000  1.5000  6.1440
148 196  0.0000  0.0000  0.0000
156 196  0.0000  0.0000  0.0000
164 196  0.0000  0.0000  9.2850
172 196  0.5000  0.0000 11.1304
180 196  0.0000  0.0000  0.0000
188 196  0.0000  0.0000 11.1304
196 196 -0.5000  0.0000  8.8276
204 196  0.0000  0.0000 17.0667
212 196  0.3308  0.1127 11.8471
220 196  0.0000  0.0000 11.1304
228 196  0.0000  0.0000  0.0000
236 196  0.0000  0.0000  0.0000
244 196  0.0000  0.0000  0.0000
252 196  0.0000  0.0000  0.0000
260 196  0.0000  0.0000  0.0000
268 196  0.0000  0.0000  0.0000
276 196  0.0000  0.0000 11.1304
284 196  0.0000  0.0000 11.1304
292 196  0.0000  0.0000 11.1304
  4 204  0.0000  0.0000 10.4039
 12 204  0.0582 -0.0292 15.7491
 20 204  0.0000  0.0000 11.1304
 28 204 -0.1063  0.1637 17.2251
 36 204  0.0000  0.0000 12.0455
 44 204 -1.5000  0.0000  8.2581
 52 204 -0.5000  0.0000  8.8276
 60 204  0.0000  0.0000 10.1191
 68 204  0.0000  0.0000  0.0000
 76 204  0.0000  0.0000 16.1088
 84 204  0.0000  0.0000 17.2183
 92 204 -0.5000  0.0000  8.8276
100 204  0.0000 -0.5000  8.8276
108 204  0.0000  0.0000 12.0628
116 204  0.0000  0.0000  0.0000
124 204  0.0000  0.0000 12.0628
132 204  0.0000  0.0000 11.1304
140 204  0.0000  0.0000  0.0000
148 204  0.0000  0.0000 11.1304
156 204  0.0000  0.0000 16.1088
164 204  1.5000  0.0000  8.2581
172 204  0.0000  0.0000 11.1304
180 204  0.0000  0.0000  0.0000
188 204  0.0000  0.0000  0.0000
196 204  0.0000  0.0000 11.1304
204 204  0.0000  0.0000  0.0000
212 204  0.0000  0.0000 11.1304
220 204  0.0000  0.0000  8.2581
228 204  0.0000  0.0000  0.0000
236 204  0.0000  0.0000  0.0000
244 204  0.0000  0.0000 16.1088
252 204  0.0000  0.0000  0.0000
260 204  0.0000  0.0000  0.0000
268 204  0.0000  0.0000 11.1304
276 204  0.0000  0.0000 16.1088
284 204  0.0000  0.0000  0.0000
292 204  0.0000  0.0000 13.5576
  4 212 -0.6306 -0.1105 11.2757
 12 212  0.0000  0.0000 16.1088
 20 212  0.0000  0.0000 11.1304
 28 212  0.0000  0.0000 12.0455
 36 212 -0.4681  0.0000  9.5738
 44 212  0.0000  0.0000 20.7059
 52 212  0.0000  0.0000 11.9011
 60 212  0.0000  0.0000 12.3186
 68 212  0.0000  0.0000 11.9011
 76 212  0.0000  0.0000  0.0000
 84 212  0.0000  0.0000  0.0000
 92 212  0.0000  0.0000 11.1304
100 212  0.0000  0.0000 11.1304
108 212  0.0418  0.1521 12.6567
116 212 -0.5000 -0.1180  9.2850
124 212  0.0000  0.0000 12.0455
132 212  0.0000  0.0000 11.1304
140 212  0.0000  0.0000 11.1304
148 212  0.0000  0.0000 11.1304
156 212  0.0000  0.0000  0.0000
164 212  0.0000  0.0000 11.1304
172 212  0.0000  0.0000 12.0628
180 212  0.0000  0.0000  0.0000
188 212  0.0000  0.0000 19.1045
196 212  0.0000  0.0000 11.1304
204 212  0.0000  0.0000  0.0000
212 212  0.0000  0.0000  0.0000
220 212  0.0000  0.0000 16.1088
228 212  0.0000  0.0000  0.0000
236 212  0.0000  0.0000  0.0000
244 212  1.1838  2.5000  7.5779
252 212  0.0000  0.0000  0.0000
260 212  0.0000  0.0000 16.1088
268 212 -0.0698 -0.2911 10.5124
276 212  0.0000  0.0000  0.0000
284 212  0.0000  0.0000 11.1304
292 212  0.0000  0.0000 19.1045
  4 220  0.0000  0.0000  0.0000
 12 220  0.0000  0.0000 16.1088
 20 220  0.0000  0.0000 11.1304
 28 220 -0.0698  0.2911 10.5124
 36 220  2.5000 -0.1588 10.5785
 44 220  0.0000  0.0000 11.9011
 52 220  0.0000  0.0000 16.1088
 60 220  0.0000  0.0000 11.1304
 68 220  0.0000  0.0000  0.0000
 76 220  0.0000  0.0000  0.0000
 84 220  0.0000  0.0000  0.0000
 92 220  0.0000 -0.5000  8.8276
100 220  0.0000  0.0000 11.1304
108 220  0.0000  0.0000 11.1304
116 220  0.0000  0.0000  0.0000
124 220  0.0000  0.0000  0.0000
132 220  0.0000  0.0000 11.1304
140 220  0.0000  0.0000  0.0000
148 220  0.0000  0.0000 16.1088
156 220  0.0000  0.0000 11.1304
164 220  0.0000  0.0000 11.1304
172 220  0.0000  0.0000 12.0628
180 220  0.0000  0.0000  0.0000
188 220  0.0000  0.0000  0.0000
196 220  0.0000  0.0000  0.0000
204 220  0.0000  0.0000  0.0000
212 220  0.0000  0.0000  0.0000
220 220  0.0000  0.0000 13.5576
228 220  0.0000  0.0000 11.1304
236 220 -0.4043 -0.4043  8.0000
244 220  0.0000  0.0000  0.0000
252 220  1.3070  0.0337 12.4709
260 220  0.0000  0.0000  0.0000
268 220  0.4043 -0.4043  8.0000
276 220  0.0000  0.0000 16.1088
284 220  0.0000  0.0000 11.1304
292 220  0.0000  0.0000 12.0628
