VARIABLES= "X pix", "Y pix", "U pix/dt", "V pix/dt", "CHC", ZONE I=28, J=37
  4   4 -0.0194  0.0017  8.8457
 12   4  0.0000  0.0000  8.6639
 20   4  0.0150 -0.0225  8.6693
 28   4  0.0442 -0.0119  8.6864
 36   4  0.0000  0.0000 10.2863
 44   4  0.0000  0.0000  8.6108
 52   4  0.0000  0.0553 10.1243
 60   4  0.0000  0.0000  8.3451
 68   4  0.0033  0.0060  9.4873
 76   4  0.0000  0.0000  9.7565
 84   4  0.0019 -0.0089 11.1910
 92   4  0.0112  0.0083 10.3271
100   4  0.0000  0.0000 11.1505
108   4  0.0000  0.0066 11.8029
116   4  0.0000  0.0000 11.7754
124   4  0.0000  0.0000 10.1847
132   4  0.0000 -0.0504 11.9197
140   4  0.0000  0.0000 11.9483
148   4  0.0000  0.0625 12.2001
156   4  0.0000  0.0000 12.0698
164   4  0.0000 -0.0035 11.7830
172   4 -0.0110  0.0008 10.6012
180   4  0.0013  0.0250 10.9061
188   4  0.0030 -0.0224 10.6304
196   4  0.0000  0.0000 11.2350
204   4  0.0000  0.0000 12.3913
212   4 -0.0073 -0.0026 11.3355
220   4  0.0489  0.2073 11.7789
228   4  0.0000  0.2730 10.6474
236   4  0.0000 -0.0736  9.7300
244   4 -0.0130  0.2931 10.1020
252   4  0.0000  0.0000 10.8982
260   4  0.1162 -0.0048 12.0052
268   4  0.0000  0.0000 12.9293
276   4  0.0255 -0.0046 11.8434
284   4  0.0000  0.0000 17.4387
292   4  0.0000  0.0000 11.6053
  4  12  0.1206  0.1691  9.2542
 12  12  0.0000  0.0000  9.9740
 20  12 -0.0929  0.0124 10.6202
 28  12  0.0000 -0.1222 12.5902
 36  12 -0.2107  0.0200 10.4379
 44  12  0.0000  0.0000  9.3279
 52  12  0.0000 -0.5000  6.6321
 60  12  0.0000  0.0000  7.3911
 68  12  0.1907  0.0993  7.7414
 76  12  0.0000  0.0000  8.8141
 84  12  0.2399 -0.0529  7.2950
 92  12  0.0000  0.0000 27.8388
100  12  0.0000  0.0000 22.0321
108  12  0.1022  0.0059  9.3468
116  12 -0.0663  0.0420  7.4306
124  12  0.0000  0.0000  7.6220
132  12  0.0073  0.0366  7.9811
140  12  0.0504 -0.0085  8.0611
148  12  0.0000  0.0000  7.9212
156  12  0.0000  0.0000 22.4137
164  12 -0.0001 -0.0382 30.0466
172  12 -0.0008  0.0139  8.6158
180  12  0.0026  0.0188  9.7461
188  12  0.0330  0.0021 10.7163
196  12 -0.0015 -0.0059 11.9385
204  12  0.0290  0.0103 11.7687
212  12 -0.0029 -0.0045 14.6008
220  12 -0.0834  0.0388 15.3127
228  12 -0.0165  0.1956 14.8444
236  12 -0.1132 -0.0275 16.4054
244  12  0.0573 -0.0094 14.5455
252  12  0.4081  0.0072 16.2133
260  12  0.1288 -0.1123 16.8111
268  12 -0.0298 -0.0020 18.9733
276  12 -0.0349  0.0102 10.0596
284  12 -0.0958  0.2938  8.7292
292  12 -0.0866 -0.0151 15.7097
  4  20  0.0000  0.0706 19.8568
 12  20 -0.0246 -0.0113 15.1864
 20  20  0.0000  0.0000 20.1916
 28  20  0.0008 -0.0016 18.2182
 36  20 -0.0193 -0.0310 16.8584
 44  20  0.0000  0.0000 14.0868
 52  20 -0.0012  0.0170 14.0778
 60  20  0.0095 -0.0204 15.1563
 68  20 -0.0019 -0.0226 14.4928
 76  20  0.0000  0.0000 13.7280
 84  20 -0.0127 -0.0046 14.0707
 92  20  0.0039  0.0080 13.0435
100  20  0.0000  0.0000 11.7792
108  20 -0.0166  0.0382 15.2218
116  20  0.0107  0.0031 13.0890
124  20  0.0005 -0.0052 12.3183
132  20 -0.0027  0.0136 13.0627
140  20  0.0021  0.0022 15.4655
148  20 -0.0009  0.0041 26.8647
156  20  0.0014 -0.0510 23.1954
164  20 -0.0340 -0.0037 24.2593
172  20 -0.0071 -0.0038 45.4451
180  20  0.0081 -0.0051 15.5849
188  20  0.0000  0.0000 16.1931
196  20  0.0000  0.0000 17.0602
204  20 -0.0146 -0.0013 18.2958
212  20  0.0157 -0.0001 18.7851
220  20  0.0019  0.0009 15.9641
228  20  0.0000  0.0000 16.5521
236  20  0.0072  0.0004 17.6602
244  20  0.0036  0.0019 19.5130
252  20  0.0487 -0.0005 15.4789
260  20 -0.1009 -0.0114 13.1396
268  20  0.0389 -0.0273 17.5692
276  20 -0.0190  0.0101 22.5686
284  20  0.0010 -0.0434 21.9472
292  20 -0.0292 -0.0032 21.6922
  4  28  0.0000  0.0000  7.7703
 12  28  0.0054 -0.0260 10.5272
 20  28 -0.0183 -0.0132  8.9755
 28  28  0.0329  0.0554  7.0326
 36  28  0.0217 -0.0125  6.9191
 44  28 -0.0579  0.0486  7.3018
 52  28  0.0119  0.0228  7.1173
 60  28  0.0000  0.0000  7.3895
 68  28 -0.0117  0.0543  6.8411
 76  28  0.0584 -0.0156  8.4180
 84  28  0.0000  0.0000 10.1676
 92  28  0.0025  0.0124  8.1778
100  28 -0.0034 -0.0016  7.6694
108  28  0.0057  0.0969  9.7182
116  28 -0.0259 -0.0678  8.2026
124  28 -0.0396  0.0271  6.9525
132  28  0.0000  0.0000 11.2095
140  28 -0.0523  0.2140 11.8358
148  28 -0.0018  0.0100 12.2245
156  28  0.0177 -0.0179 14.1888
164  28  0.0111 -0.0040 11.3038
172  28  0.0000  0.0000 13.9818
180  28 -0.0818  0.0024 12.3718
188  28  0.0000  0.0000 11.7115
196  28 -0.0202  0.0247 10.4148
204  28 -0.0850 -0.1589 10.4823
212  28  0.0000 -0.2593  9.6268
220  28  0.0152  0.1021 10.5475
228  28  0.1278  0.0548 10.6061
236  28 -0.0047  0.2023  9.7042
244  28  0.0268  0.0826  5.7353
252  28 -0.0184 -0.0154  6.1351
260  28  0.0246 -0.0188  6.1673
268  28  0.0466 -0.0037  7.1127
276  28  0.0579 -0.0153  6.7635
284  28  0.0641  0.0199  6.2630
292  28  0.0885 -0.1110  5.8853
  4  36  0.0000  0.0000 20.7059
 12  36  0.0000  0.0000  9.4208
 20  36  0.1190  0.0180 11.0348
 28  36 -0.0079  0.1269 15.6313
 36  36  0.0000  0.0000 17.3362
 44  36 -0.0261 -0.0182 12.6600
 52  36 -0.0064 -0.0069 10.2546
 60  36  0.0000  0.0000  8.8816
 68  36 -0.1551  0.0824  7.2179
 76  36  0.0000  0.0000  6.8809
 84  36  0.4260  0.7603  9.7439
 92  36  0.0000  0.0000 12.0067
100  36  0.0000  0.0000 11.1304
108  36  0.0000  0.0000  0.0000
116  36 -1.5000  0.0000  8.2581
124  36  0.0000  0.0000 16.1088
132  36  0.0677  0.2414 11.7124
140  36  0.2067 -0.0326 12.0268
148  36  0.0022 -0.0195 13.8579
156  36  0.0098  0.0177 17.0623
164  36 -0.0133 -0.0029 17.2470
172  36 -0.0035  0.0007 15.5692
180  36  0.1217 -0.0980  8.8622
188  36  0.0083  0.0553  6.9189
196  36 -0.0819  0.0929  7.1111
204  36  0.0408  0.0627  7.8771
212  36 -0.0105  0.1117 11.1223
220  36  0.0853  0.1591 10.8185
228  36  0.0023  0.0883 10.9298
236  36 -0.1001 -0.1019 13.3140
244  36  0.0000  0.0000 12.8227
252  36  0.1253  0.0025 17.4748
260  36 -0.0192 -0.1864 11.8154
268  36  0.0000  0.0000 14.5082
276  36 -0.0318 -0.0058  9.1411
284  36 -0.1236  0.0014 14.6567
292  36 -0.0167 -0.0017 11.0929
  4  44  0.0000  0.0000 13.5632
 12  44  0.0000  0.0000 10.1919
 20  44  0.1136 -0.2975  8.1489
 28  44 -0.0000  0.0000 10.9413
 36  44  0.0000  0.0000  8.4253
 44  44  0.0000  0.0000 11.1304
 52  44  0.0000  0.0000  0.0000
 60  44  0.0000  0.0000  0.0000
 68  44  0.0000  0.0000  0.0000
 76  44  0.0000 -0.5000  8.8276
 84  44  0.0000  0.0000  0.0000
 92  44  0.1556  0.0000 12.2969
100  44  0.0000  0.0000  0.0000
108  44  0.0000  0.0000  0.0000
116  44 -0.1927  0.0788 17.1842
124  44  0.0000  0.0000 16.1088
132  44 -0.1068 -0.3135 15.1963
140  44  0.0010  0.0243  5.6698
148  44  0.0000  0.0000  9.5654
156  44 -0.0024 -0.0043  8.7861
164  44 -0.0053 -0.0023  8.1432
172  44  0.0078  0.0015  8.7041
180  44  0.0675 -0.0236  7.6121
188  44 -0.2907  0.0403 10.5761
196  44  0.0000  0.0000  7.3911
204  44  0.0000  0.0000  9.0909
212  44  0.0000  0.0000  9.0038
220  44  0.1103  0.0016 12.1152
228  44  0.0604  0.1574 13.8356
236  44 -0.0450  0.0749 12.9031
244  44  0.0437  0.0166  8.0965
252  44  0.0000  0.0000  9.9062
260  44  0.0692  0.0228 12.0670
268  44 -0.0639  0.0791 10.1695
276  44  0.0000  0.0000 14.5653
284  44 -0.0600 -0.0220 16.1257
292  44  0.0000  0.0000 24.6996
  4  52 -0.1546 -0.0660 18.6254
 12  52  0.0000  0.0000 11.7513
 20  52  0.0000  0.0000 11.1304
 28  52  0.0000  0.0000  0.0000
 36  52  0.0000  0.0000 11.1304
 44  52  0.0000  0.0000  0.0000
 52  52  0.0000  0.0000 11.1304
 60  52  0.0000  0.0000 11.1304
 68  52  0.0000  0.0000  0.0000
 76  52  0.0000  0.0000 11.1304
 84  52  0.0000  0.0000 11.1304
 92  52 -0.0899  0.0388 10.5854
100  52 -0.0357 -0.2320 12.9186
108  52  0.0000  0.0000 13.1200
116  52  0.2907 -0.0403 10.5761
124  52  0.0000  0.0000 11.1304
132  52  0.0000  0.0000 11.1304
140  52  0.0168 -0.0634 14.0028
148  52  0.0000  0.0000 10.1078
156  52  0.0000  0.0000 12.8600
164  52  0.0000  0.0000  8.0000
172  52  0.0166  0.0308  7.3812
180  52  0.0000  0.0000 16.1088
188  52  0.0000  0.0000  0.0000
196  52  0.0000  0.0000  0.0000
204  52  0.0000  0.0000  0.0000
212  52  0.0000  0.0000  0.0000
220  52  0.0000  0.0000  0.0000
228  52 -0.0610 -1.0000  8.9210
236  52  0.2689 -0.0419  9.7710
244  52 -0.0149  0.2749  9.0775
252  52  0.0557  0.0632 16.2106
260  52  0.0000 -0.5000 11.1304
268  52  0.0000  0.0000  9.0168
276  52  0.0131  0.0090  8.4516
284  52 -0.0535 -0.0909  8.8626
292  52  0.0075  0.1342  9.4536
  4  60  0.0000  0.0000  0.0000
 12  60  0.0000  0.0000 11.1304
 20  60  0.0000  0.0000  0.0000
 28  60 -0.5000  0.0000  8.8276
 36  60  0.0000  0.0000  0.0000
 44  60  0.0000  0.0000 11.1304
 52  60  0.0000  0.0000  0.0000
 60  60 -0.2246  0.1162 14.0985
 68  60  0.0000  0.0000 15.4912
 76  60  0.0000  0.0000 19.1387
 84  60  0.0000  0.0000  8.9379
 92  60 -0.0874 -0.1651  9.4222
100  60 -0.0159 -0.0124 11.5573
108  60  0.0000  0.0000  6.8970
116  60  0.0000  0.0000 10.1740
124  60  0.0000  0.0000 11.9011
132  60  0.0000  0.0000  9.4208
140  60  0.0145 -0.2368  9.5252
148  60  0.0000  0.0000  0.0000
156  60  0.0000  0.0000  0.0000
164  60 -0.1143  0.1402 17.3176
172  60 -0.2223  0.0000  7.9096
180  60  0.0000  0.0000 16.1088
188  60  0.0000  0.0000 11.1304
196  60  0.0000  0.0000 11.1304
204  60  0.0000  0.0000  0.0000
212  60  0.0000  0.0000 11.1304
220  60  0.0000  0.0000  0.0000
228  60  0.0000  0.0000  0.0000
236  60  0.0000  0.0000  8.8276
244  60 -0.5000  0.0000 11.1304
252  60  0.0237  1.1722  5.8870
260  60 -0.1542  0.2569  8.2918
268  60 -0.0360  0.0100 12.1143
276  60  0.0000  0.0000 16.1088
284  60  0.0000  0.0000 16.1088
292  60  0.0000  0.0000 11.9011
  4  68  0.0000  0.0000  0.0000
 12  68  0.0000  0.0000  0.0000
 20  68  0.0000  0.0000 11.1304
 28  68  0.0000  0.0000 11.1304
 36  68  0.0000  0.0000 22.2609
 44  68 -0.1521  0.1664 16.8251
 52  68 -0.5000  0.2012  9.9121
 60  68  0.4043  0.4043  8.0000
 68  68 -0.0941 -0.0647  7.9034
 76  68  0.0732  0.2601  8.6780
 84  68  0.0000  0.0000 19.5188
 92  68  0.0000  0.0000  0.0000
100  68  0.0000  0.0000 11.1304
108  68  0.0913 -0.2044 18.7317
116  68  0.0000  0.0000 20.7059
124  68  0.0000  0.0000 11.1304
132  68  0.0000  0.0000 16.1088
140  68  0.0000  0.0000 11.0903
148  68 -0.2743  0.0236 10.8782
156  68  0.0000  0.0000 12.0628
164  68  0.0000 -0.5000  8.8276
172  68  0.0000  0.0000 16.1088
180  68  0.0000  0.0000 13.7544
188  68 -0.0832  0.3131  9.8462
196  68  0.0000  0.0000  0.0000
204  68  0.0000  0.0000  0.0000
212  68  0.0000  0.0000  0.0000
220  68  0.0000  0.0000 11.1304
228  68  0.0000  0.0000  0.0000
236  68 -1.5000  0.0000  8.2581
244  68  0.0000  0.0000  0.0000
252  68  0.0000  0.0000 11.1304
260  68  0.0000  0.0000 11.1304
268  68  0.0000  0.0000 11.1304
276  68  0.0000  0.0000 16.1088
284  68  0.1014 -0.0633 14.0729
292  68 -0.4043  0.4043  8.0000
  4  76  0.0000  0.0000 17.0667
 12  76  0.0610 -0.1951 10.7854
 20  76  0.0000  0.0000 18.8048
 28  76  0.0373 -0.8557 10.0619
 36  76  0.0000  0.0000  9.5632
 44  76 -0.3857  0.0448  9.2896
 52  76  0.0000  0.0000 16.1088
 60  76  0.0000  0.0000 11.1304
 68  76  0.1205  0.0339 11.7904
 76  76  0.0000  0.0000 13.1204
 84  76  0.0000  0.0000  7.3911
 92  76  0.2326 -0.3951  8.8276
100  76  0.5000  0.0000 11.1304
108  76  0.0000  0.0000  9.4208
116  76  0.0000  0.0000 11.1304
124  76  0.0000  0.0000 22.2609
132  76  0.0000  0.0000 11.9011
140  76  0.0000  0.0000 16.1088
148  76  0.0000  0.0000 12.0628
156  76  0.0000  0.0569  9.5560
164  76  0.0000  0.0000  7.3911
172  76  0.0000  0.0000  9.7047
180  76  0.0000  0.0000 11.1304
188  76  0.0000  0.0000 11.1304
196  76  0.0000  0.0000  0.0000
204  76  0.0000  0.0000  0.0000
212  76  0.0000  0.0000 16.1088
220  76  2.5000 -0.1588 10.5785
228  76  0.0000  0.0000  0.0000
236  76  0.0000  0.0000  0.0000
244  76  0.0000  0.0000  0.0000
252  76  0.0000  0.0000 11.1304
260  76  0.5000  0.0000  8.4768
268  76  0.0000  0.0000 11.1304
276  76  0.0000  0.0000  0.0000
284  76  0.0000  0.0000  8.0000
292  76  0.0000  0.0000 11.9011
  4  84  0.0000  0.0000 13.1641
 12  84 -0.2625  0.3389  7.7449
 20  84  0.0000  0.0000 11.9011
 28  84  0.0000 -0.1996  9.7215
 36  84  0.2645  0.0585 13.3056
 44  84  0.0000  0.0000  0.0000
 52  84  0.0000  0.0000  9.2086
 60  84  0.0000  0.0000 12.5464
 68  84  0.0000  0.0000 16.2126
 76  84  0.0000  0.0000  9.2086
 84  84  0.0000  0.0000  0.0000
 92  84  0.0557  0.0193 15.2661
100  84  0.3145  0.0000  9.1653
108  84  0.0000  0.0000  0.0000
116  84  0.0000  0.0000  9.2850
124  84  0.2780 -0.1270 13.3759
132  84  0.0000  0.0000  0.0000
140  84  0.0000  0.0000 10.1191
148  84  0.0000  0.0000  0.0000
156  84  5.5000  0.1151  4.1694
164  84 -0.2080  0.2715 12.3107
172  84  0.0000 -0.0264 10.8667
180  84  0.0000  0.0000 22.2609
188  84  0.0000  0.0000  0.0000
196  84  0.0000  0.0000 16.1088
204  84  0.0000  0.0000  0.0000
212  84  0.0000  0.0000  0.0000
220  84  0.0000  0.0000 11.1304
228  84  0.0000  0.0000 16.1088
236  84  0.0000  0.0000 19.4783
244  84  0.0000  0.0000 11.1304
252  84  0.0000  0.0000 11.1304
260  84  0.0000  0.0000  0.0000
268  84  0.0000  0.0000  0.0000
276  84  0.0000  0.0000  0.0000
284  84  0.0000  0.0000  0.0000
292  84  0.0000  0.0000  0.0000
  4  92  0.0000  0.0000  0.0000
 12  92  0.0000  0.0000 11.1304
 20  92 -0.0264  0.3145 11.0777
 28  92  0.0000  0.0000  0.0000
 36  92  0.0000  0.0000  0.0000
 44  92  0.0000  0.0000  8.0000
 52  92  0.0000  0.0000 22.2609
 60  92  0.0000  0.0000  8.0000
 68  92  0.0000  0.0000  0.0000
 76  92  0.0000  0.0000  0.0000
 84  92  0.0000  0.0000 16.1088
 92  92  0.0000  0.0000  8.8276
100  92  0.0000  0.0000 11.1304
108  92  0.0000  0.0000 16.1088
116  92  0.0000  0.0000 11.1304
124  92  0.0202  0.0016  7.2115
132  92 -0.0938  0.0000  7.2244
140  92  0.0000  0.0000 10.1191
148  92  0.0000  0.0000 11.1304
156  92  0.0000  0.0000 19.1045
164  92  0.0000  0.0000 11.1304
172  92  0.0000  0.0000  0.0000
180  92  0.0308 -0.1823 13.1845
188  92  0.0000  0.0000  0.0000
196  92  0.0000  0.0000  0.0000
204  92  0.0000 -0.5000  8.8276
212  92  0.0000  0.0000  0.0000
220  92  0.0000  0.0000  0.0000
228  92  0.0000  0.0000  0.0000
236  92  0.0000  0.0000 16.1088
244  92  0.0000  0.0000 16.1088
252  92  2.5000  0.0000  8.8276
260  92  0.0000  0.0000  0.0000
268  92  0.0000  0.0000  0.0000
276  92  0.0000  0.0000  0.0000
284  92  0.0000  0.0000 16.1088
292  92  0.0000  0.0000 11.1304
  4 100 -0.1326  0.0000 10.6209
 12 100 -0.0062 -0.1537 10.2537
 20 100  0.0000 -0.7878 16.4082
 28 100  0.0000  0.0000  0.0000
 36 100  0.0000  0.0000 11.1304
 44 100  0.0000  0.0000  0.0000
 52 100  0.0000  0.0000  0.0000
 60 100  0.0000  0.0000  0.0000
 68 100  0.0000  0.0000 16.1088
 76 100  0.0000  0.0000 16.1088
 84 100  0.0000  0.0000 16.1088
 92 100  0.0000  0.0000 12.0628
100 100  0.0000  0.0000 11.1304
108 100  0.0698 -0.2911 10.5124
116 100  0.0000  0.0000 11.1304
124 100  0.0000  0.5000  7.8528
132 100  0.0000  0.0000 14.5615
140 100  0.0000  0.0000 13.1641
148 100  0.0000  0.0000  0.0000
156 100  0.0000  0.0000  9.4208
164 100  0.0000  0.0000  0.0000
172 100  0.0000  0.0000  0.0000
180 100 -0.5000  0.0000 11.1304
188 100  0.0000  0.0000  8.2581
196 100  0.0000  0.0000 11.1304
204 100  0.0944  0.1174 13.2161
212 100  0.0000  0.0000  8.0000
220 100  0.0000  0.0000  0.0000
228 100  0.0000  0.0000  0.0000
236 100  0.0000  0.0000  0.0000
244 100  0.0000  0.0000 11.1304
252 100  0.0000  0.0000 12.8600
260 100  0.0000  0.0000 16.1088
268 100  0.0000  0.0000  0.0000
276 100  0.0000  0.0000  0.0000
284 100  0.0000  0.0000 11.1304
292 100  0.0000  0.0000 12.0628
  4 108  0.0000  0.0000 10.2729
 12 108  0.0000  0.0000 11.1304
 20 108  0.0000  0.0000 11.1304
 28 108  0.0000  0.0000 11.1304
 36 108  0.0000  0.0000  0.0000
 44 108  0.0000  0.0000  0.0000
 52 108  0.0000  0.0000  0.0000
 60 108  0.0000  0.0000 11.1304
 68 108  0.0000  0.0000  0.0000
 76 108  0.5000  0.0000 11.1304
 84 108 -0.4043 -0.4043  8.0000
 92 108  0.0000  0.0000  0.0000
100 108 -0.4256 -0.1293  7.2484
108 108  0.0000  0.0000  0.0000
116 108  0.0000  0.0000  0.0000
124 108  0.0000  0.0000  0.0000
132 108  0.0000  0.0000 12.0455
140 108  0.0000  0.0000  0.0000
148 108  0.0000  0.0000  0.0000
156 108  0.0000  0.0000  9.4208
164 108  0.0000  0.0000 11.1304
172 108  0.0000  0.0000 16.1088
180 108  0.0000  0.0000  0.0000
188 108  0.0000  0.0000 16.1088
196 108  0.0000  0.0000  0.0000
204 108  0.0000  0.0000  0.0000
212 108 -0.1859 -0.0183 15.8584
220 108  0.0000  0.0000 11.1304
228 108  0.0000  0.0000  0.0000
236 108  0.0000  0.0000 11.1304
244 108  0.0000  0.0000 11.1304
252 108  0.1841 -0.0418 12.3683
260 108  0.0000  0.0000  0.0000
268 108  0.0000  0.0000  0.0000
276 108  0.0000  0.0000  0.0000
284 108  0.0000  0.0000 11.1304
292 108  2.5000 -0.1588 10.5785
  4 116 -0.3145  0.0264 11.0777
 12 116  0.0000  0.0000  0.0000
 20 116  0.0000  0.0000  0.0000
 28 116  0.0000  0.0000  0.0000
 36 116  0.0000  0.0000 11.1304
 44 116  0.0000  0.0000 11.1304
 52 116  0.0000  0.0000 19.4783
 60 116  0.0000  0.0000 12.8600
 68 116  0.0000  0.0000 16.1088
 76 116  0.0000  0.0000 19.1045
 84 116 -0.0913  0.2044 18.7317
 92 116  0.0000  0.0000 10.9491
100 116  0.0000 -0.5000  8.8276
108 116  0.0000  0.0000  8.8276
116 116  0.0000 -0.5000  8.8276
124 116  0.0000  0.0000 12.0455
132 116  0.0000  0.0000 16.1088
140 116  0.0000  0.0000  0.0000
148 116  0.0000  0.0000  0.0000
156 116  0.3270  0.5000  7.6371
164 116  0.0698 -0.2911 10.5124
172 116  0.0000  0.0000 10.1191
180 116  0.0000  0.0000 11.1304
188 116  0.0000  0.0000  0.0000
196 116  0.1584  0.0244  9.5435
204 116 -0.1244 -0.0375 16.8192
212 116  0.0000  0.0000  0.0000
220 116  0.0000  0.0000 16.1088
228 116  0.0000 -0.0535 10.0787
236 116  0.0000  0.0000 19.1045
244 116  0.4043 -0.4043  8.0000
252 116  0.0000  0.0000  8.4628
260 116  0.0000  0.0000  0.0000
268 116  0.0000  0.0000  0.0000
276 116  0.0000  0.0000  0.0000
284 116  2.5000  0.0000  8.8276
292 116  0.0308 -0.1823 13.1845
  4 124  0.0000  0.0000 11.1304
 12 124  0.0561 -0.2765  9.5419
 20 124  0.0000  0.0000  0.0000
 28 124  0.0000  0.0000 16.1088
 36 124  0.0000  0.0000  0.0000
 44 124  0.0000  0.0000 16.1088
 52 124  0.0000  0.0000 11.1304
 60 124  0.0000  0.0000 16.1088
 68 124  0.0000  0.0000  0.0000
 76 124  0.0000  0.0000 11.1304
 84 124  0.0000  0.0000 12.0455
 92 124 -0.0698  0.2911 10.5124
100 124  0.0000  0.0000 11.1304
108 124  0.0000  0.0000  0.0000
116 124 -0.0078  0.0596 19.5884
124 124 -0.1138  0.1378 11.4627
132 124  0.0000  0.0000  0.0000
140 124  0.0000  0.0000  0.0000
148 124  0.0000  0.0000  0.0000
156 124  0.4681  0.0000  9.5738
164 124  0.0000  0.0000 12.5445
172 124  0.0000  0.0000  6.8903
180 124  0.0000  0.0000  0.0000
188 124  0.0000  0.0000 11.1304
196 124  0.0206 -0.2484 13.0062
204 124 -0.1678  0.1421  8.0740
212 124  0.0000  0.0000  0.0000
220 124  0.0000  0.0000  0.0000
228 124  0.0000  0.0000 11.1304
236 124  0.0000  0.0000  0.0000
244 124  0.0000  0.0000  0.0000
252 124  0.0000  0.0000  0.0000
260 124  0.0000  0.0000  0.0000
268 124  0.0000  0.0000  0.0000
276 124  0.0000  0.0000  0.0000
284 124  0.0000  0.0000 11.1304
292 124 -0.1960  0.0000 11.1304
  4 132  0.0000  0.0000 11.1304
 12 132  0.0000  0.0000 19.4783
 20 132  0.1012 -0.0458 14.0274
 28 132  0.0000  0.0000 11.1304
 36 132  0.0000  0.0000 11.1304
 44 132  0.0000  0.0000  0.0000
 52 132  0.0000  0.0000  0.0000
 60 132  0.0000  0.0000  0.0000
 68 132  0.0000  0.0000 10.1123
 76 132  0.0000  0.0000 16.1088
 84 132  0.0000  0.0000  0.0000
 92 132  0.0000  0.0000 12.0628
100 132  0.0000  0.0000  0.0000
108 132  0.1313 -0.0812 16.9211
116 132  0.0000  0.0000 12.0455
124 132 -1.3070 -0.0337 12.4709
132 132  0.0000  0.0000  0.0000
140 132 -0.5000  0.0000 11.1304
148 132  0.0000  0.0000 11.1304
156 132 -0.7389 -0.5000  8.0688
164 132  0.0000  0.0000 11.1304
172 132 -0.0610 -0.5000  7.7665
180 132  0.0000  0.0000 11.1304
188 132  0.0000  0.0000  0.0000
196 132 -0.3309 -0.0637  7.1846
204 132  0.0000  0.3577 13.4737
212 132  0.0000  0.0000  0.0000
220 132  0.0000  0.0000  0.0000
228 132  0.0000  0.0000  8.8276
236 132  0.0000  0.0000 16.1088
244 132  0.0000  0.0000 11.1304
252 132  0.0000  0.0000  0.0000
260 132  0.0000  0.0000  0.0000
268 132  0.0000  0.0000  0.0000
276 132  0.0000  0.0000  0.0000
284 132  0.0000  0.0000 16.1088
292 132  0.0000  0.0000 12.1905
  4 140  0.0000  0.0000 11.1304
 12 140  0.0000  0.0000  0.0000
 20 140  0.0101  0.1146 17.4161
 28 140  2.5000  0.0000  8.8276
 36 140  0.0000  0.0000  0.0000
 44 140 -0.5000  0.0000 11.1304
 52 140  0.0000  0.0000 16.1088
 60 140  0.0000  0.0000 16.7031
 68 140  0.0196 -0.0084  8.2523
 76 140  0.0000  0.0000 13.1641
 84 140  1.5000 -0.5000  8.2581
 92 140  0.0000  0.0000 11.1304
100 140  0.0000  0.0000  9.5632
108 140  0.0000  0.0000 16.1088
116 140  0.0000  0.0000 11.1304
124 140  0.0000  0.0000 11.1304
132 140  0.3577  0.0000 13.4737
140 140  0.0000  0.0000 11.1304
148 140 -0.1960  0.0000 11.1304
156 140  0.0000  0.0000  9.3822
164 140  0.0000  0.0000 11.1304
172 140 -1.5000  0.0000  8.2581
180 140  0.0000  0.0000 11.1304
188 140  0.0000 -0.5000  8.8276
196 140  0.0000  0.0000 16.1088
204 140  0.0000  0.0000 12.0628
212 140  0.0000  0.1556 12.2969
220 140  0.0000  0.0000 11.1304
228 140  0.0000  0.0000 16.1088
236 140  0.0000  0.0000 11.1304
244 140  0.0000  0.0000  0.0000
252 140  0.0000  0.0000  0.0000
260 140  0.0000  0.0000 11.1304
268 140  0.0000  0.0000 11.1304
276 140  0.0000  0.0000  0.0000
284 140  1.0000  0.0000  8.2581
292 140  0.0000  0.0000  0.0000
  4 148  0.0000  0.0000  0.0000
 12 148 -0.0308 -0.1823 13.1845
 20 148  0.0000  0.0000 16.1088
 28 148  0.0000  0.0000 11.1304
 36 148 -0.5000 -0.5000  4.0635
 44 148  0.0000  0.0000 16.1088
 52 148  0.0000  0.0000  8.2581
 60 148  0.3410 -0.3410 12.1506
 68 148 -0.0262 -0.2632  7.2108
 76 148 -0.5000  0.1588 10.5785
 84 148  0.0000  0.0000 16.1088
 92 148  0.0000  0.0000 11.1304
100 148  0.0000  0.0000 16.1088
108 148  0.0000  0.0000 11.1304
116 148  0.0000  0.0000  0.0000
124 148  0.0000  0.0000  8.2581
132 148 -0.1068 -0.3135 15.1963
140 148  0.0000  0.0000  9.4948
148 148  0.2587 -0.1868 11.1614
156 148  0.0000  0.0000  0.0000
164 148  0.0000  0.0000 11.1304
172 148  0.0000  0.0000  0.0000
180 148  0.0000  0.0000 12.0628
188 148  0.0000  0.0000 12.0455
196 148  0.0000  0.0000  0.0000
204 148  0.0000  0.0000  0.0000
212 148  0.0000  0.0000  0.0000
220 148  0.0000  0.0000  0.0000
228 148  0.0000  0.0000  0.0000
236 148  0.0000  0.0000 16.1088
244 148  0.0000  0.0000  0.0000
252 148  0.0000  0.0000  0.0000
260 148  0.0000  0.0000  0.0000
268 148  0.0000  0.0000  0.0000
276 148 -0.5000  0.0000  8.8276
284 148  0.0000  0.0000 20.7059
292 148  0.0000  0.0000 16.1088
  4 156  0.0000  0.0000 16.1088
 12 156  0.0000  0.0000 10.1191
 20 156  0.0000  0.0000  0.0000
 28 156  0.0000  0.0000  0.0000
 36 156  0.0000  0.0000  0.0000
 44 156  0.0000  0.0000 11.9803
 52 156  0.0000  0.0000  0.0000
 60 156  0.0000  0.0000 16.1088
 68 156  0.5000  0.0000  8.4768
 76 156  0.0000  0.0000 11.1304
 84 156  0.0000  0.0000 11.1304
 92 156  0.0000  0.0000  0.0000
100 156  0.0000  0.0000  0.0000
108 156  0.0000  0.0000 11.1304
116 156  0.0000  2.5000  8.8276
124 156  0.0000  0.0000  8.2581
132 156  0.0000  0.0000 12.0628
140 156  0.0421 -0.1634 12.8457
148 156 -0.2483  0.1160  9.3535
156 156  0.0000  0.0000 17.0667
164 156  0.0000  0.0000  9.2850
172 156  0.0000  0.0000 11.1304
180 156  0.0000  0.0000 12.0628
188 156  0.0000  0.0000 16.1088
196 156  0.0000  0.0000  0.0000
204 156  0.0000  0.0000  0.0000
212 156  0.0000  0.0000  0.0000
220 156  0.0000  0.0000  0.0000
228 156  0.0000  0.0000 11.1304
236 156  0.0000  0.0000 11.1304
244 156  0.0000  0.0000 16.1088
252 156  0.0000  0.0000  0.0000
260 156  0.0000  0.0000  8.0000
268 156  0.0000  0.0000 11.1304
276 156  0.0000  0.0000 16.1088
284 156  0.0000  0.0000 11.1304
292 156  0.0000  0.0000  0.0000
  4 164  0.0000  0.0000 11.1304
 12 164  0.2617  0.0000 12.8736
 20 164  0.0000  0.0000  0.0000
 28 164  0.0000  0.0000 11.1304
 36 164  0.0000  2.5000  8.8276
 44 164  0.0000  0.0000  8.2581
 52 164  0.0000  0.0000 11.1304
 60 164  0.2220 -0.1529  9.0549
 68 164  0.0000  0.0000  0.0000
 76 164  0.0000  0.0000 19.1045
 84 164  0.0000  0.0000  4.0635
 92 164  0.0000  0.0000  0.0000
100 164  0.0000  0.0000  0.0000
108 164  0.0000  0.0000 11.1304
116 164  0.0000  0.0000 12.0628
124 164  0.0000  0.0000  0.0000
132 164  0.0000  0.0000 12.0455
140 164 -0.1760  0.0000 15.0588
148 164  0.0000  0.0000 14.5615
156 164 -0.5000  0.0000  8.8276
164 164  0.0000  0.0000 12.0455
172 164  0.0000  0.0000  0.0000
180 164 -0.1960  0.0000 11.1304
188 164  0.1912  0.0000 12.4272
196 164  0.0000  0.0000  0.0000
204 164  0.0000  0.0000  0.0000
212 164  0.0000  0.0000  0.0000
220 164  0.0000  0.0000  0.0000
228 164  0.0000  0.0000  0.0000
236 164  0.0000  0.0000  0.0000
244 164  0.0000  0.0000 11.1304
252 164  0.0000  0.0000 11.1304
260 164  0.2847  2.5000 11.1304
268 164  0.0000  0.0000  0.0000
276 164  0.0000  0.0000  0.0000
284 164  0.0000  0.0000  0.0000
292 164  0.0000  0.0000 11.1304
  4 172  0.0000  0.0000 16.1088
 12 172  0.0000  0.0000 17.0667
 20 172  0.4043 -0.4043  8.0000
 28 172  0.0000  0.0000 11.1304
 36 172  0.0000  0.0000  0.0000
 44 172  0.0000  0.0000  0.0000
 52 172  0.1215 -0.1200 17.1775
 60 172  0.0000  0.0000  8.2581
 68 172  0.0000  0.0000 11.1304
 76 172  0.0000  0.0000 12.0455
 84 172  0.0000  0.0000 20.7059
 92 172  0.0000 -0.5000  8.8276
100 172  0.0000  0.0000  0.0000
108 172  0.0000  0.0000 11.1304
116 172  0.0000  0.0000 12.0628
124 172  0.0000  0.0000 13.1641
132 172  0.0000  0.0000 11.1304
140 172  0.1760  0.0000 15.0588
148 172  0.0832  0.3131  9.8462
156 172 -2.5000  0.0000 11.1304
164 172  0.0000  0.0000 12.0628
172 172  0.0000  0.0000  0.0000
180 172  0.0000  0.0000  8.2581
188 172  0.0000  0.0000  8.0000
196 172 -0.1151  0.1151 16.5161
204 172  0.0000  0.0000 11.1304
212 172  0.0000  0.0000  0.0000
220 172  0.0000  0.0000  0.0000
228 172  0.0000  0.0000  0.0000
236 172  0.0000  0.0000  0.0000
244 172  0.0000  0.0000 11.1304
252 172  0.0000  0.0000 11.1304
260 172  0.0000  0.0000  0.0000
268 172  0.0000  0.0000  0.0000
276 172  0.0000  0.0000  0.0000
284 172  0.0000  0.0000  0.0000
292 172  0.0000  0.0000  0.0000
  4 180  0.1353 -0.1326  7.3628
 12 180  0.0000  0.0000 11.1304
 20 180 -0.0218  0.2266 12.8350
 28 180  0.0000  0.0000  0.0000
 36 180  0.0000  0.0000  0.0000
 44 180  0.0000  0.0000 18.5922
 52 180  0.0000  0.0000  9.2086
 60 180  0.0000  0.0000  0.0000
 68 180  0.0000  0.0000 16.1088
 76 180 -0.1556  0.0000 12.2969
 84 180 -0.5000  0.0000  8.8276
 92 180  0.0000  0.0000 11.1304
100 180  0.0000  0.0000  0.0000
108 180  0.0000  0.0000 16.1088
116 180  0.0000  0.0000 16.1088
124 180  0.0000  0.0000  9.2850
132 180  0.0000  0.0000 11.1304
140 180 -0.1912  0.0000 12.4272
148 180  0.0000  0.0000 11.1304
156 180  0.0000  0.0000  0.0000
164 180  0.0000  0.0000 19.1045
172 180  0.0000  0.0000  0.0000
180 180  0.0000  0.0000  0.0000
188 180  0.0000  0.0000  0.0000
196 180 -0.6001  0.1776  6.9856
204 180  0.0000  0.0000 11.1304
212 180  0.0000  0.0000  0.0000
220 180  0.0000  0.0000  0.0000
228 180  0.0000  0.0000  0.0000
236 180  0.0000  0.0000  0.0000
244 180  0.0000  0.0000  0.0000
252 180  0.0000  0.0000  0.0000
260 180  0.0000  0.0000  0.0000
268 180  0.0000  0.0000  0.0000
276 180  0.0000  0.0000  0.0000
284 180  0.0000  0.0000  0.0000
292 180  0.0000  0.0000 11.1304
  4 188 -0.1142 -0.1142 10.6035
 12 188  0.0000  0.0000 11.0903
 20 188  0.0000  0.0000 20.7059
 28 188  0.0000  0.0000 11.1304
 36 188  0.0000  0.0000  0.0000
 44 188  0.0730 -0.0054 10.2797
 52 188  0.0000  0.0000  0.0000
 60 188  0.0000  0.0000  0.0000
 68 188  0.0000  0.0000 11.1304
 76 188  0.2780  0.1270 13.3759
 84 188  0.0000  0.0000  8.8276
 92 188  0.0000  0.0000 11.1304
100 188  0.0000  0.0000 11.1304
108 188  0.0000  0.0000 12.0455
116 188  0.0000  0.0000  0.0000
124 188  0.0000  0.0000 11.2521
132 188  0.0000  0.0000  0.0000
140 188  0.0000  0.0000 12.0455
148 188 -0.1546 -0.0660 18.6254
156 188  0.0000  0.0000 16.1088
164 188  0.0000  0.0000 19.1045
172 188  0.0000  0.0000 11.1304
180 188  0.0000  0.0000  0.0000
188 188  0.0000  0.0000 11.1304
196 188  0.0000  0.0000 11.1304
204 188  0.0000  0.0000 16.1088
212 188  0.0000  0.0000  0.0000
220 188  0.0000  0.0000 11.1304
228 188  0.0000  0.0000  0.0000
236 188  0.0000  0.0000  0.0000
244 188  0.0000  0.0000  0.0000
252 188  0.0000  0.0000  0.0000
260 188  0.0000  0.0000 11.1304
268 188  0.0000  0.0000  0.0000
276 188  0.0000  0.0000  0.0000
284 188  0.0000  0.0000  0.0000
292 188  0.0000  0.0000  0.0000
  4 196  0.0000  0.0000 12.0455
 12 196  0.0000  0.0000  0.0000
 20 196  0.0000  0.0000  0.0000
 28 196  0.0000  0.0000  0.0000
 36 196  0.0000  0.0000 16.1088
 44 196 -0.2220  0.1529  9.0549
 52 196  0.0000  0.0000 16.1088
 60 196  0.0000  0.0000 16.1088
 68 196  0.0000  0.0000 11.1304
 76 196  0.2780 -0.1270 13.3759
 84 196  0.0000  0.0000 11.1304
 92 196  0.0000  0.0000 11.1304
100 196  0.0000  0.0000 16.1088
108 196  0.0000  0.0000 12.0628
116 196  0.0000  0.0000  0.0000
124 196  0.0367 -0.2637 10.8805
132 196  0.0000  0.0000  0.0000
140 196  0.0000  0.0000 11.1304
148 196 -0.1960 -0.5000 11.1304
156 196  0.0000  0.0000 16.1088
164 196  0.0000  0.0000  6.8903
172 196 -0.5000  0.0000 11.1304
180 196  0.0000  0.0000  0.0000
188 196  0.0000  0.0000 11.1304
196 196  0.0000  0.0000  8.0000
204 196  0.0000  0.0000  8.8276
212 196  0.0000  0.0000 11.1304
220 196  0.0000  0.0000  0.0000
228 196  0.0000  0.0000 11.1304
236 196  0.0000  0.0000  0.0000
244 196  0.0000  0.0000 11.1304
252 196  0.0000  0.0000  0.0000
260 196  0.0000  0.0000 11.1304
268 196  0.0000  0.0000  0.0000
276 196  0.0000  0.0000  0.0000
284 196  0.0000  0.0000  0.0000
292 196  0.0000  0.0000 11.1304
  4 204 -0.1589 -0.0764  7.0932
 12 204  0.0000  0.0000  0.0000
 20 204  0.0000  0.0000  0.0000
 28 204  0.0000  0.0000  0.0000
 36 204  0.0000  0.0000 17.2663
 44 204  0.0000  0.0000 12.0342
 52 204  0.0000  0.0000  8.5018
 60 204  0.0000  0.0000 11.9011
 68 204  0.0000  0.0000 12.0455
 76 204  0.0000  0.0000 13.5576
 84 204  0.0000  0.0000 17.2183
 92 204  0.0000  0.0000  0.0000
100 204  0.0000  0.0000 16.1088
108 204  0.0000  0.0000 12.0455
116 204  0.0000  0.0000  0.0000
124 204  0.0000  0.0000 13.0803
132 204  0.0000  0.0000 11.1304
140 204  0.1927 -0.0788 17.1842
148 204  0.0000  0.0000  0.0000
156 204  0.0000  0.0000  0.0000
164 204  0.0000  0.0000 11.1304
172 204 -0.5000  0.0000 11.1304
180 204  0.0000  0.0000  0.0000
188 204  0.0000  0.0000  4.0635
196 204  0.0000  0.0000 16.1088
204 204  0.0000  0.0000  0.0000
212 204  0.0000  0.0000 11.1304
220 204  0.0000  0.0000 16.1088
228 204  0.0000  0.0000  0.0000
236 204  0.0000  0.0000 11.1304
244 204  0.0000  0.0000  0.0000
252 204  0.0000  0.0000  0.0000
260 204  0.0000  0.0000  0.0000
268 204  0.0000  0.0000  0.0000
276 204  0.0000  0.0000 11.1304
284 204  0.0000  0.0000  0.0000
292 204  0.0000  0.0000  0.0000
  4 212  1.5000  0.0000  4.6545
 12 212  0.0000  0.0000 11.1304
 20 212  0.0000  0.0000  0.0000
 28 212 -0.1244  0.0375 16.8192
 36 212  0.3320 -0.2373  7.0330
 44 212 -0.5000  0.0000  8.8276
 52 212  0.0000  0.0000 16.1088
 60 212  0.0000  0.0000 11.9011
 68 212  0.0000  0.0000 19.4783
 76 212  0.0000  0.0000  0.0000
 84 212  0.5000  0.0000 11.1304
 92 212  0.0000  0.0000  7.5779
100 212  0.0000  0.0000 11.1304
108 212  0.0000  0.0000 12.0628
116 212  0.5000  0.0000  8.4768
124 212  0.5000  0.0000 11.1304
132 212  0.0000  0.0000 11.1304
140 212 -0.0696  0.0812 10.9765
148 212  0.0000  0.0000  0.0000
156 212  0.0000  0.0000  0.0000
164 212  0.0000  0.0000 11.1304
172 212  0.1960  0.0000 11.1304
180 212  0.0000  0.0000  0.0000
188 212  0.0000  0.0000  0.0000
196 212  0.0000  0.0000 11.1304
204 212  0.0000  0.0000  0.0000
212 212  0.0000  0.0000  0.0000
220 212  0.0000  0.0000 11.1304
228 212  0.1313  0.0812 16.9211
236 212  0.0000  0.0000 11.1304
244 212  0.0000  0.0000  0.0000
252 212  0.0000  0.0000  0.0000
260 212  0.0000  0.0000  0.0000
268 212  0.0000  0.0000  0.0000
276 212  0.0000  0.0000  0.0000
284 212  0.0000  0.0000 11.1304
292 212  0.0000  0.0000  0.0000
  4 220  1.3070 -0.0337 12.4709
 12 220  0.0000  0.0000 11.1304
 20 220  0.1798  0.0246 17.0238
 28 220  0.0000  0.0000  9.4948
 36 220  0.0000  0.0000  0.0000
 44 220  0.0000  0.0000  0.0000
 52 220  0.0000  0.0000 16.1088
 60 220 -0.2780  0.1270 13.3759
 68 220  0.0000  0.0000  0.0000
 76 220  0.0000  0.0000  0.0000
 84 220  0.0000  0.0000 19.1045
 92 220  0.0000  0.0000 16.1088
100 220  0.0000  0.0000  0.0000
108 220  0.0000  0.0000 11.1304
116 220  0.0000  0.0000 11.1304
124 220  0.0000  0.0000  0.0000
132 220 -0.0698  0.2911 10.5124
140 220  0.0000  0.0000  9.1133
148 220  0.0000  0.0000  0.0000
156 220  0.0000  0.0000 11.1304
164 220  0.5000  0.0000  8.8276
172 220 -0.1068  0.3135 15.1963
180 220  0.0000  0.0000  0.0000
188 220  0.0000  0.0000  0.0000
196 220  0.0000  0.0000 11.1304
204 220  0.0000  0.0000  0.0000
212 220  0.0000  0.0000  0.0000
220 220  0.0000  0.0000  0.0000
228 220  0.0000  0.0000  7.5779
236 220  0.0000  0.0000  0.0000
244 220  0.0000  0.0000  0.0000
252 220  0.0000  0.0000  0.0000
260 220  0.0000  0.0000  0.0000
268 220  0.0000  0.0000 11.1304
276 220  0.0000  0.0000  0.0000
284 220  0.0000  0.0000 11.1304
292 220  0.0000  0.0000  0.0000
