VARIABLES= "X pix", "Y pix", "U pix/dt", "V pix/dt", "CHC", ZONE I=28, J=37
  4   4  0.0000  0.0000 10.9708
 12   4  0.0000  0.0000 10.9708
 20   4  0.0000  0.0000 10.9708
 28   4  0.0000  0.0000 10.9708
 36   4  0.0000  0.0000 11.0456
 44   4  0.0000  0.0000 11.0456
 52   4  0.0437 -0.0128 10.9762
 60   4  0.0000 -0.0127 11.0049
 68   4  0.0000 -0.0523 10.4171
 76   4  0.0000  0.0000  9.9884
 84   4  0.0000  0.0055 11.0328
 92   4 -0.0103 -0.0171 11.0338
100   4 -0.0431  0.0047 11.6940
108   4  0.0084  0.0826 11.9392
116   4  0.0000  0.0000 11.0388
124   4  0.0000  0.0000 11.7754
132   4  0.0000  0.0000 11.7754
140   4  0.0000  0.0317 11.2951
148   4  0.0000  0.0000 11.7754
156   4  0.0000  0.0317 11.2951
164   4 -0.0363 -0.0238 11.7441
172   4  0.0000  0.0000 11.3316
180   4  0.0441 -0.0002 11.7411
188   4  0.0432 -0.0002 10.8973
196   4  0.0000  0.0834 11.8967
204   4  0.0544  0.0366 12.1531
212   4  0.0616 -0.0072 12.4637
220   4 -0.0278  0.1644 11.5752
228   4 -0.0872  0.1421 11.3399
236   4  0.2381 -0.1315  9.1543
244   4  0.0100 -0.0063 11.7706
252   4 -0.0027 -0.0312 11.2312
260   4 -0.0130 -0.0095 12.0616
268   4  0.0000  0.0000 13.2207
276   4  0.0000  0.0000 13.0803
284   4  0.0000  0.1245 12.4512
292   4 -0.0932 -0.0051 13.3056
  4  12  0.0638 -0.4863 12.0947
 12  12 -0.1065  0.6044 12.5101
 20  12  0.0000 -0.5000 11.9626
 28  12 -0.3010  0.6123 10.7489
 36  12  0.0000 -0.7268  8.0000
 44  12  0.0000  0.0000 11.1304
 52  12  0.1316  1.0491  7.3358
 60  12  0.0000  0.0229  8.0000
 68  12 -0.0624  0.1922 12.4418
 76  12  0.0000  0.1745 10.0402
 84  12  0.0000  0.0279  8.9690
 92  12 -0.0069 -0.8277  9.0713
100  12  0.0352 -0.1994  7.2438
108  12 -0.1146  0.0381  7.7253
116  12  0.0000  0.0000  7.7916
124  12  0.0000  0.0239  9.0353
132  12  0.0000  0.0000  7.7916
140  12  0.0000  0.0000  9.0353
148  12  0.0000  0.0000  9.1156
156  12  0.0000  0.0000  9.0353
164  12  0.0000 -0.2876  9.2188
172  12  0.0000  0.0532  7.6664
180  12 -0.0700  0.0799  9.6817
188  12  0.2456  0.1740  8.7550
196  12 -0.0736 -0.1456  9.7036
204  12 -0.0022  0.2295 12.8068
212  12  0.1078  0.0268 13.1018
220  12  0.0334 -0.1119 10.6433
228  12  0.0000  0.7652 12.1905
236  12 -0.1412  0.6549  7.1622
244  12 -0.0164 -0.1292  8.5976
252  12  0.0049  0.8006  8.0643
260  12 -0.0284  0.5766  7.7550
268  12 -0.1903  0.7685  7.5659
276  12 -0.1348  0.6043  6.9945
284  12  0.0485  0.4044  7.4500
292  12  0.0000  0.5927  8.1543
  4  20  0.0000  0.0455 10.4065
 12  20 -0.0132 -0.0449  9.5165
 20  20  0.0825 -0.0831  9.5023
 28  20  0.0932  0.1236 10.0279
 36  20  0.0000  0.0000  9.7042
 44  20  0.0583 -0.0254 10.2454
 52  20  0.0000  0.1448 10.0584
 60  20  0.0000  0.0000 10.1276
 68  20 -0.1143  0.0114 10.8555
 76  20 -0.0463  0.0337  9.9092
 84  20  0.0839 -0.0158  8.7960
 92  20  0.0038  0.0742  8.6549
100  20  0.0757  0.1377 13.4269
108  20  0.0568 -0.0675 11.7393
116  20  0.0436 -0.0386 12.1134
124  20  0.0000  0.0445 12.1062
132  20  0.0340  0.0331 12.1432
140  20  0.0257  0.0813 12.5171
148  20 -0.0304  0.0254 12.7712
156  20 -0.0762  0.1709 12.4261
164  20  0.1285  0.1154 15.7640
172  20 -0.0516  0.0002 14.1706
180  20 -0.0061 -0.0141 16.9931
188  20  0.0826  0.0864 19.1345
196  20  0.0214  0.0324 23.5059
204  20  0.0021 -0.0486 22.2775
212  20  0.0587  0.0374 17.0846
220  20  0.3143  0.1682  9.0347
228  20 -0.2529 -0.0809 16.5613
236  20  0.2438  0.0137 11.2275
244  20  0.0180 -0.0370 12.8494
252  20  0.1516 -0.1131 11.6211
260  20 -0.1328  0.0695 12.3497
268  20 -0.0150  0.0540 17.1605
276  20  0.0791  0.0632 11.8521
284  20 -0.0494 -0.2067 10.4906
292  20  0.0379  0.0194 11.0435
  4  28 -0.0596 -0.0033 12.4210
 12  28  0.0011 -0.0106 12.4578
 20  28 -0.0511  0.0109 13.9092
 28  28  0.0050  0.0376 11.8926
 36  28 -0.0006  0.0152 12.3021
 44  28  0.0325 -0.0023 10.9337
 52  28  0.0039 -0.0001 10.8934
 60  28 -0.0042  0.0257 10.7445
 68  28 -0.0239 -0.0354 10.7259
 76  28 -0.0174 -0.0033  9.8244
 84  28  0.0162  0.0315  9.9370
 92  28  0.0036  0.0229 10.9773
100  28  0.0470  0.0155 16.3985
108  28 -0.0139 -0.0118 10.4665
116  28  0.0181  0.0149  9.2979
124  28 -0.0420  0.0191  8.6438
132  28  0.0007  0.0395  8.7027
140  28 -0.0082  0.0375  9.3172
148  28 -0.0019  0.0283 16.3420
156  28  0.1350  0.2228 19.0308
164  28 -0.0675  0.2071 15.4440
172  28  0.0431  0.1086 14.8720
180  28  0.0872  0.0350  9.2835
188  28 -0.0253  0.0380  8.5630
196  28 -0.0121  0.0336  8.9211
204  28 -0.0162  0.0411  9.3187
212  28 -0.0010  0.0503  9.2617
220  28  0.0138  0.0302  8.7729
228  28 -0.0032  0.0413  8.5168
236  28 -0.0332  0.0485  8.7928
244  28 -0.0161  0.0532 11.2176
252  28  0.0004  0.1043 12.1763
260  28  0.0226  0.0683 14.5751
268  28 -0.0302  0.1412 15.6016
276  28  0.0396  0.1115 10.4448
284  28  0.0059  0.0576  9.7839
292  28 -0.0229  0.0950 11.0764
  4  36 -0.0427  0.0260  7.5579
 12  36  0.0019 -0.0037  7.5456
 20  36  0.0130 -0.0248  6.6316
 28  36  0.0468  0.1589  6.2622
 36  36  0.0000  0.0000  8.3723
 44  36  0.0000  0.0000  8.5694
 52  36  0.0000  0.0000  8.3688
 60  36 -0.1720  0.1639 11.1741
 68  36 -0.0667  0.0572  9.1195
 76  36 -0.2125 -0.0187 11.2876
 84  36  0.0000  0.0441 11.1727
 92  36 -0.0029 -0.0037  9.4124
100  36 -0.1136  0.0633  9.1485
108  36 -0.2328 -0.0616  6.7304
116  36  0.1054  0.0370  6.4994
124  36 -0.1406 -0.0707 10.2400
132  36  0.1612 -0.2403 21.4440
140  36  0.0000  0.0000 14.2612
148  36  0.0039  0.0435 11.9969
156  36  0.0334  0.3716 12.2258
164  36  0.0593  0.3181 10.1266
172  36  0.0728  0.3930 15.7020
180  36  0.0237  0.0379  9.0517
188  36 -0.0100  0.0770 11.1487
196  36 -0.0053 -0.1080 12.5122
204  36 -0.1238  0.1336 13.1584
212  36  0.1086  0.1233 13.7788
220  36  0.0000  0.0000 13.3851
228  36  0.0000 -0.0736  9.7300
236  36  0.0000  0.0000  9.4208
244  36  0.0229 -0.0434 10.3955
252  36  0.3277 -0.1713 15.4010
260  36  0.0000  0.0000 11.7363
268  36 -0.0170  0.0951  8.8898
276  36 -0.0984  0.1732  7.5115
284  36 -0.0830 -0.5000  8.5018
292  36 -0.3517 -0.0411 10.9508
  4  44  0.0000  0.0000  7.3911
 12  44  0.2693  0.0982  9.7086
 20  44  0.0000  0.0000 16.2968
 28  44 -0.0848  0.0023 15.0423
 36  44  0.0972 -0.0067 10.3784
 44  44  0.0000  0.0000  9.0038
 52  44  0.0000  0.0213  8.9154
 60  44  0.1835  0.2437  6.6045
 68  44  0.0000  0.0000  8.6486
 76  44  0.0000  0.0000  0.0000
 84  44  0.0000  0.0000  0.0000
 92  44  0.0698 -0.2911 10.5124
100  44  0.0000  0.0000  0.0000
108  44  0.0000  0.0000 16.9590
116  44  0.0000  0.0000 11.1304
124  44     NaN  0.0000 17.0667
132  44  0.0000 -0.5000  8.8276
140  44  0.0000  0.5000  6.7623
148  44 -0.0045  0.0381 11.8064
156  44  0.0938  0.1853 16.5582
164  44  0.0382  0.1907 12.5672
172  44 -0.0006  0.0686 17.1499
180  44 -0.0368 -0.0065  5.8246
188  44  0.0000  0.0000 12.5902
196  44 -0.0825  0.1127  7.8769
204  44  0.0528  0.1354 10.2422
212  44 -0.0896  0.0491  8.4869
220  44  0.0000  0.0000 12.4923
228  44 -0.0207  0.1336  9.0353
236  44  0.0033  0.0664  9.5756
244  44  0.0000 -0.0357 11.0849
252  44 -0.0694 -0.0981 14.1602
260  44  0.0000  0.0000 13.3851
268  44  0.4548 -0.1436  9.5301
276  44 -0.2890  0.9344  8.7755
284  44  0.0000  0.0000  7.5529
292  44 -0.0257  0.1297 11.5757
  4  52  0.0000  0.0000  8.8660
 12  52 -0.0087 -0.1348  7.4537
 20  52  0.0000  0.1993  6.1505
 28  52  0.0000  0.0000 16.1088
 36  52  0.0000  0.0000 11.1304
 44  52  0.0000  0.0000  0.0000
 52  52  0.0000  0.0000  0.0000
 60  52  0.0000  0.0000  0.0000
 68  52  0.0000  0.0000 11.1304
 76  52  0.0000  0.0000  0.0000
 84  52  0.0000  2.5000  8.8276
 92  52  0.0000  0.0000 11.1304
100  52  0.0000  0.0000  9.2086
108  52  2.5000  0.0265 11.4627
116  52  0.0000  0.0000 12.0455
124  52 -0.2272  0.0241 12.9826
132  52  0.0000  0.0000 19.1045
140  52  0.0599 -0.0328  5.6018
148  52  0.0120  0.0349  8.0547
156  52  0.0016  0.0701  8.4266
164  52  0.0095  0.0625  8.2426
172  52 -0.0260  0.1237  7.5920
180  52  0.2733 -0.0537  6.7504
188  52  0.0000  0.1960 11.1304
196  52  0.3147 -1.2235  7.7576
204  52  0.0000 -1.5000  7.8528
212  52 -0.2623 -0.6192  7.8759
220  52  0.0731  0.1649 11.1371
228  52 -0.2765 -0.0067  9.7298
236  52 -0.1162  0.0981 11.3684
244  52  0.1081 -0.0809 13.4190
252  52 -0.1119 -0.3875  7.6516
260  52 -0.0827 -0.0186  9.7715
268  52  0.0000  0.0000 11.9665
276  52  0.0000  0.0000 11.3938
284  52  0.0721  0.0085  9.3135
292  52  0.0000  0.1295 10.1895
  4  60  0.0000  1.7251  8.5018
 12  60  0.0000  0.0000 12.6242
 20  60  0.0000  0.0000  0.0000
 28  60  0.0000  2.5000  8.8276
 36  60  0.0000  0.0000  0.0000
 44  60  0.0000  0.0000  0.0000
 52  60  0.0000  0.0000  0.0000
 60  60  0.0000  0.0000 16.1088
 68  60  0.0000  0.0000  0.0000
 76  60  0.0000  0.0000  0.0000
 84  60  0.0000  0.0000 20.7059
 92  60  0.0000  0.0000 10.5407
100  60 -0.0440  0.0328 10.6227
108  60  0.0703  0.2344 11.0481
116  60  0.0000  0.1960 11.1304
124  60  0.0000 -0.1960 11.1304
132  60 -0.0126  0.0000 11.2008
140  60 -0.5000  0.0000  8.8276
148  60 -0.9601  0.0000 11.5270
156  60 -0.0272 -0.0238 11.1899
164  60  0.2123 -0.0305  8.9248
172  60  0.1331  0.2669  9.1284
180  60  0.0000  0.0000  8.2581
188  60  0.0000  0.0000  0.0000
196  60  0.0000  0.0000  0.0000
204  60 -0.3974 -0.3331  4.3065
212  60  0.0000  0.0000 11.1304
220  60  0.0000  0.0000  0.0000
228  60  0.0000  0.0000  0.0000
236  60  0.0000  0.0000  0.0000
244  60  0.1195  1.0576  7.0137
252  60 -0.0067  0.0157  9.9006
260  60 -0.0534  0.1755 21.2677
268  60 -0.2780  0.1270 13.3759
276  60  0.0000  0.0000  8.0000
284  60  0.0272 -0.0238 11.1899
292  60  0.0546 -0.1514  8.6498
  4  68  0.0000 -1.0000  8.8276
 12  68  0.0000  0.0000  0.0000
 20  68  0.0000  0.0000 11.1304
 28  68  0.0000  0.0000  0.0000
 36  68  0.0000  4.5000  4.0635
 44  68  0.0000  0.0000 11.1304
 52  68  0.0000  2.5000  8.8276
 60  68 -0.1023 -0.0701 14.2154
 68  68  0.0000  0.0000 11.1304
 76  68 -0.0656  0.0326 15.2216
 84  68  0.0000  0.0000  9.3955
 92  68  0.0000  0.0000 17.1865
100  68  0.0000  0.0000  9.8462
108  68  0.0000  0.0000  6.8970
116  68  0.0000  0.0379 10.9807
124  68  0.0000  0.0000 16.1088
132  68  0.0000  0.0000 11.1304
140  68  0.0076 -0.1605 11.6676
148  68  0.5000  0.0000  8.4768
156  68  0.0000  0.0000  0.0000
164  68 -0.0913  0.2044 18.7317
172  68 -0.2761 -0.0806  9.3746
180  68  0.0000 -0.5000  8.8276
188  68  0.0000  2.5000  8.8276
196  68  0.0677 -0.2414 11.7124
204  68  0.0000 -0.1960 11.1304
212  68  0.0000  0.0000  0.0000
220  68  0.0000  0.0000  0.0000
228  68  0.0000  0.0000  0.0000
236  68 -0.5000  0.0000  8.8276
244  68  0.0000  0.0000  0.0000
252  68  0.0000  0.0000  0.0000
260  68  0.0674 -0.0263  8.6454
268  68  0.1294 -0.0164 10.7544
276  68  0.0000  0.0000 16.1088
284  68  0.0000  0.0000 16.1088
292  68  2.5000  0.0000  8.8276
  4  76  0.0000  0.0000  0.0000
 12  76  0.0000  0.0000  0.0000
 20  76  0.0000  0.0000 19.1045
 28  76  0.0000  0.0000 11.1304
 36  76  0.0000  0.0000  0.0000
 44  76 -0.0645 -0.5000 10.4200
 52  76  0.0000  0.0000  9.2850
 60  76 -0.5792  0.2523  8.5511
 68  76  0.2892  0.2022  9.1690
 76  76 -0.1597 -0.1000  9.3210
 84  76  0.0000  0.0000 15.6775
 92  76  0.0000  0.0000  0.0000
100  76  0.0000  0.0000 11.1304
108  76  0.0000  0.0000 17.0667
116  76 -0.5000 -0.0731  8.9510
124  76  0.0000 -0.5000  8.8276
132  76  2.5000  0.0391  9.3822
140  76  0.0000  0.0000 12.8600
148  76  0.0000  0.0000 13.1641
156  76  2.5000  0.0000  8.8276
164  76  0.4043  0.4043  8.0000
172  76  0.0000  0.0000  0.0000
180  76  0.0000  0.0000 11.1304
188  76  0.0000  0.0000 11.1304
196  76  0.1960  0.0000 11.1304
204  76  0.0000  0.0000  0.0000
212  76  0.0000  0.0000 16.1088
220  76  0.0000  0.0000  0.0000
228  76  2.3694 -0.5000  7.4084
236  76  0.0000 -0.5000  6.9189
244  76  0.0000  0.0000  0.0000
252  76  0.0000  0.0000  0.0000
260  76  0.0000  0.0000  0.0000
268  76 -0.5000  0.0000  8.8276
276  76 -0.1841 -0.0418 12.3683
284  76  2.5000  0.0000  8.8276
292  76  0.0000  0.0000 11.1304
  4  84 -0.2875  0.1417 10.3838
 12  84  0.1538 -0.4196 12.3286
 20  84  0.2259  0.0134 13.2809
 28  84  0.4043  0.4043  8.0000
 36  84 -0.1990  0.1141 17.3949
 44  84  0.0000  0.0000  9.2086
 52  84  0.1546  0.0660 18.6254
 60  84  0.0000  0.0000  9.9672
 68  84  0.2471  0.2424 11.5056
 76  84  0.0000  0.1556 12.2969
 84  84 -0.3145 -0.0264 11.0777
 92  84  0.0000  0.0000 19.1045
100  84  0.0000  0.0000 22.2609
108  84  0.0000  0.0000 16.1088
116  84  0.0331 -3.8276  9.6827
124  84 -0.1816  0.0347 11.0268
132  84  0.0867  0.1071  9.3967
140  84  0.1841 -0.0418 12.3683
148  84  0.0000  0.0000 11.1304
156  84  0.0000  0.0000 12.0628
164  84  0.0000  0.0000 12.0628
172  84 -3.3097  0.2328 11.5768
180  84 -0.5000  0.0391  9.3822
188  84  0.0000  0.0000  0.0000
196  84  0.0000 -0.5000  8.8276
204  84 -0.3290 -2.8274  8.0000
212  84  0.0000 -0.3577  9.9740
220  84  1.2058 -0.0138 12.9019
228  84  3.5000 -0.1203  5.4468
236  84  0.0000  0.0000 11.1304
244  84  0.0000  0.0000  0.0000
252  84  0.0000  0.0000  0.0000
260  84  0.0000  0.0000  0.0000
268  84  0.0000  0.0000  0.0000
276  84  4.5000  4.5000  4.0635
284  84  0.1960  0.0000 11.1304
292  84  0.0000  0.0000  0.0000
  4  92 -0.0856 -0.0515 12.4147
 12  92  0.0000  0.0000  0.0000
 20  92  0.0000  0.0000  0.0000
 28  92  0.0000  0.0000 21.6135
 36  92  0.0000  0.0000  9.2086
 44  92  0.0000  0.0000 11.1304
 52  92  0.0136  0.1807  7.9395
 60  92 -0.1140  0.1079 19.3902
 68  92  0.0000 -0.5000  8.8276
 76  92  0.0000  0.0000  8.0688
 84  92  1.5000 -1.0000  7.4357
 92  92  0.0968 -0.2055 14.3147
100  92  1.0756 -0.0431  7.0865
108  92  0.0000  0.0000  0.0000
116  92 -0.1180  2.5000  9.2850
124  92  0.3577 -0.5000 13.4737
132  92  0.0000  2.5000  8.8276
140  92 -0.0698  0.2911 10.5124
148  92  0.0000  0.0000  0.0000
156  92  0.0000  0.0000  0.0000
164  92  0.0000  0.0000  0.0000
172  92 -0.5000  2.1375  8.5593
180  92  0.0000  0.0000  0.0000
188  92  0.0000  0.0000  0.0000
196  92  0.0000  0.0000  0.0000
204  92  0.1180  2.5000  9.2850
212  92  0.0000  0.0000  0.0000
220  92  0.0000  0.0000 11.1304
228  92 -4.5000 -0.1174 13.8795
236  92  0.2093 -0.0299 13.0089
244  92  0.0000  0.0000 11.1304
252  92  0.0000  0.0000  0.0000
260  92  0.0000  0.0000  0.0000
268  92  0.0000  0.0000  0.0000
276  92  0.0000  0.0000  0.0000
284  92  0.1313 -0.0812 16.9211
292  92  0.0000  0.0000  0.0000
  4 100  0.0000  0.0000 11.1304
 12 100 -0.5000 -0.1588 10.5785
 20 100 -0.0192  0.1864 11.8154
 28 100  0.0000  0.0000  9.2086
 36 100  0.0000  0.0000 16.1088
 44 100  0.0574 -0.2191 10.3835
 52 100 -0.2003 -0.0325 12.0532
 60 100  0.2826  0.4149  6.8392
 68 100  0.0000  0.5000  7.8528
 76 100  0.0000  0.0000  0.0000
 84 100  0.0000  0.0000 11.1304
 92 100 -0.5000  0.0000  8.8276
100 100  0.0000  0.0000  0.0000
108 100  0.0000 -0.5000  8.8276
116 100  0.0000  2.5000  8.8276
124 100  0.0000  2.5000  8.8276
132 100 -0.3449 -0.2259  9.1541
140 100  0.0000  0.0000  9.4208
148 100  0.0000  0.0000  0.0000
156 100  0.0145  0.0637 12.1798
164 100  0.0000  0.0000  0.0000
172 100  0.0000  0.0000  0.0000
180 100  0.0000  2.5000  8.8276
188 100  0.0000  0.0000  0.0000
196 100  0.0000  0.0000  0.0000
204 100  2.5000  0.0000  8.8276
212 100 -0.5000 -0.1180  9.2850
220 100  0.0000  0.0000  0.0000
228 100 -5.3732  0.3694 10.3318
236 100  2.7367  1.2563 11.5181
244 100  0.0000  0.0000 16.1088
252 100 -0.5000  0.0000  8.8276
260 100  0.0000  0.0000  0.0000
268 100  4.5000 -0.1174 13.8795
276 100 -0.5000  0.0000  8.8276
284 100  0.0000  0.0000 11.1304
292 100  0.0000  0.0000 11.1304
  4 108  0.0000  0.0000 16.6957
 12 108  0.1326 -1.1737  7.4648
 20 108  0.0000  0.0000  0.0000
 28 108  0.0000  0.0000 11.1304
 36 108 -0.0308 -0.1823 13.1845
 44 108 -0.1717 -0.4043 10.4490
 52 108  0.0000  0.0000 22.2609
 60 108  0.0000  0.0000  0.0000
 68 108  0.0000  0.0000  0.0000
 76 108  0.0000  0.0000 16.1088
 84 108  0.0000  0.0000  0.0000
 92 108  0.0000  0.0000  0.0000
100 108  0.0000  0.0000 11.1304
108 108  0.0000  0.0000 11.1304
116 108 -0.0898 -0.1423  8.9510
124 108  0.1097  0.3891  5.5288
132 108  0.0891  0.1275 10.0267
140 108 -1.1838 -0.5000  7.5779
148 108 -1.5000 -0.5000  7.4357
156 108  0.0000  0.0000 13.0803
164 108  0.0000  0.0000  0.0000
172 108  0.0000 -0.5000  8.8276
180 108  5.1203 -0.5000  5.4468
188 108  0.0000  0.0000 11.1304
196 108  0.0000  0.0000  0.0000
204 108  0.0000  0.0000  0.0000
212 108 -0.5000 -0.5000  4.0635
220 108  0.1960  0.0000 11.1304
228 108 -0.0382 -0.1028 16.6166
236 108  0.0000  0.0000  0.0000
244 108  1.5000  0.0000  8.2581
252 108  2.5000 -0.5000  4.0635
260 108  0.0000  0.0000 16.1088
268 108  0.0000  0.0000 16.1088
276 108 -0.0391     NaN  9.3822
284 108  0.0000  0.0000 11.1304
292 108  0.0000  0.0000  0.0000
  4 116 -0.1174  1.0000  5.2483
 12 116  0.0000  0.0000 11.1304
 20 116  0.0000  0.0000  0.0000
 28 116  2.5000  0.0000  8.8276
 36 116  0.0000  0.0000  0.0000
 44 116 -0.2414  0.0000 11.1304
 52 116  0.0000  0.0000  8.0000
 60 116  0.0000  0.0000 11.1304
 68 116  0.0000  0.0000 16.1088
 76 116  0.0000  0.0000 11.1304
 84 116 -0.0418  0.1521 12.6567
 92 116  0.0000  0.0000 11.1304
100 116  0.0610  0.5000  7.7665
108 116  0.0000  0.0000  0.0000
116 116  0.0557  0.0193 15.2661
124 116 -0.0447  0.1828 11.1727
132 116 -0.4130  0.3679  7.6027
140 116  0.0000  0.0000  8.2581
148 116 -1.5000  0.0000  8.2581
156 116  0.2730  0.0000 10.6474
164 116  0.0000  0.0000  0.0000
172 116  0.0000  0.0000  0.0000
180 116  0.0000  0.0000  0.0000
188 116  0.0000  0.0000 11.1304
196 116  2.5000  2.7620  9.9740
204 116  0.0000  0.0000 11.1304
212 116  0.0000  0.0000  0.0000
220 116  2.5000  0.0000  8.8276
228 116 -2.8274 -0.3035  7.6077
236 116  0.0000  0.0000  0.0000
244 116  0.0000  0.0000  0.0000
252 116  0.0000  0.0000  0.0000
260 116  0.0000  0.0000  0.0000
268 116  2.5000  0.0000  8.8276
276 116  0.0000  0.0000 16.1088
284 116  0.0000  0.0000  0.0000
292 116  0.0000  0.0000  0.0000
  4 124  0.0000  0.0000  0.0000
 12 124  0.0000  0.0000  0.0000
 20 124  0.0000  0.0000  0.0000
 28 124  0.0000  0.0000 17.2183
 36 124  0.7444  0.0646 12.1081
 44 124  0.3487  4.6869  7.6077
 52 124 -0.3212 -1.5000  8.2444
 60 124  0.0000  0.0000  0.0000
 68 124  0.0000  0.0000  0.0000
 76 124  0.0000  2.0000 11.1304
 84 124  0.0000 -0.5000  8.8276
 92 124  0.0000  0.0000  0.0000
100 124  0.0630 -0.1897 10.8534
108 124  0.0000  0.0000  0.0000
116 124  0.0000  0.0000 13.7892
124 124  0.0000  0.0000  0.0000
132 124  0.0000  2.5000  8.8276
140 124  0.0000  0.0000  0.0000
148 124  0.0000  0.0000 11.1304
156 124  0.2730  0.0000 10.6474
164 124 -0.5000  0.0000 11.1304
172 124  0.0000  0.0000 11.1304
180 124  0.0000  0.0000  0.0000
188 124  0.0000  0.0000  0.0000
196 124  0.0000  0.0000  0.0000
204 124  0.0000  0.0000  0.0000
212 124  0.0000  0.0000  0.0000
220 124 -0.5000  0.0000  8.8276
228 124  0.0000 -0.5000  8.8276
236 124  0.0000  0.0000 11.1304
244 124  0.0000  0.0000  0.0000
252 124  0.0000  0.0000  0.0000
260 124  0.0000  0.0000  0.0000
268 124  0.0000  0.0000  0.0000
276 124 -0.0418 -0.1521 12.6567
284 124  0.0000  0.0000 19.1045
292 124  0.0000  0.0000  0.0000
  4 132 -1.0492  0.0305 12.6667
 12 132 -0.5000  0.0000  8.8276
 20 132  0.3309 -0.0637  7.1846
 28 132  0.0000  0.0000  0.0000
 36 132  2.5000  0.0000  8.8276
 44 132 -0.0418  0.1521 12.6567
 52 132  0.0000  0.0000  0.0000
 60 132  0.0000  0.0000 11.1304
 68 132  0.0000  0.0000 11.1304
 76 132  0.0000  0.0000  0.0000
 84 132 -0.3095  0.2269  6.1440
 92 132  0.0000  0.0000 16.1088
100 132  0.2246 -0.1162 14.0985
108 132     NaN -0.0618  9.8694
116 132  0.0000  0.0000 19.1045
124 132  0.0000  0.0000  0.0000
132 132  0.0000  0.0000 16.1088
140 132  0.0000  0.0000  0.0000
148 132  0.0000  0.0000  0.0000
156 132  0.2494 -0.0599  9.5231
164 132  0.0000  0.0000  0.0000
172 132  0.0000  0.0000  0.0000
180 132  0.0000  0.0000 11.1304
188 132  0.0000  0.0000  0.0000
196 132  0.0000  0.0000  0.0000
204 132  0.0000  0.0000  0.0000
212 132  0.0000  0.0000  6.1440
220 132  0.0000 -0.1960 11.1304
228 132  0.1841  0.0418 12.3683
236 132  0.0000  0.0000  0.0000
244 132  0.0000  0.0000  0.0000
252 132  0.0000  0.0000  0.0000
260 132  0.0000  0.0000 11.1304
268 132  0.0000  0.0000  0.0000
276 132  0.0000  0.0000 11.1304
284 132 -0.1960  0.0000 11.1304
292 132  0.0000  0.0000  0.0000
  4 140  0.0000  0.0000  0.0000
 12 140  0.0000  0.0000  0.0000
 20 140  0.0000  0.0000  0.0000
 28 140  0.0000  0.0000  0.0000
 36 140  0.6907  0.2991  8.0688
 44 140  0.0000  0.0000 16.1088
 52 140  0.0000 -0.5000  8.8276
 60 140  0.0000  0.0000  0.0000
 68 140  0.0000  0.0000  8.2581
 76 140  0.0218 -0.2266 12.8350
 84 140 -0.0418  0.1521 12.6567
 92 140  0.0000  0.0000 11.1304
100 140  0.5000  0.0000 11.1304
108 140  0.0000  0.0000  0.0000
116 140  0.0000  0.0000 16.1088
124 140  0.0000  0.0000 11.1304
132 140  0.0000  0.0000  0.0000
140 140  0.0000  0.0000  0.0000
148 140  0.0000  0.0000  0.0000
156 140  0.4025 -0.5000  7.3745
164 140  0.1164  2.5000  7.6040
172 140  0.0000  0.0000  0.0000
180 140  0.0000  0.0000 11.1304
188 140  2.5000  0.0000  8.8276
196 140 -0.5000  0.0000  8.8276
204 140  0.0000  0.0000  0.0000
212 140  0.0000  0.0000  0.0000
220 140  0.0000  0.0000  0.0000
228 140 -0.1313 -0.0812 16.9211
236 140  0.1841  0.0418 12.3683
244 140  0.0000  0.0000 11.1304
252 140  0.0000  0.0000 11.1304
260 140  0.0000  0.0000 11.1304
268 140  2.5000  0.0000  8.8276
276 140 -1.5000  0.0000  8.2581
284 140  0.0000  0.0000 11.1304
292 140  0.0000  0.0000  0.0000
  4 148  0.0000  0.0000  0.0000
 12 148  0.0000  0.0000  0.0000
 20 148  0.0000  0.0000  0.0000
 28 148  0.3572  0.2520 11.1988
 36 148  0.1399 -0.0593  7.3827
 44 148  0.0000  2.5000  8.8276
 52 148  0.0000  0.0000  0.0000
 60 148  0.0000  0.0000  0.0000
 68 148 -0.1244  0.0375 16.8192
 76 148  4.5000 -4.7609  8.2581
 84 148  0.0000  0.0000 12.0628
 92 148  0.0000  0.0000  0.0000
100 148  0.0000  0.0000  0.0000
108 148  0.0000  0.0000  0.0000
116 148  0.0000  0.0000 11.1304
124 148  0.0000  0.0000 16.1088
132 148  0.0000  0.0000  0.0000
140 148  0.0000  0.0000  0.0000
148 148  0.0000  0.0000  0.0000
156 148  0.0000  0.0000 11.1304
164 148  0.0000  0.0000  0.0000
172 148  0.0000  0.0000  0.0000
180 148  0.0000 -0.5000  8.8276
188 148  1.0000  0.0000  9.2850
196 148  0.0000  0.0000  0.0000
204 148  0.0000  0.0000 19.1045
212 148 -0.5000 -0.0991 10.1020
220 148  0.2849  1.0000 13.1959
228 148  0.0000  0.0000  0.0000
236 148  2.5000  0.0000  8.8276
244 148  0.0000  0.0000 16.1088
252 148  0.0000  0.0000 16.1088
260 148  0.0000  0.0000 22.2609
268 148  0.0000  0.0000  0.0000
276 148  0.0000  0.0000  0.0000
284 148  0.0000  0.0000 11.1304
292 148  0.0000  0.0000  0.0000
  4 156  0.0000  0.0000 11.1304
 12 156  0.0000  0.0000  0.0000
 20 156 -0.3001  0.1699  8.3799
 28 156  0.0000  0.0000  0.0000
 36 156  0.0000  0.0000  0.0000
 44 156  0.0000  0.0000 11.1304
 52 156 -1.0000  2.5000  6.9531
 60 156  0.0000  0.0000  0.0000
 68 156 -0.0548  0.0000 10.1947
 76 156  0.0000 -0.5000  8.8276
 84 156  0.0000  0.0000 12.0455
 92 156  0.0000  0.0000 11.1304
100 156  0.0000  0.0000  0.0000
108 156  0.1960  0.0000 11.1304
116 156  0.0000  0.0000 16.1088
124 156  0.0000  0.0000  0.0000
132 156  0.0000  0.0000  0.0000
140 156  0.0000  0.0000 11.1304
148 156  0.0000  0.0000 11.1304
156 156  0.0000  0.0000 11.1304
164 156  0.1760  0.0000 15.0588
172 156  0.0000  0.0000  0.0000
180 156  0.0000  0.0000 11.1304
188 156  0.0000  0.0000  0.0000
196 156  0.0000  0.0000 11.1304
204 156  0.0000  0.0000  0.0000
212 156  0.2907  0.0403 10.5761
220 156 -0.0587  2.7447  8.3234
228 156  0.0000  0.0000  0.0000
236 156  0.0000  0.0000  0.0000
244 156  0.0000  0.0000  0.0000
252 156  0.0000  0.0000  0.0000
260 156 -4.1707  2.5981 12.3527
268 156  0.0000  0.0000 16.1088
276 156 -0.5000  0.0000  8.8276
284 156  0.0000  0.0000  0.0000
292 156  0.0000  0.0000  0.0000
  4 164  0.0000  0.0000 11.1304
 12 164  0.0000  0.0000 11.1304
 20 164  0.0000  0.0000 16.1088
 28 164  0.0000  0.0000 22.2609
 36 164  0.0000  0.0000  0.0000
 44 164  0.0000  0.0000  0.0000
 52 164 -4.5000 -0.1174 13.8795
 60 164  0.0585  0.2413 13.6170
 68 164 -2.0761  0.1459 14.3598
 76 164 -0.1960 -0.5000 11.1304
 84 164 -1.3070  0.0337 12.4709
 92 164  0.0000  0.0000 11.1304
100 164  0.0000  0.0000 11.1304
108 164  0.0561  0.2765  9.5419
116 164  0.0000  0.0000 11.1304
124 164  0.0000  0.0000  0.0000
132 164  0.0000  0.0000  0.0000
140 164  0.0000  0.0000 19.1045
148 164  0.0000  0.0000 11.1304
156 164  0.0000  0.0000 11.1304
164 164 -0.0698 -0.2911 10.5124
172 164  0.0000  0.0000  0.0000
180 164  0.0832 -0.3131  9.8462
188 164  0.0000  0.0000  0.0000
196 164  0.0000  0.0000 11.1304
204 164  0.0000  0.0000  0.0000
212 164  0.0000  0.0000  0.0000
220 164  0.0000  0.0000  0.0000
228 164  0.0000  0.0000  0.0000
236 164  0.0000  0.0000  0.0000
244 164  0.0000  0.0000 11.1304
252 164  0.0000  0.0000 16.1088
260 164 -0.4043  0.4043  8.0000
268 164  0.0000  0.0000 19.1045
276 164  0.0000  0.0000  0.0000
284 164  0.0000  0.0000  0.0000
292 164  0.0000  0.0000  0.0000
  4 172  0.0000  0.0000  0.0000
 12 172  0.0000  0.0000  0.0000
 20 172  0.0000  0.0000 11.1304
 28 172  0.0000  2.5000  8.8276
 36 172  0.0000 -0.5000  8.8276
 44 172 -0.4383  0.3820  6.8048
 52 172 -0.0851 -0.0338  7.8078
 60 172  0.8247  0.0000  7.8596
 68 172 -0.1960  0.0000 11.1304
 76 172  0.4043  0.4043  8.0000
 84 172  0.0000  0.0000  0.0000
 92 172  0.0000  0.0000  0.0000
100 172  0.0000  0.0000 19.1045
108 172  0.0000 -0.5000  8.8276
116 172  0.0000  0.0000  0.0000
124 172  0.0000  0.0000  0.0000
132 172  0.0000  0.0000  0.0000
140 172 -0.2221     NaN  9.5908
148 172  0.0000 -0.5000  8.8276
156 172  0.0000  0.0000  0.0000
164 172  0.1401 -0.2399 12.1506
172 172  0.0000  0.0000  0.0000
180 172  0.0000 -0.5000  8.8276
188 172  0.0000  0.0000 11.1304
196 172  0.0000  0.0000  0.0000
204 172  0.1113  1.6014 11.9803
212 172  0.0000  0.0000 11.1304
220 172  0.0000  0.0000  0.0000
228 172  0.0000  0.0000  0.0000
236 172  2.5000 -0.5000  4.0635
244 172  0.0000  0.0000  0.0000
252 172  0.0000  0.0000  0.0000
260 172  0.0000  0.0000 16.1088
268 172  0.0000  0.0000  0.0000
276 172  0.0000  0.0000  0.0000
284 172  0.0000  0.0000  0.0000
292 172  0.0000  0.0000  0.0000
  4 180  0.0000  0.0000  0.0000
 12 180  0.0000  0.0000  0.0000
 20 180  0.0698 -0.2911 10.5124
 28 180  0.0000  2.5000  8.8276
 36 180 -2.7048  4.5589 15.1864
 44 180  0.0502  0.0963  9.0919
 52 180  0.2552  0.0870  8.6593
 60 180  1.1363  0.1769  5.9535
 68 180  0.0000 -0.5000  8.8276
 76 180 -1.5000  0.0000  8.2581
 84 180  0.1960  2.5000 11.1304
 92 180  0.0000  0.0000 11.1304
100 180  0.0000  0.0000 16.1088
108 180  0.0000  0.0000 11.1304
116 180  0.0000  0.0000  0.0000
124 180  0.1960 -0.5000 11.1304
132 180  0.0000  0.0000 16.1088
140 180  0.0634 -0.0922 12.5396
148 180 -0.1960  0.0000 11.1304
156 180  0.0000  0.0000  0.0000
164 180  0.0000  0.0000 12.0628
172 180  0.0000  0.0000 11.1304
180 180  0.0000  2.5000  8.8276
188 180  0.0698  0.2911 10.5124
196 180  0.0000  0.0000  0.0000
204 180  0.0000  0.0000  0.0000
212 180  0.0000  0.0000  0.0000
220 180  0.0000  0.0000  0.0000
228 180  0.0000  0.0000  0.0000
236 180  0.0000  0.0000  0.0000
244 180  0.0000  0.0000 11.1304
252 180  0.0000  0.0000  0.0000
260 180  0.0000  0.0000  0.0000
268 180  0.0000  0.0000  0.0000
276 180  0.0000  0.0000  0.0000
284 180  0.0000  0.0000  0.0000
292 180  0.0000  0.0000  0.0000
  4 188  0.0000  0.0000  0.0000
 12 188  0.3732  0.3694 10.3318
 20 188  0.0000  2.5000  8.8276
 28 188  0.0000  0.0000  0.0000
 36 188  0.0000  0.0000  0.0000
 44 188 -0.2830  1.5000 10.4490
 52 188 -0.2155 -0.1345  9.8767
 60 188  0.0000  0.1063  6.9728
 68 188  0.0000  0.0000 16.1088
 76 188  0.0000  0.0000 16.1088
 84 188  0.0000  0.0000 11.1304
 92 188  0.0000  0.0000 11.1304
100 188  0.0000  0.1063  6.9728
108 188  0.0000  0.0000 11.1304
116 188 -0.1180  2.5000  9.2850
124 188 -0.1960  0.0000 11.1304
132 188  0.0000  0.0000 11.1304
140 188  0.1068  0.5000 14.1617
148 188 -0.1960  0.0000 11.1304
156 188  0.0000  0.0000  0.0000
164 188 -0.1180 -0.5000  9.2850
172 188  0.0000  0.0000  0.0000
180 188  0.0000  0.0000 11.1304
188 188  0.0000  0.0000 12.0628
196 188  0.0000  0.0000 11.1304
204 188  0.0000  0.0000  0.0000
212 188  0.0000  0.0000  0.0000
220 188  0.0000  0.0000  0.0000
228 188  0.0000  0.0000  0.0000
236 188  0.0000  0.0000  0.0000
244 188  0.0000  0.0000  0.0000
252 188  0.0000  0.0000  0.0000
260 188  0.0000  0.0000  0.0000
268 188  0.0000  0.0000  0.0000
276 188  0.0000  0.0000  0.0000
284 188  0.0000  0.0000  0.0000
292 188  0.0000  0.0000  0.0000
  4 196  0.0000  0.0000  0.0000
 12 196 -0.0418  0.1521 12.6567
 20 196  4.5000 -0.5000  4.0635
 28 196  0.0000  0.0000  0.0000
 36 196  0.0000  0.0000  0.0000
 44 196 -0.1043 -0.1202 12.2296
 52 196  2.7933 -0.5000 13.4737
 60 196  0.0000  0.0000 16.1088
 68 196  0.0000 -0.5000  8.8276
 76 196  0.0000  0.0000  0.0000
 84 196  0.0000  0.0000  0.0000
 92 196  0.0000  0.0000  0.0000
100 196  0.0698 -0.2911 10.5124
108 196  0.0000 -0.5000  8.8276
116 196 -1.1363 -0.1769  5.9535
124 196  0.1180 -0.5000  9.2850
132 196 -0.5000  0.5000  7.8168
140 196  0.1164 -1.0000  7.6040
148 196  0.0698  0.2911 10.5124
156 196  0.0000  0.0000  0.0000
164 196  0.0000  0.0000 11.1304
172 196  1.3423  1.5000  7.4960
180 196  0.0000  0.0000  0.0000
188 196  0.0000  0.0000 11.1304
196 196  0.2802 -0.0546 12.7691
204 196  0.0000  0.0000  0.0000
212 196  0.0000  0.0000  0.0000
220 196  0.0000  0.0000  0.0000
228 196  0.0000  0.0000  0.0000
236 196  0.0000  0.0000  0.0000
244 196  0.0000  0.0000  0.0000
252 196  0.0000  0.0000  0.0000
260 196  0.0000  0.0000  0.0000
268 196  0.0000  0.0000  0.0000
276 196  0.0000  0.0000  0.0000
284 196  0.0000  0.0000  0.0000
292 196  0.0000  0.0000 11.1304
  4 204  0.0000  0.0000 11.1304
 12 204 -0.1960  0.0000 11.1304
 20 204  0.0000  0.0000  0.0000
 28 204  0.0000  0.0000  0.0000
 36 204 -0.2847  2.5000 11.1304
 44 204 -1.1838  2.5000  7.5779
 52 204  0.0000  0.0000 11.1304
 60 204  0.0000 -0.1820 11.3219
 68 204  0.0000  2.5000  8.8276
 76 204  0.0000  0.0000 11.1304
 84 204  0.0000  0.0000  0.0000
 92 204  0.0000  0.0000 11.1304
100 204  0.0000  2.5000  8.8276
108 204 -0.1180  2.5000  9.2850
116 204  2.5000  4.5000  4.0635
124 204  0.1960  0.0000 11.1304
132 204  0.0610 -0.5000  7.7665
140 204  0.0000  0.0000  0.0000
148 204  0.2415 -0.5000  9.3091
156 204  0.0000 -0.5000  8.9154
164 204  0.0200 -0.5000  8.5235
172 204  0.0000  0.0000  0.0000
180 204  0.0000  0.0000  0.0000
188 204  0.0000  0.0000  0.0000
196 204  0.0000  0.0000 12.0628
204 204  0.0000  0.0000  0.0000
212 204  0.0000  0.0000 11.1304
220 204  0.0000  0.0000  0.0000
228 204  0.0000  0.0000  0.0000
236 204  0.0000  0.0000  0.0000
244 204  0.0000  0.0000  0.0000
252 204  0.0000  0.0000  0.0000
260 204  0.0000  0.0000  0.0000
268 204  0.0000  0.0000  0.0000
276 204  0.0000  0.0000  0.0000
284 204  0.0000  0.0000 16.1088
292 204  0.0000  4.5000  4.0635
  4 212  0.0000  0.0000 11.1304
 12 212 -0.5000 -1.8890  8.4253
 20 212  0.3127  0.1061  9.8739
 28 212 -0.3732  0.3694 10.3318
 36 212  0.0000  0.0000 12.0455
 44 212  0.0000  0.0000  0.0000
 52 212  0.1841 -0.0418 12.3683
 60 212  2.5000  0.0000  8.8276
 68 212  0.0000  0.0000  0.0000
 76 212  0.0000  0.0000  0.0000
 84 212  0.0000  0.0000  0.0000
 92 212  0.0000  0.0000 11.1304
100 212  0.0000 -0.5000  8.8276
108 212  0.0000 -0.5000  8.8276
116 212  0.5000  0.0000  8.4768
124 212  0.0000  2.5000  8.8276
132 212 -1.2697  0.0000  8.6646
140 212  0.0000  0.0000  0.0000
148 212 -1.1738  2.0582  9.2086
156 212  0.0000  0.0000  0.0000
164 212 -0.0698  0.2911 10.5124
172 212  0.0000  0.0000 11.1304
180 212  0.0000  0.0000  0.0000
188 212  0.0000  0.0000 11.1304
196 212  0.0000  0.0000 16.1088
204 212 -0.0391     NaN  9.3822
212 212  0.0000  0.0000 11.1304
220 212  0.0000  0.0000  0.0000
228 212  0.0000  0.0000  0.0000
236 212  0.0000  0.0000  0.0000
244 212  0.0000  0.0000  0.0000
252 212  0.0000  0.0000  0.0000
260 212  0.0000  0.0000  0.0000
268 212  0.0000  0.0000  0.0000
276 212  0.0000  0.0000  0.0000
284 212  2.5000  0.0000 11.1304
292 212  0.0000  0.0000 19.1045
  4 220  0.0000  0.0000  0.0000
 12 220  0.0000  0.0000  0.0000
 20 220  0.0000  0.0000  0.0000
 28 220  0.0698 -0.2911 10.5124
 36 220 -0.5000 -0.5000  7.4160
 44 220  0.1841 -0.0418 12.3683
 52 220  2.5000  0.0000  8.8276
 60 220  0.0000  0.0000 11.1304
 68 220  0.0000  0.0000  0.0000
 76 220  0.0000  0.0000 11.1304
 84 220  0.0000  0.0000  0.0000
 92 220  0.1313 -0.0812 16.9211
100 220  0.0000  2.5000  8.8276
108 220  0.0000  0.0000 11.1304
116 220  4.5000 -0.5000  4.0635
124 220  0.0000  0.0000  0.0000
132 220  0.0000  0.0000  9.1555
140 220  0.0000  0.0000  0.0000
148 220  0.0000 -0.5000  8.8276
156 220  0.0000 -0.5000  8.8276
164 220 -0.1960  0.0000 11.1304
172 220  0.0000  0.0000  0.0000
180 220  0.0000  0.0000  0.0000
188 220  0.0000  0.0000  0.0000
196 220  0.0000  0.0000 11.1304
204 220  0.1556  0.0000 12.2969
212 220  0.0000  0.0000  0.0000
220 220  0.0000  0.0000  0.0000
228 220  0.0000  0.0000  0.0000
236 220  0.0000  0.0000  0.0000
244 220  0.0000  0.0000  0.0000
252 220  0.0000  0.0000  0.0000
260 220  0.0000  0.0000  0.0000
268 220  0.0000  0.0000  0.0000
276 220  0.0000  0.0000 16.1088
284 220  2.5000 -0.5000  4.0635
292 220  0.0000  0.0000  8.2581
