VARIABLES= "X pix", "Y pix", "U pix/dt", "V pix/dt", "CHC", ZONE I=28, J=37
  4   4  0.0000  0.0000 11.5553
 12   4 -0.0033 -0.0301 10.6770
 20   4 -0.0997 -0.0455 10.3318
 28   4  0.0000 -0.1790  9.7959
 36   4  0.0000 -0.1991  9.5518
 44   4  0.0000 -0.1699  9.7910
 52   4  0.0000 -0.1699  9.7910
 60   4  0.0107 -0.0511 10.3316
 68   4  0.0000  0.0761 10.4904
 76   4  0.0000  0.0634 10.4508
 84   4  0.0337  0.0068 11.0005
 92   4 -0.0055  0.0212 11.2663
100   4  0.0441 -0.0464 11.4087
108   4  0.0000 -0.0127 11.4056
116   4  0.0000  0.0209 11.8613
124   4  0.0000  0.0000 11.7754
132   4  0.0000  0.0286 12.1954
140   4  0.0000  0.0286 12.1954
148   4 -0.0387  0.0167 12.2531
156   4  0.0000  0.0286 12.1954
164   4  0.0443  0.0146 11.8794
172   4  0.0000  0.0000 12.0038
180   4  0.0000  0.0168 11.8880
188   4  0.0366  0.0532 10.5016
196   4 -0.0248  0.0347 11.3814
204   4 -0.0594 -0.0180 12.4861
212   4 -0.2064 -0.3804  9.0473
220   4  0.1658  0.0859 11.7716
228   4 -0.1451  0.0889 11.0901
236   4 -0.0694  0.2172  9.8421
244   4  0.0478  0.2483 10.0611
252   4  0.0000  0.0856 11.0697
260   4  0.1147 -0.0074 12.3953
268   4  0.0141 -0.1401 11.7638
276   4 -0.0097 -0.1223 13.8532
284   4  0.0166  0.0082 13.0923
292   4  0.0071 -0.0678 12.5835
  4  12  0.2995 -1.1528  8.2581
 12  12  0.0000  1.4111 11.7481
 20  12  0.0000  2.0000 17.0667
 28  12  0.3546  2.5000  9.6144
 36  12  0.0000  2.5805 10.4065
 44  12 -0.0594  1.3331 10.9194
 52  12 -0.1435 -0.1703  9.7823
 60  12 -0.1080  0.9659  7.1697
 68  12  0.0735 -1.1023  7.6523
 76  12  0.0000 -2.6675  7.8528
 84  12  0.0000 -1.7434  9.6034
 92  12  0.0000 -2.7877 10.3519
100  12 -1.6070  2.2123  5.5963
108  12  0.0000 -2.9097  7.6418
116  12 -0.1090 -2.5043  7.7233
124  12  0.0000 -2.6339  8.0553
132  12  0.0071 -2.6738  7.8557
140  12 -0.1076 -2.2755  8.0311
148  12  0.0000 -2.2909  8.3227
156  12  0.4818  0.3416 10.0336
164  12     NaN  0.2587 12.1778
172  12 -0.1603 -2.6401  7.2601
180  12  0.0756 -3.6407  7.5890
188  12 -0.1124 -3.3272  7.4507
196  12  0.1035 -3.1444  8.5177
204  12  0.2501 -2.7545 10.0422
212  12  0.0236  0.6090  9.0674
220  12  0.0633 -3.3261  7.7010
228  12  0.1274 -3.3167  8.3041
236  12  0.2377 -3.6476  8.9154
244  12 -0.0900 -2.6835  9.3905
252  12 -0.0210 -3.1876 10.9102
260  12  0.1685 -3.3500  8.9593
268  12  0.0000 -2.8615  9.6865
276  12  0.1278 -2.1702  7.8578
284  12  0.1208 -2.0848  9.8898
292  12  0.0430 -1.8092  8.8605
  4  20  0.0210 -0.0345  9.0076
 12  20  0.0000  0.0000  8.8520
 20  20  0.1427 -0.0797  9.0355
 28  20 -0.0987 -0.4365  7.4109
 36  20  0.0592 -0.3368  7.4396
 44  20  0.0000  0.0000  1.0000
 52  20  0.0000  0.0000  1.0000
 60  20  0.0000  6.3259  7.7040
 68  20  0.0504  6.2590  8.4193
 76  20  0.0352  6.1046 10.3721
 84  20  0.0826  6.1312  8.2871
 92  20  0.1330  6.0943  6.6856
100  20  0.2925 -3.6760  9.8936
108  20  0.1011  6.1679 12.2010
116  20 -0.0529  5.9377 12.0566
124  20  0.0351  6.0633 12.0286
132  20 -0.0897  5.8727 11.5927
140  20  0.0430  6.1007 12.4683
148  20 -0.4430  6.0763 12.4257
156  20 -1.9102  3.7877 11.4181
164  20  0.3603 -2.5863 12.5143
172  20 -0.4891  5.6303  9.9832
180  20  0.0000  0.0000  1.0000
188  20  0.0000  0.0000  1.0000
196  20  0.0000  0.0000  1.0000
204  20  0.0000  0.0000  1.0000
212  20  0.0000  0.0000  1.0000
220  20 -0.1203 -0.0166  6.7445
228  20  0.4463 -0.0752  9.4331
236  20  0.0514 -0.3577 11.1953
244  20  0.2845  0.1368  8.8623
252  20 -1.2285 -0.2821  7.7184
260  20  0.2926 -0.4279 10.9077
268  20  0.0639 -0.2797 12.9491
276  20  0.0099 -0.0729  8.8107
284  20  0.0000  0.0000  1.0000
292  20 -0.0526  4.9533  9.4006
  4  28 -0.1537 -0.0746 11.7290
 12  28 -0.0674  0.9660 10.9915
 20  28 -0.0393 -0.0830 12.1114
 28  28 -0.0043 -0.2548  9.3152
 36  28 -0.0341 -0.3667  8.8324
 44  28 -0.0497 -0.2628  8.5559
 52  28 -0.0391 -0.3625  8.1540
 60  28  0.0000 -0.3206  7.9298
 68  28  0.0345 -0.1044  8.7039
 76  28  0.0078 -0.2095  7.9475
 84  28 -0.0112 -0.2915  7.5183
 92  28  0.2199 -0.1745  8.4055
100  28 -0.0901 -0.3460  8.9396
108  28 -0.3310 -0.0929  8.5789
116  28  0.2073  0.0165  8.8148
124  28 -0.1176 -0.2668  7.4868
132  28  0.0028 -0.2397  6.0996
140  28  0.0588 -1.8338  6.2990
148  28  0.0060 -1.0018 10.8092
156  28 -2.3527  4.3172 13.3869
164  28 -0.0631  3.5593 18.9097
172  28 -2.0584 -0.0490  9.2210
180  28  0.2964 -0.2334  7.4917
188  28 -0.0022 -0.0668  7.9009
196  28 -0.0722 -0.1834  7.7981
204  28  0.0099 -0.3357  7.3812
212  28  0.0022 -0.3127  7.3269
220  28 -0.1019 -0.1934  6.9379
228  28 -0.0070 -0.3474  6.3759
236  28  0.0253 -0.2611  7.3171
244  28  0.1749 -0.3687  7.4172
252  28 -0.0296 -0.4277  7.3708
260  28  0.1566 -0.3777  8.3184
268  28 -0.0852 -0.4568  9.0078
276  28 -0.1028 -0.2776  8.1915
284  28  0.0197 -0.4148  7.3718
292  28  0.0265 -0.4411  7.3477
  4  36  0.0208  0.2402  7.0926
 12  36  0.0465 -0.0330  5.8753
 20  36  0.2692  0.2082  6.4140
 28  36  0.1990  1.1990  7.3042
 36  36  0.0299  0.2719  8.9585
 44  36 -0.0516 -0.0192  7.6698
 52  36  0.0956 -0.0308 14.3646
 60  36  0.0719  0.2021 12.7092
 68  36 -0.0481  0.0129  9.2594
 76  36 -0.2048 -0.3323 10.0228
 84  36 -0.3062 -0.0388  9.5565
 92  36 -0.3343  0.0000  6.7911
100  36 -0.0888 -3.7902  7.4790
108  36  0.0000  0.0000  0.0000
116  36 -0.1069  1.5000  6.6693
124  36  0.0000  0.0000  0.0000
132  36  0.0000  0.0000  0.0000
140  36  0.0000  0.0000  0.0000
148  36  0.0708  0.0264 10.7553
156  36  0.3287 -3.3662  9.6626
164  36 -0.0985 -3.3809  7.3378
172  36  0.3740 -3.4261 12.0709
180  36  0.0972 -0.3401  6.7052
188  36  0.1787 -0.4568  7.7576
196  36 -0.0533 -0.2834 10.4284
204  36  0.0260 -0.1668 10.6573
212  36 -0.0880 -0.0957 12.0581
220  36  0.0465 -0.1984 11.3241
228  36 -0.1358  0.0171 10.0787
236  36  0.0076  0.2782 12.4878
244  36  0.0784  0.0794 12.6801
252  36 -0.2819 -0.2459 11.0944
260  36  0.0570 -0.0292 10.8545
268  36  0.0185 -0.4827  6.9418
276  36 -0.0693  0.2009  6.8415
284  36  0.0610  0.9555 12.9372
292  36  0.3136  3.2606  6.8677
  4  44  0.0374  0.0107 13.3547
 12  44  0.1774  0.1858 10.1168
 20  44 -0.2457 -0.0312 10.7499
 28  44 -0.1164 -0.3699  9.6029
 36  44 -0.0837 -0.0635  8.7394
 44  44 -0.4576 -0.0269  5.7956
 52  44  0.0000  0.0000  0.0000
 60  44  0.0000  0.0000  0.0000
 68  44  0.0000  3.0000  5.4468
 76  44  0.0000  0.0000  0.0000
 84  44 -0.3444 -3.1124 13.3694
 92  44  0.1960  0.0000 11.1304
100  44  0.0000  0.0000 19.1045
108  44  0.0000  0.0000  0.0000
116  44  0.0000  0.0000  0.0000
124  44  0.0000 -5.0000 11.1304
132  44  0.0000  0.0000  0.0000
140  44  1.0114 -0.7256  6.3304
148  44  0.1929 -1.6653  9.8888
156  44  0.0299 -2.7287 16.0532
164  44  0.0441 -2.9502 12.1264
172  44  0.2439 -2.7494 11.0326
180  44  0.1107  0.0237  6.2675
188  44  0.3127  0.1061  9.8739
196  44  0.2226 -0.3448  8.0910
204  44  0.2587  0.0047  7.0290
212  44  0.0679  0.0634  9.8524
220  44 -0.1510  0.0128 10.1715
228  44 -0.1329  0.1297 10.9622
236  44  0.0904  0.0455 12.4339
244  44  0.1333 -0.4255  9.4532
252  44  0.0925 -0.0057 10.4490
260  44 -0.0812  0.2167 12.3075
268  44 -0.1735  0.1951 10.3125
276  44  0.0539  1.3144 10.2949
284  44 -0.3909  0.7242  9.1256
292  44  0.0662 -0.0577  8.7330
  4  52 -0.1106 -2.8233  8.7736
 12  52  0.4178 -2.1662  8.1769
 20  52  0.0000  0.0000  0.0000
 28  52  0.0000  0.0000  0.0000
 36  52  0.0000  0.0000 11.1304
 44  52  0.0000  0.0000  0.0000
 52  52  0.0000  0.0000  0.0000
 60  52  0.0000  0.0000  0.0000
 68  52  0.0000  0.0000  0.0000
 76  52  0.0000  0.0000  0.0000
 84  52  0.4025 -0.5000  7.3745
 92  52  4.6343  0.2592  9.8561
100  52 -0.0871 -0.1475 14.5605
108  52  0.0000  0.0000 11.1304
116  52  0.0000  0.0000  0.0000
124  52  0.0000  0.0000  0.0000
132  52  0.0000  0.0000  0.0000
140  52  0.1399  0.1125  5.4011
148  52  0.0479 -0.5187  5.5454
156  52 -0.0023 -0.4407  5.8502
164  52  0.0583 -0.3960  5.6354
172  52  0.0838 -0.3992  6.2303
180  52  0.3299 -0.2260  5.0488
188  52  0.0000  0.0000  0.0000
196  52  5.5000 -0.5000  4.0635
204  52  0.0000  0.0000  0.0000
212  52 -0.5000 -0.5000  4.0635
220  52  0.1448  0.1615  9.0540
228  52  0.0781  0.0358  6.4901
236  52 -0.1201  0.0289  9.0094
244  52 -0.0646 -0.0598 12.6524
252  52 -0.2441  0.0363  8.8199
260  52  0.1956 -0.0666  9.2954
268  52  0.0033 -0.1355 11.2402
276  52  0.1343 -0.1333  9.3266
284  52 -0.1434  0.0213 10.3009
292  52 -0.0916  0.0829 14.1726
  4  60  2.5000  5.5000  8.1445
 12  60 -0.5000  4.5000  4.0635
 20  60  0.3177  5.0513  5.8695
 28  60  0.0000  0.0000  0.0000
 36  60  0.0000  0.0000  0.0000
 44  60  0.0000  0.0000  0.0000
 52  60     NaN -0.2391  8.2581
 60  60 -0.2298 -0.1898 13.8795
 68  60  0.0000  0.0000  0.0000
 76  60  0.0000  0.0000  0.0000
 84  60  3.1029  0.2049  7.1608
 92  60 -0.7925 -2.1757 10.6880
100  60 -0.1624 -3.3170 10.4674
108  60 -0.3240 -0.0961  9.5560
116  60  0.2638 -0.1041 10.2400
124  60  0.0000  0.0000  0.0000
132  60  0.0000 -0.3517 11.1304
140  60  0.3273  0.0000 10.9845
148  60  0.1377 -0.1970 12.5754
156  60 -0.2907  0.0403 10.5761
164  60 -2.1169 -0.0872 10.3611
172  60 -0.0832  0.3131  9.8462
180  60  1.3737  0.3471  8.2581
188  60  0.0000  0.0000  0.0000
196  60  0.0000  0.0000  0.0000
204  60  0.0000  0.0000  0.0000
212  60  0.0000  0.0000  0.0000
220  60  4.5000  4.5000  4.0635
228  60  1.5000  0.5000  6.8449
236  60  0.0000  0.0000  0.0000
244  60 -0.2325  1.5000  8.2444
252  60 -0.0610 -1.0000  8.9210
260  60 -0.5000  1.2415  8.0973
268  60 -0.0856 -0.6354  8.1935
276  60 -0.1466 -1.7453 12.9983
284  60  0.0000  0.0000  0.0000
292  60  0.1210 -0.1510 11.6275
  4  68 -0.5000 -5.0000  8.8276
 12  68  0.0000  0.0000  0.0000
 20  68  0.0000  0.0000 11.1304
 28  68  0.0000  0.0000  0.0000
 36  68  0.0000  0.0000  0.0000
 44  68  0.0000  0.0000  0.0000
 52  68  4.8566  2.5000  8.3934
 60  68 -2.0000 -0.6693  9.9245
 68  68  0.0392 -1.5000 11.7824
 76  68 -0.2089 -2.4226 11.1304
 84  68 -2.0000 -2.0000  6.7422
 92  68  1.4105  5.4243  7.6814
100  68 -0.1695 -2.0770  7.9096
108  68  0.0000 -0.4304  7.7576
116  68  0.2623 -0.4536  7.8528
124  68  0.0506  0.3007  9.7122
132  68  0.0000  0.5000 11.1304
140  68  0.0951  0.0000 12.2969
148  68  0.0000 -0.5000  8.9154
156  68 -2.7620 -2.5000  9.9740
164  68  0.3630  2.5000 10.5361
172  68 -0.2638  0.1041 10.2400
180  68  0.6936 -0.0905 11.5958
188  68 -0.5000 -0.5000  4.0635
196  68  4.5000 -0.5000  4.0635
204  68  0.3487 -0.0786  7.3143
212  68  4.5000  4.5000  4.0635
220  68  0.0000  0.0000  0.0000
228  68  0.0000  0.0000  0.0000
236  68  2.5000  0.0000  8.8276
244  68  0.0000  0.0000  0.0000
252  68  0.0000 -0.5000  8.8276
260  68  0.0477 -1.5000  8.5184
268  68  0.0000 -0.4669  7.7576
276  68  0.3207 -1.5492  7.7658
284  68  0.1333 -0.9418 10.6667
292  68  0.0000  0.0000 11.1304
  4  76     NaN -5.1203  5.4468
 12  76  2.5000  0.0000  8.8276
 20  76 -1.3070  0.0337 12.4709
 28  76  0.0000  0.0000  0.0000
 36  76  0.0000  0.0000 16.1088
 44  76 -1.3033 -1.6361 11.9070
 52  76  0.2099  0.0000  5.8218
 60  76  0.1372  0.0743  8.8132
 68  76 -1.7571 -1.8566  6.8686
 76  76 -2.6376  0.2474  9.5108
 84  76  0.0000  0.0000  0.0000
 92  76  0.0000  0.0000  0.0000
100  76  0.0000  0.0000  0.0000
108  76  0.0000  0.0000  0.0000
116  76  0.3883 -4.3095  8.8729
124  76  0.0000 -0.5000  8.8276
132  76 -0.0515 -0.3248  8.8276
140  76 -0.1290  0.0280 12.4699
148  76 -0.5000  0.0533  9.4473
156  76  0.0000  0.0000  0.0000
164  76  0.0000  0.0000  0.0000
172  76  0.0000  0.0000  0.0000
180  76 -0.5000  0.0000  8.8276
188  76  0.0000  0.0000  0.0000
196  76  0.0000  0.0000  0.0000
204  76  0.0000  0.0000  0.0000
212  76  0.0000  0.0000  0.0000
220  76  0.0000  0.0000  0.0000
228  76  0.0000  0.0000  0.0000
236  76  0.0000  0.0000  0.0000
244  76  0.0000  0.0000  0.0000
252  76  0.0000  0.0000 11.1304
260  76  0.0000  0.0000 11.1304
268  76  0.0000  0.0000  0.0000
276  76 -0.5000  0.0000  8.8276
284  76  0.0000  0.0000  0.0000
292  76  0.0000  0.0000  0.0000
  4  84  4.5000  4.7609  8.2581
 12  84  0.0000  0.0000  0.0000
 20  84 -3.0349 -0.7034  8.2397
 28  84  0.0000  0.0000 16.1088
 36  84  0.0000 -0.6116  9.0407
 44  84 -2.5000 -0.0256 10.2496
 52  84  0.0241 -2.0331 10.1096
 60  84 -0.2376 -2.7844  8.9751
 68  84 -0.2241 -0.2241  9.9177
 76  84  0.3333 -0.1486  7.9644
 84  84  0.1215 -1.1950 12.3012
 92  84  0.0000  0.0000  0.0000
100  84  0.0832  0.3131  9.8462
108  84 -0.5000  0.1588 10.5785
116  84 -0.2917  0.0000 11.1304
124  84  0.4088 -0.0535  7.8528
132  84 -0.1518 -0.1518  9.9026
140  84 -0.0868  0.0378 15.2803
148  84  0.0000 -0.0535 10.0787
156  84  0.0000  0.0855 10.6035
164  84  0.0000  0.0000 12.0628
172  84 -0.5000  0.3468 10.2045
180  84  0.0000  0.0000 11.1304
188  84  0.0000  0.0000  0.0000
196  84  0.0000  0.0000 11.1304
204  84  0.0000  0.0000 11.1304
212  84  0.0000  0.0000  0.0000
220  84  0.0000  0.0000 11.1304
228  84  0.0000  0.0000  0.0000
236  84 -0.5000  0.0000  8.8276
244  84  0.0000  0.0000 16.1088
252  84  0.0000  2.5000  8.8276
260  84  0.0000  0.0000  0.0000
268  84  0.0000  0.0000  0.0000
276  84  0.0000  0.0000 11.1304
284  84  0.0000  2.5000  8.8276
292  84  0.0000  0.0000  0.0000
  4  92  1.2054 -2.6677  9.5426
 12  92  0.0000  0.0000  0.0000
 20  92  0.0000  0.0000  0.0000
 28  92 -0.1972 -0.1999 10.8588
 36  92  0.0000  0.0000 11.1304
 44  92 -3.7787  2.5000 10.6186
 52  92  0.4691  0.3195  8.1912
 60  92  0.0000  0.0000  0.0000
 68  92  0.0000 -0.5000  8.8276
 76  92  0.0000  0.0000  0.0000
 84  92 -0.3895 -0.1656  6.8449
 92  92  3.5000 -0.1130  7.7853
100  92 -0.2697 -0.2829  7.8528
108  92  0.1960  0.0000 11.1304
116  92  0.0000  0.0000  0.0000
124  92  0.0000  0.0000  0.0000
132  92  0.0000  0.0000  0.0000
140  92  0.4043  0.4043  8.0000
148  92  0.0000  0.0000  0.0000
156  92 -0.5000 -1.0000  4.0635
164  92  0.0000  0.0000  0.0000
172  92  0.0000  0.0000  0.0000
180  92  0.0000  0.0000  0.0000
188  92  0.0000  0.0000  0.0000
196  92  0.0000  0.0000  0.0000
204  92  0.0000  0.0000  0.0000
212  92 -0.1960 -0.5000 11.1304
220  92  0.0000  0.0000  0.0000
228  92 -0.2565 -3.5000 11.0504
236  92  0.0000  0.0000  0.0000
244  92  0.0000  2.5000  8.8276
252  92  0.0000  0.0000  0.0000
260  92  0.0000  0.0000  0.0000
268  92  0.0000  0.0000  0.0000
276  92  2.5000 -0.5000  4.0635
284  92  0.0000  0.0000  0.0000
292  92  0.0000  0.0000  0.0000
  4 100 -5.0000 -0.1063  6.9728
 12 100  0.0000  0.0000  1.0000
 20 100 -0.4526 -0.3099  9.5972
 28 100 -2.7305  0.0000  8.0000
 36 100 -0.1891 -0.0553  9.3490
 44 100 -0.1833 -0.0679 18.3873
 52 100 -0.2333 -0.2252 14.9652
 60 100 -0.0839 -0.8020 10.5600
 68 100 -0.1019 -1.5585  6.6282
 76 100  0.1434 -0.5000  8.3934
 84 100  4.6564  0.0000 12.4564
 92 100  0.1841 -0.0418 12.3683
100 100  0.0000  0.0000  0.0000
108 100  0.0832 -0.3131  9.8462
116 100  0.0000  0.0000  0.0000
124 100  0.3309 -0.0637  7.1846
132 100 -0.2965 -0.2632 10.8887
140 100  0.0000  0.0000  0.0000
148 100  0.0000  0.0000  0.0000
156 100  0.3223  2.5000  5.4468
164 100  0.0000  0.0000  0.0000
172 100  0.0000  0.0000 16.1088
180 100  0.2780  0.1270 13.3759
188 100  0.0000  0.0000  0.0000
196 100 -0.5000  0.0000  8.8276
204 100 -0.5000  0.0000  8.8276
212 100  0.0000  0.0000 16.1088
220 100 -0.5000 -0.1588 10.5785
228 100  0.0000  0.0000  0.0000
236 100  0.0000  0.0000  0.0000
244 100  0.0000  0.0000  0.0000
252 100  0.1151 -0.1151 16.5161
260 100  0.2339  4.1733  7.2911
268 100 -0.5000  4.5000  4.0635
276 100  0.0000  0.0000 11.1304
284 100  0.0000  0.0000 11.1304
292 100  0.0000 -0.5000  8.8276
  4 108 -0.2093 -0.0299 13.0089
 12 108  0.1841 -0.0418 12.3683
 20 108 -0.3610 -0.3610  5.9535
 28 108  0.1841 -0.0418 12.3683
 36 108  0.0000  0.0000  1.0000
 44 108 -0.1113 -1.6014 11.9803
 52 108 -4.2633 -0.1145 10.3199
 60 108  0.0382  0.1028 16.6166
 68 108  0.2423  5.7183 13.9911
 76 108  0.0000  2.5000  8.8276
 84 108  0.0000  0.0000  0.0000
 92 108  0.0000  0.0000  0.0000
100 108  0.0000  0.0000 11.1304
108 108 -1.5000  0.0000  8.2581
116 108  0.1134  0.1433  6.8395
124 108  0.0037 -0.2016  6.5197
132 108  0.9265  1.8635  9.3938
140 108  0.0000  0.0000  0.0000
148 108  0.0000  0.0000  0.0000
156 108 -0.1960  0.0000 11.1304
164 108  0.0000  0.0000  0.0000
172 108  0.5000  0.0000 11.1304
180 108 -0.5000 -4.5000  4.0635
188 108  2.5000  0.1151  7.4854
196 108  4.5000 -0.5000  4.0635
204 108  0.0000  0.0000  0.0000
212 108  0.0000  0.0000 16.1088
220 108  0.0000  0.0000 11.1304
228 108  0.0000  0.0000  0.0000
236 108  0.0000  0.0000  0.0000
244 108  0.0000  0.0000  0.0000
252 108  2.5000  0.0000  8.8276
260 108  0.2587 -0.1868 11.1614
268 108  0.0000  0.0000  0.0000
276 108  0.0000  0.0000  0.0000
284 108  0.0000  0.0000  0.0000
292 108 -0.5000  4.5000  4.0635
  4 116  0.1151 -3.8274  7.8528
 12 116  2.5000  0.0000  8.8276
 20 116 -0.2645 -0.0585 13.3056
 28 116  0.0000  0.0000  0.0000
 36 116  0.0000  0.0000  0.0000
 44 116  0.0000  0.0000  0.0000
 52 116 -0.5000  4.5000  4.0635
 60 116  2.5000 -0.1180  9.2850
 68 116 -0.3127 -0.1061  9.8739
 76 116  2.5000  0.0000  8.8276
 84 116  0.3127  0.1061  9.8739
 92 116  0.0000  0.0000 11.1304
100 116  0.0000  0.0000  0.0000
108 116  0.0000  0.0000 11.1304
116 116  0.1338 -0.1620  5.4936
124 116  0.0379 -0.0334  6.6845
132 116 -0.1850 -0.1304 11.4923
140 116 -0.3127 -0.1061  9.8739
148 116  4.5000  4.5000  4.0635
156 116 -0.1960  0.0000 11.1304
164 116  0.0000  0.0000  0.0000
172 116  0.0000 -0.5000  8.8276
180 116  0.0000  0.0000  0.0000
188 116  0.0000  2.5000  8.8276
196 116 -0.5000 -0.1588 10.5785
204 116  0.0391 -2.5000  9.3822
212 116  0.0000  0.0000  0.0000
220 116  0.0000  0.0000 16.1088
228 116  0.0000  0.0000 11.1304
236 116  0.0000  0.0000  0.0000
244 116  0.0000  0.0000  0.0000
252 116  0.0000  0.0000  0.0000
260 116  0.0000  0.0000  0.0000
268 116  0.1717 -0.4043 10.4490
276 116  0.0694  2.5000  9.0523
284 116  0.0000  2.5000  8.8276
292 116  0.0000  0.0000  0.0000
  4 124  0.0000  0.0000  0.0000
 12 124  0.0000  0.0000  0.0000
 20 124  0.0000  0.0000  0.0000
 28 124  0.0000  0.0000  0.0000
 36 124  0.0000  0.0000  0.0000
 44 124  0.2667 -0.1732 18.0390
 52 124 -0.3381 -0.2272  8.0000
 60 124 -0.5000  0.0000  8.8276
 68 124  0.0000  0.0000  0.0000
 76 124  0.0000  0.0000 16.1088
 84 124 -2.8126 -0.2927 12.1905
 92 124     NaN     NaN  8.5333
100 124 -0.1276 -0.3321 10.3409
108 124  0.0000  0.0000  0.0000
116 124  0.3147 -1.2235  7.7576
124 124  0.0000  0.0000 11.1304
132 124  0.0000  2.5000  8.8276
140 124  0.0000  0.0000 11.1304
148 124  0.0000  0.0000  0.0000
156 124     NaN -4.7609  8.2581
164 124  0.0000  0.0000 11.1304
172 124  0.0000  0.0000 11.1304
180 124  0.0000  0.0000  0.0000
188 124 -0.3309 -0.0637  7.1846
196 124  0.0000  0.1960 11.1304
204 124  0.0000  0.0000 16.1088
212 124 -0.5000 -1.0000  4.0635
220 124 -0.5000 -0.5000  4.0635
228 124  0.0000  0.0000 16.1088
236 124  0.0000  0.0000  0.0000
244 124  0.0000  0.0000  0.0000
252 124  0.0000  0.0000  0.0000
260 124  0.0000  0.0000  0.0000
268 124  0.0000  0.0000  0.0000
276 124  0.2587 -0.1868 11.1614
284 124  0.0000  0.0000  0.0000
292 124  0.0000  0.0000  0.0000
  4 132  2.5000  0.0000  8.8276
 12 132  0.0000  0.0000  0.0000
 20 132  0.0000  0.0000  0.0000
 28 132  0.0000  0.0000  0.0000
 36 132  0.0000  0.0000  0.0000
 44 132 -0.0418  0.1521 12.6567
 52 132  0.0000  0.0000  0.0000
 60 132  0.0000  0.0000  0.0000
 68 132  0.0000  0.0000  0.0000
 76 132  0.0000  0.0000  0.0000
 84 132  0.0000  0.0000  0.0000
 92 132 -0.6348  0.2421  8.0146
100 132  0.0000  0.0000  0.0000
108 132  0.0000  0.0000  0.0000
116 132  2.5000  0.0000  8.8276
124 132  0.0000  0.0000  0.0000
132 132  0.0000  0.0000  0.0000
140 132  0.0000  0.0000  0.0000
148 132  0.0000  0.0000  0.0000
156 132  1.2596  0.3479  7.1968
164 132  0.0000  0.0000  0.0000
172 132  4.5000  4.5000  4.0635
180 132  0.0391 -2.5000  9.3822
188 132  0.0000  0.0000  0.0000
196 132  0.0000  0.0000  0.0000
204 132  0.0000  0.0000  0.0000
212 132  0.0696 -0.0812 10.9765
220 132  0.0000  0.0000 11.1304
228 132 -0.1156 -0.0836  8.6292
236 132  0.0000 -0.5000  8.8276
244 132  0.0000  0.0000  0.0000
252 132  0.0000  0.0000  0.0000
260 132  0.0000  0.0000  0.0000
268 132  1.5000 -0.0448  8.9013
276 132  0.0000  0.0000  0.0000
284 132  0.0000  0.5000  8.0688
292 132  0.0000  0.0000  0.0000
  4 140  0.0000  0.0000  0.0000
 12 140  0.0000  0.0000  0.0000
 20 140  0.0000  0.0000  0.0000
 28 140  0.0000  0.0000  0.0000
 36 140 -1.8500 -0.1390  9.1756
 44 140  0.0000  0.0000  0.0000
 52 140  2.5000  0.0000  8.8276
 60 140  0.0000  0.0000 11.1304
 68 140  0.0000  0.0000  0.0000
 76 140 -2.9212  2.5000  8.2581
 84 140  4.5000 -4.7609  8.2581
 92 140 -0.1313  0.0812 16.9211
100 140     NaN     NaN  4.0635
108 140  0.0000  0.0000 11.1304
116 140  0.0000  0.0000  0.0000
124 140  0.0000  0.0000  0.0000
132 140  0.0000  0.0000  0.0000
140 140  0.0000  0.0000  0.0000
148 140  0.0000  0.0000  0.0000
156 140  0.5000  0.5000  7.8168
164 140  0.0000  0.0000  0.0000
172 140  0.0000  0.0000 11.1304
180 140  0.0832  0.3131  9.8462
188 140  0.0000  0.0000  0.0000
196 140  0.0000  0.0000  0.0000
204 140  0.0000 -5.0000 11.1304
212 140  2.5000  0.0000  8.8276
220 140  0.0000  0.0000  0.0000
228 140  2.5000  0.0000  8.8276
236 140  0.0000  0.0000 16.1088
244 140  2.5000  0.0000  8.8276
252 140 -0.5000 -0.0391  9.3822
260 140  0.0000  0.0000  0.0000
268 140  0.0000  0.0000  0.0000
276 140 -0.5000  0.0000  8.8276
284 140  0.0000  0.0000 11.1304
292 140  0.0000  0.0000  0.0000
  4 148  0.0000  0.0000  0.0000
 12 148  0.0000  0.0000  0.0000
 20 148  0.0000  0.0000  0.0000
 28 148  0.0832  0.3131  9.8462
 36 148  0.0000  0.0000  0.0000
 44 148  0.0000  0.0000  0.0000
 52 148  0.0000  0.0000 11.1304
 60 148  0.0000  0.0000  0.0000
 68 148  0.0000  0.0000  0.0000
 76 148 -0.1858 -0.5000  8.0600
 84 148  0.0000  0.0000 16.1088
 92 148  0.0000  0.0000  0.0000
100 148  1.5000 -0.5000  4.0635
108 148  0.0000  0.0000  0.0000
116 148  0.0000  2.5000  8.8276
124 148  0.0000  0.0000 16.1088
132 148  0.1960 -0.5000 11.1304
140 148  0.0000  0.0000  0.0000
148 148 -0.3468 -1.0000 10.2045
156 148  0.4041 -0.5000  8.0842
164 148  0.0000  0.0000 11.1304
172 148  0.0000  0.0000  0.0000
180 148  0.0832 -0.3131  9.8462
188 148  0.0000  0.0000  0.0000
196 148  0.0000  0.0000  0.0000
204 148  0.0000  0.0000  0.0000
212 148  4.5000  1.5000  4.0635
220 148  0.0000  0.0000  0.0000
228 148  0.0000  0.0000  0.0000
236 148  2.5000  0.0000  8.8276
244 148  0.3127 -0.1061  9.8739
252 148  0.0000  0.0000  0.0000
260 148  0.0000  0.0000  0.0000
268 148  0.0000  0.0000 11.1304
276 148  0.0000  0.0000  0.0000
284 148  0.0000  0.0000  0.0000
292 148  0.0000  0.0000  0.0000
  4 156  0.0000  0.0000  0.0000
 12 156  0.0000  0.0000  0.0000
 20 156  0.0000  0.0000 11.1304
 28 156  0.0000  0.0000 11.1304
 36 156  0.0000  0.0000  0.0000
 44 156  0.0000  0.0000  0.0000
 52 156  0.0000  0.0000  0.0000
 60 156  0.0000  0.0000  0.0000
 68 156 -1.5000 -0.2884  7.6510
 76 156  1.5000  0.2884  7.6510
 84 156  2.5000 -0.1180  9.2850
 92 156  0.0000  0.0000  0.0000
100 156  0.0000  0.0000  0.0000
108 156  0.0000  0.0000  0.0000
116 156  0.1180 -0.5000  9.2850
124 156 -0.5000 -5.0000  8.8276
132 156  0.1960  0.0000 11.1304
140 156  0.0000  0.0000  0.0000
148 156  0.0000  0.0000  0.0000
156 156  0.0000  0.0000  9.8462
164 156 -0.2271 -0.5000  9.5143
172 156  0.0000  0.0000  0.0000
180 156  0.6907  0.2991  8.0688
188 156 -0.1960  0.0000 11.1304
196 156  0.0000  0.0000  0.0000
204 156  0.0000  0.0000  0.0000
212 156  0.0000  0.0000  0.0000
220 156  0.0000  0.0000  0.0000
228 156  0.0000  0.0000  0.0000
236 156  0.0000  0.0000  0.0000
244 156  0.0000  0.0000  0.0000
252 156  0.0000  0.0000  0.0000
260 156  0.5000 -0.5000  4.0635
268 156  0.5000 -5.0000  8.4768
276 156  0.0000  0.0000  0.0000
284 156  4.5000 -0.5000  4.0635
292 156 -0.5000 -5.0391  9.3822
  4 164  0.0000  2.5000  8.8276
 12 164  0.0000  0.0000  0.0000
 20 164  0.0000  0.0000  0.0000
 28 164  0.0000  0.0000  0.0000
 36 164  0.5000 -0.5000  7.8168
 44 164  0.0000  0.0000  0.0000
 52 164  0.0000  0.0000  0.0000
 60 164  0.0418 -0.1521 12.6567
 68 164  0.0000  0.0000  0.0000
 76 164 -0.1936 -0.5000 10.4490
 84 164  0.0000  0.0000  0.0000
 92 164  0.0000  0.0000  0.0000
100 164  0.0000  0.0000  0.0000
108 164  0.0000  2.5000  8.8276
116 164  0.0000  0.0000  0.0000
124 164  0.0000  0.0000  0.0000
132 164  0.1960  0.0000 11.1304
140 164  0.0000  0.0000  0.0000
148 164 -0.2271 -0.5000  9.5143
156 164  1.0000  0.0000  8.2581
164 164 -0.6735 -0.3471  8.0688
172 164  0.0000  0.0000  0.0000
180 164  1.5000  2.5000  8.2581
188 164 -0.5000  0.0000 11.1304
196 164  0.0000  0.0000  0.0000
204 164  0.0000  0.0000  0.0000
212 164  0.0000 -0.5000  8.8276
220 164  0.0000  0.0000  0.0000
228 164  0.0000  0.0000  0.0000
236 164  0.0000  0.0000  0.0000
244 164  0.0000  0.0000  0.0000
252 164  0.0000  0.0000 11.1304
260 164  0.0000  0.0000  0.0000
268 164  0.0000  0.0000  0.0000
276 164  0.0000  0.0000  0.0000
284 164  0.0000  0.0000  0.0000
292 164  0.0000  0.0000  0.0000
  4 172  0.0000  0.0000  0.0000
 12 172  0.0000  0.0000  0.0000
 20 172  0.0000  0.0000  0.0000
 28 172  0.0418 -0.1521 12.6567
 36 172 -2.5000  0.0000 11.1304
 44 172  0.0000  0.0000  0.0000
 52 172  0.0000  0.0000  0.0000
 60 172 -1.4070  0.1518 10.3087
 68 172  0.0561  0.2765  9.5419
 76 172  0.0000  0.0000  0.0000
 84 172  0.0000  0.0000  0.0000
 92 172  0.0000  0.0000  0.0000
100 172  0.0000  0.0000  0.0000
108 172  0.0000  0.0000 16.1088
116 172  0.0000  0.0000  0.0000
124 172  0.0000  0.0000  0.0000
132 172  0.1180 -0.5000  9.2850
140 172  0.0000  0.0000  0.0000
148 172 -0.3577  0.0000 13.4737
156 172  0.8176  2.5000  7.3397
164 172  0.0000  0.0000 12.0628
172 172 -0.3127 -5.1061  9.8739
180 172 -0.5000 -5.0000  8.8276
188 172 -0.0458 -3.4085 10.6667
196 172  0.0000  0.0000  0.0000
204 172  0.0000  0.0000  0.0000
212 172  0.0000  0.0000  0.0000
220 172  0.0000  0.0000  0.0000
228 172  0.0000  0.0000  0.0000
236 172  0.0000  0.0000  0.0000
244 172  0.0000  0.0000  0.0000
252 172  0.0000  0.0000  0.0000
260 172  0.0000  0.0000 11.1304
268 172  0.0000  0.0000  0.0000
276 172  0.0000  0.0000  0.0000
284 172  0.0000  0.0000  0.0000
292 172  0.0000  0.0000  0.0000
  4 180  0.0000  0.0000  0.0000
 12 180  0.0000  0.0000  0.0000
 20 180  0.0832  0.3131  9.8462
 28 180  0.0000  0.0000 11.1304
 36 180 -0.5000  0.1588 10.5785
 44 180 -0.0649  0.5000  5.2880
 52 180  0.0000  0.0000 12.0455
 60 180 -0.3610 -0.3610  5.9535
 68 180     NaN     NaN 10.5392
 76 180  0.0000  0.0000  0.0000
 84 180  0.0000  0.0000  0.0000
 92 180  0.0000  0.0000  0.0000
100 180  0.0000  0.0000  0.0000
108 180 -0.0832 -0.3131  9.8462
116 180  0.0000  0.0000  0.0000
124 180  0.0000  0.0000 11.1304
132 180  0.1960  2.5000 11.1304
140 180  0.0000  0.0000  0.0000
148 180  0.0832  0.3131  9.8462
156 180 -1.5000  0.0000  8.2581
164 180 -0.1960  0.0000 11.1304
172 180  0.0000  0.0000  0.0000
180 180  0.0000  0.0000  0.0000
188 180 -0.0832  0.3131  9.8462
196 180  0.0000  0.0000  0.0000
204 180  0.0000  0.0000  0.0000
212 180  0.0000  0.0000  0.0000
220 180  0.0000  0.0000  0.0000
228 180  0.0000  0.0000  0.0000
236 180  0.0000  0.0000  0.0000
244 180  0.0000  0.0000  0.0000
252 180  0.0000  0.0000  0.0000
260 180  0.0000  0.0000  0.0000
268 180  0.0000  0.0000  0.0000
276 180  0.0000  0.0000  0.0000
284 180  0.0000  0.0000  0.0000
292 180  2.5000  0.0000  8.8276
  4 188  0.0000  0.0000  0.0000
 12 188  0.0000  0.0000  0.0000
 20 188  0.1180 -0.5000  9.2850
 28 188 -0.1511 -5.2264 14.4225
 36 188  5.3313 -0.2678  4.6925
 44 188 -0.0344  0.0781 10.3711
 52 188  0.5000 -0.5000  7.8168
 60 188  0.0000  0.0000 11.1304
 68 188 -0.5000  0.0000 11.1304
 76 188  0.0000  0.0000  0.0000
 84 188  0.0000  0.0000  0.0000
 92 188  0.0000  0.0000  0.0000
100 188 -0.2802 -0.0546 12.7691
108 188 -1.0000 -0.5000  8.5333
116 188  0.0000  0.0000  0.0000
124 188  0.0000 -0.5000  8.8276
132 188  0.0000 -0.5000  8.8276
140 188  0.0000  0.0000  0.0000
148 188  0.0000  2.5000 12.0628
156 188  0.0000  0.0000  0.0000
164 188 -0.1960  0.0000 11.1304
172 188  0.0000  0.0000  0.0000
180 188  0.0000  0.0000  0.0000
188 188  0.5000  0.0000  8.8276
196 188  0.0000  0.0000  0.0000
204 188  0.0000  0.0000  0.0000
212 188  0.0000  0.0000  0.0000
220 188  0.0000  0.0000  0.0000
228 188  0.0000  0.0000  0.0000
236 188  0.0000  0.0000  0.0000
244 188  0.0000  0.0000  0.0000
252 188  0.0000  0.0000  0.0000
260 188  0.0000  0.0000  0.0000
268 188  0.0000  0.0000  0.0000
276 188  0.0000  0.0000  0.0000
284 188  0.0000  0.0000  0.0000
292 188  0.0000  0.0000  0.0000
  4 196  0.0000 -0.5000  8.8276
 12 196  0.0391  2.5000  9.3822
 20 196 -0.1867  2.5000  6.4178
 28 196 -0.5000  0.1732  5.2120
 36 196  0.3044 -0.5000  5.9241
 44 196 -0.4436 -0.2834  8.2798
 52 196  0.0000  0.0000  0.0000
 60 196  0.2802  0.0546 12.7691
 68 196  0.0000  0.0000  1.0000
 76 196  0.0000  0.0000  0.0000
 84 196  0.0000  0.0000  0.0000
 92 196  0.0000  0.0000  0.0000
100 196 -1.5000  0.0000  8.2581
108 196  0.0000  0.0000 11.1304
116 196  0.0000  0.0000  0.0000
124 196  0.0000 -0.5000  8.8276
132 196  0.5000  0.0000  6.5641
140 196  0.0000  0.0000  0.0000
148 196  0.0000  2.5000  8.8276
156 196  0.0000  0.0000  0.0000
164 196  0.0000  0.0000  0.0000
172 196  0.0000  0.0000  0.0000
180 196  0.0000  0.0000  0.0000
188 196  0.0000  0.0000 16.1088
196 196 -0.0418 -0.1521 12.6567
204 196  0.0000  0.0000  0.0000
212 196  0.0000  0.0000  0.0000
220 196  0.0000  0.0000  0.0000
228 196  0.0000  0.0000  0.0000
236 196  0.0000  0.0000  0.0000
244 196  0.0000  0.0000  0.0000
252 196  0.0000  0.0000  0.0000
260 196  0.0000  0.0000  0.0000
268 196  0.0000  0.0000  0.0000
276 196  0.0000  0.0000  0.0000
284 196  0.0000  0.5000 11.1304
292 196  0.0000  0.0000  0.0000
  4 204  0.0000  0.0000 16.1088
 12 204  0.0387 -4.2567 12.9537
 20 204 -2.3833 -0.2771  9.1273
 28 204 -0.0359  2.5000  6.4847
 36 204  0.0293 -1.5858  8.2581
 44 204 -1.1363 -0.1769  5.9535
 52 204  0.0578  0.4337  9.0220
 60 204  0.0000  0.0000 16.1088
 68 204  0.0000  0.0000 11.1304
 76 204  0.0000  0.0000  0.0000
 84 204  0.0000  0.0000  0.0000
 92 204  0.0000  0.0000  0.0000
100 204 -1.5000  0.0000  8.2581
108 204  0.0000  0.0000 11.1304
116 204  0.0000  0.0000  0.0000
124 204  0.0000  0.0000 11.1304
132 204  0.2054  3.2521  7.9672
140 204  0.4088 -0.0535  7.8528
148 204  0.0832 -0.3131  9.8462
156 204 -0.5000 -5.0255  9.7158
164 204 -0.3716 -0.5000  9.2476
172 204 -0.5000 -0.0448  8.9013
180 204  0.0000  0.0000  0.0000
188 204  0.0000  2.5000  8.8276
196 204  0.0917  3.3972 13.1589
204 204  0.0000  0.0000 11.1304
212 204  0.0000  0.0000  0.0000
220 204  0.0000  0.0000  0.0000
228 204  0.0000  0.0000  0.0000
236 204  0.0000  0.0000  0.0000
244 204  0.0000  0.0000  0.0000
252 204  0.0000  0.0000 11.1304
260 204 -0.2697 -0.5000  4.2602
268 204  0.0000  0.0000  0.0000
276 204  0.0000  0.0000 11.1304
284 204  4.5000 -0.5000  4.0635
292 204  0.0000  0.0000  0.0000
  4 212 -0.5000  0.0000  8.8276
 12 212  0.0000  0.0000  0.0000
 20 212  1.5000 -3.1110  8.4253
 28 212  0.0832  0.3131  9.8462
 36 212  0.1960  0.0000 11.1304
 44 212  0.0000  3.0000  8.8276
 52 212  0.0000  0.0000 16.1088
 60 212  0.0000  0.0000  0.0000
 68 212  0.0000  0.0000  0.0000
 76 212  0.0000  0.0000 11.1304
 84 212  0.0000 -0.5000  4.0635
 92 212  0.0000  0.0000  0.0000
100 212  1.0000  0.0000  8.2581
108 212 -0.1960  0.0000 11.1304
116 212  0.0000  0.0000  0.0000
124 212  0.0000  0.0000 11.1304
132 212  0.2574  0.2751  8.3097
140 212  0.0000  0.0000  0.0000
148 212  0.1960  0.0000 11.1304
156 212 -0.0832  0.3131  9.8462
164 212 -0.1960  2.5000 11.1304
172 212  4.5000 -0.5000  4.0635
180 212  0.0000  0.0000  0.0000
188 212  0.0000  0.0000 11.1304
196 212  0.0000  0.0000 11.1304
204 212  0.0000  0.0000  0.0000
212 212  0.0000  0.0000  0.0000
220 212  0.0000  0.0000  0.0000
228 212  0.0000  0.0000  0.0000
236 212  0.0000  0.0000  0.0000
244 212  0.0000  0.0000  0.0000
252 212  0.0000  0.0000  0.0000
260 212  0.0000  0.0000 11.1304
268 212  0.0000  0.0000  0.0000
276 212  0.0000  0.0000  0.0000
284 212  4.5000 -0.5000  4.0635
292 212  0.0000  0.0000  0.0000
  4 220  0.0000  0.0000  0.0000
 12 220  0.0000  0.0000  0.0000
 20 220  4.9216  4.9411 10.8542
 28 220  0.4025  2.5000  7.3745
 36 220  0.0000  2.5000  8.2581
 44 220 -0.5000  0.0000  8.8276
 52 220 -0.5000  0.0000  8.8276
 60 220  2.5000  0.0000  8.8276
 68 220 -0.5000  0.0000  8.8276
 76 220  0.0000  0.0000  0.0000
 84 220  0.0000  0.0000  0.0000
 92 220  0.0000  0.0000 11.1304
100 220  0.0698 -0.2911 10.5124
108 220  0.0000  0.0000  0.0000
116 220  0.0000  0.0000  0.0000
124 220  0.0000  0.0000  0.0000
132 220  0.1421  0.0000  8.9363
140 220  0.0000  0.0000  0.0000
148 220  0.0832 -0.3131  9.8462
156 220 -1.1838 -0.5000  7.5779
164 220  0.5000  0.0000 11.1304
172 220  0.0000  4.6564 12.4564
180 220  0.0000  0.0000  0.0000
188 220  0.0000  0.0000 11.1304
196 220  1.5000  0.0000  8.2581
204 220  0.0000  0.0000  0.0000
212 220  0.0000  0.0000  0.0000
220 220  0.0000  0.0000  0.0000
228 220  0.0000  0.0000  0.0000
236 220  0.0000  0.0000  0.0000
244 220  0.0000  0.0000  0.0000
252 220  0.0000  0.0000  0.0000
260 220  0.0000  0.0000  0.0000
268 220 -0.5000  4.5000  4.0635
276 220  0.0000  0.0000  0.0000
284 220  0.0000  0.0000  0.0000
292 220  0.0000  0.0000  0.0000
