VARIABLES= "X pix", "Y pix", "U pix/dt", "V pix/dt", "CHC", ZONE I=28, J=37
  4   4  0.0000  0.0000 11.5553
 12   4  0.0024  0.0128 10.9762
 20   4  0.0580 -0.0157 10.0180
 28   4  0.0000  0.1067  9.4719
 36   4  0.0000  0.0000  8.8789
 44   4  0.0000  0.0390  9.0007
 52   4  0.0000  0.0000  9.1613
 60   4  0.0000  0.0000 10.3602
 68   4  0.0108 -0.0651 10.5989
 76   4  0.0000  0.0000 11.0456
 84   4  0.0000  0.0000 11.0456
 92   4  0.0027  0.0159 11.6428
100   4  0.0000  0.0000 11.0456
108   4  0.0000 -0.0209 11.8613
116   4  0.0000  0.0000 11.9577
124   4  0.0000 -0.0120 11.6085
132   4  0.0000 -0.0286 12.1954
140   4  0.0000 -0.0286 12.1954
148   4  0.0000 -0.0286 12.1954
156   4  0.0000 -0.0286 12.1954
164   4  0.0000  0.0000 11.9577
172   4  0.0000  0.0000 12.0038
180   4  0.0000  0.0000 11.9838
188   4  0.0000  0.0000 10.8943
196   4  0.0000  0.0000 11.9407
204   4  0.0457 -0.0675 11.6705
212   4 -0.0306 -0.0182  9.3887
220   4  0.0048  0.0846 11.8415
228   4  0.0101 -0.0109 12.3458
236   4 -0.0101  0.0109 12.3458
244   4  0.1020 -0.0079 12.3120
252   4  0.0373 -0.0099 11.9528
260   4 -0.0911 -0.0461 12.6907
268   4 -0.0028  0.0297 11.0670
276   4  0.0050  0.0174 13.0851
284   4  0.0000 -0.1192 12.3586
292   4 -0.0092 -0.0224 12.1440
  4  12  0.0000  0.0000  8.2581
 12  12  0.0000  0.0000 14.8117
 20  12  0.0000  0.0000 17.0667
 28  12  0.0000  0.0000 13.0402
 36  12  0.0000 -0.2840 11.7124
 44  12  0.0815  0.4681  9.6604
 52  12  0.0000  0.0000  9.6865
 60  12  0.0000  0.0000  9.2086
 68  12 -0.2231 -0.0848  7.6371
 76  12  0.2037  0.1453  7.1434
 84  12 -0.1218 -0.0583  9.7180
 92  12  0.0000  0.0000 13.6955
100  12 -0.0093 -0.0124 14.8866
108  12  0.0000  0.0000  8.0688
116  12  0.0000  0.0000  7.7329
124  12  0.0000  0.0000  8.0070
132  12 -0.0025  0.0713  7.7418
140  12  0.0025 -0.5497  7.6745
148  12  0.0000 -0.0117  8.0112
156  12  0.0012 -0.0027 42.8883
164  12  0.0030  0.0222 34.7579
172  12  0.0000  0.0320  7.2802
180  12  0.0000  0.0000  7.3954
188  12  0.0007 -0.0037  7.2464
196  12  0.0000  0.0000  8.0874
204  12 -0.1014 -0.0165  9.4636
212  12  0.0341  0.0029  8.3218
220  12  0.0370 -0.0073  9.1875
228  12  0.0000  0.0000  8.7853
236  12 -0.0933  0.0896  9.0028
244  12  0.0000  0.0000  9.1681
252  12  0.0000  0.0000 11.5261
260  12 -0.0290 -0.0271 11.7699
268  12  0.0000  0.0000 10.4999
276  12  0.0000  0.0000 11.5374
284  12  0.0000  0.0000 12.0628
292  12 -0.0551 -0.0501 12.0384
  4  20  0.0000  0.0000  9.2268
 12  20  0.0000  0.0000  8.8197
 20  20  0.0000  0.0000  9.4132
 28  20  0.0040  0.0664  9.3969
 36  20  0.0187 -0.0930 11.8901
 44  20 -0.0566 -0.0025 15.9854
 52  20  0.0000 -0.0421 16.7433
 60  20  0.0000  0.0000 13.7522
 68  20  0.0150 -0.0223 13.6522
 76  20  0.0230 -0.0002 18.7879
 84  20  0.0171 -0.0168 17.0175
 92  20  0.0248  0.0022 17.4663
100  20  0.0000  0.0000 14.7423
108  20  0.0073  0.0157 18.9949
116  20  0.0000  0.0000 17.1295
124  20  0.0305 -0.0028 16.2418
132  20  0.0021 -0.0002 16.2568
140  20 -0.0287 -0.0243 20.1142
148  20  0.0017  0.0035 33.1252
156  20  0.0294  0.0095 17.4761
164  20 -0.0329 -0.0181 23.9179
172  20  0.0501 -0.0400 26.2219
180  20 -0.0141 -0.0591 29.4556
188  20  0.0210 -0.0007 26.7738
196  20  0.0000  0.0000 22.8576
204  20  0.0000  0.0000 21.8732
212  20  0.0000  0.0000 22.9500
220  20  0.0581  0.0544 20.6754
228  20 -0.0048  0.0508 17.1032
236  20  0.0098  0.0446 15.7058
244  20  0.0038 -0.0468 17.9626
252  20  0.0008 -0.0099 13.8915
260  20  0.0000  0.0000 13.6893
268  20 -0.0849 -0.0013 12.4308
276  20 -0.0532 -0.0199 11.9070
284  20 -0.0132  0.1174 17.2768
292  20  0.0035  0.0516 19.6020
  4  28  0.0000  0.0000 11.3809
 12  28  0.0000  0.0000 22.0911
 20  28  0.0000  0.0000 13.4206
 28  28 -0.0280  0.0216  8.4511
 36  28  0.0049 -0.0040  7.9094
 44  28  0.0059 -0.0005  7.7129
 52  28  0.0013 -0.0098  7.4992
 60  28  0.0000  0.0000  7.0494
 68  28  0.0000  0.0000  8.3923
 76  28  0.0170 -0.0196  7.4047
 84  28  0.0000  0.0000  7.0347
 92  28  0.0000  0.0000  7.8031
100  28  0.0070 -0.0037  7.7360
108  28 -0.0063 -0.0180  7.9471
116  28 -0.0502  0.0266  9.4930
124  28  0.0627  0.0399  7.0254
132  28  0.0000 -0.0142  5.7316
140  28  0.0323  0.0073  5.9487
148  28  0.0144 -0.0021  9.6424
156  28 -0.0147  0.0019 18.8637
164  28 -0.0030  0.0031 25.4556
172  28 -0.0024  0.0036 16.4537
180  28  0.0054  0.0014  7.8683
188  28  0.0000  0.0000  7.3715
196  28  0.0013 -0.0654  6.8005
204  28  0.0000  0.0000  6.9127
212  28  0.0106 -0.0697  6.6838
220  28  0.0595 -0.0824  6.1675
228  28  0.0149 -0.0066  5.9985
236  28 -0.0010 -0.0787  6.5581
244  28  0.0000  0.0000  6.5855
252  28  0.0000  0.0000  6.7037
260  28  0.0000  0.0000  7.3417
268  28  0.0000  0.0000  8.2661
276  28  0.0000  0.0000  7.3554
284  28  0.0000  0.0000  6.8034
292  28  0.0000  0.0000  6.7393
  4  36  0.0000  0.0000 10.5319
 12  36  0.0520  0.3964  5.9864
 20  36 -0.2388  0.0508  7.9333
 28  36  0.0463  0.0189 17.6585
 36  36 -0.0198  0.1100 14.7842
 44  36  0.0101  0.1409 14.0895
 52  36 -0.0867  0.1411 16.0112
 60  36  0.0000  0.0000 14.3415
 68  36  0.0827  0.0257  9.8664
 76  36  0.0000  0.0000  8.8816
 84  36  0.0000  0.0000  9.3399
 92  36  0.0000  0.0000  9.4928
100  36  0.0000  0.0000 13.7892
108  36  0.0000  0.0000  0.0000
116  36  0.0000  0.0000  0.0000
124  36  0.0000  0.0000  0.0000
132  36  0.0000  0.0000  0.0000
140  36  0.0000  0.0000  0.0000
148  36 -0.0013 -0.0002 11.3201
156  36 -0.0019 -0.0123 10.6893
164  36 -0.0050 -0.0035 12.0231
172  36 -0.0781  0.0031 12.5216
180  36 -0.0023 -0.0097  6.9754
188  36  0.0000  0.0000  7.4054
196  36  0.1771 -0.0051  9.0057
204  36  0.0097  0.1259 10.4827
212  36  0.0538  0.0294 13.0790
220  36 -0.1240 -0.0127 10.5785
228  36 -0.0308  0.1395 11.3717
236  36 -0.0179 -0.0423 15.1609
244  36  0.0000  0.0000 13.7993
252  36  0.0360  0.1854 12.6331
260  36  0.0000  0.0000 11.0903
268  36  0.0000  0.0000  6.8970
276  36  0.0000  0.0000 16.6957
284  36  0.0000  0.0000 16.6956
292  36  0.1721  0.0502 11.1139
  4  44  0.0000  0.0000 16.7477
 12  44  0.0000  0.0000 12.1422
 20  44  0.0000  0.0000 10.3707
 28  44  0.0000  0.0000  8.4598
 36  44  0.0000  0.0000  8.2706
 44  44  0.2771  0.0109  7.2462
 52  44  0.0000  0.0000  0.0000
 60  44  0.0000  0.0000  0.0000
 68  44  0.0000  0.0000  0.0000
 76  44  0.0000  0.0000  0.0000
 84  44 -0.1415  0.0400 12.6420
 92  44  0.0000  0.0000 11.1304
100  44  0.0000  0.0000 19.1045
108  44  0.0000  0.0000  0.0000
116  44  0.0000  0.0000  0.0000
124  44  0.0000  0.0000 11.1304
132  44  0.0000  0.0000  0.0000
140  44 -0.0925 -0.0106  5.6467
148  44  0.0129  0.0009 12.7227
156  44  0.0000  0.0000 17.1097
164  44 -0.0186 -0.0028 10.7781
172  44  0.0093 -0.0217 27.8788
180  44  0.0019  0.0000  6.3956
188  44  0.0000  0.0000 11.9011
196  44  0.0000  0.0000  9.2086
204  44 -0.1400  0.1232 10.8558
212  44  0.1387 -0.0209 11.9246
220  44 -0.0033  0.1355 11.2402
228  44 -0.1028  0.0148 13.0815
236  44 -0.0265  0.0479 12.7185
244  44 -0.0847  0.2034  8.8418
252  44 -0.0256  0.1117 10.5874
260  44  0.0385 -0.0066 15.3396
268  44  0.0329 -0.0139 12.1370
276  44 -0.0901 -0.0126 17.6623
284  44 -0.0544 -0.0892 20.7242
292  44  0.0978  0.0770 10.2366
  4  52  0.0468  0.0120  9.4302
 12  52  0.0000  0.0000 13.7892
 20  52  0.0000  0.0000  0.0000
 28  52  0.0000  0.0000  0.0000
 36  52  0.0000  0.0000 11.1304
 44  52  0.0000  0.0000  0.0000
 52  52  0.0000  0.0000  0.0000
 60  52  0.0000  0.0000 17.0667
 68  52  0.0000  0.0000 11.1304
 76  52  0.0000  0.0000  0.0000
 84  52 -0.6907  0.2991  8.0688
 92  52  0.0000  0.0000 15.6768
100  52  0.1120 -0.0433 13.5925
108  52 -0.5000  0.1588 10.5785
116  52 -0.4043  0.4043  8.0000
124  52  0.0000  0.0000  9.4208
132  52 -0.2780 -0.1270 13.3759
140  52  0.0267 -0.0178  9.1059
148  52 -0.0424  0.0445  5.7185
156  52  0.0000  0.0000  5.7360
164  52 -0.0090  0.0261  5.9008
172  52 -0.0013 -0.0546  5.9848
180  52  0.0441  0.0116  7.7461
188  52  0.0000  0.0000  0.0000
196  52  0.0000  0.0000 19.1045
204  52  0.0000  0.0000  0.0000
212  52  0.0000  0.0000  0.0000
220  52  0.0000  0.0000 11.1304
228  52  0.0000  0.1993  6.1505
236  52  0.0121 -0.1720  8.1091
244  52 -0.0245 -0.1385 11.4998
252  52  0.0000  0.0000 11.5903
260  52  0.1809  0.2624  7.4084
268  52  0.0000  0.0081  9.8619
276  52 -0.1046 -0.0221  9.0353
284  52  0.0671 -0.0483 10.1554
292  52  0.0000  0.0000 15.3589
  4  60  0.0000  0.0000 16.1088
 12  60  0.0000  0.0000 11.1304
 20  60 -0.2780  0.1270 13.3759
 28  60 -0.5000  0.0000  8.8276
 36  60  0.0000  0.0000  0.0000
 44  60  0.0000  0.0000  0.0000
 52  60  0.0677  0.2414 11.7124
 60  60  0.0000  0.0000 18.9370
 68  60  0.0000  0.0000 11.1304
 76  60  0.0000  0.0000  0.0000
 84  60  0.0000  0.0000 16.6957
 92  60  0.1686  0.1306 11.5290
100  60 -0.0590  0.0043 14.3913
108  60  0.2392  0.2437 10.3034
116  60  0.0000  0.0000 11.1304
124  60  0.0000  0.0000  0.0000
132  60  0.0000  0.0000 11.1304
140  60  0.0000  0.0000 16.1088
148  60  0.0000  0.0000 11.9011
156  60  0.0000  0.0000 12.0628
164  60  0.0000  0.0735  9.9877
172  60  0.1960 -0.5000 11.1304
180  60  0.0000 -0.3145  9.3674
188  60  0.0000  0.0000  0.0000
196  60  0.0000  0.0000  0.0000
204  60  0.0000  0.0000  0.0000
212  60  0.0000  0.0000  0.0000
220  60  0.5000  0.0000 11.1304
228  60 -1.5000  0.5000  6.8449
236  60  0.0000  0.0000  0.0000
244  60  0.0000  0.0000 16.1088
252  60  0.2655  0.2037  7.2102
260  60  0.0314 -0.2009 11.0593
268  60  0.0000  0.0000  9.4948
276  60  0.1546 -0.0660 18.6254
284  60  0.0000  0.0000  0.0000
292  60  0.3145 -0.0264 11.0777
  4  68  0.0000  4.5000  4.0635
 12  68  0.0000  0.0000  0.0000
 20  68 -0.5000  4.5000  4.0635
 28  68  2.5000 -0.1588 10.5785
 36  68 -0.5000 -0.1588 10.5785
 44  68  0.0000  0.0000  0.0000
 52  68  0.0000  0.0000 20.7059
 60  68  0.0000  0.0000 10.5846
 68  68  0.0833  1.3063 13.0691
 76  68 -3.1698  1.5845  7.3655
 84  68 -0.0376 -0.1068  9.1045
 92  68  0.0000  0.0000  9.8877
100  68  0.0000  0.0000 11.1304
108  68 -0.0601  0.2928  7.5080
116  68 -0.2625  0.3389  7.7449
124  68 -0.0608 -0.2172 11.8291
132  68  0.0000 -0.0965 20.1348
140  68  0.0000  0.0000 12.3458
148  68  0.0000  0.0000 17.0667
156  68  0.0000  0.0000 17.0667
164  68  0.0000  0.0000 25.7482
172  68 -0.0480  0.0076 12.0923
180  68  0.0000  0.0000 22.2609
188  68  0.0000  0.0000 11.1304
196  68  0.0000  0.0000 11.1304
204  68 -0.3487  0.0786  7.3143
212  68  0.0000  0.0000 11.1304
220  68  1.3070 -0.0337 12.4709
228  68  0.0000  0.0000  0.0000
236  68  0.0000  0.0000 11.1304
244  68  0.0000  0.0000  0.0000
252  68  0.0000  0.0000 11.1304
260  68  0.3290  2.8274  8.0000
268  68 -0.1700 -0.0845  7.1519
276  68  0.0000  0.5000  6.9728
284  68  0.0000  1.5000 11.7291
292  68 -0.5000  0.0000  8.8276
  4  76  0.0000  0.0000 11.1304
 12  76  0.2780  0.1270 13.3759
 20  76  0.2571  0.1311  7.2040
 28  76  0.0000  0.0000  0.0000
 36  76  0.0000 -0.5000  8.8276
 44  76  0.0000 -0.3951 10.2487
 52  76 -0.3705  0.1858  8.6137
 60  76  0.1044 -0.0882 10.4192
 68  76  0.1101 -0.0960 10.5446
 76  76  0.0000  0.0000 16.1088
 84  76  0.0000  0.0000  0.0000
 92  76  0.0000  0.0000  0.0000
100  76  0.0000  0.0000  0.0000
108  76  0.0000  0.0000  0.0000
116  76  0.0000  0.0000 16.1416
124  76  0.0000  0.0000 11.1304
132  76  0.0000  0.0000 16.1088
140  76  0.0000  0.0000 16.4760
148  76  0.0000  0.0000 11.8583
156  76  0.0000  0.0000 12.1905
164  76 -0.1548  0.5000 10.8245
172  76  0.0000  0.0000  0.0000
180  76  0.0000  0.0000  0.0000
188  76  0.0000  0.0000  0.0000
196  76  0.0000  0.0000  0.0000
204  76  0.0000  0.0000 16.1088
212  76  0.0000  0.0000 16.1088
220  76  0.0000  0.0000 20.7059
228  76  0.0000  0.0000  0.0000
236  76  0.0000  0.0000  0.0000
244  76  0.0000  0.0000  0.0000
252  76  0.0000 -0.5000  8.8276
260  76  0.0000  0.0000 11.1304
268  76 -0.1180 -0.5000  9.2850
276  76  0.0000  0.0000 16.1088
284  76  0.0000  0.0000  0.0000
292  76  0.0000  0.0000  0.0000
  4  84 -0.0677  0.2414 11.7124
 12  84  0.0000  0.0000 11.0903
 20  84  0.3738  1.3205  8.3498
 28  84  0.0000 -0.5000  8.8276
 36  84  0.0216 -0.1050  8.9650
 44  84  1.0472 -0.5000  8.7325
 52  84  0.1963 -0.0871  7.6910
 60  84  0.0000  0.0000 10.5211
 68  84 -0.0597 -0.0692 14.1856
 76  84  0.0000  0.0000 13.1200
 84  84  0.0000  0.0000 11.5998
 92  84  0.0000  0.0000  0.0000
100  84 -0.0418  0.1521 12.6567
108  84  0.0000  0.0000 20.7059
116  84  0.1556  0.0000 12.2969
124  84  0.0000  0.0000 18.9370
132  84 -0.1463 -0.0265  7.9644
140  84  0.0000  0.0000 16.1088
148  84  0.0000  0.0000 11.1304
156  84  0.0000  0.0000 12.0628
164  84  0.0000 -0.1960 11.1304
172  84  0.0000  0.0000 19.1045
180  84  0.0000  0.0000 11.1304
188  84  0.0000  0.0000  0.0000
196  84  0.0000  0.0000 11.1304
204  84  0.0000  0.0000 11.1304
212  84  0.9239  0.1505  7.9742
220  84  0.0000  0.0000 11.1304
228  84  0.0000  0.0000 12.0628
236  84  2.5000  0.0000  8.8276
244  84  2.5000  0.0000  8.8276
252  84  0.0000  0.0000 11.1304
260  84  0.0000  0.0000 16.1088
268  84 -0.2414  0.0000 11.1304
276  84  0.0000  0.0000 11.1304
284  84  0.0000  0.0000 16.1088
292  84  0.0000  0.0000  0.0000
  4  92 -0.1307 -0.1430  9.1257
 12  92  0.0000  0.0000  0.0000
 20  92  0.0000  0.0000 19.4783
 28  92 -0.0272 -0.0238 11.1899
 36  92  0.1960 -0.5000 11.1304
 44  92  0.2371 -0.7429  8.9106
 52  92 -0.1547  0.0302  9.2599
 60  92  0.0000  0.0000  0.0000
 68  92  0.0000  0.0000 16.1088
 76  92  0.0000  0.0000  0.0000
 84  92  0.0298  0.0496 10.5666
 92  92 -0.0078  0.0596 19.5884
100  92  0.0000  0.0000  8.0000
108  92  0.0000  0.0000 11.1304
116  92  0.5000  0.0000 11.1304
124  92 -0.0869  0.0000 13.6426
132  92  0.0000  0.0000  0.0000
140  92  0.0000  0.0000 16.1088
148  92 -0.5000  0.0000  8.8276
156  92  0.0000  0.0000 19.1045
164  92  0.0000  0.0000 19.1045
172  92  0.0000  0.0000 17.0667
180  92  0.0000  0.0000 10.6667
188  92  0.0000  0.0000  0.0000
196  92  0.0000  0.0000  0.0000
204  92  0.0000  0.0000  0.0000
212  92  0.0000  0.0000 11.1304
220  92  0.0000  0.0000  0.0000
228  92  0.0000  0.0000 17.2183
236  92  0.0000  0.0000  0.0000
244  92  2.5000  0.0000  8.8276
252  92 -0.1138 -0.1162 11.2671
260  92  0.0000  0.0000  0.0000
268  92 -0.2414  0.0000 11.1304
276  92  0.0000  0.0000 11.1304
284  92  0.0000  0.0000 11.1304
292  92  0.0000  0.0000  0.0000
  4 100  0.0000  0.0000 11.1304
 12 100  0.0000  0.0000 18.8048
 20 100  0.0672  0.0000  9.3177
 28 100  0.0000  0.0000  8.8276
 36 100  0.0072 -0.0950 10.7246
 44 100  0.0000  0.0000 24.3712
 52 100  0.0360  0.0100 12.1143
 60 100 -0.3329 -0.0842  7.1879
 68 100  0.0000  0.0000  0.0000
 76 100  0.0832  0.3131  9.8462
 84 100  0.0000  0.0000 16.1088
 92 100 -4.5000  0.0830 13.8795
100 100  0.0000  0.0000  0.0000
108 100  0.0000  0.0000 11.1304
116 100  0.0000  0.0000 16.1088
124 100  0.0000  0.0000 17.2183
132 100  0.0000  0.0000 11.1304
140 100  0.5000 -0.2012  9.9121
148 100  0.0000  0.0000  0.0000
156 100 -0.5000  0.0000 11.1304
164 100  0.0000  0.0000  0.0000
172 100  0.0000  0.0000 16.1088
180 100 -0.2780 -0.1270 13.3759
188 100  0.0000  0.0000  0.0000
196 100  0.0000  2.5000  8.8276
204 100  0.0000  0.0000 11.1304
212 100  0.0000  0.0000 16.1088
220 100  0.0000  0.0000 20.7059
228 100  0.0000  0.0000 16.1088
236 100  0.0000  0.0000  0.0000
244 100  0.0000  0.0000  0.0000
252 100  0.0000  0.0000 16.1088
260 100 -0.0418 -0.1521 12.6567
268 100  0.0000  0.0000 11.1304
276 100  0.0000  0.0000  0.0000
284 100  0.0000  0.0000 11.1304
292 100  0.0000  0.0000 16.1088
  4 108  0.0610 -1.0000  8.9210
 12 108  0.0000 -0.5000  8.8276
 20 108  0.0000  0.0000  8.0000
 28 108  0.0000  0.0000 11.9011
 36 108  0.0000  0.0000  0.0000
 44 108  0.1468 -0.7158 12.0903
 52 108  0.0000  2.5000  8.8276
 60 108  0.0000  2.5000  8.8276
 68 108 -0.5000  0.0265 11.4627
 76 108  0.0000  0.0000 16.1088
 84 108  0.0000  0.0000 16.1088
 92 108  0.0000  0.0000 11.1304
100 108 -0.5000  0.0000  8.8276
108 108  0.0000  0.0000 11.1304
116 108  0.0322 -0.2139  6.8320
124 108 -0.0190  0.0846  6.5811
132 108 -0.0091 -0.0991 18.7452
140 108  0.0000  0.0000  0.0000
148 108  0.0000  0.0000  0.0000
156 108  0.0000  0.0000 12.0628
164 108  0.0000  0.0000 11.1304
172 108  0.0000  0.0000 11.1304
180 108  0.0000  0.0000  0.0000
188 108  0.0000  0.0535 10.0787
196 108  0.0000  0.0000 11.1304
204 108  0.0000  0.0000  0.0000
212 108 -0.5000  0.0000  8.8276
220 108  0.0000  0.0000 11.1304
228 108  0.0000  0.0000  8.2581
236 108  0.0000  0.0000  0.0000
244 108  0.0000  0.0000  0.0000
252 108  0.0000  0.0000 11.1304
260 108 -0.4681  0.0000  9.5738
268 108 -0.5000  0.0000 11.1304
276 108  0.0000  0.0000  0.0000
284 108  0.0000  0.0000  0.0000
292 108  0.0000  0.0000  0.0000
  4 116 -0.0955 -0.3105 12.8000
 12 116  0.0000  0.0000 16.1088
 20 116  0.0000  0.0000 19.4783
 28 116  0.0000  0.0000  0.0000
 36 116  0.0000  0.0000  0.0000
 44 116  0.0000  0.0000  0.0000
 52 116  4.5000 -0.2391  8.2581
 60 116  0.0000  0.0000 16.1088
 68 116  0.0000  0.0000 11.1304
 76 116  0.0000  0.0000 16.1088
 84 116  0.1841 -0.0418 12.3683
 92 116  0.0000  0.1960 11.1304
100 116  0.0000  0.0000 12.0628
108 116  0.0000  0.0000 11.1304
116 116  0.1012  0.1548  5.5120
124 116 -0.0269 -0.0079  6.9487
132 116  0.0862  0.0786 10.7622
140 116  0.0000  0.0000 11.1304
148 116  0.0000  0.0000 11.1304
156 116  0.0000  0.0000 12.0628
164 116  0.0000  0.0000  0.0000
172 116  0.0000  0.0000  0.0000
180 116  0.0000  0.0000  0.0000
188 116  0.0000  0.0000 11.1304
196 116  0.0000  0.0000 11.1304
204 116  0.0000  0.0000 11.1304
212 116  0.0000  0.0000  0.0000
220 116  0.0000  0.0000 16.1088
228 116  0.0000  0.0000 11.1304
236 116  0.0000  0.0000  0.0000
244 116  0.0000  0.0000  0.0000
252 116  0.0000  0.0000  0.0000
260 116  0.0000  0.0000  0.0000
268 116  0.3329 -0.0842  7.1879
276 116  0.1014 -0.0633 14.0729
284 116  0.0000  0.0000 16.1088
292 116  0.0000  0.0000 11.1304
  4 124  0.0000  0.0000  0.0000
 12 124  0.0000  0.0000 11.1304
 20 124  0.0000  0.0000  0.0000
 28 124  0.0000  0.0000  0.0000
 36 124  0.0000  0.0000  0.0000
 44 124 -0.2040  0.2501 16.7749
 52 124  0.0000  0.0000  8.0000
 60 124  2.5000  0.0000  8.8276
 68 124  0.0000  0.0000  0.0000
 76 124 -0.8967 -1.6504 10.1123
 84 124  0.0000  0.0000  0.0000
 92 124  0.0000  0.0000  0.0000
100 124 -0.1535  0.0643 13.8667
108 124  0.0000  0.0000 16.1088
116 124  0.0000  0.0000  9.7047
124 124  0.0000  0.0000 11.1304
132 124  0.0000  0.0000 16.1088
140 124  0.0000  0.0000  0.0000
148 124 -1.3070 -0.0337 12.4709
156 124  0.0582  0.0292 15.7491
164 124  0.0000  0.0000  0.0000
172 124  0.0000  0.0000 11.1304
180 124  0.0000  0.0000 11.1304
188 124  0.0000  0.0000 11.1304
196 124  0.0000  0.0000 11.1304
204 124  0.0000  0.0000 16.1088
212 124  0.1063  0.0000  6.9728
220 124  0.0000  0.0000  0.0000
228 124  0.0000  0.0000 16.1088
236 124  0.0000  0.0000  0.0000
244 124  0.0000  0.0000  0.0000
252 124  0.0000  0.0000  0.0000
260 124  0.0000  0.0000  0.0000
268 124  0.0000  0.0000  0.0000
276 124  0.0000  0.0000 10.1191
284 124  0.1151 -0.1151 16.5161
292 124  0.0000  0.0000  0.0000
  4 132  0.0000  0.0000  0.0000
 12 132  0.0000  0.0000  0.0000
 20 132  0.0000  0.0000  0.0000
 28 132  0.0000  0.0000 11.1304
 36 132  0.0000  0.0000 16.6957
 44 132  0.0000  0.0000 16.1088
 52 132  0.0000  0.0000  0.0000
 60 132  0.0000  0.0000 11.1304
 68 132  2.5000  0.0000  8.8276
 76 132  0.0000  2.5000  8.8276
 84 132  0.0000  0.0000  0.0000
 92 132 -0.1784  0.1766  8.3095
100 132  0.0000  0.0000  0.0000
108 132  0.0000  0.0000 11.1304
116 132  0.0000  0.0000 16.1088
124 132  0.0000  0.0000  0.0000
132 132  0.0000  0.0000 11.1304
140 132  0.0000  0.0000  0.0000
148 132  0.0000  0.0000  0.0000
156 132 -0.6001 -0.1776  6.9856
164 132  0.0000  0.0000  0.0000
172 132 -0.5000  0.0000  8.8276
180 132  0.0000  0.0000 11.1304
188 132  0.0000  0.0000  0.0000
196 132  0.0000  0.0000  0.0000
204 132  0.0000  0.0000 11.1304
212 132 -0.1998 -0.0722  9.9177
220 132  0.0000  0.0000 11.1304
228 132  0.0000  0.0000 11.9011
236 132  0.0000  0.0000 16.1088
244 132  0.0000  0.0000  0.0000
252 132  0.0000  0.0000  0.0000
260 132  0.0000  0.0000 11.1304
268 132  0.0000  0.0000 11.1304
276 132  0.0000  0.0000 16.1088
284 132  0.0000  0.5000  8.0688
292 132  0.0000  2.5000  8.8276
  4 140  0.0000  0.0000  0.0000
 12 140  0.0000  0.0000  0.0000
 20 140  0.0000  0.0000  0.0000
 28 140  0.0000  0.0000 16.1088
 36 140  0.0000  0.0000  8.0190
 44 140  0.0000  0.0000  0.0000
 52 140  0.0000  0.0000 11.1304
 60 140  0.0000  0.0000 11.1304
 68 140  0.0000  0.0000 11.1304
 76 140  2.3677  0.1145 12.8207
 84 140 -0.5000  4.5000  4.0635
 92 140 -0.1927  0.0788 17.1842
100 140  0.0000  0.0000 12.0628
108 140  0.0000  0.0000  0.0000
116 140  0.0000  0.0000 19.1045
124 140  0.0000  0.0000 11.1304
132 140  0.0000  0.0000  0.0000
140 140  0.0000  0.0000  0.0000
148 140  0.0000  0.0000  0.0000
156 140 -0.0610 -0.5000  7.7665
164 140  0.0000  0.0000  0.0000
172 140  0.0000  0.0000  0.0000
180 140  0.0000  0.0000 11.1304
188 140  0.0000  0.0000  8.0000
196 140  0.0000  0.0000 11.1304
204 140  0.0000 -0.1960 11.1304
212 140  0.0000  0.0000 11.1304
220 140  0.0000  0.0000  0.0000
228 140  0.2780  0.1270 13.3759
236 140 -0.1841 -0.0418 12.3683
244 140  0.0000  2.5000  8.8276
252 140 -0.1142 -0.1142 10.6035
260 140  0.0000  0.0000  0.0000
268 140  0.0000  0.0000  0.0000
276 140  0.0000  0.0000 16.1088
284 140  0.0000  0.0000 11.1304
292 140  0.0000  0.0000  0.0000
  4 148  0.0000  0.0000  0.0000
 12 148  0.0000  0.0000  0.0000
 20 148  0.0000  0.0000 11.1304
 28 148 -0.3857  0.0448  9.2896
 36 148  0.0000  0.0000  0.0000
 44 148  0.0000  0.0000  0.0000
 52 148  0.0000  0.0000  0.0000
 60 148  0.0000  0.0000  0.0000
 68 148  0.0000  0.0000 12.0628
 76 148  0.0000  0.0000  0.0000
 84 148  0.0000  0.0000 16.1088
 92 148  0.0000  0.0000 19.1045
100 148  0.0000  0.0000  8.2581
108 148  0.0000  0.0000  0.0000
116 148  0.0000  0.0000 16.1088
124 148  0.0000  0.0000 16.1088
132 148 -0.1960  2.5000 11.1304
140 148  0.0000  0.0000 16.1088
148 148  0.0000  0.0000 16.1088
156 148 -1.0000  0.0000  9.2850
164 148 -0.5000  0.0000 11.1304
172 148  0.0000  0.0000  0.0000
180 148  0.0000  0.0000 11.1304
188 148  0.0000  0.0000 13.0803
196 148  0.0000  0.0000  0.0000
204 148  0.0000  0.0000  0.0000
212 148  0.0000 -2.0000 11.1304
220 148 -0.1960 -0.5000 11.1304
228 148  0.0000  0.0000  0.0000
236 148  0.0000  0.0000 16.1088
244 148  0.0000  0.0000 11.9011
252 148 -0.5000  0.0000  8.8276
260 148  0.0000  0.0000 11.1304
268 148  0.0000  0.0000 11.1304
276 148  0.0000  0.0000  0.0000
284 148  0.0000  0.0000  0.0000
292 148  0.0000  0.0000 11.1304
  4 156  0.0000  0.0000  0.0000
 12 156  0.0000  0.0000  0.0000
 20 156  0.0000  0.0000 11.1304
 28 156  0.0000  0.0000 11.1304
 36 156  0.0000  0.0000  0.0000
 44 156  0.0000  0.0000  0.0000
 52 156  0.0000  0.0000  0.0000
 60 156  0.0000  0.0000 11.1304
 68 156  1.0575  0.1618  7.5801
 76 156 -0.4256 -0.1293  7.2484
 84 156  0.0000  0.1174  9.1793
 92 156 -0.3732  0.3694 10.3318
100 156 -1.3070 -0.0337 12.4709
108 156  0.0000  0.0000  0.0000
116 156 -0.1960  0.0000 11.1304
124 156  0.0000  0.0000 11.1304
132 156  0.0000  0.0000  0.0000
140 156  0.0000  0.0000  0.0000
148 156  0.0000  0.0000  0.0000
156 156  0.0000  0.0000 11.1304
164 156  0.0000  0.0000 13.0803
172 156  0.0000  0.0000  0.0000
180 156 -1.0000  0.0000  9.2850
188 156  0.0000  0.0000 12.0628
196 156  0.0000  0.0000  0.0000
204 156  0.0000  0.0000  0.0000
212 156  0.0000  0.0000 11.1304
220 156  0.0000  0.0000  0.0000
228 156  0.0000  2.5000  8.8276
236 156  0.0000  0.0000  0.0000
244 156  0.0000  0.0000  0.0000
252 156  0.0000  0.0000 12.0455
260 156  0.0000  0.0000  0.0000
268 156 -2.0761 -0.1459 14.3598
276 156  0.0000  0.0000  0.0000
284 156  0.0000  0.0000 11.1304
292 156  0.1546 -0.0660 18.6254
  4 164  0.0000  0.0000 16.1088
 12 164  0.0000  0.0000  0.0000
 20 164  0.0000 -0.5000  8.8276
 28 164  0.0000  0.0000 16.1088
 36 164  0.0000  0.0000 11.1304
 44 164  0.0000  0.0000  0.0000
 52 164  0.0000  0.0000  0.0000
 60 164  0.0000  0.0000 12.0455
 68 164  0.0000  0.0000  0.0000
 76 164  0.0000  0.0000 21.6135
 84 164  0.0000  0.0000  0.0000
 92 164 -0.5000  0.0000 11.1304
100 164 -1.5000  0.0000  8.2581
108 164  0.0000  0.0000 16.1088
116 164  0.0000  0.0000  0.0000
124 164  0.0000  0.0000  0.0000
132 164  0.0000  0.0000  0.0000
140 164  0.0000  0.0000 16.1088
148 164 -0.4043  0.4043  8.0000
156 164  0.0000  0.0000  8.2581
164 164  0.1556  0.0000 12.2969
172 164  0.0000  0.0000  0.0000
180 164  0.0000  0.0000  8.2581
188 164  0.5000  0.0000 11.1304
196 164  0.0000  0.0000  0.0000
204 164  0.0000  0.0000 11.1304
212 164  0.2780  0.1270 13.3759
220 164  0.0000  0.0000  0.0000
228 164 -0.0585  0.2413 13.6170
236 164  0.0000  0.0000  0.0000
244 164  0.0000  0.0000  0.0000
252 164  0.0000 -0.5000  8.8276
260 164  0.0000  0.0000  0.0000
268 164  0.0000  0.0000  0.0000
276 164  0.0000  0.0000  0.0000
284 164  0.0000  0.0000  0.0000
292 164  0.0000  0.0000  0.0000
  4 172  0.0000  0.0000  0.0000
 12 172  0.0000  0.0000  0.0000
 20 172  0.0000  0.0000  0.0000
 28 172  0.0698 -0.2911 10.5124
 36 172  0.0000  0.0000 17.0667
 44 172  0.0000  0.0000  0.0000
 52 172  0.0000  0.0000 16.1088
 60 172 -1.1733  0.0000  8.5333
 68 172 -0.2190 -0.2525 10.3911
 76 172  0.0000  0.0000  0.0000
 84 172  0.0000  0.0000  0.0000
 92 172  0.0000  0.0000  0.0000
100 172  0.0000  0.0000 11.1304
108 172  0.0000  0.0000 16.1088
116 172  0.0000  0.0000  0.0000
124 172  0.0000  0.0000  0.0000
132 172  0.0000  2.5000  8.8276
140 172  0.3732  0.3694 10.3318
148 172  0.0000  0.0000 12.0628
156 172  1.5000  0.0000  8.2581
164 172  0.0698 -0.2911 10.5124
172 172  0.0000  0.0000 11.1304
180 172  0.0000  2.5000  8.8276
188 172  0.0418 -0.1521 12.6567
196 172  0.0000  0.0000  0.0000
204 172  0.0000  0.0000  0.0000
212 172  0.0000  0.0000 11.1304
220 172  0.0000  0.0000 11.9011
228 172  0.1151  0.1151 16.5161
236 172  0.0000  0.0000 11.1304
244 172  0.0000  0.0000 11.1304
252 172  0.0000  0.0000  0.0000
260 172  0.0000  0.0000 11.1304
268 172  0.0000  0.0000 11.1304
276 172  0.0000  0.0000 11.1304
284 172  0.0000  0.0000  0.0000
292 172  0.0000  0.0000  0.0000
  4 180  0.0000  0.0000  0.0000
 12 180  0.0000  0.0000  0.0000
 20 180  0.0000  0.0000 12.0455
 28 180  0.0000  0.0000 11.1304
 36 180  0.0000  0.0000 11.1304
 44 180  0.0000  0.0000 11.1304
 52 180  0.0000  0.0000 12.0455
 60 180 -0.3290  2.8274  8.0000
 68 180  0.0308  0.1823 13.1845
 76 180  0.0000  0.0000  0.0000
 84 180  0.0000  0.0000  0.0000
 92 180  0.0000  0.0000  0.0000
100 180  0.0000  0.0000 12.0628
108 180  0.0000  0.0000 11.1304
116 180  0.0000  0.0000  0.0000
124 180  0.0000  0.0000 11.1304
132 180  0.0000  0.0000 11.1304
140 180  0.0000  0.0000  0.0000
148 180  0.0000  0.0000 12.0455
156 180  0.0000  0.0000 11.1304
164 180 -0.1556  0.0000 12.2969
172 180  0.0000  0.0000 11.1304
180 180  0.0000  2.5000  8.8276
188 180  0.0418  0.1521 12.6567
196 180  0.0000  0.0000 11.1304
204 180 -0.5000  0.0000  8.8276
212 180  0.0000  0.0000  0.0000
220 180  0.0000  0.0000  0.0000
228 180  0.0000  0.0000 11.1304
236 180  0.0000  0.0000 11.1304
244 180  0.0000  4.5000  4.0635
252 180  0.0000  0.0000  0.0000
260 180  0.0000  0.0000  0.0000
268 180  0.0000  0.0000  0.0000
276 180  0.0000  0.0000  0.0000
284 180  0.0000  0.0000  0.0000
292 180  0.0000  0.0000  0.0000
  4 188  0.0000  0.0000  0.0000
 12 188  0.0000  0.0000  0.0000
 20 188  0.0000  0.0000 12.0628
 28 188 -0.5000  0.1588 10.5785
 36 188  0.0000  0.0000 10.4446
 44 188  0.1912  0.0000 12.4272
 52 188 -1.5000  0.0000  8.2581
 60 188  0.0000 -0.5000  8.8276
 68 188  0.5000  0.0000 11.1304
 76 188  0.0000  0.0000 11.1304
 84 188  0.0000  0.0000  0.0000
 92 188  0.0000  0.0000  0.0000
100 188 -0.0832 -0.3131  9.8462
108 188  2.5000  0.0000 11.1304
116 188  0.0000  0.0000  0.0000
124 188  0.0000  2.5000  8.8276
132 188  0.0000  0.0000 11.1304
140 188  0.0000  0.0000  0.0000
148 188  0.0000  0.0000 12.0628
156 188  0.0000  0.0000  0.0000
164 188  0.0000  0.0000 12.0628
172 188  0.0000  0.0000  0.0000
180 188  0.0000  0.0000  0.0000
188 188 -1.0000  0.0000  9.2850
196 188  0.0000  0.0000  0.0000
204 188  0.0000  0.0000  0.0000
212 188  0.0000  0.0000  0.0000
220 188  0.0000  0.0000  0.0000
228 188  0.0000  0.0000  0.0000
236 188  0.0000  0.0000  0.0000
244 188  0.0000  0.0000  0.0000
252 188  0.0000  0.0000  0.0000
260 188  0.0000  0.0000  0.0000
268 188  0.0000  0.0000 11.1304
276 188  0.0000  0.0000 11.1304
284 188  0.0000  0.0000  0.0000
292 188  0.0000  0.0000  0.0000
  4 196  0.0000  0.0000 11.1304
 12 196 -0.0101 -0.1146 17.4161
 20 196  0.1841 -0.0418 12.3683
 28 196  0.0042 -0.0593  9.3687
 36 196  0.0218 -0.1191 12.2257
 44 196  0.0610 -0.5000  7.7665
 52 196  0.0000  0.0000  0.0000
 60 196 -0.2064 -0.3901  9.8462
 68 196  0.0000  0.0000  0.0000
 76 196  0.0000  0.0000  0.0000
 84 196  0.0000  0.0000  0.0000
 92 196  0.0000  0.0000  0.0000
100 196  1.5000  0.0000  8.2581
108 196  0.0000  0.0000 11.1304
116 196  0.0000  0.0000  0.0000
124 196  0.0000  0.0000 11.1304
132 196  0.0000  0.0000 11.1304
140 196  0.0000  0.0000 19.1045
148 196  0.1960  0.0000 11.1304
156 196  0.0000  0.0000  0.0000
164 196  0.0000  0.0000 13.0803
172 196  0.0000  0.0000  0.0000
180 196  0.0000  0.0000  0.0000
188 196  0.0000  0.0000 16.1088
196 196  0.0418  0.1521 12.6567
204 196  0.0000  0.0000  0.0000
212 196  0.0000  0.0000  0.0000
220 196  0.0000  0.0000  0.0000
228 196  0.0000  0.0000  0.0000
236 196  0.0000  0.0000  0.0000
244 196  0.0000  0.0000  0.0000
252 196  0.0000  0.0000  0.0000
260 196  0.0000  0.0000  0.0000
268 196  0.0000  0.0000 11.1304
276 196  0.0000  0.0000  0.0000
284 196  0.0000  0.0000 11.1304
292 196  0.0000  0.0000  8.4768
  4 204  0.0000  0.0000 16.1088
 12 204  0.0458  0.1012 14.0274
 20 204  0.0000  0.0000  9.9341
 28 204  0.1619  0.0019 11.2579
 36 204  0.0275  0.4270  8.2581
 44 204  1.5000  0.0000  8.2581
 52 204  0.8247  0.0000  7.8596
 60 204  0.0000  2.5000  8.8276
 68 204  0.0000  0.0000 11.1304
 76 204  0.0000  0.0000  0.0000
 84 204  0.0000  0.0000  0.0000
 92 204  0.0000  0.0000  0.0000
100 204  0.0000  0.0000  8.2581
108 204  0.0000  0.0000 11.1304
116 204  0.0000  0.0000  0.0000
124 204  0.0000  0.0000 11.1304
132 204  0.0000  0.0000 10.3926
140 204  0.0000  0.0000 11.1304
148 204 -0.0418 -0.1521 12.6567
156 204  0.0000  0.0000  0.0000
164 204  0.1068 -0.5000 14.1617
172 204 -1.3070  0.0337 12.4709
180 204  0.0000  0.0000 11.1304
188 204  0.0000 -0.5000  8.8276
196 204  0.0000  0.0000 12.0455
204 204  0.0000  0.0000  0.0000
212 204  0.0000  0.0000  0.0000
220 204  0.0000  0.0000  0.0000
228 204  0.0000  0.0000  0.0000
236 204  0.0000  0.0000 11.1304
244 204  0.0000  0.0000  0.0000
252 204  0.0000  0.0000  0.0000
260 204  0.0000  0.0000 11.1304
268 204  0.0000  0.0000  0.0000
276 204  0.0000  0.0000 11.1304
284 204  0.0000  0.0000 11.1304
292 204  0.0000  0.0000  0.0000
  4 212  0.0000  0.0000  0.0000
 12 212  0.0000  0.0000 11.1304
 20 212  0.0000  0.0000 11.1304
 28 212 -0.2483 -0.1160  9.3535
 36 212 -0.1960  0.0000 11.1304
 44 212  0.0000 -3.2840  9.2850
 52 212 -0.1151 -0.1151 16.5161
 60 212  0.0000  0.0000 11.1304
 68 212  0.0000  0.0000  0.0000
 76 212  0.0000  0.0000 11.1304
 84 212  0.0000  0.0000 11.1304
 92 212  0.0000  0.0000 11.1304
100 212  0.0000  0.0000  9.2850
108 212  0.0000  0.0000 11.1304
116 212  0.0000  0.0000  0.0000
124 212  0.0000  0.0000 11.1304
132 212  0.0000  0.0000  9.2850
140 212  0.0000  0.0000  0.0000
148 212 -0.1960  0.0000 11.1304
156 212  0.0000  0.0000 11.1304
164 212  0.0000  0.0000 22.2609
172 212  0.0000  0.0000 11.1304
180 212  0.0000  0.0000  0.0000
188 212  0.0000  0.0000 11.1304
196 212  0.0000  0.0000 11.1304
204 212  0.0000  0.0000 19.1045
212 212  0.0000  0.0000  0.0000
220 212  0.0000  0.0000  0.0000
228 212  0.0000  0.0000  0.0000
236 212  0.0000  0.0000 11.1304
244 212  0.0000  0.0000  0.0000
252 212  4.5000 -0.5000  4.0635
260 212  0.0000  0.0000 11.1304
268 212  0.0000  0.0000 11.1304
276 212  0.0000  0.0000  0.0000
284 212  0.0000  0.0000  0.0000
292 212  0.0000  0.0000 16.1088
  4 220  0.0000  0.0000  0.0000
 12 220  0.0000  0.0000  0.0000
 20 220  0.0000  0.0000 14.5615
 28 220  0.0000 -0.5000  8.8276
 36 220  0.0000  0.5000  7.1968
 44 220  0.0000  2.5000  8.8276
 52 220  0.0000  0.0000  0.0000
 60 220  0.0000  0.0000 11.1304
 68 220  0.0000  0.0000 11.1304
 76 220  0.0000  0.0000  0.0000
 84 220  0.0000  0.0000 11.1304
 92 220  0.0000  0.0000 11.1304
100 220  0.0000  0.0000 12.0628
108 220  0.0000  0.0000 11.1304
116 220  0.0000  0.0000  0.0000
124 220  0.0000  0.0000 11.1304
132 220  0.0000  0.0000  8.7810
140 220  0.0000  0.0000  0.0000
148 220  0.0698  0.2911 10.5124
156 220  1.5000  0.0000  8.2581
164 220  0.0000  0.0000 11.1304
172 220  0.0000  0.0000 16.1088
180 220  0.0000  4.5000  4.0635
188 220  0.0000  0.0000 11.1304
196 220 -1.5000  0.0000  8.2581
204 220  0.0000  0.0000 11.1304
212 220  0.0000  0.0000  0.0000
220 220  0.0000  0.0000  0.0000
228 220  0.0000  0.0000  0.0000
236 220  0.0000  0.0000  0.0000
244 220  0.0000  0.0000  0.0000
252 220  0.0000  0.0000  0.0000
260 220  0.0000  0.0000  0.0000
268 220  0.0000  0.0000 11.1304
276 220  0.0000  0.0000  0.0000
284 220  0.0000  0.0000 11.1304
292 220  0.0000  0.0000  0.0000
