VARIABLES= "X pix", "Y pix", "U pix/dt", "V pix/dt", "CHC", ZONE I=28, J=37
  4   4  0.0000 -0.0405 11.2747
 12   4 -0.0437 -0.0128 10.9762
 20   4  0.0000  0.0929 10.4890
 28   4 -0.0055  0.0000  9.9802
 36   4  0.0000 -0.0080  8.8254
 44   4  0.0000  0.0160  9.2086
 52   4  0.0073  0.0000  9.1613
 60   4  0.0153  0.0000 10.3602
 68   4  0.0190  0.0000 10.1657
 76   4  0.0164  0.0000 11.0456
 84   4  0.0132  0.0000 11.0456
 92   4 -0.0078  0.0000 11.7574
100   4 -0.0576  0.0000 11.0456
108   4 -0.0927  0.0000 11.7754
116   4 -0.0645  0.0000 11.9577
124   4  0.0309  0.0000 11.4610
132   4  0.0841  0.0000 11.7754
140   4  0.1004  0.0000 11.7754
148   4  0.0964  0.0000 11.7754
156   4  0.0850  0.0000 11.7754
164   4  0.0712  0.0000 11.9577
172   4  0.0456  0.0000 12.0038
180   4  0.0238  0.0000 11.9838
188   4  0.0092  0.0000 10.8943
196   4  0.0000  0.0000 11.9407
204   4 -0.0035  0.0000 11.1469
212   4  0.0085 -0.0241  9.4743
220   4  0.0176 -0.0210 12.2412
228   4 -0.0039  0.0000 12.3152
236   4 -0.0515  0.0000 12.4272
244   4 -0.1020  0.0079 12.3120
252   4 -0.0627  0.0000 11.9834
260   4 -0.0353  0.0000 12.5216
268   4 -0.0177  0.0000 11.2410
276   4  0.0015  0.0000 13.2965
284   4  0.0107  0.0000 11.9696
292   4  0.0121  0.0000 12.3152
  4  12  0.0000  0.0000  8.2581
 12  12  0.0021  0.0000 14.8117
 20  12  0.0000  0.2067 13.4737
 28  12 -0.0383  0.0000 13.0402
 36  12 -0.0813  0.0000 11.3629
 44  12 -0.0815 -0.4681  9.6604
 52  12  0.0000 -0.5000 10.0974
 60  12  0.0240  0.0000  9.2086
 68  12  0.0365  0.0000  7.9731
 76  12  0.0318  0.0000  7.7780
 84  12  0.0130  0.0000  9.8705
 92  12  0.0000  0.2863 11.9626
100  12 -0.0048  0.0000 15.6775
108  12  0.0018  0.0000  8.0688
116  12  0.0047  0.0000  7.7329
124  12 -0.0031  0.0000  8.0070
132  12 -0.0099  0.0000  8.0070
140  12 -0.0050  0.6410  8.1117
148  12  0.1090 -0.0573  7.9913
156  12  0.0112  0.0000 41.3406
164  12 -0.0003  0.0062 35.7485
172  12 -0.0168  0.1690  7.2723
180  12 -0.0312  0.0000  7.3954
188  12 -0.0342  0.0000  7.2460
196  12 -0.0252  0.0000  8.0874
204  12  0.0042  0.0000 10.0205
212  12  0.0106  0.0105  8.1165
220  12  0.0114 -0.0347  9.0364
228  12 -0.0077  0.0000  8.7853
236  12 -0.0114  0.0000  9.0353
244  12 -0.0101  0.0000  9.1681
252  12 -0.0198  0.0000 11.5261
260  12 -0.0678  0.0000 11.7851
268  12 -0.0669  0.0000 10.4999
276  12 -0.0883 -0.0008 11.3390
284  12 -0.0358  0.0000 12.0628
292  12 -0.0068  0.0000 12.4972
  4  20 -0.0108  0.0124  9.0005
 12  20 -0.0502  0.0000  8.8197
 20  20 -0.1048 -0.0158  9.1804
 28  20 -0.0541  0.0000  9.1238
 36  20 -0.0116  0.0000 12.5433
 44  20  0.0090 -0.0044 15.7855
 52  20  0.0000  0.0233 16.6533
 60  20  0.0000 -0.0220 13.0741
 68  20 -0.0063  0.0000 14.4588
 76  20  0.0029  0.0145 19.6127
 84  20  0.0086  0.0129 17.2115
 92  20  0.0028  0.0000 17.8850
100  20  0.0042  0.0000 14.7423
108  20 -0.0073 -0.0157 18.9949
116  20 -0.0275  0.0000 17.1295
124  20 -0.0305  0.0028 16.2418
132  20  0.0153 -0.0032 16.1981
140  20  0.0119 -0.0083 19.6632
148  20 -0.0187  0.0016 33.7452
156  20 -0.0266  0.0000 17.7611
164  20 -0.0245  0.0000 24.3684
172  20 -0.0137  0.0200 24.8381
180  20  0.0238  0.0430 29.1297
188  20 -0.0305  0.0236 27.4628
196  20  0.0426  0.0530 24.1629
204  20  0.0007  0.0000 21.8732
212  20 -0.0055  0.0000 22.9500
220  20  0.0004 -0.0076 21.3930
228  20 -0.0040  0.0000 18.0496
236  20 -0.0225  0.0000 16.5225
244  20 -0.0488  0.0000 17.2102
252  20 -0.0237  0.0000 13.7425
260  20  0.0055  0.0000 13.6893
268  20  0.0230  0.0000 12.6717
276  20 -0.0026  0.0186 12.0985
284  20  0.0000 -0.0088 19.5112
292  20  0.0010  0.0000 20.7656
  4  28  0.0029 -0.0015 11.3728
 12  28  0.0042 -0.0032 21.9917
 20  28 -0.0084 -0.0130 13.2739
 28  28  0.0113  0.0000  8.5123
 36  28  0.0079  0.0000  7.8890
 44  28 -0.0197  0.0000  7.7213
 52  28 -0.0097  0.0000  7.4814
 60  28  0.0000  0.0338  7.1049
 68  28  0.0290  0.0000  8.3923
 76  28  0.0074  0.0000  7.3592
 84  28 -0.0185  0.0000  7.0347
 92  28 -0.0176  0.0070  7.7955
100  28 -0.0001  0.0057  7.8079
108  28  0.0434  0.0000  7.9000
116  28  0.0656  0.0000  9.8396
124  28  0.1210  0.0000  7.3056
132  28  0.0670  0.0000  5.7383
140  28  0.0227  0.0000  6.0009
148  28  0.0032  0.0054  9.5922
156  28  0.0133  0.0000 19.1847
164  28  0.0214 -0.0013 25.6535
172  28  0.0049 -0.0009 16.3099
180  28  0.0004 -0.0064  7.8902
188  28  0.0125  0.0000  7.3715
196  28  0.0444 -0.0034  6.5946
204  28  0.0057  0.0748  6.8900
212  28 -0.0293  0.0077  6.6713
220  28 -0.0011  0.0605  6.1511
228  28  0.0466 -0.0229  5.9064
236  28 -0.0089  0.0118  6.4580
244  28 -0.0006  0.0000  6.5855
252  28  0.0215  0.0000  6.7037
260  28  0.0073  0.0035  7.3268
268  28 -0.0525  0.0000  8.2661
276  28  0.0007  0.0101  7.3797
284  28  0.0108  0.0000  6.8034
292  28  0.0818  0.0000  6.7393
  4  36  0.0537  0.0000 10.5319
 12  36  0.0000 -0.3642  6.3009
 20  36  0.0000  0.0000  8.3017
 28  36  0.0050  0.0000 17.6396
 36  36  0.0533  0.0000 16.2968
 44  36  0.1103  0.0000 16.2968
 52  36  0.1627 -0.0600 17.6458
 60  36  0.0623  0.0000 14.3415
 68  36  0.0000  0.0000 10.1958
 76  36  0.0052  0.0000  8.8816
 84  36  0.0121  0.0000  9.3399
 92  36  0.0014  0.0000  9.4928
100  36 -0.0295  0.0000 13.7892
108  36 -0.0996  0.0000  0.0000
116  36 -0.0587  0.0000  0.0000
124  36 -0.0035  0.0000 17.0667
132  36 -0.0066  0.0000  0.0000
140  36 -0.0545  0.0000  0.0000
148  36 -0.0495  0.0000 11.3483
156  36 -0.0201  0.0000 10.6680
164  36 -0.0313  0.0000 11.9412
172  36 -0.0163  0.0000 12.6449
180  36  0.0023  0.0097  6.9754
188  36 -0.0671  0.0000  7.4054
196  36 -0.1771  0.0051  9.0057
204  36 -0.1061  0.0000 11.5293
212  36 -0.0538 -0.0294 13.0790
220  36  0.1240  0.0127 10.5785
228  36  0.0887  0.0000 12.8227
236  36  0.0317  0.0000 13.7993
244  36  0.0015  0.0000 13.7993
252  36 -0.0131  0.1719 16.2315
260  36  0.0466  0.0000 11.0903
268  36  0.0775  0.0000  6.8970
276  36  0.0000 -0.0833 12.3586
284  36 -0.0678  0.0000 16.6956
292  36 -0.1721 -0.0502 11.1139
  4  44 -0.0107  0.0000 16.7477
 12  44  0.0084  0.0000 12.1422
 20  44 -0.0229  0.0000 10.3707
 28  44 -0.0386 -0.0022  8.3470
 36  44 -0.1962 -0.1719  6.4000
 44  44 -0.1087  0.0000  9.0168
 52  44 -0.0270  0.0000 11.1304
 60  44  0.0010  0.0000 11.1304
 68  44 -0.0987  0.0000  0.0000
 76  44 -0.1082  0.0000  0.0000
 84  44 -0.0934  0.2052 10.5433
 92  44 -0.0532  0.0000 11.1304
100  44 -0.0611  0.0000 19.1045
108  44 -0.0419  0.0000  0.0000
116  44 -0.0644  0.0000  0.0000
124  44 -0.1156  0.0000 11.1304
132  44 -0.0942  0.0000  0.0000
140  44 -0.0782  0.0000  5.7731
148  44  0.0075  0.0035 12.6770
156  44  0.0243  0.0000 17.1097
164  44  0.0158  0.0039 10.8407
172  44 -0.0021  0.0029 28.1477
180  44 -0.0231  0.0033  6.4046
188  44  0.1303  0.0000 11.9011
196  44  0.2088  0.0000  9.2086
204  44  0.0560  0.0000 12.8227
212  44 -0.0092  0.0177 12.0371
220  44  0.0033 -0.1355 11.2402
228  44  0.1237 -0.1513 12.0086
236  44  0.0365  0.0000 13.3851
244  44 -0.0394 -0.1882  8.9554
252  44  0.0256 -0.1117 10.5874
260  44  0.0044 -0.1077 13.8396
268  44 -0.0329  0.0139 12.1370
276  44 -0.0028  0.0477 20.2431
284  44  0.0544  0.0892 20.7242
292  44 -0.1552 -0.2298  8.8597
  4  52 -0.1417  0.0000  9.6935
 12  52 -0.0839  0.0000 13.7892
 20  52 -0.0395  0.0000  0.0000
 28  52 -0.1127  0.0000  0.0000
 36  52 -0.0614  0.0000  0.0000
 44  52 -0.0215  0.0000  0.0000
 52  52 -0.0385  0.0000  0.0000
 60  52 -0.0488  0.0000 17.0667
 68  52 -0.1362  0.0000 11.1304
 76  52 -0.1177  0.0000  0.0000
 84  52 -0.0698 -0.2911 10.5124
 92  52 -0.0302 -0.0281 14.4401
100  52 -0.0118  0.0000 12.3186
108  52  0.0712  0.0000 20.7059
116  52  0.4043 -0.4043  8.0000
124  52  0.5857  0.0000  9.4208
132  52  0.1215  0.1200 17.1775
140  52 -0.1737  0.0000  9.1928
148  52 -0.2036  0.0000  5.7818
156  52 -0.0804  0.0000  5.7360
164  52 -0.0328 -0.0013  5.9000
172  52  0.0097  0.0042  5.9739
180  52 -0.0441 -0.0116  7.7461
188  52 -0.0056  0.0000 11.1304
196  52 -0.1169  0.0000 19.1045
204  52 -0.0340  0.0000 11.1304
212  52 -0.0001  0.0000  0.0000
220  52 -0.1241  0.0000 11.1304
228  52 -0.1132  0.0000  7.8087
236  52 -0.0121  0.1720  8.1091
244  52  0.0245  0.1385 11.4998
252  52 -0.1644 -0.0407 12.6524
260  52 -0.0571  0.0258 11.2757
268  52  0.0165 -0.1634  9.6271
276  52 -0.0214  0.0000  9.4135
284  52 -0.0386  0.0495 10.1372
292  52 -0.2719  0.0000 15.3589
  4  60 -0.2479  0.0000 16.1088
 12  60 -0.1376  0.0000 11.1304
 20  60 -0.0435  0.0000 16.1088
 28  60 -0.0027  0.0000 11.1304
 36  60  0.1382  0.0000 11.1304
 44  60  0.9378  0.0000  0.0000
 52  60  1.3974  0.0000 17.0667
 60  60  0.3091  0.0000 15.7112
 68  60 -0.4105  0.0000 11.1304
 76  60 -0.5081  0.0000  0.0000
 84  60 -0.2782  0.0000 16.6957
 92  60 -0.0833  0.0000 11.2521
100  60  0.0590 -0.0043 14.3913
108  60  0.9085  0.0000 15.2515
116  60  0.3763  0.0000 11.1304
124  60 -0.2146  0.0000  0.0000
132  60 -0.0308  0.0000 11.1304
140  60 -0.0102  0.0000 16.1088
148  60 -0.1444  0.0000 11.9011
156  60 -0.1099  0.0000 12.0628
164  60 -0.0051  0.0000  9.7978
172  60  0.0293  0.0000 22.2609
180  60 -0.0472  0.0000  9.4948
188  60 -0.0144  0.0000  0.0000
196  60 -0.0530  0.0000  0.0000
204  60 -0.1517  0.0000  0.0000
212  60 -0.2653  0.0000  0.0000
220  60 -0.5000  0.0000 11.1304
228  60 -0.3348  0.0000 11.1304
236  60 -0.1451  0.0000  0.0000
244  60  0.0030  0.0000 16.1088
252  60  0.0145  0.3437  7.7576
260  60 -0.0314  0.7391 11.9301
268  60  1.3657  0.0000  9.4948
276  60  2.5000  0.1588 10.5785
284  60  0.7696  0.0000  0.0000
292  60 -0.6988  0.0000 13.3565
  4  68 -0.7678  0.0000 17.0667
 12  68 -0.2414  0.0000 11.1304
 20  68  0.3852  0.0000 11.1304
 28  68  1.2813  0.0000 20.7059
 36  68  2.5000  0.1588 10.5785
 44  68  0.7170  0.0000  0.0000
 52  68 -0.5000 -0.1588 10.5785
 60  68  0.0381  0.1206  9.2259
 68  68 -0.0130 -0.3637 14.1785
 76  68 -0.2616  0.0000  8.9379
 84  68 -0.1072  0.0000 10.0816
 92  68  0.1020  0.0000  9.8877
100  68  0.0000  0.5000  7.8528
108  68  0.1249  0.0000  9.2086
116  68  0.2625 -0.3389  7.7449
124  68  0.1968  0.0852  9.8302
132  68 -0.0488  0.0000 19.1045
140  68 -0.1349  0.0000 12.3458
148  68 -0.1741  0.0000 17.0667
156  68 -0.1612  0.0000 17.0667
164  68 -0.0888  0.0000 25.7482
172  68  0.0480 -0.0076 12.0923
180  68  0.0107  0.0000 22.2609
188  68  0.1586  0.0000 11.1304
196  68  1.0005  0.0000 11.1304
204  68  1.4545  0.0000 11.1304
212  68  0.2298  0.0000 11.1304
220  68 -1.3099  0.0836 13.7096
228  68 -0.9602  0.0000  0.0000
236  68 -0.2746  0.0000 11.1304
244  68  0.3559  0.0000  0.0000
252  68  0.9623  0.0000 11.1304
260  68  1.2267  0.0000  8.0000
268  68  0.0064  0.0319  8.0500
276  68 -0.1763 -0.1343  7.1321
284  68 -0.1177  0.0000 20.7059
292  68 -0.2701  0.0000 16.1088
  4  76 -0.5000  0.0000  8.8276
 12  76 -0.0170 -0.1037  9.7901
 20  76  0.4043 -0.4043  8.0000
 28  76 -0.2027  0.0000  0.0000
 36  76  0.3143  0.0000 11.1304
 44  76  0.9657  0.0000 13.0965
 52  76  1.5000 -0.2117  7.4979
 60  76  0.3994 -0.0294  8.4826
 68  76  0.1729  0.0000 16.0386
 76  76  0.2080 -0.2715 12.3107
 84  76 -0.0129  0.0000  0.0000
 92  76 -0.1999  0.0000  0.0000
100  76 -0.2344  0.0000  0.0000
108  76 -0.2159  0.0000  0.0000
116  76 -0.0132  0.0000  8.5333
124  76  0.4555  0.0000 11.1304
132  76  0.6906  0.0000 16.1088
140  76  0.3475  0.0000 16.4760
148  76  0.0000  0.0000 11.8583
156  76 -0.3157  0.0000 12.1905
164  76 -0.0634  0.0922 12.5396
172  76  0.1603  0.0000  0.0000
180  76  0.3249  0.0000  0.0000
188  76  0.2500  0.0000  0.0000
196  76 -0.0803  0.0000  0.0000
204  76 -0.2007  0.0000 16.1088
212  76 -0.2142  0.0000  8.8276
220  76 -0.2074  0.0000 20.7059
228  76 -0.0865  0.0000  0.0000
236  76  0.3523  0.0000  0.0000
244  76  0.8546  0.0000  0.0000
252  76 -0.5938  0.0000  8.8276
260  76  0.1019  0.0000 11.1304
268  76  0.8300  0.0000  9.2850
276  76  1.2357  0.0000 16.1088
284  76  0.6771  0.0000  0.0000
292  76  0.2662  0.0000 11.1304
  4  84  0.0677 -0.2414 11.7124
 12  84 -0.0527  0.0000 11.0903
 20  84 -0.4295  0.0000  7.0137
 28  84 -0.5714  0.0000  8.8276
 36  84 -0.5281  0.0000 10.4245
 44  84 -0.3200  0.0000  9.2086
 52  84 -0.0060  0.0000 11.6704
 60  84  0.1535  0.0824  9.7687
 68  84  0.1656  0.0000 16.6957
 76  84 -0.0132  0.3350 14.3820
 84  84 -0.2102  0.4296 11.6184
 92  84 -0.0785  0.0000  0.0000
100  84 -0.0378  0.0868 15.2803
108  84 -0.1179  0.0000 20.7059
116  84 -0.3577  0.0000 13.4737
124  84 -0.0685  0.0153 14.3772
132  84 -0.2546  0.0000  9.2086
140  84 -0.2578  0.0000 16.1088
148  84 -0.0519  0.0000 11.1304
156  84  0.3899  0.0000 12.0628
164  84  0.7832  0.0000 11.1304
172  84  1.2906  0.0000 19.1045
180  84 -0.9210  0.0000 11.1304
188  84 -0.2869  0.0000  0.0000
196  84  0.4398  0.0000 11.1304
204  84  0.8431  0.0000 11.1304
212  84  0.6306 -0.1105 11.2757
220  84  0.1868  0.0000 11.1304
228  84 -0.0104  0.0000 12.0628
236  84  0.2567  0.0000 11.1304
244  84 -0.4985  0.0000 11.1304
252  84 -0.7304  0.0000  0.0000
260  84 -0.7037  0.0000 16.1088
268  84 -0.4897  0.0000 17.0667
276  84 -0.1242  0.0000 11.1304
284  84  0.2101  0.0000 16.1088
292  84  0.2577  0.0000  0.0000
  4  92  0.1307  0.1430  9.1257
 12  92  0.0558  0.0000  0.0000
 20  92  0.1358  0.0000 19.4783
 28  92  0.1281  0.0000 11.0903
 36  92  0.0282  0.0000 11.1304
 44  92 -0.1154  0.0000  9.2850
 52  92 -0.1994  0.0000 11.4848
 60  92 -0.4567  0.0000  0.0000
 68  92 -0.3515  0.0000 16.1088
 76  92  0.0000  0.5000 11.1304
 84  92  0.7407 -0.1273  9.6477
 92  92  1.0029  0.0000 21.6135
100  92  1.4248  0.0000  8.0000
108  92 -0.7877  0.0000 11.1304
116  92 -0.5000  0.0000 11.1304
124  92  0.2581  0.0000 13.0803
132  92  0.6516  0.0000  0.0000
140  92  0.4592  0.0000 16.1088
148  92  0.0089  0.0000 11.1304
156  92 -0.1069  0.0000 19.1045
164  92  1.5792  0.0000 19.1045
172  92  0.0000 -0.5000 11.1304
180  92 -0.3906  0.0000 10.6667
188  92 -0.5650  0.0000 11.1304
196  92 -0.4598  0.0000  0.0000
204  92  0.0032  0.0000  0.0000
212  92  0.6534  0.0000 11.1304
220  92  0.5754  0.0000  0.0000
228  92  0.2375  0.3586 11.7728
236  92  0.3581  0.0000 11.1304
244  92  0.5143  0.0000 11.1304
252  92  0.4695  0.0000  8.0688
260  92  0.3573  0.0000  0.0000
268  92  0.2984  0.3415 16.8934
276  92 -0.0638  0.0000 11.1304
284  92 -0.5000 -0.0391  9.3822
292  92 -0.2963  0.0000 11.1304
  4 100  0.0008  0.0000 11.1304
 12 100  0.4564  0.0000 18.8048
 20 100  0.7240  0.0000  9.2086
 28 100  1.0668  0.0000  8.8276
 36 100 -0.0657  0.0955 11.1752
 44 100  0.1480  0.0000 24.3712
 52 100  0.7057  0.0000 14.2338
 60 100  0.9503  0.0000  7.3911
 68 100  0.5555  0.0000  0.0000
 76 100 -0.0418  0.1521 12.6567
 84 100 -0.5000  0.0000  8.8276
 92 100  4.5000 -0.1174 13.8795
100 100  2.5298  0.0000  0.0000
108 100  0.8072  0.0000 11.1304
116 100 -0.1105  0.0000 16.1088
124 100 -0.3415  0.0000 17.2183
132 100  0.1621  0.0000 11.1304
140 100  1.5124  0.0000 10.1191
148 100  1.1596  0.0000  0.0000
156 100  0.7359  0.0000 19.1045
164 100  0.8091  0.0000  0.0000
172 100  0.9865  0.0000 16.1088
180 100  0.7523  0.0000 16.1088
188 100  0.4469  0.0000  0.0000
196 100  0.3286  0.0000 11.1304
204 100  0.3843  0.0000 11.1304
212 100  0.3787  0.0000 16.1088
220 100  0.2287  0.0000 20.7059
228 100  0.0498  0.0000 16.1088
236 100  0.1102  0.0000  0.0000
244 100  0.2241  0.0000  0.0000
252 100  0.3648  0.0000 16.1088
260 100  0.0418  0.1521 12.6567
268 100  0.7269  0.0000  0.0000
276 100  1.4036  0.0000  0.0000
284 100  1.6453  0.0000 11.1304
292 100  0.8841  0.0000 16.1088
  4 108 -0.0477  0.2055  8.1256
 12 108  0.4296  0.0000 11.1304
 20 108  3.0068  0.0000  8.0000
 28 108  2.3341  0.0000 11.9011
 36 108  0.9232  0.0000  0.0000
 44 108  0.0184  0.0000 12.5315
 52 108 -0.3389  0.0000 11.1304
 60 108  0.0000 -0.5000  8.8276
 68 108  2.5000 -0.0265 11.4627
 76 108  1.2521  0.0000 16.1088
 84 108  0.7590  0.0000 16.1088
 92 108  0.9588  0.0000 11.1304
100 108  1.3070 -0.0337 12.4709
108 108  0.8121  0.0000 11.1304
116 108  0.2791  0.0000  7.7757
124 108  0.1445  0.0000  6.6479
132 108  0.8790  0.0000 18.5178
140 108  1.4841  0.0000 11.1304
148 108  0.8713  0.0000  0.0000
156 108  0.0354  0.0000 12.0628
164 108 -0.2384  0.0000 11.1304
172 108 -0.2954  0.0000 11.1304
180 108 -0.3869  0.0000  0.0000
188 108  0.3323  0.0000 11.1304
196 108  1.1445  0.0000 11.1304
204 108  1.9894  0.0000  0.0000
212 108  2.5000  0.0000  8.8276
220 108  1.5515  0.0000 11.1304
228 108  0.6808  0.0000  8.2581
236 108  0.8148  0.0000 11.1304
244 108  1.7401  0.0000  0.0000
252 108  1.4062  0.0000 11.1304
260 108  0.4681  0.0000  9.5738
268 108  0.1068  0.3135 15.1963
276 108  0.1093  0.0000 11.1304
284 108  0.5174  0.0000  0.0000
292 108  1.2875  0.0000  0.0000
  4 116 -0.1151 -0.1151 16.5161
 12 116  0.0855  0.0000 16.1088
 20 116  0.5295  0.0000 19.4783
 28 116  0.8149  0.0000  0.0000
 36 116  0.4937  0.0000  0.0000
 44 116 -0.0487  0.0000  0.0000
 52 116 -0.2984  0.3415 16.8934
 60 116  1.1645  0.0000 16.1088
 68 116  2.5000  0.0000  8.8276
 76 116  1.2704  0.0000 16.1088
 84 116 -0.1841  0.0418 12.3683
 92 116 -0.5308  0.0000 12.0628
100 116 -0.6585  0.0000 12.0628
108 116 -0.9014  0.0000 11.1304
116 116  0.3896  0.0000  7.2880
124 116  1.1232  0.0000  7.3180
132 116  1.7966  0.0000 12.8600
140 116  2.0623  0.0000 11.1304
148 116  1.4846  0.0000 11.1304
156 116  0.8587  0.0000 12.0628
164 116  0.7290  0.0000  0.0000
172 116  0.9393  0.0000  0.0000
180 116  0.7663  0.0000  0.0000
188 116  0.4174  0.0000  0.0000
196 116  0.4218  0.0000 11.1304
204 116  0.7525  0.0000 11.1304
212 116  1.2988  0.0000  0.0000
220 116  1.6322  0.0000 16.1088
228 116  0.6086  0.0000 11.1304
236 116  0.2684  0.0000 11.1304
244 116  0.3935  0.0000  0.0000
252 116  0.5635  0.0000  0.0000
260 116  0.4423  0.0000  0.0000
268 116  0.1614  0.0000  7.3911
276 116  0.1281  0.0000 12.8600
284 116  0.9349  0.0000 16.1088
292 116  1.5744  0.0000 11.1304
  4 124  0.8907  0.0000  0.0000
 12 124 -0.0664  0.0000 11.1304
 20 124 -0.4814  0.0000  0.0000
 28 124 -0.6979  0.0000 11.1304
 36 124 -1.0138  0.0000  0.0000
 44 124  0.2040 -0.2501 16.7749
 52 124  0.8196  0.0000  8.0000
 60 124  1.2653  0.0000 16.1088
 68 124  1.3491  0.0000 11.1304
 76 124  0.9684  0.0000 10.6667
 84 124  0.5489  0.0000  0.0000
 92 124  0.3691  0.0000  0.0000
100 124  0.3669  0.0000 15.9357
108 124  0.3203  0.0000 16.1088
116 124  0.3680  0.0000  9.7047
124 124  0.6592  0.0000 11.1304
132 124  1.2251  0.0000 16.1088
140 124  1.9709  0.0000  0.0000
148 124  2.5000  0.0000  8.8276
156 124  1.3585  0.0000 13.3565
164 124  0.5593  0.0000  0.0000
172 124  0.4466  0.0000 11.1304
180 124  0.6166  0.0000 11.1304
188 124  0.6847  0.0000 11.1304
196 124  0.5799  0.0000 11.1304
204 124  0.4546  0.0000 16.1088
212 124  0.5656  0.0000  8.0000
220 124  0.6123  0.0000  0.0000
228 124  0.2971  0.0000 16.1088
236 124 -0.1107  0.0000 11.1304
244 124 -0.3126  0.0000  0.0000
252 124 -0.4873  0.0000  0.0000
260 124 -0.7674  0.0000  0.0000
268 124  0.1081  0.0000  0.0000
276 124  0.4681  0.0000 10.1191
284 124  0.6856  0.0000 16.1088
292 124  0.6190  0.0000  0.0000
  4 132  0.2685  0.0000  0.0000
 12 132  0.0112  0.0000  0.0000
 20 132 -0.0792  0.0000  0.0000
 28 132 -0.0715  0.0000  0.0000
 36 132 -0.0308 -0.1823 13.1845
 44 132  0.2449  0.0000 16.1088
 52 132  0.6280  0.0000  0.0000
 60 132  1.1704  0.0000 11.1304
 68 132  1.7348  0.0000 16.1088
 76 132  1.9301  0.0000 16.1088
 84 132  1.1709  0.0000  0.0000
 92 132  0.4130 -0.3679  7.6027
100 132  0.4332  0.0000  0.0000
108 132  0.8210  0.0000 11.1304
116 132  1.1224  0.0000 16.1088
124 132  1.1377  0.0000 11.1304
132 132  0.7743  0.0000 11.1304
140 132  0.2945  0.0000  0.0000
148 132 -0.1257  0.0000  0.0000
156 132 -0.1696  0.0000  9.2850
164 132 -0.1161  0.0000  0.0000
172 132  0.0085  0.0000 16.1088
180 132 -0.0947  0.0000 11.1304
188 132 -0.3565  0.0000  0.0000
196 132 -0.0376  0.0000  0.0000
204 132  0.1405  0.0000 11.1304
212 132  0.1936  0.0000 19.4783
220 132  0.0000 -0.1960 11.1304
228 132 -0.4470  0.0000 11.9011
236 132 -0.5224  0.0000 16.1088
244 132 -0.4361  0.0000  0.0000
252 132 -0.3066  0.0000  0.0000
260 132 -0.1385  0.0000 11.1304
268 132  0.1444  0.0000  0.0000
276 132  0.3899  0.0000 16.1088
284 132  0.7776  0.0000 11.1304
292 132  1.1457  0.0000 16.1088
  4 140  1.2008  0.0000  0.0000
 12 140  0.7503  0.0000  0.0000
 20 140  0.2920  0.0000  0.0000
 28 140  0.3838  0.0000 16.1088
 36 140  1.0575  0.1618  7.5801
 44 140  1.6334  0.0000  0.0000
 52 140  1.8419  0.0000 11.1304
 60 140  1.2353  0.0000 11.1304
 68 140  0.3153  0.0000 11.1304
 76 140 -0.5000  0.0000  8.8276
 84 140 -0.2161  0.0000 11.1304
 92 140  0.1927 -0.0788 17.1842
100 140  0.6360  0.0000 12.0628
108 140  0.4327  0.0000  0.0000
116 140 -0.0518  0.0000 19.1045
124 140 -0.2546  0.0000 11.1304
132 140 -0.1211  0.0000  0.0000
140 140 -0.1358  0.0000  0.0000
148 140 -0.4572  0.0000  0.0000
156 140 -1.0000  0.0000  9.2850
164 140 -0.8123  0.0000 11.1304
172 140 -0.5741  0.0000  0.0000
180 140 -0.3940  0.0000 11.1304
188 140 -0.2252  0.0000  8.0000
196 140  0.0000 -0.5000 11.1304
204 140  0.0000 -0.3577 13.4737
212 140  0.2579  0.0000 11.1304
220 140  0.5351  0.0000  0.0000
228 140  0.5844  0.0000 17.2183
236 140  0.3154  0.0000 11.9011
244 140  0.0305  0.0000 11.1304
252 140  0.1142  0.1142 10.6035
260 140  1.0065  0.0000  0.0000
268 140  1.9248  0.0000 22.2609
276 140  2.5000  0.0000  8.8276
284 140  1.7616  0.0000 11.1304
292 140  0.8377  0.0000  0.0000
  4 148  0.2550  0.0000  0.0000
 12 148  0.5239  0.0000  0.0000
 20 148  1.1670  0.0000 11.1304
 28 148  1.6830  0.0000 10.6514
 36 148  0.9917  0.0000  0.0000
 44 148 -0.1005  0.0000  0.0000
 52 148 -0.5047  0.0000  0.0000
 60 148 -0.2693  0.0000  0.0000
 68 148 -0.1469  0.0000 10.3584
 76 148 -0.2766  0.0000  0.0000
 84 148 -0.5379  0.0000 16.1088
 92 148 -0.4980  0.0000 19.1045
100 148 -0.3874  0.0000  8.2581
108 148 -0.3580  0.0000  0.0000
116 148 -0.4092  0.0000 16.1088
124 148 -0.5000  0.0000  8.8276
132 148 -0.4115  0.0000 22.2609
140 148 -0.2070  0.0000 16.1088
148 148  0.0763  0.0000 16.1088
156 148  0.1858  0.0000 12.0628
164 148  0.0229  0.0000 19.1045
172 148 -0.1048  0.0000  0.0000
180 148  0.1269  0.0000 11.1304
188 148  0.8744  0.0000 13.0803
196 148  1.6713  0.0000  0.0000
204 148  2.0951  0.0000  0.0000
212 148  1.7100  0.0000 11.1304
220 148  1.1132  0.0000 11.1304
228 148  0.8029  0.0000  0.0000
236 148  1.0890  0.0000 16.1088
244 148  1.8045  0.0000 11.9011
252 148  2.5000  0.0000  8.8276
260 148  1.2032  0.0000 11.1304
268 148 -0.5000  0.0448  8.9013
276 148 -0.7154  0.0000  0.0000
284 148 -0.3949  0.0000  0.0000
292 148 -0.1579  0.0000 11.1304
  4 156  0.0352  0.0000  0.0000
 12 156  0.0160  0.0000  0.0000
 20 156 -0.0534  0.0000 11.1304
 28 156 -0.0828  0.0000 11.1304
 36 156 -0.2048  0.0000  0.0000
 44 156 -0.3847  0.0000  0.0000
 52 156 -0.5454  0.0000  0.0000
 60 156 -0.5597  0.0000 11.1304
 68 156 -0.4681  0.0000  9.5738
 76 156 -0.1528  0.0000  9.4948
 84 156  0.0000 -0.1174  9.1793
 92 156 -0.1700  0.0000 11.1304
100 156 -0.2474  0.0000 16.1088
108 156  0.0464  0.0000  0.0000
116 156  0.6562  0.0000  8.8276
124 156  1.2574  0.0000 11.1304
132 156  1.5405  0.0000  0.0000
140 156  1.3477  0.0000 16.1088
148 156  0.9913  0.0000  0.0000
156 156  0.8110  0.0000 11.1304
164 156  0.9292  0.0000 13.0803
172 156  1.1443  0.0000  0.0000
180 156  1.0000  0.0000  9.2850
188 156  0.5149  0.0000 12.0628
196 156 -0.4993  0.0000  0.0000
204 156 -0.7237  0.0000  0.0000
212 156 -0.5127  0.0000  0.0000
220 156 -0.3836  0.0000  0.0000
228 156  0.0000 -0.5000  8.8276
236 156  0.2459  0.0000  0.0000
244 156  0.0712  0.0000  0.0000
252 156 -0.0418 -0.1521 12.6567
260 156 -0.1658  0.0000  0.0000
268 156 -0.3323  0.0000  0.0000
276 156 -0.4516  0.0000  0.0000
284 156 -0.4487  0.0000 11.1304
292 156 -0.3318  0.0000 20.7059
  4 164 -0.1432  0.0000 16.1088
 12 164 -0.1908  0.0000  0.0000
 20 164 -0.3365  0.0000 16.1088
 28 164 -0.4043  0.4043  8.0000
 36 164 -0.0659  0.0000 11.1304
 44 164  0.4660  0.0000  0.0000
 52 164  0.9097  0.0000  0.0000
 60 164  1.0609  0.0000 12.0455
 68 164  0.8916  0.0000  0.0000
 76 164  0.6216  0.0000 21.6135
 84 164  0.5088  0.0000  0.0000
 92 164  0.5528  0.0000 11.1304
100 164  0.6412  0.0000 11.1304
108 164  0.4974  0.0000 16.1088
116 164  0.1887  0.0000  0.0000
124 164 -0.3686  0.0000  0.0000
132 164 -0.2909  0.0000  0.0000
140 164 -0.5019  0.0000 16.1088
148 164 -1.0123  0.0000  8.0000
156 164 -1.5000  0.0000  8.2581
164 164 -0.1556  0.0000 12.2969
172 164 -0.4560  0.0000  0.0000
180 164 -1.0000  0.0000  8.2581
188 164 -0.5000  0.0000 11.1304
196 164 -0.4215  0.0000  0.0000
204 164 -0.3834  0.0000 11.1304
212 164 -0.2780 -0.1270 13.3759
220 164 -0.0953  0.0000 20.7059
228 164  0.0585 -0.2413 13.6170
236 164 -0.2082  0.0000  0.0000
244 164 -0.2691  0.0000  0.0000
252 164 -0.2952  0.0000  8.8276
260 164 -0.0334  0.0000  0.0000
268 164  0.4451  0.0000  0.0000
276 164  0.7633  0.0000  0.0000
284 164  0.7656  0.0000  0.0000
292 164  0.5012  0.0000  0.0000
  4 172  0.1881  0.0000  0.0000
 12 172  0.1371  0.0000  0.0000
 20 172  0.1629  0.0000 11.1304
 28 172  0.3417  0.0000 12.0628
 36 172  0.2959  0.0000 17.0667
 44 172  0.0919  0.0000  0.0000
 52 172 -0.2107  0.0000 16.1088
 60 172  0.7753  0.0000  9.4208
 68 172  0.2190  0.2525 10.3911
 76 172 -0.4430  0.0000  0.0000
 84 172 -0.9351  0.0000  0.0000
 92 172 -0.5522  0.0000  0.0000
100 172 -0.7582  0.0000 11.1304
108 172 -1.0596  0.0000 16.1088
116 172 -0.7991  0.0000  0.0000
124 172 -0.5754  0.0000  0.0000
132 172 -0.3621  0.0000 11.1304
140 172 -0.1227  0.0000 11.1304
148 172  0.1065  0.0000 12.0628
156 172  0.1812  0.0000 17.0667
164 172 -0.0698  0.2911 10.5124
172 172  0.1454  0.0000 11.1304
180 172  0.0000 -0.5000  8.8276
188 172  0.0982  0.0000 16.1088
196 172  0.6427  0.0000  0.0000
204 172  0.8739  0.0000  0.0000
212 172  0.7203  0.0000 11.1304
220 172  0.3200  0.0000 11.9011
228 172 -0.1151 -0.1151 16.5161
236 172 -0.0748  0.0000 11.1304
244 172 -0.1945  0.0000 11.1304
252 172  0.1870  0.0000  0.0000
260 172  0.1888  0.0000 11.1304
268 172  0.0477  0.0000 11.1304
276 172 -0.1093  0.0000 11.1304
284 172  2.2560  0.0000 11.1304
292 172  1.4214  0.0000  0.0000
  4 180  0.6800  0.0000  0.0000
 12 180 -0.0191  0.0000  0.0000
 20 180 -0.3703  0.0000 12.0455
 28 180 -0.7516  0.0000 11.1304
 36 180 -1.0246  0.0000 11.1304
 44 180 -0.9325  0.0000 11.1304
 52 180 -0.6787  0.0000 12.0455
 60 180 -0.3381  0.0000 22.2609
 68 180  0.0600  0.0000 12.0455
 76 180  0.4743  0.0000  0.0000
 84 180  0.8348  0.0000 16.1088
 92 180  1.0906  0.0000  0.0000
100 180  1.2993  0.0000 12.0628
108 180  0.5793  0.0000 11.1304
116 180  0.1758  0.0000  0.0000
124 180  1.0478  0.0000 11.1304
132 180  1.1847  0.0000 11.1304
140 180  0.8880  0.0000 19.4783
148 180  0.4761  0.0000 12.0455
156 180  0.1849  0.0000 11.1304
164 180  0.1556  0.0000 12.2969
172 180 -0.5000  0.0000  8.8276
180 180  0.0000 -0.5000  8.8276
188 180 -0.0418 -0.1521 12.6567
196 180 -0.0808  0.0000 11.1304
204 180 -0.1022  0.0000 16.1088
212 180  3.5567  0.0000  0.0000
220 180  2.5512  0.0000 11.1304
228 180  1.8319  0.0000 11.1304
236 180  0.8434  0.0000 11.1304
244 180  0.0000 -0.5000  4.0635
252 180 -0.6275  0.0000  0.0000
260 180 -1.0128  0.0000  0.0000
268 180 -1.0228  0.0000  0.0000
276 180 -0.7609  0.0000  0.0000
284 180 -0.3344  0.0000  0.0000
292 180  0.1923  0.0000  0.0000
  4 188  0.7827  0.0000  0.0000
 12 188  1.4145  0.0000  0.0000
 20 188  2.0633  0.0000 12.0628
 28 188  2.5000 -0.1588 10.5785
 36 188  0.9500  0.0000 10.4446
 44 188 -0.1912  0.0000 12.4272
 52 188  1.5000  0.0000  8.2581
 60 188  1.3881  0.0000  7.5779
 68 188  0.9353  0.0000 11.1304
 76 188  0.5147  0.0000 11.1304
 84 188  0.2770  0.0000  0.0000
 92 188  0.2722  0.0000  0.0000
100 188  0.1960  0.0000 11.1304
108 188 -1.5000  0.0000  8.2581
116 188 -0.7639  0.0000  0.0000
124 188 -0.3160  0.0000 11.1304
132 188 -0.1270  0.0000 11.1304
140 188  4.0624  0.0000  0.0000
148 188  3.0305  0.0000 12.0628
156 188  2.5000  0.0000 11.1304
164 188  1.2819  0.0000 12.0628
172 188  0.2790  0.0000 11.1304
180 188 -0.5569  0.0000 11.1304
188 188 -1.0946  0.0000 12.0628
196 188 -1.1454  0.0000  0.0000
204 188 -0.8578  0.0000 11.1304
212 188 -0.3849  0.0000  0.0000
220 188  0.1842  0.0000  0.0000
228 188  0.7986  0.0000 11.1304
236 188  1.4043  0.0000  0.0000
244 188  1.8821  0.0000  0.0000
252 188  1.9075  0.0000  0.0000
260 188  0.8663  0.0000 11.1304
268 188  0.1217  0.0000 11.1304
276 188  0.8182  0.0000 11.1304
284 188  0.8775  0.0000  0.0000
292 188  0.5798  0.0000  0.0000
  4 196  0.2628  0.0000 11.1304
 12 196  0.0101  0.1146 17.4161
 20 196 -0.1841  0.0418 12.3683
 28 196 -0.0042  0.0593  9.3687
 36 196 -0.0675  0.1353 11.8441
 44 196 -0.0610  0.5000  7.7665
 52 196 -0.0592  0.0000  0.0000
 60 196 -0.0324  0.3455 12.0889
 68 196  3.5220  0.0000  0.0000
 76 196  2.2838  0.0000  0.0000
 84 196  1.4152  0.0000  0.0000
 92 196  0.7241  0.0000  0.0000
100 196  0.1688  0.0000 12.0628
108 196 -0.6615  0.0000 11.1304
116 196 -1.3080  0.0000  0.0000
124 196 -1.2831  0.0000 11.1304
132 196 -0.9342  0.0000 11.1304
140 196 -0.4583  0.0000 19.1045
148 196  0.0630  0.0000 12.0628
156 196  0.5807  0.0000  0.0000
164 196  1.0271  0.0000 13.0803
172 196  1.2765  0.0000 11.1304
180 196  1.1288  0.0000  0.0000
188 196  0.4638  0.0000 16.1088
196 196 -0.0418 -0.1521 12.6567
204 196  0.2538  0.0000 11.1304
212 196  0.3519  0.0000  0.0000
220 196  0.1597  0.0000  0.0000
228 196  0.0093  0.0000  0.0000
236 196 -0.1215  0.0000 11.1304
244 196 -0.2091  0.0000  0.0000
252 196 -0.0599  0.0000  0.0000
260 196  0.0766  0.0000  0.0000
268 196  0.0843  0.0000 11.1304
276 196  0.0575  0.0000  0.0000
284 196  0.1001  0.0000 11.1304
292 196  2.4095  0.0000  8.4768
  4 204  1.0731  0.0000 16.1088
 12 204 -0.0458 -0.1012 14.0274
 20 204 -0.1531 -0.0930  9.2399
 28 204 -0.0210  0.0500 12.3137
 36 204 -0.7792  0.0000  9.5547
 44 204 -1.5000  0.0000  8.2581
 52 204 -1.2518  0.0000  9.2850
 60 204 -0.8619  0.0000 11.1304
 68 204 -0.4667  0.0000 11.1304
 76 204 -0.0806  0.0000  0.0000
 84 204  0.2786  0.0000  0.0000
 92 204  0.5594  0.0000  0.0000
100 204  0.6741  0.0000  8.2581
108 204  0.5346  0.0000 11.1304
116 204  0.1471  0.0000  0.0000
124 204 -0.1179  0.0000 11.1304
132 204  0.1515  0.0000 10.3926
140 204  0.2875  0.0000 11.1304
148 204  0.0418  0.1521 12.6567
156 204 -0.0159  0.0000  0.0000
164 204 -0.1068  0.5000 14.1617
172 204 -0.2224  0.0000 16.1088
180 204 -0.1905  0.0000 11.1304
188 204 -0.1050  0.0000 11.1304
196 204 -0.0643  0.0000 12.0455
204 204 -0.0258  0.0000  0.0000
212 204  0.0986  0.0000  0.0000
220 204  1.2932  0.0000  0.0000
228 204  0.1903  0.0000  0.0000
236 204 -0.5940  0.0000 11.1304
244 204 -0.6695  0.0000  0.0000
252 204 -0.5043  0.0000  0.0000
260 204 -0.7126  0.0000 11.1304
268 204 -0.9087  0.0000  0.0000
276 204 -0.6829  0.0000 11.1304
284 204 -0.5000  0.0000  8.8276
292 204 -0.3488  0.0000  0.0000
  4 212 -0.1874  0.0000  0.0000
 12 212 -0.0109  0.0000 11.1304
 20 212  0.1512  0.0000 11.1304
 28 212  0.2483  0.1160  9.3535
 36 212  0.2589  0.0000 11.1304
 44 212  0.1556  0.0000 12.0628
 52 212  0.1151  0.1151 16.5161
 60 212  0.7018  0.0000 11.1304
 68 212  1.0521  0.0000  0.0000
 76 212  0.7771  0.0000 11.1304
 84 212  0.3881  0.0000 11.1304
 92 212  0.0000 -0.5000  8.8276
100 212 -0.2965  0.0000  9.2850
108 212 -0.4212  0.0000 11.1304
116 212 -0.4255  0.0000  0.0000
124 212 -0.3759  0.0000 11.1304
132 212 -0.2749  0.0000  8.5018
140 212 -0.0776  0.0000  0.0000
148 212  0.1960  0.0000 11.1304
156 212 -0.6593  0.0000 11.1304
164 212 -1.1394  0.0000 22.2609
172 212 -1.1081  0.0000 11.1304
180 212 -0.7935  0.0000  0.0000
188 212 -0.5095  0.0000 11.1304
196 212 -0.2223  0.0000 11.1304
204 212  0.1068  0.3135 15.1963
212 212 -0.0000  0.0000  0.0000
220 212 -0.1863  0.0000  0.0000
228 212 -0.2963  0.0000  0.0000
236 212 -0.2972  0.0000 11.1304
244 212 -0.1864  0.0000  0.0000
252 212  0.0283  0.0000  0.0000
260 212  0.3415  0.0000 11.1304
268 212  0.7320  0.0000 11.1304
276 212  1.2413  0.0000  0.0000
284 212  2.0094  0.0000  0.0000
292 212  2.5000  0.0000  8.8276
  4 220  1.9199  0.0000  0.0000
 12 220  1.0180  0.0000  0.0000
 20 220  0.1008  0.0843 14.9901
 28 220 -0.4645  0.0000  8.8276
 36 220 -0.7735  0.0000 17.0667
 44 220 -0.8674  0.0000 11.1304
 52 220 -0.8091  0.0000  0.0000
 60 220 -0.6433  0.0000  0.0000
 68 220 -0.3896  0.0000  0.0000
 76 220 -1.2113  0.0000  0.0000
 84 220 -1.7331  0.0000 11.1304
 92 220 -1.9450  0.0000 11.1304
100 220 -1.6876  0.0000 12.0628
108 220 -1.0529  0.0000 11.1304
116 220 -0.2750  0.0000  0.0000
124 220  0.4125  0.0000 11.1304
132 220  0.7414  0.0000  8.7810
140 220  0.4536  0.0000  0.0000
148 220 -0.1180 -0.5000  9.2850
156 220 -0.5149  0.0000 11.1304
164 220 -0.6930  0.0000 11.1304
172 220 -0.6075  0.0000 11.9803
180 220 -0.2159  0.0000 17.0667
188 220  0.5040  0.0000 11.1304
196 220  1.5000  0.0000  8.2581
204 220  2.5627  0.0000 11.1304
212 220  3.5807  0.0000  0.0000
220 220  3.9883  0.0000  0.0000
228 220  3.2336  0.0000  0.0000
236 220  1.7948  0.0000  0.0000
244 220  0.3015  0.0000  0.0000
252 220 -0.7487  0.0000  0.0000
260 220 -1.3100  0.0000  0.0000
268 220 -1.4767  0.0000 11.1304
276 220 -1.3739  0.0000  0.0000
284 220 -1.1116  0.0000  0.0000
292 220 -0.7755  0.0000  0.0000
