VARIABLES= "X pix", "Y pix", "U pix/dt", "V pix/dt", "CHC", ZONE I=28, J=37
  4   4 -0.0388  0.0025 10.7085
 12   4  0.0000  0.0000 10.9708
 20   4  0.0437 -0.0128 10.9762
 28   4 -0.0526 -0.0283 11.0092
 36   4  0.0000  0.0092 10.0002
 44   4  0.0000  0.0000  9.1613
 52   4  0.0000 -0.0863 10.4065
 60   4  0.0000  0.0000 10.9491
 68   4 -0.0556 -0.0048  9.9880
 76   4  0.0000  0.0000 11.0456
 84   4  0.0431 -0.0047 11.6940
 92   4  0.0000  0.0000 10.9734
100   4  0.0005 -0.0380 12.5420
108   4  0.0000  0.0257 12.9732
116   4  0.0000  0.0000 11.9483
124   4  0.0000 -0.0491 11.1505
132   4  0.0000  0.0000 11.9483
140   4  0.0000  0.0000 11.9483
148   4  0.0000  0.0000 11.2712
156   4  0.0000  0.0000 11.7754
164   4  0.0000  0.0000 11.0456
172   4  0.0000  0.0000 11.9577
180   4  0.0000  0.0263 11.2760
188   4  0.0606  0.0045 11.9021
196   4 -0.0370  0.0106 11.5849
204   4  0.0000  0.0000 11.7754
212   4  0.0000  0.0000 10.4799
220   4  0.0613 -0.0096 12.4899
228   4  0.0223  0.1570 12.8332
236   4  0.0000  0.0000 12.9293
244   4  0.0552 -0.1374 11.0657
252   4 -0.0511 -0.1016 12.7345
260   4  0.0041 -0.0816 12.0954
268   4  0.0043 -0.0280 12.7867
276   4  0.0000  0.0210 12.1411
284   4  0.0000  0.0000 13.6829
292   4 -0.0735 -0.0379 12.2786
  4  12  0.0000  0.0000  0.0000
 12  12  0.0000  0.0000  1.0000
 20  12  0.0000  0.0000 19.1045
 28  12 -0.3846  0.5177  8.4753
 36  12  0.0000  0.0000 12.0628
 44  12  0.0000  0.0000 12.0628
 52  12  0.0000  0.0000 10.1295
 60  12  0.0000  0.0000  7.3911
 68  12  2.5000  0.0000  8.8276
 76  12  0.0000  0.0000 13.7892
 84  12 -1.2322  0.0267 10.3464
 92  12  0.0000  0.0000 17.0667
100  12  0.0000  0.0000 11.1304
108  12  0.0000  0.0000 10.4554
116  12  0.0000  0.0000 11.6822
124  12  0.0000  0.0000 10.6775
132  12  0.0000  0.0000  7.9919
140  12  0.0000 -0.3130 10.2622
148  12  0.0000  0.0000 10.6775
156  12  0.0000  0.0000 10.6775
164  12  0.0062  0.0033 23.0455
172  12  0.0000  0.0000 26.6838
180  12  0.0000  0.0000 11.0365
188  12  0.0000  0.0000 10.6110
196  12 -0.1293  0.0040  8.6089
204  12  0.0791  0.0000  7.5042
212  12 -0.0413  0.0394 12.8987
220  12  0.0000 -0.0000  9.4420
228  12  0.0000  0.0000  7.3143
236  12  0.0000  0.0000  9.6034
244  12  0.0049 -0.0172  8.1576
252  12  0.0049 -0.0210  8.2785
260  12  0.0000  0.0000  8.7810
268  12 -0.0256  0.5335  6.9002
276  12  0.1780  0.0220  7.7415
284  12  0.0185  0.0124  9.2316
292  12  0.0000  0.0000  9.4394
  4  20  0.0876 -0.1766 10.4517
 12  20  0.0330  0.0876 12.4021
 20  20 -0.0144  0.0393 10.1296
 28  20  0.0016 -0.0036  9.5788
 36  20  0.0000 -0.0419  9.3798
 44  20  0.0000  0.0032 10.3859
 52  20  0.0000  0.0000  9.3471
 60  20  0.0000  0.0000  9.3471
 68  20  0.0635  0.0099 11.1074
 76  20  0.0888 -0.0066  9.7236
 84  20 -0.0188  0.0651 10.5187
 92  20 -0.0513  0.0025  9.4429
100  20  0.0000  0.0000 16.6705
108  20 -0.0300 -0.0565 18.3290
116  20  0.0000  0.0000 14.0001
124  20  0.0000  0.0000 13.6954
132  20  0.0000  0.0000 14.3246
140  20  0.0000  0.0000 13.4045
148  20 -0.0044 -0.0312 14.2580
156  20  0.0004  0.0011 15.0609
164  20  0.0061  0.0016 20.4780
172  20 -0.0153 -0.0140 32.3586
180  20 -0.0078  0.0204 23.5209
188  20  0.0000  0.0000 28.2367
196  20 -0.0181  0.0612 15.8513
204  20  0.0414  0.0732 16.7915
212  20 -0.5755  0.0000 12.1905
220  20  0.0000  0.0000 13.7634
228  20  0.0000  0.1005 19.3117
236  20  0.0784  0.0091 18.8199
244  20 -0.2043 -0.0258 14.3150
252  20 -0.0023 -0.0009 17.7819
260  20  0.0000  0.0000 18.3990
268  20  0.0042  0.0139 19.1962
276  20 -0.0749  0.0095 14.1704
284  20  0.0000  0.0000 14.4174
292  20 -0.0490 -0.0571 12.1175
  4  28  0.0000  0.0000 15.0620
 12  28 -0.0100  0.0136 16.7178
 20  28 -0.0441 -0.0037 15.4163
 28  28  0.0000 -0.0156 11.3918
 36  28  0.0042 -0.0008  9.6411
 44  28 -0.0142 -0.0019  9.4563
 52  28 -0.0018  0.0005  9.1545
 60  28  0.0030 -0.0170  8.8323
 68  28  0.0000  0.0000  9.8556
 76  28  0.0000  0.0000  9.9865
 84  28  0.0000  0.0000  8.4158
 92  28 -0.0044 -0.0010  8.2706
100  28 -0.0075 -0.0026 11.2051
108  28  0.0000  0.0000  9.6352
116  28  0.0304  0.0035  7.3464
124  28  0.0319  0.0008  8.5469
132  28  0.0000  0.0000  6.9047
140  28  0.0000  0.0000  7.0008
148  28 -0.0022  0.0074  8.4353
156  28 -0.0094  0.0020 18.0801
164  28  0.0076  0.0010 15.0448
172  28 -0.0184 -0.0005 19.3071
180  28 -0.0048  0.0150 12.7580
188  28  0.0049  0.0167  7.7973
196  28 -0.0187  0.0027  6.9738
204  28  0.0237  0.0160  7.0005
212  28 -0.0142  0.0029  7.2774
220  28  0.0010 -0.0175  7.4144
228  28 -0.0213 -0.0099  7.1247
236  28  0.0030  0.0062  6.9419
244  28  0.0000  0.0000  6.9341
252  28  0.0000  0.0000  8.9468
260  28  0.0000  0.0000  9.3008
268  28  0.0047 -0.0121 10.5967
276  28  0.0062 -0.0016 12.3962
284  28 -0.0053 -0.0051  8.7804
292  28  0.0000  0.0000  7.9925
  4  36  0.0000  0.0000  7.4837
 12  36  0.0000  0.0000  6.3941
 20  36  0.0000  0.0000  5.7983
 28  36  0.0000  0.0000  9.4928
 36  36  0.0364  0.2387 11.3832
 44  36  0.0000  0.0000  9.4208
 52  36  0.0000  0.0000 11.0903
 60  36  0.0000  0.0000 10.8982
 68  36  0.0000  0.0000 13.6955
 76  36  0.0000  0.0000 13.5888
 84  36  0.0000  0.0000  9.5698
 92  36  0.0000  0.0000  7.4054
100  36  0.0000  0.0000  9.2425
108  36  0.0000  0.0000  6.8970
116  36  0.0000  0.0000  8.6000
124  36  0.0000  0.0000 11.1304
132  36  0.0000  0.0000 17.0667
140  36  0.0000  0.0000  0.0000
148  36  0.0027 -0.0139  5.5495
156  36  0.0012  0.0128 13.5925
164  36  0.0037  0.0270 13.1285
172  36  0.0072 -0.0213 10.8442
180  36  0.0000  0.0000 13.6059
188  36  0.0000  0.0000  8.4891
196  36  0.0000  0.0000 13.3166
204  36  0.0031  0.0296 16.4539
212  36  0.0000  0.0000 14.4096
220  36  0.0000  0.0000 12.2639
228  36  0.0318  0.0253 10.8606
236  36  0.0000  0.0000 11.0903
244  36  0.0000  0.1469 10.3584
252  36  0.0000  0.0000  9.9881
260  36  0.0000  0.0000 11.0903
268  36 -0.3237 -0.0043 12.6540
276  36  0.0962  0.0189 12.0334
284  36  0.0000  0.0000 10.3886
292  36  0.0000  0.0000 10.7801
  4  44 -0.0604  0.0810 16.6098
 12  44  0.0000  0.0000 16.2968
 20  44 -0.0270  0.0301 12.3684
 28  44  0.0426  0.0235 11.5740
 36  44  0.0000  0.0000  9.0038
 44  44  0.0000  0.0000  8.7453
 52  44  0.1883  0.0383  8.0793
 60  44  0.0000  0.0000  8.5829
 68  44  0.0000  0.0000  9.4815
 76  44  0.0000  0.0000  0.0000
 84  44  0.0000  0.0000 11.1304
 92  44  0.0000  0.0000 16.1088
100  44  0.0000  0.0000 12.0628
108  44  0.0000  0.0000  0.0000
116  44  0.0000  0.0000  0.0000
124  44  0.0000  0.0000 11.1304
132  44  0.0000  0.0000 11.1304
140  44  0.0000  0.0000  0.0000
148  44  0.0562  0.0111  5.8652
156  44  0.0000  0.0000 19.5396
164  44  0.0141 -0.0175 15.6724
172  44 -0.0138  0.0020 17.2599
180  44 -0.0003  0.0013 14.2022
188  44  0.0000  0.0000  6.1027
196  44  0.0000  0.0000  0.0000
204  44  0.0000  0.0000  0.0000
212  44  0.0852 -0.0136  8.4768
220  44  0.1028 -0.0114  8.1025
228  44 -0.0139  0.1561  9.5355
236  44  0.0033  0.1068 10.6233
244  44  0.0000  0.0000 10.6057
252  44  0.0000  0.0000 10.5606
260  44  0.0000  0.0000 12.1260
268  44 -0.0260 -0.1074 13.0448
276  44  0.0982 -0.0387 13.3612
284  44  0.0000  0.0000 11.0903
292  44  0.0240  0.0074 15.9295
  4  52 -0.0698 -0.1874  7.1122
 12  52  0.2259 -1.5766  7.6457
 20  52  1.1292 -0.0991 11.5739
 28  52  0.0000  0.0000 12.0628
 36  52  0.0000  0.0000 20.7059
 44  52  0.0000  0.0000  0.0000
 52  52  0.0000 -0.0158 17.0667
 60  52  0.0000  0.0000  0.0000
 68  52  1.5000  0.0000  8.2581
 76  52  0.0000  0.0000  0.0000
 84  52  0.0000  0.0000 11.1304
 92  52  0.0000  0.0000 11.1304
100  52 -0.0264 -0.3145 11.0777
108  52  0.0000  0.0000  0.0000
116  52  0.0000  0.0000  0.0000
124  52  0.0000  0.0000  0.0000
132  52  0.0000  0.0000  0.0000
140  52  0.0000  0.0000  9.4208
148  52  0.0028 -0.0003  7.8490
156  52  0.0000  0.0000 11.3568
164  52  0.0128 -0.0009  8.9765
172  52  0.0004 -0.0064  8.8557
180  52  0.0000  0.0000 10.7193
188  52  0.0000  0.0000  9.3019
196  52  0.0000  0.0000  8.5829
204  52  0.0000  0.0000  8.5951
212  52  0.0000  0.0000  6.8970
220  52  0.1859 -0.1037  7.2661
228  52  0.1530 -0.1467  8.4544
236  52  0.0000  0.0000 12.4998
244  52  0.0000  0.0000 10.6057
252  52  0.1998  0.0139 12.0000
260  52  0.0000  0.0000 13.7993
268  52  0.1828  0.0054  7.9073
276  52  0.0000  0.0000 10.5606
284  52 -0.0588  0.0749 13.3993
292  52  0.0549  0.0322  9.2017
  4  60  0.0000  0.0000  0.0000
 12  60  0.0000  0.0000  0.0000
 20  60  0.0000  0.0000 11.1304
 28  60  0.0000  0.0000 11.1304
 36  60  0.0000  0.0000 19.1045
 44  60  0.0000  0.0000  0.0000
 52  60  0.0000  0.0000 11.1304
 60  60  0.0000  0.0000  0.0000
 68  60 -0.5000  0.0000  8.8276
 76  60  0.0000  0.0000 11.1304
 84  60 -0.0931 -0.1408 10.6420
 92  60 -0.1154 -0.0347 11.9947
100  60 -0.0492  0.3131  9.9622
108  60  0.0000  0.0000  0.0000
116  60  0.0000  0.0000 11.9011
124  60  0.2779 -0.0819  7.0459
132  60  0.1841  0.0418 12.3683
140  60  0.0000  0.0000 16.1088
148  60  0.2665  0.0090 11.8309
156  60 -0.0491 -0.1002  9.1765
164  60  0.0000  0.0000 16.6957
172  60  0.0000  0.0000  7.8087
180  60  0.0000  0.1209 13.8378
188  60  0.0000  0.0000 11.1304
196  60  0.0000  0.0000  0.0000
204  60  0.0000  0.0000  0.0000
212  60  0.0000  0.0000  0.0000
220  60  0.0000  0.0000  0.0000
228  60  0.0000  0.0000  0.0000
236  60  0.0000  0.0000 11.1304
244  60  0.0000  0.0000 11.9011
252  60  0.1841  0.0418 12.3683
260  60 -0.2407  0.3218  9.4473
268  60  0.0000  0.0000 14.5082
276  60  0.0000  0.0000 11.1304
284  60 -0.2667  0.0000  7.3143
292  60  0.0817 -0.0149  9.8186
  4  68  0.0000  0.0000 13.1641
 12  68  1.5000 -2.1375  8.5593
 20  68  0.5000  0.0000  8.4768
 28  68  0.0000  0.0000 11.1304
 36  68  0.0000  0.0000 11.1304
 44  68  0.3290 -2.8274  8.0000
 52  68  0.0000  0.0000 18.9370
 60  68  0.4043  0.4043  8.0000
 68  68  0.0000  0.0000  0.0000
 76  68 -0.1151 -0.1151 16.5161
 84  68  0.0000  0.0000 10.8453
 92  68  0.0000  0.2108  8.6122
100  68  0.1871  0.0282 12.9285
108  68  0.0000  0.0000  9.2086
116  68  0.0000  0.0000 11.1304
124  68  2.5000  0.0000  8.8276
132  68  0.0000  0.0000 11.1304
140  68  0.0000  0.0000 11.1304
148  68  0.0000  0.0000 11.2521
156  68 -0.2761  0.0806  9.3746
164  68  0.0000  0.0000 16.1088
172  68  0.4449 -0.0467 12.6189
180  68  0.0000  0.0000 15.9357
188  68  0.0000  0.0000 16.1088
196  68  0.0000  0.0000  0.0000
204  68  0.0000  0.0000 11.1304
212  68  0.0000  0.0000  0.0000
220  68  0.0000  0.0000  0.0000
228  68  0.0000  0.0000  0.0000
236  68  0.0000  0.0000  0.0000
244  68  0.0000  0.0000  0.0000
252  68 -0.2080 -0.2715 12.3107
260  68  0.0000  0.0000 16.1088
268  68  0.0000  0.0000 11.1304
276  68  0.0672  0.0000  9.3177
284  68  0.2054 -0.1691 14.4610
292  68  0.1912  0.0000 12.4272
  4  76  0.0000  0.0000  0.0000
 12  76  0.2907  0.0403 10.5761
 20  76  0.2637 -0.0367 10.8805
 28  76  0.0000  0.0000 11.1304
 36  76  0.0000  0.0000  0.0000
 44  76 -0.0579  0.2001 13.7634
 52  76  0.0000  0.0000  7.4054
 60  76 -0.1506  0.2362 16.4136
 68  76  0.2353  0.4104  7.3143
 76  76  0.1819 -0.0253 12.9422
 84  76  0.2054 -0.0318  9.9215
 92  76 -0.2427  0.6955  9.7737
100  76 -0.2157  0.0689  7.4724
108  76  0.0000  0.1024  9.7637
116  76  0.0000  0.0000 12.0628
124  76  0.0000  0.0000 19.4783
132  76  0.0000  0.0000  0.0000
140  76  0.0000 -0.1597 15.8584
148  76  0.0000  0.0000 10.1191
156  76  0.0000  0.0000 11.1304
164  76  0.0000  0.0000 11.1304
172  76  2.5000  5.5000  4.4079
180  76 -0.2780  0.1270 13.3759
188  76 -0.1313 -0.0812 16.9211
196  76  0.0000 -0.5000  8.8276
204  76  0.0000  0.0000  0.0000
212  76  0.0000  0.0000  0.0000
220  76  0.0000  0.0000  0.0000
228  76  0.0000  0.0000  0.0000
236  76  0.0000  0.0000  0.0000
244  76  0.0000  0.0000  0.0000
252  76  0.0000  0.0000  0.0000
260  76  2.5000  0.0000  8.8276
268  76 -0.2780 -0.1270 13.3759
276  76  0.0000 -0.5000  8.8276
284  76  0.2653  0.0214  7.8796
292  76  0.0000  0.0000 10.8982
  4  84  0.0000  0.0000 17.0667
 12  84  0.0000  0.0000  0.0000
 20  84  0.0868 -0.0378 15.2803
 28  84  0.0000  0.0000  9.7047
 36  84 -0.0344 -0.1928  8.5532
 44  84  0.0000  0.1820 11.3219
 52  84  0.0000  0.0000 12.5464
 60  84  0.0330 -0.1381  8.9328
 68  84 -0.0192  0.1864 11.8154
 76  84  0.0000  0.0000 20.7059
 84  84  0.0000  0.0000 11.1304
 92  84  0.0000 -0.5000  8.8276
100  84  0.0000  0.0000  0.0000
108  84  0.0000  0.0000 21.6135
116  84  0.1581 -0.2762 12.4260
124  84  0.0000  0.0000 11.1304
132  84 -0.5000 -2.0000  8.8276
140  84  0.0000  0.0000 11.1304
148  84  0.0000  0.0000 11.9011
156  84  0.0000  0.1960 11.1304
164  84  4.5000  4.5000  4.0635
172  84  0.0000  0.0000 16.1088
180  84  0.0000  0.0000  0.0000
188  84  0.0000  0.0000  0.0000
196  84  0.0000  0.0000 11.1304
204  84  0.0000  0.0000  0.0000
212  84  0.0000  0.0000  0.0000
220  84  0.0000  0.0000  0.0000
228  84  0.0000  0.0000  0.0000
236  84  0.0000  0.0000  0.0000
244  84  0.0000  0.0000  0.0000
252  84  0.0000  0.0000  0.0000
260  84 -1.5000  2.5000  7.4357
268  84  0.0000  0.0000  0.0000
276  84  0.0000  0.0000 11.1304
284  84  0.0000  0.0000 11.1304
292  84  0.5000  0.0000 11.1304
  4  92  0.0000  0.0000 11.1304
 12  92 -0.2780  0.1270 13.3759
 20  92  0.0000  0.0000 11.1304
 28  92  0.0000  0.0000 11.1304
 36  92 -0.0698  0.2911 10.5124
 44  92  0.0000  2.5000  8.8276
 52  92  0.5866  0.0000 10.2128
 60  92  0.0000  0.0000 11.1304
 68  92  0.0000  0.0000 11.1304
 76  92  0.0000  0.0000  0.0000
 84  92  0.0000  0.0000 11.1304
 92  92  0.0000  0.0000 16.1088
100  92  0.0000  0.0000 11.9011
108  92  0.0000  0.0000 17.0667
116  92 -0.0614  0.2486 19.8531
124  92  0.0000  0.0000 11.1304
132  92 -0.1083  0.1171 14.6826
140  92 -0.1184  0.0518  8.2958
148  92  0.0000  0.0000 11.1304
156  92  0.0000  0.0000 16.1088
164  92  0.0000  0.0000 11.1304
172  92  0.0000  0.0000 11.1304
180  92  0.0000  0.0000 11.1304
188  92  0.0000  0.0000 11.1304
196  92  0.0000  0.0000  0.0000
204  92  0.0000  0.0000  0.0000
212  92  0.0000  0.0000  0.0000
220  92  0.0000  0.0000 11.1304
228  92  0.0000  0.0000 16.1088
236  92  0.0000  0.0000  0.0000
244  92  0.0000  0.0000 11.1304
252  92  0.0000  0.0000 11.1304
260  92  2.5000  0.0000  8.8276
268  92  0.0000  0.0000  0.0000
276  92  0.0000  0.0000 11.1304
284  92  0.0000  0.0000  0.0000
292  92  0.0000  0.0000 11.1304
  4 100  0.0585  0.0429 15.6860
 12 100  0.0610 -1.0000  8.9210
 20 100  0.0000  0.1189  7.0995
 28 100  0.0000  0.0000  9.4208
 36 100  0.0000  0.0000 17.0667
 44 100  0.1153 -0.1066 12.4405
 52 100  0.0000  0.0000 20.7059
 60 100  0.3145 -0.0264 11.0777
 68 100  0.0000  0.0000  9.9881
 76 100 -0.1960  2.5000 11.1304
 84 100  0.0000  0.0000  0.0000
 92 100 -0.4681  0.0000  9.5738
100 100  0.0000  0.0000 11.1304
108 100  0.0000  0.0000 11.1304
116 100  0.0000  0.0000 11.9011
124 100  0.0466  0.0100 13.2537
132 100  0.0000  0.0000  8.3912
140 100  0.0000  0.0000  0.0000
148 100  0.0000  0.0000  0.0000
156 100  0.0000  0.0000 11.1304
164 100  0.0000  0.0000 11.1304
172 100  0.0000  0.0000 11.1304
180 100  0.0000  0.0000 11.1304
188 100  0.0000  0.0000  0.0000
196 100  0.0000  0.0000  0.0000
204 100  0.0000  0.0000  0.0000
212 100  0.0000  0.0000 11.1304
220 100  0.0000  0.0000  0.0000
228 100  0.0000  0.0000  0.0000
236 100  0.0000  0.0000  0.0000
244 100  0.0000  2.5000  8.8276
252 100  0.0000  0.0000 11.1304
260 100  0.0000  0.0000  0.0000
268 100  0.0000  0.0000 11.1304
276 100  0.0000  0.0000 11.1304
284 100  0.0000  0.0000  0.0000
292 100  0.0000  0.0000  0.0000
  4 108 -0.2080  0.2715 12.3107
 12 108  0.0000  0.0000 12.0628
 20 108  0.0000  0.0000 17.0667
 28 108  0.0065  0.1051 13.4737
 36 108 -0.1644 -0.0112 17.2986
 44 108 -0.1798  0.0246 17.0238
 52 108  0.1841  0.0418 12.3683
 60 108  0.0000  0.0000 11.1304
 68 108 -0.2907  0.0403 10.5761
 76 108  0.0000  0.0000  0.0000
 84 108  0.0000  0.0000 11.9011
 92 108  0.4043  0.4043  8.0000
100 108  0.0000  0.0000  0.0000
108 108  0.0000  0.0000 11.1304
116 108  0.0000  0.0000  0.0000
124 108  0.3732  0.3694 10.3318
132 108 -0.5000  4.5000  4.0635
140 108  0.0000  0.0000 11.9011
148 108  0.0000 -0.1101  8.5742
156 108  0.8288  0.0412  9.9740
164 108  0.0000  0.0000  0.0000
172 108  0.0000  0.0000  0.0000
180 108  0.0000  0.0000  0.0000
188 108  0.0000  0.0000 11.1304
196 108  0.0000  0.0000  0.0000
204 108  0.0000  0.0000  0.0000
212 108  0.0000  0.0000  0.0000
220 108  0.0000  0.0000  0.0000
228 108  0.0000  0.0000 11.1304
236 108  0.0000  0.0000  0.0000
244 108  0.0000  0.0000  0.0000
252 108  0.0000  0.0000 16.1088
260 108  0.1140  0.1079 19.3902
268 108 -0.1960  2.5000 11.1304
276 108  0.0000  0.0000  0.0000
284 108  0.0000  0.0000 11.1304
292 108  0.0000  0.0000  0.0000
  4 116  0.0000  0.0000  0.0000
 12 116  0.0000  0.0000 20.7059
 20 116 -0.2743 -0.0236 10.8782
 28 116  0.0000  0.0000 16.1088
 36 116  0.0000  0.0000  0.0000
 44 116  0.0000  2.5000  8.8276
 52 116  0.0000  0.0000  0.0000
 60 116  0.0000  0.0000  0.0000
 68 116  0.0000  0.0000  0.0000
 76 116  0.0000  0.0000 16.1088
 84 116  0.0000  0.0000 12.0455
 92 116  0.0000  0.0000  0.0000
100 116  0.0000  0.0000 11.1304
108 116  0.0000  0.0000  0.0000
116 116  0.0000  0.0000  0.0000
124 116  0.0000 -0.5000  8.8276
132 116  0.0000  0.0000 11.1304
140 116  0.5000 -0.0418 12.4022
148 116  0.0000  0.0000 12.0628
156 116 -1.1733  0.0000  8.5333
164 116  0.0000  0.0000 11.1304
172 116  0.0000  0.0000  0.0000
180 116  0.0000  0.0000  0.0000
188 116  0.0000  0.0000  0.0000
196 116  0.0000  0.0000 11.1304
204 116  0.0000  0.0000  8.0000
212 116  0.0000  0.0000 12.0628
220 116  0.0000  0.0000 12.0628
228 116  0.0000  0.0000 16.1088
236 116  0.0000  0.0000 11.1304
244 116  0.0000  0.0000  0.0000
252 116  0.0000  0.0000 16.1088
260 116  0.0000  0.0000 22.2609
268 116  0.0000  0.0000  0.0000
276 116  4.5000  4.5000  4.0635
284 116  0.0000  2.5000  8.8276
292 116  0.2780 -0.1270 13.3759
  4 124 -0.1841  0.0418 12.3683
 12 124  0.0000  0.0000 11.9011
 20 124  0.0000  0.0000  8.0000
 28 124  0.0000  0.0000  0.0000
 36 124  0.0000  0.0000 11.1304
 44 124 -0.5000  0.0000  8.8276
 52 124 -0.2780  0.1270 13.3759
 60 124  0.0000  0.0000 16.1088
 68 124  0.0000  0.0000 11.1304
 76 124  0.0000  0.0000 16.1088
 84 124  0.0000  0.0000 17.0667
 92 124  0.0000  0.0000  0.0000
100 124  0.0000  0.0000 11.1304
108 124  0.0000  0.0000  0.0000
116 124  0.0000  0.0000  0.0000
124 124  0.0000  0.0000 11.1304
132 124  0.0000  2.5000  8.8276
140 124  0.0000  0.0000 13.5576
148 124  0.0000 -0.0855 10.6035
156 124  0.0000  0.0000 10.1191
164 124  0.0000  0.0000  0.0000
172 124  0.0000  0.0000  0.0000
180 124  0.0000  0.0000  0.0000
188 124  0.0000  0.0000 16.1088
196 124  0.0000  0.0000 16.1088
204 124  0.0000  0.0000  9.2850
212 124  0.0000  0.0000  0.0000
220 124  0.0000  0.0000  0.0000
228 124  2.5000  0.0000  8.8276
236 124  0.0000  0.0000 16.1088
244 124  0.0000  0.0000 11.1304
252 124  0.0000  0.0000 17.0667
260 124  0.0000  0.0000  0.0000
268 124  0.0000  0.0000  0.0000
276 124  2.5000  0.0000  8.8276
284 124  0.0000 -0.5000  8.8276
292 124  0.0000  0.0000 16.1088
  4 132  0.0563  0.0416 15.1354
 12 132  0.2394  0.0339 14.0422
 20 132  2.8274 -0.3035  7.6077
 28 132  0.0000  0.0000  0.0000
 36 132  0.0000  0.0000  0.0000
 44 132  0.0000  0.0000  0.0000
 52 132  0.0000  0.0000 13.0803
 60 132  0.0000  0.0000  0.0000
 68 132  0.0000  0.0000 16.1088
 76 132  0.0000  0.0000 20.7059
 84 132 -0.0677  0.2414 11.7124
 92 132  0.0000  0.0000  8.0000
100 132  0.0000  0.0000 12.0628
108 132  0.0000  0.0000  0.0000
116 132  0.0000  0.0000 11.1304
124 132  0.0000  0.0000  0.0000
132 132  0.0000  0.0000 14.4906
140 132  0.0000  0.0000  0.0000
148 132  0.0000  0.0000  0.0000
156 132  0.0000  0.0000  9.2086
164 132  0.0000  0.0000  0.0000
172 132  0.0000  0.0000 11.1304
180 132  0.0000  0.0000 16.1088
188 132  0.0000  0.0000 16.1088
196 132  0.0000  0.0000 11.1304
204 132     NaN  0.1203  5.4468
212 132  0.0000  0.0000  0.0000
220 132  0.0000  0.0000  0.0000
228 132  0.0000  0.0000 11.1304
236 132  0.0000  0.0000 11.1304
244 132  0.5000  0.0000  8.4768
252 132  0.0000  0.0000 11.1304
260 132  0.0000  0.0000  0.0000
268 132  0.0000  0.0000  0.0000
276 132  0.0000  0.0000  0.0000
284 132  0.0000  0.0000 11.1304
292 132  0.0000  0.0000 11.1304
  4 140 -0.0953  0.2435 12.2890
 12 140  0.0000  0.0000 11.1304
 20 140  0.0000  0.0000  0.0000
 28 140  0.0000  0.0000  0.0000
 36 140  0.0000  0.0000  0.0000
 44 140  0.0000  0.0000 19.4783
 52 140  0.0000  0.0000  9.2086
 60 140  0.0000  0.0000 11.1304
 68 140  0.0000  0.0000  0.0000
 76 140  0.0000  0.0000  0.0000
 84 140 -0.0645 -0.5000 10.4200
 92 140  0.0000  0.0000 16.1088
100 140  0.0000  0.0000 16.1088
108 140 -0.1063  0.0000  6.9728
116 140  0.0000  0.0000 11.9011
124 140  0.0000  0.0000 11.1304
132 140  0.0000  0.0000 14.8352
140 140 -0.5000  0.0000  8.8276
148 140  0.0000  0.0000 12.5445
156 140  0.0000  0.0000  9.2850
164 140  0.0000  0.0000  0.0000
172 140  0.0000  0.0000  0.0000
180 140  0.0000  0.0000 12.0455
188 140 -0.5000  0.0000  8.8276
196 140  0.0000  0.0000  0.0000
204 140  0.0000  0.0000 11.1304
212 140  2.5000  0.0000  8.8276
220 140  0.0000  0.0000 11.1304
228 140  0.0000  0.0000  0.0000
236 140  0.0000  0.0000  0.0000
244 140  0.0000  0.0000 16.1088
252 140  0.0000  0.0000  0.0000
260 140  0.0000  0.0000  0.0000
268 140  0.0000  0.0000  0.0000
276 140  0.0000  0.0000  0.0000
284 140  0.0000  0.0000  0.0000
292 140  0.0000  2.5000  8.8276
  4 148  0.1960 -0.5000 11.1304
 12 148  0.0000  0.0000 11.1304
 20 148  0.0000  0.0000  0.0000
 28 148  0.0000  0.0000 11.1304
 36 148  0.0000  0.0000 11.1304
 44 148  0.0000  0.0000 16.1088
 52 148 -0.5000  0.0000  8.8276
 60 148  0.0000  0.0000  0.0000
 68 148  0.0000  0.0000  0.0000
 76 148 -0.2780  0.1270 13.3759
 84 148  3.0637 -3.0000  8.3718
 92 148  0.0000  0.0000 16.1088
100 148  0.0000  0.0000 11.1304
108 148 -0.2234  0.0247  6.7903
116 148 -0.0139  0.0121  8.4885
124 148  0.0000  0.0000  7.2156
132 148 -0.1063  0.0000  6.9728
140 148  0.0000  0.0000  0.0000
148 148  0.0000  0.0000 12.0628
156 148  1.0000  0.0000  9.2850
164 148  0.0000  0.0000 11.1304
172 148  0.0000  2.5000  8.8276
180 148  0.0000  0.0000 12.0628
188 148  0.0000  0.0000 11.1304
196 148  0.0000  0.0000 11.1304
204 148  0.0000  0.0000  0.0000
212 148  0.0000  0.0000  0.0000
220 148  0.0000  0.0000  0.0000
228 148  0.0000  0.0000  0.0000
236 148  0.0000  0.0000  0.0000
244 148  0.0000  0.0000  0.0000
252 148  0.0000  0.0000  0.0000
260 148  0.0000  0.0000  0.0000
268 148  0.0000  0.0000  0.0000
276 148  0.0000  0.0000  0.0000
284 148  0.0000  0.0000  0.0000
292 148     NaN     NaN  5.4468
  4 156  0.0000  2.5000  8.8276
 12 156  0.0000  0.0000  0.0000
 20 156  0.0000  0.0000 11.1304
 28 156  0.0000  0.0000 16.1088
 36 156 -4.5000  0.0830 13.8795
 44 156  0.0000  0.0000 11.1304
 52 156  0.0000  0.0000  0.0000
 60 156  0.0000  0.0000 11.1304
 68 156  0.0000  0.0000 16.1088
 76 156  0.0000  0.0000 11.1304
 84 156  0.0000  0.0000 12.0628
 92 156  0.0000  0.0000  0.0000
100 156  0.0000  0.0000  0.0000
108 156  0.0000  2.5000  8.8276
116 156 -0.1841  0.0418 12.3683
124 156 -0.0391 -0.5000  9.3822
132 156  0.0000  0.0000 13.5576
140 156  0.0000  0.0000 11.1304
148 156 -0.4043 -0.4043  8.0000
156 156  0.0000  0.0000 12.0628
164 156  0.0000  2.5000  8.8276
172 156 -0.2193  0.0923  7.5156
180 156  0.0000  0.0000 19.4783
188 156  0.0000  0.0000 11.1304
196 156  0.0000  0.0000  0.0000
204 156  0.0000  0.0000  0.0000
212 156  0.0000  0.0000  0.0000
220 156  0.0000  0.0000  0.0000
228 156  0.0000  0.0000  0.0000
236 156  0.0000  0.0000 11.1304
244 156  0.0000  0.0000 11.1304
252 156  0.0000  0.0000  0.0000
260 156  0.0000  0.0000  0.0000
268 156  0.0000  0.0000  0.0000
276 156  0.0000  0.0000  0.0000
284 156  0.0000  0.0000  0.0000
292 156  0.0000  0.0000  0.0000
  4 164  0.0000  0.0000 17.2183
 12 164  0.0000  0.0000 11.1304
 20 164  0.0000  0.0000 16.1088
 28 164  1.2556  0.0712  7.8390
 36 164  0.0000  0.0000  0.0000
 44 164  0.0000  0.0000 11.1304
 52 164  0.0000  0.0000  0.0000
 60 164  0.0000  2.5000  8.8276
 68 164  0.0000  0.0000 11.1304
 76 164  0.0000  0.0000 16.1088
 84 164  0.0000  0.0000 19.4783
 92 164  0.0000  0.0000  0.0000
100 164  0.0000  0.0000  0.0000
108 164  2.5000  0.0391  9.3822
116 164  0.0000  0.0000 13.7544
124 164  0.0000  0.0000 11.1304
132 164  0.0000  0.0000 11.1304
140 164  0.0000  0.0000  0.0000
148 164  0.0000  0.0000  0.0000
156 164 -0.0582 -0.0292 15.7491
164 164  0.0000  0.0000  8.2581
172 164 -0.5000  0.0000 11.1304
180 164  0.0000  0.0000  0.0000
188 164  0.0000  0.0000 11.1304
196 164  0.0000  0.0000  0.0000
204 164  0.0000  0.0000  0.0000
212 164  0.0000  0.0000  0.0000
220 164  0.0000  0.0000  0.0000
228 164  0.0000  0.0000 11.1304
236 164  0.0000  0.0000  0.0000
244 164  0.0000  0.0000  0.0000
252 164  0.0000  0.0000  0.0000
260 164  0.0000  0.0000  0.0000
268 164  0.0000  0.0000  0.0000
276 164  0.0000  0.0000  0.0000
284 164  0.0000  0.0000  0.0000
292 164  0.0000  0.0000 12.0628
  4 172 -0.0272 -0.0238 11.1899
 12 172  0.0000  0.0000 16.1088
 20 172  0.0000  0.0000 11.1304
 28 172  0.0000  0.0000 11.1304
 36 172  0.0000  0.0000 11.1304
 44 172  0.1960 -0.5000 11.1304
 52 172  0.0000  0.0000  0.0000
 60 172  2.5000  0.0000  8.8276
 68 172  0.0000  0.0000  0.0000
 76 172  0.2780 -0.1270 13.3759
 84 172  0.0000  0.0000  0.0000
 92 172  0.0000  0.0000  0.0000
100 172  0.0000  0.0000  0.0000
108 172  0.0000  0.0000 16.1088
116 172  0.0000  0.0000 16.1088
124 172  0.0000 -0.5000  8.8276
132 172  0.0000  0.0000  0.0000
140 172  2.5000 -0.1588 10.5785
148 172  0.0000  0.0000 19.4783
156 172  0.0000  0.0000  0.0000
164 172  0.0000  0.0000 16.1088
172 172  0.0000  0.0000 11.1304
180 172  0.0000  0.0000 13.1641
188 172  0.0000  0.0000 11.1304
196 172  0.0000  0.0000 16.1088
204 172  0.0000  0.0000  0.0000
212 172  0.0000  0.0000  0.0000
220 172  0.0000  0.0000  0.0000
228 172  0.0000  0.0000  0.0000
236 172  0.0000  0.0000  8.0000
244 172  0.0000  0.0000 16.1088
252 172  0.0000  0.0000  0.0000
260 172  0.0000  0.0000  0.0000
268 172  0.0000  0.0000  0.0000
276 172  0.0000  0.0000  0.0000
284 172  0.0000  0.0000  0.0000
292 172  0.0000  0.0000  0.0000
  4 180  0.0000  0.0000  0.0000
 12 180  4.5000 -0.5000  4.0635
 20 180 -0.1151 -0.1151 16.5161
 28 180  0.0000  0.0000 11.1304
 36 180  0.0000  2.5000  8.8276
 44 180  0.0000  0.0000  0.0000
 52 180  0.3732  0.5000  9.6402
 60 180  0.0000  0.0000 11.1304
 68 180  2.5000  0.0000  8.8276
 76 180  0.0000 -0.5000  8.8276
 84 180  0.0000  0.0000  0.0000
 92 180  0.0000  0.0000 16.1088
100 180 -0.5000  0.0000  8.8276
108 180  0.0000  0.0000  0.0000
116 180  0.0000  0.0000 16.1088
124 180  1.0000  0.0000  9.2850
132 180  0.1811 -0.4037  9.9280
140 180 -0.0825 -0.0825  9.2850
148 180  0.3116  0.2638  8.8684
156 180  0.0000  0.0000  0.0000
164 180  0.0000  0.0000 11.1304
172 180  0.0000  0.0000 11.1304
180 180  0.0000  0.0000 17.0667
188 180  0.0000  0.0000 11.1304
196 180  0.0000  0.0000 11.1304
204 180  0.0000  0.0000  0.0000
212 180  0.0000  0.0000  0.0000
220 180  0.0000  0.0000  0.0000
228 180  0.0000  0.0000  0.0000
236 180 -0.1063  0.0000  6.9728
244 180  0.1063  0.0000  6.9728
252 180  0.0000  0.0000  0.0000
260 180  0.0000  0.0000  0.0000
268 180  0.0000  0.0000  0.0000
276 180  0.0000  0.0000  0.0000
284 180  0.0000  0.0000  0.0000
292 180  0.0000  0.0000 16.1088
  4 188  0.0000  0.0000  0.0000
 12 188  0.0000  0.0000  0.0000
 20 188 -0.1263 -0.0969 14.7403
 28 188  0.0000  0.0000  0.0000
 36 188  0.0000  0.0000 11.1304
 44 188  0.0000  0.0000  0.0000
 52 188  0.0083 -0.0418 11.2576
 60 188  0.6306  0.1105 11.2757
 68 188  0.0000  0.0000 16.1088
 76 188  0.0000  0.0000  0.0000
 84 188  0.0000  0.0000  0.0000
 92 188  4.5000  4.5000  4.0635
100 188  0.0000  0.0000 16.1088
108 188  0.0000  0.0000 13.5576
116 188  0.0000  0.0000 11.1304
124 188  0.0000  0.0000  8.2581
132 188 -0.0698 -0.2911 10.5124
140 188  0.0000  0.0000  0.0000
148 188  0.0000  0.0000 13.5576
156 188  0.0000  0.0000  0.0000
164 188  0.0000  0.0000 11.1304
172 188  1.0000  0.0000  9.2850
180 188  0.5000  0.0000 11.1304
188 188  0.5000  0.0000 11.1304
196 188  0.0000  0.0000 11.1304
204 188  0.0000  0.0000 16.1088
212 188  0.0000  0.0000  0.0000
220 188  0.0000  0.0000  0.0000
228 188  0.0000  0.0000  0.0000
236 188  0.0000  0.0000 11.1304
244 188  0.0000  0.0000  0.0000
252 188  0.0000  0.0000  0.0000
260 188  0.0000  0.0000  0.0000
268 188  0.0000  0.0000 11.1304
276 188  0.0000  0.0000 11.1304
284 188  0.0000  0.0000 11.1304
292 188  0.0000  0.0000  0.0000
  4 196  0.0000  0.0000 17.0667
 12 196  0.0000  0.0000 11.1304
 20 196 -1.0000  0.0000  9.2850
 28 196  0.0000  0.0000  0.0000
 36 196  0.0000  0.0000 11.1304
 44 196  0.0000  0.0000  0.0000
 52 196  0.0000  0.0000 10.9491
 60 196  0.0000  0.0000 19.4783
 68 196  0.0000  0.0000  0.0000
 76 196  0.0000  0.0000  0.0000
 84 196  0.0000  0.0000  0.0000
 92 196  0.0000  0.0000 16.1088
100 196  0.0000  0.0000 16.1088
108 196  0.0000  0.0000 11.1304
116 196  0.0000  0.0000  0.0000
124 196  0.0000  0.0000 17.0667
132 196     NaN     NaN  5.4468
140 196  1.5000 -0.5000  8.2581
148 196  0.0000  0.0000  0.0000
156 196  0.0000  0.0000  0.0000
164 196  0.0000  0.0000 11.1304
172 196  0.0000  0.0000 12.0628
180 196  0.5000  0.0000 11.1304
188 196  0.5000  0.0000 11.1304
196 196  0.0000  0.0000 11.1304
204 196  0.0000  0.0000  0.0000
212 196  0.0000  0.0000  0.0000
220 196  0.0000  0.0000  0.0000
228 196  0.0000  0.0000  0.0000
236 196  0.0000  0.0000  0.0000
244 196  0.0000  0.0000  0.0000
252 196  0.0000  0.0000  0.0000
260 196  0.0000  0.0000  0.0000
268 196  0.0000  0.0000 11.1304
276 196  0.0000  0.0000 12.0628
284 196  0.0000  0.0000 11.1304
292 196  0.0000  0.0000 16.1088
  4 204  0.0000  0.0000 11.1304
 12 204  0.0000  0.0000 11.1304
 20 204 -1.3070  0.0337 12.4709
 28 204 -0.5000  0.0000  8.8276
 36 204 -0.5000  0.0000  8.8276
 44 204  0.0000  0.0000  0.0000
 52 204  0.0000  0.0000 11.1304
 60 204  0.0000  0.0000 11.1304
 68 204  0.0000  0.0000 11.1304
 76 204  2.5000  0.0000  8.8276
 84 204  0.0000  0.0000 11.1304
 92 204  0.0000  0.0000 16.1088
100 204  0.0000  0.0000 11.1304
108 204  0.0000  0.0000  0.0000
116 204  0.0000  0.0000 11.1304
124 204  0.0000  0.0000 13.5576
132 204  0.0000  0.0000  0.0000
140 204  0.0000  0.0000 16.1088
148 204  0.0000  0.0000  0.0000
156 204  0.0000  0.0000 11.1304
164 204  0.0000  0.0000 11.1304
172 204  0.0000  0.0000 12.0628
180 204  2.5000 -2.1588 10.5785
188 204  0.5000  0.1960  5.4468
196 204  0.0000  0.0000 16.1088
204 204  0.0000  0.0000 11.1304
212 204  0.0000  0.0000  0.0000
220 204  0.0000  0.0000  0.0000
228 204  0.0000  0.0000  0.0000
236 204  0.0000  0.0000  0.0000
244 204  0.0000  0.0000  0.0000
252 204  0.0000  0.0000  0.0000
260 204 -1.3070 -0.0337 12.4709
268 204  0.0000  0.0000  0.0000
276 204  0.0000  0.0000  0.0000
284 204  0.0000  0.0000  0.0000
292 204  0.0000  0.0000  0.0000
  4 212  0.0000  0.0000  0.0000
 12 212  0.0000  2.5000  8.8276
 20 212 -1.1715 -0.5000  6.7368
 28 212 -0.3577  2.5000 13.4737
 36 212  0.0000  0.0000 11.1304
 44 212  0.0000  0.0000  0.0000
 52 212  0.0000  0.0000 16.1088
 60 212  0.0000  0.0000 16.1088
 68 212  0.0000  0.0000 11.1304
 76 212  0.0000  0.0000  0.0000
 84 212  0.0000  0.0000  0.0000
 92 212  0.0000  0.0000 11.1304
100 212  0.0000  0.0000 16.1088
108 212  0.0000  0.0000  0.0000
116 212  0.0000  0.0000 11.1304
124 212  0.0000  0.0000 11.1304
132 212  0.0000  0.0000  0.0000
140 212  0.0000  0.0000  0.0000
148 212  0.0000  0.0000  0.0000
156 212  0.0000  0.0000  0.0000
164 212  0.0000  0.0000 11.1304
172 212  0.0000  0.0000 11.1304
180 212 -0.2780 -0.1270 13.3759
188 212 -0.5000  4.5000  4.0635
196 212  1.3070 -0.0337 12.4709
204 212  0.0000  0.0000  0.0000
212 212  0.0000  0.0000  0.0000
220 212  0.0000  0.0000  0.0000
228 212  0.0000  0.0000  0.0000
236 212  0.0000  0.0000  0.0000
244 212  0.0000  0.0000  0.0000
252 212  2.5000  0.0000  8.8276
260 212  0.0000  0.0000 16.1088
268 212  0.0000  0.0000 11.1304
276 212  0.0000  0.0000  0.0000
284 212  0.0000  0.0000 16.1088
292 212  0.0000  0.0000  0.0000
  4 220  0.0000  0.0000 11.1304
 12 220  0.5000  0.0000  8.4768
 20 220  0.0000  0.0000 16.5009
 28 220  0.0000  0.0000  9.4208
 36 220  0.0000  0.0000  0.0000
 44 220  0.0000  0.0000 16.1088
 52 220  0.0000  0.0000  0.0000
 60 220  0.0000  0.0000  0.0000
 68 220  0.0000  0.0000 16.1088
 76 220  0.0000  0.0000  0.0000
 84 220  0.0000  0.0000 11.1304
 92 220  0.0696  0.0812 10.9765
100 220  0.0000  0.0000 11.1304
108 220  0.0000  0.0000 11.1304
116 220  0.0000  0.0000  0.0000
124 220  0.0000  0.0000  0.0000
132 220  0.0000  0.0000  0.0000
140 220  1.5000  0.0000  8.2581
148 220  0.0000  0.0000 16.1088
156 220  0.0000  0.0000 19.4783
164 220 -0.0618 -0.5000  9.8694
172 220  0.0000  0.0000 11.1304
180 220  0.0000  0.0000 11.1304
188 220  0.0000  0.0000 11.1304
196 220  0.0000  0.0000 11.1304
204 220  0.0000  2.5000  8.8276
212 220  0.0000  0.0000  0.0000
220 220  0.0000  0.0000  0.0000
228 220  0.0000  0.0000  0.0000
236 220  0.0000  0.0000  0.0000
244 220  0.0000  0.0000  0.0000
252 220  0.0000  0.0000  0.0000
260 220  0.0000  0.0000 16.1088
268 220  0.0418  0.1521 12.6567
276 220  0.0000  0.0000 11.1304
284 220  0.0000  0.0000 11.1304
292 220  0.0000  0.0000  0.0000
