VARIABLES= "X pix", "Y pix", "U pix/dt", "V pix/dt", "CHC", ZONE I=28, J=37
  4   4  0.0000  0.0000 10.6915
 12   4  0.0000  0.0000 10.9708
 20   4 -0.0437  0.0128 10.9762
 28   4  0.0527  0.0137 10.9645
 36   4  0.0000  0.0000  9.9992
 44   4  0.0000  0.0000  9.1613
 52   4  0.0000  0.0000 10.0099
 60   4  0.0000  0.0000 10.9491
 68   4  0.0000  0.0000  9.9992
 76   4  0.0000  0.0302 10.6439
 84   4 -0.0431  0.0047 11.6940
 92   4  0.0000  0.0000 10.9734
100   4  0.0000  0.0000 13.0561
108   4  0.0000  0.0000 13.5605
116   4  0.0000  0.0000 11.9483
124   4  0.0000  0.0000 11.1505
132   4  0.0000  0.0000 11.9483
140   4  0.0000  0.0000 11.9483
148   4  0.0000  0.0000 11.2712
156   4  0.0000  0.0000 11.7754
164   4  0.0000  0.0000 11.0456
172   4  0.0000  0.0000 11.9577
180   4  0.0039  0.0366 11.4207
188   4 -0.0036 -0.0026 11.9252
196   4  0.0030 -0.0424 11.3587
204   4  0.0000  0.0000 11.7754
212   4  0.0000  0.0000 10.4799
220   4 -0.0674  0.0140 12.5162
228   4 -0.0223 -0.1586 12.7150
236   4  0.0155 -0.0370 12.1861
244   4 -0.0203  0.0506 10.5542
252   4  0.0677 -0.0251 11.6209
260   4 -0.0271  0.0604 12.0015
268   4 -0.0061  0.0026 12.4176
276   4  0.0000 -0.0373 11.7124
284   4  0.0000 -0.0322 13.4737
292   4  0.0757  0.0116 11.9379
  4  12  0.0000  0.0000  0.0000
 12  12     NaN     NaN 1801907456.0000
 20  12  0.0000 -0.6958 11.1304
 28  12 -0.2080 -0.2715 12.3107
 36  12  0.0000 -0.5000 11.1304
 44  12  0.0000 -0.1469 10.3584
 52  12 -0.0324 -0.0436  9.1926
 60  12  0.0000  0.0000  7.3911
 68  12 -0.4337 -0.0578  8.8276
 76  12 -0.1965 -0.2436 10.5709
 84  12  0.3123 -0.0329  9.2086
 92  12  0.0000  0.0000 11.1304
100  12  0.0000  0.0000 11.1304
108  12  0.0532  0.3086  8.7887
116  12  0.0000  0.0000 11.6822
124  12  0.0000  0.0000 10.6775
132  12  0.0000  0.0000  7.9919
140  12  0.0000  0.3130 10.2622
148  12  0.0000  0.0000 10.6775
156  12  0.0000  0.0000 10.6775
164  12 -0.0062 -0.0033 23.0455
172  12 -0.0567  0.0183 27.1781
180  12  0.0318  0.1133 10.9733
188  12  0.1191  0.1509 10.0180
196  12  0.1041  0.0022  8.4166
204  12  0.0000  0.0000  7.5932
212  12 -0.0166  0.0845 12.7202
220  12 -0.0896  0.1358  9.7304
228  12  0.0000  0.0000  7.3143
236  12  0.0000  0.0000  9.6034
244  12  0.0000 -0.0043  8.0498
252  12 -0.0095 -0.0428  7.9750
260  12  0.0654 -0.0225  8.6049
268  12  0.0041 -0.3720  6.8224
276  12  0.0000  0.0000  7.8098
284  12 -0.1463 -0.0072  9.1081
292  12  0.0000  0.0000  9.4394
  4  20 -0.0128 -0.0443 12.6087
 12  20 -0.0321 -0.0028 11.3905
 20  20  0.0787 -0.0144  9.7168
 28  20 -0.0091 -0.1227 10.4033
 36  20  0.0000  0.0419  9.3798
 44  20 -0.0770  0.0105 10.1736
 52  20  0.0000  0.0000  9.3471
 60  20  0.0000  0.0335  9.1902
 68  20 -0.0548 -0.0083 11.0860
 76  20  0.0000  0.0000  9.9751
 84  20  0.0342 -0.0622 10.3900
 92  20  0.1488  0.0023  9.5566
100  20  0.0119 -0.0251 16.4089
108  20  0.0000  0.0000 19.2112
116  20  0.0000  0.0000 14.0001
124  20  0.0000  0.0000 13.6954
132  20  0.0070 -0.0015 13.4988
140  20  0.0144  0.0146 12.7894
148  20 -0.0010  0.0161 14.2908
156  20 -0.0198  0.0009 15.1703
164  20 -0.0151 -0.0016 20.4435
172  20 -0.0017  0.0136 32.5542
180  20  0.0000  0.0000 22.8662
188  20  0.0000  0.0000 28.2367
196  20  0.0000  0.0000 14.4000
204  20  0.0000  0.0000 19.0538
212  20  0.1503 -0.0158 13.3517
220  20  0.0058  0.1915 13.7858
228  20  0.0000 -0.0880 20.0297
236  20 -0.0747 -0.0037 18.9602
244  20  0.2589  0.0170 14.6725
252  20  0.0026 -0.0043 18.5106
260  20  0.0000  0.0000 18.3990
268  20  0.0000  0.0000 19.3561
276  20  0.0000  0.0000 15.1055
284  20  0.0000  0.0000 14.4174
292  20  0.0475 -0.0147 15.5151
  4  28  0.0000  0.0000 15.0620
 12  28  0.0000  0.0000 17.1086
 20  28  0.0240  0.0127 15.3549
 28  28  0.0011 -0.0117 11.2118
 36  28  0.0145 -0.0024  9.6245
 44  28  0.0000  0.0000  9.4487
 52  28  0.0000  0.0000  9.1609
 60  28 -0.0187 -0.0018  8.8013
 68  28  0.0000  0.0000  9.8556
 76  28  0.0000  0.0000  9.9865
 84  28  0.0000  0.0000  8.4158
 92  28  0.0044  0.0010  8.2706
100  28  0.0000  0.0000 11.2237
108  28  0.0000  0.0000  9.6352
116  28  0.0050 -0.0223  7.3293
124  28 -0.0005  0.0146  8.5577
132  28  0.0000  0.0000  6.9047
140  28  0.0000  0.0000  7.0008
148  28 -0.0175  0.0003  8.4946
156  28 -0.0019  0.0332 17.9300
164  28  0.0053  0.0008 15.1922
172  28  0.0384  0.0003 19.2632
180  28  0.0003 -0.0368 12.7129
188  28  0.0000  0.0000  7.8472
196  28  0.0000  0.0000  6.9824
204  28  0.0000  0.0000  7.0142
212  28  0.0000  0.0000  7.2851
220  28  0.0000  0.0000  7.4184
228  28  0.0000  0.0000  7.1255
236  28  0.0000  0.0000  6.9536
244  28  0.0000  0.0000  6.9341
252  28  0.0000  0.0000  8.9468
260  28  0.0000  0.0000  9.3008
268  28  0.0000  0.0000 10.5032
276  28  0.0000  0.0000 12.3886
284  28  0.0000  0.0000  8.7701
292  28  0.0000  0.0000  7.9925
  4  36  0.0000  0.0000  7.4837
 12  36  0.0000  0.0000  6.3941
 20  36 -0.0238 -0.0268  5.6612
 28  36  0.0000  0.0000  9.4928
 36  36  0.0000  0.0000 13.8188
 44  36  0.0000  0.0000  9.4208
 52  36  0.0000  0.0000 11.0903
 60  36  0.1348  0.0333 11.3522
 68  36  0.0000  0.0000 13.6955
 76  36  0.0000  0.0000 13.5888
 84  36  0.0000  0.0000  9.5698
 92  36  0.0000  0.0743  7.4582
100  36  0.0000  0.0000  9.2425
108  36  0.0000  0.0000  6.8970
116  36  0.0000  0.0000  8.6000
124  36  0.0000  0.0000 11.1304
132  36  0.0000  0.0000 17.0667
140  36  0.0000  0.0000  0.0000
148  36  0.0000  0.0000  5.5554
156  36 -0.0176 -0.0225 13.6009
164  36  0.0003 -0.0202 13.2065
172  36 -0.0045 -0.0078 11.0636
180  36  0.0007 -0.0044 13.1995
188  36  0.0000  0.0000  8.4891
196  36  0.0000  0.0000 13.3166
204  36  0.0000  0.0000 17.5596
212  36  0.0000  0.0000 14.4096
220  36  0.0000  0.0000 12.2639
228  36  0.0000  0.0000 10.8982
236  36  0.0000  0.0000 11.0903
244  36  0.0000  0.0000 12.0628
252  36  0.0000  0.0000  9.9881
260  36  0.0000  0.0000 11.0903
268  36  0.0000  0.0000 13.0989
276  36  0.0000  0.0000 12.0033
284  36  0.0000  0.0000 10.3886
292  36  0.0000  0.0000 10.7801
  4  44  0.0000  0.0000 17.8912
 12  44  0.0000  0.0000 16.2968
 20  44  0.0146  0.0623 14.3387
 28  44 -0.0405 -0.1552 10.8072
 36  44  0.0000  0.0000  9.0038
 44  44  0.0000  0.0000  8.7453
 52  44  0.0000  0.0000  8.4696
 60  44  0.2208 -0.1192  7.0932
 68  44 -0.3868  1.6820  7.6342
 76  44  0.0000  0.0000  0.0000
 84  44  0.0000  0.0000 11.1304
 92  44  0.0000  0.0000 16.1088
100  44  0.0000  0.0000 12.0628
108  44  0.0000  0.0000  0.0000
116  44  0.0000  0.0000  0.0000
124  44  0.0000  0.0000 11.1304
132  44  0.0000  0.0000 11.1304
140  44  0.0000  0.0000  0.0000
148  44  0.0000  0.0000  5.9213
156  44 -0.0221 -0.0003 19.4794
164  44  0.0000  0.0000 15.6588
172  44  0.0000  0.0000 17.3258
180  44  0.0000  0.0000 14.3380
188  44  0.0000  0.0000  6.1027
196  44  0.0000  0.0000  0.0000
204  44  0.0000  0.0000  0.0000
212  44  0.0000  0.0000  9.0168
220  44  0.0000  0.0000  8.2706
228  44  0.0651 -0.0378 10.1097
236  44 -0.0033 -0.1068 10.6233
244  44  0.0000  0.0000 10.6057
252  44  0.0000  0.0000 10.5606
260  44 -0.1192  0.0207 12.4019
268  44  0.0000  0.0000 12.5085
276  44  0.0000  0.0000 13.7993
284  44  0.0000  0.0000 11.0903
292  44  0.0000  0.0000 18.6389
  4  52  0.0000  0.2697  7.3143
 12  52  0.0000  0.0000  7.8087
 20  52 -0.0755  0.0653 11.8819
 28  52  0.0000  0.0000 12.0628
 36  52  0.0000  0.0000 20.7059
 44  52  0.0000  0.0000 13.7892
 52  52  0.0000 -0.0158 17.0667
 60  52  0.0000  0.0000  0.0000
 68  52 -0.1050  2.5000  6.8903
 76  52  0.0000  0.0000  0.0000
 84  52  0.0000  0.0000 11.1304
 92  52  0.0000  0.0000 11.1304
100  52 -0.1556  0.0000 12.2969
108  52  0.0000  0.0000  0.0000
116  52  0.0000  0.0000  0.0000
124  52  0.0000  0.0000  0.0000
132  52  0.0000  0.0000  0.0000
140  52  0.0000  0.0000  9.4208
148  52  0.0000  0.0000  7.8403
156  52 -0.0097 -0.0008 11.3687
164  52  0.0000  0.0000  9.0060
172  52  0.0000  0.0000  8.8389
180  52  0.0000  0.0000 10.7193
188  52 -0.0534 -0.0602  8.8276
196  52  0.0000  0.0000  8.5829
204  52  0.0000  0.0000  8.5951
212  52  0.0000  0.0000  6.8970
220  52  0.0000  0.0000  7.3143
228  52 -0.0989  0.0791  8.4406
236  52  0.0000  0.0000 12.4998
244  52  0.0000  0.0000 10.6057
252  52  0.0000  0.0000 12.3442
260  52  0.0179  0.0423 15.1609
268  52 -0.3602  0.0178  7.4156
276  52  0.0000  0.0000 10.5606
284  52  0.0000  0.0000 14.9333
292  52  0.0000  0.0000  9.5399
  4  60  0.0000  0.0000  0.0000
 12  60  0.0000  0.0000  0.0000
 20  60  0.0000  0.0000 11.1304
 28  60  0.0000  0.0000 11.1304
 36  60  0.0000  0.0000 19.1045
 44  60  0.0000  0.0000  0.0000
 52  60  0.0000  0.0000 11.1304
 60  60  0.0000  0.0000  0.0000
 68  60  0.0000  0.0000 16.1088
 76  60  0.0000  0.0000 11.1304
 84  60  0.0000  0.0000 11.7732
 92  60  0.0000  0.0000 12.0409
100  60  0.0000  0.0000 11.0617
108  60  0.0000  0.0000  0.0000
116  60  0.0000  0.0000 11.9011
124  60  0.0000  0.0000  6.8970
132  60  0.0000  0.0000 11.9011
140  60  0.0000  0.0000 16.1088
148  60 -0.2665 -0.0090 11.8309
156  60  0.0000  0.0000 11.9011
164  60  0.0300 -0.4631 13.0538
172  60  0.0000  0.0000  7.8087
180  60  0.0000 -0.1209 13.8378
188  60  0.0000  0.0000 11.1304
196  60  0.0000  0.0000  0.0000
204  60  0.0000  0.0000  0.0000
212  60  0.0000  0.0000  0.0000
220  60  0.0000  0.0000  0.0000
228  60  0.0000  0.0000  0.0000
236  60  0.0000  0.0000 11.1304
244  60  0.0000  0.0000 11.9011
252  60  0.0000  0.0000 11.9011
260  60  0.0364 -0.2387 11.3832
268  60  0.0000  0.0000 14.5082
276  60 -0.5000  0.0000  8.8276
284  60  0.2269  0.0609  8.2581
292  60 -0.1977  0.0176 10.9714
  4  68  0.0000  0.0000 13.1641
 12  68  0.0000  0.0000 12.5445
 20  68  0.0000  0.0000 11.1304
 28  68  0.0000  0.0000 11.1304
 36  68  0.0000  0.0000 11.1304
 44  68 -0.3290  2.8274  8.0000
 52  68  0.0000  0.0000 18.9370
 60  68  0.0000  0.0000 16.1088
 68  68  0.0000  0.0000  0.0000
 76  68  0.0000  0.0000 16.1088
 84  68  0.0000  0.0000 10.8453
 92  68  0.0000  0.0000 10.0816
100  68  0.0467  0.0591 12.0126
108  68  0.0000  0.0000  9.2086
116  68  0.0000  0.0000 11.1304
124  68 -0.5000  0.0000  8.8276
132  68  0.0000  0.0000 11.1304
140  68  0.0000  0.0000 11.1304
148  68  0.0000  0.0000 11.2521
156  68 -0.1656 -0.0786 10.7522
164  68  0.0000  0.0000 16.1088
172  68 -0.9601  0.0000 11.5270
180  68  0.0000  0.0000 15.9357
188  68 -0.5000  0.0000  8.8276
196  68  0.0000  0.0000  0.0000
204  68  0.0000  0.0000 11.1304
212  68  0.0000  0.0000  0.0000
220  68  0.0000  0.0000  0.0000
228  68  0.0000  0.0000  0.0000
236  68  0.0000  0.0000  0.0000
244  68  0.0000  0.0000  0.0000
252  68  0.0000  0.0000 16.1088
260  68  0.0000  0.0000 16.1088
268  68  0.0000  0.0000 11.1304
276  68 -0.0672  0.0000  9.3177
284  68 -0.1665  0.0000 14.7755
292  68  0.0000  0.0000 12.0455
  4  76  0.0000  0.0000  0.0000
 12  76  0.0000  0.0000 11.9011
 20  76  0.0000  0.1469 10.3584
 28  76  0.0000  0.0000 11.1304
 36  76  0.0000  0.0000  0.0000
 44  76  0.0579 -0.2001 13.7634
 52  76  0.0000  0.0000  7.4054
 60  76  0.0123  0.0572 17.4522
 68  76  0.0000  0.0000 11.0903
 76  76  0.0000  0.0000 12.4825
 84  76 -0.2464 -0.1023 11.2342
 92  76  0.0000  0.0000 12.1315
100  76  0.0000  0.0000  8.6413
108  76  0.0000  0.0000 11.2634
116  76  0.0000 -0.1469 10.3584
124  76  0.1151 -0.1151 16.5161
132  76  0.0000  0.0000 11.1304
140  76  0.0000 -0.0259 13.4737
148  76  0.0000  0.0000 10.1191
156  76  0.0000  0.0000 11.1304
164  76  0.0000  0.0000 11.1304
172  76  0.0000  0.0000 11.1304
180  76  0.2780 -0.1270 13.3759
188  76  0.1151 -0.1151 16.5161
196  76  0.0000  0.0000 16.1088
204  76  0.0000  0.0000  0.0000
212  76  0.0000  0.0000  0.0000
220  76  0.0000  0.0000  0.0000
228  76  0.0000  0.0000  0.0000
236  76  0.0000  0.0000  0.0000
244  76  0.0000  0.0000  0.0000
252  76  0.0000  0.0000  0.0000
260  76  0.0000  0.0000 11.1304
268  76  0.0000  0.0000 17.2183
276  76  0.0000  0.0000 11.1304
284  76 -0.2653 -0.0214  7.8796
292  76  0.0209  0.1268 10.0453
  4  84  0.0000  0.0000 17.0667
 12  84  0.0000  0.0000  0.0000
 20  84 -0.0308 -0.1823 13.1845
 28  84  0.0000  0.0000  9.7047
 36  84  0.0000  0.0000 10.0410
 44  84 -0.1496 -0.1637 12.4411
 52  84  0.1917  0.1085 14.1274
 60  84  0.0000  0.0000 10.2712
 68  84  0.0000  0.0000 11.0903
 76  84  0.0000  0.0000 20.7059
 84  84  0.0000  0.0000 11.1304
 92  84  0.0000  2.5000  8.8276
100  84  0.0000  0.0000  0.0000
108  84  0.0000  0.0000 21.6135
116  84  0.3251  0.0284 11.1937
124  84  0.0000 -2.0000 11.1304
132  84  0.0000  2.0000 11.1304
140  84  0.0000  0.0000 11.1304
148  84  0.0000  0.0000 11.9011
156  84  0.0000 -0.1960 11.1304
164  84 -0.1063  0.0000  6.9728
172  84  0.0000  0.0000 16.1088
180  84  0.0000  0.0000  0.0000
188  84  0.0000  0.0000  0.0000
196  84  0.0000  0.0000 11.1304
204  84  0.0000  0.0000 11.1304
212  84  0.0000  0.0000  0.0000
220  84  0.0000  0.0000  0.0000
228  84  0.0000  0.0000  0.0000
236  84  0.0000  0.0000  0.0000
244  84  0.0000  0.0000  0.0000
252  84  0.0000  0.0000  0.0000
260  84  4.5000 -0.5000  4.0635
268  84  0.0000  0.0000  0.0000
276  84  0.0000  0.0000 11.1304
284  84  0.0000  0.0000 11.1304
292  84 -0.5000  0.0000 11.1304
  4  92  0.0000  0.0000 11.1304
 12  92  0.0000  0.0000 16.1088
 20  92  0.0000  0.0000 11.1304
 28  92 -1.5000  0.0000  8.2581
 36  92  0.0000  0.0000 12.0455
 44  92  0.0000 -0.5000  8.8276
 52  92  0.0000  0.0000 11.4120
 60  92  0.0000  0.0000 11.1304
 68  92  0.0000  0.0000 11.1304
 76  92  0.0000  0.0000  0.0000
 84  92  0.0000  0.0000 11.1304
 92  92  0.0000  0.0000 16.1088
100  92  0.0000  0.0000 11.9011
108  92  0.0000  0.0000 17.0667
116  92  0.0391  2.5000  9.3822
124  92  0.0000  0.0000 11.1304
132  92  0.0445 -0.0282 15.9389
140  92  0.0000  0.0000  8.6413
148  92  0.0000  0.0000 11.1304
156  92  0.0000  0.0000 16.1088
164  92  0.0000  0.0000 11.1304
172  92  0.0000  0.0000 11.1304
180  92  0.0000  0.0000 11.1304
188  92  0.0000  0.0000 11.1304
196  92 -0.5000  0.1588 10.5785
204  92  0.0000  0.0000 11.1304
212  92  0.0000  0.0000  0.0000
220  92  0.0000  0.0000 11.1304
228  92  2.5000  0.0000  8.8276
236  92  0.0000  0.0000  0.0000
244  92  0.0000  0.0000 11.1304
252  92  0.0000  0.0000 11.1304
260  92  0.0000  0.0000 11.1304
268  92  0.0000  0.0000  0.0000
276  92  0.0000  0.0000 11.1304
284  92  0.0000  0.0000 11.1304
292  92  0.0000  0.0000 11.1304
  4 100 -0.0585 -0.0429 15.6860
 12 100  0.2175  0.3698  9.4217
 20 100  0.0000 -0.1189  7.0995
 28 100  0.0000  0.0000  9.4208
 36 100  0.0000  0.0000 17.0667
 44 100  0.2093  0.0299 13.0089
 52 100 -2.8274 -0.3035  7.6077
 60 100  0.0000  0.0000 13.3565
 68 100  0.0000  0.0000  9.9881
 76 100  0.0000  0.0000 22.2609
 84 100  0.0000  0.0000  0.0000
 92 100  0.4681  0.0000  9.5738
100 100  0.0000  0.0000 11.1304
108 100  0.0000  0.0000 11.1304
116 100  0.0000  0.0000 11.9011
124 100 -0.0318 -0.1611 11.4455
132 100  0.0000  0.0000  8.3912
140 100  0.0000  2.5000  8.8276
148 100  0.0000  0.0000  0.0000
156 100  0.0000  0.0000 11.1304
164 100  0.0000  0.0000 11.1304
172 100  0.0000  0.0000 11.1304
180 100  0.0000  0.0000 11.1304
188 100  0.0000  0.0000  0.0000
196 100  0.0000  0.0000  0.0000
204 100  0.0000  0.0000  0.0000
212 100  0.0000  0.0000 11.1304
220 100  0.0000  0.0000  0.0000
228 100  0.0000  0.0000  0.0000
236 100  0.0000  0.0000  0.0000
244 100  0.0000  0.0000 16.1088
252 100  0.0000  0.0000 11.1304
260 100  0.0000  0.0000  0.0000
268 100  0.0000  0.0000 11.1304
276 100  0.0000  0.0000 11.1304
284 100  0.0000  0.0000  0.0000
292 100     NaN  0.0000 17.0667
  4 108  0.2080 -0.2715 12.3107
 12 108  0.0000  0.0000 12.0628
 20 108  0.0000  0.0000  0.0000
 28 108  0.0255 -0.1575 13.2637
 36 108  0.0000  0.0000 19.1471
 44 108  0.0000  0.0000 16.1088
 52 108  0.0000  0.0000 16.1088
 60 108  2.5000  0.0000  8.8276
 68 108  0.0000  0.0000 11.9011
 76 108  0.0000  0.0000 17.0667
 84 108  0.0000  0.0000 11.9011
 92 108  0.0000  0.0000 16.1088
100 108  0.0000  0.0000  0.0000
108 108 -0.5000  0.0000  8.8276
116 108  0.0000  0.0000  0.0000
124 108  0.1068 -0.3135 15.1963
132 108  4.5000 -0.5000  4.0635
140 108  0.0000  0.0000 11.9011
148 108  0.0000  0.5000  7.8528
156 108 -0.4260 -0.7603  9.7439
164 108  0.0000  0.0000  0.0000
172 108  0.0000  0.0000  0.0000
180 108  0.0000  0.0000  0.0000
188 108  0.0000  0.0000 11.1304
196 108  0.0000  0.0000  0.0000
204 108  0.0000  0.0000  0.0000
212 108  0.0000  0.0000  0.0000
220 108  0.0000  0.0000  0.0000
228 108  0.0000  0.0000  0.0000
236 108  0.0000  0.0000  0.0000
244 108  0.0000  0.0000  0.0000
252 108  0.0000  0.0000 16.1088
260 108 -0.1930 -0.1867 15.3090
268 108  0.1960 -0.5000 11.1304
276 108 -0.5000  4.5000  4.0635
284 108  0.0000  0.0000 11.1304
292 108  0.4043  0.4043  8.0000
  4 116  0.0000  0.0000  0.0000
 12 116  0.0000  0.0000 20.7059
 20 116  0.0000  0.0000 11.9011
 28 116  0.0000  0.0000 16.1088
 36 116  0.0000  0.0000  0.0000
 44 116  0.0000  0.0000 16.1088
 52 116  0.0000  0.0000 11.1304
 60 116  0.0000  0.0000  0.0000
 68 116  0.0000  0.0000  0.0000
 76 116  0.0000  0.0000 16.1088
 84 116 -0.0418  0.1521 12.6567
 92 116  0.0000  0.0000  0.0000
100 116  0.0000  0.0000 11.1304
108 116  0.0000  0.0000  0.0000
116 116  0.0000  0.0000  0.0000
124 116  0.0000  0.0000 11.1304
132 116  0.0000  0.0000 11.1304
140 116 -0.5000  0.0203 12.4022
148 116  0.0000  0.1960 11.1304
156 116 -0.5000  0.2012  9.9121
164 116  0.0000  0.0000 11.1304
172 116  0.0000  0.0000  0.0000
180 116 -0.1960 -0.5000 11.1304
188 116  0.0000  0.0000  0.0000
196 116  0.0000  0.0000 11.1304
204 116  0.0000  0.0000  8.0000
212 116  0.0000  0.0000 12.0628
220 116  0.0000  0.0000 12.0628
228 116  0.0000  0.0000 16.1088
236 116  0.0000  0.0000 11.1304
244 116  0.0000  0.0000  0.0000
252 116  0.4043  0.4043  8.0000
260 116  0.0000  0.0000 22.2609
268 116  0.0000  2.5000  8.8276
276 116  0.0000  0.0000 11.1304
284 116  0.0000  0.0000 16.1088
292 116  0.0000  0.0000  0.0000
  4 124  0.0000  0.0000 16.1088
 12 124  0.0000  0.0000 11.9011
 20 124  0.4043 -0.4043  8.0000
 28 124  0.0000  0.0000  0.0000
 36 124  0.0000  0.0000 11.1304
 44 124  0.0000  0.0000 11.1304
 52 124  0.0000  0.0000 16.1088
 60 124  0.0000  0.0000 16.1088
 68 124  0.0000  0.0000 11.1304
 76 124  0.0000  0.0000 16.1088
 84 124  0.0000  0.0000 17.0667
 92 124  0.0000  0.0000  0.0000
100 124  0.0000  0.0000 11.1304
108 124  0.0000  0.0000  0.0000
116 124  0.0000  0.0000  0.0000
124 124  0.0000  0.0000 11.1304
132 124  0.0000  0.0000 16.1088
140 124  0.0000  0.0000 13.5576
148 124  0.0000 -0.0535 10.0787
156 124  0.0000  0.0000 10.1191
164 124  0.0000  0.0000  0.0000
172 124  0.0000  0.0000  0.0000
180 124  0.0000  0.0000  0.0000
188 124  0.0000  0.0000 16.1088
196 124  0.0000  0.0000 16.1088
204 124  0.0000  0.0000  9.2850
212 124  0.0000  0.0000 11.1304
220 124  0.0000  0.0000 11.1304
228 124  0.0000  0.0000 16.1088
236 124  0.0000  0.0000 16.1088
244 124  0.0000  0.0000 11.1304
252 124  0.0000  0.0000 17.0667
260 124  0.1068 -0.3135 15.1963
268 124  0.0000  0.0000  0.0000
276 124 -0.5000  0.0000  8.8276
284 124  0.0000  0.0000 11.1304
292 124  0.0000  0.0000 16.1088
  4 132 -0.1758  0.0151 15.5372
 12 132 -0.0633 -0.0390 20.2801
 20 132  0.0000  0.0000  8.0000
 28 132  0.0000  0.0000  0.0000
 36 132  0.0000  0.0000  0.0000
 44 132  0.0000  0.0000  0.0000
 52 132  0.0000  0.0000 13.0803
 60 132  0.0000  0.0000  0.0000
 68 132  0.0000  0.0000 16.1088
 76 132  0.0000  0.0000 20.7059
 84 132  0.0000  0.0000 17.0667
 92 132  0.4043  0.4043  8.0000
100 132  0.0000  0.0000 12.0628
108 132  0.0000  0.0000  0.0000
116 132  0.0000  2.5000  8.8276
124 132  0.0000  0.0000  0.0000
132 132  0.0000  0.0000 14.4906
140 132  0.0000  0.0000  0.0000
148 132  0.0000  0.0000  0.0000
156 132  0.0000  0.0000  9.2086
164 132  0.0000  0.0000  0.0000
172 132  0.0000  0.0000 11.1304
180 132  0.0000  0.0000 16.1088
188 132  0.0000  0.0000 16.1088
196 132  0.0000  0.0000 11.1304
204 132  0.0000  0.0000 11.1304
212 132  0.0000  0.0000  0.0000
220 132  0.0000  0.0000  0.0000
228 132  0.0000  0.0000 11.1304
236 132  0.0000  0.0000 11.1304
244 132  0.0000  0.0000 13.5576
252 132  0.0000  0.0000 11.1304
260 132  0.0000  0.0000  0.0000
268 132  0.0000  0.0000  0.0000
276 132  0.0000  0.0000  0.0000
284 132  0.0000  2.5000  8.8276
292 132  0.0000  0.0000 11.1304
  4 140 -0.0563 -0.1121 14.0746
 12 140  0.0000  0.0000 11.1304
 20 140  0.0000  0.0000  0.0000
 28 140  0.0000  0.0000  0.0000
 36 140  0.0000  0.0000  0.0000
 44 140  0.0000  0.0000 19.4783
 52 140  0.0000  0.0000  9.2086
 60 140  0.0000  0.0000 11.1304
 68 140  0.0000  0.0000  0.0000
 76 140  0.0000  0.0000  0.0000
 84 140  0.0000  0.0000 12.0067
 92 140  0.0000  0.0000 16.1088
100 140  0.0000  0.0000 16.1088
108 140  0.0000  0.0000  8.0000
116 140  0.0000  0.0000 11.9011
124 140  0.0000  0.0000 11.1304
132 140  0.0000  0.0000 14.8352
140 140  0.0000  0.0000 16.1088
148 140 -0.1213 -0.5000 10.8245
156 140  0.0000  0.0000  9.2850
164 140  0.0000  0.0000 11.1304
172 140  0.0000  0.0000  0.0000
180 140  0.0000  0.0000 12.0455
188 140  0.0000  0.0000 16.1088
196 140  0.0000  0.0000  0.0000
204 140  0.0000  0.0000 11.1304
212 140  0.0000  0.0000 11.1304
220 140  0.0000  0.0000 11.1304
228 140  0.0000  0.0000  0.0000
236 140  0.0000  0.0000  0.0000
244 140  0.0000  0.0000 16.1088
252 140  0.0000  0.0000 11.1304
260 140  0.0000  0.0000  0.0000
268 140  0.0000  0.0000  0.0000
276 140  0.0000  0.0000  0.0000
284 140  0.0000  0.0000  0.0000
292 140  0.0000  0.0000 16.1088
  4 148  0.0000  0.0000 22.2609
 12 148  0.0000  0.0000 11.1304
 20 148  0.0000  0.0000 11.1304
 28 148  0.0000  0.0000 11.1304
 36 148  0.0000  0.0000 11.1304
 44 148  0.0000  0.0000 16.1088
 52 148  2.5000  0.0000  8.8276
 60 148  0.0000  0.0000  0.0000
 68 148  0.0000  0.0000  0.0000
 76 148  0.0000  0.0000 16.1088
 84 148  0.0000  0.0000  8.8276
 92 148  0.0000  0.0000 16.1088
100 148  0.0000  0.0000 11.1304
108 148  0.0000  0.0000  7.7888
116 148  0.0000  0.0000  8.6453
124 148  0.0015 -0.0167  7.1063
132 148  0.0000  0.5000 11.1304
140 148  0.0000  0.0000  0.0000
148 148  0.0000  0.0000 12.0628
156 148  0.0000  0.0000  9.2850
164 148  0.0000  0.0000 11.1304
172 148  4.5000 -0.5000  4.0635
180 148  0.0000  0.0000 12.0628
188 148  0.0000  0.0000 11.1304
196 148  0.0000  0.0000 11.1304
204 148  0.0000  0.0000  0.0000
212 148  0.0000  0.0000  0.0000
220 148  0.0000  0.0000  0.0000
228 148  0.0000  0.0000  0.0000
236 148  0.0000  0.0000  0.0000
244 148  0.0000  0.0000  0.0000
252 148  0.0000  0.0000  0.0000
260 148  0.0000  0.0000  0.0000
268 148  0.0000  0.0000  0.0000
276 148  0.0000  0.0000 11.1304
284 148  0.0000  0.0000  0.0000
292 148  0.0000  0.0000 17.0667
  4 156  0.0000  0.0000 11.1304
 12 156  0.0000  0.0000  0.0000
 20 156  0.0000  0.0000 11.1304
 28 156  0.0000  0.0000 16.1088
 36 156  2.9251 -1.9508 12.1297
 44 156  0.0000  0.0000 11.1304
 52 156  0.0000  0.0000  0.0000
 60 156  0.0000  0.0000 11.1304
 68 156  0.0000  0.0000 16.1088
 76 156  0.0000  0.0000 11.1304
 84 156  0.0698 -0.2911 10.5124
 92 156  0.0000  0.0000  0.0000
100 156  0.0000  0.0000  0.0000
108 156  0.0000 -0.5000  8.8276
116 156 -0.2761 -0.0806  9.3746
124 156  0.0000  0.0000 11.1304
132 156  0.0000  0.0000 13.5576
140 156  0.0000  0.0000 11.1304
148 156  0.4043  0.4043  8.0000
156 156  0.0000  0.0000 12.0628
164 156  0.0000  0.0000 11.1304
172 156  0.0000  0.0000 12.5445
180 156  0.0000  0.0000 19.4783
188 156  0.0000  0.0000 11.1304
196 156  0.0000  0.0000  0.0000
204 156  0.0000  0.0000  0.0000
212 156  0.0000  0.0000  0.0000
220 156  0.0000  0.0000  0.0000
228 156  0.0000  0.0000  0.0000
236 156  0.0000  0.0000 11.1304
244 156  0.0000  0.0000 11.1304
252 156  0.0000  0.0000  0.0000
260 156  0.0000  0.0000  0.0000
268 156  0.0000  0.0000  0.0000
276 156  0.0000  0.0000  0.0000
284 156  0.0000  0.0000  0.0000
292 156  0.0000  0.0000  0.0000
  4 164  0.0000  0.0000 17.2183
 12 164  0.0000  0.0000 11.1304
 20 164  0.0000  0.0000  0.0000
 28 164 -1.2556 -0.0712  7.8390
 36 164  0.0000  0.0000  0.0000
 44 164  0.0000  0.0000 11.1304
 52 164  0.0000  0.0000  0.0000
 60 164  0.0000  0.0000 11.1304
 68 164  0.0000  0.0000 11.1304
 76 164  0.0000  0.0000 16.1088
 84 164  0.0391  2.5000  9.3822
 92 164  0.0000  0.0000  0.0000
100 164  0.0000  0.0000 11.1304
108 164 -0.1546  0.0660 18.6254
116 164  0.0000  0.0000 13.7544
124 164  0.0000  0.0000 10.2400
132 164  0.0000  0.0000 11.1304
140 164  0.0000  0.0000  0.0000
148 164  0.0000  0.0000  0.0000
156 164  0.0000  2.5000 12.0628
164 164  0.0000  0.0000  8.2581
172 164  0.5000  0.0000 11.1304
180 164  0.0000  0.0000  0.0000
188 164  0.0000  0.0000 11.1304
196 164  0.0000  0.0000  0.0000
204 164  0.0000  0.0000  0.0000
212 164  0.0000  0.0000  0.0000
220 164  0.0000  0.0000  0.0000
228 164  0.0000  0.0000 11.1304
236 164  0.0000  0.0000  0.0000
244 164  0.0000  0.0000  0.0000
252 164  0.0000  0.0000  0.0000
260 164  0.0000  0.0000  0.0000
268 164  0.0000  0.0000  0.0000
276 164  0.0000  0.0000  0.0000
284 164  0.0000  0.0000  0.0000
292 164  0.0000  0.0000 12.0628
  4 172  0.0000  0.0000 11.0903
 12 172  0.0000  0.0000 16.1088
 20 172  0.0000  0.0000 11.1304
 28 172  0.0000  0.0000 11.1304
 36 172  0.0000  0.0000 11.1304
 44 172 -0.1960  2.5000 11.1304
 52 172  0.0000  0.0000  0.0000
 60 172  0.0000  0.0000 16.1088
 68 172  0.1203     NaN  5.4468
 76 172 -0.2780  0.1270 13.3759
 84 172  0.0000  0.0000  0.0000
 92 172  0.0000  0.0000 11.1304
100 172  0.0000  0.0000  0.0000
108 172  0.0000  0.0000 16.1088
116 172  0.0000  0.0000 16.1088
124 172  0.0000  0.0000 11.1304
132 172  0.0000  0.0000 11.1304
140 172 -0.5000  0.1588 10.5785
148 172  0.0000  0.0000 19.4783
156 172  0.0000  0.0000  0.0000
164 172  0.0000  0.0000 16.1088
172 172  0.0000  0.0000 11.1304
180 172  0.0000  0.0000 13.1641
188 172  0.0000  0.0000 11.1304
196 172  0.0000  0.0000 16.1088
204 172  0.0000  0.0000  0.0000
212 172  0.0000  0.0000  0.0000
220 172  0.0000  0.0000 11.1304
228 172  0.0000  0.0000 11.1304
236 172  0.0000  0.0000  8.0000
244 172  0.0000  0.0000 16.1088
252 172  0.0000  0.0000  0.0000
260 172  0.0000  0.0000  0.0000
268 172  0.0000  0.0000  0.0000
276 172  0.0000  0.0000  0.0000
284 172  0.0000  0.0000  0.0000
292 172  0.0000  0.0000  0.0000
  4 180  0.0000  0.0000  0.0000
 12 180  0.0000  0.0000  0.0000
 20 180 -0.5000  0.0000  8.8276
 28 180  0.1960  0.0000 11.1304
 36 180  0.0000  0.0000 16.1088
 44 180  0.0000  0.0000  0.0000
 52 180 -0.0769 -0.0903 15.2155
 60 180  0.0000  0.0000 11.1304
 68 180 -0.5000  0.0000  8.8276
 76 180  0.0000  2.5000  8.8276
 84 180  0.0000  0.0000  0.0000
 92 180  0.0000  0.0000 16.1088
100 180  0.0000  0.0000  0.0000
108 180  0.0000  0.0000  0.0000
116 180  0.0000  2.5000  8.8276
124 180  0.0000  0.0000 12.0628
132 180  0.0000  0.0000 12.0455
140 180  0.0000  0.0000 16.1088
148 180  0.0000  0.0000 18.9370
156 180  0.0000  0.0000  0.0000
164 180  0.0000  0.0000 11.1304
172 180  0.0000  0.0000 11.1304
180 180  0.0000  0.0000 17.0667
188 180  0.0000  0.0000 11.1304
196 180  0.0000  0.0000 11.1304
204 180  0.0000  0.0000  0.0000
212 180  0.0000  0.0000  0.0000
220 180  0.0000  0.0000  0.0000
228 180  0.0000  0.0000  0.0000
236 180  0.0000  0.0000  8.0000
244 180  0.0000  0.0000  8.0000
252 180  0.0000  0.0000  0.0000
260 180  0.0000  0.0000  0.0000
268 180  0.0000  0.0000  0.0000
276 180  0.0000  0.0000  0.0000
284 180  0.0000  0.0000  0.0000
292 180  0.0000  0.0000 16.1088
  4 188  0.0000  0.0000 11.1304
 12 188  0.0000  0.0000  0.0000
 20 188  0.1263  0.0969 14.7403
 28 188  0.0000  0.0000  0.0000
 36 188  0.0000  0.0000 11.1304
 44 188  0.0000  0.0000  0.0000
 52 188  0.0000  0.0000 11.2521
 60 188  0.0000  0.0000 10.9491
 68 188  0.0000  0.0000 16.1088
 76 188  0.0000  0.0000  0.0000
 84 188  0.0000  0.0000  0.0000
 92 188  0.0000  0.0000 11.1304
100 188  0.0000  0.0000 16.1088
108 188  0.5000  0.0000  8.4768
116 188  0.0000  0.0000 11.1304
124 188  1.0000  0.0000  8.2581
132 188  0.1180  2.5000  9.2850
140 188  0.0000  0.0000  0.0000
148 188  0.0000  0.0000 13.5576
156 188  0.0000  0.0000  0.0000
164 188  0.0000  0.0000 11.1304
172 188  0.0000  0.0000  9.2850
180 188  0.0000  0.0000 19.1045
188 188  0.0000  0.0000 11.1304
196 188  0.0000  0.0000 11.1304
204 188  0.0000  0.0000 16.1088
212 188  0.0000  0.0000  0.0000
220 188  0.0000  0.0000  0.0000
228 188  0.0000  0.0000  0.0000
236 188  0.0000  0.0000 11.1304
244 188  0.0000  0.0000  0.0000
252 188  0.0000  0.0000  0.0000
260 188  0.0000  0.0000  0.0000
268 188  0.0000  0.0000  0.0000
276 188  0.0000  0.0000 11.1304
284 188  0.0000  0.0000 11.1304
292 188  0.0000  0.0000  0.0000
  4 196  0.0000  0.0000  0.0000
 12 196  0.0000  0.0000 11.1304
 20 196  0.0000  0.0000  9.2850
 28 196  0.0000  0.0000  0.0000
 36 196  0.0000  0.0000 11.1304
 44 196  0.0000  0.0000  0.0000
 52 196  0.0000  0.0000 10.9491
 60 196 -0.1140  0.1079 19.3902
 68 196  0.0000  0.0000  0.0000
 76 196  0.0000  0.0000  0.0000
 84 196  0.0000  0.0000  0.0000
 92 196  0.0000  0.0000 16.1088
100 196  0.0000  0.0000 16.1088
108 196  0.0000  0.0000 11.1304
116 196  0.0000  0.0000  0.0000
124 196  0.0000  0.0000 17.0667
132 196  0.0000  0.0000 11.1304
140 196 -1.2593  2.5000  8.0000
148 196  0.0000  0.0000  0.0000
156 196  0.0000  0.0000  0.0000
164 196  0.0000  0.0000 11.1304
172 196  0.0000  0.0000 12.0628
180 196 -0.5000  0.0000 11.1304
188 196  0.0000  0.0000 11.1304
196 196  0.0000  0.0000 11.1304
204 196  0.0000  0.0000 11.1304
212 196  0.0000  0.0000  0.0000
220 196  0.0000  0.0000 11.1304
228 196  0.0000  0.0000  0.0000
236 196  0.0000  0.0000  0.0000
244 196  0.0000  0.0000  0.0000
252 196  0.0000  0.0000  0.0000
260 196  0.0000  0.0000  0.0000
268 196  0.0000  0.0000 11.1304
276 196  0.0000  0.0000 12.0628
284 196  0.0000  0.0000 11.1304
292 196  0.0000  0.0000 16.1088
  4 204  0.0000  0.0000 11.1304
 12 204  0.0000  0.0000 11.1304
 20 204  0.0000  0.0000 13.1641
 28 204  0.1063  0.0000  6.9728
 36 204  0.0000  0.0000 11.1304
 44 204  0.0000  0.0000  0.0000
 52 204 -0.5000  0.0000  8.8276
 60 204  0.0000  0.0000 11.1304
 68 204  0.0000  0.0000 11.1304
 76 204  0.0000  0.0000 11.1304
 84 204  0.0000  0.0000 11.1304
 92 204  0.0000  0.0000 16.1088
100 204  0.0000  0.0000 11.1304
108 204  0.0000  0.0000  0.0000
116 204  0.0000  0.0000  0.0000
124 204  0.0000  0.0000 13.5576
132 204  0.0000  0.0000  0.0000
140 204  0.0000  0.0000 16.1088
148 204  0.0000  0.0000  0.0000
156 204  0.0000  0.0000 11.1304
164 204  0.0000  0.0000 11.1304
172 204  0.0000  0.0000 12.0628
180 204  0.2414  0.0000 11.1304
188 204  0.5000  0.1960  5.4468
196 204  0.0000  0.0000 16.1088
204 204  0.0000  0.0000 11.1304
212 204  0.0000  0.0000  0.0000
220 204  0.0000  0.0000  0.0000
228 204  0.0000  0.0000  0.0000
236 204  0.0000  0.0000  0.0000
244 204  0.0000  0.0000  0.0000
252 204  0.0000  0.0000  0.0000
260 204  0.0000  0.0000 16.1088
268 204  0.0000  0.0000  0.0000
276 204  0.0000  0.0000  0.0000
284 204  0.0000  0.0000  0.0000
292 204  0.0000  0.0000  0.0000
  4 212  0.0000  0.0000 11.1304
 12 212  0.0000  0.0000 16.1088
 20 212 -1.5000  2.8239 10.2400
 28 212 -0.0601  0.3983 10.4684
 36 212  0.0000  0.0000 11.1304
 44 212  0.0000  0.0000  0.0000
 52 212  0.0000  0.0000 16.1088
 60 212  0.0000  0.0000 16.1088
 68 212  0.0000  0.0000 11.1304
 76 212  0.0000  0.0000  0.0000
 84 212  0.0000  0.0000  0.0000
 92 212  0.0000  0.0000 11.1304
100 212  0.0000  0.0000 16.1088
108 212  0.0000  0.0000  0.0000
116 212  0.0000  0.0000 11.1304
124 212  0.0000  0.0000 11.1304
132 212  0.0000  0.0000  0.0000
140 212  0.0000  0.0000  0.0000
148 212  0.0000  0.0000  0.0000
156 212  0.0000  0.0000 11.1304
164 212  0.0000  0.0000 11.1304
172 212  0.0000  0.0000 11.1304
180 212  0.2780  0.1270 13.3759
188 212  0.0000  0.0000 11.1304
196 212 -1.3070  0.0337 12.4709
204 212  0.0000  0.0000  0.0000
212 212  0.0000  0.0000  0.0000
220 212  0.0000  0.0000  0.0000
228 212  0.0000  0.0000  0.0000
236 212  0.0000  0.0000  0.0000
244 212  0.0000  0.0000  0.0000
252 212  0.0000  0.0000 11.1304
260 212  0.0000  0.0000 16.1088
268 212  0.0000  0.0000 11.1304
276 212  0.0000  0.0000  0.0000
284 212  0.0000  0.0000 16.1088
292 212  0.0000  0.0000  0.0000
  4 220  0.0000  0.0000 11.1304
 12 220  1.0000 -0.0640 12.3173
 20 220  0.0000  0.0000 16.5009
 28 220  0.0000  0.0000  9.4208
 36 220  0.0000  0.0000  0.0000
 44 220  0.0000  0.0000 16.1088
 52 220  0.0000  0.0000  0.0000
 60 220  4.5000  2.5000  4.0635
 68 220  0.0000  0.0000 16.1088
 76 220  0.0000  0.0000  0.0000
 84 220  0.0000  0.0000 11.1304
 92 220  0.0000  0.0000 17.2183
100 220  0.0000  0.0000 11.1304
108 220  2.5000  0.0000  8.8276
116 220  0.0000  0.0000  0.0000
124 220  0.0000  0.0000  0.0000
132 220  0.0000  0.0000  0.0000
140 220 -2.5000  0.0000 11.1304
148 220 -0.4043  0.4043  8.0000
156 220  0.0000  0.0000 19.4783
164 220  0.0618  2.5000  9.8694
172 220  0.0000  0.0000 11.1304
180 220  0.0000  0.0000  0.0000
188 220  0.0000  0.0000 11.1304
196 220  0.0000  0.0000 11.1304
204 220  0.0000  0.0000 16.1088
212 220  0.0000  0.0000 11.1304
220 220  0.0000  0.0000  0.0000
228 220  0.0000  0.0000  0.0000
236 220  0.0000  0.0000  0.0000
244 220  0.0000  0.0000  0.0000
252 220  0.0000  0.0000  0.0000
260 220  0.0000  0.0000 16.1088
268 220  0.0000  0.0000 16.1088
276 220  0.0000  0.0000 11.1304
284 220  0.0000  0.0000 11.1304
292 220  0.0000  0.0000  0.0000
