VARIABLES= "X pix", "Y pix", "U pix/dt", "V pix/dt", "CHC", ZONE I=28, J=37
  4   4  0.0849  0.0000 10.6915
 12   4  0.1045  0.0000 10.9708
 20   4  0.0977  0.0000 10.9708
 28   4 -0.0241  0.0000 10.9708
 36   4 -0.0480  0.0000 11.0456
 44   4 -0.0070  0.0000 11.0456
 52   4  0.0000 -0.0145 11.0935
 60   4 -0.1222  0.0000 11.0456
 68   4 -0.1948  0.0000 11.0456
 76   4  0.0589  0.0000 11.5553
 84   4  1.3044  0.0000 10.9734
 92   4  4.2047  0.0000 10.9734
100   4  4.9861  0.0000 11.9577
108   4  4.0837  0.0000 11.7754
116   4  2.6302  0.0000 11.0456
124   4  1.3187  0.0000 11.7754
132   4  0.4390  0.0000 11.7754
140   4  0.0000 -0.0162 11.8572
148   4  0.0000  0.0256 11.3429
156   4  0.0000  0.0166 11.5214
164   4  0.0358  0.0000 11.1505
172   4  0.0457  0.0000 11.9577
180   4  0.0000  0.0000 10.9785
188   4 -0.0837  0.0000 11.9393
196   4 -0.0910  0.0000 11.0246
204   4 -0.0330  0.0000 10.9572
212   4  0.0036  0.0101 11.7037
220   4 -0.0581  0.0016 11.6521
228   4 -0.0145 -0.1366  9.5779
236   4 -0.0021  0.0852 10.2515
244   4  0.0709 -0.0053 10.3922
252   4 -0.0831  0.0158 10.9772
260   4 -0.0669  0.0000 12.4923
268   4 -0.0224  0.0000 10.4696
276   4 -0.0092  0.0000 11.9696
284   4 -0.0292  0.0000 14.7204
292   4 -0.0273 -0.0212 13.6252
  4  12 -0.1282  0.0336 10.7509
 12  12 -0.2527 -0.2384 10.8401
 20  12  2.7461  0.0000 10.0272
 28  12  2.6897  0.0000  9.2086
 36  12  1.8826  0.0000 13.5581
 44  12  1.1967  0.0000 11.1304
 52  12  0.6477  0.0000 16.6179
 60  12  0.3367  0.0000 13.9024
 68  12  0.1483  0.0000 13.6829
 76  12  0.2121  0.0975 12.0280
 84  12  0.0943  0.0000  9.1156
 92  12  0.0247  0.0000  7.5779
100  12  0.0000  0.0000  8.5217
108  12 -0.0144  0.0000  9.0353
116  12 -0.1033  0.0000  9.9740
124  12 -0.1022  0.0000  9.9936
132  12 -0.0391  0.0000  9.9936
140  12  0.0000 -0.0659  9.5861
148  12 -0.0772 -0.0015  9.8128
156  12 -0.0876  0.0000  9.9936
164  12 -0.1071  0.0010 10.7443
172  12 -0.0301  0.0000  9.9936
180  12 -0.0669  0.0000 11.6427
188  12 -0.0476  0.0000 11.7115
196  12 -0.0104 -0.0604  9.4664
204  12 -0.0152  0.0000 11.1607
212  12 -0.0560  0.2484 13.6334
220  12 -0.1458 -0.0804 13.6079
228  12 -0.2889  0.0000  8.4696
236  12 -0.4968  0.0000  6.8970
244  12  0.1342  0.1328 10.9027
252  12  0.4462  0.0000  7.8087
260  12  0.0000  0.1470  7.2471
268  12  0.0295  0.0000 10.4890
276  12  0.0200 -0.0505 10.4015
284  12  0.1220 -0.0180  8.9692
292  12 -0.0134 -0.0480  8.5051
  4  20  0.0066  0.0047  9.8701
 12  20 -0.0150  0.0788  9.5619
 20  20 -0.0635  0.0000 10.5926
 28  20 -0.1031  0.1255  9.5626
 36  20  0.0000 -0.0577  9.2225
 44  20 -0.0873  0.0105  9.7437
 52  20 -0.0998  0.0000 13.4898
 60  20 -0.0309  0.0000 14.9219
 68  20  0.0000 -0.0066 13.2768
 76  20  0.0000 -0.0552 15.1923
 84  20 -0.0087  0.0000 15.3463
 92  20  0.0222  0.0025 12.7361
100  20 -0.0020  0.0000 13.2832
108  20 -0.0317  0.0000 10.6173
116  20 -0.0229  0.0000 11.5777
124  20 -0.0081  0.0000 11.3863
132  20 -0.0036  0.0000 10.8391
140  20 -0.0073  0.0000 10.4359
148  20 -0.0031  0.0332 10.2352
156  20  0.0001  0.0002 10.3663
164  20  0.0180 -0.0235 11.3951
172  20  0.0000 -0.0000 19.1706
180  20 -0.0623  0.0000 12.4725
188  20 -0.3039  0.0000 13.6934
196  20 -0.2077  0.0000 13.7107
204  20 -0.0081 -0.0096 16.1872
212  20 -0.0362 -0.0244 16.6564
220  20  0.0256 -0.0082 19.6818
228  20 -0.1317  0.3736 23.3181
236  20 -0.0868  0.0000 18.0282
244  20 -0.0879  0.0000 24.5030
252  20 -0.1013 -0.1534 23.5305
260  20 -0.0567 -0.1304 17.4844
268  20  0.3259  0.1392 10.5613
276  20  0.0083  0.0000 13.4737
284  20  0.0133  0.0000 12.4958
292  20 -0.0396  0.0466 14.1907
  4  28  0.0096  0.0000 11.5438
 12  28  0.0169  0.0000 11.9774
 20  28 -0.0107  0.0368 12.6388
 28  28 -0.0121 -0.0017 11.2161
 36  28 -0.0183  0.0021 12.3855
 44  28  0.0000  0.0025 10.7265
 52  28 -0.0077  0.0004 10.4715
 60  28 -0.0019  0.0000 10.5562
 68  28 -0.0025  0.0000 10.8199
 76  28 -0.0001 -0.0025 10.7706
 84  28  0.0061  0.0003 10.2975
 92  28 -0.0203  0.0002 10.1040
100  28 -0.0001  0.0000 11.6083
108  28 -0.0000  0.0000 15.4298
116  28 -0.1868  0.0000  9.8309
124  28 -0.1512  0.0000 10.5458
132  28 -0.0008  0.0008  9.7829
140  28  0.0019 -0.0039 10.6953
148  28 -0.0150  0.0000 10.8555
156  28 -0.0160  0.0029 20.0340
164  28 -0.0001 -0.0253 22.7332
172  28 -0.0334  0.0000 15.7751
180  28 -0.0755  0.0000 13.9733
188  28 -0.0902  0.0000 10.7849
196  28  0.0003 -0.0025 11.3732
204  28 -0.0032 -0.0015 11.8993
212  28 -0.0001  0.0000 12.5442
220  28  0.0010 -0.0019 12.3622
228  28  0.0156 -0.0027 11.3772
236  28  0.0015  0.0106 11.5522
244  28 -0.0298  0.0000 11.9690
252  28 -0.0057 -0.0018 17.1702
260  28  0.0010 -0.0001 23.2567
268  28  0.0378  0.0008 24.3680
276  28 -0.0049 -0.0122 22.8378
284  28  0.0006 -0.0208 17.5835
292  28 -0.0122  0.0000 14.4475
  4  36 -0.0147  0.0000  7.6309
 12  36 -0.0003 -0.0066  8.3412
 20  36 -0.0300  0.0003  7.1852
 28  36 -0.0122  0.0000  7.0412
 36  36 -0.0101  0.0425  6.5786
 44  36 -0.0985  0.0236  7.2427
 52  36 -0.0807  0.0000  6.4064
 60  36  0.0080  0.0000  9.9408
 68  36  0.0080 -0.0197  7.5321
 76  36 -0.1317  0.0000  9.2404
 84  36  0.0023  0.0000 14.1378
 92  36  0.0536  0.0000 12.5061
100  36  0.0277  0.0000  8.7353
108  36 -0.0231 -0.1562  8.3372
116  36 -0.0672  0.0000  9.0815
124  36 -0.0595  0.0000  6.4579
132  36 -0.0553  0.0000  0.0000
140  36 -0.0787  0.0000 20.7059
148  36 -0.1172  0.0000  5.9575
156  36 -0.1000  0.0000 13.3714
164  36 -0.0828  0.0000 17.3139
172  36 -0.1370  0.0000 11.9763
180  36  0.0000 -0.0000 12.6008
188  36  0.0329  0.0096  7.8131
196  36  0.0308  0.0000 14.4096
204  36  0.0487  0.0000 10.5606
212  36  0.0120  0.0000 13.0803
220  36 -0.0217  0.0000 10.1740
228  36 -0.0347  0.0326 13.2721
236  36 -0.0164  0.0000 10.8982
244  36  0.0000 -0.0736  9.7300
252  36 -0.0417  0.0224  8.8254
260  36 -0.1357  0.0288  9.8694
268  36  0.0289  0.0008  8.5000
276  36 -0.0098  0.0808  8.3523
284  36  0.0266  0.0000  8.4790
292  36 -0.0161 -0.2414  8.2392
  4  44 -0.3321 -0.1276 10.3409
 12  44  0.0272  0.0238 11.1899
 20  44  0.0947  0.0000 10.8982
 28  44  0.0662  0.0000 14.1186
 36  44 -0.0023  0.0090 14.1262
 44  44 -0.0369  0.0000 12.4405
 52  44 -0.0462  0.0000 10.1360
 60  44 -0.0593  0.0000  9.0038
 68  44 -0.1161  0.0000  7.8049
 76  44 -0.2208  0.1192  7.0932
 84  44 -0.1489  0.0000 15.1864
 92  44 -0.1774  0.0000 11.1304
100  44 -0.5890  0.0000 11.1304
108  44 -0.8550  0.0000  0.0000
116  44 -0.5603  0.0000  0.0000
124  44 -0.2433  0.0000  0.0000
132  44  0.0000 -0.5000  4.0635
140  44 -0.0167  0.0000 11.1304
148  44 -0.0018  0.0009  5.8355
156  44  0.0181 -0.0071 15.1611
164  44 -0.0021  0.0046 13.2286
172  44 -0.0444  0.0000 15.7887
180  44 -0.0008  0.0270 13.6081
188  44 -0.0000  0.0000  6.5976
196  44  0.0828  0.0000  7.4196
204  44  0.0765  0.0000  7.5719
212  44  0.0527  0.0000  8.9436
220  44 -0.0184  0.0000  9.4135
228  44 -0.1423  0.0000 11.3866
236  44  0.0208 -0.1588 13.8016
244  44  0.0768  0.0000 16.2968
252  44  0.0728  0.0000 12.5085
260  44  0.0213  0.0000 22.1282
268  44 -0.0022  0.0000 21.6949
276  44 -0.0017  0.0000 17.7968
284  44  0.0000  0.1800  9.9259
292  44 -0.0248  0.0297 13.4174
  4  52 -0.1010 -0.2612  9.7232
 12  52 -0.0131  0.1035  7.1215
 20  52 -0.0697  0.0000  6.9174
 28  52 -0.8040  0.0000 11.3629
 36  52 -1.5000  0.0000  8.2581
 44  52 -0.9322  0.0000 11.1304
 52  52 -0.4918  0.0000  0.0000
 60  52 -0.2304  0.0000  0.0000
 68  52 -0.1095  0.0000  0.0000
 76  52  0.1370  0.0000 16.1088
 84  52  0.3097  0.0000 11.1304
 92  52  0.2306  0.0000  8.2581
100  52 -0.0698 -0.2911 10.5124
108  52 -0.0365  0.0000  0.0000
116  52  0.0345  0.0000 11.1304
124  52  0.1227  0.0000  0.0000
132  52  0.1424  0.0000 11.1304
140  52  0.0802  0.0000  8.4628
148  52  0.0063 -0.0046  7.8428
156  52 -0.0297 -0.0077 25.4348
164  52  0.0133  0.0122 10.7446
172  52 -0.0153  0.0008 10.6966
180  52  0.0044  0.0023 15.7817
188  52 -0.0143  0.0000  6.4502
196  52  0.0051  0.0000 17.7968
204  52  0.0312  0.0000 13.3565
212  52  0.0364  0.0000 10.3725
220  52 -0.0041  0.0000 10.5606
228  52 -0.0908  0.0080 12.0575
236  52  0.0254  0.0000 11.0453
244  52  0.0700  0.0000 10.8982
252  52 -0.1433  0.0545 14.8722
260  52  0.0121 -0.1720  8.1091
268  52 -0.2644  0.0000 10.3341
276  52 -0.3088  0.0000 12.4923
284  52 -0.2451  0.0000 10.8982
292  52 -0.1025  0.0015 13.1188
  4  60  0.4484  0.0000 11.1304
 12  60  0.8642  0.0000  0.0000
 20  60  0.7705  0.0000  0.0000
 28  60  0.0468  0.0000 17.0667
 36  60 -0.0027  0.0000 10.6945
 44  60  0.0501  0.0000 11.1304
 52  60  0.1519  0.0000  0.0000
 60  60  0.1971  0.0000  0.0000
 68  60  0.0711  0.0000 17.0667
 76  60 -0.0224  0.0000 16.1088
 84  60 -0.0888  0.0000 11.1304
 92  60 -0.1746  0.0000 16.2126
100  60 -0.3065  0.0000 12.3186
108  60 -0.2788  0.0000  8.5018
116  60 -0.1229  0.0000 11.9011
124  60  0.0030  0.0000 13.6955
132  60  0.0694  0.0000 20.7059
140  60  0.0865  0.0000 20.7059
148  60  0.0646  0.0082  6.4152
156  60 -0.0012  0.0210  5.7452
164  60  0.0654  0.0000  5.6842
172  60  0.1364  0.0000  6.1999
180  60  0.0013  0.0034  6.3547
188  60  0.0524 -0.1093  7.8528
196  60 -0.0965  0.0000  0.0000
204  60 -0.1630  0.0000  0.0000
212  60 -0.0750  0.0000  0.0000
220  60  0.2564  0.0000  0.0000
228  60  0.9307  0.0000 11.1304
236  60  1.5882  0.0000 13.5722
244  60  1.6009  0.0000 10.8982
252  60 -0.0348  0.1421 10.8349
260  60  0.0036  0.0977 10.8903
268  60  0.0000  0.0000 16.7828
276  60  0.1197  0.0000 12.0628
284  60  0.2157 -0.0689  7.4724
292  60 -0.0090  0.1647 11.4790
  4  68 -0.0831  0.0000 15.5009
 12  68 -0.1327  0.0000 11.1304
 20  68 -0.2750  0.0000 16.1088
 28  68 -0.5340  0.0000 11.1304
 36  68 -0.4043 -0.4043  8.0000
 44  68 -0.0552  0.0000  0.0000
 52  68  0.1044  0.0000 13.5576
 60  68  0.1389  0.0000  0.0000
 68  68  0.1113  0.0000 17.0667
 76  68  0.0568  0.0000 17.0667
 84  68  0.0000  0.0000 10.1672
 92  68 -0.0766  0.0000 11.3062
100  68  0.1716  0.0000 14.7557
108  68 -0.0003  0.0000 16.1088
116  68 -0.1022  0.0000  5.4468
124  68 -0.1622  0.0000 11.1304
132  68 -0.1358  0.0000 11.1304
140  68  0.0000 -0.1960 11.1304
148  68  0.3898  0.0000 12.0455
156  68  1.0526  0.0000 10.4446
164  68  1.8900  0.0000 16.1088
172  68  2.5000  0.0000  8.8276
180  68 -0.0970  0.1369  9.7554
188  68 -0.2161  0.0000  0.0000
196  68 -0.1949  0.0000 11.1304
204  68 -0.0573  0.0000  0.0000
212  68 -0.0249  0.0000  0.0000
220  68 -0.1336  0.0000  0.0000
228  68 -0.1295  0.0000  0.0000
236  68 -0.0443  0.0000 11.1304
244  68 -0.0610  0.0000 16.1088
252  68 -0.4327  0.0000 16.1088
260  68  0.2780  0.1270 13.3759
268  68  0.4931  0.0000  9.2086
276  68  0.3809  0.0000 15.8661
284  68  0.2353  0.0000 15.5009
292  68  0.0745  0.0000  0.0000
  4  76 -0.1261  0.0000  8.2581
 12  76 -0.3790  0.0000 17.0667
 20  76 -0.6282  0.0000  0.0000
 28  76  0.1775  0.0000  0.0000
 36  76 -0.0548  0.0000 16.1088
 44  76 -0.3126  0.0000 18.1858
 52  76 -0.2922  0.0000 12.0455
 60  76 -0.1433  0.0000 11.1304
 68  76 -0.0017  0.0000 15.5414
 76  76  0.1869  0.0000 10.9185
 84  76  0.4061  0.0000 10.8990
 92  76  0.4485  0.0000 11.6112
100  76  0.0000  0.1820 11.3219
108  76 -0.3268  0.0000 13.3565
116  76 -0.0557  0.0193 15.2661
124  76 -0.2312  0.0000  0.0000
132  76 -0.0841  0.0000  0.0000
140  76 -0.2074  0.0000 11.1304
148  76 -0.3228  0.0000 13.1641
156  76 -0.2434  0.0000 11.1304
164  76  0.0733  0.0000 11.1304
172  76  0.5000  0.0000  8.4768
180  76  0.0073 -0.2721 12.4907
188  76  2.5000  0.0000  8.8276
196  76  1.3095  0.0000 11.1304
204  76  0.5901  0.0000  0.0000
212  76  0.2622  0.0000  0.0000
220  76  0.0018  0.0000  0.0000
228  76 -0.3582  0.0000  0.0000
236  76 -0.8762  0.0000 11.1304
244  76 -1.4167  0.0000  0.0000
252  76  0.1392  0.0000  0.0000
260  76 -0.0417  0.1134  7.3143
268  76 -0.5000  0.0000  8.8276
276  76 -0.3733  0.0000 16.1088
284  76 -0.0792  0.0000 16.1088
292  76  0.0137  0.0000 10.7292
  4  84  0.0000 -0.1960 11.1304
 12  84 -0.0285  0.0000 11.1304
 20  84 -0.1180 -0.5000  9.2850
 28  84  0.0000 -0.0158 17.0667
 36  84  0.1205  0.0000 19.1045
 44  84  0.3155  0.0000  5.4468
 52  84 -0.0338 -0.0291  9.4185
 60  84  0.3168  0.0000 10.7128
 68  84 -0.2434  0.0000 10.2729
 76  84 -0.5508  0.0000  9.3870
 84  84 -0.5544  0.0000  7.5746
 92  84 -0.2555  0.0000 13.1641
100  84  0.4021  0.0000 11.9011
108  84  1.3941  0.0000 11.9011
116  84  1.0775  0.0000 16.6956
124  84  0.1841  0.0418 12.3683
132  84  0.0994  0.0000 12.0628
140  84  0.0948 -0.0057 10.8041
148  84  0.0000  0.2112 12.7435
156  84 -0.4707  0.0000 12.1905
164  84 -1.3070  0.0337 12.4709
172  84 -2.1551  0.0000 11.1304
180  84  0.0000  0.0637  6.1029
188  84  0.0983  0.0000  0.0000
196  84 -0.2737  0.0000  0.0000
204  84 -0.2987  0.0000  0.0000
212  84  0.1271  0.0000 11.1304
220  84  0.1039  0.0000 11.1304
228  84 -0.0225  0.0000  0.0000
236  84 -0.0975  0.0000  0.0000
244  84 -0.0427  0.0000  0.0000
252  84  0.3138  0.0000  0.0000
260  84  0.8969  0.0000  0.0000
268  84  1.5409  0.0000 16.1088
276  84  1.4936  0.0000 11.1304
284  84  1.5000  0.0000  8.2581
292  84 -0.1443 -0.0123  8.0676
  4  92 -0.7015  0.0000  0.0000
 12  92 -0.8394  0.0000 16.1088
 20  92 -0.6788  0.0000 13.7892
 28  92  0.0000  0.8550 11.9890
 36  92  2.8274  0.3035  7.6077
 44  92 -0.1855 -0.0801 10.1583
 52  92  0.0628  0.0713 10.9115
 60  92 -0.0076  0.0000 16.6957
 68  92 -0.0677  0.2414 11.7124
 76  92  0.5000  0.3577 10.2400
 84  92 -0.2850  0.0000 11.1304
 92  92 -1.3973  0.0000  0.0000
100  92 -2.6003  0.0000 13.0803
108  92 -0.1466  0.0000  8.8042
116  92  0.2730  0.0000 10.6474
124  92 -0.2360  0.0000  0.0000
132  92 -0.5000  0.0000  8.8276
140  92  0.1912  0.0000 12.4272
148  92  0.0148  0.0000 13.5576
156  92 -0.0989  0.0000 11.1304
164  92 -0.1121  0.0000  0.0000
172  92  0.0488  0.0000 16.1088
180  92  0.4846  0.0000  0.0000
188  92  1.3262  0.0000  0.0000
196  92  2.5000  0.0000  8.8276
204  92  2.1301  0.0000  0.0000
212  92  1.2462  0.0000  0.0000
220  92  0.0118  0.0000  0.0000
228  92 -0.6191  0.0000 11.1304
236  92 -0.7956  0.0000 11.1304
244  92 -0.5847  0.0000  0.0000
252  92  0.1465  0.0000  0.0000
260  92  1.5077  0.0000  0.0000
268  92  0.3976  0.0000 11.1304
276  92  0.3734  0.0000 11.1304
284  92  0.3117  0.0000  8.8276
292  92  0.1550  0.0000  8.8276
  4 100  0.1841 -0.0418 12.3683
 12 100 -0.4579  0.0000 16.1088
 20 100 -1.5238  0.0000 16.1088
 28 100 -2.8382  0.0000 19.4783
 36 100 -0.2355  0.0000 17.0667
 44 100 -0.3736 -0.0620  9.6526
 52 100 -0.5476  0.0000 19.4783
 60 100 -0.8477  0.0000  0.0000
 68 100 -1.0756  0.0431  7.0865
 76 100 -0.6406  0.0000  0.0000
 84 100 -0.3382  0.0000  0.0000
 92 100 -0.1835  0.0000 11.9011
100 100  0.0190  0.0000  0.0000
108 100  0.2371  0.0000 11.1304
116 100  0.7479  0.0000 12.0455
124 100  1.9862  0.0000 17.0667
132 100  1.9467  0.0000 11.9011
140 100  0.5414  0.0000 16.1088
148 100 -0.1244  0.0000  0.0000
156 100 -0.5339  0.0000  0.0000
164 100 -0.6454  0.0000  0.0000
172 100 -0.4584  0.0000  0.0000
180 100  0.0404  0.0000  0.0000
188 100  0.7483  0.0000  0.0000
196 100  0.7776  0.0000  0.0000
204 100  0.9720  0.0000  0.0000
212 100  0.8820  0.0000  0.0000
220 100  0.3707  0.0000  0.0000
228 100  0.0511  0.0000 11.1304
236 100 -0.5879  0.0000 11.1304
244 100 -1.5525  0.0000 12.5902
252 100 -2.8274  0.3035  7.6077
260 100  0.0000 -0.5000  7.8528
268 100 -0.2467  0.0000  9.7047
276 100 -0.3672  0.0000 16.1088
284 100 -0.5000  0.0000  8.8276
292 100 -0.8265  0.0000 16.1088
  4 108 -0.6347  0.0000 16.1088
 12 108 -0.2907  0.0403 10.5761
 20 108 -0.1080 -0.6240  8.1413
 28 108  0.1648  0.0000 11.7431
 36 108  0.0856  0.2479 11.4124
 44 108  0.0557  0.0193 15.2661
 52 108  1.9090  0.0000 12.0628
 60 108  2.4501  0.0000 11.0903
 68 108  0.0000 -0.5000  8.8276
 76 108 -0.0707 -0.0398 13.4737
 84 108 -0.3762  0.0000 22.2609
 92 108 -0.4565  0.0000 16.1088
100 108 -0.3395  0.0000 11.1304
108 108 -0.1034  0.0000 11.1304
116 108  0.3561  0.0000  8.0190
124 108  1.0766  0.0000 13.3965
132 108  1.7049  0.0000 11.1304
140 108  1.6314  0.0000  8.8276
148 108  0.4299  0.0000  0.0000
156 108  0.0000  0.0000 11.8583
164 108 -0.5907  0.0000 11.1304
172 108 -1.3663  0.0000 11.1304
180 108 -2.3759  0.0000 11.1304
188 108  0.0886  0.0000  0.0000
196 108 -0.0402  0.0000  0.0000
204 108 -0.1122  0.0000 11.1304
212 108 -0.2414  0.0000  0.0000
220 108 -0.4992  0.0000 11.1304
228 108 -0.4808  0.0000  0.0000
236 108 -0.1861  0.0000  0.0000
244 108  0.2079  0.0000  0.0000
252 108  0.6901  0.2012  7.4619
260 108  0.6470  0.0000 22.2609
268 108  1.0626  0.0000  0.0000
276 108  2.8607  0.0000  0.0000
284 108  4.5000 -0.5000  4.0635
292 108  1.7262  0.0000 11.1304
  4 116  0.4172  0.0000 16.1088
 12 116 -0.2020  0.0000  9.4208
 20 116 -0.2832  0.0703 14.9511
 28 116 -0.1843 -0.0445 14.3955
 36 116 -0.1564  0.0000 16.1088
 44 116  0.1138  0.1378 11.4627
 52 116  1.3830  0.0000  0.0000
 60 116  2.4462  0.0000 11.1304
 68 116  2.5000  0.0000  8.8276
 76 116  0.1582 -0.0394 16.0620
 84 116 -0.1881  0.0000  9.4948
 92 116 -0.4886  0.0000  0.0000
100 116 -0.9783  0.0000  0.0000
108 116 -1.6457  0.0000  0.0000
116 116  0.0976  0.0000 11.1304
124 116  0.1339  0.0000 11.1304
132 116  0.1594  0.0000  0.0000
140 116  0.0601  0.0000 12.0455
148 116 -0.2595  0.0000 11.1304
156 116 -0.4233  0.0000 13.1641
164 116 -0.2013  0.0000 22.2609
172 116  0.1874  0.0000 11.1304
180 116  0.5672  0.0000 11.1304
188 116  0.6845  0.0000  0.0000
196 116  0.9573  0.0000  0.0000
204 116  1.5419  0.0000  0.0000
212 116  1.5000  0.0000  8.2581
220 116  0.8267  0.0000  0.0000
228 116  0.1267  0.0000 16.1088
236 116 -0.3502  0.0000  0.0000
244 116 -0.2990  0.0000 11.1304
252 116 -0.1362  0.0000  0.0000
260 116  0.0685 -0.3367 12.7421
268 116  0.5967  0.0000  0.0000
276 116  1.7550  0.0000  8.8276
284 116  2.6671  0.0000  0.0000
292 116  2.2231  0.0000 16.1088
  4 124  0.9261  0.0000 11.1304
 12 124  0.3702  0.0000 16.1088
 20 124  0.0104  0.0000 11.1304
 28 124 -0.3654  0.0000  0.0000
 36 124 -0.7664  0.0000 11.1304
 44 124  0.0698 -0.2911 10.5124
 52 124  0.2508  0.0000 11.1304
 60 124  0.3926  0.0000 11.1304
 68 124  0.3732  0.3694 10.3318
 76 124 -0.1110  0.0000 12.0455
 84 124 -0.5000  0.1588 10.5785
 92 124 -0.2938  0.0000  8.2581
100 124  0.0465  0.0000 11.1304
108 124  0.3273  0.0000 16.1088
116 124  0.4465  0.0000 17.0667
124 124  0.5336  0.0000 16.1088
132 124  0.6082  0.0000 11.1304
140 124  0.4263  0.0000 11.1304
148 124  0.2143  0.0000 11.1304
156 124  0.0049  0.0000 13.1641
164 124 -0.3091  0.0000 15.7112
172 124 -0.0746  0.0000 11.1304
180 124  0.0274  0.0000  0.0000
188 124  0.1904  0.0000  0.0000
196 124  0.7381  0.0000  0.0000
204 124  1.7016  0.0000 22.2609
212 124  2.5000  0.1588 10.5785
220 124  1.5008  0.0000  0.0000
228 124  1.3009  0.0000  0.0000
236 124  0.9561  0.0000 11.9011
244 124  0.5969  0.0000  0.0000
252 124  0.2856  0.0000  0.0000
260 124  0.0849  0.0000 11.1304
268 124  0.1160  0.0000  0.0000
276 124  0.2736  0.0000 11.1304
284 124  0.4527  0.0000 11.1304
292 124  0.5000  0.0000 11.1304
  4 132 -0.0306  0.0000  7.3911
 12 132 -0.5000 -0.1588 10.5785
 20 132 -0.2634  0.0000  0.0000
 28 132 -0.0141  0.0000 11.1304
 36 132  0.1534  0.0000 16.1088
 44 132  0.2116  0.0000 22.2609
 52 132  0.1874  0.0000  0.0000
 60 132  0.1069  0.0000 11.1304
 68 132  0.0007  0.0000 16.1088
 76 132  0.1163  0.0000 22.2609
 84 132  0.6648  0.0000  8.8276
 92 132  1.0948  0.0000  8.2581
100 132  0.8236  0.0000 11.1304
108 132  0.3657  0.0000  0.0000
116 132  0.1050  0.0000 16.1088
124 132  0.3451  0.0000 11.1304
132 132  0.7229  0.0000  0.0000
140 132  0.6534  0.0000 19.1045
148 132 -0.2780  0.1270 13.3759
156 132  1.2526  0.3312  7.7306
164 132  1.2400  0.0000  0.0000
172 132  0.9773  0.0000  0.0000
180 132  0.7587  0.0000 16.1088
188 132  0.7183  0.0000 11.9011
196 132  0.1137  0.0000 10.4446
204 132  0.1433  0.0000 12.0628
212 132  0.2543  0.0000 11.1304
220 132  0.2706  0.0000 11.1304
228 132  0.0115  0.0000 11.1304
236 132 -0.1804  0.0000 11.1304
244 132  0.0000 -0.1101  8.5742
252 132  0.0580  0.0000 11.1304
260 132  0.0947  0.0000 11.1304
268 132  0.0943  0.0000  0.0000
276 132  0.0158  0.0000  0.0000
284 132 -0.1064  0.0000 16.1088
292 132 -0.1618  0.0000 16.1088
  4 140  0.0975  0.1294 18.3885
 12 140  1.3311  0.0000 16.1088
 20 140  2.5000  0.0000  8.8276
 28 140  1.5731  0.0000  0.0000
 36 140  0.5745  0.0000  0.0000
 44 140 -0.1101 -0.1469  7.1968
 52 140 -0.0362  0.0000 16.1088
 60 140  0.0983  0.0000  0.0000
 68 140 -0.0182  0.0000 16.1088
 76 140 -0.2037  0.0000  0.0000
 84 140  0.7020  0.0000  8.2581
 92 140  1.0094  0.0000 11.1304
100 140  0.9935  0.0000  0.0000
108 140  0.9299  0.0000  0.0000
116 140  1.0114  0.0000  0.0000
124 140  0.0717  0.0000 11.1304
132 140 -0.0698  0.2911 10.5124
140 140 -0.0113  0.0000  0.0000
148 140  0.0226  0.0000 13.5576
156 140 -0.0405  0.0000  9.2850
164 140 -0.0653  0.0000 11.1304
172 140  0.0359  0.0000  0.0000
180 140  0.0815  0.0000 11.1304
188 140  0.1068 -0.3135 15.1963
196 140  0.1003  0.0000 11.1304
204 140  0.0000  0.1960 11.1304
212 140 -0.1170  0.0000  0.0000
220 140 -0.0926  0.0000  0.0000
228 140  0.2639  0.0000  0.0000
236 140  1.1237  0.0000  0.0000
244 140  1.7371  0.0000 11.1304
252 140  1.1449  0.0000 11.1304
260 140  0.4679  0.0000  0.0000
268 140  0.0077  0.0000 11.1304
276 140 -0.0402  0.0000 11.1304
284 140 -0.0206  0.0000 11.1304
292 140 -0.1136  0.0000 16.1088
  4 148 -0.0417 -0.1134  7.3143
 12 148  0.4219  0.0000  0.0000
 20 148  0.7269  0.0000 16.1088
 28 148  0.8221  0.0000  0.0000
 36 148  0.8497  0.0000  0.0000
 44 148  0.9650  0.0000  9.2850
 52 148  0.0000 -0.5000  8.8276
 60 148 -0.1951  0.0000 16.1088
 68 148 -0.2143  0.0000  0.0000
 76 148 -0.1814  0.0000 16.1088
 84 148 -0.1356  0.0000 16.1088
 92 148 -0.0544  0.0000 19.1045
100 148  0.0370  0.0000 11.1304
108 148  0.1117  0.0000  0.0000
116 148  0.3047  0.0000 11.1304
124 148  0.1988  0.0000  0.0000
132 148  0.0161  0.0000 12.0628
140 148 -0.1117  0.0000  0.0000
148 148 -0.0832  0.0000  8.9154
156 148  0.1754  0.0000 19.4783
164 148  0.6259  0.0000 11.1304
172 148  0.8431  0.0000  0.0000
180 148  0.4043  0.4043  8.0000
188 148  0.2294  0.0000 11.1304
196 148  0.1189  0.0000  0.0000
204 148  0.1447  0.0000  0.0000
212 148  0.1401  0.0000  0.0000
220 148 -0.0923  0.0000 13.5576
228 148 -0.0497  0.0000  0.0000
236 148  0.2303  0.0000  0.0000
244 148  0.4812  0.0000  0.0000
252 148  0.5795  0.0000  0.0000
260 148  0.6147  0.0000  0.0000
268 148  0.6864  0.0000  0.0000
276 148 -0.3789  0.0000  0.0000
284 148 -0.3840  0.0000 16.1088
292 148 -0.3896  0.0000 11.1304
  4 156 -0.3501  0.0000  0.0000
 12 156 -0.2266  0.0000  0.0000
 20 156 -0.0385  0.0000 11.1304
 28 156  0.0344  0.0000  0.0000
 36 156 -0.0245  0.1614 16.5879
 44 156  0.4043  0.4043  8.0000
 52 156  0.1564  0.0000  0.0000
 60 156 -0.0763  0.0000  0.0000
 68 156 -0.1905  0.0000  0.0000
 76 156 -0.1668  0.0000 16.1088
 84 156 -0.0072  0.0000 11.1304
 92 156  0.2415  0.0000  0.0000
100 156  0.4557  0.0000 11.1304
108 156  0.3119  0.0000 16.1088
116 156  0.2598  0.0000 16.1088
124 156  0.2838  0.0000  0.0000
132 156  0.3752  0.0000 11.1304
140 156  0.4043  0.4043  8.0000
148 156 -0.1151 -0.1151 16.5161
156 156 -0.1252  0.0000  0.0000
164 156  0.0675  0.0000 11.1304
172 156  0.2800  0.0000 11.1304
180 156  0.3199  0.0000 12.0628
188 156  0.3206  0.0000 11.1304
196 156  0.3498  0.0000  0.0000
204 156 -0.6548  0.0000  0.0000
212 156 -0.4894  0.0000 16.1088
220 156 -0.4911  0.0000 11.1304
228 156 -0.4748  0.0000 11.1304
236 156 -0.2838  0.0000 11.1304
244 156  0.1134  0.0000 11.1304
252 156  0.2040  0.0000 11.1304
260 156 -0.4087  0.0000  0.0000
268 156 -0.2954  0.0000 11.1304
276 156 -0.3219  0.0000 11.1304
284 156 -0.3706  0.0000 11.1304
292 156 -0.3593  0.0000  0.0000
  4 164 -0.2795  0.0000  8.0000
 12 164 -0.1534  0.0000  0.0000
 20 164  0.0000 -0.5000  8.8276
 28 164  0.3732  0.3694 10.3318
 36 164  0.3655  0.0000 11.1304
 44 164  0.3588  0.0000  0.0000
 52 164  0.3876  0.0000  0.0000
 60 164  0.4067  0.0000  0.0000
 68 164  0.3064  0.0000 19.1045
 76 164 -0.0512  0.0000 11.1304
 84 164 -0.1761  0.0000 16.1088
 92 164 -0.1079  0.0000 11.1304
100 164  0.0719  0.0310  7.1541
108 164  0.0490  0.0000  7.6030
116 164  0.0542 -0.0120  7.7651
124 164  0.1522  0.0000  8.5333
132 164 -0.5000  0.0000  8.8276
140 164 -0.3280  0.0000  0.0000
148 164 -0.4247  0.0000 11.1304
156 164 -0.5287  0.0000 11.1304
164 164 -0.3412  0.0000 10.1191
172 164  0.5001  0.0000 16.1088
180 164  1.0000  0.0000  9.2850
188 164 -0.5000  0.0000 11.1304
196 164 -0.6512  0.0000  0.0000
204 164 -0.6827  0.0000  0.0000
212 164 -0.6322  0.0000 11.1304
220 164 -0.5000  0.0000  8.8276
228 164 -0.3230  0.0000  0.0000
236 164 -0.1372  0.0000  0.0000
244 164  0.0201  0.0000  0.0000
252 164  0.2620  0.0000  0.0000
260 164  0.3645  0.0000 16.1088
268 164  0.4250  0.0000 11.1304
276 164  0.4518  0.0000  0.0000
284 164  0.4017  0.0000  0.0000
292 164  0.2251  0.0000  0.0000
  4 172 -0.0715  0.0000 11.1304
 12 172 -0.2835  0.0000 11.1304
 20 172 -0.4140  0.0000 11.1304
 28 172 -0.5000  0.1588 10.5785
 36 172 -0.2489  0.0000 16.1088
 44 172 -0.0070  0.0000 11.1304
 52 172  0.2346  0.0000  0.0000
 60 172  0.3133  0.0000  0.0000
 68 172  0.2319  0.0000  8.2581
 76 172 -0.0707  0.0000 11.1304
 84 172 -0.4124  0.0000  0.0000
 92 172 -0.5000  0.0000  8.8276
100 172  0.7907  0.0000 11.1304
108 172  2.5000  0.0000  8.8276
116 172  1.7692  0.0000 10.9491
124 172  0.0512  0.0000 19.4783
132 172 -0.6203  0.0000 12.0628
140 172 -0.7136  0.0000 11.1304
148 172 -0.5561  0.0000 11.1304
156 172 -0.3056  0.0000  0.0000
164 172 -0.0561  0.2765  9.5419
172 172  0.0554  0.0000 16.7450
180 172  0.2016  0.0000  8.2581
188 172  0.3603  0.0000 16.1088
196 172  0.4941  0.0000  0.0000
204 172  0.5429  0.0000  0.0000
212 172  0.4518  0.0000  0.0000
220 172  0.2180  0.0000  0.0000
228 172 -0.0734  0.0000  0.0000
236 172 -0.2836  0.0000 11.1304
244 172 -0.4175  0.0000  0.0000
252 172 -0.4426  0.0000  0.0000
260 172 -0.2134  0.0000  0.0000
268 172  0.0938  0.0000 11.1304
276 172  0.4396  0.0000 11.1304
284 172  1.5917  0.0000  0.0000
292 172  1.1517  0.0000  0.0000
  4 180  0.6660  0.0000 11.9011
 12 180  0.2182  0.0000 16.1088
 20 180 -0.0582  0.0292 15.7491
 28 180 -0.2711  0.0000  0.0000
 36 180 -0.2780  0.1270 13.3759
 44 180  2.5000  0.0000  8.8276
 52 180  0.0000 -0.5000  4.0635
 60 180 -0.6511  0.0000 16.1088
 68 180 -0.7242  0.0000 17.0667
 76 180 -0.5540  0.0000 11.1304
 84 180 -0.2900  0.0000  0.0000
 92 180 -0.0512  0.0000  0.0000
100 180  0.0267  0.0000 11.1304
108 180  0.1292  0.0000  0.0000
116 180  0.3737  0.0000  0.0000
124 180  0.6171  0.0000  9.4208
132 180  0.7249  0.0000 11.1304
140 180  0.6102  0.0000  0.0000
148 180  0.2954  0.0000  0.0000
156 180 -0.0375  0.0000  0.0000
164 180 -0.1901  0.0000 11.1304
172 180 -0.2780 -0.1270 13.3759
180 180 -0.2683  0.0000 13.1641
188 180 -0.0888  0.0000 11.1304
196 180  0.1811  0.0000  0.0000
204 180  0.4485  0.0000 11.1304
212 180  3.0030  0.0000  0.0000
220 180  2.1991  0.0000  0.0000
228 180  1.5514  0.0000 11.1304
236 180  0.9677  0.0000 11.1304
244 180  0.4136  0.0000  0.0000
252 180 -0.0975  0.0000  0.0000
260 180 -0.1271  0.0000  0.0000
268 180  1.1223  0.0000  0.0000
276 180  0.1350  0.0000  0.0000
284 180 -0.4398  0.0000 11.1304
292 180 -0.5901  0.0000 11.1304
  4 188 -0.4895  0.0000 11.1304
 12 188 -0.2674  0.0000 11.1304
 20 188 -0.0391 -0.5000  9.3822
 28 188 -0.0302  0.0000 16.1088
 36 188  0.0418 -0.1521 12.6567
 44 188  0.4351  0.0000  0.0000
 52 188  0.8375  0.0000  0.0000
 60 188  1.0501  0.0000  6.8903
 68 188  0.9234  0.0000 16.1088
 76 188  0.4599  0.0000 11.1304
 84 188 -0.0049  0.0000  0.0000
 92 188 -0.0421  0.0000  0.0000
100 188 -0.1175  0.0000 22.2609
108 188 -0.1651  0.0000 13.5576
116 188 -0.1057  0.0000  0.0000
124 188  0.0418 -0.1521 12.6567
132 188 -0.0827  0.0000  0.0000
140 188  4.1329  0.0000 11.1304
148 188  3.0927  0.0000  0.0000
156 188  2.4041  0.0000  0.0000
164 188  1.7992  0.0000 11.1304
172 188  1.1255  0.0000 11.1304
180 188  0.4876  0.0000  0.0000
188 188  0.2021  0.2860 10.7438
196 188  0.5158  0.0000  0.0000
204 188  0.1092  0.0000  0.0000
212 188 -0.2804  0.0000  0.0000
220 188 -0.4540  0.0000 11.1304
228 188 -0.4417  0.0000  0.0000
236 188 -0.3233  0.0000  0.0000
244 188 -0.1867  0.0000 11.1304
252 188 -0.1083  0.0000 11.1304
260 188  0.0965  0.0000  0.0000
268 188  0.5934  0.0000  0.0000
276 188  1.1591  0.0000  0.0000
284 188  1.5299  0.0000  0.0000
292 188  1.4373  0.0000  0.0000
  4 196  0.7436  0.0000 11.1304
 12 196  0.0000 -0.5000  8.8276
 20 196  0.1556  0.0000 12.2969
 28 196  0.0011  0.0000  0.0000
 36 196 -0.2126  0.0000 11.1304
 44 196 -0.4522  0.0000  0.0000
 52 196 -0.7163  0.0000  0.0000
 60 196 -1.2684  0.0000 11.1304
 68 196  4.5646  0.0000 11.1304
 76 196  3.5315  0.0000  0.0000
 84 196  2.9973  0.0000  0.0000
 92 196  2.5413  0.0000  0.0000
100 196  1.8376  0.0000 11.1304
108 196  1.1085  0.0000  0.0000
116 196  0.6211  0.0000 11.1304
124 196  0.4447  0.0000  8.2581
132 196  0.1315  0.0000 11.1304
140 196 -0.1710  0.0000 16.1088
148 196 -0.3565  0.0000  0.0000
156 196 -0.4178  0.0000  0.0000
164 196 -0.3942  0.0000 11.1304
172 196 -0.3294  0.0000 11.1304
180 196 -0.2257  0.0000  0.0000
188 196  0.0550  0.0000 11.1304
196 196  0.6859  0.0000 11.1304
204 196  1.4373  0.0000  0.0000
212 196  2.0373  0.0000  0.0000
220 196  2.1208  0.0000  0.0000
228 196  1.2157  0.0000  0.0000
236 196  0.3993  0.0000  0.0000
244 196  0.2042  0.0000  0.0000
252 196  0.0345  0.0000 11.1304
260 196 -0.2511  0.0000  0.0000
268 196 -0.7549  0.0000  0.0000
276 196 -1.3334  0.0000  0.0000
284 196 -2.3329  0.0000  8.0000
292 196  3.9849  0.0000 16.1088
  4 204  3.2309  0.0000  0.0000
 12 204  3.0398  0.0000 11.1304
 20 204  2.9260  0.0000  9.2850
 28 204  2.2047  0.0000 11.1304
 36 204  1.4239  0.0000 11.1304
 44 204  0.8439  0.0000  0.0000
 52 204  0.4834  0.0000  0.0000
 60 204  0.1699  0.0000  0.0000
 68 204 -0.1003  0.0000  0.0000
 76 204 -0.2951  0.0000  0.0000
 84 204 -0.4067  0.0000  0.0000
 92 204 -0.4487  0.0000 17.0667
100 204 -0.4365  0.0000  8.8276
108 204 -0.3554  0.0000 16.1088
116 204 -0.1068  0.5000 14.1617
124 204  0.6065  0.0000 10.9491
132 204  1.4353  0.0000  0.0000
140 204  2.1730  0.0000  0.0000
148 204  2.5000  0.0000  8.8276
156 204  1.1728  0.0000  0.0000
164 204  0.3347  0.0000 11.1304
172 204  0.0979  0.0000 11.1304
180 204  0.0971  0.0000  0.0000
188 204  0.0290  0.0000 16.1088
196 204 -0.5000  0.0000  8.8276
204 204 -1.2461  0.0000  0.0000
212 204 -2.3531  0.0000  0.0000
220 204  2.3208  0.0000  0.0000
228 204  1.9818  0.0000  0.0000
236 204  2.1359  0.0000 11.1304
244 204  2.5000  0.0000  8.8276
252 204  1.7829  0.0000 11.1304
260 204  1.1503  0.0000 16.1088
268 204  0.7095  0.0000  0.0000
276 204  0.4088  0.0000 16.1088
284 204  0.1566  0.0000 19.4783
292 204 -0.0719  0.0000  0.0000
  4 212 -0.2636  0.0000  0.0000
 12 212 -0.4024  0.0000 11.1304
 20 212 -0.4785  0.0000  8.2581
 28 212 -0.4822  0.0000 11.1304
 36 212 -0.3863  0.0000 11.1304
 44 212 -0.1228  0.0000 11.1304
 52 212  0.4040  0.0000 11.1304
 60 212  0.9760  0.0000  0.0000
 68 212  1.3273  0.0000  0.0000
 76 212  1.1076  0.0000  0.0000
 84 212 -0.0677  0.2414 11.7124
 92 212 -0.4385  0.0000  0.0000
100 212 -0.3755  0.0000 11.1304
108 212  0.0546  0.0000  0.0000
116 212  0.7923  0.0000 19.1045
124 212  1.5000 -1.0000  7.4357
132 212  0.0000  0.5000 11.1304
140 212 -0.6894  0.0000  0.0000
148 212 -0.1151 -0.1151 16.5161
156 212 -0.1929  0.0000  0.0000
164 212 -0.1780  0.0000 11.1304
172 212 -0.1960  0.0000 11.1304
180 212  0.0598  0.0000  0.0000
188 212  0.1818  0.0000  0.0000
196 212  0.2231  0.0000 16.1088
204 212  0.1951  0.0000 11.1304
212 212  0.0917  0.0000  0.0000
220 212 -0.0711  0.0000  0.0000
228 212 -0.2547  0.0000  0.0000
236 212 -0.4153  0.0000  0.0000
244 212 -0.5154  0.0000  0.0000
252 212 -0.5259  0.0000 11.1304
260 212 -0.4255  0.0000  0.0000
268 212 -0.2026  0.0000 11.1304
276 212  0.1151  0.1151 16.5161
284 212  0.3746  0.0000 11.1304
292 212  0.3469  0.0000  0.0000
  4 220 -0.1313  0.0000  0.0000
 12 220 -0.9865  0.0000  0.0000
 20 220 -1.3927  0.0000 16.1088
 28 220 -1.3306  0.0000 11.1304
 36 220 -0.7907  0.0000 11.1304
 44 220  0.2194  0.0000  0.0000
 52 220  1.4496  0.0000  0.0000
 60 220  1.8149  0.0000 11.1304
 68 220  2.5000  0.0000  8.8276
 76 220 -2.5779  0.0000 11.1304
 84 220 -2.6051  0.0000 11.1304
 92 220 -2.6055  0.0000 11.1304
100 220 -2.4075  0.0000 11.1304
108 220 -1.6929  0.0000 11.1304
116 220 -0.9017  0.0000  8.8276
124 220 -0.3104  0.0000 16.1088
132 220  0.0000 -0.5000  8.8276
140 220  0.0649  0.0000 16.1088
148 220 -0.0493  0.0000  0.0000
156 220 -0.2551  0.0000 13.1641
164 220 -0.4654  0.0000 16.1088
172 220 -0.6067  0.0000 17.0667
180 220 -0.6289  0.0000  7.6040
188 220 -0.5172  0.0000  8.2581
196 220 -0.3084  0.0000 16.1088
204 220 -0.1092  0.0000 16.1088
212 220 -0.0954  0.0000 11.1304
220 220 -0.4489  0.0000  0.0000
228 220 -1.1959  0.0000  0.0000
236 220 -2.0966  0.0000  0.0000
244 220 -2.7088  0.0000  0.0000
252 220 -2.8474  0.0000 11.1304
260 220 -2.4342  0.0000 16.1088
268 220 -1.3070 -0.0337 12.4709
276 220  1.0248  0.0000  8.8276
284 220  3.3452  0.0000 11.1304
292 220  5.6775  0.0000 11.1304
