VARIABLES= "X pix", "Y pix", "U pix/dt", "V pix/dt", "CHC", ZONE I=28, J=37
  4   4  0.0000  0.0000 10.6915
 12   4  0.0000  0.0000 11.9577
 20   4  0.0000  0.0000 10.9708
 28   4  0.0000 -0.0523 10.4171
 36   4  0.0000  0.0000 10.9551
 44   4  0.0000 -0.0145 11.0935
 52   4  0.0000  0.0140 11.1044
 60   4 -0.0199 -0.0002 11.0279
 68   4  0.0000  0.0000 10.9708
 76   4  0.0000  0.0092 10.8892
 84   4 -0.0034  0.0477 11.2935
 92   4 -0.0038 -0.0776 11.6899
100   4  0.0028 -0.0065 12.6921
108   4  0.0000  0.0000 11.7754
116   4  0.0000 -0.0079 11.6339
124   4  0.0000 -0.0162 11.8572
132   4  0.0088  0.0107 11.8189
140   4  0.0088  0.0107 11.8189
148   4  0.0000 -0.0128 11.4171
156   4  0.0400  0.0140 11.8379
164   4 -0.0319  0.0336 11.4563
172   4  0.0000  0.0613 11.4140
180   4  0.0000  0.0000 11.7754
188   4  0.0000  0.0000 11.7754
196   4  0.0000  0.0000 11.6146
204   4 -0.0027  0.0641 11.3790
212   4 -0.0421  0.0015 11.7924
220   4  0.0307  0.0369 11.6407
228   4  0.1652  0.0384  8.7131
236   4 -0.0058  0.1394  9.4746
244   4 -0.0095 -0.0047 10.2617
252   4 -0.0112 -0.0041 10.7305
260   4  0.0000  0.0000 10.8487
268   4  0.0446  0.0173 10.0060
276   4  0.0054 -0.0131 12.0543
284   4  0.0124 -0.1279 14.2406
292   4  0.0777 -0.0060 11.9242
  4  12  0.0248 -0.1228 13.6582
 12  12 -0.0785 -0.0228 12.2326
 20  12  0.1666  0.0186  9.6191
 28  12  0.0000 -0.5481 10.9491
 36  12  0.0281  0.1782  9.1133
 44  12  0.1069 -0.7881  9.3746
 52  12  0.0537  0.1343 22.3418
 60  12  0.0000  0.0000 12.9374
 68  12 -0.0000  0.0000 16.8706
 76  12 -0.1046  0.0274 10.9173
 84  12  0.0766 -0.0210  9.4316
 92  12  0.0000 -0.0470  7.5294
100  12  0.0497 -0.0021  9.0187
108  12  0.0000  0.0000  8.7363
116  12 -0.0239 -0.0093 11.3548
124  12 -0.0017 -0.0039 11.2221
132  12  0.0214  0.0544 10.5806
140  12 -0.0760  0.0066 10.9376
148  12  0.0000  0.0000 11.2680
156  12 -0.0854  0.0214 11.1796
164  12 -0.0641 -0.0110 12.2122
172  12 -0.0168  0.0018  9.3372
180  12  0.0000  0.0000 10.7258
188  12  0.0000  0.0000  9.9289
196  12  0.0023  0.2283 10.4342
204  12  0.0642 -0.5222 10.5529
212  12  0.0383 -0.0341 13.6713
220  12 -0.0192 -0.0980 14.7660
228  12  0.0000  0.0000 10.1740
236  12 -0.0110 -0.2039 11.0977
244  12  0.0000 -0.7192  9.7753
252  12 -0.0386  0.0045 12.2525
260  12  0.0964 -0.0032 11.2800
268  12 -0.0266  0.1064  9.9083
276  12  0.1069 -0.0256 10.2580
284  12  0.1209  0.0260  8.0602
292  12 -0.0107 -0.0754  8.9377
  4  20 -0.0028  0.0023 14.0613
 12  20  0.0000  0.0000 14.0795
 20  20  0.0000  0.0000 12.1999
 28  20  0.0000  0.0000 12.2418
 36  20  0.0000  0.0128 11.6022
 44  20  0.0000  0.0170 11.0890
 52  20  0.0039 -0.0032 10.8254
 60  20  0.0835  0.0044 14.1739
 68  20  0.0000  0.0000 15.3430
 76  20  0.0000  0.0000 14.3854
 84  20  0.0012 -0.0475 13.5694
 92  20  0.0000  0.0000  9.0433
100  20  0.0074 -0.0107 12.3340
108  20  0.0160  0.0238 12.0740
116  20  0.0000  0.0000 15.0151
124  20  0.0000  0.0000 14.3182
132  20  0.0400 -0.0001 13.8609
140  20 -0.0158 -0.0049 13.8516
148  20  0.0316 -0.0334 13.0509
156  20 -0.0223 -0.0180 12.9936
164  20  0.0160 -0.0291 12.1531
172  20 -0.0064  0.0023 19.4090
180  20  0.0161 -0.0058 15.2583
188  20  0.0033  0.0007 16.2825
196  20 -0.0004 -0.0527 18.0750
204  20 -0.0268  0.1155 21.8773
212  20  0.0000  0.0000 24.9171
220  20 -0.0187 -0.0151 12.8368
228  20 -0.2169 -0.0550  6.8593
236  20  0.0722 -0.0317 13.5508
244  20  0.0126  0.3909 17.6036
252  20 -0.0244 -0.1528 12.7536
260  20  0.0000  0.0000 11.7839
268  20  0.1299 -0.0110 11.7891
276  20 -0.1408  0.0068 15.4217
284  20  0.0107 -0.0133 14.4225
292  20 -0.0940  0.0579 15.4580
  4  28 -0.0071 -0.0069  9.3622
 12  28 -0.0532  0.0431 10.4547
 20  28  0.0034 -0.0083 11.1798
 28  28  0.0024  0.0017 10.4899
 36  28  0.0000  0.0000 10.5944
 44  28  0.0004 -0.0007 10.1558
 52  28 -0.0024 -0.0156 10.3359
 60  28  0.0024 -0.0488 10.0522
 68  28  0.0027  0.0167 10.5478
 76  28  0.0033 -0.0167 10.6212
 84  28  0.0015  0.0004  9.6693
 92  28  0.0027 -0.0032  9.3869
100  28  0.0000  0.0000 12.6816
108  28 -0.0251  0.0004 13.8167
116  28 -0.0050  0.0241  8.7586
124  28  0.0000  0.0000  9.5977
132  28  0.0000  0.0000  8.7313
140  28 -0.0206  0.0008  9.1943
148  28  0.0000  0.0000  9.5312
156  28  0.0034 -0.0248 16.8434
164  28  0.0035 -0.0149 15.4766
172  28  0.0034 -0.0288 21.6149
180  28 -0.0100 -0.0097 18.7975
188  28  0.0037 -0.0032 11.0245
196  28  0.0000  0.0000  9.1952
204  28 -0.0061 -0.0007  9.3576
212  28  0.0000  0.0000 10.1776
220  28  0.0011 -0.0248 10.1551
228  28  0.0000  0.0000  9.6881
236  28 -0.0047  0.0021  9.2693
244  28 -0.0185 -0.0012  9.9003
252  28  0.0000  0.0000 12.6357
260  28 -0.0102 -0.0001 16.8612
268  28  0.0000  0.0000 15.6823
276  28 -0.0164 -0.0102 26.2593
284  28  0.0158  0.0029 14.5682
292  28  0.0091 -0.0004 12.2625
  4  36 -0.0507  0.0103  7.4500
 12  36 -0.0095  0.0068  7.0869
 20  36  0.0058  0.0207  6.5408
 28  36 -0.0225 -0.2223  5.8829
 36  36  0.0000 -0.3645  6.5615
 44  36  0.0000 -0.0537  7.8652
 52  36  0.0000 -0.5000  7.1968
 60  36  0.0000  0.0000 10.8982
 68  36  0.0000  0.0000 10.5785
 76  36  0.0216  0.0918 10.3009
 84  36  0.0000  0.0000 11.7813
 92  36  0.0000  0.0000 10.4867
100  36  0.0000  0.0000  9.1038
108  36 -0.0292  0.0748  7.3986
116  36 -0.0412  0.0027  7.5330
124  36  0.0000  0.0000  8.6000
132  36  0.0000  0.0000 11.1304
140  36  0.0913  0.2044 18.7317
148  36 -0.0010 -0.0162  5.7747
156  36 -0.0325 -0.0074 13.4187
164  36 -0.0012 -0.0014 13.7131
172  36 -0.0073 -0.0009 11.2222
180  36 -0.0045 -0.0127 15.8049
188  36  0.0000  0.0000  7.4491
196  36  0.0000  0.0000 12.7075
204  36  0.0000  0.0000 15.4368
212  36  0.1577  0.2279 11.5653
220  36  0.0000  0.0000 13.3851
228  36  0.0000  0.0000  9.4208
236  36  0.0000  0.0000 10.8982
244  36  0.0000  0.0000 11.0903
252  36  0.0000  0.0000  7.9027
260  36  0.1081  0.0217 14.7974
268  36  0.1054  0.1297 12.6310
276  36 -0.0282  0.0185  8.9889
284  36  0.0000  0.0109  9.7449
292  36  0.0000  0.0000 12.0715
  4  44  0.0000  0.0000 12.0628
 12  44  0.0000  0.0000 13.3260
 20  44 -0.1348 -0.0333 11.3522
 28  44  0.0000  0.0000 14.4096
 36  44 -0.0831  0.0033 12.0810
 44  44  0.0000  0.0000 11.7813
 52  44  0.0448  0.0118  8.7919
 60  44  0.1357 -0.0995  7.4961
 68  44  0.0000  0.0000  6.7869
 76  44  0.0000  0.0000  8.9379
 84  44 -0.0344  0.0000 11.4095
 92  44  0.0000  0.0000 11.1304
100  44  0.0000  0.0000 12.0628
108  44  0.0000  0.0000  0.0000
116  44  0.0000  0.0000  0.0000
124  44  0.0000  0.0000 21.6135
132  44  0.0000  0.0000 19.4783
140  44  0.0000  0.0000 11.1304
148  44 -0.0383  0.0016  5.9888
156  44  0.0000  0.0000 14.8163
164  44 -0.0314 -0.0180 13.8247
172  44 -0.0057 -0.0005 17.6781
180  44  0.0047  0.0040 14.9014
188  44  0.0000  0.0000  6.8052
196  44  0.1333  0.0507  6.7623
204  44  0.0000  0.0000  6.6149
212  44  0.0000  0.0000  8.3451
220  44  0.0128  0.1259  9.8292
228  44  0.0720 -0.1008 10.9946
236  44  0.0033 -0.1355 11.2402
244  44 -0.0128  0.1206 11.2351
252  44  0.1392 -0.0186 16.5919
260  44  0.0000  0.0000 17.6152
268  44  0.0000  0.0000 19.1471
276  44  0.0000  0.0000 11.0903
284  44  0.0000  0.0000 11.0903
292  44  0.0000  0.0000 17.6152
  4  52  0.0000  0.0000 10.8982
 12  52 -0.0276  0.0047  9.2053
 20  52 -0.1182 -0.0642  8.1714
 28  52  0.0000  0.0000 11.1304
 36  52  0.0000  0.0000 11.1304
 44  52  0.0000  0.0000  0.0000
 52  52  0.0000  0.0000  0.0000
 60  52  0.0000  0.0000  0.0000
 68  52  1.5000  0.0000  8.2581
 76  52  0.0000  0.0000  0.0000
 84  52  0.3577  0.0000 13.4737
 92  52  0.0000  0.0000 11.1304
100  52  0.1556  0.0000 12.2969
108  52  0.0000  0.0000  0.0000
116  52  0.0000  0.0000  0.0000
124  52  0.0000  0.0000 11.1304
132  52  0.0000  0.0000 16.1088
140  52  0.0000  0.0000  9.4208
148  52 -0.0087  0.0015  7.8667
156  52  0.0000  0.0000 20.0572
164  52 -0.0236 -0.0078 11.3413
172  52 -0.0155  0.0541 10.5174
180  52  0.0022  0.0059 20.5702
188  52  0.0000  0.0000  6.3199
196  52  0.0000  0.0000 15.2515
204  52  0.0000  0.0000 12.0628
212  52  0.0000  0.0000  9.4208
220  52 -0.0308  0.1395 11.3717
228  52  0.2931  0.0383 11.9921
236  52  0.0033 -0.1355 11.2402
244  52 -0.0849 -0.0608  9.9527
252  52  0.1060 -0.0116 14.1899
260  52  0.1433 -0.0545 14.8722
268  52  0.1965 -0.0315  8.8630
276  52 -0.0090  0.0182 13.9705
284  52  0.0000  0.0000 17.6698
292  52 -0.0085 -0.0259  9.5652
  4  60  0.3732  0.3694 10.3318
 12  60  4.5000 -0.5000  4.0635
 20  60  0.0000  0.0000  0.0000
 28  60  0.0000  0.0000 11.1304
 36  60  0.0000  0.0000  0.0000
 44  60  0.0000  0.0000  0.0000
 52  60  0.0000  0.0000 11.1304
 60  60  0.0000  0.0000 11.1304
 68  60  0.0000  0.0000 17.0667
 76  60  0.0000  0.0000 11.1304
 84  60  0.1151  0.1151 16.5161
 92  60  0.0563  0.0416 15.1354
100  60  0.0000  0.0000 15.8661
108  60 -0.5000 -0.1588 10.5785
116  60  0.0000  0.0000  9.4208
124  60  0.2220  0.0149 13.5823
132  60  0.0000  0.0000 11.9011
140  60  0.0000  0.0000 12.0628
148  60  0.0000  0.0000  6.5922
156  60  0.0562 -0.0087  5.8261
164  60 -0.0009 -0.0038  5.8912
172  60 -0.0089 -0.0139  6.3382
180  60 -0.0094 -0.0330  5.8050
188  60  0.0000  0.0000  9.1934
196  60  0.0000  0.0000 11.1304
204  60  0.0000  0.0000 11.1304
212  60  0.0000  0.0000  0.0000
220  60  0.0000  0.0000  0.0000
228  60  0.0000  0.0000  0.0000
236  60  0.0000  0.0000  0.0000
244  60  0.0000  0.0000  9.2086
252  60  0.0000  0.0000 10.8982
260  60  0.0000  0.0000  9.4841
268  60 -0.0593  0.1321 12.1442
276  60 -0.2941 -0.2017 13.7014
284  60  0.0000  0.0000  9.2086
292  60 -0.0318 -0.0253 10.8606
  4  68  0.0000  0.0000 14.7761
 12  68  0.0000  0.0000  0.0000
 20  68  0.0000  0.0000 11.1304
 28  68  0.0000  0.0000 11.1304
 36  68  0.0000  0.0000  0.0000
 44  68  2.5000  0.0000  8.8276
 52  68  0.0000  0.0000 11.1304
 60  68  0.0000  0.0000 11.1304
 68  68  0.0000  0.0000 11.1304
 76  68 -0.3091  0.0000 15.7112
 84  68  0.3855  0.0059  8.7021
 92  68 -0.0698 -0.4512 12.5227
100  68  0.0000  0.0000 19.3056
108  68 -0.5000  0.0000  8.8276
116  68  0.0000  0.0000 11.1304
124  68  0.5000  0.0000  8.4768
132  68 -0.1841 -0.0418 12.3683
140  68  0.0000  0.0000 11.1304
148  68 -0.1147  0.0186 12.5836
156  68  0.0000  0.0000 16.1088
164  68  0.0000  2.5000  8.8276
172  68  0.0000  0.0000 11.1304
180  68  0.0982 -0.2693  9.7086
188  68  0.0000  0.0000  0.0000
196  68  0.0000  0.0000  0.0000
204  68  0.0000  0.0000  0.0000
212  68  0.0000  0.0000  0.0000
220  68  0.0000  0.0000  0.0000
228  68  0.0000  0.0000  0.0000
236  68  0.0000  0.0000  0.0000
244  68  0.0000  0.0000  0.0000
252  68  0.0000  0.0000 11.1304
260  68  0.0000 -0.5000  8.8276
268  68  0.0000  0.0000 16.1088
276  68  0.0000  0.0000  9.9881
284  68  0.0000  0.0000 14.5082
292  68  2.5000  0.0000  8.8276
  4  76  0.0000  0.0000  0.0000
 12  76  0.0000  0.0000  0.0000
 20  76  0.0000  0.0000  0.0000
 28  76  0.0000  0.0000  0.0000
 36  76  0.0000  0.0000  0.0000
 44  76  0.0000  0.0000 21.6135
 52  76  0.0000  0.0000  7.3911
 60  76  0.0000  0.0000 11.1304
 68  76  0.0000  0.0000 15.5414
 76  76 -0.1836  0.2209  8.6780
 84  76 -0.0403  0.0360 11.5708
 92  76  0.0000  0.0000  9.3822
100  76  0.0000  0.0000  9.7047
108  76 -0.2907  0.0403 10.5761
116  76  0.0000 -0.1960 11.1304
124  76 -1.1838  2.5000  7.5779
132  76  0.0000  0.0000 11.1304
140  76  0.1140 -0.1079 19.3902
148  76  0.0000  0.0000 12.8600
156  76  0.0000  0.0000 12.0628
164  76  0.0000  0.0000 11.9011
172  76 -0.0000  0.1101  8.5742
180  76  3.5000 -0.1203  5.4468
188  76  0.0000  0.0000 11.1304
196  76 -0.5000  0.0000  8.8276
204  76  0.0000  0.0000  0.0000
212  76  0.0000  0.0000  0.0000
220  76  0.0000  0.0000  0.0000
228  76  0.0000  0.0000  0.0000
236  76  0.0000  0.0000  0.0000
244  76  0.0000  0.0000 11.1304
252  76  0.0000  0.0000  0.0000
260  76  0.0000  0.0000  0.0000
268  76  0.0000  0.0000 16.1088
276  76  0.0000  0.0000  0.0000
284  76  0.0000  2.5000  8.8276
292  76  2.0000  0.0000  6.8449
  4  84  0.0000  0.0000 10.1261
 12  84  0.2080  0.2715 12.3107
 20  84  0.0000  0.0000  0.0000
 28  84  0.0000  0.0000  0.0000
 36  84  0.0000  0.0000 16.1088
 44  84  0.0607 -0.5000  9.3091
 52  84  0.0517 -0.0686 10.3584
 60  84  0.0000  0.0000  7.8087
 68  84  1.5000  0.5000  8.7605
 76  84  0.0126  0.0413  9.3329
 84  84 -0.0376  0.3340  8.0282
 92  84 -0.5000 -1.1062  7.4935
100  84 -0.1819  0.1384 10.8936
108  84  0.0000  0.0000 11.9011
116  84  0.0000  0.0000 16.6956
124  84  0.0000  0.0000 11.1304
132  84  0.3145 -0.0264 11.0777
140  84  0.0000  0.0000 11.4015
148  84  0.0000  0.0000  9.2086
156  84  0.0000  0.0000 11.1304
164  84  0.0000  0.0000  0.0000
172  84  0.0000  0.0000  0.0000
180  84  0.0000  0.0000 11.1304
188  84  0.0000  0.0000  0.0000
196  84  0.0000  0.0000  0.0000
204  84  0.0000  0.0000  0.0000
212  84  0.0000  0.0000  0.0000
220  84  0.3329 -0.0842  7.1879
228  84  0.0000  0.0000 19.1045
236  84  0.0000  0.0000 11.1304
244  84  0.0000  0.0000 11.1304
252  84  0.0000  0.0000  0.0000
260  84  0.0000  0.0000  0.0000
268  84  0.0000  0.0000  0.0000
276  84  2.5000  0.0000  8.8276
284  84  0.0000  0.0000 11.1304
292  84  0.0000  0.0000 11.1304
  4  92  0.1151  0.1151 16.5161
 12  92 -0.2743 -0.0236 10.8782
 20  92  0.0000  0.0000  8.6413
 28  92 -0.1802 -0.1949  7.7576
 36  92 -0.1395  0.2628  9.3489
 44  92 -0.2389 -0.0408  9.5701
 52  92  0.1799  0.1898  8.5810
 60  92  0.1841 -0.0418 12.3683
 68  92  0.0000  0.0000  8.0688
 76  92  0.0000  0.0000  8.4768
 84  92  0.0000  0.0000  0.0000
 92  92  0.0000  0.0000  0.0000
100  92  0.0000 -0.4276 10.4490
108  92  0.6618  0.0633  9.0856
116  92  0.0083  0.0418 11.2576
124  92  0.0000  0.0000 11.1304
132  92  0.0000  0.0000 11.9011
140  92  0.0000  0.0000 16.1088
148  92  0.0000  0.0000  0.0000
156  92  0.0000  0.0000  0.0000
164  92  0.0000  0.0000  0.0000
172  92  0.0000  0.0000  0.0000
180  92  0.0000  0.0000  0.0000
188  92  0.0000  0.0000  0.0000
196  92  0.0000  0.0000  0.0000
204  92  0.0000  0.0000  0.0000
212  92  0.0000  0.0000  0.0000
220  92  0.0000  0.0000 16.1088
228  92  0.0000  0.0000 11.1304
236  92  0.0000  0.0000 11.1304
244  92  0.0000  0.0000  0.0000
252  92  0.0000  0.0000 11.1304
260  92  0.0000  0.0000  0.0000
268  92  0.0000  0.0000  0.0000
276  92  0.0000  0.0000 11.1304
284  92 -0.5000  0.0000  8.8276
292  92  0.0000  0.0000  0.0000
  4 100  0.0000  0.0000 16.1088
 12 100  0.0000 -0.5000  8.8276
 20 100  0.1960 -0.5000 11.1304
 28 100  0.0000  0.0000  0.0000
 36 100  0.0000  0.0000  0.0000
 44 100  0.0000  0.0000 11.9011
 52 100  0.0000  0.0000 11.1304
 60 100  0.0391  2.5000  9.3822
 68 100  0.0000  0.0000  0.0000
 76 100  0.0000  0.0000  0.0000
 84 100  0.0000  0.0000  0.0000
 92 100  0.1841 -0.0418 12.3683
100 100  0.0000  0.0000 20.7059
108 100  0.0000  0.0000  0.0000
116 100  0.0000  0.0000 22.2609
124 100     NaN  0.0000 17.0667
132 100  0.0000  0.0000 16.1088
140 100  0.0000  0.0000 11.1304
148 100  0.0000  0.0000  0.0000
156 100  0.0000  0.0000 11.1304
164 100  0.0000  0.0000  0.0000
172 100  0.0000  0.0000  0.0000
180 100  0.0000  0.0000  0.0000
188 100  0.0000  0.0000  0.0000
196 100  0.0000  0.0000  0.0000
204 100  0.0000  0.0000  0.0000
212 100  0.0000  0.0000  0.0000
220 100  0.0000  0.0000  0.0000
228 100  0.0000  0.0000 13.5576
236 100  0.0000  0.0000 11.1304
244 100 -0.3145  0.0000  9.1653
252 100  0.0000  0.0000 12.0628
260 100  0.0000  0.0000 11.1304
268 100  0.0000  0.0000  0.0000
276 100  0.0000  0.0000 11.1304
284 100  0.0000  0.0000 11.1304
292 100  0.0000  2.5000  8.8276
  4 108  0.0329  0.0831 15.6407
 12 108  0.0000  0.0000  8.4768
 20 108 -0.0418  0.1521 12.6567
 28 108  0.0000  0.0000  0.0000
 36 108  0.0418 -0.1521 12.6567
 44 108  0.0000  0.0000  0.0000
 52 108  0.0000 -0.2904 12.4807
 60 108  1.1733  0.0000  8.5333
 68 108  0.0000  0.0000  0.0000
 76 108  0.0000  0.0000  0.0000
 84 108  0.0000  2.5000  8.8276
 92 108 -0.5000  0.0000  8.8276
100 108  0.3468  2.5000 10.2045
108 108  2.5000  0.0000  8.8276
116 108  0.0000  0.0000  9.2850
124 108 -0.0534 -0.1154 11.9220
132 108  0.0000  0.0000 11.1304
140 108  0.0000  0.0000 16.1088
148 108  0.0000  0.0000 11.1304
156 108  0.0000  0.0000  8.2581
164 108  0.0000  0.0000  0.0000
172 108  0.0000  0.0000  0.0000
180 108  0.0000  0.0000  0.0000
188 108  0.0000  0.0000 11.1304
196 108  0.0000  0.0000  0.0000
204 108  0.0000  0.0000  0.0000
212 108  0.0000  0.0000  0.0000
220 108  0.0000  0.0000  0.0000
228 108  0.0000  0.0000 11.1304
236 108  0.0000  0.0000  0.0000
244 108 -0.1562  0.0353  6.4680
252 108  0.3690 -2.1858  5.9933
260 108 -0.1960  2.5000 11.1304
268 108  0.0000  0.0000 13.6955
276 108 -0.3145  0.0264 11.0777
284 108  0.0000  0.0000 11.1304
292 108  0.0000  0.0000  0.0000
  4 116 -0.2414  0.0000 11.1304
 12 116  0.0000 -0.1500  7.8528
 20 116  0.1796  0.3984  6.1974
 28 116  0.1196 -0.0161 11.3399
 36 116 -0.3115  0.6945  8.9441
 44 116  0.0000 -0.0855 10.6035
 52 116 -1.3070 -0.0337 12.4709
 60 116  0.0000  0.0000 11.1304
 68 116  0.0000  0.0000  0.0000
 76 116  0.0000  0.0000  0.0000
 84 116  0.0000  0.0000 12.0455
 92 116  0.5000  0.0000  8.4768
100 116  0.0000  0.0000 13.5576
108 116  0.0000  0.0000 16.1088
116 116  0.0000  0.0000 16.1088
124 116 -0.1841  0.0418 12.3683
132 116 -0.5000  0.1588 10.5785
140 116  1.3070  0.0337 12.4709
148 116  0.0000  0.0000 11.1304
156 116  0.0000  0.0000 16.1088
164 116  0.0000  0.0000 16.1088
172 116 -0.5000  0.0000  8.8276
180 116  2.5000  0.0000  8.8276
188 116  0.0000  0.0000  0.0000
196 116  0.0000  0.0000  0.0000
204 116  0.0000  0.0000  0.0000
212 116  0.0000  0.0000  0.0000
220 116  0.0000  0.0000  0.0000
228 116  0.0000  0.0000 11.1304
236 116  4.5000  4.5000  4.0635
244 116  0.0000  0.0000  0.0000
252 116  0.0000  0.0000  0.0000
260 116  0.0000  0.0000  0.0000
268 116  0.0000  0.0000 17.2183
276 116  0.0000  0.0000  0.0000
284 116  0.0000  0.0000  0.0000
292 116  0.0000  0.0000  0.0000
  4 124 -0.2743 -0.0236 10.8782
 12 124 -0.4043 -0.4043  8.0000
 20 124  0.0000  0.0000 16.1088
 28 124 -0.1798  0.0246 17.0238
 36 124 -0.0136  0.1807  7.9395
 44 124  0.0000  0.0000  0.0000
 52 124  0.0000  0.0000 11.1304
 60 124  0.0000  0.0000  0.0000
 68 124  0.0000  0.0000  0.0000
 76 124  0.0000  0.0000 16.1088
 84 124 -0.4043 -0.4043  8.0000
 92 124  0.0000  0.0000  0.0000
100 124  0.0000  0.0000 17.0667
108 124  2.5000  0.0000  8.8276
116 124  0.0000  0.0000 20.7059
124 124 -1.3070 -0.0337 12.4709
132 124  0.0000  0.0000 11.1304
140 124  0.0000  0.0000  0.0000
148 124  0.0000  0.0000  0.0000
156 124  0.0000  0.0000  0.0000
164 124  0.0000  0.0000 11.1304
172 124 -2.3677  0.1145 12.8207
180 124 -0.5000  0.0000  8.8276
188 124  0.0000  0.0000 16.1088
196 124  0.0000  0.0000 16.1088
204 124  0.0000  0.0000 11.1304
212 124  0.0000  0.0000  0.0000
220 124  0.0000  0.0000  0.0000
228 124  0.1313  0.0812 16.9211
236 124  0.0000  0.0000 11.9011
244 124 -0.5000  0.0000  8.8276
252 124  0.0000  0.0000  0.0000
260 124  0.0000  0.0000  0.0000
268 124  0.0000  0.0000 19.1045
276 124 -2.5000  0.0000 11.1304
284 124  2.5000  0.0000  8.8276
292 124 -0.5000  0.0000  8.8276
  4 132  0.0000  0.0000 16.1088
 12 132  0.0000  0.0000 11.1304
 20 132  0.0000  0.0000  0.0000
 28 132  0.0000  0.0000 16.1088
 36 132 -0.2220  0.1529  9.0549
 44 132  0.0000  0.0000  0.0000
 52 132  0.0000  0.0000  0.0000
 60 132  0.0000  0.0000  0.0000
 68 132  0.1203     NaN  5.4468
 76 132 -0.0418  0.1521 12.6567
 84 132  0.0000  0.0000  0.0000
 92 132  0.0000  0.0000  0.0000
100 132  0.0000  0.0000 17.2183
108 132  0.0000  0.0000  0.0000
116 132  0.0000  0.0000 19.1045
124 132  0.0000  0.0000 11.1304
132 132  0.0000  0.0000 11.1304
140 132  0.0000  0.0000  0.0000
148 132  0.0000  0.0000 11.1304
156 132  0.0000  0.0000  0.0000
164 132  0.0170 -0.1037  9.7901
172 132  0.0000  0.0000 11.1304
180 132  0.0000 -2.0000 11.1304
188 132 -0.2875  0.1417 10.3838
196 132  0.0000  0.0000 12.0628
204 132  0.0000  2.5000  8.8276
212 132  0.0000  0.0000 20.7059
220 132  0.0000  0.0000 12.0628
228 132  2.5000  0.0000  8.8276
236 132  0.0000  0.0000  0.0000
244 132  0.0000  0.0000 12.0628
252 132  0.0000  0.0000  0.0000
260 132  0.0000  0.0000  0.0000
268 132  0.0000  0.0000  0.0000
276 132  0.0000  0.0000  0.0000
284 132  0.0000  0.0000 11.1304
292 132  0.0000  0.0000  0.0000
  4 140  0.0000  0.0000  0.0000
 12 140  0.0000  0.0000 16.1088
 20 140  2.5000  0.0000  8.8276
 28 140 -0.5000  0.0000  8.8276
 36 140  0.0000  2.5000 12.0628
 44 140  0.0000  0.0000  0.0000
 52 140  0.0000  0.0000  0.0000
 60 140  0.0000  0.0000  0.0000
 68 140  0.0000  2.5000  8.8276
 76 140  1.5000  0.0000  8.2581
 84 140  0.0000  0.0000  0.0000
 92 140  0.0000 -0.5000  8.8276
100 140 -0.5000  0.0000  8.8276
108 140  0.0000  0.0000 11.1304
116 140 -0.1063  0.0000  6.9728
124 140  0.0000  0.0000  0.0000
132 140 -0.1276 -0.3321 10.3409
140 140  0.0000  0.0000  0.0000
148 140  0.0000  0.0000  0.0000
156 140  1.0000 -0.2638  7.7264
164 140  0.0000  0.0000 17.2183
172 140  0.0000  0.0000 11.1304
180 140  0.0000  0.0000 16.1088
188 140  0.0000  0.0000  0.0000
196 140  0.1174 -4.1710 14.6131
204 140  0.0000  0.0000  0.0000
212 140  0.5000  0.0000 11.1304
220 140  0.0000  0.0000  0.0000
228 140  0.0000  0.0000  0.0000
236 140  0.0000  0.0000  0.0000
244 140  0.0000  0.0000 19.4783
252 140  0.0000  0.1960 11.1304
260 140  2.5000  0.1588 10.5785
268 140  0.0000  0.0000 16.1088
276 140  0.0000  0.0000  0.0000
284 140  0.0000  0.0000  0.0000
292 140  0.0000  0.0000 11.1304
  4 148  0.0000  0.0000 19.1045
 12 148  0.1151  0.1151 16.5161
 20 148  0.0000  0.0000  0.0000
 28 148 -0.1960  0.0000 11.1304
 36 148  2.5000  0.0000  8.8276
 44 148  0.0000  0.0000  0.0000
 52 148  0.0000  0.0000 11.1304
 60 148  1.3070  0.0337 12.4709
 68 148  0.0000  0.0000  0.0000
 76 148  0.0000  0.0000 11.1304
 84 148  0.0000  0.0000  0.0000
 92 148  0.0000  0.0000  0.0000
100 148 -0.2769 -0.0575 10.2185
108 148  0.0000  0.0000  0.0000
116 148  0.0000  2.5000  8.8276
124 148  2.8270 -0.5000 10.6035
132 148  0.0610 -0.5000  7.7665
140 148  0.0000  0.0000  0.0000
148 148  0.0000  0.0000  0.0000
156 148 -0.5000  0.1067  7.3143
164 148  0.0000  2.5000  8.8276
172 148  0.0000  0.0000  0.0000
180 148  0.0000  0.0000  0.0000
188 148  0.0000  0.0000 16.1088
196 148  0.0000  0.0000  0.0000
204 148  0.0000  0.0000 20.7059
212 148  0.0000  0.0000  0.0000
220 148  0.0000  0.0000  0.0000
228 148  0.0000  0.0000  0.0000
236 148  0.0000  0.0000 11.1304
244 148  0.0000  0.0000  0.0000
252 148  0.0000  0.0000 11.1304
260 148  0.0000  0.0000 16.1088
268 148 -0.5000 -0.0391  9.3822
276 148  0.0000  0.0000  0.0000
284 148  0.0000  0.0000  0.0000
292 148  0.0000  0.0000  0.0000
  4 156  0.0000  0.0000 11.1304
 12 156  0.0000  0.0000 16.1088
 20 156  0.0000  0.0000  0.0000
 28 156 -0.2780 -0.1270 13.3759
 36 156  0.0000  0.0000 11.1304
 44 156  0.0000  0.0000  0.0000
 52 156  0.0000  0.0000 16.1088
 60 156  0.0000  0.0000  0.0000
 68 156  0.0000  0.0000 11.1304
 76 156  0.0000  2.5000  8.8276
 84 156  0.0000  0.0000  0.0000
 92 156  0.0000  0.0000  0.0000
100 156  0.0000  0.0000 12.0628
108 156  0.5000  0.0000 11.1304
116 156  0.0000  0.0000  0.0000
124 156 -0.3468  2.5000 10.2045
132 156 -0.1960  0.0000 11.1304
140 156  0.0000  0.0000  0.0000
148 156  0.0000  0.0000  0.0000
156 156  0.0000  0.0000  8.2581
164 156  0.0000  0.0000 11.1304
172 156  0.0000  0.0000  0.0000
180 156  0.0000  0.0000  0.0000
188 156 -0.0698  0.2911 10.5124
196 156  0.0000  0.0000  0.0000
204 156  0.0000  0.0000  0.0000
212 156  0.0000  0.0000  0.0000
220 156  0.0000  0.0000  0.0000
228 156  0.0000  0.0000  0.0000
236 156  0.0000  0.0000  0.0000
244 156  0.0000  0.0000  0.0000
252 156  0.0000  0.0000  0.0000
260 156  0.0000  0.0000 11.1304
268 156 -2.6275  0.1048 13.8378
276 156  0.0000  0.0000  0.0000
284 156  0.0000  0.0000 11.1304
292 156  0.0000  0.0000 11.1304
  4 164  0.0000  0.0000 11.1304
 12 164  0.0000  0.0000 11.1304
 20 164  0.0000  0.0000  0.0000
 28 164  0.0000  0.0000 16.1088
 36 164  0.0418 -0.1521 12.6567
 44 164  0.0000  0.0000  0.0000
 52 164  0.0913  0.2044 18.7317
 60 164 -5.1096 -0.2402 12.8000
 68 164  0.0000  0.0000 16.1088
 76 164  0.0000  0.0000 11.1304
 84 164  0.0000  0.0000 11.1304
 92 164  0.0000  0.0000  0.0000
100 164  0.0000  0.0000 16.1088
108 164  0.0000  0.0000 16.1088
116 164  0.0000  0.0000 12.0628
124 164  0.1099  0.1913 11.2281
132 164  1.5000  0.0000  8.2581
140 164  0.0000  0.0000  0.0000
148 164  0.0000  0.0000  0.0000
156 164 -0.5000  0.0000  8.2581
164 164 -0.1760  0.0000 15.0588
172 164  0.0000 -0.5000  8.8276
180 164  0.0000  0.0000  0.0000
188 164 -0.1696  0.0000 12.5902
196 164  0.0000  0.0000  0.0000
204 164  0.0000  0.0000  0.0000
212 164  0.0000  0.0000  0.0000
220 164  0.0000  0.0000  0.0000
228 164 -0.5000  4.5000  4.0635
236 164  0.0000  0.0000  0.0000
244 164  0.0000  0.0000  0.0000
252 164  0.0000  0.0000  0.0000
260 164  0.0000  0.0000 11.1304
268 164  0.0000  0.0000  0.0000
276 164  0.0000  0.0000  0.0000
284 164  0.0000  0.0000  0.0000
292 164  0.0000  0.0000  0.0000
  4 172  0.0000  0.0000  0.0000
 12 172  0.0000  0.0000 16.1088
 20 172  0.0000  0.0000 16.1088
 28 172  0.0000  0.0000 16.1088
 36 172  0.0000  0.0000  0.0000
 44 172  0.0000  0.0000 16.1088
 52 172  0.0000  0.0000  0.0000
 60 172  0.0000  0.0000 16.1088
 68 172  0.0000  0.0000 22.2609
 76 172  0.0000  0.0000 16.1088
 84 172  0.0000  0.0000 11.1304
 92 172  0.0000  0.0000 16.1088
100 172  0.0000  0.0000  7.1954
108 172  0.0000  0.0000  6.6263
116 172  0.0502  0.0404  7.6783
124 172 -0.5000  0.0000 11.1304
132 172  0.0000  0.0000 11.1304
140 172  0.0000  0.0000  0.0000
148 172  0.0000  0.0000  0.0000
156 172  0.0000  0.0000 16.1088
164 172  0.0000  0.0000 16.1088
172 172  0.0000  0.0000 11.1304
180 172  0.0000  0.0000 11.1304
188 172  0.0000  0.0000 12.0628
196 172  0.0000  0.0000  0.0000
204 172  0.0000  0.0000  0.0000
212 172  0.0000  0.0000  0.0000
220 172  0.0000  0.0000  0.0000
228 172  0.0000  0.0000  0.0000
236 172  0.0000  0.0000  0.0000
244 172  0.0000  0.0000  0.0000
252 172  0.0000  0.0000  0.0000
260 172  0.0000  0.0000  0.0000
268 172  0.0000  0.0000  0.0000
276 172  0.0000  0.0000  0.0000
284 172  0.0000 -2.5000 11.1304
292 172  2.5000  0.0000  8.8276
  4 180  0.0000  0.0000 11.1304
 12 180  0.0000  0.0000 11.1304
 20 180 -1.2422 -0.5000  7.7476
 28 180  0.0000  0.0000  0.0000
 36 180 -2.5000  0.0000 11.1304
 44 180  0.1960 -0.5000 11.1304
 52 180  0.0000  0.0000 16.9590
 60 180  0.0000  0.0000 11.1304
 68 180  0.0000  0.0000 16.1088
 76 180  0.0000  0.0000  0.0000
 84 180  0.0000  2.5000  8.8276
 92 180  0.0000  0.0000 11.1304
100 180  0.0000  0.0000  6.0522
108 180  0.0000  0.0000  6.8184
116 180  0.0035  0.0502  5.8128
124 180  0.0000  0.0000  0.0000
132 180  0.0000  0.0000  0.0000
140 180  0.0000  0.0000 12.0455
148 180  0.0000  0.0000 11.1304
156 180  0.0000  0.0000 16.1088
164 180  0.0000  0.0000 11.1304
172 180  0.0000  0.0000  0.0000
180 180  0.0000  0.0000  0.0000
188 180  0.1960  0.0000 11.1304
196 180  0.0000  0.0000  0.0000
204 180  0.0000  0.0000  0.0000
212 180  0.0000  0.0000  0.0000
220 180  0.0000  0.0000  0.0000
228 180  0.0000  0.0000  0.0000
236 180  0.0000  0.0000  0.0000
244 180  0.0000  0.0000  0.0000
252 180  0.0000  0.0000  0.0000
260 180  0.0000  0.0000  0.0000
268 180  0.0000  0.0000  0.0000
276 180  0.0000  0.0000  0.0000
284 180  0.0000  0.0000 11.1304
292 180  4.5000 -0.5000  4.0635
  4 188  0.0000  0.0000 11.1304
 12 188 -0.1113 -1.6014 11.9803
 20 188  0.0000  0.0000 11.1304
 28 188  0.0000  0.0000 11.1304
 36 188  0.0000  0.0000 11.1304
 44 188 -1.1838 -0.5000  7.5779
 52 188  0.0000  0.0000 16.1088
 60 188  0.0000  0.0000  0.0000
 68 188  0.0000  0.0000 12.0628
 76 188  0.0000  0.0000 11.1304
 84 188  0.0000  0.0000  0.0000
 92 188  0.0000  0.0000  0.0000
100 188  0.0000  0.0000  0.0000
108 188  0.0000  0.0000  8.0000
116 188  0.0000  0.0000 11.1304
124 188  1.2330 -0.1092  8.7480
132 188  2.5000  0.0000  8.8276
140 188  0.0000  0.0000 20.7059
148 188  0.0000  0.0000  0.0000
156 188  0.0000  0.0000  0.0000
164 188  0.0000  0.0000 11.1304
172 188  0.0000  0.0000  0.0000
180 188  0.0000  0.0000  0.0000
188 188  1.5000  0.0000  8.2581
196 188  0.0000  0.0000 11.1304
204 188  0.0000  0.0000  0.0000
212 188  0.0000  0.0000  0.0000
220 188  0.0000  0.0000  0.0000
228 188  0.0000  0.0000  0.0000
236 188  0.0000  0.0000  0.0000
244 188  0.0000  0.0000  0.0000
252 188  0.0000  0.0000  0.0000
260 188  0.0000  0.0000  0.0000
268 188  0.0000  0.0000  0.0000
276 188  0.0000  0.0000  0.0000
284 188  0.0000  0.0000 16.1088
292 188  2.5000  0.0000  8.8276
  4 196  0.0000  0.0000 11.1304
 12 196 -0.5000  0.0000 11.1304
 20 196  0.0000  0.0000 16.1088
 28 196  0.0000  0.0000 16.1088
 36 196  0.0000  0.0000 11.1304
 44 196 -0.1960 -0.5000 11.1304
 52 196  0.0000  2.5000  8.8276
 60 196  0.0000  0.0000  8.0000
 68 196  0.0000  0.0000 19.4783
 76 196  0.0000  0.0000 11.1304
 84 196  0.0000  0.0000  0.0000
 92 196  0.0000  0.0000 11.1304
100 196  0.0000  0.0000 16.1088
108 196  0.0000  0.0000 16.1088
116 196  0.0000  0.0000 11.1304
124 196  0.0000  0.0000  8.2581
132 196  0.0000  0.0000  0.0000
140 196 -0.1050  2.5000  6.8903
148 196  0.0000  0.0000  0.0000
156 196  0.0000  0.0000 11.1304
164 196  0.0000  0.0000 12.0455
172 196  0.0000  0.0000 11.1304
180 196  0.0000  0.0000  0.0000
188 196  0.0000  0.0000 11.1304
196 196  0.0000  0.0000 16.1088
204 196  0.0000  0.0000 11.1304
212 196  0.0000  0.0000 11.1304
220 196  0.0000  0.0000  0.0000
228 196  0.0000  0.0000  0.0000
236 196  0.0000  0.0000  0.0000
244 196  0.0000  0.0000  0.0000
252 196  0.0000  0.0000  0.0000
260 196  0.0000  0.0000  0.0000
268 196  0.0000  0.0000  0.0000
276 196 -1.5000  0.0000  8.2581
284 196  1.3070  0.0337 12.4709
292 196 -0.5000  0.0000  8.8276
  4 204  0.0000  0.0000  0.0000
 12 204  0.0000  0.0000 19.1045
 20 204  0.0000  0.0000 11.1304
 28 204  0.0000  0.0000  0.0000
 36 204  0.0000  0.0000  0.0000
 44 204  0.0000  0.0000 11.1304
 52 204  2.5000  0.0000  8.8276
 60 204  0.0544  0.1038 11.8098
 68 204  0.0000  0.0000  0.0000
 76 204  0.0000  0.0000  0.0000
 84 204  0.0000  0.0000 11.1304
 92 204  0.0000  0.0000  0.0000
100 204  0.0000  0.0000  8.2581
108 204  0.0000  0.0000 11.1304
116 204  4.5000  0.1174 13.8795
124 204 -0.1050  2.5000  6.8903
132 204     NaN  0.0000  5.4468
140 204 -1.5000  0.0000  8.2581
148 204  0.0000  0.0000  0.0000
156 204  0.0000  0.0000 11.1304
164 204  0.0000  0.0000 12.0455
172 204  0.0000  0.0000  0.0000
180 204  2.5000  0.0000  8.8276
188 204  0.0000  0.0000  0.0000
196 204  0.0000  0.0000 16.1088
204 204  0.0000  0.0000 19.1045
212 204  0.0000  0.0000 11.1304
220 204  0.0000  0.0000 11.1304
228 204  0.0000  0.0000  0.0000
236 204  0.0000  0.0000  0.0000
244 204  0.0000  0.0000  0.0000
252 204  0.0000  0.0000 11.1304
260 204  0.0000  0.0000  0.0000
268 204  0.0000  0.0000 11.1304
276 204  0.0000  0.0000  0.0000
284 204  1.1838 -0.5000  7.5779
292 204  0.0000  0.0000  0.0000
  4 212  0.0000  0.0000  0.0000
 12 212 -0.1912  0.0000 12.4272
 20 212  2.5000  0.0000 11.1304
 28 212  0.0000  0.0000 11.1304
 36 212 -0.5000 -0.5000  4.0635
 44 212  0.0000  0.0000  0.0000
 52 212  0.0000  0.0000  0.0000
 60 212  0.0000  0.0000 16.1088
 68 212  0.0000  0.0000 16.1088
 76 212  0.0000  0.0000  0.0000
 84 212  0.0000  0.0000 11.1304
 92 212  0.0000  0.0000 11.1304
100 212  0.0000  0.0000  0.0000
108 212  0.0698 -0.2911 10.5124
116 212 -0.2011 -0.1988 14.8099
124 212 -1.5000  0.0000  8.2581
132 212  0.0000  0.0000  0.0000
140 212  0.0000  0.0000  0.0000
148 212  0.0000  0.0000  0.0000
156 212  0.0000  0.0000  0.0000
164 212 -0.0418 -0.1521 12.6567
172 212  0.0000 -0.5000  8.8276
180 212  0.0000  0.0000  0.0000
188 212  0.0000  0.0000  0.0000
196 212  0.0000  0.0000  0.0000
204 212  0.0000  0.0000 16.1088
212 212  0.0000  0.0000  0.0000
220 212  0.0000  0.0000  0.0000
228 212  0.0000  0.0000  0.0000
236 212  0.0000  0.0000 11.1304
244 212  0.0000  0.0000 11.1304
252 212  0.0000  0.0000 16.1088
260 212  0.0000  0.0000  0.0000
268 212  1.5000  0.0000  8.2581
276 212  2.5000  0.3468 10.2045
284 212 -0.5000  0.0000  8.8276
292 212  0.0000  0.0000  0.0000
  4 220  0.0000  0.0000  0.0000
 12 220  1.1838 -0.5000  7.5779
 20 220  0.0000  0.0000  0.0000
 28 220  0.0000  0.0000  0.0000
 36 220  0.0000  0.0000  0.0000
 44 220  0.0000  0.0000  0.0000
 52 220  0.0000  0.0000 16.1088
 60 220 -0.5000  0.0000  8.8276
 68 220  0.0000  0.0000  0.0000
 76 220  0.0000  0.0000  0.0000
 84 220  0.0000  0.0000  0.0000
 92 220  0.0000  0.0000 19.1045
100 220  2.5000  0.0000  8.8276
108 220  0.0000  0.0000  0.0000
116 220 -0.1760  0.0000 15.0588
124 220  0.0000  0.0000 11.1304
132 220  0.0000  0.0000 11.1304
140 220  0.0000 -3.2840  9.2850
148 220  0.0000  0.0000 11.1304
156 220  0.0000  0.0000  0.0000
164 220  0.0000  0.0000 12.0628
172 220  0.0000  0.0000  0.0000
180 220  0.0000  0.0000  0.0000
188 220  0.0000  0.0000  0.0000
196 220  0.0000  0.0000  0.0000
204 220  0.0000  0.0000 11.1304
212 220 -0.5000  0.0000 11.1304
220 220  0.0000  0.0000  0.0000
228 220  0.0000  0.0000  0.0000
236 220  0.0000  0.0000  0.0000
244 220  0.0000  0.0000  0.0000
252 220  0.0000  0.0000  0.0000
260 220  0.0000  0.0000 11.1304
268 220  1.5000  0.0000  8.2581
276 220  0.0000  0.0000  0.0000
284 220  0.0000  0.0000  0.0000
292 220  0.0000  0.0000  0.0000
