VARIABLES= "X pix", "Y pix", "U pix/dt", "V pix/dt", "CHC", ZONE I=28, J=37
  4   4  0.0000  0.0000 10.6915
 12   4  0.0000  0.0000 11.9577
 20   4  0.0000  0.0000 10.9708
 28   4  0.0000  0.0570 11.2869
 36   4  0.0527  0.0137 10.9645
 44   4  0.0000 -0.0145 11.0935
 52   4  0.0000  0.0000 11.1505
 60   4  0.0523 -0.0300 10.8743
 68   4  0.0000 -0.0064 10.9361
 76   4 -0.0115 -0.0024 11.0191
 84   4  0.0033 -0.0025 11.8338
 92   4 -0.0010  0.0307 11.1191
100   4 -0.0016 -0.0047 12.2700
108   4  0.0000  0.0181 11.3868
116   4  0.0000  0.0000 11.8710
124   4  0.0092  0.0028 11.1351
132   4  0.0093  0.0113 11.0928
140   4  0.0000  0.0081 11.8081
148   4  0.0000  0.0000 11.7754
156   4  0.0000  0.0000 11.9483
164   4  0.0000  0.0000 11.7754
172   4  0.0000  0.0000 10.9371
180   4  0.0000  0.0000 11.7754
188   4 -0.0036  0.0026 11.9252
196   4 -0.0018 -0.0143 11.8847
204   4  0.0000  0.0000 11.7754
212   4 -0.0415 -0.0322 12.4023
220   4 -0.0113 -0.0053 12.0130
228   4 -0.0441  0.0212 10.1131
236   4  0.0000  0.0000 10.2189
244   4 -0.0981 -0.0251 10.0831
252   4 -0.0992  0.0015 10.9532
260   4  0.0529  0.0163 10.7550
268   4  0.0000  0.0000 12.7577
276   4  0.0000 -0.0675 13.4737
284   4  0.0000 -0.0353 12.5384
292   4 -0.0058 -0.0462 13.0085
  4  12  0.1779 -0.1331 11.7686
 12  12 -0.0233  0.1531 12.3670
 20  12  0.0000  0.0000 10.1857
 28  12  0.0000  0.0000 13.6988
 36  12 -0.0793 -0.3119  8.5295
 44  12  0.0410  0.0127  9.3555
 52  12 -0.0567  0.0102 21.8198
 60  12  0.0000  0.0000 12.5560
 68  12 -0.0259  0.0791 18.0797
 76  12 -0.0036 -0.0314 10.7637
 84  12  0.1231 -0.1433  8.6502
 92  12  0.0000  0.0000  8.1560
100  12 -0.0646  0.1725  9.0025
108  12  0.0000  0.0000  8.6142
116  12 -0.0028 -0.0919 10.1985
124  12  0.0000  0.0000 11.2680
132  12  0.0000  0.0000 11.3841
140  12  0.0468 -0.0046 11.7252
148  12  0.0000  0.0000  9.9740
156  12  0.0000  0.0000 11.4382
164  12  0.0000  0.0000 12.4626
172  12  0.0000 -0.0105  9.0399
180  12  0.0000  0.0000 10.4144
188  12  0.0144  0.1417  8.5706
196  12  0.0886  0.1428  9.8043
204  12  0.0151  0.0459 10.7888
212  12  0.0000  0.0000 15.1758
220  12 -0.0763  0.0512 13.3361
228  12  0.0000  0.0000 13.0402
236  12  0.0000  0.0000  9.2850
244  12  0.0000  0.0244 10.6350
252  12  0.0000  0.0000  8.2793
260  12 -0.0166  0.1632 11.1751
268  12  0.0000  0.0000 10.9999
276  12  0.1441 -0.2334  7.9260
284  12  0.0116  0.1181  7.5502
292  12  0.0085  0.0742  7.9372
  4  20 -0.0047 -0.0364 13.6404
 12  20  0.0000 -0.0032 13.9060
 20  20  0.0082  0.0242 13.0319
 28  20  0.0400  0.0159 11.4334
 36  20  0.0000  0.0000 10.8049
 44  20  0.0000  0.0000 10.0028
 52  20  0.0232 -0.0055 10.7198
 60  20  0.0000  0.0000 14.3218
 68  20  0.0000  0.0000 12.8622
 76  20  0.0373  0.0037 10.5386
 84  20  0.0000  0.0000 11.6152
 92  20  0.0000  0.0000  9.2242
100  20  0.0313 -0.0118 14.1917
108  20  0.0000  0.0000 14.0832
116  20 -0.0100  0.0203 15.1081
124  20  0.0152  0.0188 14.8121
132  20  0.0000  0.0020 14.4431
140  20  0.0222  0.0040 14.7169
148  20  0.0000  0.0000 13.8304
156  20  0.0005 -0.0120 13.5120
164  20  0.0031 -0.0055 12.6426
172  20 -0.0032  0.0025 21.0742
180  20  0.0000  0.0000 17.0144
188  20  0.0374 -0.0417 18.7523
196  20  0.0006  0.0017 19.1683
204  20  0.0051  0.1165 23.8811
212  20 -0.1591  0.0115 19.9640
220  20 -0.0217  0.0188 11.3380
228  20  0.0446  0.0288  7.5294
236  20  0.1609  0.0544 14.8266
244  20 -0.0061 -0.0112 20.3175
252  20  0.0000  0.0000 11.8103
260  20  0.0745  0.1707  8.6780
268  20  0.0162  0.0369 11.5837
276  20  0.0052 -0.0648 20.0251
284  20 -0.0262 -0.0032 14.6157
292  20 -0.0064  0.0000 17.4964
  4  28 -0.0109 -0.0006  9.2425
 12  28  0.0575 -0.0248 10.1804
 20  28  0.0108 -0.0056 11.7468
 28  28  0.0000  0.0000 10.7057
 36  28  0.0155  0.0013 10.5503
 44  28 -0.0072 -0.0011 10.2918
 52  28  0.0014  0.0010 10.5845
 60  28  0.0000  0.0000  9.7016
 68  28  0.0334  0.0003 10.4643
 76  28  0.0112  0.0132  9.9899
 84  28  0.0000  0.0000  9.5225
 92  28 -0.0016 -0.0021  9.2447
100  28 -0.0171  0.0073 12.8713
108  28  0.0000  0.0000 12.6657
116  28  0.0000  0.0000  8.5479
124  28  0.0218 -0.0283  9.0514
132  28  0.0012 -0.0027  8.0626
140  28 -0.0003  0.0019  8.7025
148  28  0.0046  0.0003  9.1445
156  28 -0.0025 -0.0527 17.6250
164  28  0.0494 -0.0264 14.7675
172  28  0.0160 -0.0014 23.8941
180  28  0.0066  0.0016 20.1533
188  28  0.0000  0.0000 10.4932
196  28  0.0023 -0.0000  8.6579
204  28  0.0043  0.0053  8.7437
212  28  0.0057  0.0012  9.3115
220  28  0.0000  0.0000  9.2832
228  28 -0.0035 -0.0164  8.8918
236  28  0.0000  0.0000  8.6954
244  28  0.0000  0.0000  8.8264
252  28  0.0000  0.0000 11.0461
260  28  0.0000  0.0000 13.5316
268  28 -0.0004 -0.0085 13.6300
276  28  0.0094  0.0019 22.9699
284  28  0.0018 -0.0093 12.8065
292  28 -0.0119 -0.0010 10.8577
  4  36  0.0000  0.0000  7.7690
 12  36  0.0273 -0.0020  6.9742
 20  36  0.0000  0.0000  6.4873
 28  36  0.1284 -0.2334  5.7367
 36  36  0.1877 -0.0056  7.4867
 44  36  0.1182  0.0642  8.1714
 52  36  0.0000  0.0000  8.2581
 60  36  0.1818 -0.0070  9.9391
 68  36  0.0388 -0.0912 10.2719
 76  36  0.0000  0.0000 12.2644
 84  36  0.0000  0.0000 11.9696
 92  36  0.0000  0.0000 10.3707
100  36  0.0000  0.0000  8.7251
108  36  0.0000  0.0000  7.3911
116  36  0.0502  0.4205  6.7351
124  36 -0.3243  0.1424  7.6040
132  36  0.0000  0.0000 11.1304
140  36  0.0000  0.0000  0.0000
148  36  0.0000  0.0000  5.6595
156  36  0.0329  0.0028 13.9489
164  36  0.0179  0.0027 14.3443
172  36  0.0135  0.0054 10.5707
180  36 -0.0189  0.0319 16.4018
188  36 -0.0174 -0.0095  7.2093
196  36  0.0913  0.0141 13.7784
204  36  0.0044 -0.1077 13.8396
212  36  0.0000  0.0000 12.2639
220  36  0.0000  0.0000 14.6166
228  36  0.0000  0.0000  8.5951
236  36  0.0000  0.0000 10.9531
244  36  0.0000  0.0000 10.8982
252  36  0.0000  0.0000  8.5951
260  36  0.0000  0.0000 10.1078
268  36 -0.0882  0.0762 12.6076
276  36 -0.0066 -0.3117  8.0757
284  36  0.0000  0.0000  9.8011
292  36  0.0000  0.0000 11.6026
  4  44  0.0000  0.0000  9.4208
 12  44  0.0000  0.0000 13.6955
 20  44  0.1354  0.0163 13.2841
 28  44  0.0640 -0.1244 12.9318
 36  44 -0.0197  0.0059 11.7088
 44  44  0.0315  0.0093 10.4336
 52  44  0.0000  0.0000  9.0038
 60  44  0.1024  0.0232  8.3788
 68  44  0.3306 -0.1570  6.3533
 76  44  0.0000  0.0000  8.9379
 84  44  0.0000  0.0000 12.0628
 92  44  0.0000  0.0000 11.1304
100  44  0.0000  0.0000 12.0455
108  44  0.0000  0.0000  0.0000
116  44  0.0000  0.0000  0.0000
124  44  0.0000  0.0000  0.0000
132  44  0.0000  0.0000  0.0000
140  44     NaN  0.0000 17.0667
148  44  0.0121  0.0064  5.7513
156  44 -0.0112  0.0020 14.4563
164  44 -0.0051 -0.0031 14.3455
172  44 -0.0063  0.0303 18.3719
180  44 -0.0107 -0.0001 15.3827
188  44 -0.0003 -0.0140  6.9797
196  44  2.1026 -0.1715  7.1442
204  44 -0.1087  0.0842  6.8733
212  44 -0.0173 -0.0513  8.8014
220  44  0.0000  0.0000  9.4135
228  44  0.0056 -0.1272 11.1139
236  44  0.0036 -0.1353 13.5285
244  44  0.0088 -0.0179 12.5766
252  44  0.0000  0.0000 16.2968
260  44  0.0000  0.0000 11.0903
268  44  0.0000  0.0000 11.0903
276  44  0.0000  0.0000 11.0903
284  44  0.0000  0.0000 11.0903
292  44  0.0000  0.0000 17.6453
  4  52  0.0000  0.0000  8.5951
 12  52  0.0000  0.0000  7.1381
 20  52 -0.3260  0.0724  7.2121
 28  52  0.0000  0.0000  0.0000
 36  52  0.0000  0.0000  0.0000
 44  52  0.0000  0.0000  0.0000
 52  52  0.0000  0.0000  0.0000
 60  52  0.0000  0.0000  0.0000
 68  52  0.0000  0.0000 11.1304
 76  52  0.0000  0.0000  0.0000
 84  52  0.1960  0.0000 11.1304
 92  52  0.0000  0.0000 11.1304
100  52  0.1556  0.0000 12.2969
108  52  0.0000  0.0000  0.0000
116  52  0.0000  0.0000  0.0000
124  52  0.0000  0.0000  0.0000
132  52  0.0000  0.0000  0.0000
140  52  1.6568 -0.1450  6.0664
148  52  0.0124  0.0151  8.0489
156  52 -0.0116  0.0068 15.2352
164  52  0.0121 -0.0023 13.6624
172  52 -0.0117  0.0019 11.3485
180  52  0.0067  0.0026 19.7742
188  52 -0.0132  0.0021  6.6608
196  52  0.0000  0.0000 19.1045
204  52 -0.0548  0.1795 19.6402
212  52 -0.2693 -0.0982  9.7086
220  52  0.0246 -0.1363 11.1785
228  52  0.2458 -0.0761 10.3704
236  52 -0.1260  0.0238 10.1509
244  52 -0.0463 -0.0521 10.8496
252  52  0.0000  0.0000 13.5573
260  52  0.1433 -0.0545 14.8722
268  52 -0.1090  0.0261  8.7691
276  52 -0.0618  0.0203 11.6014
284  52  0.1392 -0.0186 16.5919
292  52 -0.0318 -0.0058  9.1411
  4  60  0.3577  0.0000 13.4737
 12  60  0.0000  0.0000 11.1304
 20  60  0.0000  0.0000  0.0000
 28  60  0.0000  0.0000  0.0000
 36  60  0.0000  0.0000  0.0000
 44  60  0.0000  0.0000  0.0000
 52  60  0.0000  0.0000  0.0000
 60  60  0.0000  0.0000 11.1304
 68  60  0.0000  0.0000 17.0667
 76  60  0.0000  0.0000 16.1088
 84  60  0.0000  0.0000 11.1304
 92  60  0.0000  0.1957 13.0069
100  60 -0.0282 -0.0445 15.9389
108  60  2.5000  0.0000  8.8276
116  60  0.0000  0.0000  9.4208
124  60 -0.1631  0.0147 13.3694
132  60 -0.2093  0.0299 13.0089
140  60  0.0000  0.0000 12.0628
148  60  0.0000  0.0000  7.6506
156  60  0.0126  0.0073  5.7678
164  60  0.0000  0.0000  6.1289
172  60  0.0154 -0.0051  6.1738
180  60 -0.0204  0.1036  6.5681
188  60  0.0586 -0.0249  7.9094
196  60 -0.5000  0.0000  8.8276
204  60  0.0000  0.0000 11.1304
212  60  0.0000  0.0000  0.0000
220  60  0.0000  0.0000  0.0000
228  60  0.0000  0.0000  0.0000
236  60  0.0000  0.0000  0.0000
244  60  0.0000  0.0000  7.8087
252  60  0.0000  0.0000 10.8982
260  60  0.0000  0.0000  9.6997
268  60  0.0000  0.0000 10.9824
276  60  0.0000  0.0000 13.3565
284  60  0.0000  0.0000  7.8087
292  60  0.0000  0.0000 11.0903
  4  68  0.0000  0.0000 12.0628
 12  68  0.0000  0.0000  0.0000
 20  68  0.0000  0.0000  0.0000
 28  68  0.0000  0.0000 11.1304
 36  68  0.0000  0.0000  0.0000
 44  68  0.0000  0.0000 11.1304
 52  68  0.0000  0.0000 11.1304
 60  68  0.0000  0.0000 11.1304
 68  68  0.0000  0.0000  0.0000
 76  68  0.0000  0.0000 21.0318
 84  68 -0.6625 -0.0505  9.1021
 92  68 -0.2109 -0.0859 10.3020
100  68  0.0000  0.0000 13.5872
108  68  0.0000  0.0000 11.1304
116  68  0.0000  0.0000 11.1304
124  68  0.0000  0.0000 11.1304
132  68 -0.5000  0.0000  8.8276
140  68  0.0000  0.0000 11.1304
148  68  0.0000  0.0000 11.2521
156  68  0.0000  0.0000  8.4768
164  68  0.0000  0.0000 16.1088
172  68 -0.5000  0.0000  8.8276
180  68  0.0000  0.0000  9.4208
188  68  0.0000  0.0000  0.0000
196  68  0.0000  0.0000 17.0667
204  68  0.0000  0.0000  0.0000
212  68  0.0000  0.0000  0.0000
220  68  0.0000  0.0000  0.0000
228  68  0.0000  0.0000  0.0000
236  68  0.0000  0.0000  0.0000
244  68  0.0000  0.0000  0.0000
252  68  0.0000  0.0000  0.0000
260  68  0.0000  0.0000 12.0455
268  68  0.4043 -0.4043  8.0000
276  68 -0.0824 -0.2461  8.5976
284  68 -0.0845 -0.0629 14.7829
292  68  0.0000  0.0000 16.1088
  4  76  0.1063  0.0000  6.9728
 12  76  0.0000  0.0000  0.0000
 20  76  0.0000  0.0000  0.0000
 28  76  0.0000  0.0000  0.0000
 36  76  0.0000  0.0000 11.1304
 44  76 -0.1798 -0.0246 17.0238
 52  76  0.5964 -0.1889  8.7828
 60  76  0.0000  0.0000 11.1304
 68  76  0.2054  0.2694 10.5623
 76  76  0.0000  0.0000  9.2154
 84  76  0.0000  0.0000 13.4611
 92  76  0.0524  0.0311  6.5660
100  76  0.0563  0.5407  8.9043
108  76 -0.2907  0.0403 10.5761
116  76  0.0000 -0.1960 11.1304
124  76  0.0000  0.0000 11.1304
132  76  0.0000  0.0000  0.0000
140  76  0.3577 -0.5000 13.4737
148  76  0.0000  0.0000 12.8600
156  76  0.0000  0.1960 11.1304
164  76  0.0000  0.0000 11.9011
172  76  0.0000  0.0000 13.1641
180  76  0.0000  0.0000  8.0000
188  76  0.0000  0.0000  0.0000
196  76  0.0000  0.0000  0.0000
204  76  2.5000  0.1588 10.5785
212  76  0.0000  0.0000 11.1304
220  76  0.0000  0.0000  0.0000
228  76  0.0000  0.0000  0.0000
236  76  0.0000  0.0000  0.0000
244  76  0.0000  0.0000  0.0000
252  76  0.0000  0.0000  0.0000
260  76  0.0000 -0.5000  8.8276
268  76  0.0000  0.0000 19.1045
276  76  0.0000  0.0000  0.0000
284  76  0.0000  0.0000 16.1088
292  76  0.0000  0.0000  9.8462
  4  84  0.0000  0.0000 11.9011
 12  84  0.0000  0.0000 16.1088
 20  84  0.0000  0.0000  0.0000
 28  84 -0.0677  0.2414 11.7124
 36  84 -0.4526 -0.0972  8.4127
 44  84  0.5000  0.0000  9.2768
 52  84 -0.0362  0.2096 14.9958
 60  84  0.3145  0.0000  9.1653
 68  84  0.1050  2.5000  6.8903
 76  84  0.0000  0.0000  8.9561
 84  84  0.1443  0.0376  9.8065
 92  84  0.0000  1.7251  8.5018
100  84  0.0000  0.0000 13.8188
108  84  0.0000  0.1469 10.3584
116  84  0.2093 -0.0299 13.0089
124  84  0.1841  0.0418 12.3683
132  84  0.0480  0.0076 12.0923
140  84  0.0000  0.0000  9.8497
148  84  0.0000  0.0000 12.1315
156  84  0.0000  0.0000 11.1304
164  84  0.0000  0.0000  0.0000
172  84  0.0000  0.0000  0.0000
180  84  0.0000  0.0000 11.1304
188  84  0.0000  0.0000  0.0000
196  84  0.0000  0.0000  0.0000
204  84  0.0000  0.0000  0.0000
212  84  0.0000  0.0000  0.0000
220  84  0.0000  0.0000  0.0000
228  84  0.0000  0.0000 11.1304
236  84  0.0000  0.0000 11.1304
244  84  0.0000  0.0000 11.1304
252  84  0.0000  0.0000  0.0000
260  84  0.5000  0.0000 11.1304
268  84  0.0000  0.0000  0.0000
276  84  0.0000 -0.5000  8.8276
284  84  0.0000  0.0000 11.1304
292  84  0.0000  0.0000 11.1304
  4  92 -0.0101 -0.1146 17.4161
 12  92  0.0000  0.0000 11.0903
 20  92 -0.0235 -0.3939  8.7892
 28  92  0.2715  0.2760  8.5156
 36  92  0.3103 -0.3542  7.2153
 44  92  0.0000  0.0000 10.0848
 52  92  0.5000 -0.1439  8.3212
 60  92  0.0672  0.0361 14.4477
 68  92 -0.3147 -0.1030 10.3164
 76  92  0.0000  0.0000 11.1304
 84  92  0.0000  0.0000  0.0000
 92  92  0.0000  0.0000  0.0000
100  92  0.0000  0.0000  0.0000
108  92  0.1767  0.5000 13.2079
116  92  0.0000  0.0000 12.8600
124  92  0.0000  0.0000  0.0000
132  92  0.3127  0.1061  9.8739
140  92  0.0000  0.0000 12.0455
148  92  0.0000  0.0000  0.0000
156  92  0.0000  0.0000  0.0000
164  92  0.0000  0.0000  0.0000
172  92  0.0000  0.0000  0.0000
180  92  0.0000  0.0000  0.0000
188  92  0.0000  0.0000  0.0000
196  92  0.0000  0.0000  0.0000
204  92  0.0000  0.0000  0.0000
212  92  0.0000  0.0000  0.0000
220  92  0.0000  0.0000  0.0000
228  92  0.0000  0.0000  0.0000
236  92  0.0000  0.0000 16.1088
244  92  0.0000  0.0000 20.7059
252  92  0.0000  0.0000  0.0000
260  92  0.0000  0.0000  0.0000
268  92  0.0000  0.0000  0.0000
276  92  0.0000  0.0000 19.1045
284  92  0.0000  0.0000 11.1304
292  92  0.0000  0.0000  0.0000
  4 100  0.0000  0.0000 16.1088
 12 100  0.0000  0.0000  0.0000
 20 100  0.0000  0.0000 11.1304
 28 100  0.0000  0.0000  0.0000
 36 100  0.0000  0.0000 17.0667
 44 100  0.0000  0.0000 12.8600
 52 100  0.0000  0.0000 11.1304
 60 100  0.1151  0.1151 16.5161
 68 100  0.1063  0.0000  6.9728
 76 100  0.0000  0.0000  0.0000
 84 100  0.0000  0.0000 11.1304
 92 100  2.5000  0.0000  8.8276
100 100 -1.3070  0.0337 12.4709
108 100     NaN -5.1203  5.4468
116 100  0.0698 -0.2911 10.5124
124 100  0.0000  0.0000 19.1045
132 100  0.0000  0.0000 16.1088
140 100  0.0000  0.0000 11.1304
148 100  0.0000  0.0000  0.0000
156 100  0.0000  0.0000  0.0000
164 100  0.0000  0.0000  0.0000
172 100  0.0000  0.0000  0.0000
180 100  0.0000  0.0000  0.0000
188 100  0.0000  0.0000  0.0000
196 100  0.0000  0.0000  0.0000
204 100  0.0000  0.0000  0.0000
212 100  0.0000  0.0000  0.0000
220 100  0.0000  0.0000  0.0000
228 100  0.0000  0.0000 11.1304
236 100  0.4929  2.5000  5.2245
244 100  2.5000  0.0000  8.8276
252 100  0.0000  0.0000 11.1304
260 100  0.0000  0.0000  0.0000
268 100  0.0000  0.0000  0.0000
276 100  0.0000  0.0000  0.0000
284 100  0.0000  0.0000 11.1304
292 100  0.0000  0.0000  0.0000
  4 108  0.0000  0.0000 11.7732
 12 108  0.0000  0.0000  0.0000
 20 108  0.0000  0.0000 16.1088
 28 108  0.0000  0.0000  0.0000
 36 108 -0.1439  0.0853 11.4193
 44 108  0.0000  0.0000  0.0000
 52 108  0.0000  0.0000  0.0000
 60 108 -0.3095  0.2269  6.1440
 68 108  0.0000  0.0000  0.0000
 76 108  0.0000  0.0000 11.1304
 84 108  0.0000  2.5000  8.8276
 92 108  0.0000  0.0000 16.1088
100 108  0.0000  0.0000 11.1304
108 108  0.0000  0.0000 11.1304
116 108  0.0000  0.0000 10.3926
124 108  0.0000  0.0000 15.0472
132 108  0.0000  0.0000  0.0000
140 108  0.1313 -0.0812 16.9211
148 108 -0.5000  0.0000  8.8276
156 108 -0.0610 -0.5000  7.7665
164 108  0.0000  0.0000 11.1304
172 108  0.0000  0.0000  0.0000
180 108  0.0000  0.0000  0.0000
188 108  0.0000  0.0000  0.0000
196 108  0.0000  0.0000  0.0000
204 108  0.0000  0.0000  0.0000
212 108  0.0000  0.0000  0.0000
220 108  0.0000  0.0000 11.1304
228 108  0.0000  2.5000  8.8276
236 108  0.0000  0.0000 11.1304
244 108  0.0000  0.0000 11.1304
252 108  0.0000  0.0000  0.0000
260 108  0.0000  0.0000 16.7450
268 108  0.0000  0.0000 11.1304
276 108  0.0000  0.0000 13.0803
284 108  0.0000  0.0000 11.1304
292 108  0.0000  0.0000  0.0000
  4 116  0.0608 -0.0506 11.8705
 12 116  0.0000  0.0000 11.6053
 20 116  0.0000  0.0000 11.1304
 28 116 -0.0382  0.1028 16.6166
 36 116  0.0000 -0.1960 11.1304
 44 116 -0.2568  0.0627  8.5469
 52 116 -0.1935  0.5724  9.4657
 60 116  0.0000  0.0000 11.1304
 68 116  0.0000  0.0000  0.0000
 76 116  0.0000  0.0000  0.0000
 84 116  0.0755 -0.0653 11.8819
 92 116  0.5000  0.0000  8.4768
100 116  0.0000  2.5000  8.9154
108 116  0.0000 -0.5000  8.8276
116 116  0.0234 -0.1592  7.1573
124 116 -0.2227 -0.2928  8.2581
132 116  0.0000  0.0000  0.0000
140 116 -0.0698  0.2911 10.5124
148 116  0.0000  0.0000 11.1304
156 116  0.0000  0.0000 16.1088
164 116  0.0000  0.0000  0.0000
172 116  0.0000  0.0000  0.0000
180 116  0.0000  0.0000 11.1304
188 116  0.0000  0.0000  0.0000
196 116  0.0000  0.0000  0.0000
204 116  0.0000  0.0000  8.4768
212 116  0.0000  0.0000 11.1304
220 116  0.0000  0.0000  0.0000
228 116  2.5000  0.0000  8.8276
236 116 -0.5000  0.0000  8.8276
244 116  0.0000  0.0000  0.0000
252 116  0.0000  0.0000  0.0000
260 116  0.0000  0.0000  0.0000
268 116  0.1215  0.1200 17.1775
276 116  0.0000  0.0000  0.0000
284 116  0.0000  0.0000  0.0000
292 116  0.0000  0.0000  0.0000
  4 124  0.0000  0.0000 12.0455
 12 124 -0.2414  0.0000 11.1304
 20 124  0.0000  0.0000 11.1304
 28 124  0.0000  0.0000 16.1088
 36 124 -0.1050  2.5000  6.8903
 44 124  0.0000  0.0000  0.0000
 52 124  0.0000  0.0000 11.1304
 60 124  0.0000  0.0000 11.1304
 68 124  0.0000  0.0000  0.0000
 76 124  0.0000  0.0000 14.5615
 84 124  0.0000  0.0000 16.1088
 92 124  0.0000  0.0000  0.0000
100 124  0.0000  0.0000  0.0000
108 124  0.0000  0.0000  0.0000
116 124  0.0000  0.0000  0.0000
124 124  0.0000  0.0000 16.1088
132 124  0.0000  0.0000 11.1304
140 124  0.0000  0.0000 16.1088
148 124  0.0000  0.0000 11.1304
156 124  0.0000  2.5000  8.8276
164 124 -0.5000  0.0000  8.8276
172 124  0.0000  0.0000  0.0000
180 124  0.0000  0.0000 16.1088
188 124  0.0000  0.0000 11.1304
196 124  0.0000  2.5000  8.8276
204 124  0.0000  0.0000 11.1304
212 124  0.0000  0.0000 12.0628
220 124  0.0000  0.0000 11.1304
228 124  0.0000  0.0000 11.1304
236 124  0.0000  0.0000 19.4783
244 124  0.0000  0.0000  8.0000
252 124  0.0000  0.0000  0.0000
260 124  0.0000  0.0000  8.0000
268 124  0.0000  0.0000 16.1088
276 124  0.0000  0.0000 11.1304
284 124  0.0000  0.0000 11.1304
292 124 -0.5000  0.0000  8.8276
  4 132  0.0000  0.0000 11.1304
 12 132  0.0000  0.0000  0.0000
 20 132  0.0000  0.0000  0.0000
 28 132  0.0000  0.0000 11.1304
 36 132  0.0000  0.0000  8.2581
 44 132  0.0000  0.0000  0.0000
 52 132  0.0000  0.0000  0.0000
 60 132  0.0000  0.0000  0.0000
 68 132  0.0000  0.0000 11.1304
 76 132 -0.0578 -0.4337  9.0220
 84 132  0.0000  0.0000  0.0000
 92 132  0.0000  0.0000  8.0000
100 132  0.1151  0.1151 16.5161
108 132  0.0000  0.0000  0.0000
116 132  0.0000  0.0000  0.0000
124 132  0.0000  0.0000 11.1304
132 132  0.0000  0.0000  0.0000
140 132  0.0000  0.0000  0.0000
148 132  0.0000  0.0000 11.1304
156 132  0.0000  0.0000  0.0000
164 132  0.0000  0.0000 12.3458
172 132  0.0000  0.0000 11.1304
180 132 -0.5000  1.8890  8.4253
188 132 -0.5000  4.5000  4.0635
196 132  0.0000  0.0000  0.0000
204 132  1.5000  0.0000  8.2581
212 132  0.0000  0.0000 22.2609
220 132  0.0000  0.0000  0.0000
228 132  0.0000  0.0000 11.1304
236 132  0.0000  0.0000  0.0000
244 132  0.0000  0.0000 19.4783
252 132  0.0000  0.0000  8.0000
260 132 -1.5000  0.0000  8.2581
268 132  0.0000  0.0000  0.0000
276 132  0.0000  0.0000  0.0000
284 132 -0.5000  0.0000  8.8276
292 132  0.0000  0.0000 16.1088
  4 140  0.0000  0.0000 11.1304
 12 140  0.0000  0.0000 11.1304
 20 140  2.5000  0.0000  8.8276
 28 140  0.0000  0.0000 16.1088
 36 140  0.0000  0.0000 11.1304
 44 140  0.0000  0.0000  0.0000
 52 140  0.0000  0.0000  0.0000
 60 140  0.0000  0.0000  0.0000
 68 140 -0.2780  0.1270 13.3759
 76 140  0.0000  0.0000 16.1088
 84 140  0.0000  0.0000  0.0000
 92 140  1.5000  0.0000  8.2581
100 140  0.0000  0.0000  0.0000
108 140  0.0000  0.0000 11.1304
116 140  0.0000  0.0000  0.0000
124 140  0.0000  0.0000 11.1304
132 140  0.0000  0.0000 11.1304
140 140  0.0000  0.0000  0.0000
148 140  0.0000  0.0000  0.0000
156 140  0.0000  0.0000  0.0000
164 140 -0.1760  0.0000 15.0588
172 140  0.0000  0.0000 11.1304
180 140  0.0000  0.0000 16.1088
188 140  0.0000  0.0000  0.0000
196 140  0.0000  0.0000 16.1088
204 140  0.0000  0.0000 11.1304
212 140  0.0000  0.0000 11.1304
220 140  0.0000  0.0000  0.0000
228 140  0.0000  0.0000  0.0000
236 140  0.0000  0.0000  0.0000
244 140  0.0000  0.0000  0.0000
252 140  4.5000  0.2391  8.2581
260 140  0.0000  0.0000 11.1304
268 140  0.0000  0.0000  0.0000
276 140  0.0000  0.0000  0.0000
284 140  0.0000  0.0000  0.0000
292 140  4.5000  4.7609  8.2581
  4 148  0.0000  0.0000 11.1304
 12 148 -0.5000  0.0000  8.8276
 20 148  0.0000  0.0000  0.0000
 28 148  0.0000  0.0000 16.1088
 36 148  0.0000  0.0000  8.0000
 44 148  0.0000  0.0000  0.0000
 52 148  0.0000  0.0000  0.0000
 60 148  0.0000  0.0000 16.1088
 68 148  0.0000  0.0000  0.0000
 76 148  0.0000  0.0000 16.1088
 84 148  0.0000  0.0000  0.0000
 92 148  2.5000  0.0000  8.8276
100 148  0.0000  0.0000 11.1304
108 148  0.0000  0.0000  0.0000
116 148  0.0000  0.0000  0.0000
124 148  0.0000  0.0000  0.0000
132 148  0.0000  0.0000  9.2850
140 148  0.0000  0.0000  0.0000
148 148  0.0000  0.0000  0.0000
156 148  0.0000  0.0000 10.9491
164 148  0.0000  0.0000 16.1088
172 148  0.0000  0.0000  0.0000
180 148  0.0000  0.0000  0.0000
188 148  0.0000  0.0000 16.1088
196 148  0.0000  0.0000 11.1304
204 148  0.0000  0.0000  0.0000
212 148  0.0000  0.0000 11.1304
220 148  0.0000  0.0000  0.0000
228 148  0.0000  0.0000 11.1304
236 148  0.0000  0.0000 11.1304
244 148  0.0000  0.0000  0.0000
252 148  0.0000  0.0000  0.0000
260 148  0.0000  0.0000 11.1304
268 148  0.0000  0.0000  0.0000
276 148  0.0000  0.0000  0.0000
284 148  0.0000  0.0000 11.1304
292 148  0.0000  0.0000  0.0000
  4 156  0.0000  0.0000 11.1304
 12 156  0.0000  0.0000  0.0000
 20 156  0.0000  0.0000  0.0000
 28 156  0.0000  0.0000 11.1304
 36 156  0.0000  0.0000  0.0000
 44 156  0.0000  0.0000  0.0000
 52 156  0.0000  0.0000 16.1088
 60 156  0.0677  0.2414 11.7124
 68 156  0.1088  0.1876 13.0169
 76 156  0.0000  0.0000 11.1304
 84 156  0.0000  0.0000  0.0000
 92 156  0.0000  0.0000 11.1304
100 156  0.0000  0.0000 11.1304
108 156  0.0000  0.0000 11.1304
116 156  0.0000  0.0955 11.7002
124 156  0.0000  0.0000  0.0000
132 156  0.0000  0.0000  9.2850
140 156  0.0000  0.0000  0.0000
148 156  0.0000  0.0000 11.1304
156 156 -0.5000 -0.2274  6.6693
164 156  0.0000  0.0000 11.1304
172 156  0.0000  0.0000  0.0000
180 156 -0.1960  2.5000 11.1304
188 156  0.0000  0.0000 19.4783
196 156 -0.2780  0.1270 13.3759
204 156  0.0000  0.0000 11.1304
212 156  0.0000  0.0000  0.0000
220 156  0.0000  0.0000 11.1304
228 156  0.0000  0.0000  0.0000
236 156  0.0000  0.0000  0.0000
244 156  0.0000  0.0000  0.0000
252 156  0.0000  0.0000  0.0000
260 156  0.0000  0.0000  0.0000
268 156  0.0000  0.0000 17.0667
276 156  0.0000  0.0000  0.0000
284 156  0.0000  0.0000  0.0000
292 156  0.0000  0.0000  0.0000
  4 164  0.0000  0.0000  0.0000
 12 164  0.0000 -0.5000  8.8276
 20 164  0.0000  0.0000  0.0000
 28 164  0.0000  0.0000 11.1304
 36 164  0.0000  0.0000 11.1304
 44 164  0.0000  0.0000 11.1304
 52 164  0.0000  0.0000 13.1641
 60 164  0.0000  0.0000  0.0000
 68 164  0.0000  0.0000 12.0455
 76 164  0.0000  0.0000  0.0000
 84 164  0.0000  0.0000  0.0000
 92 164  0.0000  0.0000 11.1304
100 164  0.0000  0.0000 11.1304
108 164  0.0000  0.0000 11.1304
116 164  0.0000  0.0000  9.2086
124 164  0.0000  0.0000 10.2400
132 164  0.0000  0.0000 10.9491
140 164  0.0000  0.0000  0.0000
148 164  0.0000  2.5000  8.8276
156 164  0.0000  0.0000 13.5576
164 164  0.0000  0.0000 19.1045
172 164  0.0000  0.0000  0.0000
180 164  0.0000  0.0000 11.1304
188 164  0.0000  0.0000 11.1304
196 164  0.5000  0.0000 11.1304
204 164  0.0000  0.0000  0.0000
212 164  0.0000  0.0000 11.1304
220 164  0.0000  0.0000  0.0000
228 164  0.0000  0.0000  0.0000
236 164  0.0000  0.0000  0.0000
244 164  0.0000  0.0000  0.0000
252 164  0.0000  0.0000  0.0000
260 164  0.0000  0.0000  0.0000
268 164  0.0000  0.0000  0.0000
276 164  0.0000  0.0000  0.0000
284 164  0.0000  0.0000  0.0000
292 164  0.0000  0.0000  0.0000
  4 172  0.0000  0.0000  0.0000
 12 172  0.0000  0.0000 16.1088
 20 172  0.1960  2.5000 11.1304
 28 172 -0.0418  0.1521 12.6567
 36 172  0.0000  0.0000 16.1088
 44 172  0.0000  0.0000 11.1304
 52 172  0.0000  0.0000  0.0000
 60 172  0.0000  0.0000 19.4783
 68 172  0.0000  0.0000 16.1088
 76 172  0.0000  2.5000  8.8276
 84 172  0.0000  0.0000  0.0000
 92 172  0.0000  0.0000 12.0628
100 172  0.0000  0.0000 11.1304
108 172  0.0000  0.0000  0.0000
116 172  0.0000  0.0000 11.1304
124 172  0.0000  0.0000 19.1045
132 172  0.0000  0.0000 11.1304
140 172  0.0000  0.0000  0.0000
148 172  0.0000  0.0000 11.1304
156 172  0.0000  0.0000  0.0000
164 172  0.0000  0.0000 16.1088
172 172  0.0000  0.0000  0.0000
180 172  0.0000 -0.5000  8.8276
188 172  0.0000  0.0000 12.0455
196 172  0.0000  0.0000 19.1045
204 172  0.0000  0.0000  0.0000
212 172  0.0000  0.0000  0.0000
220 172  0.0000  0.0000  0.0000
228 172  0.0000  0.0000  0.0000
236 172  0.0000  0.0000 11.1304
244 172  0.0000  0.0000 11.1304
252 172  0.0000  0.0000  0.0000
260 172  0.0000  0.0000  0.0000
268 172  0.0000  0.0000  0.0000
276 172  0.0000  0.0000  0.0000
284 172  0.0000  0.0000  0.0000
292 172  0.0000 -0.5000  8.8276
  4 180  2.5000  0.0000  8.8276
 12 180  0.0000  0.0000 16.1088
 20 180  0.0418 -0.1521 12.6567
 28 180  0.0000  0.0000 11.1304
 36 180  0.0000  0.0000 11.1304
 44 180  0.0000  0.0000  0.0000
 52 180  0.0000  0.0000 11.1304
 60 180  0.0000  0.0000 11.1304
 68 180 -0.5000  0.0000  8.8276
 76 180  0.0000  0.0000 11.1304
 84 180  0.0000  0.0000 16.1088
 92 180  0.0000  0.0000 16.1088
100 180  0.0000  0.0000  7.4021
108 180  0.0262  0.0034  8.4879
116 180  0.0000  0.0000  5.9981
124 180  0.0000  0.0000  0.0000
132 180  0.0000 -0.1960 11.1304
140 180  0.0000  0.0000  8.0000
148 180 -0.5000  0.0000  8.8276
156 180  0.0000  0.0000 11.1304
164 180  0.0000  0.0000 16.1088
172 180  0.0000  0.0000 11.1304
180 180  2.5000  0.0000  8.8276
188 180 -0.1760  0.0000 15.0588
196 180  0.0000  0.0000  0.0000
204 180  0.0000  0.0000  0.0000
212 180  0.0000  0.0000  0.0000
220 180  0.0000  0.0000  0.0000
228 180  0.0000  0.0000  0.0000
236 180  0.0000  0.0000  0.0000
244 180  0.0000  0.0000  0.0000
252 180  0.0000  0.0000  0.0000
260 180  0.0000  0.0000  0.0000
268 180  0.0000  0.0000 11.1304
276 180  0.0000  0.0000 11.1304
284 180  0.0000  0.0000 16.1088
292 180  0.0000  0.0000  0.0000
  4 188  0.0000  0.0000  0.0000
 12 188 -0.2917  0.0000 11.1304
 20 188  0.0000  0.0000 11.1304
 28 188  0.4043 -0.4043  8.0000
 36 188  0.0000  0.0000  0.0000
 44 188  0.0000  0.0000  0.0000
 52 188  0.0000  0.0000 11.1304
 60 188  0.0000  0.0000  0.0000
 68 188  0.0000  0.0000 16.1088
 76 188  0.0000  0.0000 11.1304
 84 188  0.0000  0.0000  0.0000
 92 188  0.0000  0.0000 11.1304
100 188  0.0000  0.0000 10.0356
108 188  0.0636 -0.1530 10.2291
116 188  0.0000 -0.2662  6.7780
124 188  0.0000  0.0955 11.7002
132 188  0.0000  0.0000 16.1088
140 188  0.0000  0.0000 13.0803
148 188  0.0000  0.0000 11.1304
156 188  2.5000  0.0000  8.8276
164 188 -0.1960  0.0000 11.1304
172 188     NaN  0.0000 17.0667
180 188  0.0000  0.0000 11.1304
188 188  0.0000 -0.5000  8.8276
196 188  0.0000  0.0000 11.1304
204 188  0.0000  0.0000  0.0000
212 188  2.5000  0.0000  8.8276
220 188  0.0000  0.0000  0.0000
228 188  0.0000  0.0000 11.1304
236 188  0.0000  0.0000  0.0000
244 188  0.0000  0.0000  0.0000
252 188  0.0000  0.0000  0.0000
260 188  0.0000  0.0000  0.0000
268 188  0.0000  0.0000  0.0000
276 188  0.0000  0.0000  0.0000
284 188 -0.1063  0.0000  6.9728
292 188  0.0000  0.0000  0.0000
  4 196  0.0000  0.0000 11.1304
 12 196  0.0000  0.0000  0.0000
 20 196  2.5000  0.0000  8.8276
 28 196  0.0000 -0.0384  8.7691
 36 196  0.0000  0.0000  0.0000
 44 196  0.0308  0.1823 13.1845
 52 196 -0.5000  0.0000  8.8276
 60 196  0.0000  0.0000  0.0000
 68 196 -0.1760  0.0000 15.0588
 76 196  0.0000  0.0000  0.0000
 84 196  0.0000  0.0000  0.0000
 92 196  0.0000  0.0000  0.0000
100 196 -0.5000  0.0000  8.8276
108 196  0.0000  0.0000  0.0000
116 196  0.2122  0.0545 14.9489
124 196  0.0000  0.0000 11.1304
132 196  0.0000  0.0000 11.1304
140 196  0.0000  0.0000 11.1304
148 196  0.0000  0.0000  0.0000
156 196  0.0000  0.0000  0.0000
164 196 -0.1912  0.0000 12.4272
172 196  0.0000  0.0000 11.1304
180 196  0.0000  0.0000  0.0000
188 196 -1.5000  0.0000  8.2581
196 196  0.0000  0.0000  0.0000
204 196  0.0000  0.0000  0.0000
212 196  0.0000  0.0000  0.0000
220 196  0.0000  0.0000  0.0000
228 196  0.0000  0.0000 11.1304
236 196  0.0000  0.0000  0.0000
244 196  0.0000  0.0000  0.0000
252 196  0.0000  0.0000  0.0000
260 196  0.0000  0.0000  0.0000
268 196  0.0000  0.0000  0.0000
276 196  0.0000  0.0000 16.1088
284 196 -0.1151 -0.1151 16.5161
292 196  0.1151 -0.1151 16.5161
  4 204  0.0000  0.0000 11.1304
 12 204 -0.1068  0.5000 14.1617
 20 204  0.0000  2.5000  8.8276
 28 204  0.0000  0.0000  0.0000
 36 204  0.0000  0.0000 11.1304
 44 204  0.1399 -0.0593  7.3827
 52 204  0.0000  0.0000  0.0000
 60 204  0.0000  0.0000 16.1088
 68 204  0.0000  0.0000 11.1304
 76 204  0.0000  0.0000  0.0000
 84 204  0.0000  0.0000  0.0000
 92 204  0.0000  0.0000  0.0000
100 204 -0.3468  2.5000 10.2045
108 204  0.0000  0.0000  8.2581
116 204  0.0000  0.0000 19.1045
124 204  1.5000  0.0000  8.2581
132 204  0.0000  0.0000  0.0000
140 204  0.0000  0.0000 11.1304
148 204  0.0000  0.0000 11.1304
156 204  0.0000  0.0000 11.1304
164 204  0.0000  0.0000 13.0803
172 204  0.0000  0.0000  0.0000
180 204  0.0000  0.0000  0.0000
188 204  0.0000  0.0000 11.1304
196 204  0.0000  0.0000 16.1088
204 204  0.0000  0.0000 11.1304
212 204 -0.5000  0.0000  8.8276
220 204  0.0000  0.0000 11.1304
228 204  0.0000 -0.5000  8.8276
236 204  0.0000  0.0000  0.0000
244 204  0.0000  0.0000  0.0000
252 204  0.0000  0.0000  0.0000
260 204  0.0000  0.0000  0.0000
268 204  0.0000  0.0000 22.2609
276 204  0.0000  0.0000 13.5576
284 204 -1.5000  0.0000  8.2581
292 204  0.0000  0.0000  0.0000
  4 212  0.0000  0.0000  0.0000
 12 212  0.0000  0.0000 12.0455
 20 212  0.0000 -0.5000  8.9154
 28 212  0.0000  0.0000  0.0000
 36 212  0.0000  0.0000 19.1045
 44 212  0.0000  0.0000 11.1304
 52 212  0.2743  0.0236 10.8782
 60 212 -0.5000 -0.0391  9.3822
 68 212  0.0000  2.5000  8.8276
 76 212  0.0000  0.0000  0.0000
 84 212  0.0000  0.0000  0.0000
 92 212  0.0000  0.0000  0.0000
100 212  0.0000  0.0000  0.0000
108 212  2.5000  0.0000  8.8276
116 212  0.5000  0.0000 11.1304
124 212  4.5000  4.5000  4.0635
132 212  0.0000  0.0000  0.0000
140 212  0.0000  0.0000  0.0000
148 212  0.0000  0.0000  0.0000
156 212  0.0000  0.0000  0.0000
164 212  0.0000  0.0000 12.0455
172 212  0.0000  0.0000 11.1304
180 212  0.0000  0.0000  0.0000
188 212  0.0000  0.0000  0.0000
196 212 -1.3070  0.0337 12.4709
204 212  0.0000 -0.1063  6.9728
212 212  0.0000 -0.5000  8.8276
220 212  0.0000  0.0000  0.0000
228 212  0.0000  0.0000 11.1304
236 212  0.0000  0.0000  0.0000
244 212  0.0000  0.0000  0.0000
252 212  0.0000  0.0000 16.1088
260 212  0.0000  0.0000  0.0000
268 212  0.0000  0.0000 11.1304
276 212  0.0000  0.0000 19.1045
284 212  1.3070  0.0337 12.4709
292 212  0.0000  0.0000  0.0000
  4 220  0.0000  0.0000 16.1088
 12 220  0.1506 -1.5000 12.2841
 20 220 -0.5000  0.0000  8.8276
 28 220  0.0000  0.0000  0.0000
 36 220  0.0000  0.0000 11.1304
 44 220  0.0000  0.0000 11.1304
 52 220  0.0000  0.0000  0.0000
 60 220  0.0000  0.0000  0.0000
 68 220  0.0000  0.0000  0.0000
 76 220  0.0000  0.0000 11.1304
 84 220  0.0000  0.0000 11.1304
 92 220  0.0000  0.0000 11.1304
100 220  0.0000  0.0000  0.0000
108 220  0.0000  0.0000 11.1304
116 220 -0.2780 -0.1270 13.3759
124 220  0.0000  0.0000 11.1304
132 220  0.2780  0.1270 13.3759
140 220  1.1838  2.5000  7.5779
148 220  0.0000  0.0000 11.1304
156 220  0.0000  0.0000  0.0000
164 220  0.0707 -0.0970 12.8264
172 220  4.5000  4.5000  4.0635
180 220  0.0000  0.0000  0.0000
188 220  0.0000  0.0000  0.0000
196 220  0.0000  0.0000 16.1088
204 220  0.0000  0.0000  8.0688
212 220  0.0000  0.0000  0.0000
220 220  0.0000  0.0000  0.0000
228 220  0.0000  0.0000  0.0000
236 220  0.0000  0.0000  0.0000
244 220  0.0000  0.0000 11.1304
252 220  0.0000  0.0000 16.1088
260 220  0.4043  0.4043  8.0000
268 220  0.0000  0.0000 19.4783
276 220  0.0000  0.0000  0.0000
284 220  0.0000  0.0000  0.0000
292 220  0.0000  0.0000  0.0000
