VARIABLES= "X pix", "Y pix", "U pix/dt", "V pix/dt", "CHC", ZONE I=28, J=37
  4   4  0.0000  0.0000 10.9708
 12   4  0.0000  0.0000 10.9708
 20   4  0.0000  0.0000 10.9708
 28   4  0.0000  0.0000 11.7274
 36   4  0.0000  0.0000 11.0456
 44   4  0.0000  0.0000 11.0456
 52   4  0.0000 -0.0127 11.0049
 60   4  0.0000 -0.0145 11.0935
 68   4  0.0000  0.0379 11.4689
 76   4  0.0437  0.0128 10.9762
 84   4  0.0522 -0.0482 11.2096
 92   4 -0.0030  0.0044 11.6326
100   4  0.0384 -0.0222 11.9540
108   4  0.0043 -0.0723 12.2815
116   4 -0.0093  0.0062 11.4364
124   4  0.0000 -0.0085 11.0811
132   4  0.0000  0.0000 11.7754
140   4  0.0000  0.0000 11.0456
148   4  0.0000 -0.0181 11.3868
156   4  0.0000  0.0000 11.1505
164   4  0.0000  0.0000 11.8893
172   4  0.0067  0.0595 11.3423
180   4 -0.0045  0.1292 11.2882
188   4  0.0000  0.0000 11.7754
196   4 -0.0042  0.0451 11.2393
204   4 -0.0048  0.0381 11.8060
212   4 -0.0031  0.0106 12.9345
220   4  0.0000  0.0000 11.5182
228   4 -0.0315  0.0238 10.1513
236   4 -0.0487  0.0100 10.3484
244   4  0.0957  0.0009 10.0368
252   4  0.0000 -0.0743 11.0237
260   4  0.0048 -0.0068 12.1519
268   4 -0.0760  0.0134 12.2187
276   4  0.0000  0.0000 15.1140
284   4  0.0000  0.0000 12.2384
292   4  0.0134  0.0362 12.9748
  4  12 -0.1125  0.3099 12.0321
 12  12  0.0517  0.2564 13.0687
 20  12  0.0000  0.8379  8.5018
 28  12 -0.1264  0.4487 10.7680
 36  12  0.1775  0.8771  7.8578
 44  12  0.0000  0.2248  9.3111
 52  12 -0.1604  0.0634 16.0436
 60  12 -0.0614  0.1317 12.8162
 68  12  0.0460  0.0953 14.4806
 76  12  0.0690  0.2780 11.7056
 84  12  0.0321  0.2092  8.3232
 92  12  0.0000  0.0291  7.3301
100  12 -0.3946  0.0508  8.0220
108  12  0.0914 -0.0501  9.4176
116  12 -0.1029  0.0958  9.5590
124  12  0.0000  0.0000 11.4382
132  12  0.0000 -0.0738 10.4137
140  12  0.1212 -0.0920 10.7335
148  12  0.0000  0.0000  9.9740
156  12  0.0000 -0.0108 11.2748
164  12  0.1209  0.0353 13.5628
172  12  0.0000  0.1443  8.3365
180  12  0.1137  0.0135 10.1492
188  12 -0.0100  0.0607 10.6547
196  12  0.1045  0.2723  9.8366
204  12  0.1084  0.3437  9.1531
212  12  0.1389  0.0698 11.5607
220  12 -0.0114  0.0712 16.1169
228  12 -0.1985  0.1334 12.4644
236  12  0.1757  0.3950  9.5536
244  12 -0.1054  0.4469  7.8382
252  12  0.0122  0.2281 11.4140
260  12  0.0927  0.2120 10.4315
268  12  0.0000  0.2264  8.5701
276  12 -0.1130  0.2097  7.7079
284  12  0.0197  0.2117  7.0621
292  12 -0.0000  0.2167  8.2950
  4  20  0.0000 -0.0348 15.2071
 12  20 -0.0113  0.1086 12.1870
 20  20 -0.0758  0.1333 12.1095
 28  20 -0.0844  0.2057 10.7000
 36  20  0.0000  0.0998 10.4172
 44  20  0.0000  0.1232  9.5380
 52  20  0.1756 -0.0500  9.7217
 60  20 -0.0442 -0.0009 14.3719
 68  20  0.0472  0.1321 13.5732
 76  20  0.0348  0.0007 12.5055
 84  20  0.0000  0.0826 13.1356
 92  20 -0.0683  0.0269  9.6686
100  20  0.0860  0.3397 12.1263
108  20  0.1191  0.4449 10.8209
116  20 -0.0036  0.1078 13.2855
124  20  0.0017  0.0621 13.4658
132  20 -0.0022  0.0046 13.1076
140  20  0.0026  0.0756 12.4617
148  20 -0.0039  0.0432 12.8190
156  20 -0.0399  0.0644 12.8616
164  20 -0.0904  0.3741 11.2189
172  20  0.0841  0.3543 19.2300
180  20  0.0987  0.1090 14.5169
188  20  0.0072  0.0881 16.8206
196  20  0.0011  0.0660 17.7631
204  20  0.0184  0.1158 22.4747
212  20 -0.0372  0.0661 20.9251
220  20  0.1350  0.1864 12.4804
228  20 -0.0760 -0.1049  6.8780
236  20 -0.0421 -0.0346 11.3418
244  20  0.0186  0.0236 11.9574
252  20  0.0000  0.0000  9.5908
260  20 -0.0127 -0.2359 12.3871
268  20  0.0325  0.1669 11.9649
276  20  0.0770  0.0887 13.8996
284  20 -0.1637 -0.0369 12.9273
292  20 -0.1060 -0.0806 15.0903
  4  28  0.0307  0.0633 10.1634
 12  28  0.0091  0.4531  9.9571
 20  28 -0.1181  0.0557 11.2030
 28  28 -0.0149 -0.0158 10.6255
 36  28 -0.0135  0.0087 11.0968
 44  28  0.0127 -0.0140 10.6115
 52  28  0.0062  0.0008 10.4855
 60  28 -0.0063  0.0240 10.0605
 68  28  0.0624  0.0483 10.5435
 76  28 -0.0181  0.0635 10.6471
 84  28 -0.0050  0.0530  9.7323
 92  28  0.0186  0.0539  9.4168
100  28 -0.0372  0.0065 12.0876
108  28  0.0422  0.0477 13.8674
116  28 -0.0269  0.0819  9.0087
124  28 -0.0089  0.0511  9.5482
132  28 -0.0233  0.0592  8.6972
140  28 -0.0472  0.0711  9.2025
148  28  0.0488  0.0610  9.3502
156  28  0.0503  0.3776 16.6632
164  28 -0.0815  0.5207 13.7868
172  28 -0.0467  0.4142 18.2570
180  28  0.1317  0.1432 15.0697
188  28  0.0777  0.0893 11.3401
196  28  0.0063  0.0693  8.9183
204  28 -0.0110  0.0689  9.2335
212  28 -0.0172  0.0819  9.9230
220  28 -0.0246  0.0756  9.7064
228  28  0.0072  0.0751  9.2899
236  28  0.0010  0.0778  8.8477
244  28  0.0063  0.0969  9.1953
252  28 -0.0127  0.0773 11.4121
260  28  0.0199  0.1300 14.9837
268  28  0.0601  0.0792 13.8818
276  28  0.0660  0.1526 25.3967
284  28 -0.0244  0.0548 13.6165
292  28 -0.0078  0.0892 11.1840
  4  36  0.0028  0.0270  7.3858
 12  36 -0.0141  0.1571  7.5279
 20  36  0.0318  0.1431  6.6917
 28  36 -0.0407  0.1274  6.5172
 36  36  0.1535  0.0903  6.2335
 44  36 -0.0674 -0.1507  6.6408
 52  36 -0.0542  0.1557  7.4534
 60  36 -0.0432 -0.3324 10.7619
 68  36 -0.0958 -0.1373  9.3020
 76  36 -0.0451  0.0054 12.2407
 84  36  0.0000  0.1323 12.5902
 92  36  0.0102  0.0085 10.2636
100  36  0.0275  0.0738  8.5823
108  36 -0.0144  0.1138  6.7167
116  36  0.1225  0.4365  7.1456
124  36  0.7250  0.1031  7.2775
132  36  0.0000  0.0000  0.0000
140  36  0.1353 -0.1326  7.3628
148  36  0.0924 -0.0218  5.5955
156  36 -0.0888  0.4846 12.8106
164  36  0.1200 -0.0184 14.7672
172  36  0.0626  0.1586 11.4756
180  36  0.1569  0.2146 13.8892
188  36  0.1231 -0.0017  7.4858
196  36  0.0000  0.0000 11.9696
204  36  0.0000  0.0000 15.9971
212  36 -0.0058 -0.0376 14.4964
220  36  0.0000  0.0000 14.6166
228  36 -0.2353  0.4104  7.3143
236  36 -0.0497  0.1400 11.6265
244  36  0.2087  0.1167 10.9122
252  36 -0.0270 -0.0868  8.2065
260  36 -0.0540  0.1134  8.8218
268  36  0.1202 -0.3742 10.1555
276  36  0.0344  0.1081  8.6372
284  36 -0.0063 -0.0043  9.7552
292  36  0.0324  0.1208  9.0960
  4  44  0.1914  0.2555 10.5056
 12  44  0.2076  0.0667  9.6020
 20  44 -0.0409  0.0202 10.5520
 28  44  0.0036  0.1353 13.5285
 36  44  0.0063 -0.1098 13.1637
 44  44  0.0077  0.0953 10.8306
 52  44 -0.0076  0.1342  9.4536
 60  44 -0.0298  0.0814  8.5237
 68  44  0.0198  0.0903  7.2288
 76  44  1.5000 -0.1788  6.6466
 84  44 -0.4234  0.0000  7.6457
 92  44  0.0000  0.0000 11.1304
100  44 -0.1960  0.0000 11.1304
108  44  0.0000  0.0000 11.1304
116  44  1.3070 -0.0337 12.4709
124  44  0.0000  0.0000 16.1088
132  44  0.4414  0.0606 12.6478
140  44 -0.3308 -0.1127 11.8471
148  44  0.0631 -0.0865  5.4401
156  44  0.1342  0.5048 12.4456
164  44  0.2009  0.2438 12.2396
172  44 -0.0177  0.1465 16.3447
180  44 -0.0009  0.1445 14.5345
188  44  0.0313  0.0285  7.2744
196  44  0.3690  2.1858  5.9933
204  44  0.1087 -0.0842  6.8733
212  44 -0.0106 -0.1119  7.6536
220  44  0.0000  0.0000  9.4135
228  44  0.0996  0.0167 10.4918
236  44 -0.0149  0.0100 12.3083
244  44 -0.0088  0.0179 12.5767
252  44  0.0000  0.0000 16.2968
260  44 -0.0106  0.2269 11.3584
268  44  0.0000  0.0000 11.0903
276  44 -0.0106  0.2269 11.3584
284  44  0.0000  0.0000 11.0903
292  44  0.0000  0.0000 14.0146
  4  52 -0.2013 -0.2119  7.8442
 12  52 -0.0316 -0.1749  8.6916
 20  52  0.0106  0.1331  7.1772
 28  52  0.3471  0.5000  7.0932
 36  52  0.0000  0.0000  0.0000
 44  52  0.0000  0.0000 11.1304
 52  52 -0.5000 -0.5000  4.0635
 60  52  0.0000  0.0000  0.0000
 68  52  0.0000  0.0000  0.0000
 76  52  0.3732  0.3694 10.3318
 84  52  0.0000  0.0000 12.0628
 92  52  0.0000  0.0000 11.1304
100  52 -0.1960  0.0000 11.1304
108  52  0.0000  0.0000 11.1304
116  52  0.0000  0.0000 13.1641
124  52 -0.0677 -0.2414 11.7124
132  52  0.0000  0.0000  8.2581
140  52 -0.2840  0.3080  7.1055
148  52  0.0324  0.0995  7.2086
156  52  0.0405  0.5098 15.3201
164  52 -0.0229  0.5511 11.2534
172  52  0.1021  0.5977  9.9842
180  52  0.0385  0.4613 26.0806
188  52  0.1063 -0.0468  6.7269
196  52  0.3264  0.2157  9.7710
204  52  0.0000  0.0000 13.0803
212  52  0.0000  0.0000 13.6433
220  52 -0.0438  0.1153 11.0126
228  52  0.0121  0.0035 10.6202
236  52  0.0846  0.1377 13.0322
244  52  0.2396 -0.1451 11.3319
252  52 -0.1597  0.0728 12.0580
260  52 -0.2432  0.0091 11.3853
268  52  0.2841  0.3627  7.7511
276  52 -0.0043 -0.2429 11.9070
284  52  0.0000  0.0000 12.2639
292  52 -0.0741 -0.0223 10.2179
  4  60  0.0000  0.0000  0.0000
 12  60  0.0000  0.0000  0.0000
 20  60  0.0000  0.0000  0.0000
 28  60  0.0000  0.0000  0.0000
 36  60  0.0000  0.0000  0.0000
 44  60  0.0000  0.0000  0.0000
 52  60  0.0000  0.0000  0.0000
 60  60  0.0000  0.0000  0.0000
 68  60  0.0000  0.0000  0.0000
 76  60  0.0000  0.0000 11.1304
 84  60  0.0000  0.0000 17.2183
 92  60  0.0000  0.0000 13.3565
100  60  0.0155  0.0578 19.3970
108  60  0.0000  0.0000  0.0000
116  60  0.5000  0.0000  8.4768
124  60  0.2879 -1.8935  8.3901
132  60  0.0000  0.0000 16.1088
140  60  1.5000 -0.0430  9.8626
148  60 -0.0193 -0.0014  5.6214
156  60  0.0000 -0.0292  5.6181
164  60 -0.0318  0.0109  5.6010
172  60 -0.0364  0.0376  5.7953
180  60 -0.0861 -0.0579  5.9604
188  60 -0.1837 -0.1458  5.6088
196  60  0.0000 -2.0000 11.1304
204  60  0.0000  0.0000  0.0000
212  60  0.0000  0.0000  0.0000
220  60  0.0000  0.0000  0.0000
228  60  0.0000  0.0000 11.1304
236  60  0.0000  0.0000  0.0000
244  60  0.0000  0.0000  7.8087
252  60  0.0000  0.0000  8.5951
260  60  0.1689  0.0982 10.0513
268  60  0.0000  0.0000 10.9824
276  60 -0.0104  0.0457 13.9705
284  60  0.1195  1.0576  7.0137
292  60  0.0070  0.1846 11.5091
  4  68  1.3139 -0.3311  8.0688
 12  68  0.0000  0.0000  0.0000
 20  68  0.0000  0.0000  0.0000
 28  68  0.0000  0.0000  0.0000
 36  68  0.0000  0.0000  0.0000
 44  68 -0.5000  0.0000  8.8276
 52  68  0.0000 -0.5000  8.8276
 60  68  0.0000  0.0000  0.0000
 68  68  0.0000  0.0000  0.0000
 76  68 -0.0211  0.1403 14.4926
 84  68 -0.1569  0.1701  9.0495
 92  68  0.0191  0.5242 11.1348
100  68 -0.1078  1.0248 13.8014
108  68  0.0000  0.0000 16.1088
116  68 -0.5000  0.0000  8.8276
124  68 -0.5000  0.0000  8.8276
132  68  2.5000  0.1180  9.2850
140  68  0.0000  0.0000 11.1304
148  68  0.0000  0.0000 11.2521
156  68  0.0000  0.0000 11.1304
164  68  0.0000  0.0000 16.1088
172  68  0.0000  0.0000 11.1304
180  68 -0.0818  0.0266 10.4000
188  68  0.0000  0.0000 11.1304
196  68  0.0000  0.0000  0.0000
204  68  0.0000  0.0000 17.0667
212  68  0.0000  0.0000  0.0000
220  68  0.0000  0.0000 11.1304
228  68  0.0000  0.0000  0.0000
236  68  0.0000  0.0000  0.0000
244  68  2.5000  0.0000  8.8276
252  68  4.5000  4.5000  4.0635
260  68  0.0418  0.1521 12.6567
268  68 -0.1001 -0.0515 13.9636
276  68  0.0000  0.7441  7.6268
284  68  0.0101 -0.1231 13.6113
292  68     NaN     NaN  9.3822
  4  76  0.0000  0.0000 11.1304
 12  76  0.0000  0.0000  0.0000
 20  76  0.0000  0.0000  0.0000
 28  76  0.0000  0.0000  0.0000
 36  76  0.0000  0.0000 11.1304
 44  76 -0.1349  0.0074 17.6469
 52  76  0.1075  0.0087  9.8754
 60  76  0.0000 -0.5000 11.1304
 68  76  0.4224 -0.0046 13.2321
 76  76  0.1180  1.2229  6.9387
 84  76  0.2059  0.2769  9.6450
 92  76  0.1046  0.4787  5.5261
100  76  0.0000  0.2662  6.7780
108  76 -0.5000  0.1180  9.2850
116  76  0.0000  0.1960 11.1304
124  76  1.3070 -0.0337 12.4709
132  76  0.0000  0.0000  0.0000
140  76 -0.5000  0.0944  8.7605
148  76 -0.2665 -0.0090 11.8309
156  76  0.0000 -0.1469 10.3584
164  76  0.0000  0.0000 11.9011
172  76  0.9601  0.0000 11.5270
180  76  0.0000  0.0000 12.5445
188  76  0.0000  0.0000  0.0000
196  76  0.0000  0.0000  0.0000
204  76  0.0000  0.0000  0.0000
212  76  0.0000  0.0000  0.0000
220  76  0.0000  0.0000  0.0000
228  76  0.0000  0.0000  0.0000
236  76  0.0000  0.0000  0.0000
244  76  0.3309  0.0637  7.1846
252  76  4.5000 -0.5000  4.0635
260  76  0.0000  0.0000 11.1304
268  76 -0.1960 -0.5000 11.1304
276  76  0.0000  0.0000 16.1088
284  76  0.0000  0.0000 11.1304
292  76 -0.3272  0.3590  7.0459
  4  84 -0.3329 -0.0842  7.1879
 12  84  2.5000  0.1588 10.5785
 20  84  0.0000  0.0000  0.0000
 28  84  2.3793 -0.0564 11.1304
 36  84 -0.0577  0.0137 18.2576
 44  84  0.1162  1.3089  6.4141
 52  84 -0.1546  0.0660 18.6254
 60  84 -0.3465 -0.4121  7.7576
 68  84  0.4564  0.0931  9.8884
 76  84  0.0532  0.1178  9.7925
 84  84  0.1150  0.2480 10.7305
 92  84 -0.3899  1.6461  7.7057
100  84 -0.1490  0.1893  7.8082
108  84  0.0000  0.2661 10.4867
116  84 -0.1603  0.1082 13.9738
124  84  0.0000  0.0000 16.1088
132  84 -0.3145  0.0264 11.0777
140  84  0.0600  0.1546  9.7549
148  84 -2.3099  0.0000 11.5958
156  84  0.0000  0.0000  0.0000
164  84  0.0000  0.0000  0.0000
172  84     NaN     NaN  8.0000
180  84  0.0000 -0.5000  8.8276
188  84  0.0000  0.0000  0.0000
196  84  0.0000  0.0000  0.0000
204  84  0.0000  0.0000  0.0000
212  84  0.0000  0.0000  0.0000
220  84  0.0000  0.0000 11.1304
228  84 -0.1960  2.5000 11.1304
236  84  0.0000  0.0000  0.0000
244  84  0.0000  0.0000  0.0000
252  84  0.0000  0.0000  0.0000
260  84  0.0000  0.0000 11.1304
268  84  0.0000  0.0000  0.0000
276  84  0.0000  2.5000  8.8276
284  84  0.0000  2.5000  8.8276
292  84  0.0000  0.0000  0.0000
  4  92  0.0492 -0.0536 20.4108
 12  92  0.0672  0.0361 14.4477
 20  92  0.1537  0.1655 12.3085
 28  92 -0.3016  0.3106  7.5733
 36  92 -0.0621 -0.0971  8.5690
 44  92  0.0797 -0.1541 11.2712
 52  92 -0.3229  0.4601 10.2534
 60  92 -0.0318  0.0253 10.8606
 68  92 -2.5000 -0.2146  7.4688
 76  92  0.1326 -1.1737  7.4648
 84  92  0.0000  0.0000 11.1304
 92  92  0.0000  0.0000  0.0000
100  92  0.0000  0.0000  0.0000
108  92  0.0000  0.0000 11.1304
116  92 -0.1138 -0.1378 11.4627
124  92  0.3127 -0.1061  9.8739
132  92  0.0000  0.0000 11.9011
140  92 -0.1841  0.0418 12.3683
148  92  2.5000  0.0000  8.8276
156  92  0.0000  0.0000  8.4768
164  92  0.0000  0.0000  0.0000
172  92  0.0000  0.0000  0.0000
180  92  0.0000  0.0000  0.0000
188  92  0.0000  0.0000  0.0000
196  92  0.0000  0.0000  0.0000
204  92  0.0000  0.0000  0.0000
212  92  0.0000  0.0000  0.0000
220  92  0.0000  0.0000 16.1088
228  92  0.0000  0.0000  0.0000
236  92  0.0000  0.0000  0.0000
244  92  0.0000  0.0000  0.0000
252  92  0.0000  0.0000  0.0000
260  92  0.0000  0.0000  0.0000
268  92  0.0000  0.0000  0.0000
276  92  0.0000  0.0000  0.0000
284  92  0.0000  2.5000  8.8276
292  92  0.0000  0.0000  0.0000
  4 100  0.0000  0.0000 11.1304
 12 100  0.0000  0.0000 11.1304
 20 100  0.0000  0.0000 11.1304
 28 100  0.0000  0.0000  0.0000
 36 100 -0.2617 -1.0595  7.8528
 44 100  2.5000  0.0000  8.8276
 52 100  0.1603  0.0000  6.3054
 60 100  0.0000  0.0000 12.0628
 68 100 -1.0756  0.0431  7.0865
 76 100  0.0000  0.0000  0.0000
 84 100  0.0000  0.0000 11.1304
 92 100  0.1313 -0.0812 16.9211
100 100  0.0000  0.7185  7.8528
108 100 -0.2959  1.8952  7.1776
116 100 -1.5000  0.0000  8.2581
124 100  0.1068 -0.5000 14.1617
132 100  0.0000  0.0000 16.1088
140 100  0.0000  0.0000 16.1088
148 100  0.0000  0.0000 11.1304
156 100  0.0000  0.0000  0.0000
164 100  0.0000  0.0000  0.0000
172 100  0.0000  0.0000 11.1304
180 100  0.0000  0.0000 11.1304
188 100  0.0000  0.0000  0.0000
196 100  0.0000  0.0000  0.0000
204 100  0.0000  0.0000  0.0000
212 100  0.0000  0.0000  0.0000
220 100  0.0000  0.0000  0.0000
228 100  4.5000  4.5000  4.0635
236 100  0.5000  0.0000  8.8276
244 100  0.0000  2.5000  8.8276
252 100  2.5000  0.0000  8.8276
260 100 -0.3309 -0.0637  7.1846
268 100  0.0000  0.0000  0.0000
276 100  2.5000  0.0000  8.8276
284 100  0.3468  2.5000 10.2045
292 100  0.0000  0.5000  8.0688
  4 108  0.0000  0.0000 16.1088
 12 108 -0.2136  0.2159 14.8252
 20 108  0.0000  0.0000  8.0000
 28 108 -0.5000  0.0000  8.8276
 36 108  0.0815 -0.3506  8.9559
 44 108 -0.0926  0.1932 14.1608
 52 108 -0.0218 -0.2266 12.8350
 60 108  0.0000  0.0000  0.0000
 68 108  0.0000  0.0000  0.0000
 76 108  4.5000 -0.5000  4.0635
 84 108  0.1151  0.1151 16.5161
 92 108 -1.1733  0.0000  8.5333
100 108  0.0000  0.0000  0.0000
108 108  0.0000  2.5000  8.8276
116 108 -0.2635  0.3021  4.7599
124 108  0.0000  0.0000 15.0472
132 108  0.0000  0.0000 16.1088
140 108 -0.1841  0.0418 12.3683
148 108 -0.5000  0.0000  8.8276
156 108  2.5000  0.1838 10.4769
164 108  0.0000  0.0000  0.0000
172 108  0.0000  0.0000 11.1304
180 108  0.0000  0.0000  0.0000
188 108  0.0000  0.0000  0.0000
196 108  0.0000  0.0000  0.0000
204 108  0.0000  0.0000  0.0000
212 108  4.5000  4.5000  4.0635
220 108  0.0000  0.0000  0.0000
228 108  0.0000  0.0000  0.0000
236 108  0.5000 -0.0526  9.7439
244 108  0.0000  0.0000  0.0000
252 108  0.3860 -4.8972  8.1920
260 108  0.0000  0.0000  0.0000
268 108  2.5000  0.1180  9.2850
276 108  0.0000  3.1134  8.0688
284 108  1.5000  1.5320  7.1937
292 108 -0.5000  0.0000  8.8276
  4 116  1.4059  0.1028 10.0763
 12 116 -0.1996  0.5000  7.5214
 20 116 -4.5000  0.0830 13.8795
 28 116  0.9246  0.1538 14.1070
 36 116  0.0000  0.0000 12.0628
 44 116 -0.1153  0.1066 12.4405
 52 116 -0.3910  1.1192  7.2258
 60 116  0.0000  0.0000  0.0000
 68 116  0.0000  0.0000  0.0000
 76 116  0.0000  0.0000 11.1304
 84 116  0.1439 -0.0853 11.4193
 92 116 -0.5000  0.0000  8.8276
100 116  0.0000  0.1960 11.1304
108 116  0.0000  0.0000 16.1088
116 116  0.0000  0.2591  7.2035
124 116  0.0982 -0.0109  9.0211
132 116 -0.4342 -0.1409  8.7273
140 116  0.0000 -0.5000  8.8276
148 116  0.0000  0.0000  0.0000
156 116  0.0000  0.0000  0.0000
164 116  0.3468  2.5000 10.2045
172 116  0.0000  0.0000 11.1304
180 116  0.0000  0.0000 11.1304
188 116  0.0000  0.0000  0.0000
196 116  0.0000  0.0000  0.0000
204 116  0.0000  0.0000 11.1304
212 116  0.0000  0.0000  0.0000
220 116  0.0000  0.0000  0.0000
228 116  0.0000  0.0000 11.1304
236 116  0.0000  0.0000  0.0000
244 116  0.0000  0.0000  0.0000
252 116  0.0000  0.0000  0.0000
260 116  0.0000  0.0000  0.0000
268 116  0.0000  0.0000 16.1088
276 116  0.0000  0.0000  0.0000
284 116  0.0000  0.0000  0.0000
292 116  0.0000  0.0000  0.0000
  4 124  2.0947  0.1745 11.0877
 12 124  0.1753  0.0465 11.5241
 20 124 -0.1514  0.1678 13.4415
 28 124  0.0635  2.9592 12.4564
 36 124  0.0000  0.0000  0.0000
 44 124  0.0000  0.0000  0.0000
 52 124  0.0000  0.0000 11.1304
 60 124  0.0000  0.0000 11.1304
 68 124  0.0000  0.0000  0.0000
 76 124  0.0000  0.0000 14.5615
 84 124  0.0000  2.5000  8.8276
 92 124  0.0000  0.0000  0.0000
100 124  3.5000 -0.1203  5.4468
108 124  0.0000  0.5000  9.2850
116 124 -0.3385  0.3106 13.2342
124 124 -1.3070 -0.0337 12.4709
132 124  0.0000  0.0000 11.1304
140 124  0.0000  0.0000  0.0000
148 124  0.0000  0.0000  0.0000
156 124  0.0000  0.0000  0.0000
164 124  0.0000  0.0000  0.0000
172 124  0.0000  0.0000  0.0000
180 124  0.0000  2.5000  8.8276
188 124  0.0000  0.0000 11.1304
196 124  0.0000 -0.5000  8.8276
204 124  0.0000  0.0000  0.0000
212 124  2.0754 -1.5000 10.2400
220 124  0.0000  0.0000  0.0000
228 124  0.4043  0.4043  8.0000
236 124 -0.3681  0.3881  9.7710
244 124  0.0000  2.5000  8.8276
252 124  0.0000  0.0000  0.0000
260 124 -0.5000  4.5000  4.0635
268 124  0.0000  0.0000  0.0000
276 124  0.0000  0.0000 11.1304
284 124  0.0000  0.0000 11.1304
292 124  0.0000  0.0000  0.0000
  4 132 -0.2780  0.1270 13.3759
 12 132  0.0000  0.0000 11.1304
 20 132  0.0000  0.0000  0.0000
 28 132 -0.1936 -0.2806  9.6275
 36 132 -0.5000  0.0000  8.8276
 44 132  0.0000  0.0000  0.0000
 52 132  4.5000 -0.5000  4.0635
 60 132  0.0000  0.0000  0.0000
 68 132  0.0868 -0.0378 15.2803
 76 132  0.0000  0.0000  8.0000
 84 132  0.0000  0.0000  0.0000
 92 132  0.0000 -0.5000  8.9154
100 132  0.2081 -0.1864  9.6241
108 132  0.0000  0.0000  0.0000
116 132  0.2771  0.0000 15.8584
124 132 -0.5000  0.0000  8.2581
132 132  0.0000  0.0000  0.0000
140 132  0.0000  0.0000  0.0000
148 132  0.0000  0.0000  0.0000
156 132  0.0000  0.0000  0.0000
164 132 -0.5000  4.5000  4.0635
172 132  0.0000  0.0000  0.0000
180 132  1.5000  0.0000  8.2581
188 132  0.0000  0.0000 16.1088
196 132  0.0000  0.0000  0.0000
204 132 -1.5000  0.0000  8.2581
212 132  0.0000 -0.5000  8.9154
220 132 -4.5000 -4.5000 10.2230
228 132  4.8170  2.0000  7.7576
236 132  2.5000  2.5000  7.6040
244 132  0.1151 -0.1151 16.5161
252 132  0.0000  0.0000  0.0000
260 132  0.0000  0.0000  0.0000
268 132  0.0000  0.0000 11.1304
276 132  0.0000  0.0000  0.0000
284 132  0.0000  2.5000  8.8276
292 132  0.0000 -0.5000  8.8276
  4 140  0.0000  0.0000 11.1304
 12 140  0.0000  0.0000  0.0000
 20 140  0.0000 -0.5000  8.8276
 28 140  0.0000  0.0000 12.0455
 36 140  0.0000  0.0000 11.1304
 44 140  0.0000  0.0000  0.0000
 52 140  0.0000  0.0000  0.0000
 60 140  0.0000 -0.5000  8.8276
 68 140  0.0000  0.0000 12.0455
 76 140  0.0000  0.0000 11.1304
 84 140  0.0000  0.0000 11.1304
 92 140  0.0000  0.0000 11.1304
100 140 -0.5000  0.0000 11.1304
108 140  0.0000  0.0000  0.0000
116 140  1.8683 -0.2078  8.9003
124 140 -0.5000  0.0000  8.2581
132 140  0.0000  0.0000 11.1304
140 140  0.0000  0.0000  0.0000
148 140  0.0000  0.0000  0.0000
156 140  2.5000 -0.5000  4.0635
164 140  0.3696  0.2945  8.0000
172 140  0.0000 -0.1960 11.1304
180 140  0.0000  2.0000 11.1304
188 140  0.0000  0.0000 16.1088
196 140  0.0000  0.0000  0.0000
204 140  0.0000  0.0000  0.0000
212 140  0.0000  0.0000 19.1045
220 140  0.0000  0.0000 11.1304
228 140  4.6564  0.0000 12.4564
236 140  0.0000  0.0000  0.0000
244 140  0.0000  0.0000  0.0000
252 140 -0.1151  0.1151 16.5161
260 140  0.0000  0.0000  0.0000
268 140 -1.1838 -0.5000  7.5779
276 140  0.0000  0.0000  0.0000
284 140  0.0000  0.0000  0.0000
292 140  0.0000 -0.5000  8.8276
  4 148  0.0000  0.0000 16.1088
 12 148  0.0000  0.0000  0.0000
 20 148  0.0000  2.5000  8.8276
 28 148 -0.3226 -0.3010 12.4568
 36 148  4.5000  4.5000  4.0635
 44 148  0.0000  0.0000  0.0000
 52 148  0.0000  0.0000  0.0000
 60 148  0.0000  0.0000  0.0000
 68 148  0.2483 -0.1160  9.3535
 76 148  0.0000  0.0000  0.0000
 84 148  0.0000  0.0000  0.0000
 92 148  0.0000  0.0000 16.1088
100 148  0.0000  0.0000  0.0000
108 148  0.0000  0.0000  0.0000
116 148  0.0000  0.0000  0.0000
124 148 -1.3070 -0.0337 12.4709
132 148  0.0000 -0.5000  8.8276
140 148  0.0000  0.0000  0.0000
148 148  0.0000  0.0000  0.0000
156 148  1.0000 -0.2638  7.7264
164 148 -0.5000  0.0000 11.1304
172 148  0.0000  0.0000  0.0000
180 148  0.0000  0.0000  0.0000
188 148  0.1063  0.0000  6.9728
196 148 -0.3127 -0.1061  9.8739
204 148  0.0000  0.0000  0.0000
212 148  0.0000  2.5000  8.8276
220 148  0.0000  0.0000  0.0000
228 148  0.0000  0.0000  0.0000
236 148  0.0000  4.5000  4.0635
244 148 -0.5000  5.0391  9.3822
252 148  0.0000  0.0000  0.0000
260 148  0.0000  0.0000  0.0000
268 148  0.0000  0.0000  0.0000
276 148  0.0000  0.0000  0.0000
284 148 -0.5000  0.0000 11.1304
292 148  0.0000  0.0000  0.0000
  4 156  0.0000  0.0000  0.0000
 12 156  0.0000  0.0000  0.0000
 20 156  0.0000  0.0000 11.1304
 28 156 -0.5000  4.5000  4.0635
 36 156  0.0000  0.0000  0.0000
 44 156  0.0000  0.0000  0.0000
 52 156  0.0000  0.0000  0.0000
 60 156  0.0000  0.0000  0.0000
 68 156 -0.2271  2.5000  9.5143
 76 156  0.0000  0.0000  0.0000
 84 156  0.0000  0.0000  0.0000
 92 156  0.0000 -0.5000  8.8276
100 156 -0.5000  4.5000  4.0635
108 156  0.0000  0.0000  0.0000
116 156  5.5000 -0.5000  4.0635
124 156  0.0391 -2.5000  9.3822
132 156  0.0000  2.5000  8.8276
140 156  0.0000  0.0000  0.0000
148 156  0.0000  0.0000  0.0000
156 156  1.0000  0.0000  8.2581
164 156 -0.5000  0.0000 11.1304
172 156  0.0000  0.0000  0.0000
180 156  0.0000  0.0000  0.0000
188 156  0.0000  4.0000 19.2688
196 156  0.0000  0.0000 10.2400
204 156  0.0000  0.0000  0.0000
212 156  2.5000  0.0000  8.8276
220 156  0.0000  0.0000  0.0000
228 156  0.0000  0.0000  0.0000
236 156  0.0000  0.0000  0.0000
244 156  0.0000  0.0000  0.0000
252 156  0.0000  0.0000  0.0000
260 156  0.0000  0.0000  0.0000
268 156  5.5000  4.5000  4.0635
276 156  0.0000  0.0000  0.0000
284 156  0.0000  2.5000  8.8276
292 156  0.0000  0.0000  0.0000
  4 164  0.0000  0.0000  0.0000
 12 164  0.0000  0.0000  0.0000
 20 164  0.0000  0.0000 11.1304
 28 164 -0.1960  0.0000 11.1304
 36 164  0.0000  0.0000  0.0000
 44 164  0.0000 -0.5000  8.8276
 52 164  0.0000  0.0000  0.0000
 60 164  0.0000  0.0000  0.0000
 68 164 -0.0832 -0.3131  9.8462
 76 164  0.0000  0.0000  0.0000
 84 164  0.0000  0.0000  0.0000
 92 164  1.5000  0.0000  8.2581
100 164  0.0000  0.0000 19.1045
108 164 -0.3468  2.5000 10.2045
116 164 -0.0505  0.0736 11.5459
124 164  0.0000  0.0000  0.0000
132 164 -1.5000  2.5000  7.4357
140 164  0.0000  0.0000  0.0000
148 164  0.0000  0.0000  0.0000
156 164  0.0000  0.0000  8.2581
164 164  0.0000  0.0000  0.0000
172 164  0.0000  0.0000  0.0000
180 164  0.0000  0.0000 11.1304
188 164 -0.1960  0.0000 11.1304
196 164  0.0000  0.0000  0.0000
204 164  0.0000  0.0000  0.0000
212 164  0.0000  0.0000 11.1304
220 164 -0.5000 -0.5000  4.0635
228 164 -0.5000 -0.5000  4.0635
236 164  0.0000  0.0000  0.0000
244 164  0.0000  0.0000  0.0000
252 164  0.0000  0.0000  0.0000
260 164  0.0000  0.0000  0.0000
268 164  0.0000  0.0000  0.0000
276 164  0.0000  0.0000  0.0000
284 164  0.0000  0.0000  0.0000
292 164 -0.5000  0.0000 11.1304
  4 172  0.0000  0.0000  8.4768
 12 172  0.0000  0.0000  0.0000
 20 172  0.0000  0.0000 11.1304
 28 172 -0.1960  0.0000 11.1304
 36 172  0.0000 -0.5000  8.8276
 44 172  0.0000  0.0000 11.1304
 52 172 -0.5000  4.5000  4.0635
 60 172  0.1521 -0.1664 16.8251
 68 172  0.0000  0.0000 16.1088
 76 172  0.0000  0.0000 11.1304
 84 172  0.0000  0.0000  0.0000
 92 172  0.0000 -0.5000  8.8276
100 172  0.0000 -0.5000  4.0635
108 172  0.0832 -0.3131  9.8462
116 172  0.0000  0.0000 16.1088
124 172 -0.0624  0.1225 12.5602
132 172  0.0000  0.0000  0.0000
140 172  0.0000  0.0000 11.1304
148 172  4.5000 -0.5000  4.0635
156 172  0.0000  0.0000  8.2581
164 172  0.0000  0.0000  1.0000
172 172  0.0000  0.0000  0.0000
180 172  0.0000  0.0000  0.0000
188 172  0.0000  0.0000 12.0628
196 172  0.3468 -0.5000 10.2045
204 172  0.0000  0.0000  0.0000
212 172  0.0000  0.0000  0.0000
220 172  0.0000  4.7893 14.0767
228 172  0.0000  2.5000  8.8276
236 172  0.0000  0.0000  0.0000
244 172  0.0000  0.0000  0.0000
252 172  0.0000  0.0000  0.0000
260 172  0.0000  0.0000  0.0000
268 172  0.0000  0.0000  0.0000
276 172  0.0000  0.0000  0.0000
284 172  0.0000  0.0000  0.0000
292 172  0.0000 -0.5000  8.8276
  4 180  0.0000  0.0000  0.0000
 12 180 -0.5000  0.0000 11.1304
 20 180  0.0000  0.0000 16.1088
 28 180  0.0000  0.0000 11.1304
 36 180  0.0000  0.0000 11.1304
 44 180  0.0000  0.0000  0.0000
 52 180  0.0000  0.0000  0.0000
 60 180 -0.1518 -0.1518  9.9026
 68 180 -2.6359  3.5000  8.6646
 76 180  0.0000  2.5000  8.8276
 84 180  0.0000  0.0000  0.0000
 92 180 -0.0698  0.2911 10.5124
100 180  0.0000 -1.5000  7.8528
108 180  2.5000 -1.5000  6.5641
116 180  0.0000  0.0000  0.0000
124 180  0.0000  0.0000 13.0803
132 180  0.0000 -2.0000 11.1304
140 180  0.0000  0.0000  0.0000
148 180  0.0000  0.0000  0.0000
156 180  0.0000  0.0000  0.0000
164 180 -0.3524  0.2632 11.6476
172 180  0.0000  0.0000  0.0000
180 180  0.0000  0.0000  0.0000
188 180  0.0000  0.0000 12.0628
196 180  0.0000  0.0000 11.1304
204 180  0.0000  0.0000  0.0000
212 180  0.0000  0.0000  0.0000
220 180  2.5000  0.0000  8.8276
228 180 -0.5000 -0.0391  9.3822
236 180  0.0000  0.0000 11.1304
244 180  0.0000  0.0000  0.0000
252 180  0.0000  0.0000  0.0000
260 180  0.0000  0.0000  0.0000
268 180  0.0000  0.0000  0.0000
276 180  0.0000  0.0000  0.0000
284 180  0.0000  0.0000  0.0000
292 180  0.0000  2.5000  8.8276
  4 188 -0.5000  0.0000  8.8276
 12 188  0.0000  0.0000 16.1088
 20 188  0.0000  2.5000  8.8276
 28 188  0.0000  2.5000  8.8276
 36 188  0.0000  0.0000 11.1304
 44 188  0.0000  0.0000  0.0000
 52 188  0.3732  0.3694 10.3318
 60 188  0.0000  0.0000 11.1304
 68 188  0.0000  0.0000 16.1088
 76 188  0.0000  0.0000  0.0000
 84 188  0.0000 -0.1063  6.9728
 92 188 -0.3958 -0.2805  8.8669
100 188  0.1279 -3.8540  4.5478
108 188 -0.1208 -4.3101  5.1026
116 188 -1.5792 -3.7954  4.8630
124 188  0.0000  0.0000  0.0000
132 188  0.0000  2.0000 11.1304
140 188     NaN     NaN  8.1228
148 188  4.5000  4.5000  4.0635
156 188  0.0000  0.0000  0.0000
164 188 -0.2080  0.2715 12.3107
172 188  0.0000  0.0000  0.0000
180 188  0.0000  0.0000 11.1304
188 188  0.0000  0.0000 11.1304
196 188  0.0000  0.0000 11.1304
204 188  0.0000  0.0000  0.0000
212 188  0.0000  0.0000  0.0000
220 188  0.0000  0.0000  0.0000
228 188  0.0000  0.0000  0.0000
236 188  0.0000  0.0000 11.1304
244 188  0.0000  0.0000  0.0000
252 188  0.0000  0.0000  0.0000
260 188  0.0000  0.0000  0.0000
268 188  0.0000  0.0000  0.0000
276 188  4.5000 -0.5000  4.0635
284 188  0.0000  0.0000  0.0000
292 188  0.0000  0.0000  0.0000
  4 196  0.0000  0.0000 11.1304
 12 196  0.0000  2.5000  8.8276
 20 196 -0.3732  0.3694 10.3318
 28 196  0.0000  0.0000 11.1304
 36 196  0.0000  0.0000  0.0000
 44 196  0.0000  0.0000  0.0000
 52 196  0.0000  0.0000 11.1304
 60 196 -1.6882  0.3471  6.6888
 68 196  0.0000  0.0000  0.0000
 76 196  0.0000  0.0000  0.0000
 84 196 -0.1960  0.0000 11.1304
 92 196  0.1616  0.2497  7.0875
100 196  0.0000 -0.1931  8.3784
108 196 -0.3595  1.2387  7.3475
116 196 -0.5000  1.7904  5.2947
124 196 -0.1867 -1.5000  6.4178
132 196  0.0000 -5.1960 11.1304
140 196 -0.0524  0.0514  8.5483
148 196  0.0000  0.0000  0.0000
156 196  0.0000  0.0000  0.0000
164 196  0.2011  0.1988 14.8099
172 196  0.0000  0.0000 11.1304
180 196  0.0000  0.0000  0.0000
188 196  2.5000  0.4931  5.2245
196 196 -0.3732  0.3694 10.3318
204 196  0.0000  0.0000  0.0000
212 196  0.0000  0.0000 11.1304
220 196  0.0000  0.0000  0.0000
228 196  0.0000  0.0000  0.0000
236 196  0.0000  0.0000  0.0000
244 196  0.0000  0.0000  0.0000
252 196  0.0000  0.0000  0.0000
260 196  0.0000  0.0000  0.0000
268 196  0.0000  0.0000  0.0000
276 196  0.0000  0.0000  0.0000
284 196  0.0000  0.0000  0.0000
292 196  0.0000 -0.1960 11.1304
  4 204  0.0000  0.0000  0.0000
 12 204  0.0000  0.0000  0.0000
 20 204  0.0630 -0.1897 10.8534
 28 204  0.0000  0.0000  0.0000
 36 204  0.0000  0.0000  0.0000
 44 204 -0.5000  0.0000  8.8276
 52 204  2.5000  0.0000 11.1304
 60 204 -0.1401 -0.2399 12.1506
 68 204  0.0000  0.0000  0.0000
 76 204  0.0000  0.0000  0.0000
 84 204  0.0000  0.0000  0.0000
 92 204  0.0000  0.0000  0.0000
100 204  0.0000  0.0000  0.0000
108 204  4.5000  4.5000  4.0635
116 204 -0.1215  4.8631  7.9034
124 204  0.0000  0.0000  0.0000
132 204  0.0000  0.0000  0.0000
140 204  0.0000  0.0000  0.0000
148 204  0.0000  0.0000  0.0000
156 204  0.0000  0.0000  0.0000
164 204  0.0000  0.0000 12.0628
172 204  0.0000  2.5000  8.8276
180 204  0.0000  0.0000  0.0000
188 204  0.0000  0.0000  0.0000
196 204 -0.2271 -0.5000  9.5143
204 204  0.0000  0.0000  0.0000
212 204  0.0000  0.0000  0.0000
220 204  0.0000  0.0000  0.0000
228 204  0.0000  0.0000  0.0000
236 204  0.0000  0.0000  0.0000
244 204  0.0000  0.0000  0.0000
252 204  0.0000  0.0000  0.0000
260 204  2.5000  0.0000  8.8276
268 204  0.0000  0.0000  0.0000
276 204  0.0000  2.5000  8.8276
284 204  0.0000  0.0000  0.0000
292 204     NaN -0.2391  8.2581
  4 212  0.0000  0.0000  0.0000
 12 212 -0.1825  0.2174 12.5315
 20 212  0.1180 -0.5000  9.2850
 28 212  0.0000  0.0000  0.0000
 36 212 -0.1174  4.1710 14.6131
 44 212  0.0000  0.0000  0.0000
 52 212  1.6947  0.1037 10.4717
 60 212 -0.3468  2.5000 10.2045
 68 212  0.0000  0.0000  0.0000
 76 212  0.0000  0.0000  0.0000
 84 212  0.0000  0.0000  0.0000
 92 212 -0.5000  4.5000  4.0635
100 212  0.0000  0.0000  0.0000
108 212  0.0000  0.0000  0.0000
116 212 -0.0218 -0.2266 12.8350
124 212  0.0000  0.0000 17.0667
132 212  0.0000  0.0000  0.0000
140 212  0.0000  0.0000  0.0000
148 212  0.0000  0.0000  0.0000
156 212  0.0000  0.0000  0.0000
164 212  0.1960  0.0000 11.1304
172 212  0.0000  0.0000  0.0000
180 212  0.0000  0.0000  0.0000
188 212  0.0000  0.0000  0.0000
196 212  0.0000  0.0000 16.1088
204 212  0.0000  0.0000 11.1304
212 212 -0.5000  0.0000  8.8276
220 212  0.0000  0.0000 11.1304
228 212  0.0000  0.0000  0.0000
236 212  0.0000  0.0000  0.0000
244 212  0.0000  0.0000  0.0000
252 212  0.0000  0.0000  0.0000
260 212  0.0000  0.0000  0.0000
268 212  0.0000  0.0000  0.0000
276 212  0.0000  0.0000  0.0000
284 212  0.0000  0.0000  0.0000
292 212  0.0000  0.0000  0.0000
  4 220  0.0000  0.0000 11.1304
 12 220  0.0000  0.0000 16.1088
 20 220  5.5000  4.5000  4.0635
 28 220  0.0000  2.5000  8.8276
 36 220  0.0000  0.0000  0.0000
 44 220  0.0000  0.0000  0.0000
 52 220  0.0000  0.0000  0.0000
 60 220  0.0000  0.0000  0.0000
 68 220  0.0000  0.0000  0.0000
 76 220  0.0000  0.0000  0.0000
 84 220  0.0000  0.0000  0.0000
 92 220  0.0000  0.0000  0.0000
100 220  0.0000  0.0000  0.0000
108 220  0.0000  0.0000  0.0000
116 220 -0.1760  0.0000 15.0588
124 220 -2.5762  4.5000  6.0157
132 220  0.0000  0.0000  0.0000
140 220  0.0000  0.0000  0.0000
148 220  5.3223  2.5000  5.4468
156 220  0.0000  0.0000  0.0000
164 220 -0.2021 -0.2860 10.7438
172 220  0.0000  0.0000  0.0000
180 220  0.0000  0.0000  0.0000
188 220  0.0000  0.0000  0.0000
196 220  0.0000  0.0000  0.0000
204 220  0.1960 -0.5000 11.1304
212 220  0.0000  0.0000  1.0000
220 220  0.0000  0.0000  0.0000
228 220  0.0000  0.0000  0.0000
236 220  0.0000  0.0000  0.0000
244 220  0.0000  0.0000  0.0000
252 220  0.0000  0.0000  0.0000
260 220  0.0000  2.5000  8.8276
268 220  0.0000  2.5000  8.8276
276 220  0.0000  0.0000  0.0000
284 220  0.0000  0.0000  0.0000
292 220  0.0000  0.0000  0.0000
