VARIABLES= "X pix", "Y pix", "U pix/dt", "V pix/dt", "CHC", ZONE I=28, J=37
  4   4  0.0112  0.0000 10.6915
 12   4  0.0011  0.0000 10.9708
 20   4 -0.0035  0.0000 10.9708
 28   4  0.0000 -0.0570 11.2869
 36   4  0.0000 -0.0570 11.2869
 44   4 -0.1757  0.0000 11.0456
 52   4 -0.1816  0.0000 11.9577
 60   4 -0.1139  0.0000 10.9708
 68   4 -0.0708  0.0000 10.9708
 76   4 -0.0290  0.0000 10.9551
 84   4  0.0036  0.0000 11.4848
 92   4  0.0000  0.0000 10.9648
100   4 -0.0331  0.0000 11.4933
108   4  0.1392  0.0000 13.0864
116   4  0.2442  0.0000 11.0965
124   4  0.2230  0.0000 11.7754
132   4  0.1508  0.0000 11.8710
140   4  0.0628  0.0000 11.1241
148   4  0.0105  0.0000 11.7754
156   4  0.0218  0.0000 11.6152
164   4  0.0958  0.0000 11.7754
172   4  0.0655  0.0000 11.8620
180   4 -0.0092  0.0000 11.8620
188   4 -0.0401  0.0113 11.8269
196   4  0.0202 -0.0122 11.8173
204   4  0.0000  0.0101 11.9123
212   4  0.0007 -0.0053 12.9671
220   4  0.0730  0.0000 10.7758
228   4  0.0162  0.0000 10.3969
236   4 -0.0023  0.0000 10.7968
244   4 -0.0193  0.0000  9.5228
252   4 -0.0315  0.0000 10.7394
260   4 -0.0749  0.0000 12.3496
268   4 -0.0760  0.0134 12.2187
276   4 -0.0053  0.0000 12.2384
284   4  0.0000  0.1245 12.4512
292   4 -0.0475  0.0000 12.9217
  4  12 -0.0244  0.0000 10.4845
 12  12  0.0237  0.2028 12.8532
 20  12  0.0216  0.0870 10.7658
 28  12 -0.0808  0.0226 11.7292
 36  12  0.1105  0.0368 14.6648
 44  12  0.1798  0.0000  9.3279
 52  12  0.1039  0.0000 22.6243
 60  12  0.0734  0.0000 10.5957
 68  12  0.0194 -0.0281 20.1673
 76  12 -0.0047 -0.0092 11.0399
 84  12 -0.0240 -0.0774  9.2350
 92  12  0.0854  0.0260  8.4160
100  12  0.0431  0.0000  8.6137
108  12 -0.0078  0.0000 10.7285
116  12 -0.0242  0.0000 11.4185
124  12 -0.0116  0.0000 12.6431
132  12  0.0203  0.0000 12.8260
140  12  0.1049  0.0000 13.1577
148  12  0.2291  0.0000 11.6022
156  12  0.0157  0.0141 13.9939
164  12 -0.0041  0.0000 13.4233
172  12 -0.0260  0.0000 10.0238
180  12  0.0000  0.0529 11.2009
188  12  0.0029 -0.0641 11.7349
196  12  0.3940  0.1923  9.2123
204  12  0.2382  0.0000  9.4815
212  12  0.0454 -0.5342 13.6414
220  12 -0.0640  0.2655 15.3942
228  12 -0.0255  0.5801 11.0613
236  12  0.0601 -0.0509 11.8650
244  12 -0.2336  0.1496  8.9552
252  12  0.0854 -0.0545 12.5602
260  12 -0.0100  0.1349 11.0799
268  12  0.1263  0.1148  8.4922
276  12 -0.0205  0.0128  8.5124
284  12  0.0032  0.2014  7.1215
292  12 -0.0303 -0.0568  7.6549
  4  20  0.0039  0.0570 14.4225
 12  20 -0.0326  0.0000 14.1385
 20  20  0.0000 -0.0188 13.2316
 28  20  0.0009  0.0901 13.2029
 36  20  0.0000  0.0853 12.0704
 44  20 -0.0091  0.0000 10.9372
 52  20 -0.0308  0.0000 12.9050
 60  20  0.0127  0.0000 15.1370
 68  20  0.1629  0.0000 14.5683
 76  20  0.3136  0.0000 12.1341
 84  20  0.0012 -0.0089 13.2521
 92  20 -0.0059 -0.0153 12.3393
100  20 -0.0591  0.0346 10.2834
108  20 -0.0282 -0.0953 10.8916
116  20 -0.0000  0.0000 14.9704
124  20  0.2494  0.0000 14.4311
132  20  0.2059  0.0000 13.7414
140  20  0.0779  0.0000 13.9785
148  20 -0.0026  0.0000 13.8397
156  20  0.0067 -0.0040 13.7493
164  20 -0.0268 -0.0077 12.6442
172  20 -0.0110 -0.0000 18.7545
180  20  0.0004  0.0009 14.4063
188  20 -0.0040 -0.0194 16.7205
196  20 -0.0070  0.0016 17.5982
204  20 -0.0051  0.0032 22.7305
212  20 -0.1382  0.0264 21.8130
220  20 -0.0861 -0.0847 13.3856
228  20 -0.0410 -0.0064  7.3319
236  20 -0.0597  0.0145 13.7510
244  20 -0.0258  0.0349 13.5443
252  20  0.0323  0.0215 12.6624
260  20  0.1796 -0.0826 10.6035
268  20  0.0594  0.0000 11.2941
276  20 -0.0406  0.0992 14.3872
284  20 -0.0271  0.0626 17.7845
292  20  0.1681  0.0281 16.1165
  4  28  0.2615  0.0000  9.3720
 12  28  0.0077  0.0117  9.6258
 20  28  0.0054 -0.0304 11.0692
 28  28 -0.0195  0.0149 10.1668
 36  28  0.0000  0.0072 10.4849
 44  28  0.0019 -0.0137 10.2862
 52  28  0.1081  0.0000 10.2854
 60  28  0.0960  0.0000  9.9048
 68  28  0.0462  0.0000 10.4817
 76  28  0.0034  0.0000 10.7447
 84  28  0.0012 -0.0001  9.6208
 92  28  0.0204  0.0184  9.4679
100  28 -0.0383  0.0073 12.1474
108  28  0.0121  0.0077 14.7458
116  28  0.0224  0.0019  8.9152
124  28  0.0000 -0.0000  9.6298
132  28 -0.0027  0.0040  8.6575
140  28  0.0017 -0.0009  9.2462
148  28  0.0083 -0.0100  9.1895
156  28  0.0024 -0.0015 19.3733
164  28 -0.0073  0.0000 16.3493
172  28  0.0135 -0.0621 16.3569
180  28 -0.0091  0.0313 16.5623
188  28 -0.0054  0.0087 13.1716
196  28  0.0042  0.0005  8.8845
204  28 -0.0120  0.0028  9.2034
212  28  0.0006  0.0024  9.8158
220  28 -0.0002 -0.0168  9.8273
228  28  0.0600  0.0000  9.2044
236  28 -0.0007 -0.0011  9.0815
244  28 -0.0130  0.0011  9.1860
252  28 -0.0230  0.0126 10.6950
260  28  0.0120  0.0166 15.7793
268  28 -0.0172 -0.0138 12.4474
276  28  0.0245 -0.0732 28.0679
284  28 -0.0064  0.0175 14.4780
292  28 -0.0009  0.0032 11.4193
  4  36 -0.0222  0.0000  7.4352
 12  36 -0.0249  0.0017  7.3182
 20  36  0.0148 -0.0646  6.8565
 28  36 -0.1407 -0.1324  6.1073
 36  36  0.0000  0.0000  6.5085
 44  36  0.0257  0.4414  7.2498
 52  36  0.1233 -0.0163  8.8321
 60  36 -0.0845 -0.0244  9.8345
 68  36 -0.0205  0.0000 10.5606
 76  36  0.0219  0.0000 11.4425
 84  36  0.0266  0.0000 11.9696
 92  36  0.0212  0.0000 11.9696
100  36  0.0278  0.0109  8.9622
108  36  0.0346  0.0504  7.1171
116  36  0.0000 -0.0743  7.4582
124  36  0.0000  0.0000  8.1212
132  36  0.0379  0.0000 11.1304
140  36 -0.0318  0.0000 17.0667
148  36  0.0125 -0.0216  6.2033
156  36 -0.0284  0.0284 13.4196
164  36  0.0369 -0.0007 13.8113
172  36  0.0779  0.0000 15.0577
180  36  0.0088  0.0083 12.9048
188  36 -0.0016  0.0247  9.1912
196  36  0.1266  0.0000 12.3343
204  36  0.0068  0.0958 14.0008
212  36 -0.0338  0.0000 14.8284
220  36 -0.0181  0.0000 14.4906
228  36 -0.0571  0.0000 12.7205
236  36 -0.1248  0.0000 11.4015
244  36 -0.2693  0.0982  9.7086
252  36 -0.1910  0.0000 12.8656
260  36 -0.1285  0.0432  8.3688
268  36  0.0376 -0.0292 10.0967
276  36  0.1101  0.0000  9.4841
284  36 -0.0165  0.0000  9.4311
292  36  0.0199  0.0000  8.4139
  4  44  0.0419  0.0000 20.7059
 12  44  0.0370  0.0000 11.9011
 20  44  0.0230  0.0000 15.5414
 28  44  0.0090  0.0000 15.4368
 36  44 -0.0184  0.0000 15.4368
 44  44 -0.0908 -0.0080 12.0575
 52  44  0.0000 -0.0330 10.2862
 60  44  0.1140  0.0424  8.5818
 68  44 -0.1024 -0.0232  8.3788
 76  44  0.0725 -1.0138  8.1758
 84  44  0.0168  0.0000 12.0628
 92  44  0.0846  0.0000 11.1304
100  44  0.5633  0.0000 16.1088
108  44  1.3468  0.0000 11.1304
116  44  2.5000  0.0000  8.8276
124  44  1.0435  0.0000 11.1304
132  44  0.2593  0.0000 17.0667
140  44 -0.0021  0.0000 21.6135
148  44 -0.0039  0.0892  5.9813
156  44 -0.0074  0.0050 15.5629
164  44  0.0197  0.0021 11.3989
172  44 -0.0093 -0.0072 14.1886
180  44 -0.0063  0.0133 13.7987
188  44 -0.1818  0.0000  8.9607
196  44 -0.2768  0.0000  8.6486
204  44 -0.2027 -1.2897  6.4780
212  44 -0.1945  0.0000  7.4479
220  44  0.0084 -0.0838  8.9875
228  44  0.0401  0.0000 10.7789
236  44  0.0303  0.0000 12.4923
244  44  0.0164  0.0000 10.6057
252  44  0.0136  0.0000 16.2968
260  44  0.0443  0.0000 15.2135
268  44  0.0817  0.0000 11.0903
276  44  0.1742  0.0000  9.2086
284  44  0.0276  0.0000 11.0903
292  44 -0.0685 -0.0625 11.2227
  4  52  0.1888 -0.2177  7.7057
 12  52  0.0367 -0.0780  8.5648
 20  52  0.0000 -0.2293  7.2754
 28  52  0.4052  0.0000 15.5009
 36  52  0.8366  0.0000  0.0000
 44  52  1.1284  0.0000  0.0000
 52  52  0.1521 -0.0687  7.5588
 60  52 -0.0867  0.0000  0.0000
 68  52 -0.2048  0.0000  0.0000
 76  52 -0.2571  0.1311  7.2040
 84  52  0.0825 -0.5000  8.3349
 92  52  0.0992  0.0000  0.0000
100  52  0.0509  0.0000 11.1304
108  52 -0.0605  0.0000  0.0000
116  52 -0.3933  0.0000  8.8276
124  52 -0.9441  0.0000  0.0000
132  52 -1.5000  0.0000  8.2581
140  52 -0.7553  0.0000  0.0000
148  52 -0.0062  0.0259  6.3443
156  52  0.0085 -0.0196 27.6478
164  52  0.0042 -0.0034 13.6888
172  52 -0.0052  0.0000 10.9349
180  52 -0.0039  0.0067 26.4422
188  52  0.0842  0.0000  8.0580
196  52  0.1751  0.0000 12.5902
204  52  0.3604 -0.1235 13.6655
212  52 -0.0700  0.1626 12.3871
220  52 -0.0767  0.0000 12.7546
228  52  0.0609  0.0000 12.3152
236  52  0.0463  0.0000 15.4368
244  52 -0.0202  0.0000 10.6057
252  52  0.0601  0.0000 14.9157
260  52  0.0092 -0.1620 11.9202
268  52 -0.0250  0.0128 10.3718
276  52  0.0128 -0.1206 11.2351
284  52 -0.0951  0.0000 16.2968
292  52 -0.1441  0.0000 13.8188
  4  60 -0.1737  0.0000 22.2609
 12  60 -0.0238  0.0000 16.1088
 20  60  0.0102  0.0000  0.0000
 28  60  0.0012  0.0000 11.1304
 36  60 -0.0546  0.0000  0.0000
 44  60 -0.2754  0.0000 11.1304
 52  60 -0.7933  0.0000 11.1304
 60  60 -1.1776  0.0000  0.0000
 68  60 -0.7659  0.0000  0.0000
 76  60 -0.2110  0.0000  8.8276
 84  60 -0.0427  0.0000 13.7892
 92  60 -0.0100  0.0000 13.3565
100  60 -0.0315  0.0000 20.1250
108  60 -0.0538  0.0000 11.1304
116  60  0.0000 -0.1760 15.0588
124  60 -0.1065  0.0000 15.2515
132  60  0.0424  0.0000 16.1088
140  60 -0.0256  0.0000 12.1905
148  60  0.0000  0.0000  5.6090
156  60  0.0000  0.0028  5.8154
164  60  0.0225  0.0000  5.7671
172  60 -0.0030  0.0000  5.7148
180  60 -0.0016  0.0279  5.7691
188  60  0.0274 -0.0032  5.4431
196  60  0.0000  0.3042 13.4737
204  60 -0.1320  0.0000 11.1304
212  60 -0.0719  0.0000  0.0000
220  60  0.0029  0.0000  0.0000
228  60 -0.0952  0.0000  0.0000
236  60 -0.1324  0.0000 11.1304
244  60 -0.1556  0.0000  7.8087
252  60 -0.1318 -0.0214 11.1304
260  60 -0.0485  0.0000 13.3851
268  60  0.0100  0.2461 10.0346
276  60 -0.3711  0.0000 11.5903
284  60 -0.6416  0.0000 10.2729
292  60 -0.5090  0.0000  9.9944
  4  68 -0.1811  0.0000 12.0628
 12  68 -0.0319  0.0000  0.0000
 20  68 -0.0127  0.0000  0.0000
 28  68 -0.0900  0.0000  0.0000
 36  68 -0.2215  0.0000  0.0000
 44  68 -0.1673  0.0000 16.1088
 52  68 -0.5000 -0.1588 10.5785
 60  68 -0.2103  0.0000 11.1304
 68  68  0.0339  0.0000 11.1304
 76  68  0.2268 -0.0375 11.6782
 84  68 -0.0000  0.0000 11.6208
 92  68  0.0276 -0.0444 15.5672
100  68 -0.1274  0.0000 16.2922
108  68 -0.1841  0.0418 12.3683
116  68 -0.4005  0.0000 16.1088
124  68 -0.4781  0.0000 17.0667
132  68 -0.5000 -0.1180  9.2850
140  68 -0.1140  0.0000 13.5576
148  68  0.1502 -0.0294 11.7575
156  68 -0.0937  0.0000 16.1088
164  68 -0.2631  0.0000 16.1088
172  68 -0.3663  0.0000 11.1304
180  68 -0.3872  0.0000 10.1261
188  68 -0.2564  0.0000 16.1088
196  68 -0.1339  0.0000 11.1304
204  68 -0.1339  0.0000  0.0000
212  68 -0.2053  0.0000  0.0000
220  68 -0.2175  0.0000  0.0000
228  68  0.0083  0.0000  0.0000
236  68  0.0472  0.0000  0.0000
244  68  0.0099  0.0000 11.1304
252  68 -0.1477  0.0000 11.1304
260  68 -0.5199  0.0000 11.1304
268  68 -0.0418 -0.1521 12.6567
276  68 -0.2656  0.0000  8.8167
284  68 -0.1565  0.0000 10.8982
292  68  0.0403  0.0000 19.4783
  4  76  0.1688  0.0000  9.2086
 12  76  0.0700  0.0000  0.0000
 20  76  0.0400  0.0000  0.0000
 28  76 -0.4794  0.0000  0.0000
 36  76 -0.7167  0.0000 11.1304
 44  76 -1.0364  0.0000 18.0880
 52  76 -0.9024  0.0000  9.2086
 60  76 -0.5900  0.0000 11.1304
 68  76 -0.1240 -0.1147 16.2611
 76  76  0.0775  0.2324  6.8048
 84  76 -0.2262  0.0291  9.7640
 92  76 -0.3606  0.0000 11.7341
100  76 -0.4603  0.0000  9.4208
108  76 -0.5000  0.1180  9.2850
116  76 -0.3145  0.0264 11.0777
124  76 -0.2298  0.0000 12.0628
132  76  0.0382  0.1028 16.6166
140  76  0.2201  0.0000 20.7059
148  76  0.0610  0.1159 10.1401
156  76  0.2907  0.0403 10.5761
164  76  0.1202  0.0000 13.0803
172  76  0.0255  0.0000 12.0628
180  76 -0.1548  0.5000 10.8245
188  76 -1.2596  0.3479  7.1968
196  76 -0.6521  0.0000  0.0000
204  76 -0.3615  0.0000  0.0000
212  76 -0.1410  0.0000  0.0000
220  76  0.0331  0.0000  0.0000
228  76  0.1240  0.0000  0.0000
236  76  0.0924  0.0000  0.0000
244  76  0.0537  0.0000 11.1304
252  76 -0.6349  0.0000 11.1304
260  76 -0.9983  0.0000 16.1088
268  76 -1.5000  0.0000  8.2581
276  76 -1.0755  0.0000  8.0688
284  76 -0.5644  0.0000  0.0000
292  76 -0.1360  0.0000 16.1088
  4  84  0.0244  0.0000 12.0628
 12  84 -0.1198  0.0000 11.1304
 20  84 -0.2266  0.0000  0.0000
 28  84 -0.2145  0.0000 21.1729
 36  84  0.0613  0.0000 15.8661
 44  84  0.3134  0.0000  8.0000
 52  84  0.0579 -0.2001 13.7634
 60  84 -0.1500 -0.0571  9.2691
 68  84  0.7884  0.0000  6.2537
 76  84  0.6662  0.0000 12.6074
 84  84  0.4740  0.0000 14.8377
 92  84  0.0717  0.0208 10.8567
100  84 -0.0658  0.0000 15.5414
108  84 -0.1216  0.0000 11.1304
116  84 -0.5285  0.0000 11.1304
124  84 -0.4134  0.0000 16.1088
132  84 -0.2384  0.0000 11.1304
140  84 -0.0633  0.0000 16.1088
148  84  0.0503  0.0000 10.1191
156  84  0.1108  0.0000  0.0000
164  84  0.0968  0.0000  0.0000
172  84  0.0412  0.0000  0.0000
180  84 -0.3386  0.0000  0.0000
188  84 -0.5832  0.0000 11.1304
196  84 -0.9154  0.0000  0.0000
204  84 -0.6209  0.0000 11.1304
212  84 -0.2293  0.0000  0.0000
220  84  0.0455  0.0000 11.1304
228  84  0.1285  0.0000  0.0000
236  84  0.0432  0.0000  0.0000
244  84 -0.0538  0.0000  0.0000
252  84  0.0029  0.0000  0.0000
260  84  0.8124  0.0000  0.0000
268  84  1.6589  0.0000  0.0000
276  84  2.5000  0.0000  8.8276
284  84  0.0000 -0.1960 11.1304
292  84  1.3070 -0.0337 12.4709
  4  92  0.8927  0.0000 16.1088
 12  92  0.6935  0.0000 11.1304
 20  92  0.3508  0.0000 15.5414
 28  92  0.0480 -0.0076 12.0923
 36  92  0.1995 -0.0307 18.7077
 44  92  0.2536  0.1936  9.5623
 52  92  0.0000  0.5000  8.0688
 60  92 -0.0698  0.0000 11.9011
 68  92  0.0000  0.5000  7.5815
 76  92  0.0421  0.0000  8.6413
 84  92  0.1065  0.0000  7.3143
 92  92  0.1122  0.0000  0.0000
100  92  0.0000 -0.5000  8.8276
108  92  0.1063  0.0000  6.9728
116  92  0.0101 -0.1146 17.4161
124  92 -0.3489  0.0000  0.0000
132  92 -0.0378  0.0868 15.2803
140  92  0.2215  0.0000 12.0628
148  92  0.3070  0.0000 16.1088
156  92  0.2781  0.0000 13.5576
164  92  0.1751  0.0000  0.0000
172  92  0.0000 -0.5000  4.0635
180  92 -0.3147  0.7765  7.7576
188  92  0.8463  0.0000  0.0000
196  92  0.8962  0.0000  0.0000
204  92  0.8545  0.0000  0.0000
212  92 -1.0125  0.0000  0.0000
220  92 -1.7328 -0.5000  7.8736
228  92 -0.3218  0.0000 20.7059
236  92  0.7173  0.0000 12.0628
244  92  0.8099  0.0000  0.0000
252  92  0.5189  0.0000  4.0635
260  92  0.3894  0.0000 11.1304
268  92  0.2805  0.0000  0.0000
276  92  0.0171  0.0000  8.8276
284  92 -0.1665  0.0000 16.1088
292  92 -0.1965  0.0000 17.0667
  4 100 -0.1007  0.0000 11.1304
 12 100  0.0977  0.0000 11.3350
 20 100  0.2139  0.0000 11.1304
 28 100 -0.0417  0.1134  7.3143
 36 100  0.3064  0.0000  8.3718
 44 100  0.0610 -1.0000  8.9210
 52 100 -0.3091  0.0000 15.7112
 60 100  0.1786  0.0000  0.0000
 68 100  0.5000  0.0000  8.4768
 76 100  0.4356  0.0000  0.0000
 84 100  0.3113  0.0000  0.0000
 92 100  0.2029  0.0000 11.1304
100 100 -0.0000 -0.0461 13.3069
108 100 -0.8266  1.2821 10.5097
116 100  1.0000  0.0000  9.2850
124 100 -0.3309  0.0637  7.1846
132 100 -0.4043 -0.4043  8.0000
140 100 -1.1878  0.0000 11.1304
148 100 -1.3407  0.0000  0.0000
156 100  0.0000 -0.5000  8.8276
164 100  1.5098  0.0000  0.0000
172 100  1.4691  0.0000  0.0000
180 100  0.8888  0.0000  0.0000
188 100  0.4289  0.0000  0.0000
196 100  0.1306  0.0000  0.0000
204 100 -0.1823  0.0000  0.0000
212 100 -0.4648  0.0000  0.0000
220 100 -0.5675  0.0000  0.0000
228 100 -0.3673  0.0000  8.4768
236 100  0.1284  0.0000 17.0667
244 100  0.6544  0.0000  4.0635
252 100  1.5000  0.0000  8.2581
260 100  0.2836  0.0000  0.0000
268 100  0.1335  0.0000  0.0000
276 100  0.0616  0.0000  0.0000
284 100  0.4043 -0.4043  8.0000
292 100  0.4475  0.0000 11.1304
  4 108  0.2827  0.0000  0.0000
 12 108  0.1133  0.0000 19.1045
 20 108  0.0467  0.0000  8.2581
 28 108  0.0000 -0.0548  9.9740
 36 108 -0.0235 -0.3939  8.7892
 44 108  0.3004  0.0000 17.0667
 52 108 -0.4951  0.0000  8.8276
 60 108 -0.7062  0.0000 11.1304
 68 108 -0.8275  0.0000  0.0000
 76 108 -0.5000  0.0000  8.8276
 84 108  0.6508  0.0000 16.1088
 92 108  2.5000  0.0000  8.8276
100 108  1.8303  0.0000  0.0000
108 108  0.8833  0.0000 11.1304
116 108  0.2858  0.0000 11.1304
124 108  0.0000 -0.3120 13.1657
132 108 -0.3664  0.0000 16.1088
140 108 -0.8245  0.0000 11.9011
148 108 -1.0794  0.0000 16.1088
156 108 -0.8106  0.0000 14.2222
164 108  0.0764  0.0000 11.1304
172 108  0.7172  0.0000  0.0000
180 108  1.5787  0.0000  0.0000
188 108  0.1632  0.0000  0.0000
196 108  0.1351  0.0000  0.0000
204 108  0.1412  0.0000  0.0000
212 108  0.2476  0.0000  0.0000
220 108  0.1733  0.0000  0.0000
228 108 -0.0516  0.0000  0.0000
236 108 -0.2395  0.0000 11.1304
244 108 -0.2274  0.0000 16.1088
252 108 -0.2780  0.1270 13.3759
260 108 -0.3127 -0.1061  9.8739
268 108 -0.3596  0.0000 16.1088
276 108 -0.7536  0.0000 11.1304
284 108 -0.7302  0.0000  0.0000
292 108 -0.4232  0.0000 11.1304
  4 116  0.0581 -0.3365 14.8532
 12 116  0.0417  0.1134  7.3143
 20 116  1.1152  0.0000 16.1088
 28 116  0.9099  0.0000 12.0628
 36 116  0.3066  0.0000 11.1304
 44 116  0.1270 -0.0377 20.9591
 52 116  0.2756  0.0000  9.4208
 60 116 -0.2634  0.0000  0.0000
 68 116 -1.0721  0.0000  0.0000
 76 116 -1.6568  0.0000 11.1304
 84 116 -1.4843  0.0000 11.9011
 92 116  0.0418  0.1521 12.6567
100 116  0.4124  0.0000 11.1304
108 116  0.6959  0.0000  0.0000
116 116  0.0632  0.0811  7.0137
124 116  0.1111  0.0000  9.6911
132 116  0.0992  0.0000 11.1304
140 116  0.0551  0.0000 11.1304
148 116 -0.0843  0.0000  0.0000
156 116 -0.3436  0.0000 13.1641
164 116 -0.5000  0.0000  8.8276
172 116 -0.2456  0.0000  8.8276
180 116 -0.1219  0.0000  0.0000
188 116 -0.3566  0.0000  0.0000
196 116 -0.7255  0.0000  0.0000
204 116 -1.0777  0.0000  0.0000
212 116 -0.7964  0.0000  0.0000
220 116 -0.2967  0.0000  0.0000
228 116  0.0214  0.0000 11.1304
236 116 -0.0490  0.0000  0.0000
244 116  0.1930  0.0000  0.0000
252 116  0.1056  0.0000  9.5632
260 116 -0.0634 -0.3281  9.2530
268 116  0.7416  0.0000  8.8276
276 116  1.2748  0.0000 11.1304
284 116  0.2045  0.0000 11.1304
292 116 -1.0555  0.0000 11.1304
  4 124 -2.0221  0.0000  7.4979
 12 124 -2.3099  0.0000 11.5958
 20 124  0.0601  1.5000  8.6646
 28 124 -0.1063  0.0000  6.9728
 36 124 -0.5000  0.0265 11.4627
 44 124  0.0928 -0.0822  7.6180
 52 124  0.1960 -0.5000 11.1304
 60 124  0.0889  0.0000  0.0000
 68 124 -0.0709  0.0000  0.0000
 76 124 -0.1912  0.0000 12.4272
 84 124 -0.3942  0.0000 11.1304
 92 124 -0.2226  0.0000 11.1304
100 124 -0.0053  0.0000  0.0000
108 124  0.1780 -0.2756  7.6418
116 124 -0.2761  0.0806  9.3746
124 124 -0.8253  0.0000  9.7047
132 124 -1.3070  0.0337 12.4709
140 124 -0.7310  0.0000 11.1304
148 124 -0.0451  0.0000  0.0000
156 124  0.1681  0.0000  0.0000
164 124  0.0431  0.0000  8.8276
172 124 -0.0973  0.1439 10.5822
180 124  0.0000 -0.5000  8.8276
188 124  0.5159  0.0000  0.0000
196 124  1.6783  0.0000 11.1304
204 124  2.5000 -0.1588 10.5785
212 124  0.5230  0.0000 11.1304
220 124 -0.7593  0.0000 16.1088
228 124 -1.3371  0.0000 11.1304
236 124 -1.2412  0.0000  8.8276
244 124 -0.0861  0.0000  0.0000
252 124 -0.3520  0.0000  0.0000
260 124 -1.0597  0.0000  0.0000
268 124  0.3566  0.0000  0.0000
276 124  0.3137  0.0000 17.2183
284 124  0.1308  0.0000  0.0000
292 124 -0.1646  0.0000  0.0000
  4 132 -0.2749  0.0000 15.4912
 12 132 -0.5000 -0.1588 10.5785
 20 132 -0.0308  0.1823 13.1845
 28 132 -0.1472  0.0000  0.0000
 36 132 -0.3121  0.0000  0.0000
 44 132 -0.4400  0.0000 11.1304
 52 132 -0.5280  0.0000  0.0000
 60 132 -0.6644  0.0000  0.0000
 68 132 -0.2895  0.0000 16.1088
 76 132  0.4130 -0.3679  7.6027
 84 132  0.4853  0.0000  0.0000
 92 132  0.4251  0.0000 11.1304
100 132  0.2890  0.0000  0.0000
108 132  0.0000 -0.5000  8.8276
116 132  0.7375  0.0000 17.0667
124 132  1.5092  0.0000  0.0000
132 132  1.2664  0.0000  0.0000
140 132 -0.5000  0.0000  8.8276
148 132 -0.7538  0.0000  0.0000
156 132 -0.5040  0.0000 11.1304
164 132 -0.2126  0.0000 16.1088
172 132  0.2414  0.0000 11.1304
180 132 -0.5000  0.0000 11.1304
188 132 -1.4687  0.0000  0.0000
196 132  0.6196  0.0000  0.0000
204 132  0.5386  0.0000 11.1304
212 132  0.3885  0.0000  0.0000
220 132 -0.0677  0.2414 11.7124
228 132  0.0000 -0.5000  8.8276
236 132 -0.2678  0.0000  0.0000
244 132 -0.2648  0.0000 19.4783
252 132 -0.5651  0.0000 20.7059
260 132 -1.0326  0.0000  0.0000
268 132 -0.7094  0.0000  0.0000
276 132 -0.1960  0.0000 11.1304
284 132 -0.1632  0.0000  0.0000
292 132 -0.2440  0.0000  0.0000
  4 140  0.1739  0.0000 11.1304
 12 140  0.4619  0.0000 16.1088
 20 140  0.7393  0.0000 16.1088
 28 140  1.0000  0.0000  9.2850
 36 140  0.6276  0.0000  0.0000
 44 140  1.0786  0.0000  0.0000
 52 140  1.4877  0.0000  0.0000
 60 140  0.6217  0.0000  0.0000
 68 140 -0.4412  0.0000 12.0455
 76 140 -0.3434  0.0000  0.0000
 84 140  0.4119  0.0000  0.0000
 92 140  0.3042  0.0000 11.1304
100 140  0.0000 -0.0158 17.0667
108 140 -0.8959  0.0000  0.0000
116 140 -1.8682  0.0000 12.0628
124 140  0.6797  0.0000  0.0000
132 140  0.7747  0.0000 11.1304
140 140  1.0238  0.0000  0.0000
148 140  0.5890  0.0000  0.0000
156 140  0.2371  0.0000  0.0000
164 140 -0.1289  0.0000 11.1304
172 140 -0.2658  0.0000  0.0000
180 140 -0.4937  0.0000  0.0000
188 140 -1.5000 -0.5000  7.4357
196 140 -0.8842  0.0000  0.0000
204 140 -0.2072  0.0000  0.0000
212 140  0.0832 -0.3131  9.8462
220 140 -0.5000  0.0000  8.8276
228 140 -0.1624  0.0000  0.0000
236 140  0.1951  0.0000 11.1304
244 140  0.5221  0.0000 19.1045
252 140  0.6061  0.0000 19.4783
260 140  0.4043 -0.4043  8.0000
268 140  1.0013  0.0000  0.0000
276 140  1.5000  0.0000  8.2581
284 140 -0.0349  0.0000  0.0000
292 140 -0.5785  0.0000  0.0000
  4 148 -0.0893 -0.0924 15.4596
 12 148  1.3070  0.0337 12.4709
 20 148  0.2416  0.0000 16.1088
 28 148 -1.4070  0.1518 10.3087
 36 148 -1.5155  0.0000  0.0000
 44 148 -1.9239  0.0000  0.0000
 52 148  0.3928  0.0000  0.0000
 60 148  0.5868  0.0000 16.1088
 68 148  1.5000  0.0000  8.2581
 76 148  0.9528  0.0000  0.0000
 84 148  0.3265  0.0000  0.0000
 92 148 -0.0979  0.0000 11.1304
100 148  0.0544  0.0000  0.0000
108 148  0.9962  0.0000  0.0000
116 148  0.1713  0.0000 11.1304
124 148 -0.1345  0.0000 11.1304
132 148 -0.0919  0.0000 16.1088
140 148 -0.0126  0.0000  0.0000
148 148 -0.2246  0.0000 11.1304
156 148 -0.0430  0.0000  0.0000
164 148  0.1912  0.0000 12.4272
172 148  0.4912  0.0000 11.1304
180 148  0.3188  0.0000 11.1304
188 148 -0.1841  0.0418 12.3683
196 148  0.2958  0.0000  8.4768
204 148  0.1177  0.0000 12.0628
212 148 -1.3070 -0.0337 12.4709
220 148 -0.7773  0.0000  0.0000
228 148  0.2740  0.0000 11.1304
236 148  1.2781  0.0000 13.5576
244 148  0.6497  0.0000 22.2609
252 148 -0.4970  0.0000 11.1304
260 148 -0.8030  0.0000 16.1088
268 148 -1.0018  0.0000  0.0000
276 148 -0.1151 -0.1151 16.5161
284 148 -0.5000  0.0000 11.1304
292 148  0.4736  0.0000  0.0000
  4 156  0.4770  0.0000 16.1088
 12 156  0.0288  0.0000 11.1304
 20 156 -0.4053  0.0000 16.1088
 28 156 -0.1841 -0.0418 12.3683
 36 156  2.5000  0.0000  8.8276
 44 156  1.3485  0.0000 11.1304
 52 156  0.4236  0.0000 11.1304
 60 156  0.0000 -0.5000  8.8276
 68 156  0.0252  0.0000  0.0000
 76 156  0.1302  0.0000  0.0000
 84 156  0.4681  0.0000 16.1088
 92 156  0.8864  0.0000 20.7059
100 156  1.2004  0.0000  0.0000
108 156  1.0066  0.0000  0.0000
116 156  0.7038  0.0000 16.1088
124 156  0.7981  0.0000 16.1088
132 156  0.3882  0.0000 11.1304
140 156 -0.3636  0.0000  0.0000
148 156  0.0300  0.0000  0.0000
156 156  1.0014  0.0000 13.5576
164 156  1.8150  0.0000 13.0803
172 156  1.4291  0.0000  0.0000
180 156  0.6717  0.0000  0.0000
188 156  0.3751  0.0000  0.0000
196 156  0.5000  0.0000 11.1304
204 156 -0.5389  0.0000  0.0000
212 156 -0.4299  0.0000  0.0000
220 156  0.1313  0.0812 16.9211
228 156  0.1364  0.0000  0.0000
236 156 -0.1824  0.0000  0.0000
244 156 -0.5809  0.0000  0.0000
252 156 -0.6786  0.0000  0.0000
260 156 -0.0677 -0.2414 11.7124
268 156  0.2350  0.0000 22.2609
276 156  0.0834  0.0000 11.1304
284 156 -0.0418 -0.1521 12.6567
292 156  0.0820  0.0000  0.0000
  4 164  0.4043  0.0000  0.0000
 12 164  0.9628  0.0000 11.1304
 20 164  1.6353  0.0000 11.1304
 28 164  2.1359  0.0000 16.1088
 36 164  1.8338  0.0000  0.0000
 44 164  1.6864  0.0000 11.1304
 52 164  1.8640  0.0000 11.1304
 60 164  1.3343  0.0000 11.1304
 68 164  0.7577  0.0000  0.0000
 76 164  0.9134  0.0000  0.0000
 84 164  1.6762  0.0000 22.2609
 92 164  2.5000 -0.0391  9.3822
100 164  2.0726  0.0000  0.0000
108 164  1.4954  0.0000  0.0000
116 164  1.2898  0.0000  0.0000
124 164  1.6107  0.0000  7.4160
132 164 -0.4087  0.0000 11.1304
140 164 -0.2429  0.0000  0.0000
148 164 -0.0346  0.0000  0.0000
156 164 -0.0416  0.0000  8.2581
164 164 -0.1960  0.0000 11.1304
172 164 -0.4552  0.0000 11.1304
180 164 -0.6127  0.0000  0.0000
188 164 -0.5745  0.0000 11.1304
196 164 -0.4017  0.0000 16.1088
204 164 -0.2796  0.0000  0.0000
212 164 -0.1773  0.0000  0.0000
220 164  0.0247  0.0000  8.2581
228 164  0.4164  0.0000 11.1304
236 164  1.0537  0.0000  0.0000
244 164  1.8060  0.0000 11.1304
252 164  2.5000  0.0000  8.8276
260 164  1.7743  0.0000  0.0000
268 164  1.7614  0.0000 19.4783
276 164  2.5000  0.1588 10.5785
284 164  1.8728  0.0000 22.2609
292 164  1.2829  0.0000  0.0000
  4 172  1.1647  0.0000 17.0667
 12 172  1.5295  0.0000  0.0000
 20 172  2.0144  0.0000 11.1304
 28 172  1.9194  0.0000  0.0000
 36 172  1.6592  0.0000 17.0667
 44 172  1.6228  0.0000 16.1088
 52 172  2.0761 -0.1459 14.3598
 60 172  0.1760  0.0000 15.0588
 68 172  0.0421  0.0000  0.0000
 76 172 -0.0534  0.0000 11.1304
 84 172 -0.1394  0.0000 11.1304
 92 172 -0.1751  0.0000 11.1304
100 172 -0.1966  0.0000  0.0000
108 172 -0.2275  0.0000 16.1088
116 172 -0.4768  0.0000 11.1304
124 172 -0.5901  0.0000  0.0000
132 172 -0.3884  0.0000 16.1088
140 172 -0.2279  0.0000  8.9154
148 172 -0.1112  0.0000  5.4468
156 172  0.1322  0.0000  0.0000
164 172  0.5819  0.0000 14.5615
172 172  0.7500  0.0000 11.1304
180 172  0.5504  0.0000 11.1304
188 172  0.0000 -0.5000  8.8276
196 172  0.1313  0.0812 16.9211
204 172  0.9316  0.0000  0.0000
212 172  1.2229  0.0000  0.0000
220 172  1.0381  0.0000  0.0000
228 172  0.8023  0.0000  0.0000
236 172  0.8783  0.0000  0.0000
244 172  1.2340  0.0000  0.0000
252 172  1.3629  0.0000  0.0000
260 172  1.3327  0.0000  0.0000
268 172  1.3748  0.0000  0.0000
276 172  1.6975  0.0000  0.0000
284 172  0.9759  0.0000 11.1304
292 172  0.3487  0.0000  0.0000
  4 180 -0.0469  0.0000  0.0000
 12 180 -0.2568  0.0627  8.5469
 20 180 -0.2199  0.0000 12.0455
 28 180 -0.0372  0.0000  0.0000
 36 180  0.1930 -0.1867 15.3090
 44 180 -0.2234  0.0000  8.8276
 52 180 -0.5000  0.0448  8.9013
 60 180 -0.1036  0.0000 12.0455
 68 180  0.0032  0.0000  0.0000
 76 180 -0.1489  0.0000 22.2609
 84 180 -0.1986  0.0000 20.7059
 92 180  0.2258  0.0000 16.1088
100 180 -0.1467  0.0000  0.0000
108 180 -1.0000  0.0000  9.2850
116 180 -1.0446  0.0000 16.1088
124 180 -0.8268  0.0000 16.7450
132 180 -0.3272  0.0000  0.0000
140 180  0.7677  0.0000  0.0000
148 180  0.7962  0.0000  0.0000
156 180  0.3134  0.0000  0.0000
164 180  0.1760  0.0000 15.0588
172 180  0.5560  0.0000  0.0000
180 180  0.7787  0.0000  0.0000
188 180  0.8155  0.0000 11.1304
196 180  0.8036  0.0000 11.1304
204 180  0.8622  0.0000  0.0000
212 180  1.5000 -0.5000  8.2581
220 180  0.4893  0.0000 11.1304
228 180 -0.1098  0.0000 11.1304
236 180 -0.4138  0.0000 16.1088
244 180 -0.4688  0.0000  0.0000
252 180 -0.3587  0.0000  0.0000
260 180 -0.1707  0.0000  0.0000
268 180 -0.0923  0.0000  0.0000
276 180  0.2493  0.0000 11.1304
284 180  0.8151  0.0000 11.1304
292 180  0.6817  0.0000 11.1304
  4 188  0.1035  0.0000  8.8276
 12 188 -0.3732 -0.3694 10.3318
 20 188  0.5000  0.0000 11.1304
 28 188  0.0059  0.0000 11.1304
 36 188 -0.6355  0.0000 22.2609
 44 188 -0.6721  0.0000 20.7059
 52 188 -0.5000 -0.0391  9.3822
 60 188 -0.4681  0.0000  9.5738
 68 188  1.6520  0.0000 11.1304
 76 188  1.2675  0.0000  0.0000
 84 188  0.1699  0.0000  8.2581
 92 188  0.1947  0.0000  0.0000
100 188  0.3712  0.0000  0.0000
108 188  0.4438  0.0000 16.1088
116 188  0.3701  0.0000  0.0000
124 188  0.2009  0.0000 13.6955
132 188  0.0005  0.0000  0.0000
140 188  1.1919  0.0000  0.0000
148 188  0.3039  0.0000 16.1088
156 188 -0.3095 -0.2269  6.1440
164 188 -0.6589  0.0000 12.0628
172 188 -0.8368  0.0000 11.1304
180 188 -0.8956  0.0000  0.0000
188 188 -0.8006  0.0000 11.1304
196 188 -0.3468 -1.0000 10.2045
204 188  0.7600  0.0000 16.7450
212 188  1.9375  0.0000  0.0000
220 188  1.5841  0.0000  0.0000
228 188  0.7798  0.0000 11.1304
236 188  0.2388  0.0000 11.1304
244 188  0.4416  0.0000  0.0000
252 188  0.2315  0.0000  0.0000
260 188  0.0822  0.0000  0.0000
268 188  0.5079  0.0000  0.0000
276 188  1.5000  0.0000  8.2581
284 188  2.5144  0.0000  0.0000
292 188  4.5000 -0.5000  4.0635
  4 196  2.3445  0.0000 16.1088
 12 196  0.0418 -0.1521 12.6567
 20 196  0.5000  0.0000 11.1304
 28 196  0.4564  0.0000 11.1304
 36 196  0.3373  0.0000  0.0000
 44 196  0.1288  0.0000  0.0000
 52 196 -0.1960  0.0000 11.1304
 60 196 -0.4965  0.0000 11.1304
 68 196  0.5272  0.0000 12.8600
 76 196 -0.0369  0.0000  0.0000
 84 196 -0.5038  0.0000 16.1088
 92 196 -0.8420  0.0000 11.1304
100 196 -1.1067  0.0000  0.0000
108 196 -1.3719  0.0000 17.0667
116 196 -1.6018  0.0000 11.1304
124 196 -1.3721  0.0000  8.7810
132 196  0.4279  0.0000  0.0000
140 196  2.5000  0.0000  8.8276
148 196  1.8361  0.0000  0.0000
156 196  0.9861  0.0000  0.0000
164 196  0.4446  0.0000 12.0628
172 196  0.3577  0.0000  0.0000
180 196  0.2723  0.0000  0.0000
188 196  0.3919  0.0000  0.0000
196 196  1.0156  0.0000  8.8276
204 196  2.1372  0.0000 19.1045
212 196  3.2365  0.0000  0.0000
220 196  3.9476  0.0000  0.0000
228 196  2.3393  0.0000  0.0000
236 196  0.6829  0.0000 11.1304
244 196  0.5174  0.0000  0.0000
252 196  0.4257  0.0000  0.0000
260 196  0.3101  0.0000  0.0000
268 196  0.1576  0.0000  0.0000
276 196 -0.0651  0.0000  6.8903
284 196 -0.4122  0.0000  0.0000
292 196 -0.1377  0.0000  0.0000
  4 204 -0.3537  0.0000 11.1304
 12 204 -0.6008  0.0000 11.1304
 20 204 -0.8128  0.0000 11.1304
 28 204 -1.0001  0.0000 11.1304
 36 204 -1.2931  0.0000 11.1304
 44 204 -1.8338  0.0000  6.1440
 52 204 -2.5000  0.0000 11.1304
 60 204 -1.0416  0.0000 11.9011
 68 204 -0.1960 -0.5000 11.1304
 76 204  0.3873  0.0000  0.0000
 84 204  0.2951  0.0000 16.1088
 92 204  0.0553  0.0348  6.7146
100 204  0.0052 -0.0011  8.6584
108 204 -0.0419 -0.0010  7.2815
116 204  0.1369  0.0000  0.0000
124 204  0.7590  0.0000 13.7544
132 204  1.8909  0.0000 13.0803
140 204  2.8598  0.0000  8.0000
148 204  2.9668  0.0000  0.0000
156 204  1.5833  0.0000  0.0000
164 204  0.5713  0.0000 12.0628
172 204  0.3797  0.0000  0.0000
180 204  0.2865  0.0000 11.1304
188 204  0.2358  0.0000  0.0000
196 204  0.2209  0.0000  0.0000
204 204  0.1927 -0.0788 17.1842
212 204 -0.0821  0.0000 11.1304
220 204 -0.5673  0.0000 11.1304
228 204 -0.5000  0.0000  8.8276
236 204 -0.5056  0.0000  0.0000
244 204 -0.5006  0.0000  0.0000
252 204 -0.3772  0.0000  0.0000
260 204 -0.2249  0.0000  0.0000
268 204 -0.0698  0.0000  0.0000
276 204  0.0720  0.0000  0.0000
284 204 -0.0598  0.0000 11.1304
292 204 -0.2862  0.0000 16.1088
  4 212 -0.2498  0.0000 11.1304
 12 212 -0.3685  0.0000 11.1304
 20 212 -0.5683  0.0000 11.1304
 28 212 -0.6897  0.0000 11.1304
 36 212 -0.7308  0.0000  0.0000
 44 212 -0.5537  0.0000 11.1304
 52 212  0.0000 -0.5000  8.8276
 60 212  1.2775  0.0000  0.0000
 68 212  2.3400  0.0000  0.0000
 76 212  2.3130  0.0000  0.0000
 84 212  0.5000  0.0000  8.8276
 92 212 -0.0595  0.0000  7.2119
100 212  0.0030 -0.0226  7.8082
108 212 -0.0671  0.0000  8.6927
116 212 -0.0333  0.0000  0.0000
124 212  0.0826  0.0000 11.1304
132 212  0.1917  0.0000  0.0000
140 212  0.1556  0.0000 12.2969
148 212 -0.6660  0.0000  0.0000
156 212 -0.3634  0.0000 11.1304
164 212 -0.1849  0.0000 12.0628
172 212  0.0000 -0.5000  8.8276
180 212  0.4339  0.0000 11.1304
188 212  0.9362  0.0000  0.0000
196 212  1.5942  0.0000 17.0667
204 212  2.5000  0.0000  8.8276
212 212  1.0673  0.0000  0.0000
220 212  0.0000 -0.5000  8.8276
228 212 -0.5230  0.0000  0.0000
236 212 -0.9343  0.0000  0.0000
244 212 -1.3047  0.0000  0.0000
252 212 -1.5639  0.0000  0.0000
260 212 -1.6370  0.0000  0.0000
268 212 -1.3892  0.0000 11.1304
276 212 -0.6645  0.0000 11.1304
284 212  0.6626  0.0000  0.0000
292 212  2.0697  0.0000 11.1304
  4 220  2.5000  0.0000  8.8276
 12 220  0.0000 -0.5000  8.8276
 20 220 -0.7478  0.0000 11.1304
 28 220 -0.8516  0.0000  0.0000
 36 220 -0.7818  0.0000 11.1304
 44 220 -0.5482  0.0000 12.5902
 52 220 -0.2082  0.0000  8.8276
 60 220  0.1534  0.0000  0.0000
 68 220  0.4682  0.0000 11.1304
 76 220 -0.5478  0.0000  0.0000
 84 220  0.0000 -0.5000  8.8276
 92 220  0.3309  0.0000 16.1088
100 220  0.7176  0.0000 11.1304
108 220  1.2317  0.0000  0.0000
116 220  1.4785  0.0000 20.7059
124 220  1.0084  0.0000 12.0628
132 220 -0.1656  0.0786 10.7522
140 220 -0.0281  0.0000 20.7059
148 220 -0.3048  0.0000  0.0000
156 220 -0.8644  0.0000  0.0000
164 220 -1.5288  0.0000 12.0455
172 220 -2.1636  0.0000 11.1304
180 220 -2.6465  0.0000  0.0000
188 220 -2.8443  0.0000  0.0000
196 220 -2.6010  0.0000  0.0000
204 220 -1.7803  0.0000 16.1088
212 220 -0.3468 -1.0000 10.2045
220 220  1.5839  0.0000 11.1304
228 220  2.0023  0.0000  0.0000
236 220  0.0914  0.0000  0.0000
244 220 -1.3510  0.0000  0.0000
252 220 -1.8706  0.0000  0.0000
260 220 -1.7423  0.0000 17.0667
268 220 -1.2503  0.0000  0.0000
276 220 -0.5966  0.0000 11.1304
284 220  0.0973 -0.1439 10.5822
292 220  0.7861  0.0000  0.0000
