VARIABLES= "X pix", "Y pix", "U pix/dt", "V pix/dt", "CHC", ZONE I=28, J=37
  4   4 -0.0432  0.0000 10.6174
 12   4 -0.0825  0.0000 10.9708
 20   4 -0.0716  0.0000 10.9708
 28   4 -0.0197  0.0000 11.7274
 36   4  0.0316  0.0000 10.9708
 44   4  0.0609  0.0000 11.0456
 52   4  0.0544  0.0524 11.3170
 60   4  0.0000  0.0569 10.5439
 68   4 -0.0786  0.0000 10.9708
 76   4 -0.1017  0.0000 10.9551
 84   4 -0.0488  0.0416 11.6246
 92   4 -0.0467  0.0030 10.9723
100   4 -0.0198 -0.0148 11.5093
108   4  0.0027 -0.0056 13.3728
116   4  0.0083  0.0000 11.6152
124   4  0.0000  0.0181 11.3868
132   4 -0.0005  0.0163 11.4869
140   4  0.0092  0.0028 11.1351
148   4  0.0088  0.0107 11.8189
156   4  0.0095 -0.0093 11.8186
164   4 -0.0106 -0.0114 11.9438
172   4 -0.0572  0.0000 11.9577
180   4 -0.0495  0.0000 11.7754
188   4  0.0116  0.0000 11.7754
196   4  0.0566  0.0000 11.7754
204   4  0.0025  0.0045 11.8969
212   4 -0.0613  0.0139 12.1284
220   4 -0.0396 -0.0145 11.6577
228   4  0.0035  0.0055 10.1359
236   4 -0.0432 -0.0065 10.4789
244   4 -0.0475  0.0000  9.5230
252   4 -0.0112 -0.0040 10.7298
260   4  0.0155  0.0036 10.7967
268   4  0.0287  0.0000 10.3707
276   4  0.0230  0.0000 12.2384
284   4  0.0227  0.0000 13.2965
292   4 -0.1051  0.0000 12.9217
  4  12 -0.1969  0.0000 12.2656
 12  12 -0.2014  0.0000 12.4060
 20  12  0.0055  0.0000 12.3481
 28  12  0.0764  0.0000 11.4015
 36  12 -0.0079 -0.2231 14.9712
 44  12  0.0125  0.0000 12.1416
 52  12  0.0286 -0.0486 21.8027
 60  12 -0.0101  0.0962 12.1073
 68  12  0.0122 -0.0291 17.9340
 76  12 -0.0053  0.0000 11.7993
 84  12  0.0023 -0.1175 10.1626
 92  12 -0.0806 -0.1273  8.6907
100  12 -0.0637  0.0000  8.6685
108  12 -0.0353  0.1397  9.3485
116  12 -0.0114 -0.0082 11.3403
124  12  0.0415  0.0039 12.4955
132  12 -0.0468  0.0452 11.9551
140  12  0.0452  0.0357 11.9809
148  12  0.0869  0.0000 11.2680
156  12  0.0000  0.0624 11.6607
164  12  0.0133  0.0081 13.9101
172  12 -0.0317  0.0595  9.9736
180  12 -0.0131  0.0000 11.2029
188  12  0.0055  0.1597 11.7081
196  12  0.0135  0.2703 10.9402
204  12  0.0000 -0.2788 10.2400
212  12  0.0856  0.1783 13.5783
220  12 -0.1079  0.0424 18.2740
228  12 -0.2322  0.0000 13.0402
236  12 -0.3201 -0.3254  8.9050
244  12  0.0912 -0.6297 10.1750
252  12  0.1731  0.0307  8.0789
260  12 -0.0493 -0.2349  8.9352
268  12  0.0026 -0.1032  8.7849
276  12 -0.0145  0.0187  7.4247
284  12  0.0933  0.2014  7.1231
292  12  0.0303  0.0568  7.6549
  4  20 -0.0230  0.0032 17.2583
 12  20 -0.0247  0.0000 13.9269
 20  20 -0.0310  0.0000 14.3995
 28  20  0.0000  0.0000 12.1741
 36  20  0.0519  0.0000 12.1408
 44  20 -0.0496  0.0000 12.3264
 52  20 -0.0049  0.0000 10.8351
 60  20 -0.0824  0.0000 15.1370
 68  20 -0.0016  0.0000 16.6179
 76  20  0.0869  0.0000 12.6827
 84  20  0.0000  0.0000 13.5425
 92  20  0.0369 -0.0033 12.0873
100  20  0.0104  0.0160 11.5983
108  20 -0.0037  0.0171 10.9997
116  20 -0.0032  0.0000 15.7125
124  20  0.0057  0.0531 15.0069
132  20  0.0228  0.0448 13.8729
140  20  0.0050 -0.0400 14.0256
148  20 -0.0014 -0.0016 13.6748
156  20 -0.0204  0.0000 13.8516
164  20 -0.0014  0.0033 14.1030
172  20  0.0055 -0.0312 19.0622
180  20 -0.0164 -0.0151 15.6281
188  20  0.0387 -0.0418 19.5051
196  20  0.0405  0.0233 19.8839
204  20 -0.0655  0.0374 23.5808
212  20 -0.0518  0.0306 21.4389
220  20 -0.0246  0.0155 12.8000
228  20  0.1286 -0.0386  8.6814
236  20  0.0162 -0.0742 14.2944
244  20  0.0442 -0.0026 15.3611
252  20  0.0829  0.0000 13.8516
260  20  0.1766 -0.0419 13.7570
268  20 -0.1232 -0.0159  9.1365
276  20  0.0110  0.0218 12.9591
284  20 -0.1344 -0.0344 14.5215
292  20 -0.0489  0.0000 23.9233
  4  28  0.0373  0.0000  9.1162
 12  28  0.0046 -0.0484  9.9830
 20  28  0.0157  0.0000 10.7118
 28  28  0.0012 -0.0079 10.2066
 36  28 -0.0242 -0.0159 10.4354
 44  28 -0.0161  0.0000 10.1513
 52  28  0.0030  0.0155 10.1280
 60  28  0.0028 -0.0239 10.0229
 68  28  0.0001 -0.0080 10.8382
 76  28 -0.0102  0.0000 10.7860
 84  28  0.0259  0.0000  9.5078
 92  28  0.0239  0.0000  9.5360
100  28 -0.0187 -0.0025 11.9642
108  28 -0.0013  0.0215 14.5914
116  28 -0.0079 -0.0008  8.9049
124  28 -0.0171 -0.0097  9.4551
132  28  0.0042 -0.0061  8.5102
140  28  0.0076  0.0000  8.9616
148  28  0.0194  0.0165  9.0121
156  28  0.0650  0.0000 18.7928
164  28 -0.0031 -0.0417 16.9896
172  28  0.0376  0.0004 16.4104
180  28 -0.0174 -0.0182 17.4289
188  28  0.0115 -0.0111 13.1753
196  28 -0.0244 -0.0001  8.6918
204  28 -0.0131  0.0008  9.0928
212  28  0.0087 -0.0183  9.6408
220  28 -0.0063 -0.0010  9.5517
228  28  0.0082  0.0000  9.0178
236  28 -0.0032 -0.0179  8.7717
244  28 -0.0006 -0.0149  8.9760
252  28  0.0000  0.0000 10.3846
260  28 -0.0000  0.0003 15.1333
268  28 -0.0121 -0.0103 12.2814
276  28  0.0088 -0.0052 25.4371
284  28  0.0009  0.0035 14.3834
292  28  0.0008  0.0017 11.1876
  4  36 -0.1044  0.0000  7.4522
 12  36  0.0013 -0.0056  7.2824
 20  36 -0.0011  0.0036  6.6386
 28  36 -0.0270 -0.1503  6.1463
 36  36 -0.0208  0.0000  7.4083
 44  36 -0.0201  0.2782  6.9714
 52  36  0.0243  0.0000  8.2581
 60  36  0.0000  0.2453 13.1623
 68  36  0.0530  0.1584 10.7105
 76  36  0.0271  0.0000 13.6639
 84  36  0.0152  0.0000 11.9696
 92  36 -0.0321  0.0000  9.4612
100  36 -0.0354 -0.0324  7.7202
108  36  0.0000 -0.1474  6.9655
116  36 -0.0361  0.0000  7.7398
124  36 -0.0475  0.0000  8.1797
132  36 -0.0720  0.0000  0.0000
140  36 -0.1411 -0.2133 14.2609
148  36 -0.0646  0.0000  6.9724
156  36 -0.0212  0.0000 14.2250
164  36 -0.0384  0.0100 14.2964
172  36  0.0135  0.0243 14.5354
180  36  0.0013 -0.0471 13.2038
188  36  0.0271  0.0139  9.5981
196  36  0.0000 -0.0618 12.3458
204  36  0.1022  0.0000 15.1250
212  36  0.1359  0.0000 13.5946
220  36 -0.2127 -0.0253 16.9042
228  36 -0.3254  0.0000 13.8188
236  36 -0.0948 -0.0057 10.8041
244  36 -0.0275  0.0000  9.4208
252  36 -0.0322  0.0000 11.0903
260  36 -0.0201  0.0000  9.1045
268  36 -0.0106  0.2269 11.3584
276  36  0.1005  0.0069  9.2918
284  36 -0.0066 -0.1179  9.7215
292  36  0.0313  0.0000  8.3999
  4  44  0.0000 -0.1760 15.0588
 12  44 -0.0143  0.0000  9.4208
 20  44 -0.0593  0.0000 14.3074
 28  44 -0.0936  0.0000 15.4368
 36  44 -0.0973  0.0000 14.4096
 44  44 -0.0940  0.0164 10.3071
 52  44 -0.0448  0.0000  8.9436
 60  44 -0.0087 -0.1348  7.4537
 68  44  0.0000  0.0535  6.6321
 76  44 -0.0039  0.0000  7.0526
 84  44  0.0000  0.5000  8.0688
 92  44  0.0264  0.3145 11.0777
100  44 -0.0449  0.0000 11.1304
108  44 -0.1173  0.0000  0.0000
116  44 -0.1847  0.0000 11.1304
124  44 -0.2066  0.0000 19.4783
132  44  0.3007  0.0000 16.1088
140  44  0.8743  0.0000 19.1045
148  44  1.0712  0.0000  6.1641
156  44 -0.0161  0.0036 17.6411
164  44  0.0141 -0.0032 11.2550
172  44 -0.0090 -0.0182 14.6516
180  44 -0.0367  0.0036 13.6303
188  44 -0.0002  0.0041  9.0905
196  44 -0.0055  0.0000  7.0526
204  44 -0.0105 -0.1619  6.3662
212  44 -0.0217  0.0000  7.4479
220  44  0.0544  0.0000  8.7013
228  44  0.0354  0.0000 12.0000
236  44  0.0020  0.0000 12.2639
244  44 -0.0519  0.0000 12.4405
252  44 -0.1018  0.0000 16.2968
260  44 -0.1171  0.0000 13.7993
268  44 -0.0192 -0.1864 11.8154
276  44  0.0042  0.0000 11.9011
284  44 -0.0318 -0.0253 10.8606
292  44  0.0605  0.0099 11.7757
  4  52  0.0277  0.0000  9.4762
 12  52  0.0367 -0.0780  8.5648
 20  52  0.0146  0.1679  7.0644
 28  52 -0.1059  0.0000 16.1088
 36  52 -0.1928  0.0000  0.0000
 44  52 -0.3059  0.0000  4.0635
 52  52 -0.5000  0.0000 11.1304
 60  52  0.3888  0.0000  0.0000
 68  52  1.3402  0.0000  0.0000
 76  52  2.5000  0.0000  8.8276
 84  52  0.8115  0.0000  8.3718
 92  52 -0.1180 -0.5000  9.2850
100  52 -0.1280  0.0000 11.1304
108  52 -0.0599  0.0000  0.0000
116  52 -0.0015  0.0000 11.1304
124  52 -0.0330  0.0000  0.0000
132  52 -0.1840  0.0000  7.0459
140  52 -0.1645  0.0000 23.1226
148  52  0.0055 -0.0132  6.3267
156  52 -0.0044 -0.0084 28.5755
164  52 -0.0112  0.0173 13.8286
172  52 -0.0084  0.0083 10.9399
180  52 -0.0066  0.0056 26.1542
188  52  0.0150 -0.0082  8.3354
196  52  0.3974  0.2769 10.8882
204  52  0.1677  0.0000 19.1045
212  52 -0.0511 -0.0292 12.1905
220  52 -0.1512 -0.0437 12.6826
228  52 -0.0601  0.0000 12.4405
236  52 -0.0067  0.0000 16.0891
244  52 -0.1354 -0.0046 10.0675
252  52 -0.1257  0.0000 14.9157
260  52 -0.1009 -0.0136 13.2148
268  52  0.0000  0.2074 10.8965
276  52 -0.1105  0.0000 12.1260
284  52  0.4091  0.0000 16.2968
292  52 -0.0364  0.2387 11.3832
  4  60 -0.5000  0.0000  8.8276
 12  60 -0.1830  0.0000  0.0000
 20  60 -0.1623  0.0000  0.0000
 28  60 -0.1088  0.0000  0.0000
 36  60 -0.0433  0.0000  0.0000
 44  60  0.0146  0.0000 11.1304
 52  60 -0.0351  0.0000 11.1304
 60  60 -0.4879  0.0000  0.0000
 68  60 -0.5193  0.0000  0.0000
 76  60 -0.3781  0.0000 22.2609
 84  60 -0.2681  0.0000 11.1304
 92  60 -0.1995 -0.2936  7.6358
100  60  0.0634  0.0922 12.5396
108  60  0.2355  0.0000 16.1088
116  60  0.3568  0.0000 12.0628
124  60  0.4335  0.0000 11.0903
132  60  0.1086  0.0000 16.1088
140  60 -0.2154 -0.5616  9.6058
148  60  0.0050 -0.0006  5.7697
156  60 -0.0013  0.0024  5.8448
164  60  0.0034  0.0004  5.8429
172  60 -0.0157  0.0246  5.8613
180  60  0.0002  0.0219  5.7035
188  60  0.0103  0.0039  5.5804
196  60 -0.1411  0.0000  7.3911
204  60  0.0280  0.0000 11.1304
212  60  1.2855  0.0000 11.1304
220  60  0.0000 -0.1960 11.1304
228  60 -1.3070  0.0337 12.4709
236  60 -0.5000  0.0000  8.8276
244  60 -0.1802  0.1949  7.7576
252  60 -0.1318 -0.0214 11.1304
260  60 -0.0885  0.0000 13.3851
268  60 -0.0239 -0.1147  9.3684
276  60  0.0538 -0.1096 14.6116
284  60 -0.8288 -0.0412  9.9740
292  60 -0.7783  0.0000 12.3186
  4  68 -0.6253  0.0000 16.1088
 12  68 -0.3339  0.0000  0.0000
 20  68 -0.0814  0.0000  0.0000
 28  68  0.1779  0.0000 11.1304
 36  68  0.5405  0.0000  0.0000
 44  68  0.7671  0.0000 11.1304
 52  68  0.6153  0.0000 22.2609
 60  68  0.1651  0.0000 11.1304
 68  68 -0.1288  0.0000  0.0000
 76  68  0.0605  0.0000 21.0727
 84  68  0.0000  0.0000 10.0897
 92  68  0.0919  0.1781 12.0598
100  68  1.3940  0.0000 17.7193
108  68  0.6060  0.0000 19.4783
116  68  0.0480  0.0000 16.1088
124  68 -0.4255  0.0000 11.1304
132  68 -0.4043  0.4043  8.0000
140  68  2.5000  0.0000  8.8276
148  68  0.0322  0.0276 12.6313
156  68 -1.0077  0.0000  8.4768
164  68 -0.7739  0.0000 16.1088
172  68 -1.0492 -0.0305 12.6667
180  68 -0.4773  0.0000 12.0455
188  68 -0.2698  0.0000 11.1304
196  68 -0.2704  0.0000  0.0000
204  68 -0.2740  0.0000  0.0000
212  68 -0.5610  0.0000  0.0000
220  68 -0.4945  0.0000  0.0000
228  68 -0.5000 -0.1588 10.5785
236  68 -0.1199  0.0000 11.1304
244  68  0.1878  0.0000 11.1304
252  68  0.2664  0.0000 11.1304
260  68  0.8865  0.0000 11.1304
268  68  1.3248  0.0000 16.1088
276  68  0.9245  0.0000  8.8167
284  68  0.2030  0.0000 10.8982
292  68 -0.1571 -0.0260 14.5328
  4  76  0.1963 -0.5947  8.5906
 12  76  0.0000 -0.5000  8.8276
 20  76  0.0590  0.0000  0.0000
 28  76  2.7933 -0.5000 13.4737
 36  76  1.2144  0.0000 11.1304
 44  76  0.3220  0.0000 18.8048
 52  76 -0.1204  0.0000 11.9011
 60  76  0.0000 -0.5000 11.1304
 68  76 -0.1155  0.0572 19.8925
 76  76  0.0880  0.2484  7.8698
 84  76 -0.5319  0.0000 11.2757
 92  76 -0.0593 -0.0792 11.3569
100  76 -0.3850  0.0000  6.8970
108  76 -0.0557  0.0193 15.2661
116  76 -0.1105  0.0000 11.1304
124  76 -0.3746  0.0000 16.1088
132  76 -0.4147  0.0000 16.1088
140  76 -0.2645 -0.0585 13.3056
148  76  0.1221 -0.1221 11.3996
156  76  0.2907  0.0403 10.5761
164  76  0.3053  0.0000 11.9011
172  76  0.5000  0.0000  8.4768
180  76  0.1063  0.0000  6.9728
188  76  1.1775  0.0000  0.0000
196  76  2.0379  0.0000  0.0000
204  76  1.2204  0.0000  0.0000
212  76  0.1171  0.0000  0.0000
220  76 -0.1880  0.0000 11.1304
228  76  0.0101  0.0000  0.0000
236  76  0.0369  0.0000  0.0000
244  76  0.1287  0.0000 11.1304
252  76  2.6493  0.0000 11.1304
260  76  1.2716  0.0000  0.0000
268  76  0.3469  0.0000 12.0628
276  76 -0.2589  0.0000 13.7892
284  76 -0.5281  0.0000  0.0000
292  76 -0.7166  0.0000 16.1088
  4  84 -0.1876  0.0000 11.1304
 12  84 -0.5000  0.0000  8.8276
 20  84 -0.0134  0.0000 11.1304
 28  84 -0.1556 -0.0315 13.1282
 36  84  0.1758  0.0000 11.0903
 44  84  0.3600  0.0000  8.0000
 52  84  0.0136  0.2314 14.0525
 60  84 -0.2761 -0.0806  9.3746
 68  84 -0.3816  0.0095  6.9683
 76  84 -0.0791 -0.1531 10.7796
 84  84 -0.0702 -0.2187 12.7092
 92  84  0.0000 -0.3007  8.9968
100  84  0.0654  0.0000 14.0146
108  84  0.0000  0.5000 11.1304
116  84  1.2158  0.0000 11.1304
124  84  2.5000  0.0000  8.8276
132  84  1.0804  0.0000 11.1304
140  84 -0.3309  0.0637  7.1846
148  84 -0.3337  0.0000 10.1191
156  84 -0.0939  0.0000 11.1304
164  84  0.0628  0.0000 17.0667
172  84  0.2325  0.0000  0.0000
180  84  1.7188  0.0000  0.0000
188  84  0.9840  0.0000  0.0000
196  84  0.2816  0.0000  0.0000
204  84 -0.3745  0.0000 11.1304
212  84 -0.6789  0.0000 16.1088
220  84 -0.5000 -0.1588 10.5785
228  84  1.1856  0.0000 17.0667
236  84  2.5000  0.1588 10.5785
244  84  1.0875  0.0000 11.1304
252  84  0.1431  0.0000  0.0000
260  84  0.5240  0.0000  0.0000
268  84  1.4946  0.0000  0.0000
276  84  2.5000  0.1588 10.5785
284  84  1.1144  0.0000 11.1304
292  84  0.0000 -0.5000  8.8276
  4  92  0.1233  0.0000 11.1304
 12  92  0.1085  0.0000 11.1304
 20  92  0.0000  0.1760 15.0588
 28  92 -0.2182  0.0000  9.2086
 36  92 -0.2970  0.0000 16.2126
 44  92 -0.0200 -0.0101 11.0641
 52  92 -0.1824  0.6476  8.1940
 60  92 -0.1276  0.0000 16.1088
 68  92 -0.3475 -0.0823  7.5962
 76  92 -0.2260  0.0220  7.3483
 84  92 -0.0413  0.0000  0.0000
 92  92  0.0874  0.0000  0.0000
100  92  0.2481  0.0000  0.0000
108  92  0.6509  0.0000 11.1304
116  92  0.7326  0.0000 11.9011
124  92  0.4156  0.0000 16.1088
132  92 -0.2093 -0.0299 13.0089
140  92 -0.2076 -0.0667  9.6020
148  92  0.7524  0.0000 16.1088
156  92  2.0116  0.0000 11.1304
164  92  2.3162  0.0000  0.0000
172  92  0.5829  0.0000 13.5576
180  92 -0.5000 -0.1639  6.9531
188  92  0.0585  0.0000 16.1088
196  92  0.9014  0.0000  0.0000
204  92  1.3819  0.0000  0.0000
212  92  1.3726  0.0000  0.0000
220  92  1.5000  0.0000  8.2581
228  92  0.7752  0.0000 10.2729
236  92  0.2076 -0.0667  9.6020
244  92 -0.4625  0.0000 11.1304
252  92 -0.6154  0.0000 11.1304
260  92 -0.5160  0.0000 11.1304
268  92 -0.4172  0.0000  0.0000
276  92 -0.6127  0.0000  8.8276
284  92 -0.5695  0.0000 11.1304
292  92 -0.5992  0.0000  0.0000
  4 100 -0.5000  0.0000  9.9740
 12 100 -0.0577  0.0000 12.5445
 20 100  0.0000 -0.5000  8.9154
 28 100  0.0417 -0.1134  7.3143
 36 100  0.0258 -0.0108  7.4425
 44 100  0.8004  0.0000 11.1304
 52 100  0.9102  0.0000 11.1304
 60 100  0.1492  0.0000  0.0000
 68 100  0.0934  0.0000 11.1304
 76 100  1.8832  0.0000  0.0000
 84 100  2.6796  0.0000  0.0000
 92 100  2.2103  0.0000  0.0000
100 100 -0.0214  0.0228 19.3526
108 100 -0.4314 -0.1637  9.9134
116 100 -0.2484  0.0000 11.1304
124 100 -0.0144  0.6610 11.4447
132 100 -0.5000  0.0000  8.8276
140 100  0.2528  0.0000 16.1088
148 100  0.7152  0.0000  0.0000
156 100  0.2226  0.0000 11.1304
164 100 -0.6243  0.0000  0.0000
172 100 -1.4205  0.0000  0.0000
180 100 -1.0443  0.0000  0.0000
188 100 -0.5147  0.0000 11.1304
196 100 -0.2590  0.0000  0.0000
204 100 -0.4646  0.0000  0.0000
212 100 -0.4883  0.0000  0.0000
220 100 -0.5501  0.0000  0.0000
228 100 -0.2835  0.0000 11.1304
236 100  0.1353  0.1326  7.3628
244 100 -0.2780 -0.1270 13.3759
252 100 -0.4409  0.0000  0.0000
260 100  0.5029  0.0000  0.0000
268 100  1.0944  0.0000  0.0000
276 100  1.5000  0.0000  8.2581
284 100  0.1636  0.0000 16.1088
292 100 -0.5000  0.0000  8.8276
  4 108  2.5000 -0.1588 10.5785
 12 108  2.8632  0.0000 12.0455
 20 108  2.5000 -0.5000  4.0635
 28 108  0.4999  0.0000  0.0000
 36 108  0.0240  0.0000 16.1088
 44 108 -0.2780 -0.1270 13.3759
 52 108 -0.4470  0.0000 11.1304
 60 108 -0.7133  0.0000  0.0000
 68 108 -0.2900  0.0000  0.0000
 76 108  0.0468  0.0000  0.0000
 84 108 -0.3054  0.0000 16.1088
 92 108 -1.1404  0.0000 12.0628
100 108 -2.0790  0.3139  8.3718
108 108 -1.0115  0.0000 11.1304
116 108 -0.2745  0.0000 11.1304
124 108 -0.0328 -0.0488 17.7007
132 108 -0.4090  0.0000 11.1304
140 108 -0.3076  0.1981 12.4932
148 108 -0.5000  0.0000  8.8276
156 108 -0.2104  0.0000 13.1641
164 108 -0.0419  0.0000 11.1304
172 108 -0.3814  0.0000  0.0000
180 108 -0.7591  0.0000  0.0000
188 108  0.7631  0.0000  0.0000
196 108  0.6743  0.0000  0.0000
204 108  0.7551  0.0000  0.0000
212 108 -0.0465  0.0000  0.0000
220 108 -0.5944  0.0000 11.1304
228 108  0.3450  0.0000  0.0000
236 108  0.7603  0.0000 16.1088
244 108 -0.2780  0.1270 13.3759
252 108 -0.5000  0.0000  8.8276
260 108  0.1841 -0.0418 12.3683
268 108 -0.3145  0.0264 11.0777
276 108 -0.4922  0.0000  0.0000
284 108 -0.6341  0.0000  0.0000
292 108 -0.4277  0.0000 11.1304
  4 116 -0.1063  0.1637 17.2251
 12 116 -0.1504  0.0000  8.0000
 20 116 -0.1960  0.0000 11.1304
 28 116  0.1415 -0.0400 12.6420
 36 116  0.1538 -0.4196 12.3286
 44 116 -0.1215  0.1200 17.1775
 52 116 -1.0756  0.0431  7.0865
 60 116 -0.9603  0.0000  0.0000
 68 116 -0.4549  0.0000  0.0000
 76 116 -0.1151 -0.1151 16.5161
 84 116  0.0598  0.0000 16.1088
 92 116 -0.0370  0.0000  0.0000
100 116 -0.4258  0.0000 14.6131
108 116 -0.8979  0.0000 16.1088
116 116  0.3870 -0.0236  8.3395
124 116  0.0000 -0.0000 10.2567
132 116  0.1964  0.0000  0.0000
140 116 -0.1641  0.0000 11.1304
148 116 -0.7765  0.0000  0.0000
156 116 -1.3070  0.0337 12.4709
164 116 -0.0776 -0.3496  7.4033
172 116 -0.5194  0.0000 11.1304
180 116 -0.5154  0.0000  0.0000
188 116 -0.0675  0.0000  0.0000
196 116 -0.1682  0.0000  0.0000
204 116 -0.2848  0.0000  0.0000
212 116 -0.4914  0.0000  0.0000
220 116 -0.5000  0.0000  8.8276
228 116 -0.2693  0.0000 11.1304
236 116 -0.0462  0.0000 11.1304
244 116  0.3417  0.0000  0.0000
252 116  0.4015  0.0000  8.0000
260 116 -0.1021  0.1626  8.6486
268 116 -0.5000  0.1588 10.5785
276 116  2.5000 -0.1180  9.2850
284 116  0.0000 -0.1960 11.1304
292 116 -0.0529  0.0000 16.1088
  4 124  0.5000  0.0000  7.3143
 12 124  0.4043  0.4043  8.0000
 20 124  0.0634  0.0000 20.7059
 28 124 -0.4043  0.4043  8.0000
 36 124 -0.8625  0.0000 11.9011
 44 124 -0.9602  0.5870  9.4096
 52 124  0.0000 -0.5000  8.8276
 60 124  0.2242  0.0000  0.0000
 68 124  0.2034  0.0000  0.0000
 76 124  0.0698 -0.2911 10.5124
 84 124 -0.6064  0.0000  0.0000
 92 124 -0.3166  0.0000  0.0000
100 124 -0.4069  0.0000  0.0000
108 124 -0.3293  0.0000 16.1088
116 124 -0.0672  0.0000  9.3177
124 124 -0.0282  0.0000 11.0903
132 124 -0.0382 -0.1028 16.6166
140 124 -0.3509  0.0000 12.0628
148 124 -0.4444  0.0000  0.0000
156 124 -0.3659  0.0000 11.1304
164 124 -0.1174 -0.0944 13.2161
172 124  0.6306 -0.1105 11.2757
180 124  0.4959  0.0000 11.1304
188 124  0.1216  0.0000  0.0000
196 124  0.1617  0.0000  0.0000
204 124  1.3822  0.0000 11.1304
212 124  0.1786  0.0000  0.0000
220 124 -0.0677 -0.2414 11.7124
228 124  0.2468  0.0000 11.1304
236 124  0.2603  0.0000 11.1304
244 124  0.0443  0.0000  0.0000
252 124 -0.2851  0.0000  0.0000
260 124 -0.6412  0.0000  0.0000
268 124 -2.5000  0.0000 11.1304
276 124 -0.9240  0.0000 17.2183
284 124 -0.1784  0.0000  0.0000
292 124  0.1298  0.0000  0.0000
  4 132  0.1555  0.0000 10.5294
 12 132 -0.1570  0.0000 20.7059
 20 132 -0.1761  0.5000  6.6693
 28 132 -0.1897  0.0000 11.1304
 36 132 -0.1385  0.0000  0.0000
 44 132 -0.0605  0.0000 11.1304
 52 132 -0.0830  0.0000  0.0000
 60 132 -0.1558  0.0000  0.0000
 68 132 -0.3732 -0.3694 10.3318
 76 132 -0.3561  0.0000 13.1641
 84 132 -0.3781  0.0000  0.0000
 92 132 -0.1590  0.0000  0.0000
100 132  0.2572  0.0000  0.0000
108 132  0.1917  0.0000  0.0000
116 132 -0.0320  0.0000  0.0000
124 132  0.0000 -0.5000  8.9154
132 132  0.1430  0.0000 11.1304
140 132 -0.5000  0.0000  8.8276
148 132 -0.4183  0.0000 11.1304
156 132 -0.1130  0.0000 11.1304
164 132  0.0071  0.0000 16.1088
172 132 -0.0230  0.0000 20.7059
180 132 -0.1567  0.0000 12.0455
188 132 -0.3292  0.0000  0.0000
196 132 -3.1881  0.0000  0.0000
204 132 -1.6264  0.0000 11.1304
212 132 -0.6601  0.0000  0.0000
220 132 -0.1318  0.0000  6.8903
228 132  0.0793  0.0000  0.0000
236 132  0.0487  0.0000 11.1304
244 132  0.0432  0.0000 16.1088
252 132  0.0641  0.0000  0.0000
260 132  0.0803  0.0000  0.0000
268 132 -0.0070  0.0000  0.0000
276 132 -0.1567  0.0000 12.0455
284 132 -0.1854  0.0000  0.0000
292 132 -0.1382  0.0000 11.1304
  4 140 -0.0877  0.0000  8.4768
 12 140 -0.4062  0.0000  8.8276
 20 140 -0.2761  0.0000 16.1088
 28 140 -0.0939  0.0000 13.1641
 36 140 -0.2705  0.0000  0.0000
 44 140 -0.5962  0.0000  0.0000
 52 140 -0.7751  0.0000  0.0000
 60 140 -0.7554  0.0000  0.0000
 68 140 -0.8469  0.0000 12.0455
 76 140 -0.6078  0.0000  0.0000
 84 140 -0.2877  0.0000  0.0000
 92 140 -0.1475  0.0000  0.0000
100 140 -0.0319  0.0000  0.0000
108 140 -0.0040  0.0000  0.0000
116 140 -0.0043  0.0000 11.1304
124 140 -3.3914  0.0000  0.0000
132 140 -1.9912  0.0000  0.0000
140 140 -1.0158  0.0000  0.0000
148 140 -0.3881  0.0000 11.1304
156 140 -0.0305  0.0000  0.0000
164 140  0.1293  0.0000  0.0000
172 140  0.2100  0.0000  8.8276
180 140  0.3167  0.0000 11.1304
188 140  0.3856  0.0000  0.0000
196 140  0.1243  0.0000  0.0000
204 140 -0.2745  0.0000  0.0000
212 140 -0.2723  0.0000 11.1304
220 140  0.0000  0.1960 11.1304
228 140  0.1927 -0.0788 17.1842
236 140 -0.5000  0.0000  8.8276
244 140 -0.2524  0.0000 16.1088
252 140 -0.1841 -0.0418 12.3683
260 140 -0.5965  0.0000 16.1088
268 140 -1.1454  0.0000  0.0000
276 140 -1.5000  0.0000  8.2581
284 140 -1.3332  0.0000 17.0667
292 140 -1.0545  0.0000  0.0000
  4 148 -0.6202  0.0000 13.7892
 12 148 -0.2080  0.2715 12.3107
 20 148 -0.1001  0.0515 13.9636
 28 148  0.0950  0.0000 13.1641
 36 148  0.1807  0.0000  0.0000
 44 148  0.2702  0.0000  0.0000
 52 148 -3.2188  0.0000  0.0000
 60 148 -2.0419  0.0000 12.0455
 68 148 -1.1864  0.0000 11.1304
 76 148 -0.5628  0.0000  0.0000
 84 148 -0.1331  0.0000  0.0000
 92 148  0.1414  0.0000 11.1304
100 148  0.2680  0.0000 16.1088
108 148  0.5250  0.0000 19.1045
116 148  0.8889  0.0000 11.1304
124 148  0.4492  0.0000  0.0000
132 148 -0.4506  0.0000  0.0000
140 148 -0.4819  0.0000 11.1304
148 148 -0.3087  0.0000 11.1304
156 148 -0.5000  0.0000  8.8276
164 148 -0.0635  0.0000  8.8167
172 148  0.3145 -0.0264 11.0777
180 148  0.0948  0.0000 11.1304
188 148 -0.5859  0.0000  0.0000
196 148 -1.3213  0.0000 11.1304
204 148 -1.6215  0.0000 11.1304
212 148 -1.4578  0.0000 11.1304
220 148 -1.0615  0.0000  0.0000
228 148 -0.5077  0.0000 11.1304
236 148  0.0381  0.0000 16.1088
244 148  0.5000  0.0418 12.4022
252 148  0.3860  0.0000  0.0000
260 148  0.3441  0.0000 12.0628
268 148  0.4271  0.0000  0.0000
276 148 -2.6685  0.0000 13.1641
284 148 -1.7934  0.0000  0.0000
292 148 -1.1639  0.0000  0.0000
  4 156 -0.6324  0.0000 16.1088
 12 156 -0.2310  0.0000  0.0000
 20 156  0.0832 -0.3131  9.8462
 28 156  0.1209  0.0000  0.0000
 36 156  0.5189  0.0000  0.0000
 44 156  1.7100  0.0000  0.0000
 52 156  1.2316  0.0000 16.1088
 60 156 -0.4043 -0.4043  8.0000
 68 156 -0.1411  0.0000  0.0000
 76 156  0.5506  0.0000  0.0000
 84 156  1.3070  0.0337 12.4709
 92 156  1.3790  0.0000 11.1304
100 156  1.3832  0.0000  0.0000
108 156  0.8128  0.0000 19.1045
116 156 -0.1632  0.0000  0.0000
124 156 -1.1494  0.0000 11.1304
132 156 -1.3543  0.0000 11.1304
140 156 -1.2440  0.0000  0.0000
148 156 -0.9398  0.0000  0.0000
156 156 -0.4527  0.0000  8.2581
164 156 -0.1361  0.0000 13.0803
172 156  0.0719  0.0000  0.0000
180 156  0.1539  0.0000  0.0000
188 156  0.2543  0.0000 11.1304
196 156  0.4165  0.0000 16.1088
204 156 -1.7168  0.0000 11.1304
212 156 -1.2388  0.0000  0.0000
220 156 -0.9246  0.1538 14.1070
228 156 -0.5503  0.0000  0.0000
236 156 -0.3463  0.0000 11.1304
244 156 -0.1976  0.0000  0.0000
252 156 -0.2775  0.0000  0.0000
260 156 -0.0677 -0.2414 11.7124
268 156  2.5000  0.1588 10.5785
276 156  2.5000  0.0000  8.8276
284 156  1.0119  0.0000 11.1304
292 156  0.7482  0.0000  0.0000
  4 164  1.2048  0.0000  0.0000
 12 164  1.8549  0.0000  0.0000
 20 164  2.1778  0.0000  0.0000
 28 164  2.3527  0.0000  0.0000
 36 164  1.6986  0.0000  0.0000
 44 164  0.7378  0.0000  8.8276
 52 164 -0.4043 -0.4043  8.0000
 60 164 -0.4705  0.0000  0.0000
 68 164 -0.6450  0.0000  0.0000
 76 164 -0.7179  0.0000  0.0000
 84 164 -0.3732 -0.3694 10.3318
 92 164 -0.4116  0.0000 11.1304
100 164 -0.5000  0.0000 11.1304
108 164 -0.2233  0.0000  0.0000
116 164  0.0580  0.0000 11.1304
124 164  0.3170  0.0000  0.0000
132 164 -0.4004  0.0000 11.1304
140 164 -0.3739  0.0000  0.0000
148 164 -0.3147  0.0000  0.0000
156 164 -0.1362  0.0000 17.0667
164 164 -0.1960  0.0000 11.1304
172 164 -0.0732  0.0000  0.0000
180 164 -0.1677  0.0000  0.0000
188 164 -0.4628  0.0000 11.1304
196 164  0.0000  0.5000  8.0688
204 164  1.0051  0.0000  0.0000
212 164  0.9101  0.0000 19.1045
220 164  0.9414  0.0000  8.2581
228 164  1.2662  0.0000 17.0667
236 164  1.6601  0.0000  0.0000
244 164  1.9484  0.0000  0.0000
252 164  2.5000  0.0000  8.8276
260 164  2.1683  0.0000 11.1304
268 164  2.2188  0.0000  0.0000
276 164  2.5000  0.1588 10.5785
284 164  1.4630  0.0000 16.1088
292 164  0.3827  0.0000  0.0000
  4 172 -0.5000  0.0000 11.1304
 12 172 -0.5025  0.0000  0.0000
 20 172 -0.5562  0.0000 16.1088
 28 172 -0.5759  0.0000  0.0000
 36 172 -0.3465  0.0000 16.1088
 44 172 -0.0401  0.0000 16.1088
 52 172  0.2517  0.0000  0.0000
 60 172  1.0975  0.0000 11.1304
 68 172  0.5519  0.0000 11.1304
 76 172  0.3061  0.0000 13.3565
 84 172  0.5000  0.0000 11.1304
 92 172  0.3792  0.0000  0.0000
100 172  0.4654  0.0000 11.1304
108 172  0.5000 -0.3577 10.2400
116 172 -0.0965  0.0000 16.1088
124 172 -0.2272  0.0000  0.0000
132 172  0.2434  0.0000  0.0000
140 172  0.4658  0.0000 11.1304
148 172  0.6546  0.0000 11.1304
156 172  0.8474  0.0000  0.0000
164 172  0.8096  0.0000 13.0803
172 172  0.1832  0.0000 11.1304
180 172 -0.5000  0.1588 10.5785
188 172  0.8538  0.0000 11.1304
196 172  2.0833  0.0000 16.1088
204 172  2.9198  0.0000  0.0000
212 172  2.5078  0.0000  0.0000
220 172  1.4001  0.0000  0.0000
228 172  0.2703  0.0000 11.1304
236 172 -0.2373  0.0000  0.0000
244 172 -0.4707  0.0000  0.0000
252 172 -0.5046  0.0000  0.0000
260 172 -0.3227  0.0000  0.0000
268 172 -0.0335  0.0000  0.0000
276 172  0.2681  0.0000 11.1304
284 172  2.5000 -0.1180  9.2850
292 172  1.2761  0.0000  0.0000
  4 180  0.5000  0.0000 11.1304
 12 180  0.4860  0.0000 11.1304
 20 180  0.5362  0.0000  0.0000
 28 180  0.7013  0.0000 11.1304
 36 180  0.7131  0.0000 16.1088
 44 180  0.1602  0.0000  0.0000
 52 180 -0.1378  0.0000  0.0000
 60 180 -0.0853  0.0000 11.1304
 68 180  0.0375  0.0000  0.0000
 76 180  0.2211  0.0000  0.0000
 84 180  0.3617  0.0000  0.0000
 92 180  0.2568  0.0627  8.5469
100 180 -0.6471  0.0000  0.0000
108 180 -1.1838 -0.5000  7.5779
116 180  0.1960 -0.5000 11.1304
124 180  1.6032  0.0000 12.5445
132 180  2.9061  0.0000  0.0000
140 180  3.1944  0.0000  0.0000
148 180  2.1583  0.0000 11.1304
156 180  0.7917  0.0000  0.0000
164 180  0.0218  0.2266 12.8350
172 180 -0.3480  0.0000 11.1304
180 180 -0.4135  0.0000  0.0000
188 180 -0.2550  0.0000 11.1304
196 180  0.0216  0.0000 11.1304
204 180  0.3230  0.0000  0.0000
212 180  3.4323  0.0000  0.0000
220 180  1.8383  0.0000  0.0000
228 180  0.7199  0.0000 11.1304
236 180  0.3802  0.0000  0.0000
244 180  0.4446  0.0000  0.0000
252 180  0.7745  0.0000  0.0000
260 180  0.9894  0.0000  0.0000
268 180  0.2348  0.0000  0.0000
276 180 -0.0840  0.0000  0.0000
284 180 -0.2783  0.0000  0.0000
292 180 -0.3482  0.0000  0.0000
  4 188 -0.2392  0.0000  0.0000
 12 188 -0.2235  0.0000 16.1088
 20 188 -0.4809  0.0000 16.1088
 28 188 -1.1209  0.0000 11.1304
 36 188 -1.4027  0.0000  0.0000
 44 188 -0.5734  0.0000  0.0000
 52 188  0.8124  0.0000  0.0000
 60 188  2.7733  0.0000 16.1088
 68 188  3.8856  0.0000 11.1304
 76 188  2.6146  0.0000  0.0000
 84 188  0.7911  0.0000 16.1088
 92 188  0.0000 -0.5000  8.9154
100 188 -0.3518  0.0000  0.0000
108 188 -0.3875  0.0000 13.1641
116 188 -0.2209  0.0000 11.1304
124 188  0.0530  1.0000 11.7655
132 188  0.3130  0.0000 11.1304
140 188  4.1849  0.0000  0.0000
148 188  2.1824  0.0000 11.1304
156 188  0.6287  0.0000  0.0000
164 188  0.0698  0.2911 10.5124
172 188  0.1082  0.0000  0.0000
180 188  0.6875  0.0000  0.0000
188 188  1.5572  0.0000  8.8276
196 188 -0.0046  0.0000 16.1088
204 188 -0.0913 -0.2044 18.7317
212 188 -0.3744  0.0000  0.0000
220 188 -0.6179  0.0000  0.0000
228 188 -0.5000  0.0000  8.8276
236 188 -0.5661  0.0000 11.1304
244 188 -0.8728  0.0000  0.0000
252 188 -1.3353  0.0000  0.0000
260 188 -1.5526  0.0000  0.0000
268 188 -1.1996  0.0000  0.0000
276 188 -0.2578  0.0000  0.0000
284 188  2.3715  0.0000  0.0000
292 188  4.5000 -0.5000  4.0635
  4 196  2.6202  0.0000  0.0000
 12 196  0.1960  0.0000 11.1304
 20 196 -0.3572  0.0000  8.8276
 28 196 -0.4744  0.0000  0.0000
 36 196 -0.4267  0.0000 11.1304
 44 196 -0.2680  0.0000  0.0000
 52 196 -0.0418  0.1521 12.6567
 60 196  0.1332  0.0000  0.0000
 68 196  4.7909  0.0000 11.1304
 76 196  2.3544  0.0000  0.0000
 84 196  0.1683  0.0000 19.1045
 92 196 -0.4993  0.0000  0.0000
100 196 -0.4787  0.0000 11.1304
108 196  0.1841  0.0418 12.3683
116 196  2.5000  0.0000  8.8276
124 196 -0.6907  0.2991  8.0688
132 196 -0.3063  0.0000  0.0000
140 196 -0.1897  0.0000  0.0000
148 196 -0.5000  0.0000 11.1304
156 196 -0.3479  0.0000  0.0000
164 196 -0.5123  0.0000 12.0628
172 196 -0.8607  0.0000  0.0000
180 196 -1.1917  0.0000  0.0000
188 196 -1.2505  0.0000  0.0000
196 196 -1.0079  0.0000 11.1304
204 196 -1.0000  0.0000  9.2850
212 196  1.2982  0.0000  0.0000
220 196  2.7235  0.0000  0.0000
228 196  1.8117  0.0000  0.0000
236 196  0.3064  0.0000  0.0000
244 196 -0.2628  0.0000  0.0000
252 196 -0.3919  0.0000  0.0000
260 196 -0.4109  0.0000  0.0000
268 196 -0.3588  0.0000  0.0000
276 196 -0.2780  0.1270 13.3759
284 196 -0.1814  0.0000  0.0000
292 196  5.0065  0.0000 11.1304
  4 204  2.5000  0.0000  8.8276
 12 204 -0.3916  0.0000  8.0000
 20 204 -0.7625  0.0000  0.0000
 28 204 -0.7781  0.0000  0.0000
 36 204 -0.4370  0.0000 11.1304
 44 204  0.5000  0.0000 11.1304
 52 204  1.5000  0.0000  8.2581
 60 204  1.1561  0.0000 16.1088
 68 204  1.1379  0.0000  0.0000
 76 204  1.3070  0.0337 12.4709
 84 204  0.5619  0.0000 16.1088
 92 204 -0.0997  0.0000  0.0000
100 204 -0.5945  0.0000  0.0000
108 204 -0.7951  0.0000  5.4468
116 204 -0.3502 -0.1397  7.3775
124 204  1.3070  0.0337 12.4709
132 204  3.5000 -0.1203  5.4468
140 204  1.9094  0.0000 11.1304
148 204  1.5969  0.0000  0.0000
156 204  0.9889  0.0000  0.0000
164 204  0.1960  0.0000 11.1304
172 204 -0.1100  0.0000  0.0000
180 204 -0.1896  0.0000  0.0000
188 204 -0.3338  0.0000  0.0000
196 204 -0.3829  0.0000 11.1304
204 204 -0.3808  0.0000 11.1304
212 204 -0.4030  0.0000 16.1088
220 204  4.3641  0.0000 16.1088
228 204  2.2304  0.0000  0.0000
236 204  0.3603  0.0000 11.1304
244 204 -0.0913 -0.2044 18.7317
252 204 -0.5361  0.0000  0.0000
260 204 -0.5276  0.0000  0.0000
268 204  0.0272  0.0000  0.0000
276 204  0.9307  0.0000 11.1304
284 204  1.1667  0.0000  0.0000
292 204  1.2614  0.0000 11.1304
  4 212  1.2120  0.0000  0.0000
 12 212  0.5982  0.0000 11.1304
 20 212 -0.0224  0.0000 11.1304
 28 212 -0.4852  0.0000  0.0000
 36 212 -0.7176  0.0000  0.0000
 44 212 -0.5000  0.0000  8.8276
 52 212  0.8015  0.0000  9.2086
 60 212  1.5570  0.0000 12.0628
 68 212 -0.1841  0.0418 12.3683
 76 212  0.2122  0.0000 16.1088
 84 212  0.2498  0.0000  9.2086
 92 212 -0.0077 -0.0211  8.2239
100 212 -0.0211  0.0006  9.1639
108 212 -0.0044  0.0233  6.4661
116 212 -0.3124  0.0000 19.1045
124 212 -0.3820  0.0000 11.9011
132 212 -0.3880  0.0000 13.0803
140 212 -0.4530  0.0000  8.0000
148 212  3.1964  0.0000  0.0000
156 212  1.7342  0.0000  0.0000
164 212  0.5762  0.0000 12.0628
172 212  0.0064  0.0000  8.8276
180 212 -0.5000  0.0000  8.8276
188 212 -0.6831  0.0000  0.0000
196 212 -0.4708  0.0000  0.0000
204 212  0.0000  0.5000 11.1304
212 212  0.5252  0.0000 11.1304
220 212  0.6877  0.0000  0.0000
228 212  0.4970  0.0000  4.0635
236 212  0.0240  0.0000  0.0000
244 212 -0.2984  0.3415 16.8934
252 212 -0.4871  0.0000 11.1304
260 212 -0.6095  0.0000  0.0000
268 212 -0.4732  0.0000 13.5576
276 212  0.1153  0.0000 16.1088
284 212  0.3824  0.0000 11.1304
292 212 -0.1523  0.0000  8.8276
  4 220  0.1864  0.5000  6.9398
 12 220  0.1686  0.0000  0.0000
 20 220 -0.0102  0.0000  0.0000
 28 220 -0.1238  0.0000  0.0000
 36 220 -0.2525  0.0000 11.1304
 44 220 -0.5000  0.0000  7.8528
 52 220 -0.3462  0.0000 11.1304
 60 220 -0.2757  0.0000  0.0000
 68 220 -0.3243  0.0000  0.0000
 76 220  1.7990  0.0000  0.0000
 84 220  1.0000  0.0000  9.2850
 92 220  0.4306  0.0000  8.6486
100 220  0.0000 -0.0242  8.7164
108 220 -0.6098  0.0000 11.3629
116 220 -1.0066  0.0000 11.1304
124 220 -0.9751  0.0000  0.0000
132 220 -0.5281  0.0000 11.1304
140 220  0.0698 -0.2911 10.5124
148 220  0.0968  0.0000  0.0000
156 220 -0.3993  0.0000  0.0000
164 220 -1.0000  0.0000  9.2850
172 220 -0.8236  0.0000 11.1304
180 220 -0.5000  0.0000  8.8276
188 220 -0.5435  0.0000  0.0000
196 220 -0.5680  0.0000 11.1304
204 220 -0.4042  0.0000 11.1304
212 220 -0.2132  0.0000  0.0000
220 220 -0.0016  0.0000  0.0000
228 220  0.4467  0.1538  8.0147
236 220  0.3557  0.0000 11.1304
244 220  0.0583  0.0000 11.1304
252 220 -0.2197  0.0000  0.0000
260 220 -0.3884  0.0000  0.0000
268 220 -0.3500  0.0000  0.0000
276 220  0.0000  0.5000  8.0688
284 220  0.0275  0.0000 20.7059
292 220 -0.0703  0.0000 11.1304
