VARIABLES= "X pix", "Y pix", "U pix/dt", "V pix/dt", "CHC", ZONE I=28, J=37
  4   4  0.0010  0.0000 10.6977
 12   4 -0.0070  0.0019 10.9721
 20   4 -0.0171  0.0000 10.9708
 28   4 -0.0050  0.0000 11.7274
 36   4  0.0211  0.0000 11.0456
 44   4 -0.0206  0.0000 11.0456
 52   4 -0.0035 -0.0055 11.2558
 60   4  0.0000  0.0127 11.0049
 68   4  0.0159  0.0000 10.9708
 76   4  0.0527  0.0137 10.9645
 84   4 -0.0052  0.0080 10.8646
 92   4  0.0198  0.0189 10.7507
100   4  0.0011  0.0593 12.4330
108   4  0.0000  0.0710 12.6657
116   4 -0.0005  0.0000 11.7594
124   4  0.0050  0.0000 11.0456
132   4  0.0000  0.0054 11.6920
140   4  0.0000 -0.0054 11.6920
148   4  0.0142  0.0000 11.7754
156   4 -0.0036 -0.0185 11.7900
164   4 -0.0651  0.0000 11.7754
172   4  0.0000  0.0209 11.8613
180   4  0.0089  0.0000 11.7754
188   4  0.0000 -0.0568 11.2480
196   4  0.0045 -0.0160 11.9890
204   4  0.0000  0.0000 11.9407
212   4  0.0120  0.0000 12.2348
220   4  0.0269  0.0000 11.5182
228   4  0.0000  0.0000 10.3135
236   4  0.0000  0.0000 10.3848
244   4  0.0086 -0.0384  9.5655
252   4 -0.0216 -0.0045 10.5324
260   4  0.0362 -0.0050 10.8184
268   4 -0.0000  0.0000 10.5827
276   4  0.0677 -0.0224 13.1618
284   4  0.0000 -0.1245 12.4512
292   4  0.0218 -0.0109 11.7230
  4  12  0.1722  0.0000  9.9617
 12  12  0.2940  0.0780 11.8166
 20  12 -0.1136  0.0161 12.1220
 28  12  0.1732  0.0120 11.6667
 36  12  0.0136  0.0079 21.6630
 44  12  0.0102  0.0000 17.0667
 52  12  0.0312  0.0000 25.0647
 60  12 -0.0210 -0.0013 11.8054
 68  12  0.0017  0.0149 17.5356
 76  12  0.0319  0.0000 10.7826
 84  12  0.0571 -0.0047  9.3384
 92  12 -0.0717  0.0110  9.6356
100  12  0.0348 -0.0262  9.0170
108  12  0.0048 -0.0116 13.5193
116  12  0.0064 -0.0076 11.9841
124  12 -0.0466  0.0119 12.4496
132  12  0.0000  0.0058 10.9754
140  12  0.0263  0.0000 10.8049
148  12  0.0164  0.0000 10.8049
156  12  0.0010  0.0000 12.3881
164  12  0.0419  0.0000 14.2356
172  12  0.1055 -0.1815 10.0662
180  12 -0.0527  0.0552 11.1758
188  12 -0.0629 -0.1767 11.3635
196  12  0.1155 -0.3589 11.9478
204  12  0.0687 -0.1491  9.2818
212  12  0.0205  0.2099 12.0292
220  12  0.0237  0.0000 16.5171
228  12  0.0978  0.0000 12.1564
236  12  0.1662  0.0000 11.2941
244  12  0.0454 -0.0065 11.9692
252  12  0.0049  0.0118  9.2175
260  12  0.0029  0.0614 10.7685
268  12  0.0185  0.0000  8.6732
276  12  0.0989  0.0030  9.0647
284  12  0.0368 -0.1878  6.9728
292  12  0.0240  0.0516  7.5833
  4  20  0.0202  0.0349 16.5981
 12  20  0.0898  0.0000 15.0657
 20  20  0.0396  0.0111 14.8798
 28  20 -0.0136  0.0230 13.2774
 36  20 -0.0234  0.0000 12.1408
 44  20 -0.0149  0.0000 12.1342
 52  20 -0.0109 -0.0088 10.7959
 60  20  0.0459 -0.0058 13.3892
 68  20  0.0657  0.0000 15.3658
 76  20  0.0030 -0.0124 12.1316
 84  20 -0.0023 -0.0007 12.4385
 92  20 -0.0117 -0.0033 10.1234
100  20  0.0000 -0.0000 12.5538
108  20  0.0086  0.0065 12.6835
116  20  0.0413 -0.0057 15.5420
124  20  0.0213 -0.0017 15.3130
132  20  0.0181  0.0000 15.2728
140  20  0.0015 -0.0363 14.5671
148  20 -0.0143 -0.0005 14.9010
156  20 -0.0293  0.0000 14.1367
164  20 -0.0092  0.0068 13.9364
172  20  0.0093  0.0033 18.8306
180  20  0.0259  0.0372 16.0684
188  20 -0.0056 -0.0144 19.9602
196  20 -0.0508 -0.0001 19.5224
204  20  0.0065 -0.0320 23.8302
212  20 -0.0877  0.0345 23.5169
220  20  0.0880  0.0479 15.5757
228  20 -0.0486  0.0000  8.0688
236  20  0.0844 -0.0383 14.8837
244  20  0.0000 -0.0534 17.9905
252  20 -0.0763  0.0420 15.6098
260  20 -0.0446  0.0000 17.0547
268  20 -0.0289  0.0000 10.6298
276  20 -0.0121  0.0170 13.0346
284  20  0.1353  0.0000 16.5892
292  20  0.1185  0.0026 12.3280
  4  28 -0.0051  0.0012  9.1820
 12  28  0.0568  0.0016 10.1464
 20  28  0.0029 -0.0225 10.6150
 28  28 -0.0136 -0.0125 10.3018
 36  28  0.0026 -0.0111 10.4174
 44  28  0.0140 -0.0002 10.1930
 52  28 -0.0028  0.0000 10.1756
 60  28 -0.0003 -0.0024  9.8796
 68  28 -0.0062 -0.0097 10.7555
 76  28 -0.0066  0.0000 10.6321
 84  28  0.0031  0.0186  9.5997
 92  28  0.0004 -0.0378  9.2822
100  28  0.0081  0.0020 12.7464
108  28  0.0059  0.0019 13.9703
116  28  0.0025  0.0243  8.7986
124  28 -0.0125 -0.0207  9.2867
132  28 -0.0008  0.0040  8.4685
140  28 -0.0038  0.0000  8.9250
148  28  0.0949  0.0000  8.9827
156  28  0.0009  0.0000 19.3350
164  28 -0.0156 -0.0097 17.0347
172  28  0.0023  0.0312 16.7900
180  28 -0.0033  0.0056 22.1315
188  28  0.0114 -0.0044 14.8783
196  28  0.0082 -0.0033  8.5637
204  28  0.0015 -0.0012  8.7924
212  28  0.0112 -0.0033  9.7002
220  28  0.0058 -0.0001  9.4537
228  28 -0.0126 -0.0016  9.0065
236  28 -0.0086  0.0189  8.6606
244  28 -0.0113 -0.0008  8.9371
252  28 -0.0250  0.0000 10.0705
260  28 -0.0015 -0.0059 15.1046
268  28  0.0096  0.0031 11.9424
276  28 -0.0165  0.0084 24.8389
284  28  0.0185 -0.0002 14.7117
292  28  0.0022  0.0072 11.2923
  4  36 -0.0151  0.0000  7.5470
 12  36 -0.0018 -0.0262  6.9771
 20  36 -0.0176 -0.0361  6.5509
 28  36  0.1365 -0.2819  5.6772
 36  36  0.0427  0.0052  8.5682
 44  36  0.0225  0.0000  9.4762
 52  36 -0.0065  0.0000  8.2581
 60  36  0.0100  0.0000  8.4696
 68  36  0.0495  0.0000  9.9058
 76  36  0.1451  0.0044 13.3454
 84  36  0.0542  0.0000 12.3457
 92  36  0.0000  0.1801  8.8321
100  36 -0.0046  0.0000  7.9883
108  36  0.0000 -0.0257  6.7321
116  36  0.0089  0.0000  7.3088
124  36  0.0490 -0.5353  7.5957
132  36 -0.5000 -0.1588 10.5785
140  36 -0.3628  0.0000  8.8276
148  36  0.0000  0.0000  6.5561
156  36  0.1595  0.0000 13.5438
164  36  0.0002 -0.0160 13.4255
172  36 -0.0041  0.0026 16.0183
180  36 -0.0040 -0.0134 13.5012
188  36  0.0007  0.0019 11.2620
196  36  0.0079 -0.0101 13.4313
204  36 -0.0833  0.0021 13.8082
212  36  0.1159  0.0000 12.7354
220  36 -0.1591  0.0859 15.3848
228  36 -0.0982  0.0387 13.3612
236  36 -0.0885  0.0000 11.0903
244  36 -0.0996  0.0000  9.4208
252  36 -0.0385  0.2213 10.2477
260  36  0.0000  0.2146  7.9063
268  36  0.0758  0.0000  9.9881
276  36  0.0120 -0.0078  9.4183
284  36  0.0127  0.0036  9.4662
292  36  0.0000 -0.0248  8.6983
  4  44  0.0000 -0.1469 10.3584
 12  44  0.0087  0.0000 13.6955
 20  44  0.0062  0.1042 16.4137
 28  44 -0.0010  0.0000 14.4096
 36  44  0.0428  0.0000 11.7813
 44  44  0.0023 -0.0883 10.9298
 52  44  0.4560  0.0000  8.8736
 60  44  0.1070 -0.1506  6.9222
 68  44 -0.3340 -0.0945  6.1962
 76  44  0.0604  0.5592  8.2306
 84  44  0.2458  0.0000 11.1304
 92  44 -0.0571  0.0000 11.1304
100  44  0.0557  0.0000 16.1088
108  44  0.2505  0.0000 16.1088
116  44  0.5000  0.0000 12.5902
124  44  0.2706  0.0000 19.4783
132  44  0.1353 -0.1326  7.3628
140  44  0.2078  0.0000  0.0000
148  44 -0.0066  0.0096  5.8300
156  44 -0.0179 -0.0165 17.6176
164  44 -0.0125 -0.0114 11.5143
172  44 -0.0344 -0.0012 13.3927
180  44  0.0044 -0.0120 13.3198
188  44  0.0118  0.0120 10.8542
196  44  0.3136 -0.1174 10.3034
204  44  0.1648  0.0000  8.5898
212  44  0.0731  0.0000  7.4479
220  44  0.0471 -0.0695  8.8393
228  44 -0.0267  0.0000 10.7789
236  44 -0.0149  0.0100 12.3083
244  44 -0.0263  0.0000 10.6057
252  44 -0.0208  0.1588 13.8016
260  44  0.1253  0.0025 17.4748
268  44 -0.1348  0.0333 11.3522
276  44  1.1680  0.0000 11.9011
284  44  0.2620  0.0000 13.7993
292  44 -0.0199  0.2218 10.4326
  4  52 -0.0120 -0.0078  9.4183
 12  52  0.1182  0.0302  6.9734
 20  52 -0.1009  0.3660  6.7623
 28  52 -0.0042  0.0000  0.0000
 36  52  0.1832  0.0000  0.0000
 44  52  0.3275  0.0000 11.1304
 52  52  0.2691  0.0000  0.0000
 60  52  0.4146  0.0000  0.0000
 68  52  0.7266  0.0000  0.0000
 76  52  0.8743  0.0000 16.1088
 84  52  0.6883  0.0000 11.1304
 92  52  0.4378  0.0000 12.0628
100  52  0.4039  0.0000  0.0000
108  52  0.8065  0.0000  0.0000
116  52  1.5000  0.0000  8.2581
124  52  0.8668  0.0000 11.1304
132  52  0.2729  0.0000  0.0000
140  52  0.0990  0.0000 15.5408
148  52  0.0904  0.0000  6.2869
156  52 -0.0036  0.0076 28.3094
164  52  0.0074  0.0037 12.2943
172  52 -0.0108 -0.0148  9.4775
180  52 -0.0016 -0.0052 22.7171
188  52 -0.0007  0.0087  9.0615
196  52  0.0000 -0.5000  8.8276
204  52  2.5000  0.0000  8.8276
212  52 -0.0579  0.2001 13.7634
220  52 -0.2283  0.0000 12.8227
228  52 -0.1135  0.0000 13.9594
236  52 -0.0095  0.0000 15.4368
244  52 -0.0140  0.1543 11.0678
252  52 -0.0951  0.0792 13.2176
260  52  0.0413  0.0000 12.8600
268  52  0.0750  0.0000 13.7993
276  52  0.0991  0.0104 11.9834
284  52  0.5598  0.0000 13.2196
292  52  1.2490  0.0000 17.0667
  4  60  1.8863  0.0000  0.0000
 12  60  1.3996  0.0000  0.0000
 20  60  0.7200  0.0000  0.0000
 28  60  0.3903  0.0000  0.0000
 36  60  0.5865  0.0000  0.0000
 44  60  0.9013  0.0000 11.1304
 52  60  0.4397  0.0000  0.0000
 60  60 -0.0842  0.0000  0.0000
 68  60  0.0792  0.0000  0.0000
 76  60  0.3648  0.0000 11.1304
 84  60  0.3588  0.0000  9.5632
 92  60  0.2071  0.0000  8.3633
100  60  0.0789  0.0000 21.6135
108  60 -0.1098  0.0000  0.0000
116  60 -0.3877  0.0000 16.1088
124  60 -0.5000  0.0000  8.8276
132  60  1.0497  0.0000  0.0000
140  60  0.1962  0.0000 13.7544
148  60 -0.0050 -0.0060  6.0273
156  60 -0.0161 -0.0012  6.1153
164  60  0.0016  0.0124  6.0444
172  60  0.1620  0.0000  5.9068
180  60 -0.0098  0.0071  5.7603
188  60  0.0211 -0.0004  5.6462
196  60 -0.0654  0.0000  7.3911
204  60  0.0551  0.0000  9.7047
212  60  0.4620  0.0000 12.0628
220  60  1.2116  0.0000 11.1304
228  60  2.5000  0.0000  8.8276
236  60  1.5786  0.0000 16.1088
244  60  0.5741  0.0000  7.4662
252  60  0.0379 -0.1728 10.6533
260  60  0.0248 -0.0297 13.4174
268  60  0.1502  0.0000  8.7453
276  60 -0.0955  0.0000 14.3074
284  60 -0.5000  0.0000  8.8276
292  60  0.2841  0.3627  7.7511
  4  68  1.0010  0.0000 11.1304
 12  68  1.0018  0.0000  0.0000
 20  68  0.6977  0.0000  0.0000
 28  68  0.4210  0.0000 11.1304
 36  68  0.1469  0.0000  0.0000
 44  68 -0.1523  0.0000 12.0628
 52  68 -0.1489  0.0000  0.0000
 60  68  0.5000  0.0000  8.4768
 68  68  0.1331  0.0000  0.0000
 76  68 -0.0213  0.0000 13.5872
 84  68 -0.0044  0.0000 12.0083
 92  68  0.1026  0.0000 12.0628
100  68  0.4004  0.0000 17.7193
108  68  0.1841 -0.0418 12.3683
116  68 -0.1841 -0.0418 12.3683
124  68 -0.3015  0.0000 16.1088
132  68 -0.0918  0.0000 11.1304
140  68 -0.0193  0.0000 16.1088
148  68 -0.1147  0.0186 12.5836
156  68  0.7751  0.0000 16.1088
164  68  0.5986  0.0000 16.1088
172  68  0.1367 -0.4389  9.0964
180  68  0.2272  0.0241 12.9826
188  68 -0.0948  0.0000  0.0000
196  68 -0.1377  0.0000  0.0000
204  68  0.0872  0.0000  0.0000
212  68  0.2787  0.0000 11.1304
220  68  1.1255  0.0000  0.0000
228  68  2.0061  0.0000 11.1304
236  68  1.6604  0.0000 16.1088
244  68  1.1147  0.0000 11.1304
252  68  0.8371  0.0000 16.1088
260  68  0.6866  0.0000 16.1088
268  68  0.4043 -0.4043  8.0000
276  68  0.1915  0.0000 16.1088
284  68 -0.0516  0.3042 11.4677
292  68 -0.2120  0.0000 16.6956
  4  76 -0.1669  0.0000 11.1304
 12  76  0.0436  0.0000  0.0000
 20  76  0.2776  0.0000  0.0000
 28  76  0.3630  0.0000 17.0667
 36  76  0.1918  0.0000 17.0667
 44  76  0.0000  0.2730 10.6474
 52  76 -0.4043 -0.4043  8.0000
 60  76  0.0000 -0.5000  8.8276
 68  76  0.0854  0.0638 20.9591
 76  76 -0.2263  0.0000  9.4208
 84  76 -0.1189 -0.0412  9.1927
 92  76  0.0323 -0.0223 12.2119
100  76  0.1101  0.0000 11.5903
108  76  0.0145  0.0000 11.1304
116  76 -0.4104  0.0000 11.1304
124  76 -0.5358  0.0000  8.0000
132  76  0.2353 -0.4104  7.3143
140  76  0.6651  0.0000  9.2086
148  76  1.3853  0.0000 12.0455
156  76  2.5000 -0.0265 11.4627
164  76  1.6199  0.0000  8.0000
172  76  0.9770  0.0000  0.0000
180  76  1.0288  0.0000  0.0000
188  76  1.4136  0.0000  0.0000
196  76  1.7068  0.0000 11.1304
204  76  0.9812  0.0000  0.0000
212  76  0.1235  0.0000  0.0000
220  76 -0.4004  0.0000 11.1304
228  76 -0.3172  0.0000 22.2609
236  76  0.0677  0.2414 11.7124
244  76  0.3846  0.0000 11.1304
252  76  0.0497  0.0000 11.1304
260  76 -0.0100  0.0000 11.1304
268  76 -0.1355  0.0000 11.1304
276  76 -0.3253  0.0000  8.0688
284  76 -0.2466  0.0000  0.0000
292  76 -0.0001  0.0000 20.7059
  4  84  0.0240  0.0000 11.1304
 12  84  0.2215  0.0000  0.0000
 20  84  0.5674  0.0000  0.0000
 28  84  0.7268  0.0000 17.0667
 36  84  0.2165 -0.0169 12.0692
 44  84 -0.6179  0.0000  0.0000
 52  84 -1.3070 -0.0337 12.4709
 60  84 -0.5276  0.0000 16.1088
 68  84  0.0463  0.2541  6.5780
 76  84 -0.0357 -0.0339 10.6778
 84  84 -0.1675  0.0000 14.7813
 92  84  0.0595  0.0000 13.6955
100  84  0.0400  0.0184 13.7634
108  84  0.6532  0.0000 12.0628
116  84  1.4785  0.0000 16.1088
124  84  2.5000 -0.1588 10.5785
132  84  1.3200  0.0000  0.0000
140  84  0.1798  0.0246 17.0238
148  84 -0.6472 -0.1241  8.5087
156  84 -0.5310  0.0000  0.0000
164  84 -0.1283  0.0000 11.1304
172  84  0.2816  0.0000  0.0000
180  84 -0.3095  0.0000 11.1304
188  84 -0.1969  0.0000  0.0000
196  84 -0.2321  0.0000 11.1304
204  84 -0.2228  0.0000 16.1088
212  84 -0.5000  0.0000 11.1304
220  84  0.0240  0.6574  9.8108
228  84  0.3335  0.0000 17.0667
236  84  0.7598  0.0000  0.0000
244  84  1.3864  0.0000 11.1304
252  84  1.8164  0.0000  0.0000
260  84  1.0203  0.0000  0.0000
268  84 -0.0314  0.0000  0.0000
276  84 -0.7660  0.0000  8.0000
284  84 -0.6639  0.0000 12.0628
292  84 -0.5000  0.0391  9.3822
  4  92 -0.1329  0.0000  0.0000
 12  92  0.0000  1.5000  5.4468
 20  92 -0.2259 -0.0134 13.2809
 28  92 -0.1437  0.0000 14.1759
 36  92  0.0849  0.2009  9.4534
 44  92  0.0375  0.6036 12.0802
 52  92 -0.0954 -0.0954  8.4077
 60  92  0.1804  0.0000  0.0000
 68  92  0.0081 -0.0810  8.2259
 76  92 -0.4583  0.0000 10.1899
 84  92 -0.5000  0.0000 14.1070
 92  92 -0.2343  0.0000  0.0000
100  92  0.1144  0.0000 11.1304
108  92 -0.4336  0.0000 11.1304
116  92 -0.1841 -0.0418 12.3683
124  92 -0.1841 -0.0418 12.3683
132  92  0.2093  0.0299 13.0089
140  92 -0.4337 -0.0578  8.8276
148  92  0.0059  0.0000 16.1088
156  92  0.4432  0.0000  0.0000
164  92  0.8736  0.0000  0.0000
172  92  1.6148  0.0000  0.0000
180  92  2.5000  0.1180  9.2850
188  92  1.4781  0.0000 11.1304
196  92  0.5287  0.0000  0.0000
204  92 -0.0430  0.0000  0.0000
212  92 -0.1231  0.0000 11.1304
220  92  0.0000 -0.5000  8.8276
228  92  0.3145  0.0000  9.1653
236  92  0.0651  0.1150 14.5523
244  92 -0.0021  0.0000 11.1304
252  92  0.1156  0.0000 11.1304
260  92  0.0275  0.0000 11.1304
268  92 -0.2313  0.0000  0.0000
276  92 -0.4059  0.0000  0.0000
284  92 -0.1769  0.0000  0.0000
292  92 -0.1159  0.0000 19.1045
  4 100 -0.2818  0.0000 12.0628
 12 100 -0.3651  0.0000  9.2086
 20 100 -0.2790  0.0000  8.8276
 28 100 -0.0678 -0.0589 12.1685
 36 100 -0.0931  0.1856  7.7061
 44 100  0.1471  0.0000 20.7059
 52 100  0.1573  0.0000 11.1304
 60 100  0.2481  0.0000  0.0000
 68 100  0.0036  0.0000  0.0000
 76 100  0.2721  0.0000  0.0000
 84 100  0.4750  0.0000  8.3934
 92 100  0.3047  0.0000  0.0000
100 100  0.3099  0.0000 18.5922
108 100  0.1467  0.0000 12.0755
116 100  0.5218  0.0000 11.1304
124 100  0.5169  0.0000 11.1304
132 100  0.4521  0.0000 16.1088
140 100  0.4822  0.0000  0.0000
148 100  0.4957  0.0000  0.0000
156 100  0.5054  0.0000 11.1304
164 100  0.3005  0.0000 11.1304
172 100  0.2597  0.0000 11.1304
180 100  0.5000  0.0000  8.4768
188 100  0.2531  0.0000  0.0000
196 100 -0.0178  0.0000 16.1088
204 100 -0.1602  0.0000  0.0000
212 100 -0.0378  0.0000  0.0000
220 100  0.0066  0.0000  0.0000
228 100 -0.0829  0.0000 11.9011
236 100 -0.2640  0.0000 13.3565
244 100 -0.3793  0.0000 11.4743
252 100 -0.3604  0.1235 13.6655
260 100  0.8721  0.0000  0.0000
268 100  0.7681  0.0000  0.0000
276 100  0.5601  0.0000  0.0000
284 100  0.3915  0.0000 11.1304
292 100  0.2780  0.1270 13.3759
  4 108  0.6203  0.0000 11.1304
 12 108  0.7143  0.0000 11.1304
 20 108 -0.2300  0.0000 11.1304
 28 108 -0.2810  0.0000 17.0667
 36 108  0.0418 -0.1521 12.6567
 44 108  0.3185  0.0000  8.0000
 52 108  0.5757  0.0000 11.1304
 60 108  0.8157  0.0000  0.0000
 68 108  0.9840  0.0000  0.0000
 76 108  0.8311  0.0000  0.0000
 84 108  0.5730  0.0000 20.7059
 92 108  0.2779  0.0819  7.0459
100 108  0.0431 -0.5994  8.3934
108 108  0.1244 -0.0375 16.8192
116 108  0.2305  0.0000  0.0000
124 108  0.1751  0.0000  0.0000
132 108  0.0710  0.0000 11.1304
140 108  0.1798  0.0246 17.0238
148 108  0.1532  0.0000 20.7059
156 108  0.0610  0.5000  7.7665
164 108 -0.2722  0.0000  0.0000
172 108 -0.6156  0.0000  0.0000
180 108 -0.9533  0.0000  0.0000
188 108  2.1164  0.0000  0.0000
196 108  1.5208  0.0000  0.0000
204 108  0.9751  0.0000  0.0000
212 108  0.4954  0.0000  0.0000
220 108  0.2580  0.0000  0.0000
228 108  0.8157  0.0000 11.1304
236 108  1.1876  0.5000  7.1263
244 108 -0.8264 -0.3290  9.1018
252 108 -0.6706  0.0000  0.0000
260 108 -0.2080  0.0000 16.1088
268 108  0.1716  0.0000 11.1304
276 108  0.5515  0.0000  0.0000
284 108  0.9506  0.0000  0.0000
292 108  1.2596  0.3479  7.1968
  4 116  0.8871  0.0000 16.1088
 12 116  0.4041  0.0000  0.0000
 20 116  0.0010  0.0000  9.2086
 28 116 -0.1597 -0.0728 12.0580
 36 116  0.1891  0.0000  0.0000
 44 116  0.3086  0.0000 19.1045
 52 116  0.3031  0.0000  0.0000
 60 116  0.0222  0.0000  0.0000
 68 116  0.0664  0.0000 11.1304
 76 116  0.0534  0.0000 16.6957
 84 116 -0.0928  0.0000 11.1304
 92 116 -0.4312  0.0000  0.0000
100 116 -0.8916  0.0000 11.1304
108 116 -1.5115  0.0000 16.1088
116 116  3.2665  0.0000 13.3565
124 116  2.2232  0.0000 10.5321
132 116  1.3455  0.0000 11.1304
140 116  0.4374  0.0000 16.1088
148 116 -0.4319  0.0000  8.8276
156 116  0.2197  0.0000 16.1088
164 116  0.5647  0.0000  0.0000
172 116 -0.2468  0.0000  0.0000
180 116 -0.2533  0.0000  0.0000
188 116 -0.0971  0.0000  0.0000
196 116  0.0895  0.0000  0.0000
204 116  0.3609  0.0000  0.0000
212 116  0.6576  0.0000  0.0000
220 116  0.8321  0.0000 11.1304
228 116  0.5002  0.0000 16.1088
236 116 -0.0232  0.0000 11.1304
244 116 -0.4380  0.0000 11.1304
252 116 -0.4043 -0.4043  8.0000
260 116  0.2253  0.2364  9.6455
268 116  0.1887  0.3542 11.3677
276 116  0.2720 -0.4132  8.8276
284 116 -0.2907  0.0403 10.5761
292 116 -0.1151 -0.1151 16.5161
  4 124 -0.0462  0.0000  0.0000
 12 124 -0.1841  0.0418 12.3683
 20 124 -0.4963  0.0000 11.1304
 28 124 -0.9804  0.0000  8.4768
 36 124 -1.6663  0.0000 15.2515
 44 124  3.9496  0.0000 11.9011
 52 124  2.7085  0.0000  0.0000
 60 124  1.7001  0.0000  0.0000
 68 124  0.5000  0.0000 11.1304
 76 124 -1.4070  0.1518 10.3087
 84 124 -0.2203  0.0000  0.0000
 92 124  0.2266  0.0000 11.1304
100 124  0.1463  0.0000 11.1304
108 124  0.2587 -0.1868 11.1614
116 124  0.1051  0.0000  9.8196
124 124  0.0162 -0.0982  9.1474
132 124  0.1084  0.0000  0.0000
140 124  0.2477  0.0000 11.1304
148 124  0.3878  0.0000  0.0000
156 124  0.0391  0.0000 13.5576
164 124 -0.5256  0.0000 17.2183
172 124 -1.1005  0.0000 11.1304
180 124 -1.5000  0.0000  8.2581
188 124 -0.7133  0.0000  0.0000
196 124 -0.5901  0.0000  0.0000
204 124 -0.4754  0.0000  0.0000
212 124 -0.4706  0.0000  0.0000
220 124 -0.1530  0.0000  0.0000
228 124  0.0959  0.0000  0.0000
236 124  0.0799  0.0000 11.1304
244 124 -0.2388  0.0000 11.1304
252 124 -0.6951  0.0000  0.0000
260 124 -1.0767  0.0000  0.0000
268 124  3.8442  0.0000  0.0000
276 124  2.8031  0.0000 12.0455
284 124  1.9318  0.0000  0.0000
292 124  0.6378  0.0000 11.1304
  4 132 -0.6672  0.0000 12.3458
 12 132  0.0913 -0.2044 18.7317
 20 132 -0.0581  0.0000 16.1088
 28 132  0.0904  0.0000 11.1304
 36 132  0.2112  0.0000 11.9803
 44 132  0.1016  0.0000  8.4253
 52 132 -0.0144  0.0000 11.1304
 60 132 -0.0440  0.0000  0.0000
 68 132 -0.0421  0.1634 12.8457
 76 132  0.2289  0.0000 11.1304
 84 132 -0.2258  0.0000  0.0000
 92 132 -0.6654  0.0000  0.0000
100 132 -0.8961  0.0000  0.0000
108 132 -0.8254  0.0000  0.0000
116 132 -0.2852  0.0000 11.1304
124 132 -0.5000  0.0000  8.8276
132 132 -0.7301  0.0000  0.0000
140 132 -0.4432  0.0000  0.0000
148 132  0.0731  0.0000  0.0000
156 132  0.5573  0.0000  0.0000
164 132  0.7386  0.0000 11.1304
172 132  0.4342  0.0000 11.1304
180 132  0.0264  0.3145 11.0777
188 132  0.4261  0.0000  0.0000
196 132  2.7866  0.0000  0.0000
204 132  2.4614  0.0000 11.1304
212 132  2.1640  0.0000 11.1304
220 132  0.7212  0.0000  0.0000
228 132 -1.2743  0.0000  4.0635
236 132 -2.8274  0.3035  7.6077
244 132 -1.4185  0.0000 11.9011
252 132 -0.2827  0.0000  0.0000
260 132  0.0450  0.0000  0.0000
268 132  0.0199  0.0000  0.0000
276 132 -0.0012  0.0000  8.8276
284 132  0.0523  0.0000 19.1045
292 132  0.1777  0.0000 11.1304
  4 140  0.4043 -0.4043  8.0000
 12 140 -0.4682  0.0000 12.0455
 20 140 -0.6602  0.0000  0.0000
 28 140 -0.3580  0.0000  0.0000
 36 140  0.3517  0.0000 11.1304
 44 140  1.5348  0.0000  0.0000
 52 140  2.5000  0.0000 11.1304
 60 140  0.0101  0.1146 17.4161
 68 140 -0.0136 -0.1807  7.9395
 76 140  0.5016  0.0000  0.0000
 84 140  1.2168  0.0000  0.0000
 92 140  1.7376  0.0000  0.0000
100 140  1.5686  0.0000  0.0000
108 140  1.5339  0.0000  0.0000
116 140  2.5000  0.0000  8.8276
124 140  0.8801  0.0000 11.1304
132 140  1.6056  0.0000 11.1304
140 140  2.5000  0.0000  8.8276
148 140  1.4335  0.0000  0.0000
156 140 -0.0632  0.0000  0.0000
164 140 -1.1403  0.0000 11.1304
172 140 -0.6611  0.0000  0.0000
180 140  0.1556  0.0000 12.2969
188 140  0.0909  0.0000  0.0000
196 140 -0.0447  0.0000  0.0000
204 140  0.0394  0.0000  0.0000
212 140  0.1411  0.0000 11.1304
220 140  0.0347  0.0000 12.0628
228 140 -0.5000 -0.1180  9.2850
236 140 -1.1838 -0.5000  7.5779
244 140 -0.7580  0.0000  0.0000
252 140 -0.0560  0.0000 16.1088
260 140  0.7156  0.0000  0.0000
268 140  1.5504  0.0000  0.0000
276 140  1.8340  0.0000  0.0000
284 140  0.4236  0.0000 13.0803
292 140  0.2004  0.0000  0.0000
  4 148  0.6888  0.0000 17.2183
 12 148  1.5724  0.0000 11.1304
 20 148  2.5000  0.0000  8.8276
 28 148  2.2746  0.0000  0.0000
 36 148  2.3264  0.0000 11.1304
 44 148  3.2093  0.0000 11.1304
 52 148 -1.2861  0.0000 16.1088
 60 148 -0.0554 -0.1892  9.6158
 68 148  1.4616  0.0000 16.1088
 76 148  1.7271  0.0000  0.0000
 84 148  1.4102  0.0000 11.1304
 92 148  0.9890  0.0000 11.1304
100 148  0.3443  0.0000 16.1088
108 148  0.1297  0.0000  8.0000
116 148 -0.0306  0.0000 11.1304
124 148 -0.1212  0.0000  0.0000
132 148  0.2549  0.0000  0.0000
140 148  0.5747  0.0000  8.8276
148 148  0.6087  0.0000  0.0000
156 148  0.1014  0.0000  0.0000
164 148 -0.4303  0.0000  8.8276
172 148 -0.3004  0.0000  0.0000
180 148  0.1760  0.0000 15.0588
188 148  0.5363  0.0000  0.0000
196 148  0.8508  0.0000  0.0000
204 148  0.7508  0.0000  0.0000
212 148 -0.0463  0.2927  7.3438
220 148 -0.0749  0.0000 11.1304
228 148  0.3204  0.0000  0.0000
236 148  0.9630  0.0000  0.0000
244 148  1.6469  0.0000  0.0000
252 148  1.8100  0.0000 16.7450
260 148  2.1316  0.0000 16.1088
268 148  2.9996  0.0000  0.0000
276 148 -2.4865  0.0000  0.0000
284 148 -0.7264  0.0000 12.0628
292 148  0.8424  0.0000  0.0000
  4 156  1.7851  0.0000 16.1088
 12 156  2.3052  0.0000 16.1088
 20 156  2.5000  0.0000  8.8276
 28 156  0.7638  0.0000  0.0000
 36 156  0.0000  0.5000 11.1304
 44 156  0.1029  0.0000  0.0000
 52 156  0.1912  0.0000 12.4272
 60 156  0.8501  0.0000 16.1088
 68 156  1.2953  0.0000  0.0000
 76 156  1.6471  0.0000  0.0000
 84 156  1.1574  0.0000 11.1304
 92 156  0.5216  0.0000  0.0000
100 156  0.1675  0.0000  0.0000
108 156  0.0000  0.1063  6.9728
116 156  0.0891  0.0000 11.1304
124 156  0.1147  0.0000 11.1304
132 156  0.0033  0.0000 11.1304
140 156 -0.3203  0.0000 11.1304
148 156 -0.3513  0.0000 11.1304
156 156 -0.1967  0.0000  0.0000
164 156  0.0561  0.2765  9.5419
172 156  0.5144  0.0000 12.0628
180 156  0.8319  0.0000  0.0000
188 156  1.3733  0.0000  0.0000
196 156  2.4729  0.0000 11.1304
204 156 -2.7720  0.0000  0.0000
212 156 -1.0088  0.0000  0.0000
220 156  0.3964 -0.3449  7.3143
228 156  1.3573  0.0000  0.0000
236 156  1.7731  0.0000  0.0000
244 156  1.4150  0.0000 16.1088
252 156 -0.1068  0.5000 14.1617
260 156 -0.0182  0.0000  0.0000
268 156  0.9829  0.0000 16.1088
276 156  2.5000 -0.5000  4.0635
284 156  1.9024  0.0000 16.1088
292 156  1.7317  0.0000  0.0000
  4 164  2.5000  0.0000  8.8276
 12 164  1.9399  0.0000  8.8276
 20 164  1.2668  0.0000  8.9154
 28 164  0.7076  0.0000  0.0000
 36 164  0.2297  0.0000 11.1304
 44 164 -0.0938  0.0000 16.1088
 52 164 -0.3476 -0.2927  7.3438
 60 164 -0.3799  0.0000  0.0000
 68 164 -0.4192  0.0000  0.0000
 76 164 -0.4076  0.0000  0.0000
 84 164 -0.4242  0.0000  8.8276
 92 164 -0.4584  0.0000  0.0000
100 164 -0.2987  0.0000  0.0000
108 164 -0.0796  0.0000 11.1304
116 164  0.5000  0.0000  8.4768
124 164  2.2479  0.0000 11.1304
132 164 -2.3907  0.0000 11.1304
140 164 -0.9687  0.0000  0.0000
148 164  0.1274  0.0000  0.0000
156 164  0.8647  0.0000  0.0000
164 164  1.1224  0.0000 13.1731
172 164  0.7170  0.0000  0.0000
180 164 -0.1537  0.0000  0.0000
188 164 -0.1907  0.0000 11.1304
196 164  0.4043  0.4043  8.0000
204 164  1.3534  0.0000 11.1304
212 164  0.9894  0.0000  0.0000
220 164  0.5000  0.0000  8.4768
228 164  1.4473  0.0000 11.1304
236 164  1.6782  0.0000  0.0000
244 164  1.4994  0.0000 11.1304
252 164  1.1084  0.0000 16.9590
260 164  0.5256  0.0000  8.8276
268 164 -0.0283  0.0000  0.0000
276 164 -0.3862  0.0000 12.0268
284 164 -0.3902  0.0000  0.0000
292 164 -0.2217  0.0000  0.0000
  4 172 -0.0901  0.0000  0.0000
 12 172 -0.1848  0.0000 12.5039
 20 172 -0.5000 -0.5000  4.0635
 28 172 -0.5444  0.0000  0.0000
 36 172 -0.4569  0.0000 11.1304
 44 172 -0.0418  0.1521 12.6567
 52 172  2.5000  0.0000  8.8276
 60 172 -1.5550  0.0000  0.0000
 68 172 -0.6740  0.0000  0.0000
 76 172  0.0000 -0.5000  8.8276
 84 172  0.4797  0.0000  0.0000
 92 172  0.7049  0.0000  0.0000
100 172  0.3619  0.0000 11.1304
108 172 -0.2337  0.0000 16.1088
116 172 -0.4313  0.0000  0.0000
124 172 -0.2197  0.0000  0.0000
132 172  0.1622  0.0000 11.1304
140 172  0.1038  0.0000 11.1304
148 172  0.0660  0.0000 11.1304
156 172  0.7311  0.0000 13.1641
164 172  1.2507  0.0000 13.0803
172 172  1.4889  0.0000  0.0000
180 172  1.3878  0.0000  0.0000
188 172  0.7532  0.0000  0.0000
196 172  0.0463  0.0000  0.0000
204 172 -0.3800  0.0000  8.8276
212 172 -0.2545  0.0000  0.0000
220 172  0.2243  0.0000  0.0000
228 172  0.6323  0.0000 13.0803
236 172  0.6716  0.0000  0.0000
244 172  0.1809  0.0000  0.0000
252 172 -0.1544  0.0000  0.0000
260 172  0.0000  0.5000 11.1304
268 172  0.3900  0.0000  0.0000
276 172  1.9050  0.0000  0.0000
284 172 -0.4062  0.0000  0.0000
292 172 -0.2053  0.0000  0.0000
  4 180 -0.0908  0.0000  8.5742
 12 180  0.1180 -0.5000  9.2850
 20 180  0.5221  0.0000  0.0000
 28 180  0.1766  0.0000 16.1088
 36 180 -0.3853  0.0000 16.1088
 44 180 -0.6931  0.0000 11.1304
 52 180 -0.7396  0.0000 11.1304
 60 180 -0.6609  0.0000  0.0000
 68 180 -0.5321  0.0000  0.0000
 76 180 -0.3134  0.0000 11.1304
 84 180  0.2161  0.0000  0.0000
 92 180  0.7945  0.0000  0.0000
100 180  1.2845  0.0000 11.1304
108 180  1.5000  0.0000  8.2581
116 180  0.7839  0.0000  0.0000
124 180 -0.0175  0.0000  0.0000
132 180 -0.5000  0.0000  8.2581
140 180 -0.1743  0.0000  0.0000
148 180  0.7424  0.0000  0.0000
156 180  1.4853  0.0000  0.0000
164 180  1.7526  0.0000 13.0803
172 180  0.8398  0.0000  0.0000
180 180  0.0336  0.0000  0.0000
188 180  0.1060  0.0000  0.0000
196 180  0.4914  0.0000  0.0000
204 180  1.3201  0.0000 11.1304
212 180  0.9472  0.0000  0.0000
220 180  0.4480  0.0000  8.4768
228 180 -0.0913  0.2044 18.7317
236 180 -0.5000 -0.5000  4.0635
244 180  0.5000  0.0000  8.4768
252 180  0.0049  0.0000  0.0000
260 180 -0.5910  0.0000  0.0000
268 180 -0.8301  0.0000  0.0000
276 180 -0.9105  0.0000  0.0000
284 180 -1.0096  0.0000  0.0000
292 180 -0.7644  0.0000  0.0000
  4 188 -0.5337  0.0000  0.0000
 12 188 -0.1926  0.0000  8.8276
 20 188  0.2395  0.0000 11.1304
 28 188  0.6872  0.0000 16.1088
 36 188  0.8569  0.0000 16.1088
 44 188  0.4205  0.0000  0.0000
 52 188 -0.1918  0.0000 16.1088
 60 188 -0.5644  0.0000  0.0000
 68 188 -0.2393  0.0000 11.1304
 76 188  1.1682  0.0000 11.1304
 84 188  1.9864  0.0000  0.0000
 92 188  2.5000  0.0000  8.8276
100 188  0.9491  0.0000 16.7450
108 188 -0.2907  0.0403 10.5761
116 188 -0.0260 -0.1571 14.5328
124 188  0.3425  0.0000 15.9357
132 188  0.8078  0.0000 11.1304
140 188  2.2986  0.0000 11.1304
148 188  1.3812  0.0000  4.0635
156 188  0.6382  0.0000 11.1304
164 188 -0.0072  0.0000  9.4208
172 188  0.2135  0.0000  0.0000
180 188 -0.4044  0.0000  0.0000
188 188 -0.8634  0.0000 11.1304
196 188 -0.6424  0.0000  0.0000
204 188 -0.3523  0.0000  0.0000
212 188 -0.5000 -0.5000  4.0635
220 188 -0.2727  0.0000  0.0000
228 188 -0.3911  0.0000  0.0000
236 188 -0.4106  0.0000  0.0000
244 188 -0.2571  0.0000  0.0000
252 188  0.1060  0.0000  0.0000
260 188  0.2681  0.0000  0.0000
268 188  0.0640  0.0000  0.0000
276 188 -0.3000  0.0000  0.0000
284 188 -0.5511  0.0000 11.1304
292 188 -0.5000  0.0000  8.8276
  4 196  1.5000  0.0000  8.2581
 12 196  1.5000  0.0000  8.2581
 20 196  0.8336  0.0000 11.1304
 28 196 -0.0102  0.0000  8.2581
 36 196 -0.5752  0.0000  0.0000
 44 196 -0.4052  0.0000  8.4768
 52 196  0.0000 -0.5000  8.8276
 60 196  0.2377  0.0000  0.0000
 68 196  3.2017  0.0000 17.0667
 76 196  2.1416  0.0000  0.0000
 84 196  1.4070 -0.1518 10.3087
 92 196  0.3273  0.0000 11.1304
100 196  0.4240  0.0000 13.6955
108 196 -0.6543  0.0000  0.0000
116 196 -1.0000  0.0000  9.2850
124 196  0.0227 -0.0476 12.1592
132 196  1.3262  0.0000  0.0000
140 196  2.5000  0.0000 11.1304
148 196  1.2336  0.0000  0.0000
156 196  0.0849  0.0000  0.0000
164 196 -0.3773  0.0000 12.0455
172 196 -0.5000  0.0000  8.8276
180 196 -0.1763  0.0000  0.0000
188 196 -0.0437  0.0000  0.0000
196 196 -0.0835  0.0000 11.1304
204 196 -0.1122  0.0000  0.0000
212 196  0.2048  0.0000  0.0000
220 196  0.2997  0.0000 19.1045
228 196  1.7704  0.0000  0.0000
236 196  2.5000  0.0000  8.8276
244 196 -0.5000  0.0000  8.8276
252 196 -0.9014  0.0000  0.0000
260 196 -0.9471  0.0000  0.0000
268 196 -0.9049  0.0000  0.0000
276 196 -0.6126  0.0000  8.2581
284 196 -0.4240  0.0000  0.0000
292 196  3.2084  0.0000  0.0000
  4 204  2.2059  0.0000  0.0000
 12 204  1.5000  0.0000  8.2581
 20 204  0.0000 -0.5000  8.8276
 28 204  1.1774 -0.1828  7.7781
 36 204 -0.5000 -0.5000  4.0635
 44 204 -0.3962  0.0000 17.2183
 52 204  0.6106  0.0000 13.1641
 60 204  1.7415  0.0000  0.0000
 68 204  2.3271  0.0000  0.0000
 76 204  1.2893  0.0000 16.1088
 84 204  0.0379 -0.1928 15.6463
 92 204 -0.1633  0.0000 11.1304
100 204  0.0677  0.2414 11.7124
108 204  0.0111  0.0000 11.1304
116 204 -0.1351  0.0000  0.0000
124 204 -0.1960  0.0000 11.1304
132 204 -0.0350  0.0000  0.0000
140 204  1.1686  0.0000  0.0000
148 204  0.1960 -0.5000 11.1304
156 204  0.7295  0.0000 11.1304
164 204  0.9822  0.0000 11.1304
172 204 -0.5000  0.0000 11.1304
180 204 -0.8055  0.0000  0.0000
188 204 -0.8236  0.0000  0.0000
196 204 -1.2611  0.0000  8.9154
204 204 -1.0308  0.0000  0.0000
212 204 -0.7731  0.0000  4.0635
220 204  2.2411  0.0000  0.0000
228 204  1.5105  0.0000 13.5576
236 204  0.8686  0.0000  0.0000
244 204  0.0000 -0.5000  8.8276
252 204  0.9479  0.0000 11.1304
260 204  0.6247  0.0000 16.1088
268 204  0.7719  0.0000  0.0000
276 204  1.3293  0.0000  0.0000
284 204  1.8578  0.0000  0.0000
292 204  1.8756  0.0000  0.0000
  4 212  1.0085  0.0000  0.0000
 12 212 -0.0264  0.3145 11.0777
 20 212 -0.1450  0.0000  0.0000
 28 212  0.0327  0.0000  0.0000
 36 212  0.0000 -0.5000  8.8276
 44 212 -0.3547  0.0000 11.1304
 52 212 -0.6790  0.0000 13.5576
 60 212 -0.5000  0.0000  8.8276
 68 212  2.5000  0.0000  8.8276
 76 212 -0.4681  0.0000  9.5738
 84 212 -0.4033  0.0000  0.0000
 92 212 -0.1773  0.0000 11.1304
100 212 -0.5407  0.0000 11.1304
108 212 -0.4892  0.0000 11.1304
116 212 -0.3309 -0.0637  7.1846
124 212 -1.5000  0.0000  8.2581
132 212 -1.0697  0.0000  0.0000
140 212 -0.4964  0.0000  0.0000
148 212  0.6854  0.0000 11.1304
156 212  0.7637  0.0000  0.0000
164 212  0.9672  0.0000 11.1304
172 212  1.2819  0.0000 11.1304
180 212  2.1605  0.0000  0.0000
188 212  2.3070  0.0000  0.0000
196 212  2.2827  0.0000  0.0000
204 212  2.2708  0.0000  0.0000
212 212  2.1467  0.0000  0.0000
220 212  1.7083  0.0000 11.1304
228 212  0.8976  0.0000  8.4768
236 212  0.1145  0.0000 16.1088
244 212 -0.1402  0.0000  0.0000
252 212 -0.1180 -0.5000  9.2850
260 212 -0.1875  0.0000  0.0000
268 212 -0.3881  0.0000 11.1304
276 212 -0.5000  0.0000  8.8276
284 212 -0.0631  0.0000 11.1304
292 212  1.1333  0.0000 11.1304
  4 220 -0.2345  0.0000 16.1088
 12 220 -0.7052  0.0000 11.1304
 20 220 -0.7705  0.0000  0.0000
 28 220 -0.8113  0.0000  0.0000
 36 220 -0.6763  0.0000 16.1088
 44 220 -0.5880  0.0000  0.0000
 52 220 -0.9486  0.0000 16.1088
 60 220 -0.5000  0.0000  8.8276
 68 220  0.3127  0.1061  9.8739
 76 220 -1.1104  0.0000 15.5009
 84 220  0.0000  0.1820 11.3219
 92 220  1.3505  0.0000 11.1304
100 220  2.9721  0.0000 11.1304
108 220  4.5000 -0.5000  4.0635
116 220  4.5969  0.0000 13.0803
124 220  4.1047  0.0000 11.1304
132 220  3.4286  0.0000  0.0000
140 220  2.6503  0.0000  0.0000
148 220  1.7473  0.0000  0.0000
156 220  0.7968  0.0000  0.0000
164 220  0.0417  0.0000 11.1304
172 220 -0.3128  0.0000 17.2183
180 220 -0.3763  0.0000 11.1304
188 220 -0.3577  0.0000 11.1304
196 220 -0.2669  0.0000  0.0000
204 220  0.0000 -0.5000  8.8276
212 220  0.3035  0.0000 11.1304
220 220  0.4943  0.0000  0.0000
228 220 -0.2660  0.0000 16.1088
236 220 -0.9794  0.0000  0.0000
244 220 -1.2801  0.0000 11.1304
252 220 -1.2348  0.0000 11.1304
260 220 -1.0190  0.0000  0.0000
268 220 -0.8305  0.0000  0.0000
276 220 -0.6652  0.0000  0.0000
284 220 -0.0844  0.0000  0.0000
292 220  0.8091  0.0000 16.1088
