VARIABLES= "X pix", "Y pix", "U pix/dt", "V pix/dt", "CHC", ZONE I=28, J=37
  4   4 -0.0463 -0.0105 10.7009
 12   4 -0.0396  0.0623 11.2061
 20   4 -0.0143  0.0000 10.9708
 28   4 -0.0386  0.0000 11.4066
 36   4  0.0000  0.0127 11.0049
 44   4 -0.0194  0.0000 11.0456
 52   4  0.0000 -0.0239 12.0662
 60   4  0.0000 -0.0207 10.7958
 68   4  0.0657  0.0000 10.9708
 76   4  0.1234  0.0000 10.9708
 84   4  0.1116  0.0000 10.9734
 92   4 -0.0064  0.0431 11.3140
100   4  0.0657  0.0000 12.7058
108   4  0.0026  0.0270 12.2299
116   4 -0.0379  0.0000 11.7754
124   4  0.0000  0.0181 11.3868
132   4  0.0271  0.0000 11.6152
140   4  0.0174  0.0000 10.9762
148   4  0.0257  0.0000 11.7754
156   4  0.0761  0.0000 11.9483
164   4  0.0401  0.0000 11.7754
172   4 -0.0090  0.0076 11.9221
180   4  0.0088 -0.0027 11.7864
188   4  0.0090 -0.0536 11.2604
196   4  0.0369  0.0000 12.2348
204   4  0.0000  0.0000 11.9407
212   4 -0.0113  0.0428 11.5197
220   4 -0.0628 -0.0061 10.9543
228   4  0.0070 -0.0038 11.1404
236   4  0.0274  0.0073 10.3975
244   4  0.0040  0.1212  9.7627
252   4 -0.0895  0.0073 10.5440
260   4 -0.0114 -0.0684 11.5564
268   4 -0.0228 -0.1465 11.1924
276   4  0.0944  0.0198 12.1789
284   4  0.0161 -0.0341 12.0544
292   4  0.0227  0.0000 11.7813
  4  12  0.0118  0.0000  9.8838
 12  12  0.0277 -0.0337 13.6556
 20  12 -0.0040  0.0075 11.7291
 28  12  0.0934 -0.0815 11.6227
 36  12 -0.2246  0.0451 12.4459
 44  12 -0.0793  0.0000 12.5902
 52  12  0.0821  0.1292 25.7809
 60  12  0.0390  0.0000 11.1688
 68  12 -0.0242  0.0000 19.4376
 76  12 -0.0576 -0.0544 12.0749
 84  12  0.0511  0.0736 10.2060
 92  12  0.0135  0.0000 10.1564
100  12 -0.0439  0.0000  9.3293
108  12 -0.0853  0.0156 10.8161
116  12 -0.0328  0.0000 10.2499
124  12  0.0429 -0.0005 11.9681
132  12  0.0362  0.0108 12.0734
140  12 -0.0058  0.0000 10.9491
148  12 -0.0527  0.0000 12.1780
156  12  0.0000  0.0244 13.0084
164  12  0.0735 -0.0324 12.9762
172  12 -0.0884 -0.0496 10.1974
180  12 -0.0782  0.0000 11.2234
188  12  0.0097  0.1143 12.3317
196  12 -0.0000  0.0000 10.4498
204  12  0.0000 -0.0235 10.8044
212  12 -0.0032  0.0000 11.2493
220  12 -0.0146 -0.0967 20.2155
228  12 -0.1515  0.0000  7.8087
236  12 -0.3413 -0.2299  6.8595
244  12 -0.1271  0.0000 12.2835
252  12  0.0534  0.0000 12.6579
260  12  0.0723  0.0142 11.2210
268  12  0.0082  0.1307  9.2556
276  12 -0.0000  0.0000 10.6226
284  12 -0.0095  0.0000  7.5371
292  12 -0.0653  0.0000  7.1997
  4  20 -0.1299  0.0000 16.3697
 12  20 -0.0298  0.0000 12.8146
 20  20  0.0000 -0.0273 12.0510
 28  20 -0.0330  0.0000 14.1148
 36  20 -0.0639 -0.0114 12.8272
 44  20 -0.0760  0.0000 10.9096
 52  20 -0.0516  0.0000 11.5816
 60  20 -0.0346 -0.0062 17.7876
 68  20 -0.0279 -0.0065 17.2176
 76  20 -0.0536  0.0000 14.0743
 84  20  0.0000  0.0028 13.7849
 92  20 -0.0031  0.0255 12.6073
100  20 -0.0527  0.0036 11.9920
108  20 -0.0398  0.0000 11.0295
116  20 -0.0093  0.0063 14.5271
124  20 -0.0033  0.0000 13.3186
132  20 -0.0017 -0.0030 13.2095
140  20  0.0000  0.0375 13.6016
148  20  0.0007  0.0052 13.8768
156  20 -0.0171  0.0000 13.0830
164  20  0.0223 -0.0004 13.0321
172  20 -0.0012 -0.0009 15.8201
180  20  0.0015 -0.0046 12.7013
188  20 -0.0047  0.0261 17.2895
196  20 -0.0000  0.0000 15.4981
204  20  0.0412 -0.0062 21.0707
212  20  0.0036 -0.0273 18.9474
220  20 -0.0476 -0.0764 21.0369
228  20 -0.1778  0.2387  6.3115
236  20 -0.0138  0.1295 11.7772
244  20  0.1629  0.0650 12.0776
252  20  0.0199  0.0039 11.3763
260  20 -0.0584  0.0520  8.6388
268  20 -0.0952  0.0000 12.7070
276  20 -0.0849  0.0677 13.7258
284  20  0.0268 -0.0214 17.4545
292  20 -0.0056  0.0052 14.1331
  4  28 -0.0441 -0.0072 10.3567
 12  28 -0.0088  0.0000 10.2093
 20  28  0.0025  0.0283 11.0050
 28  28 -0.0097 -0.0216 10.3819
 36  28  0.0040  0.0154 10.6868
 44  28 -0.0102 -0.0016 10.3866
 52  28 -0.0001  0.0159 10.4070
 60  28  0.0137 -0.0124  9.9850
 68  28 -0.0060 -0.0004 10.4517
 76  28  0.0076  0.0000 10.7661
 84  28  0.0001  0.0105  9.9071
 92  28 -0.0088  0.0007  9.7076
100  28 -0.0074  0.0000 11.3774
108  28 -0.0108 -0.0023 14.4895
116  28 -0.0007  0.0011  9.4328
124  28 -0.0232  0.0000  9.8764
132  28  0.0001 -0.0003  8.8950
140  28  0.0009  0.0010  9.3591
148  28  0.0132  0.0017  9.5234
156  28  0.0074  0.0004 22.6161
164  28 -0.0050  0.0123 15.3701
172  28  0.0423 -0.0048 12.7825
180  28  0.0073  0.0033 18.5289
188  28  0.0066  0.0207 20.8431
196  28  0.0017  0.0005  9.2320
204  28 -0.0030 -0.0141  9.5714
212  28  0.0001 -0.0008 10.5779
220  28  0.0466  0.0000 10.5308
228  28 -0.0149  0.0014 10.0198
236  28 -0.0098 -0.0020  9.4353
244  28  0.0127 -0.0005 10.3268
252  28 -0.0085 -0.0033 10.0503
260  28 -0.0013 -0.0012 18.7470
268  28  0.0194  0.0000 14.9524
276  28  0.0131  0.0000 24.9768
284  28 -0.0090  0.0000 17.1356
292  28  0.0038  0.0152 12.9291
  4  36  0.0256  0.0000  7.6574
 12  36  0.0184  0.0018  7.8118
 20  36 -0.0262  0.0042  6.8275
 28  36 -0.0249  0.0000  6.6115
 36  36 -0.0800  0.0000  6.5849
 44  36 -0.1772  0.8650  6.2634
 52  36 -0.1054  0.0000  6.0076
 60  36  0.0000 -0.1622  9.2890
 68  36 -0.0498  0.0000  9.0481
 76  36 -0.0046  0.0000 10.5554
 84  36  0.0159  0.0000 13.6955
 92  36  0.0151  0.0000 11.7844
100  36  0.0373  0.0000  8.2226
108  36  0.0453 -0.0643  7.2814
116  36 -0.3979 -0.0629  7.7870
124  36  0.3742 -0.4180  5.4756
132  36  0.1085  0.0000 13.7892
140  36  0.0734  0.0000 16.5009
148  36  0.1632 -0.1076  6.1966
156  36  0.1593  0.0000 13.0566
164  36  0.0326 -0.0115 10.7636
172  36 -0.0204 -0.0145 24.9675
180  36  0.1535  0.0000 12.7548
188  36  0.2468  0.0000 12.5790
196  36  0.1072  0.0000 12.3152
204  36 -0.0292 -0.0070 15.3083
212  36 -0.1320 -0.0478 13.6170
220  36 -0.1765 -0.0164 13.3612
228  36  0.0106 -0.2269 11.3584
236  36  0.1000  0.0000 11.0903
244  36  0.1993 -0.3062  9.9402
252  36  0.0757  0.0000 12.6526
260  36  0.0000 -0.2146  7.9063
268  36 -0.0552  0.0000  9.4762
276  36 -0.1023  0.0101  8.6145
284  36  0.1212 -0.0142  7.7987
292  36 -0.1058  0.0058 10.3199
  4  44 -0.0083  0.0000 12.0628
 12  44  0.0000  0.3764  7.3143
 20  44  0.0000 -0.1397 11.0345
 28  44 -0.0255  0.0000 16.2968
 36  44  0.1251  0.0000 17.6698
 44  44  0.1192  0.0207 12.4019
 52  44  0.0304  0.0224 10.0703
 60  44  0.0113  0.1936  8.0647
 68  44  0.0000  0.0000  7.6858
 76  44  0.0320  0.2595  6.9531
 84  44  0.1468  0.7158 12.0903
 92  44 -0.0786 -0.3487  7.3143
100  44  0.2780  0.1270 13.3759
108  44  0.4181  0.0000 12.0628
116  44  0.5000 -0.0418 12.4022
124  44  0.0656  0.0000 19.4783
132  44 -0.3696 -0.2945  8.0000
140  44 -0.2515  0.0000  0.0000
148  44 -0.0290  0.0939  6.1211
156  44  0.0102 -0.0052 15.1398
164  44  0.0083 -0.0030 10.0302
172  44 -0.0069 -0.0048 10.8202
180  44 -0.0050 -0.0039 10.8078
188  44  0.0023  0.0024 14.1818
196  44  0.0418 -0.0210  8.9378
204  44 -0.3136  0.0000  9.1045
212  44  0.1353  0.1278  7.8971
220  44 -0.0466  0.0056  9.0021
228  44  0.0889 -0.0067 12.4367
236  44  0.0149 -0.0100 12.3083
244  44  0.0088 -0.0179 12.5766
252  44 -0.1650  0.0499 17.1109
260  44  0.0982 -0.0387 13.3612
268  44  0.2054  0.0000 11.0903
276  44  1.5125  0.0000 11.9011
284  44  1.7320  0.0000 11.9011
292  44 -0.0272  0.0238 11.1899
  4  52 -0.2446  0.0000 10.5606
 12  52 -0.0424  0.0000  9.0038
 20  52  0.1851  0.1392  6.5921
 28  52  0.3702 -0.1143  8.0147
 36  52  0.3091  0.0000  0.0000
 44  52  0.1958  0.0000  0.0000
 52  52 -0.0187  0.0000 11.1304
 60  52 -0.2854  0.0000  0.0000
 68  52 -0.2646  0.0000  0.0000
 76  52 -0.0949  0.0000 16.1088
 84  52  0.0000  2.5000  8.8276
 92  52 -0.0113  0.0000 11.1304
100  52 -0.0029  0.0000  0.0000
108  52  0.0252  0.0000 11.1304
116  52  0.0460  0.0000  8.2581
124  52  0.0000 -0.5000  8.8276
132  52 -0.5000  0.0000  8.2581
140  52  1.5000 -1.8890  8.4253
148  52 -0.0260 -0.0266  5.9670
156  52 -0.0095 -0.0043 22.8170
164  52  0.0071 -0.0057 13.1632
172  52  0.0028 -0.0026  9.5091
180  52 -0.0068  0.0059 17.8598
188  52 -0.0005  0.0073 11.8434
196  52 -0.2633  0.0317  7.4064
204  52  2.8274 -0.3035  7.6077
212  52  3.5000  4.1368  9.5945
220  52 -0.2259  0.0134 13.2809
228  52 -0.3675  0.0000 17.6152
236  52 -0.0248  0.0297 13.4174
244  52  0.1296  0.0000 10.8982
252  52  0.0390  0.0000 13.3851
260  52  0.0005  0.0000  9.5231
268  52 -0.1432  0.0000  8.5951
276  52 -0.0030  0.1119 10.2794
284  52 -0.1385  0.0000 17.6698
292  52 -0.2272  0.3052  5.9395
  4  60 -0.1775  0.0000  0.0000
 12  60 -0.1433  0.0000  0.0000
 20  60 -0.0859  0.0000  0.0000
 28  60  0.0107  0.0000  0.0000
 36  60  0.0563  0.0000  0.0000
 44  60  0.0501  0.0000  0.0000
 52  60 -0.0097  0.0000  0.0000
 60  60 -0.1119  0.0000  0.0000
 68  60  0.7373  0.0000  0.0000
 76  60  0.1963  0.0000  0.0000
 84  60  0.1059  0.0000 16.1088
 92  60  0.1772  0.0000 11.9011
100  60  0.3673  0.0000 11.1304
108  60  0.7507  0.0000  0.0000
116  60  1.2596 -0.3479  7.1968
124  60  0.4918  0.0000 11.9011
132  60  0.9323  0.0000  0.0000
140  60  0.0000 -0.0855 10.6035
148  60  0.0082  0.0006  6.6500
156  60  0.0105  0.0028  7.0580
164  60  0.0099 -0.0005  7.0458
172  60  0.0108 -0.0002  6.8160
180  60 -0.2801  0.0000  6.7665
188  60  0.0265 -0.0024  5.9912
196  60 -0.0320 -0.2595  6.9531
204  60  0.3097  0.0000 11.1304
212  60  0.1366  0.0000 16.1088
220  60  0.0000  0.5000  7.8528
228  60 -0.1737  0.0000 13.1204
236  60 -0.2877  0.0000  9.0168
244  60 -0.1890  0.0000  9.4928
252  60  0.0070  0.1846 11.5091
260  60  0.0734  0.0000  9.4841
268  60  0.0376  0.0000 10.6057
276  60 -0.0127  0.0000 19.0341
284  60 -0.1318  0.0263  8.2878
292  60  0.1575 -0.0292  9.5275
  4  68  0.1427  0.0000  0.0000
 12  68  0.1631  0.0000  0.0000
 20  68  0.2512  0.0000  0.0000
 28  68  0.4157  0.0000  0.0000
 36  68  0.6550  0.0000  0.0000
 44  68  0.7933  0.0000 11.1304
 52  68  0.3706  0.0000  0.0000
 60  68  0.1610  0.0000  0.0000
 68  68 -0.3826  0.0000  0.0000
 76  68 -0.4640  0.0000  9.2086
 84  68 -0.2577  0.0000 16.6957
 92  68 -0.2200  0.0000 12.5445
100  68  0.0206 -0.2484 13.0062
108  68 -0.5000  0.0000  8.8276
116  68  0.7890  0.0000 11.1304
124  68  2.5000 -0.1588 10.5785
132  68  1.4143  0.0000  0.0000
140  68  0.3758  0.0000  0.0000
148  68 -0.0971  0.0132 14.6608
156  68 -0.2051  0.0000  0.0000
164  68 -0.3994  0.0000 16.1088
172  68 -0.2641  0.0000  8.6413
180  68 -0.1151  0.1151 16.5161
188  68  0.0750  0.0000 11.1304
196  68 -0.0330  0.0000  0.0000
204  68 -0.1418  0.0000  0.0000
212  68 -0.2175  0.0000  0.0000
220  68 -0.0122  0.0000  0.0000
228  68  0.1123  0.0000  0.0000
236  68  0.1555  0.0000  0.0000
244  68  0.2016  0.0000  0.0000
252  68  0.2387  0.0000  0.0000
260  68  0.2599  0.0000 16.1088
268  68  0.1439  0.0853 11.4193
276  68  0.0387  0.0000 12.8600
284  68 -0.0337  0.0000 10.0809
292  68 -0.0854  0.0638 20.9591
  4  76 -0.5000  0.0000  8.8276
 12  76 -0.2407  0.0000  0.0000
 20  76 -0.4290  0.0000  0.0000
 28  76  0.1848  0.0000  0.0000
 36  76 -0.1781  0.0000  0.0000
 44  76  0.1119  0.0000 19.1045
 52  76  0.5000 -0.0422 14.3017
 60  76  0.7362  0.0000  0.0000
 68  76 -0.0380  0.2036 18.6348
 76  76 -0.8981  1.3801  7.2391
 84  76 -0.0065 -0.1178  8.4401
 92  76 -0.0312  0.0000 18.5853
100  76  0.1395  0.2628  9.3489
108  76  0.0000  0.1960 11.1304
116  76  0.2907 -0.0403 10.5761
124  76 -0.0110  0.0386  9.9740
132  76 -0.1744  0.0000 12.0628
140  76 -0.2907  0.0403 10.5761
148  76 -0.0150  0.0000 12.8600
156  76  0.1131  0.0000 11.9011
164  76  0.0418 -0.1521 12.6567
172  76  0.0968  0.0000 11.1304
180  76  0.0465  0.0000  0.0000
188  76  0.0215  0.0000 16.1088
196  76 -0.0911  0.0000  0.0000
204  76 -0.1469  0.0000  0.0000
212  76 -0.1746  0.0000  0.0000
220  76  0.1188  0.0000 11.1304
228  76  1.1398  0.0000  0.0000
236  76  0.6153  0.0000  0.0000
244  76 -0.4481  0.0000  0.0000
252  76  0.7046  0.0000  0.0000
260  76  0.2188  0.0000 11.1304
268  76 -0.1268  0.0000 16.1088
276  76  0.3742  0.0000 12.0628
284  76  1.2665  0.0000  0.0000
292  76  1.3576  0.0000 11.9011
  4  84  0.2703  0.0000 11.1304
 12  84  1.1871  0.0000 11.1304
 20  84  2.5000  0.0000  8.8276
 28  84  1.6084  0.0000  0.0000
 36  84  0.7980  0.0000 12.8600
 44  84  0.5097  0.0000 11.1304
 52  84  0.2667  0.0000 13.3565
 60  84  0.0741 -0.0768  9.8316
 68  84 -0.1407 -0.4284  5.9607
 76  84  0.1239 -0.1849 10.4970
 84  84  0.0727  0.0174  9.4118
 92  84 -0.5000 -0.1180  9.2850
100  84  0.0219  0.0000 11.1304
108  84 -0.1007  0.0000  0.0000
116  84 -0.0440  0.0000 11.1304
124  84 -0.1507  0.0000  0.0000
132  84 -0.1463  0.0000  0.0000
140  84 -0.3046  0.0000  0.0000
148  84 -0.1506  0.0869 11.0384
156  84  2.5000  0.0000  8.8276
164  84  1.1092  0.0000 11.1304
172  84 -0.5000  0.0000  8.8276
180  84  1.0535  0.0000 16.1088
188  84  0.5000  0.0000 11.1304
196  84 -0.5000  0.0000  8.8276
204  84  0.2498  0.0000  0.0000
212  84  1.6800  0.0000  0.0000
220  84  2.3531  0.0230 11.3663
228  84  0.0949  0.2714  8.5242
236  84  0.7554  0.0000  0.0000
244  84  1.7549  0.0000 11.1304
252  84  1.5227  0.0000  0.0000
260  84  0.8798  0.0000 11.1304
268  84  0.5175  0.0000 11.1304
276  84  0.5687  0.0000 16.1088
284  84  0.5187  0.0000 11.1304
292  84  0.0047  0.0000 11.1304
  4  92  0.0955  0.0000  0.0000
 12  92 -0.0522  0.0000  0.0000
 20  92 -0.1318  0.0214 11.1304
 28  92  0.5859 -0.0980  7.3745
 36  92 -0.1245 -1.4235 12.2697
 44  92  0.0726  0.1984 11.5469
 52  92 -0.1175 -0.0949  8.6851
 60  92  0.1303  0.2387  7.6606
 68  92  0.0397  0.0641 12.9610
 76  92  0.0475 -0.1606  9.3305
 84  92 -1.1015  1.0763 10.7735
 92  92 -0.3486  0.0000 12.5445
100  92  0.0940  1.0523  8.7802
108  92  0.6806  0.0000 11.5903
116  92 -0.1151  0.1151 16.5161
124  92 -0.7274  0.0000  0.0000
132  92 -0.5000 -0.1588 10.5785
140  92  0.1656 -0.0786 10.7522
148  92 -1.5000  0.0000  8.2581
156  92 -1.2717  0.0000  0.0000
164  92 -0.1897  0.0000  0.0000
172  92  0.5730  0.0000  0.0000
180  92  0.8743  0.0000 11.1304
188  92  0.4313  0.0000  0.0000
196  92  0.1557  0.0000  0.0000
204  92  0.8692  0.0000  0.0000
212  92  1.2814  0.0000  0.0000
220  92  0.0647 -0.0771 14.4477
228  92  0.1546 -0.0660 18.6254
236  92 -0.1562 -0.2821  7.0932
244  92 -0.0209  0.0000  0.0000
252  92  0.3230  0.0000  0.0000
260  92  0.0714  0.0000  0.0000
268  92  0.0601  0.0000 11.1304
276  92 -0.0709  0.0000  0.0000
284  92 -0.0063  0.0000  0.0000
292  92  0.0217  0.0000 11.1304
  4 100  0.1785  0.0000 13.3260
 12 100  0.0318 -0.0253 10.8606
 20 100 -0.2727  0.0000 15.0980
 28 100 -0.1303  0.0126 19.9598
 36 100  0.3777  0.0000  8.5712
 44 100 -0.3171  0.0000 13.7190
 52 100 -0.8909  0.0000 13.3565
 60 100 -1.0714  0.0000 22.2609
 68 100 -1.1142 -0.1110  8.4253
 76 100 -1.8466  0.0000 11.1304
 84 100 -1.3460  0.0000  0.0000
 92 100 -0.3436  0.0000  0.0000
100 100 -0.1927  0.0788 17.1842
108 100  0.4681  0.0000  9.5738
116 100 -0.0609  0.0000 16.1088
124 100 -0.5000 -0.1588 10.5785
132 100  1.0866  0.0000 16.1088
140 100  2.5000  0.0000  8.8276
148 100  0.7166  0.0000 16.1088
156 100 -0.1140 -0.1079 19.3902
164 100 -0.1345  0.0000  0.0000
172 100  0.0000 -0.5000  8.8276
180 100  0.1099  0.0000 11.1304
188 100  0.0879  0.0000 16.1088
196 100  0.0000 -0.5000  8.8276
204 100 -0.1890  0.0000  0.0000
212 100 -0.2870  0.0000  0.0000
220 100 -0.2905  0.0000  0.0000
228 100  0.0000 -0.5000  8.8276
236 100 -0.0483 -0.5000 10.2400
244 100 -0.2163  0.0000 11.1304
252 100 -0.2764  0.0000 11.1304
260 100  0.3399  0.0000 11.1304
268 100 -0.3235  0.0000  0.0000
276 100 -0.9417  0.0000  0.0000
284 100 -1.3309  0.0000  0.0000
292 100 -1.5121  0.0000  0.0000
  4 108 -1.5831  0.0000 11.1304
 12 108 -0.9385  0.0000  0.0000
 20 108  0.3145 -0.0264 11.0777
 28 108  0.0507  0.0000  9.5632
 36 108  0.1373  0.0000 11.1304
 44 108 -0.0902  0.0000 11.1304
 52 108 -0.1854  0.0000 16.1088
 60 108  0.5217  0.0000 11.1304
 68 108  0.8536  0.0000 11.1304
 76 108 -0.3169  0.0000 11.1304
 84 108 -0.5328  0.0000 16.1088
 92 108 -0.1222  2.7670  9.0353
100 108 -0.0470 -0.1945 10.3746
108 108 -0.0788  0.2077  9.6936
116 108  0.0000 -0.5000  8.8276
124 108 -0.2031  0.0000 11.1304
132 108 -0.3776  0.0000 16.1088
140 108 -0.5000  0.0000  8.8276
148 108 -0.5000  0.1057  7.4250
156 108  0.4681  0.0000  9.5738
164 108  0.1333  0.0000  0.0000
172 108 -0.1391  0.0000  0.0000
180 108 -0.2778  0.0000 11.1304
188 108  0.4458  0.0000 16.1088
196 108 -0.2112  0.0000 17.0667
204 108 -0.8673  0.0000 11.1304
212 108 -1.3153  0.0000  0.0000
220 108 -1.4464  0.0000  0.0000
228 108 -1.2404  0.0000  0.0000
236 108 -1.1540  0.0000  0.0000
244 108 -0.6424  0.0000  0.0000
252 108 -0.4944  0.0000 11.1304
260 108 -0.2143  0.0000  0.0000
268 108 -0.0452  0.0000  0.0000
276 108  0.0000  2.5000  8.8276
284 108 -0.0409  0.0000 11.1304
292 108 -0.5608  0.0000  0.0000
  4 116 -1.7328  2.5000  7.8736
 12 116 -1.1358  0.0000  0.0000
 20 116 -0.3321  0.1276 10.3409
 28 116 -0.2093 -0.0299 13.0089
 36 116  0.0000 -0.5000 11.1304
 44 116 -0.1970  0.0000 11.1304
 52 116 -0.5166  0.0000 11.1304
 60 116 -0.4851  0.0000  0.0000
 68 116 -0.4235  0.0000  0.0000
 76 116 -0.3950  0.0000 11.1304
 84 116 -0.1780 -0.2756  7.6418
 92 116 -0.2471  0.0000 11.1304
100 116 -0.2514  0.0000  0.0000
108 116 -0.1960  0.0000 11.1304
116 116  0.4101  0.0000 16.1088
124 116 -0.1151 -0.1151 16.5161
132 116 -0.7364  0.0000 19.1045
140 116 -1.0626  0.0000 16.1088
148 116 -0.8929  0.1603  8.7325
156 116  0.0000  0.6662 10.9757
164 116 -0.5000  4.5000  4.0635
172 116 -1.0831  0.0000  0.0000
180 116 -0.9764  0.0000  0.0000
188 116 -0.4471  0.0000  0.0000
196 116  0.0582  0.0000  0.0000
204 116  0.1336  0.0000 11.1304
212 116 -0.0625  0.0000  0.0000
220 116 -0.5433  0.0000  0.0000
228 116 -1.0669  0.0000  0.0000
236 116 -0.8516  0.0000  0.0000
244 116 -0.3725  0.0000  0.0000
252 116 -0.1497  0.0000 16.1088
260 116 -0.1395  0.0000 16.1088
268 116 -0.4708  0.0000 12.0628
276 116 -1.0073  0.0000 19.4783
284 116 -0.4411  0.0000  0.0000
292 116 -0.0462  0.0000  0.0000
  4 124  0.0569  0.0000  0.0000
 12 124  0.2081 -0.1864  9.6241
 20 124 -0.3604  0.1235 13.6655
 28 124 -0.2752  0.0000  0.0000
 36 124 -0.0371  0.0000 16.7450
 44 124 -0.0370  0.0000 16.1088
 52 124 -0.4132  0.0000  0.0000
 60 124 -0.7363  0.0000  0.0000
 68 124 -0.6607  0.0000 16.1088
 76 124  0.3305  0.0000 16.1088
 84 124  2.8304  0.0000 11.1304
 92 124  4.5000  4.5000  4.0635
100 124  0.0391 -2.5000  9.3822
108 124 -0.8233  0.0000 11.1304
116 124 -0.4203  0.0000  9.4948
124 124  0.2537  0.0117 12.2930
132 124  0.2745  0.0000  0.0000
140 124  0.1788  0.0000  0.0000
148 124 -0.0055  0.0000  0.0000
156 124  0.0391 -2.5000  9.3822
164 124 -0.2363  0.0000  0.0000
172 124 -0.1794  0.0000  0.0000
180 124  0.0000 -0.5000  8.8276
188 124 -0.1442  0.0000 11.1304
196 124 -0.4964  0.0000  0.0000
204 124 -1.8048  0.0000 11.1304
212 124 -0.0735  0.0000 11.1304
220 124  0.5651  0.0000 11.1304
228 124  0.3051  0.0000 11.1304
236 124  0.1567  0.0000 11.1304
244 124 -0.1942  0.0000 11.1304
252 124 -0.1353  0.0000 12.0628
260 124  0.1965 -0.1384  8.8829
268 124 -0.6753  0.0000 15.6775
276 124 -0.8004  0.0000 19.1045
284 124 -0.8968  0.0000 11.1304
292 124 -0.7064  0.0000 11.1304
  4 132  0.1912  0.0000 12.4272
 12 132  2.9701  0.0000  0.0000
 20 132  3.7814  0.0000 11.1304
 28 132  1.1007  0.0000 16.6957
 36 132 -0.3879  0.0532  7.9366
 44 132 -0.4494  0.0000 11.1304
 52 132 -0.1548  0.0000  0.0000
 60 132 -0.0277  0.0000  0.0000
 68 132  0.1469  0.0000 10.3584
 76 132  0.2765  0.0000 11.1304
 84 132  1.2581  0.0000  0.0000
 92 132  0.1761  0.0000  0.0000
100 132 -0.1605  0.0000 11.1304
108 132 -0.0969  0.0000  9.2850
116 132 -0.0630 -0.0072 16.0436
124 132  0.2168  0.2168  6.9960
132 132 -2.8274  0.3035  7.6077
140 132  1.0756  0.0431  7.0865
148 132  1.5787  0.0000 11.1304
156 132  0.5000  0.0000  8.4768
164 132  0.1151 -0.1151 16.5161
172 132 -0.1527  0.0000  0.0000
180 132 -0.0835  0.0000 11.1304
188 132  0.1861  0.0000 11.1304
196 132 -1.2486  0.0000  0.0000
204 132 -1.1088  0.0000  0.0000
212 132 -0.9868  0.0000 11.1304
220 132 -0.6175  0.0000  0.0000
228 132  0.4146  0.0000  0.0000
236 132  2.5000  0.1588 10.5785
244 132  2.4136  0.0000 11.1304
252 132  1.0347  0.0000  0.0000
260 132  0.0000 -0.5000  8.8276
268 132 -0.5000 -0.1588 10.5785
276 132 -0.6812  0.0000  0.0000
284 132 -0.7323  0.0000 11.1304
292 132 -0.6794  0.0000 11.1304
  4 140 -0.3105 -0.0955 12.8000
 12 140  2.5000  0.0000  8.8276
 20 140  0.0233 -1.5000  8.3561
 28 140 -0.2847  0.0000 16.1088
 36 140 -0.0613  0.0000  0.0000
 44 140  0.2784  0.0000  0.0000
 52 140  0.6494  0.0000  0.0000
 60 140  0.1927 -0.0788 17.1842
 68 140  1.9099  0.0000  9.4948
 76 140  2.5000  4.5000  4.0635
 84 140  1.0784  0.0000  0.0000
 92 140  0.0000  2.5000  8.8276
100 140 -0.2339  0.0000  0.0000
108 140 -0.0942  0.0000  8.0000
116 140  0.1593  0.0000  7.8087
124 140 -1.6077  0.0000 11.1304
132 140 -1.2912  0.0000 16.1088
140 140 -1.0830  0.0000 11.1304
148 140 -0.8926  0.0000  0.0000
156 140 -0.7273  0.0000 11.1304
164 140 -0.6907 -0.2991  8.0688
172 140  0.1361  0.0000 11.1304
180 140  0.1060  0.0000  0.0000
188 140 -0.3119  0.0000 11.1304
196 140 -0.8409  0.0000  0.0000
204 140 -1.2015  0.0000 11.1304
212 140 -1.2753  0.0000 17.2183
220 140 -1.0960  0.0000 16.1088
228 140 -0.5000  4.5000  4.0635
236 140  0.9092  0.0000  0.0000
244 140  0.0786  0.0000  0.0000
252 140 -0.1443  0.0000 11.1304
260 140  0.0764  0.0000 10.8330
268 140  0.4655  0.0000 16.1088
276 140  0.8608  0.0000 11.1304
284 140  1.0691  0.0000 16.1088
292 140  1.7842  0.0000  0.0000
  4 148  1.8706  0.0000 12.0455
 12 148  0.8356  0.0000  0.0000
 20 148 -0.1373  0.0000 11.1304
 28 148 -0.2976  0.0000 11.1304
 36 148 -0.0665  0.0000  0.0000
 44 148  0.2063  0.0000 10.2400
 52 148 -1.7119  0.0000  0.0000
 60 148 -1.2810  0.0000 10.1261
 68 148 -0.9608  0.0000 11.1304
 76 148 -0.7184  0.0000  0.0000
 84 148 -0.6396  0.0000  0.0000
 92 148 -0.7462  0.0000 11.1304
100 148 -0.5414  0.0000  0.0000
108 148 -0.2063  0.0000  0.0000
116 148 -0.3020  0.0000  0.0000
124 148 -0.9464  0.0000  0.0000
132 148 -1.4725  0.0000  0.0000
140 148 -1.5175  0.0000 11.1304
148 148 -1.2911  0.0000  0.0000
156 148 -0.8249  0.0000  0.0000
164 148 -0.1975  0.3225  8.8276
172 148 -0.1903  0.0000  0.0000
180 148 -0.1154  0.0000 11.1304
188 148  0.1444  0.0000 11.1304
196 148  0.4774  0.0000  0.0000
204 148  0.7627  0.0000 11.1304
212 148  0.9592  0.0000 16.1088
220 148  1.1872  0.0000  0.0000
228 148  1.0294  0.0000  0.0000
236 148  0.2814  0.0000  0.0000
244 148 -0.5000  0.0000  8.8276
252 148 -0.3776  0.0000  0.0000
260 148  0.0000 -0.5000  8.8276
268 148  0.2645  0.0000 17.0667
276 148 -1.6047  0.0000 13.1641
284 148 -1.1313  0.0000  0.0000
292 148 -0.7085  0.0000  0.0000
  4 156 -0.2840  0.0000  9.0964
 12 156  0.0000  0.2435 12.7023
 20 156  0.0000 -0.1960 11.1304
 28 156 -0.3290 -2.8274  8.0000
 36 156  0.3927  0.0000  0.0000
 44 156  0.6310  0.0000 16.1088
 52 156 -0.3309  0.0637  7.1846
 60 156 -1.1733  0.0000  8.5333
 68 156 -1.2543  0.0000  0.0000
 76 156 -1.1319  0.0000  0.0000
 84 156 -0.8730  0.0000 11.1304
 92 156 -0.5484  0.0000 16.1088
100 156 -0.3462  0.0000 12.0628
108 156 -0.1210  0.0000 17.2183
116 156  0.1518  0.0000 17.0667
124 156  0.3829  0.0000  0.0000
132 156  0.4634  0.0000  0.0000
140 156  0.4672  0.0000  0.0000
148 156  0.4749  0.0000  0.0000
156 156  0.3571  0.0000  0.0000
164 156 -0.0123  0.0000 11.1304
172 156 -0.3656  0.0000  0.0000
180 156 -0.2710  0.0000 11.1304
188 156 -0.0263  0.0000 11.1304
196 156  0.1913  0.0000  0.0000
204 156 -1.3584  0.0000  0.0000
212 156 -0.9535  0.0000  0.0000
220 156 -0.5734  0.0000 22.2609
228 156 -0.1669  0.0000  0.0000
236 156  0.0796  0.0000  0.0000
244 156  0.2147  0.0000  0.0000
252 156  0.5776  0.0000  0.0000
260 156  1.7724  0.0000  0.0000
268 156  2.7320  0.0000 19.4783
276 156  1.6940  0.0000 16.1088
284 156  0.4160  0.0000 11.1304
292 156 -0.2862  0.0000 11.1304
  4 164 -0.5853  0.0000 11.1304
 12 164 -0.6419  0.0000  0.0000
 20 164 -0.5667  0.0000  0.0000
 28 164 -0.3713  0.0000 11.3350
 36 164 -0.0984  0.0000 11.1304
 44 164  0.1564  0.0000 16.1088
 52 164  0.2697  0.2829  7.8528
 60 164  0.0810  0.0000  0.0000
 68 164 -0.1594  0.0000  0.0000
 76 164 -0.2457  0.0000 16.1088
 84 164 -0.1403  0.0000  0.0000
 92 164 -0.1455  0.0000 11.1304
100 164 -0.2064  0.0000  0.0000
108 164 -0.1180  2.5000  9.2850
116 164 -0.0340  0.0000 17.0667
124 164  0.0496  0.0000  0.0000
132 164 -1.0229  0.0000  0.0000
140 164 -0.7529  0.0000  0.0000
148 164 -0.5000  0.0000  8.8276
156 164 -0.1510  0.0000  9.7978
164 164 -0.0745  0.0000 10.2492
172 164  0.0000  0.0384  8.7691
180 164  0.7197  0.0000 11.1304
188 164  2.3846  0.0000  0.0000
196 164  4.5000 -0.5000  4.0635
204 164  3.1532  0.0000  0.0000
212 164  1.6064  0.0000  0.0000
220 164  0.5596  0.0000 12.0455
228 164 -0.0335  0.0000  0.0000
236 164 -0.3355  0.0000  0.0000
244 164 -0.4979  0.0000  0.0000
252 164 -0.3259  0.0000  0.0000
260 164 -0.0148  0.0000  0.0000
268 164  0.2057  0.0000  0.0000
276 164  0.1390  0.0000 11.1304
284 164 -0.2979  0.0000 11.1304
292 164 -0.8199  0.0000  0.0000
  4 172 -0.9833  0.0000 11.1304
 12 172 -0.4555  0.0000 16.1088
 20 172 -0.1388  0.0000 11.1304
 28 172 -0.0796  0.0629 11.0322
 36 172 -0.0810  0.0000 11.1304
 44 172 -0.0661  0.0000 13.0803
 52 172 -0.0890  0.0000  0.0000
 60 172 -0.6461  0.0000  0.0000
 68 172 -0.4861  0.0000  0.0000
 76 172 -0.2848  0.0000 11.1304
 84 172 -0.0696  0.0812 10.9765
 92 172 -0.3010  0.0000  0.0000
100 172 -0.5276  0.0000  0.0000
108 172 -0.3534  0.0000  0.0000
116 172  0.5000  0.0000  8.4768
124 172  2.2498  0.0000 11.1304
132 172  2.2128  0.0000 11.1304
140 172  1.4788  0.0000 11.1304
148 172  0.7429  0.0000  0.0000
156 172  0.2059  0.0000 21.1729
164 172 -0.1397  0.0000 11.0345
172 172 -0.5000  0.0000  8.8276
180 172 -0.2325  0.0000  0.0000
188 172  0.2059  0.0000  0.0000
196 172  0.4751  0.0000  0.0000
204 172  0.2996  0.0000 16.1088
212 172 -0.4257  0.0000 16.1088
220 172 -1.3538  0.0000 16.1088
228 172 -1.7722  0.0000  0.0000
236 172 -0.4557  0.0000  0.0000
244 172  0.0963  0.0000 11.1304
252 172  0.1391  0.0000  0.0000
260 172  0.0000  2.5000  8.8276
268 172 -0.0315  0.0000  0.0000
276 172 -0.1280  0.0000  0.0000
284 172 -0.3249  0.0000  0.0000
292 172 -0.2997  0.0000  0.0000
  4 180 -0.2438  0.0000 17.0667
 12 180 -0.2716  0.0000 11.1304
 20 180 -0.6095  0.0000 11.1304
 28 180 -1.0912  0.0000  0.0000
 36 180 -1.5401  0.0000 16.1088
 44 180 -1.7124  0.1464  7.6491
 52 180 -0.0728  0.0000  0.0000
 60 180  0.6757  0.0000  0.0000
 68 180  0.7124  0.0000  0.0000
 76 180  0.4497  0.0000 16.1088
 84 180  0.1005  0.0000 22.2609
 92 180 -0.2622  0.0000 11.1304
100 180 -0.5000 -1.0000  4.0635
108 180 -0.0181  0.0000  0.0000
116 180  0.6175  0.0000  0.0000
124 180  1.0504  0.0000  0.0000
132 180  0.9148  0.0000  0.0000
140 180 -0.0450  0.0000 11.1304
148 180 -1.3823  0.0000  0.0000
156 180 -2.5000  0.0000 11.1304
164 180  0.0421  0.1634 12.8457
172 180  0.5052  0.0000 11.1304
180 180  0.4512  0.0000 11.1304
188 180  0.2736  0.0000  0.0000
196 180  0.1495  0.0000  0.0000
204 180  0.0000 -0.5000  8.8276
212 180 -0.1174  4.1710 14.6131
220 180 -0.1888  0.0000  0.0000
228 180 -0.2288  0.0000  0.0000
236 180 -0.3465  0.0000  0.0000
244 180 -0.6424  0.0000 11.1304
252 180 -1.0497  0.0000  0.0000
260 180 -1.4033  0.0000  0.0000
268 180 -1.4511  0.0000  0.0000
276 180 -0.7367  0.0000  0.0000
284 180 -0.2235  0.0000  0.0000
292 180  0.0706  0.0000 11.1304
  4 188  0.1364  0.0000 11.1304
 12 188  0.0274  0.0000  0.0000
 20 188 -0.2081 -0.1864  9.6241
 28 188 -0.1567  0.0000  0.0000
 36 188  0.3703  0.0000 11.1304
 44 188  1.1201  0.0000  0.0000
 52 188  1.7788  0.0000 11.1304
 60 188  1.8858  0.0000  0.0000
 68 188  0.8497  0.0000 16.1088
 76 188 -0.1574  0.1142  6.4229
 84 188 -1.0915  0.0000  8.2581
 92 188 -0.0118  0.0000  0.0000
100 188  0.4731  0.0000 19.1045
108 188  0.5375  0.0000  0.0000
116 188  0.4466  0.0000  0.0000
124 188  0.3515  0.0000 11.1304
132 188  0.2812  0.0000 11.1304
140 188 -0.0366  0.0000 11.1304
148 188 -0.1403  0.0000 11.1304
156 188 -0.1870  0.0000  0.0000
164 188 -0.2661  0.0000 10.4867
172 188 -0.4158  0.0000  0.0000
180 188 -0.6059  0.0000  0.0000
188 188 -0.6622  0.0000  0.0000
196 188 -0.4984  0.0000 11.1304
204 188 -0.4807  0.0000  0.0000
212 188 -0.5000  0.0000  8.8276
220 188 -0.2191  0.0000  0.0000
228 188  0.0037  0.0000  0.0000
236 188  0.1151 -0.1151 16.5161
244 188  0.0153  0.0000  0.0000
252 188  0.1332  0.0000  0.0000
260 188  0.6037  0.0000  0.0000
268 188  1.3326  0.0000 11.1304
276 188  2.1169  0.0000 11.1304
284 188  2.5000  0.0000  8.8276
292 188  0.9521  0.0000  0.0000
  4 196 -0.0612  0.0000  0.0000
 12 196 -0.5000 -0.5000  4.0635
 20 196  0.0000 -0.5000  8.8276
 28 196  0.3453  0.0000 11.1304
 36 196  0.4750  0.0000 11.1304
 44 196  0.4885  0.0000  0.0000
 52 196  0.4776  0.0000 11.1304
 60 196  0.5281  0.0000 16.1088
 68 196 -0.1151 -0.1151 16.5161
 76 196 -0.1763  0.0000 11.1304
 84 196 -0.1536  0.0000  0.0000
 92 196 -0.1210  0.0000 11.1304
100 196 -0.1205  0.0000 11.1304
108 196 -0.1688  0.0000  0.0000
116 196 -0.0096  0.0000 11.1304
124 196  0.5000  0.0000 11.1304
132 196  0.0629  0.0000  0.0000
140 196 -0.2303  0.0000  0.0000
148 196 -0.1912  0.0000  0.0000
156 196 -0.0449  0.0000  0.0000
164 196  0.0698  0.0000 13.1731
172 196  0.0696  0.0000  0.0000
180 196  0.1728  0.0000  0.0000
188 196  0.4814  0.0000  0.0000
196 196  0.9510  0.0000 11.1304
204 196  1.3841  0.0000  0.0000
212 196  1.2198  0.0000  0.0000
220 196 -0.1151  0.1151 16.5161
228 196 -0.5000  0.0000  8.8276
236 196 -0.2707  0.0000  0.0000
244 196  0.0000  2.5000  8.8276
252 196  0.1596  0.0000 11.1304
260 196  0.3122  0.0000 11.1304
268 196  0.4171  0.0000  0.0000
276 196  0.4767  0.0000  0.0000
284 196  0.6047  0.0000 11.1304
292 196 -0.3578  0.0000 11.1304
  4 204 -0.3348  0.0000 11.1304
 12 204 -0.2081  0.1864  9.6241
 20 204 -0.0531  0.0000 11.9011
 28 204  0.0677  0.2414 11.7124
 36 204 -0.0473  0.0000 11.1304
 44 204 -0.1174 -4.1710 14.6131
 52 204  0.2076  0.0000  0.0000
 60 204  0.0000 -0.5000  8.8276
 68 204 -0.1632  0.0000  0.0000
 76 204 -0.1754  0.0000 11.1304
 84 204 -0.0918  0.0000 16.1088
 92 204  0.0000  2.0000 11.1304
100 204  0.0017  0.0000 11.1304
108 204  0.0420  0.0000 11.1304
116 204  0.1763  0.0000 16.1088
124 204  0.4025  2.5000  7.3745
132 204  0.6662  0.0000  0.0000
140 204  0.5084  0.0000  0.0000
148 204 -0.1233  0.0000  0.0000
156 204 -0.2800  0.0000  0.0000
164 204 -0.0359  0.2634  9.9225
172 204 -0.3260  0.0000  0.0000
180 204 -0.2133  0.0000 11.1304
188 204  0.0466  0.0000 11.1304
196 204  0.2574  0.0000 11.1304
204 204  0.3337  0.0000  0.0000
212 204  0.4405  0.0000  0.0000
220 204 -0.7841  0.0000  0.0000
228 204 -0.6470  0.0000  0.0000
236 204 -0.4143  0.0000  0.0000
244 204 -0.1478  0.0000 16.1088
252 204  0.0573  0.0000  0.0000
260 204  0.0353  0.0000  0.0000
268 204 -0.0455  0.0000 11.1304
276 204  0.0115  0.0000 11.1304
284 204 -0.1009  0.0000  0.0000
292 204 -0.2066  0.0000 11.1304
  4 212 -0.2340  0.0000 11.1304
 12 212 -0.1960  0.0000 11.1304
 20 212 -0.1427  0.0000 11.1304
 28 212 -0.1258  0.0000 11.1304
 36 212 -0.1036  0.0000 11.1304
 44 212 -0.0418 -0.1521 12.6567
 52 212  0.1456  0.0000 11.1304
 60 212  0.3176  0.0000 20.7059
 68 212  0.2624  0.0000  0.0000
 76 212 -0.0223  0.0000  0.0000
 84 212 -0.2650  0.0000  0.0000
 92 212 -0.4914  0.0000  0.0000
100 212 -1.0000  0.0000  9.2850
108 212 -0.6488  0.0000 11.1304
116 212 -0.2285  0.0000 19.1045
124 212  0.0610 -0.5000  7.7665
132 212  0.0639  0.0000  0.0000
140 212  0.0390  0.0000  0.0000
148 212 -1.3639  0.0000  0.0000
156 212 -1.0918  0.0000 11.1304
164 212 -0.7341  0.0000 12.0628
172 212 -0.3022  0.0000 11.1304
180 212  0.1195  0.0000 11.1304
188 212  0.1687  0.0000 11.1304
196 212  0.0143  0.0000 11.1304
204 212 -0.1027  0.0000  0.0000
212 212 -0.2305  0.0000  0.0000
220 212 -0.3244  0.0000  0.0000
228 212 -0.3586  0.0000 19.1045
236 212 -0.3399  0.0000 19.1045
244 212 -0.2931  0.0000  8.2581
252 212 -0.2393  0.0000  0.0000
260 212 -0.1654  0.0000 11.1304
268 212 -0.0561  0.0000  0.0000
276 212  0.1031  0.0000  0.0000
284 212  0.2481  0.0000  0.0000
292 212  0.2821  0.0000 11.1304
  4 220  0.1760  0.0000 15.0588
 12 220 -0.1151  0.0000 11.1304
 20 220 -0.4315  0.0000  0.0000
 28 220 -0.7371  0.0000  0.0000
 36 220 -0.6178  0.0000  0.0000
 44 220 -0.3696 -0.2945  8.0000
 52 220 -0.2457  0.0000  0.0000
 60 220 -0.3186  0.0000  0.0000
 68 220 -0.5000  0.0000  8.8276
 76 220 -2.0299  0.0000  0.0000
 84 220 -1.6410  0.0000  0.0000
 92 220 -1.1660  0.0000  0.0000
100 220 -0.5000  0.0000  8.8276
108 220  0.5000  0.0413 10.4642
116 220  0.4963  0.0000  8.4768
124 220  0.0610  0.5000  7.7665
132 220 -0.2246  0.0000  0.0000
140 220 -0.4046  0.0000  0.0000
148 220 -0.5045  0.0000 17.0667
156 220 -0.5391  0.0000  0.0000
164 220 -0.5208  0.0000 11.1304
172 220 -0.4589  0.0000 11.1304
180 220 -0.3538  0.0000  0.0000
188 220 -0.1971  0.0000  0.0000
196 220  0.0000 -0.5000  8.8276
204 220  0.1610  0.0000 11.1304
212 220  0.3147  0.0000 17.0667
220 220  0.4037  0.0000  0.0000
228 220  0.3458  0.0000  5.4468
236 220  0.0969  0.0000  0.0000
244 220 -0.1737  0.0000  0.0000
252 220 -0.3330 -0.5000  9.7549
260 220 -0.4572  0.0000 11.1304
268 220 -0.4537  0.0000 11.1304
276 220 -0.4888  0.0000  0.0000
284 220 -0.6610  0.0000 11.1304
292 220 -0.9361  0.0000  0.0000
