VARIABLES= "X pix", "Y pix", "U pix/dt", "V pix/dt", "CHC", ZONE I=28, J=37
  4   4  0.0463  0.0105 10.7009
 12   4  0.0396 -0.0623 11.2061
 20   4  0.0000  0.0000 10.9708
 28   4  0.0000 -0.0389 11.1667
 36   4  0.0000 -0.0127 11.0049
 44   4  0.0000  0.0000 11.0456
 52   4  0.0039 -0.0289 11.3139
 60   4 -0.0044  0.0093 10.9448
 68   4  0.0000  0.0000 10.9708
 76   4  0.0000  0.0000 10.9708
 84   4  0.0000  0.0000 10.9734
 92   4  0.0000  0.0000 10.8649
100   4 -0.0027  0.0298 13.0645
108   4  0.0095  0.0677 12.6553
116   4  0.0000  0.0000 11.7754
124   4  0.0000  0.0000 11.0456
132   4  0.0042  0.0026 11.6339
140   4  0.0000  0.0000 10.9762
148   4  0.0000  0.0000 11.7754
156   4  0.0000  0.0000 11.9483
164   4  0.0000  0.0000 11.7754
172   4 -0.0088 -0.0133 11.8296
180   4  0.0088 -0.0027 11.7864
188   4  0.0000  0.0000 10.8101
196   4  0.0000  0.0015 11.7381
204   4  0.0120 -0.0009 11.6550
212   4  0.0095 -0.0370 11.8892
220   4  0.0023  0.0025 11.3378
228   4 -0.0463 -0.1383  9.9685
236   4  0.0000  0.0000 10.4602
244   4  0.0101 -0.0069  9.5403
252   4 -0.0839 -0.0187 10.5119
260   4 -0.0132  0.0014 10.8915
268   4 -0.0171  0.0291 12.0676
276   4  0.0163  0.0219 11.9842
284   4  0.0000  0.0446 12.0813
292   4  0.0000  0.0000 11.7813
  4  12  0.1485  0.1909 10.1743
 12  12 -0.0471  0.5491 11.7187
 20  12  0.0447  0.7887 10.8398
 28  12  0.0556  0.3612  9.7256
 36  12  0.7852  0.0483  9.4732
 44  12  0.0000 -0.4421 12.5902
 52  12 -0.0282 -0.3483 20.6906
 60  12  0.0000  0.0101 10.7509
 68  12 -0.0146  0.0242 21.4881
 76  12  0.1387  0.1569 12.2504
 84  12  0.1170 -0.0672  9.6980
 92  12  0.0895 -0.1034  9.4057
100  12 -0.0928  0.0177  9.2470
108  12  0.0750  0.2058 10.7674
116  12 -0.0513  0.0744 10.5416
124  12  0.0399  0.0899 12.8985
132  12  0.0354 -0.0074 11.9646
140  12 -0.0973 -0.0581 11.4858
148  12 -0.0486 -0.0339 11.5068
156  12  0.0000  0.0000 13.2108
164  12  0.1740  0.0468 13.4242
172  12  0.3386 -0.1649  9.0506
180  12 -0.0421  0.0018 11.0610
188  12  0.0199  0.0624 12.5625
196  12  0.0283  0.5081  9.2554
204  12 -0.0230 -0.1095 10.4345
212  12  0.1011  0.3336 12.0979
220  12 -0.0080  0.0358 17.6205
228  12 -0.4123  0.2149  7.1359
236  12 -0.2617  0.9405  7.8528
244  12  0.0256  0.2492 11.8819
252  12 -0.0227  0.2706 11.2382
260  12  0.0108 -0.1060 10.7373
268  12  0.0000  0.0000 10.9347
276  12  0.0232  0.0985  9.0290
284  12 -0.0809 -0.1611  7.5712
292  12  0.0222 -0.0391  7.1425
  4  20  0.0575  0.0138 16.1220
 12  20 -0.0243  0.0800 12.3572
 20  20  0.0000  0.0595 11.7851
 28  20  0.0134  0.0941 13.4160
 36  20 -0.0639 -0.0114 12.8272
 44  20  0.1042 -0.0206 10.9820
 52  20 -0.0163  0.0651 11.5220
 60  20 -0.0038  0.0116 17.9446
 68  20 -0.0283  0.0143 16.7515
 76  20  0.0109 -0.0390 15.3908
 84  20  0.0307  0.0051 15.0039
 92  20  0.0471 -0.0072 13.3537
100  20  0.0365  0.1076 11.5595
108  20  0.0265  0.1113 10.4941
116  20 -0.0778  0.0469 13.7072
124  20 -0.0173  0.0123 13.1897
132  20 -0.0178 -0.0430 13.4543
140  20  0.0199  0.0433 13.4111
148  20  0.0007  0.0052 13.8768
156  20 -0.0052 -0.0009 12.9108
164  20  0.0944 -0.0066 13.3237
172  20  0.2279  0.0215 15.2829
180  20  0.0538  0.0242 12.4502
188  20  0.0833 -0.0074 17.9600
196  20 -0.0237 -0.0040 15.8397
204  20  0.0011  0.0878 19.5952
212  20  0.0028 -0.0077 19.3481
220  20  0.0173  0.0072 20.7132
228  20 -0.0566 -0.0796  7.8943
236  20 -0.0399 -0.3913 10.4065
244  20 -0.0500 -0.0494 12.3104
252  20 -0.0511  0.0000 12.1051
260  20  0.1212  0.1226  7.9503
268  20  0.0000 -0.1379  9.4378
276  20  0.0981  0.0267 11.8472
284  20  0.1747  0.0643 15.8498
292  20  0.1734 -0.0123 14.6689
  4  28  0.0919 -0.0398 10.6005
 12  28  0.0066  0.0806 10.7055
 20  28  0.0142 -0.0031 11.1620
 28  28 -0.0026  0.0190 10.3776
 36  28  0.0027  0.0146 10.8524
 44  28  0.0212  0.0112 10.4973
 52  28 -0.0016 -0.0070 10.4257
 60  28  0.0043  0.0093 10.0901
 68  28  0.0412  0.0241 10.6043
 76  28  0.0139 -0.0120 10.7547
 84  28 -0.0032  0.0027  9.9472
 92  28 -0.0144  0.0077  9.8334
100  28  0.0560 -0.0151 11.1024
108  28  0.0545  0.0355 14.7080
116  28 -0.0070  0.0124  9.0862
124  28 -0.0020  0.0284 10.0903
132  28  0.0053 -0.0004  8.9273
140  28  0.0242  0.0055  9.3914
148  28  0.0304  0.0164  9.5463
156  28  0.1410  0.0504 20.8357
164  28  0.1432  0.0962 15.1603
172  28  0.0099  0.0688 12.3829
180  28  0.2184  0.1435 18.1466
188  28  0.1529 -0.0184 22.3796
196  28 -0.0035 -0.0011  9.2562
204  28  0.0189  0.0126  9.5593
212  28  0.0027  0.0184 10.6015
220  28 -0.0083 -0.0029 10.7238
228  28  0.0311  0.0116  9.9504
236  28  0.0082  0.0216  9.4544
244  28  0.0022 -0.0048 10.2475
252  28  0.0633 -0.0111  9.7947
260  28  0.0154  0.0046 18.7341
268  28  0.0054  0.0275 15.0908
276  28  0.0201 -0.0475 23.9897
284  28 -0.0333  0.0375 17.0795
292  28  0.0030  0.0141 12.9704
  4  36 -0.0023  0.0635  7.8566
 12  36 -0.0026  0.0500  7.9892
 20  36  0.0815  0.0465  6.8453
 28  36 -0.0911  0.0377  6.5190
 36  36 -0.1236 -0.0517  6.3193
 44  36  0.1732 -0.3702  6.2439
 52  36  0.2217 -0.0313  6.0776
 60  36  0.0000  0.0000 10.4450
 68  36 -0.0111 -0.0097  8.8342
 76  36 -0.0201 -0.0575  9.6195
 84  36  0.0000  0.0000 13.6955
 92  36  0.1564 -0.0076 10.8272
100  36  0.1845  0.0341  7.6528
108  36 -0.0184  0.0822  7.8829
116  36  0.2087  0.0858  8.0171
124  36 -0.1735  0.0410  6.1883
132  36 -0.0961 -0.2917  8.4628
140  36 -1.1043  4.5000  7.0718
148  36  0.1375  0.2652  7.0470
156  36  0.1196  0.1484 11.8816
164  36  0.1006 -0.0434 10.4031
172  36  0.1037  0.1199 24.7408
180  36  0.2237  0.0333 12.4353
188  36  0.0704  0.0091 12.0103
196  36  0.0954  0.1404 12.9751
204  36 -0.0357  0.0161 15.4383
212  36  0.0156  0.0197 13.2232
220  36  0.1765  0.0164 13.3612
228  36  0.0106 -0.2269 11.3584
236  36  0.0000  0.0000 11.0903
244  36  0.0000  0.2209  9.8462
252  36 -0.1944  0.0214 12.5789
260  36 -0.1597 -0.1956  8.6556
268  36 -0.0348  0.1421 10.8349
276  36 -0.0495  0.1354  9.2179
284  36  0.0398 -0.0506  7.1490
292  36  0.0053 -0.1563  9.4412
  4  44  0.2811 -1.4066  7.6679
 12  44  0.0000 -0.0642  6.5641
 20  44  0.0000  0.0000 10.1740
 28  44  0.0000  0.0000 16.2968
 36  44 -0.2709 -0.1673 13.4664
 44  44  0.0000  0.0000 13.0603
 52  44  0.0000  0.0000 10.3707
 60  44  0.0000  0.0000  8.8816
 68  44  0.0119  0.3874  7.4962
 76  44  0.1188  0.1450  6.7885
 84  44  0.0000  0.0000 12.5445
 92  44  0.0000  0.0000 11.1304
100  44  0.4043 -0.4043  8.0000
108  44  0.0000  0.0000 12.0628
116  44  1.0492  0.0305 12.6667
124  44 -0.1146 -0.0101 17.4161
132  44 -0.1796 -0.3984  6.1974
140  44  0.0000  0.0000  0.0000
148  44  0.1560  0.0193  6.1267
156  44  0.0869  0.1795 13.7815
164  44  0.4224  0.2212  9.2612
172  44  0.1167  0.2249 10.4246
180  44  0.3422  0.0052 10.4461
188  44  0.1093 -0.0241 14.5247
196  44 -0.0521  0.2571  8.4541
204  44 -0.1484 -0.0233  8.4565
212  44  0.0346 -0.2757  8.1777
220  44  0.0466 -0.0056  9.0021
228  44  0.0210 -0.0181 11.9224
236  44 -0.1187 -0.1535 11.1512
244  44 -0.0088  0.0179 12.5767
252  44  0.1478 -0.1550 15.7010
260  44  0.0000 -0.5000  7.3143
268  44 -0.2308 -0.0050 11.9283
276  44  0.2907  0.0403 10.5761
284  44  0.0000  0.0000 13.8188
292  44  0.0000  0.0000 11.0903
  4  52  0.0000  0.0000 10.5606
 12  52 -0.1218  0.0127  8.8406
 20  52  0.0867  0.2039  6.6081
 28  52 -0.3702  0.1143  8.0147
 36  52  0.0000  0.0000  0.0000
 44  52  0.0000  0.0000  0.0000
 52  52  0.0000  0.0000  0.0000
 60  52  0.0000  0.0000  0.0000
 68  52  0.0000  0.0000  0.0000
 76  52  0.0000 -0.5000  8.8276
 84  52  0.0000 -0.5000  8.8276
 92  52  0.0000  0.0000 11.1304
100  52  0.0000  0.0000  0.0000
108  52  0.0000  0.0000 11.1304
116  52  0.0000  0.0000  8.2581
124  52  0.0000  0.0000 16.1088
132  52  0.0000  0.0000  0.0000
140  52 -0.5000  4.8601  5.7562
148  52 -0.0090 -0.0554  5.9921
156  52  0.1086  0.0731 19.7308
164  52  0.1517  0.3754 13.2884
172  52  0.0425  0.3788  9.2499
180  52 -0.0057  0.0923 17.2867
188  52  0.1021  0.0243 12.5342
196  52 -0.0064  0.0286  9.8124
204  52  0.0000  0.0000  0.0000
212  52 -0.2191  0.0364 11.2875
220  52  0.0000  0.0000 15.2515
228  52 -0.0321 -0.0401 18.0947
236  52  0.0248 -0.0297 13.4174
244  52  0.0558 -0.0080 10.6810
252  52  0.1572  0.0022 13.8496
260  52  0.3287 -0.0148  7.8200
268  52  0.0000  0.0000  8.5951
276  52  0.1017 -0.0963  9.4975
284  52  0.2006 -0.0342 19.6143
292  52  0.0679  0.2188  7.6040
  4  60  0.5000  0.0000  8.4768
 12  60  0.0000  0.0000  0.0000
 20  60  0.0000  0.0000  0.0000
 28  60  0.0000  0.0000  0.0000
 36  60  0.0000  0.0000  0.0000
 44  60  0.0000  0.0000  0.0000
 52  60  0.0000  0.0000  0.0000
 60  60  0.0000  0.0000  0.0000
 68  60  0.0000  0.0000  0.0000
 76  60  0.0000  0.0000  0.0000
 84  60 -0.5000  0.0000  8.8276
 92  60  0.0360  0.1854 12.6331
100  60  0.0000  0.0000  8.4768
108  60  0.0000  0.0000  0.0000
116  60 -1.2596  0.3479  7.1968
124  60  0.1841 -0.0418 12.3683
132  60  0.0000  0.0000  0.0000
140  60 -1.0000 -1.2566  4.9421
148  60 -0.0058  0.0900  6.6288
156  60 -0.0048  0.1296  7.4973
164  60 -0.0003  0.1298  7.4562
172  60  0.0050  0.1119  7.0110
180  60  0.0085  0.0665  6.8690
188  60  0.0556  0.0692  6.1454
196  60  0.1398  0.2853  6.2791
204  60  0.0000  0.5000  7.8528
212  60 -0.5000  0.0000  8.8276
220  60  0.0000  0.0000  0.0000
228  60  1.5000  1.8890  8.4253
236  60 -0.0852  0.0136  8.4768
244  60  0.0392 -0.0952  8.2709
252  60 -0.2318 -0.4602  8.8122
260  60 -0.0395 -0.1421 11.1908
268  60  0.0000  0.0000 10.6057
276  60 -0.1182 -0.2855 16.2572
284  60  0.2653 -0.3430 10.8542
292  60  0.1353  0.0199  8.9863
  4  68  0.0000  0.0000  0.0000
 12  68  0.0000  0.0000  0.0000
 20  68  0.0000  0.0000  0.0000
 28  68  0.0000  0.0000  0.0000
 36  68  0.0000  0.0000  0.0000
 44  68  0.0000  0.0000 11.1304
 52  68  0.0000  0.0000  0.0000
 60  68  0.0000  0.0000 11.1304
 68  68  0.0000  0.0000  0.0000
 76  68 -0.3359 -0.1046  7.1111
 84  68 -0.2093 -0.0299 13.0089
 92  68  0.8967 -1.6504 10.1123
100  68 -0.1008  0.0843 14.9901
108  68  0.0000  0.0000 11.1304
116  68  0.0000  0.0000 11.1304
124  68  0.0000  0.0000 11.1304
132  68  0.0000  0.0000  0.0000
140  68  0.0000  0.0000  0.0000
148  68 -0.0452  0.1188 13.2497
156  68  0.0000  0.0000  0.0000
164  68  0.0000  0.0000 16.1088
172  68 -2.0226  0.1523  8.0764
180  68 -0.1732  0.1500 12.8283
188  68  0.0000  0.0000 11.1304
196  68  0.0000  0.0000  0.0000
204  68  0.0000  0.0000  0.0000
212  68  0.0000  0.0000  0.0000
220  68  0.0000  0.0000  0.0000
228  68  0.0000  0.0000  0.0000
236  68  0.0000  0.0000  0.0000
244  68  0.0000  0.0000  0.0000
252  68  0.0000  0.0000 11.1304
260  68  2.5000  0.3134  7.5779
268  68  0.0364 -0.3502 10.4388
276  68  0.1265  0.2401 11.1304
284  68 -0.0636  0.1010 11.1570
292  68  0.1328  0.0709 16.0000
  4  76  0.0000  0.0000 11.1304
 12  76  0.0000  0.0000  0.0000
 20  76  0.0000  0.0000  0.0000
 28  76  0.0000  0.0000  0.0000
 36  76  0.0000  0.0000  0.0000
 44  76 -0.1068  0.5000 14.1617
 52  76 -0.1431 -1.5975  8.6675
 60  76  0.0000  0.0000  0.0000
 68  76  0.0000  0.0440 19.4473
 76  76  0.2057  0.0000  8.8514
 84  76  0.0994  0.0800  7.8444
 92  76 -0.0854  0.1142 19.1436
100  76  0.1841 -0.0418 12.3683
108  76  0.5000 -0.1174  9.1793
116  76  0.0000  0.0000 12.0628
124  76  0.1656  0.0786 10.7522
132  76  0.0000  0.0000 12.0628
140  76  0.2907 -0.0403 10.5761
148  76  0.0000  0.0000 12.8600
156  76 -0.1841 -0.0418 12.3683
164  76  0.1912  0.0000 12.4272
172  76  0.5000 -0.5000  4.0635
180  76  0.0000  0.0000  0.0000
188  76  0.0000  0.0000 16.1088
196  76  4.5000 -0.5000  4.0635
204  76  0.0000  0.0000  0.0000
212  76  0.0000  0.0000  0.0000
220  76  0.0000  0.0000  0.0000
228  76  0.0000  0.0000  0.0000
236  76  0.0000  0.0000  0.0000
244  76  0.0000  0.0000 11.1304
252  76  0.0000  0.0000  0.0000
260  76  0.0000  0.0000  0.0000
268  76  0.0000  2.5000  8.8276
276  76 -0.1556  0.0000 12.2969
284  76     NaN     NaN  5.4468
292  76  0.2907 -1.6239  7.4662
  4  84  0.0000  0.0000 11.1304
 12  84  0.0000  0.0000 11.1304
 20  84 -0.5000  0.0000  8.8276
 28  84  0.0000  0.0000  0.0000
 36  84 -0.1439  0.0853 11.4193
 44  84  0.0000  0.5000  7.8528
 52  84  0.0000  0.0000 13.3565
 60  84  0.0557 -0.0392  9.9800
 68  84  0.0666  0.2795  6.6661
 76  84 -0.0942 -0.0945 12.0471
 84  84 -0.1840  0.1496  8.0000
 92  84  0.0944  0.1174 13.2161
100  84  0.0000  0.0000  0.0000
108  84  0.0000  0.0000  0.0000
116  84  0.0000  0.0000 11.1304
124  84  0.0000  0.0000  0.0000
132  84  0.0000  0.0000  0.0000
140  84  0.0000  0.0000  0.0000
148  84  0.0000  0.0000 12.1315
156  84  0.0000  0.0000 11.1304
164  84  0.3127  0.1061  9.8739
172  84 -0.5000  0.0000  8.8276
180  84  2.5000  0.0000  8.8276
188  84  0.0000  0.0000  0.0000
196  84  2.5000  0.0000  8.8276
204  84  0.0000  0.0000  0.0000
212  84  0.0000  0.0000  0.0000
220  84  0.2626 -0.3224 11.1304
228  84  0.0000  0.0000  0.0000
236  84  0.0000  0.0000  0.0000
244  84  0.0000  0.0000  0.0000
252  84  0.0000  0.0000  0.0000
260  84  0.0000  0.0000 11.1304
268  84  0.0000  0.0000 11.1304
276  84  0.0000  0.0000 16.1088
284  84  0.0000  0.0000 11.1304
292  84  0.0000  0.0000 11.1304
  4  92  0.0000  0.0000  0.0000
 12  92  0.0000  0.0000  0.0000
 20  92 -0.1214  0.2177 12.3209
 28  92  0.8967  1.6504 10.1123
 36  92 -0.5000  2.5000  8.4476
 44  92  0.1204 -0.1312 11.8154
 52  92  2.6928  0.0595  5.6637
 60  92 -0.0165 -0.1674  7.2309
 68  92  0.0812  0.1702 14.0125
 76  92  0.0596  0.1491  9.0072
 84  92  0.3913 -0.3655  8.7273
 92  92  0.0240  0.6574  9.8108
100  92  0.0643 -0.4263  8.1769
108  92  0.0000  0.0000  9.4208
116  92  0.0000  0.0000 19.4783
124  92  0.0000  0.0000  0.0000
132  92  0.0000  0.0000  0.0000
140  92 -0.1656  0.0786 10.7522
148  92  0.8442  0.5000  7.5025
156  92  0.0000  0.0000 11.1304
164  92  0.0000  0.0000  0.0000
172  92  0.0000  0.0000  0.0000
180  92  0.0000  0.0000  0.0000
188  92  0.0000  0.0000  0.0000
196  92  0.0000  0.0000  0.0000
204  92  0.0000  0.0000 11.1304
212  92  0.0000  0.0000  0.0000
220  92 -0.2626  0.3224 11.1304
228  92  0.0000  0.0000  0.0000
236  92  0.0000  0.0000  0.0000
244  92  2.5000 -0.1588 10.5785
252  92  0.0000  0.0000  0.0000
260  92  0.0000  0.0000  0.0000
268  92  0.0000  0.0000  0.0000
276  92  0.0000  0.0000  0.0000
284  92  0.0000  0.0000  0.0000
292  92  0.0000  0.0000 11.1304
  4 100  0.4213 -0.0062 12.9375
 12 100 -0.1140 -0.0528 10.0735
 20 100 -0.0913 -0.2044 18.7317
 28 100  0.1396  0.1548 10.8936
 36 100 -0.1361  0.6273  7.0779
 44 100 -0.5000  2.0991 10.1020
 52 100 -0.0944  0.1174 13.2161
 60 100 -0.1556 -0.4371  8.5593
 68 100 -0.2617  0.9405  7.8528
 76 100  0.0000  0.0000 11.1304
 84 100  0.0000  0.0000  0.0000
 92 100  0.0000  0.0000  0.0000
100 100  0.0000  0.0000 22.2609
108 100 -0.2587  0.1868 11.1614
116 100  0.0000 -0.5000  8.8276
124 100  0.0000  0.0000 11.1304
132 100 -0.1717 -0.4043 10.4490
140 100 -0.5000  0.0000  8.8276
148 100  0.0000  0.0000 16.1088
156 100 -0.2780 -0.1270 13.3759
164 100  0.0000  0.0000  0.0000
172 100  0.0000  2.5000  8.8276
180 100 -0.1533  1.5000  8.0910
188 100  0.0000  0.0000 16.1088
196 100  0.0000  0.0000  0.0000
204 100  0.0000  0.0000  0.0000
212 100  0.0000  0.0000  0.0000
220 100  0.0000  0.0000  0.0000
228 100  0.0000  0.0000 11.1304
236 100  1.0000  0.7154 10.4065
244 100  0.0000  0.0000 11.1304
252 100  0.0000  0.0000  0.0000
260 100  0.0000  0.0000  0.0000
268 100  0.0000  0.0000  0.0000
276 100  0.0000  0.0000  0.0000
284 100  0.0000  0.0000  0.0000
292 100  0.0000  0.0000 11.1304
  4 108 -0.5000  4.5000  4.0635
 12 108  0.0000  0.0000  0.0000
 20 108 -0.0611  0.0247 12.4395
 28 108  0.2667  0.0000  7.3143
 36 108  2.5000 -0.1588 10.5785
 44 108 -0.5000 -0.1588 10.5785
 52 108  0.0000 -0.5000  8.8276
 60 108  0.0000  0.0000 11.1304
 68 108  0.0000  0.0000 11.1304
 76 108  0.0000  0.0000 11.1304
 84 108  0.0000  0.0000  0.0000
 92 108 -0.2306 -4.9406  8.6617
100 108  0.1334  0.2262  9.1167
108 108 -0.0788  0.2077  9.6936
116 108  0.0000  0.0000 11.1304
124 108  0.0000  0.0000  0.0000
132 108 -2.3677 -0.1145 12.8207
140 108  0.0000  0.0000 16.1088
148 108  0.0000  0.0000 16.1088
156 108 -1.3941  0.0597 10.6052
164 108  0.0000  0.0000  0.0000
172 108  0.0000  0.0000  0.0000
180 108  0.0000  0.0000 11.1304
188 108  0.0000  0.0000 16.1088
196 108  0.0000  0.0000  0.0000
204 108  0.0000  0.0000  0.0000
212 108  0.0000  0.0000  0.0000
220 108  0.0000  0.0000  0.0000
228 108  0.0000  0.0000  0.0000
236 108  0.0000  0.0000  0.0000
244 108  0.0000  0.0000  0.0000
252 108  0.0000  0.0000 11.1304
260 108  0.0000  0.0000  0.0000
268 108  0.0000  0.0000  0.0000
276 108  0.0000  0.0000  0.0000
284 108 -0.5000  0.0000  8.8276
292 108  0.0000  0.0000  0.0000
  4 116  1.3070  0.0337 12.4709
 12 116  0.0000  0.0000  0.0000
 20 116  1.5000 -0.1151  6.0664
 28 116  0.2093  0.0299 13.0089
 36 116  0.0000  0.0000 11.1304
 44 116  0.0000  0.0000 11.1304
 52 116  0.0000  0.0000 11.1304
 60 116  0.0000  0.0000  0.0000
 68 116  0.0000  0.0000 11.1304
 76 116  0.0000  0.0000 11.1304
 84 116  0.0000  0.0000 11.9011
 92 116  0.0000  0.0000  0.0000
100 116  2.5000 -0.1588 10.5785
108 116  0.1180 -0.5000  9.2850
116 116  0.0000  0.0000  0.0000
124 116  0.0000  0.0000 16.1088
132 116  0.0000  0.0000 11.1304
140 116  0.0000  0.0000 16.1088
148 116  4.9386 -4.8642 16.2025
156 116 -1.5000 -0.3791 11.5120
164 116  0.0000  0.0000  0.0000
172 116  0.0000  0.0000  0.0000
180 116  0.0000  0.0000  0.0000
188 116  0.0000  0.1063  6.9728
196 116  0.0000  0.0000  0.0000
204 116  0.0000  0.0000  0.0000
212 116  0.0000  0.0000  0.0000
220 116  0.0000  0.0000  0.0000
228 116  0.0000  0.0000  0.0000
236 116  0.0000  0.0000  0.0000
244 116  0.0000  0.0000  0.0000
252 116  0.0000  2.5000  8.8276
260 116  0.0000  0.0000  0.0000
268 116  0.0000  0.1960 11.1304
276 116  2.5000  2.0391  9.3822
284 116  0.0000  0.0000  0.0000
292 116  0.0000  0.0000  0.0000
  4 124  0.0000  0.0000  0.0000
 12 124  0.0900 -0.0178  9.0377
 20 124  0.1146  0.0831 14.3112
 28 124  0.0000  0.0000  0.0000
 36 124  0.0000  0.0000  0.0000
 44 124 -1.1838 -0.5000  7.5779
 52 124  0.0000  0.0000  0.0000
 60 124  0.0000  0.0000  0.0000
 68 124  0.0000  0.0000  0.0000
 76 124 -0.1841  0.0418 12.3683
 84 124  0.0000  0.0000  0.0000
 92 124  0.0000  0.0000  0.0000
100 124  0.0000  2.5000  8.8276
108 124  0.0000  2.5000  8.8276
116 124  0.0000  0.0000  0.0000
124 124 -0.1894  2.4394 10.6505
132 124  0.0000  0.0000  0.0000
140 124  0.0000  0.0000  0.0000
148 124  0.0000  0.0000  0.0000
156 124  4.5000  2.5000  4.0635
164 124  0.0000  0.0000  0.0000
172 124  2.5000  0.0000 11.1304
180 124  0.0000  0.0000 16.1088
188 124  0.0000  0.0000 11.1304
196 124  0.0000  0.0000  0.0000
204 124  0.0000  0.0000  0.0000
212 124  1.5000 -0.0448  8.9013
220 124 -0.5000  0.1180  9.2850
228 124 -0.1063  0.0000  6.9728
236 124  0.0000  0.0000  0.0000
244 124  0.0000  0.0000 11.1304
252 124  0.0000  0.1960 11.1304
260 124  1.6308  0.2167  9.6175
268 124 -0.1262  0.0568  9.3221
276 124 -0.5000 -1.0000  4.0635
284 124  0.0000  0.0000 11.1304
292 124  0.0000  0.0000 11.1304
  4 132 -0.0602  0.2883  9.2632
 12 132  0.1960  2.5000 11.1304
 20 132  0.0000  0.0000 11.1304
 28 132  0.0378 -0.0868 15.2803
 36 132  0.1920  0.5476  8.2350
 44 132  0.0000  0.0000 11.1304
 52 132  0.0000  0.0000  0.0000
 60 132  0.0000  0.0000  0.0000
 68 132  0.0000  0.0000 12.0628
 76 132  0.0000  0.0000 11.1304
 84 132  0.0000  0.0000  0.0000
 92 132  0.0000  0.0000  0.0000
100 132  0.0000  0.0000 11.1304
108 132  0.0000  0.0000  9.2850
116 132  0.0696  0.1611 12.7696
124 132  0.0270 -2.8725  6.6556
132 132  2.5000  0.0000  8.8276
140 132  0.0000  0.0000  0.0000
148 132  0.0000  0.0000  0.0000
156 132 -2.5000 -1.0000  7.6040
164 132  0.0000  0.0000  1.0000
172 132  0.0000  0.0000  0.0000
180 132  0.0000  0.0000 11.1304
188 132  0.0000  0.0000  0.0000
196 132  0.0000  0.0000  0.0000
204 132  0.0000  0.0000  0.0000
212 132  0.0000  0.0000  0.0000
220 132  0.0000  0.0000  0.0000
228 132  0.0000  0.0000  0.0000
236 132  0.0000  0.0000  0.0000
244 132  0.0000  0.0000 11.1304
252 132  0.0000  0.0000  0.0000
260 132  0.0000  0.0000  0.0000
268 132  0.0000  0.0000 11.1304
276 132  0.0000  0.0000  0.0000
284 132  0.0000  0.0000  0.0000
292 132  0.0000  0.0000 11.1304
  4 140  0.3105  0.0955 12.8000
 12 140  0.0000  0.0000  0.0000
 20 140 -0.2780  0.1270 13.3759
 28 140 -0.1841  0.0418 12.3683
 36 140  0.0000  0.0000  0.0000
 44 140  0.0000  0.0000  0.0000
 52 140  0.0000  0.0000  0.0000
 60 140 -0.1960 -0.5000 11.1304
 68 140 -0.4256 -0.1293  7.2484
 76 140  0.0000  0.0000  0.0000
 84 140  0.0000  0.0000  0.0000
 92 140  0.0000  0.0000 11.1304
100 140  0.0000  0.0000  0.0000
108 140  0.5000  0.1891  7.1434
116 140  0.0722  1.1274  7.1579
124 140  0.0000  0.0000 11.1304
132 140  0.0000  0.0000  0.0000
140 140  0.0000 -0.5000  8.8276
148 140  0.0000  0.0000  0.0000
156 140  0.0000  0.0000  0.0000
164 140 -0.0521  3.0402 10.3584
172 140  0.0000  0.0000 11.1304
180 140  0.0000  0.0000  0.0000
188 140  0.0000  0.0000 11.1304
196 140  0.0000  0.0000  0.0000
204 140  0.0000  0.0000 11.1304
212 140 -0.1548  0.5000 10.8245
220 140 -3.4179 -0.0666 10.9194
228 140  2.5000  0.0000  8.8276
236 140  0.0283  0.2875 10.6787
244 140  0.0000  0.0000  0.0000
252 140  0.0000  0.0000  0.0000
260 140 -5.0000 -0.5000  8.8276
268 140  0.0000  0.0000  0.0000
276 140  0.0000  0.0000 11.1304
284 140  2.5000  0.0000  8.8276
292 140  0.0000  0.0000  0.0000
  4 148 -1.5530  3.1954  8.4768
 12 148  0.0000  0.0000  0.0000
 20 148  0.0000  2.5000  8.8276
 28 148  0.0000  0.0000 11.1304
 36 148  0.0000  0.0000  0.0000
 44 148  5.5000 -0.1151  4.1694
 52 148  0.0000  0.0000  0.0000
 60 148  0.2483  0.1160  9.3535
 68 148  0.0000  0.0000 11.1304
 76 148  0.0000  0.0000  0.0000
 84 148  0.0000  0.0000  0.0000
 92 148  1.5000  2.5000  8.4476
100 148  0.0000  0.0000  0.0000
108 148  0.0000  0.0000  0.0000
116 148  0.0000  2.5000  8.8276
124 148  0.0000  0.0000  0.0000
132 148  0.0000  0.0000  0.0000
140 148  0.0000  0.0000  0.0000
148 148  0.0000  0.0000  0.0000
156 148  0.0000  0.0000  0.0000
164 148  0.0610  0.5000  7.7665
172 148  0.0000  0.0000  0.0000
180 148  0.0000  0.0000  0.0000
188 148  0.0000  0.0000 11.1304
196 148  0.0000  0.0000  0.0000
204 148  0.0000  0.0000  0.0000
212 148  1.3070 -0.0337 12.4709
220 148  0.0000  0.0000  0.0000
228 148  0.0000  0.0000 11.1304
236 148  0.0000  0.0000  0.0000
244 148  0.0000  0.0000  0.0000
252 148  0.0000  0.0000  0.0000
260 148  0.0000  0.0000  0.0000
268 148  0.0000  0.0000  0.0000
276 148  0.0000  0.0000  0.0000
284 148  0.0000  0.0000  0.0000
292 148  0.0000  0.0000  0.0000
  4 156 -0.1562 -0.2821  7.0932
 12 156  0.0000  0.0000 12.1905
 20 156  0.2907  0.0403 10.5761
 28 156 -0.1174 -4.1710 14.6131
 36 156  0.0000  0.0000  0.0000
 44 156  0.0000 -0.5000  8.8276
 52 156  0.0000  0.0000 16.1088
 60 156 -1.1733  0.0000  8.5333
 68 156  0.0000  0.0000  0.0000
 76 156  0.0000  0.0000  0.0000
 84 156  0.0000  0.0000  0.0000
 92 156  0.0000  0.0000 16.1088
100 156 -3.3827  0.0458 10.4253
108 156  0.0347  3.0000 12.8598
116 156  0.0000  0.0000  0.0000
124 156  0.0000  0.0000  0.0000
132 156  0.0000  0.0000  0.0000
140 156  0.0000  0.0000  0.0000
148 156  0.0000  0.0000  0.0000
156 156  0.0000  0.0000  0.0000
164 156  0.0000  0.0000 11.1304
172 156  0.0000  0.0000  0.0000
180 156  0.0000  0.0000  0.0000
188 156  0.0000  0.0000  0.0000
196 156  0.0000  0.0000  0.0000
204 156  0.0000  0.0000  0.0000
212 156  0.0000  0.0000 11.1304
220 156  0.0000  0.0000 22.2609
228 156  0.0000  0.0000  0.0000
236 156  0.0000  0.0000  0.0000
244 156  0.0000  0.0000  0.0000
252 156  0.0000  0.0000  0.0000
260 156  0.0000  0.0000  0.0000
268 156  0.0000  0.0000  0.0000
276 156  0.0000  0.0000  0.0000
284 156  0.0000  0.0000  0.0000
292 156 -0.5000 -0.5000  4.0635
  4 164  0.0000  0.0000  0.0000
 12 164  0.0000  0.0000  0.0000
 20 164  0.3309 -0.0637  7.1846
 28 164  0.0000  2.3093 11.7824
 36 164  0.0000  5.0000 11.1304
 44 164  0.0000  0.0000 16.1088
 52 164  0.1912  0.0000 12.4272
 60 164  0.0000  0.0000  0.0000
 68 164  0.0000  0.0000  0.0000
 76 164  4.5000 -0.1174 13.8795
 84 164  0.0000  0.0000  0.0000
 92 164  0.0000  0.0000 11.1304
100 164  0.0000  0.0000  0.0000
108 164  0.2271 -1.5000  9.1201
116 164  0.0000  0.0000  0.0000
124 164  0.0000  0.0000  0.0000
132 164  0.0000  0.0000  0.0000
140 164  0.0000  0.0000  0.0000
148 164  0.0000  0.0000 11.1304
156 164  0.0000  0.1162  9.1257
164 164  0.0180 -0.0520  9.5553
172 164  0.0000  0.0000  0.0000
180 164  0.0000  0.0000 11.1304
188 164  0.0000  0.0000  0.0000
196 164  0.0000  0.0000  0.0000
204 164  0.0000  0.0000 11.1304
212 164  0.0000  0.0000  0.0000
220 164  0.2611 -0.1783  7.6338
228 164  0.0000  0.0000  0.0000
236 164  0.0000  0.0000  0.0000
244 164  0.0000  0.0000  0.0000
252 164  0.0000  0.0000  0.0000
260 164  0.0000  0.0000  0.0000
268 164  0.0000  0.0000  0.0000
276 164  2.5000  0.0000  8.8276
284 164  0.0000  0.0000  0.0000
292 164  0.0000  0.0000  0.0000
  4 172  0.0000  0.0000 11.1304
 12 172  0.0000  0.0000  0.0000
 20 172  0.0000  0.0000  0.0000
 28 172 -0.4714  0.2331  8.2697
 36 172  0.0000  0.0000 11.1304
 44 172  0.0000  0.0000 13.0803
 52 172  0.0000  0.0000  0.0000
 60 172  0.0000  0.0000  0.0000
 68 172  0.0000  0.0000  0.0000
 76 172  0.0000  0.0000 11.1304
 84 172  0.0000  0.0000  8.4768
 92 172  0.0000  0.0000  0.0000
100 172  0.0000  0.0000  0.0000
108 172  0.0000 -0.5000  8.8276
116 172  0.0000  0.0000  0.0000
124 172  0.0000  0.0000  0.0000
132 172  0.0000  0.0000  0.0000
140 172  0.0000 -0.5000  8.8276
148 172  0.0000  0.0000  0.0000
156 172 -3.1375  0.1053  6.6888
164 172  0.6832  0.0000  8.7521
172 172  2.5000  0.0000  8.8276
180 172  0.0000  0.0000  0.0000
188 172  0.0000  0.0000  0.0000
196 172  0.0000  0.0000 11.1304
204 172  0.0000  0.0000  0.0000
212 172 -0.5000  0.0000  8.8276
220 172  0.0000  0.0000 16.1088
228 172  0.0000  0.0000  0.0000
236 172  0.0000  0.0000  0.0000
244 172  0.0000  0.0000  0.0000
252 172  0.0000  0.0000  0.0000
260 172  4.5000 -0.5000  4.0635
268 172  0.0000  0.0000  0.0000
276 172  0.0000  0.0000  0.0000
284 172  0.0000  0.0000  0.0000
292 172  0.0000  0.0000  0.0000
  4 180  0.0000  0.0000  1.0000
 12 180 -0.2426  3.5000  8.5018
 20 180 -0.5000  3.5000  4.0635
 28 180 -0.0488  3.0385 12.8305
 36 180  0.1825 -0.2174 12.5315
 44 180  1.5821 -0.2691  6.9945
 52 180  0.0000  0.0000  0.0000
 60 180  0.0000  0.0000  0.0000
 68 180  0.0000  0.0000  0.0000
 76 180  0.0000  2.5000  8.8276
 84 180  4.5000  0.2391  8.2581
 92 180 -0.5000  0.0000  8.8276
100 180  0.0000  5.0000 11.1304
108 180  0.0000  0.0000  0.0000
116 180  0.0000  0.0000  0.0000
124 180  0.0000  0.0000 11.1304
132 180  0.0000  0.0000  0.0000
140 180 -0.5000  4.5000  4.0635
148 180  0.0000  0.0000  0.0000
156 180  2.5000  0.0000 11.1304
164 180  0.2730  0.0000 10.6474
172 180  0.0000  0.0000 11.1304
180 180  0.0000  0.0000  0.0000
188 180  0.0000  0.0000  0.0000
196 180  0.0000  0.0000  0.0000
204 180  0.0000  0.0000  0.0000
212 180     NaN     NaN  5.2245
220 180  0.0000  0.0000  0.0000
228 180  0.0000  0.0000  0.0000
236 180  0.0000  0.0000  0.0000
244 180  0.0000  0.0000 11.1304
252 180  0.0000  0.0000  0.0000
260 180  0.0000  0.0000  0.0000
268 180  0.0000  0.0000  0.0000
276 180  0.0000  0.0000  0.0000
284 180  0.0000  0.0000  0.0000
292 180  0.0000  0.0000  0.0000
  4 188  0.0000  0.0000 11.1304
 12 188  0.0000  0.0000  0.0000
 20 188 -0.0418 -0.1521 12.6567
 28 188  0.0000  0.0000  0.0000
 36 188  1.1838  2.5000  7.5779
 44 188  0.0000  0.0000  0.0000
 52 188 -0.5000  0.0000 11.1304
 60 188  0.0000  0.0000  0.0000
 68 188  0.0000  0.0000 16.1088
 76 188  0.0000  0.0000  0.0000
 84 188 -1.1838 -0.5000  7.5779
 92 188  0.0000  0.0000  0.0000
100 188 -0.3468 -1.0000 10.2045
108 188  0.0000  0.0000  0.0000
116 188  0.0000  0.0000  0.0000
124 188  0.0000  0.0000  0.0000
132 188  0.0000  0.0000  0.0000
140 188  0.0000  0.0000  0.0000
148 188  0.0000  0.0000  0.0000
156 188  0.0000  0.0000  0.0000
164 188  0.0000  0.0000 13.3260
172 188  0.0000  0.0000  0.0000
180 188  0.0000  0.0000  0.0000
188 188  0.0000  0.0000  0.0000
196 188  0.0000  0.0000  0.0000
204 188  0.0000  0.0000 11.1304
212 188 -0.3157  5.5642 10.6667
220 188  0.0000  0.0000  0.0000
228 188  0.0000  0.0000  0.0000
236 188  0.0000 -0.5000  8.8276
244 188  0.0000  0.0000  0.0000
252 188  0.0000  0.0000  0.0000
260 188  0.0000  0.0000  0.0000
268 188  0.0000  0.0000  0.0000
276 188  0.0000  0.0000 11.1304
284 188  2.5000  0.0000  8.8276
292 188  0.0000  0.0000  0.0000
  4 196  0.0000  0.0000  0.0000
 12 196  0.0000  0.0000  0.0000
 20 196  0.0000  0.0000 11.1304
 28 196  0.0000  0.0000 11.1304
 36 196 -1.5000  0.0000  8.2581
 44 196  0.0000  0.0000  0.0000
 52 196  0.0000  0.0000 11.1304
 60 196  2.5000  0.0000  8.8276
 68 196  0.0585  0.2413 13.6170
 76 196  2.5000 -0.5000  4.0635
 84 196  0.1960  2.5000 11.1304
 92 196  0.0000  0.0000  0.0000
100 196  0.3309 -0.0637  7.1846
108 196  0.0000  0.0000  0.0000
116 196  0.0000  0.0000  0.0000
124 196  0.0000  0.0000 11.1304
132 196  0.0000  0.0000  0.0000
140 196  0.0000  0.0000  0.0000
148 196  0.0000  0.0000  0.0000
156 196  0.0000  0.0000  0.0000
164 196 -0.0421 -0.1634 12.8457
172 196  0.0000  0.0000  0.0000
180 196  0.0000  0.0000  0.0000
188 196  0.0000  0.0000  0.0000
196 196  0.0000  0.0000  0.0000
204 196  0.0000  0.0000  0.0000
212 196  0.0000  0.0000  0.0000
220 196  0.0000  0.0000  0.0000
228 196  2.5000  4.5000  4.0635
236 196  0.0000  0.0000  0.0000
244 196  0.0000  0.0000  0.0000
252 196  0.0000  0.0000  0.0000
260 196  0.0000  0.0000 11.1304
268 196  0.0000  0.0000  0.0000
276 196  0.0000  0.0000  0.0000
284 196  0.0000  2.5000  8.8276
292 196  0.0000  0.0000 11.1304
  4 204  0.0000  0.0000  0.0000
 12 204  0.1841 -0.0418 12.3683
 20 204  0.1841 -0.0418 12.3683
 28 204  3.7362 -0.1450  7.9834
 36 204  0.0000  0.0000 11.1304
 44 204  0.0000  2.5000  8.8276
 52 204  0.0000  0.0000  0.0000
 60 204  0.0000 -0.5000  8.8276
 68 204  0.0000  0.0000  0.0000
 76 204  0.4043  0.4043  8.0000
 84 204 -0.5000  0.0000  8.8276
 92 204  0.0000  0.0000  0.0000
100 204  5.5000 -0.5000  4.0635
108 204  0.0000 -5.0000 11.1304
116 204  0.0377  2.3850 12.5315
124 204  0.0000 -0.5000  8.8276
132 204  0.0000  0.0000  0.0000
140 204  0.0000  0.0000  0.0000
148 204  0.0000  0.0000  0.0000
156 204  0.0000  0.0000  0.0000
164 204 -0.0083 -0.0418 11.2576
172 204  0.0000  0.0000  0.0000
180 204  0.0000  0.0000  0.0000
188 204  5.0000  0.0000 11.1304
196 204  4.5000  4.5000  4.0635
204 204  0.0000  0.0000  0.0000
212 204  0.0000  0.0000  0.0000
220 204  2.5000  0.0000  8.8276
228 204  0.0000  0.0000  0.0000
236 204  0.0000  0.0000  0.0000
244 204 -1.5000 -0.5000  7.4357
252 204  0.0000  0.0000  0.0000
260 204  0.0000  0.0000  0.0000
268 204  0.0000  0.0000 11.1304
276 204  0.0000  0.0000 11.1304
284 204  0.0000  0.0000  0.0000
292 204 -0.5000  0.0000 11.1304
  4 212  0.0000  0.0000 11.1304
 12 212  0.0000  2.5000  8.8276
 20 212  0.0000  0.0000 11.1304
 28 212  0.0000  0.0000 11.1304
 36 212  0.0000  0.0000  0.0000
 44 212  0.0000  2.5000  8.8276
 52 212  0.0000  0.0000 11.1304
 60 212 -0.5000  0.0000  8.8276
 68 212  0.0000  0.0000  0.0000
 76 212  0.0000  0.0000  0.0000
 84 212  0.0000  0.0000  0.0000
 92 212  0.0000  0.0000 11.1304
100 212  1.5000  0.0000  8.2581
108 212  1.5000  2.5000  7.4357
116 212  0.0000  0.0000  0.0000
124 212  0.5000  0.0000  8.8276
132 212  0.0000  0.0000  0.0000
140 212  0.0000  0.0000  0.0000
148 212  0.0000  0.0000  0.0000
156 212  0.0000  0.0000  0.0000
164 212  1.0000  0.0000  9.2850
172 212  0.0000  2.5000  8.8276
180 212  0.0000  0.0000  0.0000
188 212  5.0000  0.0000 11.1304
196 212  0.0000  0.0000 11.1304
204 212  0.0000  0.0000  0.0000
212 212  0.0000  0.0000  0.0000
220 212  0.0000  0.0000  0.0000
228 212  0.0000  0.0000  1.0000
236 212  0.0000  0.0000  0.0000
244 212  0.0000  0.0000  0.0000
252 212  0.0000  0.0000 16.1088
260 212  0.0000  0.0000  0.0000
268 212  0.0000  0.0000  0.0000
276 212  0.0000  0.0000  0.0000
284 212  0.0000  0.0000  0.0000
292 212  0.0000  0.0000 11.1304
  4 220 -0.5000  0.0000 11.1304
 12 220  0.0000  0.0000 11.1304
 20 220  0.0000  0.0000 11.1304
 28 220  0.0000  0.0000  0.0000
 36 220  0.0000  0.0000  0.0000
 44 220 -0.1313 -0.0812 16.9211
 52 220  0.0000  0.0000  0.0000
 60 220  0.0000  0.0000  0.0000
 68 220  0.0000  0.0000  0.0000
 76 220  0.0000  0.0000 11.1304
 84 220  0.0000  0.0000 11.1304
 92 220  0.0000  0.0000  0.0000
100 220  0.0000  2.5000  8.8276
108 220  1.1838  2.5000  7.5779
116 220  0.0000  2.5000  8.9154
124 220  0.0000  0.0000  9.2850
132 220  0.0000  0.0000  0.0000
140 220  0.0000  0.0000  0.0000
148 220  0.0000  0.0000  0.0000
156 220  0.0000  0.0000  0.0000
164 220  0.5000  0.0000  8.8276
172 220  0.0000  0.0000  0.0000
180 220  0.0000  0.0000  0.0000
188 220  0.0000  0.0000  0.0000
196 220  0.0000  0.0000 11.1304
204 220  0.0000  0.0000 11.1304
212 220     NaN  0.0000 17.0667
220 220  0.0000  0.0000  0.0000
228 220 -0.1164 -0.5000  7.6040
236 220  0.0000  0.0000  0.0000
244 220  0.0000  0.0000 11.1304
252 220  0.1180  2.5000  9.2850
260 220  0.0000  0.0000 11.1304
268 220 -0.5000  4.5000  4.0635
276 220  0.0000  0.0000  0.0000
284 220  0.0000  0.0000  0.0000
292 220  0.0000  0.0000  0.0000
