VARIABLES= "X pix", "Y pix", "U pix/dt", "V pix/dt", "CHC", ZONE I=28, J=37
  4   4 -0.0292 -0.0013 10.6726
 12   4  0.0103  0.0260 11.1367
 20   4  0.0000  0.0000 10.9708
 28   4  0.0000  0.0000 10.9708
 36   4  0.0000  0.0000 11.1961
 44   4  0.0000  0.0000 11.0456
 52   4  0.0000 -0.0181 11.3868
 60   4  0.0160 -0.0216 10.9878
 68   4  0.0000 -0.0093 10.9566
 76   4  0.0000  0.0000 10.9734
 84   4  0.0025  0.0045 11.8969
 92   4 -0.0054 -0.0139 11.7488
100   4 -0.0451 -0.0504 12.4327
108   4  0.0000  0.0000 13.5605
116   4  0.0000  0.0000 11.0456
124   4  0.0011 -0.0070 11.1617
132   4  0.0000 -0.0135 11.3137
140   4 -0.0088 -0.0027 11.7864
148   4  0.0000  0.0000 11.9577
156   4  0.0078 -0.0156 12.0948
164   4 -0.0429 -0.0139 11.8469
172   4  0.0000 -0.0234 10.8169
180   4  0.0000  0.0000 11.7754
188   4  0.0000 -0.0121 10.8330
196   4  0.0000  0.0000 11.8954
204   4  0.0000  0.0000 11.7754
212   4  0.0000  0.0000 11.5158
220   4 -0.0493  0.0000 10.9855
228   4  0.0727 -0.0382 10.8339
236   4  0.0000  0.0000  8.8649
244   4  0.0000  0.0000  8.8540
252   4  0.0000  0.0000 10.6333
260   4 -0.0180 -0.0076 10.6569
268   4 -0.0026  0.0150 11.5501
276   4  0.0000  0.0000 11.9696
284   4  0.0000  0.0000 13.0803
292   4  0.0000  0.0000 13.5919
  4  12  0.0467  0.0433  9.7175
 12  12  0.0341  0.0221 13.8141
 20  12  0.0000  0.0000 12.7414
 28  12  0.0000  0.0000 13.3875
 36  12 -0.0514 -0.0526 13.8822
 44  12 -0.0955  0.0444 13.8810
 52  12 -0.0154  0.0656 16.2186
 60  12 -0.0374  0.0104 10.1336
 68  12  0.0000  0.0000 20.0464
 76  12 -0.0137 -0.0443 11.6710
 84  12  0.0064  0.0300  9.6615
 92  12  0.0000 -0.1193  9.0114
100  12 -0.0887  0.0199  9.6938
108  12 -0.0154 -0.1402 11.7812
116  12  0.0131 -0.0597 10.9699
124  12  0.0207 -0.0021 10.9948
132  12  0.0000  0.0010 11.9263
140  12  0.0508 -0.0028 10.8796
148  12  0.0000  0.0000 11.9483
156  12 -0.0549  0.0083 10.9342
164  12  0.0000  0.0000 13.5649
172  12  0.0000  0.0000  9.5685
180  12  0.0000  0.0000 11.0195
188  12  0.0000  0.0000 12.6805
196  12  0.0000  0.0000 11.0601
204  12  0.0000  0.0000 11.2559
212  12  0.0000  0.0000 12.6703
220  12 -0.0035 -0.0942 15.3316
228  12  0.0000  0.0000 12.2835
236  12  0.0000  0.0000  9.2850
244  12  0.0000  0.0000  8.3796
252  12 -0.4446  0.0377  7.7779
260  12  0.1053  0.0178 10.9442
268  12 -0.0704  0.0686  9.7556
276  12 -0.0210 -0.1479  8.2878
284  12  0.0000 -0.1793  7.8268
292  12  0.0000  0.0000  8.1899
  4  20 -0.0574 -0.0030 17.7629
 12  20  0.0000  0.0000 13.8823
 20  20  0.0000  0.0000 12.1067
 28  20  0.0022 -0.0017 13.8252
 36  20  0.0000 -0.0244 12.7532
 44  20  0.0366 -0.0019 12.4917
 52  20 -0.0249  0.0029 13.6389
 60  20  0.0239  0.0005 15.4247
 68  20 -0.0077 -0.0048 17.8823
 76  20 -0.0446 -0.0377 15.0929
 84  20  0.0107  0.0351 14.9350
 92  20 -0.0084 -0.0293 13.5591
100  20 -0.0204 -0.0139 11.4179
108  20  0.0251  0.0001 11.1807
116  20  0.0000  0.0000 14.4087
124  20  0.0000  0.0000 13.6257
132  20  0.0236 -0.0105 13.3922
140  20  0.0037  0.0317 13.8174
148  20  0.0213  0.0029 14.1958
156  20 -0.0014  0.0011 13.2937
164  20  0.0112 -0.0050 15.1020
172  20 -0.0020  0.0079 16.4801
180  20  0.0102  0.0035 13.5435
188  20 -0.0018  0.0124 19.3208
196  20  0.0000  0.0046 18.7505
204  20  0.0000  0.0000 20.6543
212  20  0.0011 -0.0039 26.5100
220  20  0.0369 -0.0098 36.7226
228  20  0.2111  0.0197  8.1340
236  20  0.0000  0.0000 14.7338
244  20  0.0000  0.0000 12.0628
252  20 -0.0424 -0.0452 19.1321
260  20 -0.0483  0.0613 12.6903
268  20 -0.0877  0.0000  9.5219
276  20 -0.1067 -0.0918  9.4665
284  20 -0.1706 -0.0117 17.1782
292  20  0.0000  0.0000 15.4812
  4  28  0.0000  0.0000  9.9336
 12  28 -0.0406  0.0256 10.2423
 20  28  0.0236 -0.0035 10.9229
 28  28  0.0338  0.0142  9.9277
 36  28  0.0003 -0.0020 10.1932
 44  28  0.0000  0.0000  9.9981
 52  28  0.0124 -0.0017 10.6964
 60  28  0.0000  0.0000 10.0812
 68  28 -0.0103 -0.0014 10.6343
 76  28 -0.0067  0.0197 10.7268
 84  28 -0.0019  0.0176  9.7995
 92  28  0.0132 -0.0019  9.6900
100  28 -0.0015  0.0021 11.7943
108  28  0.0131 -0.0351 15.1553
116  28  0.0000  0.0000  9.2218
124  28  0.0021  0.0074 10.0487
132  28  0.0004  0.0070  8.7695
140  28  0.0156 -0.0016  9.2876
148  28 -0.0001  0.0011  9.4060
156  28  0.0183 -0.0001 21.7342
164  28 -0.0109 -0.0002 14.6179
172  28  0.0690  0.0027 13.7600
180  28 -0.0272  0.0003 15.5496
188  28 -0.0015 -0.0070 27.1324
196  28  0.0144 -0.0021  8.8588
204  28  0.0049 -0.0084  9.2708
212  28  0.0123  0.0026  9.8585
220  28 -0.0017  0.0177  9.8421
228  28 -0.0204 -0.0165  9.5473
236  28 -0.0052 -0.0019  9.0663
244  28  0.0000  0.0000  9.4684
252  28  0.0000 -0.0000  9.1645
260  28  0.0058  0.0068 16.3035
268  28  0.0016  0.0062 14.1635
276  28 -0.0083  0.0118 20.2687
284  28 -0.0111  0.0014 18.1667
292  28  0.0000  0.0000 12.1404
  4  36  0.0000  0.0000  7.5696
 12  36 -0.0152 -0.0011  7.9588
 20  36  0.0036 -0.0195  6.8317
 28  36  0.0147 -0.1569  5.9787
 36  36 -0.1383  0.0115  6.8257
 44  36 -0.1156 -0.0428  5.7287
 52  36 -0.0695 -0.2228  7.3288
 60  36  0.0000  0.0000  8.4696
 68  36  0.0029 -0.0169  8.0701
 76  36 -0.0155 -0.0165  9.3360
 84  36  0.0000  0.0000 13.6955
 92  36  0.0000 -0.0064 11.5200
100  36 -0.0030  0.0354  9.2848
108  36  0.1012 -0.0255  7.2787
116  36  0.0264  0.0596  8.2524
124  36  0.0000  0.0000  7.5746
132  36  0.0000  0.0000  0.0000
140  36  1.5000  0.0000  8.2581
148  36  0.0474 -0.0318 14.3995
156  36  0.0005  0.0078 12.3521
164  36 -0.0235  0.0030 11.5907
172  36 -0.0008 -0.0255 23.7624
180  36 -0.0127 -0.0031 11.8521
188  36  0.0035  0.0009 12.4834
196  36 -0.1012 -0.0089 11.5656
204  36  0.0000  0.0000 15.4368
212  36  0.0000  0.1397 11.0345
220  36 -0.0070 -0.1846 11.5091
228  36  0.0000  0.3309 10.5785
236  36  0.2689 -0.0419  9.7710
244  36  0.0000  0.0000 10.8982
252  36  0.0000  0.0000 13.7993
260  36  0.0000  0.0000  8.4696
268  36  0.0000  0.0000 11.0903
276  36  0.0000  0.0000  9.8611
284  36 -0.0134 -0.1851  8.1860
292  36 -0.0641  0.1226  8.8094
  4  44  0.0000  0.0000 13.8188
 12  44  0.0000  0.0000  9.4208
 20  44  0.0000  0.0000 11.9585
 28  44  0.0000  0.0000 15.4368
 36  44  0.1216  0.1318 13.6536
 44  44 -0.0117 -0.0135 11.9161
 52  44  0.0000  0.0000 10.3707
 60  44 -0.1140 -0.0424  8.5818
 68  44 -0.0367  0.0780  8.5648
 76  44  0.0000  0.0000  7.4054
 84  44  0.1057  0.0000 11.6507
 92  44  0.1556  0.0000 12.2969
100  44  0.0000  0.0000 11.1304
108  44  0.0000  0.0000 11.1304
116  44  0.0000  0.0000 10.9491
124  44 -0.0913  0.2044 18.7317
132  44  2.5000  0.0000  8.8276
140  44  0.0000  0.0000  0.0000
148  44 -0.0287 -0.2662  8.5530
156  44  0.0043 -0.0109 17.8050
164  44  0.0085  0.0011 10.0563
172  44 -0.0034  0.0138 10.5019
180  44 -0.0038 -0.0017 10.2286
188  44  0.0000  0.0000 15.9973
196  44  0.0167 -0.0874  8.1619
204  44 -0.0796 -0.1641  8.7517
212  44  0.0000  0.0000  7.9667
220  44  0.0913 -0.3010  7.8200
228  44 -0.0446 -0.0045 11.8234
236  44  0.0000  0.0000 10.6057
244  44  0.0000  0.0000 12.1260
252  44  0.0000  0.0000 17.6698
260  44  0.0000  0.0000 13.8188
268  44 -0.0364  0.2387 11.3832
276  44  0.0000  0.0000 13.8188
284  44 -0.1000 -0.2037  7.3977
292  44  0.0000  0.0000 11.4523
  4  52  0.0000  0.0000  8.9446
 12  52  0.0000  0.0000  8.7453
 20  52  0.2041  0.0155  7.0189
 28  52  0.0000  0.0000 12.5445
 36  52  0.0000  0.0000 17.0667
 44  52  0.0000  0.0000  0.0000
 52  52  0.0000  0.0000  0.0000
 60  52  0.0000  0.0000  0.0000
 68  52  0.0000  0.0000 11.1304
 76  52  0.0000  0.0000 16.1088
 84  52  0.0000  0.0000 11.1304
 92  52  0.0000  0.0000 12.0628
100  52  0.0000  0.0000 11.1304
108  52  0.0000  0.0000 11.1304
116  52  0.0000  0.0000 16.1088
124  52  0.1117 -1.6341 11.3031
132  52     NaN     NaN  5.4468
140  52  0.0000  0.0000 22.2609
148  52  0.0000  0.0000  5.8720
156  52  0.0020 -0.0164 16.8933
164  52  0.0053  0.0007 15.5606
172  52 -0.0145  0.0017 10.2805
180  52  0.0038 -0.0001 14.7409
188  52  0.0000  0.0000 16.5311
196  52  0.0000  0.0000  9.9001
204  52  0.0000  0.0000 19.4783
212  52 -0.0573  0.3320 12.3286
220  52  0.0672 -0.0361 14.4477
228  52  0.0147 -0.0302 14.9065
236  52  0.0000  0.0000 13.3851
244  52  0.0000  0.0000 10.8982
252  52 -0.0045  0.0640 13.4687
260  52 -0.0000  0.0000 12.7607
268  52 -0.0145 -0.1321 10.6586
276  52  0.0000  0.0000 10.3725
284  52  0.0000  0.0000 15.9971
292  52  0.0972  0.1521 10.3270
  4  60  0.0000  0.0000  0.0000
 12  60  0.0000  0.0000 11.1304
 20  60  0.0000  0.0000  0.0000
 28  60  0.0000  0.0000  0.0000
 36  60  0.0000  0.0000  0.0000
 44  60  0.0000  0.0000  0.0000
 52  60  0.0000  0.0000  0.0000
 60  60  0.0000  0.0000  0.0000
 68  60  0.0000  0.0000  0.0000
 76  60  0.0000  2.5000  8.8276
 84  60  0.0000  0.0000  0.0000
 92  60  0.0000  0.0000 15.5009
100  60  0.0000  0.0000 16.1088
108  60  0.0000  0.0000  9.4815
116  60  0.0000  0.0000  0.0000
124  60  0.0000  0.0000 17.2183
132  60  0.0000  0.0000  0.0000
140  60  0.0000  0.0000 12.8622
148  60  0.0000  0.0000  6.6951
156  60  0.0000  0.0000  8.3598
164  60  0.0079 -0.0005  8.3953
172  60  0.0000  0.0000  8.3240
180  60  0.0000  0.0000  7.4728
188  60  0.0000  0.0000  7.0992
196  60 -0.0240 -0.0085  8.3422
204  60  0.0000 -0.3764  7.3143
212  60 -0.0364 -0.2387 11.3832
220  60  0.0000  0.0000  9.2086
228  60  0.2907  1.6239  7.4662
236  60  0.3329 -0.0842  7.1879
244  60  0.0824  0.2461  8.5976
252  60  0.0000  0.0000  8.5951
260  60 -0.0051 -0.2361 10.3218
268  60  0.0000  0.0000 10.8982
276  60  0.0772 -0.1135 10.8077
284  60 -0.2330  0.0505 10.8330
292  60  0.0224 -0.1205  7.5000
  4  68  0.0000  0.0000  0.0000
 12  68  0.0000  0.0000 11.1304
 20  68  0.0000  2.5000  8.8276
 28  68  0.0000  0.0000  0.0000
 36  68  0.0000  0.0000  0.0000
 44  68  0.0000  0.0000 11.1304
 52  68  0.0000  0.0000  0.0000
 60  68  0.0000  0.0000 11.1304
 68  68  0.0000  0.0000  0.0000
 76  68 -0.3290 -2.8274  8.0000
 84  68 -0.0272 -0.0238 11.1899
 92  68  0.2022 -0.0268 13.4470
100  68  0.0000  0.0000 21.6135
108  68  0.0000  0.0000 16.6957
116  68  0.0000  0.0000  9.7047
124  68  0.0000  0.0000 16.6957
132  68  0.0000  0.0000 11.1304
140  68  2.5000  0.0391  9.3822
148  68 -0.1937  0.0000 12.5685
156  68  0.0000  0.0000 11.1304
164  68  0.0000  0.0000 11.1304
172  68  0.0000  0.0000 11.0903
180  68  0.0000  0.0000 11.9011
188  68  0.0000  0.0000 22.2609
196  68  0.0000  0.0000 12.0342
204  68  0.0000  0.0000 16.1088
212  68  0.0000  0.0000 16.1088
220  68  0.0000  0.0000 11.1304
228  68  0.0000  0.0000 11.1304
236  68  0.0000  0.0000  0.0000
244  68  0.0000  0.0000 19.1045
252  68  0.0000  0.0000  0.0000
260  68  0.0000  0.0000 16.1088
268  68  0.0000  0.0000 16.1088
276  68  0.0000  0.0000 11.9011
284  68  0.0856 -0.1615  9.2840
292  68  0.0000  0.0000 14.0146
  4  76  0.0000  0.0000 11.1304
 12  76  0.0000  0.0000 11.1304
 20  76  0.0000  0.0000  0.0000
 28  76  0.0000  0.0000 11.1304
 36  76  0.0000  0.0000  0.0000
 44  76  0.0000  0.0000 19.4783
 52  76 -0.1165 -0.2444  8.7428
 60  76  0.0000  0.0000  0.0000
 68  76  0.0000  0.0000 16.4760
 76  76  0.0000  0.0000  7.4054
 84  76  0.0000  0.0000  8.6165
 92  76  0.0000  0.0000 13.8651
100  76  0.0000  0.0000 20.7059
108  76  0.0000  0.0000 11.1304
116  76 -0.5000  0.0000  8.8276
124  76  2.1763  0.0612  8.3212
132  76  0.0000  0.0259 13.4737
140  76  0.0000  0.0000 11.9011
148  76  0.1030  0.0252 13.0803
156  76 -0.2076  0.0667  9.6020
164  76 -0.0714  0.0357  8.6178
172  76  0.0000  0.0000 11.1304
180  76  0.0000  0.0000 11.1304
188  76  0.0000  0.0000 19.4783
196  76  0.0000  0.0000 20.7059
204  76  0.0000  0.0000  0.0000
212  76  0.0000  0.0000  0.0000
220  76  0.0000  0.0000  0.0000
228  76  0.0000  0.0000  0.0000
236  76  0.0000  0.0000 11.1304
244  76  0.0000  0.0000  8.4768
252  76  0.0000  1.5000  8.2581
260  76  0.0000  0.0000 12.5902
268  76  0.0000  0.0000 11.1304
276  76  0.0000  0.0000 11.1304
284  76  0.0000  0.0000 12.0628
292  76  0.0983  0.6879  9.3209
  4  84  0.0000  0.0000  0.0000
 12  84  0.0000  0.0000  0.0000
 20  84  0.0000  0.0000 11.1304
 28  84  0.1796 -0.2415  9.1913
 36  84  1.5000 -0.0812 10.1857
 44  84  0.0000 -0.1960 11.1304
 52  84 -0.0579  0.2001 13.7634
 60  84  0.0000  0.0000 10.9531
 68  84  0.0000  0.0000  8.7491
 76  84  0.2379  0.2990 13.4661
 84  84  0.0000  0.0000  8.0096
 92  84 -0.5000 -0.0920  9.1133
100  84  0.0000  0.0000 11.1304
108  84  0.0000  0.0000  0.0000
116  84  0.0000  0.0000 11.1304
124  84  0.0000  0.0000  8.4768
132  84  0.0000  0.0000 11.1304
140  84  0.0000  0.0000 11.1304
148  84  0.0000  0.0000  9.4025
156  84  0.0000  0.0000  0.0000
164  84  0.0000  0.0000 11.1304
172  84  0.0000  0.0000 11.1304
180  84  0.0000  0.0000 16.1088
188  84  0.0000  0.0000  0.0000
196  84  0.0000  0.0000  0.0000
204  84  0.0000  0.0000  0.0000
212  84  0.0000  0.0000  0.0000
220  84  2.5000  0.1588 10.5785
228  84  0.0000  0.0000  0.0000
236  84  0.0000  0.0000  0.0000
244  84  0.0000  0.0000  0.0000
252  84  0.0000  0.0000  0.0000
260  84  0.0000  0.0000 11.1304
268  84  0.0000  0.0000 16.1088
276  84  0.0000  0.0000  8.2581
284  84  0.0000  0.0000 16.1088
292  84  0.0000  0.0000 11.1304
  4  92  0.0000  0.0000  0.0000
 12  92  0.0000  0.0000  0.0000
 20  92  0.0000  0.0000 19.1387
 28  92 -0.0811 -0.0174  9.4815
 36  92 -0.3468 -0.9028  8.6551
 44  92  0.0000  0.0000 16.1088
 52  92  2.5000  0.0000  8.8276
 60  92  0.0000  0.0000  7.8168
 68  92  0.0582 -0.0020 16.0074
 76  92 -0.0913  0.0239 11.5459
 84  92 -0.2449 -0.0184  9.3359
 92  92 -0.1363 -0.1596 11.6600
100  92  0.0000  0.0000 12.0628
108  92 -0.2076  0.0667  9.6020
116  92  0.0000  0.0000 16.1088
124  92 -0.5000  0.0000  8.8276
132  92  0.0000  0.0000 11.1304
140  92  0.0000  0.0000 16.1088
148  92  0.0000  0.0000 16.1088
156  92  0.0000  0.0000  0.0000
164  92  0.0000  0.0000 11.1304
172  92  0.0000  0.0000  0.0000
180  92  0.0000  0.0000  0.0000
188  92  0.0000  0.0000  0.0000
196  92  0.0000  0.0000  0.0000
204  92  0.0000  0.0000 16.1088
212  92  0.0000  0.0000 11.1304
220  92  0.0000  0.0000 16.1088
228  92 -0.3139 -2.0000  8.5483
236  92  0.0000  0.0000 22.2609
244  92  0.0000  0.0000 11.1304
252  92  0.0000  0.0000 11.1304
260  92  0.0000  0.0000 11.1304
268  92  0.0000  0.0000  0.0000
276  92  0.0000  0.0000  0.0000
284  92  0.0000  2.5000  8.8276
292  92  0.0000  0.0000  0.0000
  4 100  0.0582  0.0858 19.5651
 12 100  2.8288 -0.0521 10.1243
 20 100  0.3145  0.0000  9.1653
 28 100  0.0000  0.0000  9.0957
 36 100 -1.3070 -0.0337 12.4709
 44 100  0.0000  0.0000  0.0000
 52 100  0.0000  0.0000  0.0000
 60 100  0.0000  0.0000  9.1822
 68 100  0.0000  0.0000  7.4054
 76 100  0.0000  2.5000  8.8276
 84 100  0.0000  2.5000  8.8276
 92 100  0.0000  0.0000 17.0667
100 100  0.2776 -0.1355  9.3411
108 100  0.0000  0.0000 16.1088
116 100  0.0000  0.0000 11.1304
124 100  0.3321  0.1276 10.3409
132 100  0.0000  0.0000 11.9011
140 100  0.0000  0.0000 12.0628
148 100  0.0000  0.0000 16.1088
156 100  0.0000  0.0000 16.1088
164 100  0.0000  0.0000 11.1304
172 100  0.0000  0.0000 11.1304
180 100  0.0000  0.0000 16.1088
188 100  0.0000  0.0000 11.1304
196 100  0.0000  0.0000 11.1304
204 100  0.0000  0.0000  0.0000
212 100  0.0000  0.0000  0.0000
220 100  0.0000  0.0000 11.1304
228 100  0.0000  0.0000 16.1088
236 100  0.0000  0.0000  8.0000
244 100 -0.2170  0.3673  9.0404
252 100  0.0000 -0.0535 10.0787
260 100  0.0000  0.0000  0.0000
268 100  0.0000  2.5000  8.8276
276 100  0.0000  0.0000  0.0000
284 100  0.0000  0.0000 11.1304
292 100  0.0000  0.0000  0.0000
  4 108 -0.1174  1.0000  5.2483
 12 108  0.0000  0.0000 16.9590
 20 108  0.0462  0.0000 10.3784
 28 108  0.0000  0.0000  7.2880
 36 108  2.5000 -0.1588 10.5785
 44 108 -2.8274 -0.3035  7.6077
 52 108  0.0000  0.0000  0.0000
 60 108  0.0000  0.0000  0.0000
 68 108  0.0000  0.0000  0.0000
 76 108  0.0000  0.0000  0.0000
 84 108  0.0000  0.0000  0.0000
 92 108  0.0000  0.0000 16.1088
100 108  0.2633 -0.0317  7.4064
108 108  0.0000  0.0000 12.0455
116 108  0.0000  0.0000  0.0000
124 108  0.0000  0.0000  0.0000
132 108  0.0000  0.0000 11.1304
140 108  0.0000  0.0000  0.0000
148 108  0.0000  0.0000 11.1304
156 108  1.0000  0.0000  9.2850
164 108  0.0000  0.0000 11.1304
172 108  0.0000  0.0000 16.1088
180 108  0.0000  0.0000 11.1304
188 108  0.0000  0.0000  0.0000
196 108  0.0000  2.5000  8.8276
204 108  0.0000  0.0000  0.0000
212 108  0.0000  0.0000 11.1304
220 108  0.0000  0.0000  0.0000
228 108  0.0000  0.0000  0.0000
236 108  2.5000  0.0000  8.8276
244 108  0.0000  0.0000 11.1304
252 108  0.0000  0.0000 13.7892
260 108  1.5000 -0.5000  6.5641
268 108  0.0000  0.0000  0.0000
276 108  0.0000  2.5000  8.8276
284 108  0.0000  0.0000  0.0000
292 108  0.0000  0.0000  0.0000
  4 116  0.0000  0.0000 20.7059
 12 116  4.5000 -2.8197  9.8462
 20 116  0.0000  0.0000 16.1088
 28 116  0.2907 -0.0403 10.5761
 36 116  0.0000  0.0000 20.7059
 44 116  0.0000  0.0000 11.1304
 52 116  0.0000  0.0000  0.0000
 60 116  0.0000  0.0000 16.1088
 68 116  0.0000  0.0000  0.0000
 76 116  0.2313  0.1417 17.2212
 84 116  0.0000  1.5646  7.4854
 92 116  0.2320  0.1350  7.6980
100 116  0.0000  0.0000 17.0667
108 116 -0.1556  0.0000 12.2969
116 116 -0.1960  2.5000 11.1304
124 116  0.0000  0.0000 17.0667
132 116  0.0000  0.0000 11.1304
140 116  0.1151  0.1151 16.5161
148 116  0.0000  0.0000 11.1304
156 116 -1.0000  0.0000  9.2850
164 116  0.0000  0.0000  0.0000
172 116  0.1353  0.1326  7.3628
180 116  0.0000  0.0000  0.0000
188 116  0.0000  0.0000 11.1304
196 116  0.0000  0.0000  0.0000
204 116  0.0000  0.0000  0.0000
212 116  0.0000  0.0000  0.0000
220 116  0.0000  0.0000  0.0000
228 116  0.0000  0.0000 11.1304
236 116  0.0000  0.0000 11.1304
244 116  0.0000  0.0000 11.1304
252 116  0.0000  0.0000  0.0000
260 116  0.0000  0.5000  8.0688
268 116  0.0000  0.0000 16.1088
276 116  0.0000  0.0000 16.1088
284 116  0.0000  0.0000 11.1304
292 116  0.0000  0.0000  0.0000
  4 124  0.4043  0.4043  8.0000
 12 124  0.0000 -0.1960 11.1304
 20 124 -0.1151 -0.1151 16.5161
 28 124  0.0000  0.0000  0.0000
 36 124  0.0000  0.0000 12.0455
 44 124  0.0000  0.0000  0.0000
 52 124  0.0000  0.0000 11.1304
 60 124  0.0000  0.0000 11.1304
 68 124  0.0000  2.5000  8.8276
 76 124 -0.4043 -0.4043  8.0000
 84 124  0.0000  0.0000  0.0000
 92 124  0.0000  0.0000  0.0000
100 124  0.0000  0.0000 11.1304
108 124  0.0000  0.0000 12.0455
116 124  0.0000  0.0000 19.1045
124 124 -0.1014 -0.0633 14.0729
132 124  0.0000  0.0000 12.0628
140 124 -0.1841  0.0418 12.3683
148 124  0.0000  0.0000 11.1304
156 124 -0.5000 -0.1588 10.5785
164 124 -0.1656 -0.0786 10.7522
172 124  0.0000  0.0000 13.5576
180 124  0.0000  0.0000  0.0000
188 124  0.0000  0.0000 11.1304
196 124  0.0000  0.0000  0.0000
204 124  0.0000  0.0000  0.0000
212 124  0.0000  0.0000  0.0000
220 124  0.0000  0.0000 11.1304
228 124  0.0000  0.0000 11.1304
236 124  0.0000  0.0000 11.1304
244 124  0.0000  0.0000 11.1304
252 124  0.0000  0.0000 11.1304
260 124  0.0000  0.0000  0.0000
268 124  0.2571 -0.1311  7.2040
276 124  0.0000  0.0000  9.4928
284 124  0.0000  0.0000 12.5902
292 124  0.0000  0.0000  0.0000
  4 132  0.0000  0.0000 12.0455
 12 132  0.0000  0.0000  0.0000
 20 132  0.0000  0.0000  0.0000
 28 132 -0.1927  0.0788 17.1842
 36 132  0.0000  0.0000  8.0000
 44 132  0.0000  0.0000  0.0000
 52 132  0.0000  0.0000 11.1304
 60 132  0.0000  0.0000 11.1304
 68 132  0.0000  0.0000 16.1088
 76 132  0.5000  0.0000  8.4768
 84 132  0.0000  0.0000  0.0000
 92 132  0.0000  0.0000  0.0000
100 132  0.0000  0.0000 11.1304
108 132  0.0000  0.0000 12.0628
116 132 -0.0311 -0.5000 12.5049
124 132 -0.2049 -0.3025  7.8769
132 132  0.0000  0.0000  0.0000
140 132  0.0000  0.0000  0.0000
148 132  0.0000  0.0000 16.1088
156 132  0.0000  0.0000  0.0000
164 132  0.0000  0.0000  8.0688
172 132  0.0000  0.0000 11.1304
180 132  0.0000  0.0000 11.1304
188 132  0.0000  0.0000 11.1304
196 132  0.0000  0.0000  0.0000
204 132  0.0000  0.0000  0.0000
212 132  0.0000  0.0000 11.1304
220 132  2.5000  0.0000  8.8276
228 132  0.0000  0.0000  0.0000
236 132  0.0000  0.0000  0.0000
244 132  0.0000  0.0000  0.0000
252 132  0.0000  0.0000 11.1304
260 132  0.0000  0.0000  0.0000
268 132 -0.0920 -0.1667  8.5333
276 132  0.0000  0.0000  8.6755
284 132 -0.1550 -0.0300 17.4545
292 132  0.0000  0.0000  0.0000
  4 140  0.0000  0.0000  0.0000
 12 140  0.0000  0.0000  0.0000
 20 140  0.1146  0.0101 17.4161
 28 140  0.0000  0.0000  7.4054
 36 140  0.0000  0.0000 16.1088
 44 140  0.0000  0.0000  0.0000
 52 140  0.0000  0.0000  0.0000
 60 140  0.0000  0.0000 12.0628
 68 140  0.0000  0.0000 11.1304
 76 140  0.0000  0.0000  0.0000
 84 140  0.0000  0.0000  0.0000
 92 140  0.0000  0.0000  0.0000
100 140  0.0000  0.0000 11.1304
108 140  0.0000  0.0000  9.4948
116 140 -0.0686  0.0124  8.7775
124 140  0.0000  0.0000 16.1088
132 140  0.0000  0.0000  0.0000
140 140  0.0000  0.0000 11.1304
148 140  0.0000  0.0000  0.0000
156 140  0.0000  0.0000  0.0000
164 140  0.0000  0.0000 16.1088
172 140  0.8207  0.1960  6.8449
180 140  0.1960 -0.5000 11.1304
188 140  0.0000  0.0000  0.0000
196 140  0.0000  0.0000  0.0000
204 140  0.0000  0.0000  0.0000
212 140  0.0000  0.0000  0.0000
220 140  0.0000  0.0000  0.0000
228 140  0.0000  0.0000  0.0000
236 140  0.0000  0.0000 11.1304
244 140  0.0000  0.0000 11.1304
252 140  0.0000  0.0000 11.1304
260 140  0.0000  0.0000  0.0000
268 140  0.0000  0.0000  0.0000
276 140  0.0000  0.0000 11.1304
284 140  0.0000  0.0000 11.1304
292 140  0.0000  0.0000  0.0000
  4 148  0.0000  0.0000  0.0000
 12 148  2.5000  0.0000  8.8276
 20 148  0.0000  0.0000 16.1088
 28 148  0.0000  0.0000  0.0000
 36 148  0.0000  0.0000 11.1304
 44 148  0.0000  0.0000 11.1304
 52 148  0.0000  0.0000  0.0000
 60 148  0.0698 -0.2911 10.5124
 68 148  0.0000  0.0000 11.1304
 76 148  0.0000  0.0000  0.0000
 84 148  0.0000  0.0000  0.0000
 92 148  0.0000  0.0000  0.0000
100 148 -0.5000  0.0000  8.8276
108 148  0.0000  0.0000 11.1304
116 148  0.0000  0.0000 16.1088
124 148  0.0000  0.0000  0.0000
132 148  0.0000  0.0000  0.0000
140 148  0.0000  0.0000 16.1088
148 148  0.0000  0.0000  0.0000
156 148  0.0000  0.0000  0.0000
164 148  0.0000  0.0000 11.1304
172 148  0.0000  0.0000 11.1304
180 148  0.1180  2.5000  9.2850
188 148  0.0000  0.0000  0.0000
196 148  0.0000  0.0000  0.0000
204 148  0.0000  0.0000  0.0000
212 148  0.0000  0.0000  0.0000
220 148  0.0279  0.1007 14.4013
228 148 -0.4043  0.4043  8.0000
236 148  0.0000  0.0000  0.0000
244 148  1.5000  0.0000  8.2581
252 148  0.0000  0.0000  0.0000
260 148  0.0000  0.0000 16.1088
268 148  0.0000  0.0000  0.0000
276 148  0.0000  0.0000 11.1304
284 148  0.0000  0.0000 16.1088
292 148  0.0000  0.0000 11.1304
  4 156  0.0000  0.0000  0.0000
 12 156  0.0000  0.0000  0.0000
 20 156  0.0000  0.0000 16.1088
 28 156  0.0000  0.0000  0.0000
 36 156  0.0000  0.0000  0.0000
 44 156  0.0000  0.0000  0.0000
 52 156 -0.0203  0.1804 15.3082
 60 156  0.0000  0.0000 16.1088
 68 156  0.0000  0.0000  0.0000
 76 156  0.0000  0.0000  0.0000
 84 156  0.0000  0.0000  0.0000
 92 156  0.0000  0.0000  0.0000
100 156  0.0000 -0.5000  8.8276
108 156  0.0000  0.0000  0.0000
116 156  0.0000  0.0000 11.1304
124 156  0.0000  0.0000  0.0000
132 156  0.0000  0.0000 11.1304
140 156  0.0000  0.0000  0.0000
148 156  0.0000  0.0000  0.0000
156 156  0.0000  0.0000  0.0000
164 156  0.0000  0.0000 11.1304
172 156 -0.3468 -1.0000 10.2045
180 156  1.5000  0.0000  8.2581
188 156  0.0000  0.0000  0.0000
196 156  0.0000  0.0000  0.0000
204 156  0.0000  0.0000  0.0000
212 156  0.0000  0.0000 11.1304
220 156  1.5000  2.5000  7.4357
228 156  0.0000  0.0000  0.0000
236 156 -0.5000  0.1588 10.5785
244 156  0.1546 -0.0660 18.6254
252 156  0.0000  0.0000  0.0000
260 156  0.0000  0.0000 11.1304
268 156  0.0000  0.0000 16.1088
276 156  0.0000  0.0000  0.0000
284 156  0.1960  0.0000 11.1304
292 156  0.0000  0.0000  0.0000
  4 164 -0.5000 -0.1781 11.6846
 12 164  0.0000 -0.0548  9.9740
 20 164  1.0000  0.0000  8.2581
 28 164  0.0000  0.0000  0.0000
 36 164  0.0000  0.0000  0.0000
 44 164  0.0000  2.5000  8.8276
 52 164 -0.4043 -0.4043  8.0000
 60 164  0.0000  0.0000 11.1304
 68 164  0.0000  0.0000  0.0000
 76 164  0.0000  0.0000  0.0000
 84 164  0.0000  0.0000 11.1304
 92 164  0.0000  0.0000  0.0000
100 164  0.0000  0.0000 11.1304
108 164  0.0000  0.0000 11.1304
116 164  0.0000  0.0000  0.0000
124 164  0.0000  0.0000  0.0000
132 164  0.0000  0.0000  0.0000
140 164  0.0000  0.0000 16.1088
148 164  0.0000  0.0000  0.0000
156 164  0.0000  0.0000  0.0000
164 164  0.0000  0.0000 16.1088
172 164  0.0698  0.2911 10.5124
180 164  0.0000  0.0000  0.0000
188 164  0.0000  0.0000  0.0000
196 164  0.0000  0.0000  0.0000
204 164  0.0000  0.0000  0.0000
212 164  0.0000  0.0000  0.0000
220 164  0.0000  0.0000 11.1304
228 164  0.0000  2.5000  8.8276
236 164  0.0000  0.0000  0.0000
244 164  0.0000  0.0000 11.1304
252 164 -0.5000 -0.0448  8.9013
260 164  0.0000  0.0000  0.0000
268 164  0.0000  0.5000  8.0688
276 164  0.0000  0.0000 16.1088
284 164  0.0000  0.0000  0.0000
292 164  0.0000  0.0000 16.1088
  4 172  0.0000  0.0000  0.0000
 12 172  0.0000  0.0000 13.0803
 20 172  0.0000  0.0000 11.1304
 28 172  0.0000  0.0000  0.0000
 36 172  0.0000  0.0000  0.0000
 44 172 -0.0203  0.1804 15.3082
 52 172  0.0000  0.0000  0.0000
 60 172  0.0000  0.0000  0.0000
 68 172  0.0000  0.0000 11.1304
 76 172 -0.5000  0.0000  8.8276
 84 172  0.0000  0.0000  0.0000
 92 172  0.0000  0.0000 11.1304
100 172  0.0000  0.0000  0.0000
108 172  0.0000  0.0000 11.1304
116 172  0.0000  0.0000  0.0000
124 172  0.0000  0.0000  0.0000
132 172  0.0000  0.0000  0.0000
140 172  0.0000  0.0000 11.1304
148 172  0.0000  0.0000 11.1304
156 172  0.0000  0.0000 16.1088
164 172  2.5000  0.0000  8.8276
172 172  0.0000  0.0000 11.1304
180 172  0.0000  0.0000 16.1088
188 172  0.0000  0.0000 11.1304
196 172  0.0000  0.0000 11.1304
204 172  0.0000  0.0000  0.0000
212 172  0.0000  0.0000  0.0000
220 172  0.0000  0.0000 11.1304
228 172 -0.1172 -0.0421 12.8263
236 172  0.0000  0.0000  0.0000
244 172 -0.3732  0.3694 10.3318
252 172  0.0000  0.0000 11.1304
260 172  0.0000  0.0000  0.0000
268 172  0.0000  0.0000 11.1304
276 172  0.0000  0.0000 11.1304
284 172  0.0000  0.1960 11.1304
292 172  0.0000  0.0000 20.7059
  4 180  0.0000  0.0000  0.0000
 12 180  0.0000  0.0000 11.1304
 20 180  0.0000  0.0000 11.9011
 28 180 -2.8274 -0.3035  7.6077
 36 180  0.0000  0.0000 16.6957
 44 180  0.0000  0.0000  8.0000
 52 180  0.0000  0.0000 11.1304
 60 180  0.0000  0.0000  0.0000
 68 180  0.0000  0.0000  0.0000
 76 180  0.0000  0.0000 16.1088
 84 180  0.0000  0.0000  0.0000
 92 180  0.0000  0.0000  0.0000
100 180  0.0000  0.0000 11.1304
108 180  0.0000  0.0000 11.1304
116 180  0.0000  0.0000  0.0000
124 180  0.0000  0.0000 11.1304
132 180  0.0000  0.0000  0.0000
140 180  0.0000  0.0000  0.0000
148 180  0.0000  0.0000 11.1304
156 180 -0.1995  0.2936  7.6358
164 180  0.0544  0.0905 12.2449
172 180  0.0000  0.0000 12.0628
180 180  0.0000  0.0000 16.1088
188 180  0.0000  0.0000  0.0000
196 180  0.0000  0.0000 17.0667
204 180  0.0000  0.0000 11.1304
212 180  0.0000  0.0000  0.0000
220 180 -0.5000  0.0000  8.8276
228 180  0.6306 -0.1105 11.2757
236 180  0.0000  0.0000 16.1088
244 180  0.0000  0.0000  0.0000
252 180  0.0000  0.0000  0.0000
260 180  0.0000  0.0000  0.0000
268 180  0.0000  0.0000  0.0000
276 180  0.0000  0.0000 11.1304
284 180  0.0000  0.0000  0.0000
292 180  0.0000  0.0000  0.0000
  4 188  0.0000  0.0000 20.7059
 12 188  0.0000  0.1556 12.2969
 20 188  0.0000  0.0000 12.0628
 28 188  0.0000 -0.5000  8.8276
 36 188  0.0677 -0.2807  8.2399
 44 188  0.0000  0.0000 11.1304
 52 188  0.0000  0.0000 11.1304
 60 188  0.0000  0.0000  0.0000
 68 188  0.0000  0.0000 11.1304
 76 188  0.0000  0.0000  0.0000
 84 188  0.0000  0.0000  0.0000
 92 188  0.0000  0.0000 11.1304
100 188  0.0000  0.0000 11.1304
108 188  0.0000  0.0000  0.0000
116 188  0.0000  0.0000  0.0000
124 188  0.0000  0.0000  0.0000
132 188  0.0000  0.0000  0.0000
140 188  0.0000  0.0000 11.1304
148 188  0.0000  0.0000  0.0000
156 188  0.0000  0.0000  0.0000
164 188  0.1025  0.0173  7.8749
172 188  0.0000  0.0000  0.0000
180 188  0.0000  0.0000  0.0000
188 188  0.0000  0.0000  0.0000
196 188  0.0000 -0.5000  8.8276
204 188  0.0000  0.0000 11.1304
212 188  0.0000  0.0000  0.0000
220 188  0.0000  0.0000  0.0000
228 188  0.0000  0.0000  0.0000
236 188 -0.5000 -0.1588 10.5785
244 188  0.0000  0.0000  0.0000
252 188  0.0000  0.0000  0.0000
260 188  0.0000  0.0000  0.0000
268 188  0.0000  0.0000  0.0000
276 188  0.0000  0.0000  0.0000
284 188  0.0000  0.0000  0.0000
292 188  0.0000  0.0000  0.0000
  4 196 -0.1008  0.0843 14.9901
 12 196  0.0000  0.0000 16.1088
 20 196  0.0000  0.0000  0.0000
 28 196  0.0000  0.0000 16.1088
 36 196  0.0000  0.0000 22.2609
 44 196  0.0000  0.0000 16.1088
 52 196  0.0000  0.0000  0.0000
 60 196  0.0000  0.0000  0.0000
 68 196  0.0000  0.0000 11.1304
 76 196  0.0000  0.0000  0.0000
 84 196  0.0000  0.0000  0.0000
 92 196  0.0000  0.0000  0.0000
100 196  0.0000  0.0000  0.0000
108 196  0.0000  0.0000  0.0000
116 196  0.0000  0.0000 11.1304
124 196  0.0000  0.0000 11.1304
132 196  0.0000  0.0000  0.0000
140 196 -1.3070 -0.0337 12.4709
148 196  0.0000  0.0000  0.0000
156 196  0.0000  0.0000  0.0000
164 196 -0.2180  0.2184  9.1151
172 196  0.0000  0.0000  0.0000
180 196  0.0000  0.0000 11.1304
188 196  0.0000  0.0000  0.0000
196 196  0.0000  0.0000 11.1304
204 196  0.0000  0.0000 11.1304
212 196  0.0000  0.0000  0.0000
220 196  0.0000  0.0000  0.0000
228 196  0.0000  0.0000 11.1304
236 196  0.0000  0.0000 11.1304
244 196  0.0000  0.0000 16.1088
252 196  0.0000  0.0000  0.0000
260 196  0.0000  0.0000  0.0000
268 196  0.0000  0.0000  0.0000
276 196  0.0000  0.0000  0.0000
284 196  0.0000  0.0000  0.0000
292 196  0.0000  0.0000 17.0667
  4 204  0.0000  0.0000  0.0000
 12 204  0.0418  0.1521 12.6567
 20 204  0.0000  0.0000 11.1304
 28 204  0.0000  0.0000  0.0000
 36 204  0.0000  0.0000 16.1088
 44 204  0.0000  0.0000  0.0000
 52 204  0.0000  0.0000 11.1304
 60 204  0.0000  0.0000 16.1088
 68 204  0.0000  0.0000 11.1304
 76 204  0.0000  0.0000  0.0000
 84 204  0.0000  0.0000 11.1304
 92 204  0.0000  0.0000 11.1304
100 204  0.0000  0.0000 11.1304
108 204 -0.4043  0.4043  8.0000
116 204  0.0000  0.0000  0.0000
124 204  0.0000  0.0000 11.1304
132 204  0.0000  0.0000  0.0000
140 204  0.0000  0.0000  0.0000
148 204  0.0000  0.0000  0.0000
156 204  0.0000  0.0000  0.0000
164 204  0.0000  0.0000  7.1968
172 204  0.0000  0.0000  0.0000
180 204  0.0000  0.0000 11.1304
188 204  0.0000  0.0000  0.0000
196 204  0.0000  0.0000  0.0000
204 204  0.0000  0.0000  0.0000
212 204  0.0000  2.5000  8.8276
220 204  0.0000  0.0000  0.0000
228 204  0.0000  0.0000  0.0000
236 204  0.0000  0.0000  0.0000
244 204  0.0000  0.0000 16.1088
252 204  2.5000  0.0000  8.8276
260 204  0.0000  0.0000 11.1304
268 204  0.0000  0.0000 11.1304
276 204  0.0000  0.0000  0.0000
284 204  0.0000  0.0000 11.1304
292 204  0.0000  0.0000  0.0000
  4 212  0.0000  0.0000 11.1304
 12 212  0.0000  0.0000 11.1304
 20 212  0.0000  0.0000 12.0628
 28 212 -0.1546  0.0660 18.6254
 36 212  2.5000 -0.1180  9.2850
 44 212  0.0000  0.0000  0.0000
 52 212  0.0000  0.0000  0.0000
 60 212  0.0000  0.0000 17.2183
 68 212  0.0000  0.0000 19.1045
 76 212  0.0000  0.0000  0.0000
 84 212  0.0000  0.0000  0.0000
 92 212  0.0000  0.0000 19.4783
100 212  0.0000  0.0000 11.1304
108 212  0.0000  0.0000  8.0000
116 212 -0.5000  0.0000  8.8276
124 212 -1.0000  0.0000  9.2850
132 212  0.0000  0.0000  0.0000
140 212  0.0000  0.0000  0.0000
148 212  0.0000  0.0000  0.0000
156 212  0.0000  0.0000  0.0000
164 212  0.0000  0.0000  8.7810
172 212  0.0000  0.0000 11.1304
180 212  0.0000  0.0000  0.0000
188 212  0.0000  0.0000  0.0000
196 212  0.0000  2.5000  8.8276
204 212  0.0000  0.0000  0.0000
212 212  0.0000  0.0000  0.0000
220 212  0.0000  0.0000  0.0000
228 212  0.0000  0.0000 11.1304
236 212  0.0000  0.0000  0.0000
244 212  0.0000  0.0000 11.1304
252 212 -0.1912  0.0000 12.4272
260 212  0.0000  0.0000  0.0000
268 212  0.0000  0.0000  0.0000
276 212  0.0000  0.0000 11.1304
284 212  0.0000  0.0000 11.1304
292 212  0.0000  0.0000 11.1304
  4 220  0.0000  0.0000 11.1304
 12 220  0.0000  0.0000 12.0455
 20 220  0.0000  0.0000  0.0000
 28 220  0.0000 -0.5000  8.8276
 36 220  2.5000  0.0000  8.8276
 44 220  0.0000  0.0000  0.0000
 52 220  0.0000  2.5000  8.8276
 60 220  0.0000  0.0000  0.0000
 68 220  4.5000  4.5000  4.0635
 76 220 -1.1838 -0.5000  7.5779
 84 220  0.0000  0.0000  0.0000
 92 220  0.0000  0.0000  0.0000
100 220  0.0000  0.0000 11.1304
108 220  2.5000 -0.5000  4.0635
116 220  0.0000  0.0000 16.9590
124 220 -1.7328  2.5000  7.8736
132 220  0.0000  0.0000  0.0000
140 220  0.0000  0.0000  0.0000
148 220  0.0000  0.0000  0.0000
156 220  0.0000  0.0000  0.0000
164 220 -1.0000  0.0000  9.2850
172 220  0.0000  2.5000  8.8276
180 220  0.0000  0.0000 11.1304
188 220  0.0000  0.0000 16.1088
196 220  0.0000  0.0000  0.0000
204 220  0.0000  0.0000  0.0000
212 220  0.0000  0.0000 11.1304
220 220  0.1960 -0.5000 11.1304
228 220  0.0000  0.0000 11.1304
236 220 -0.5000  0.0000  8.8276
244 220  1.5000  0.0448  8.9013
252 220  0.0000  0.0000 22.2609
260 220  0.0000  0.0000 11.1304
268 220  0.0000  0.0000 11.1304
276 220  0.0000  0.0000 11.1304
284 220  0.0000  0.0000  0.0000
292 220  0.0000  0.0000 16.1088
