VARIABLES= "X pix", "Y pix", "U pix/dt", "V pix/dt", "CHC", ZONE I=28, J=37
  4   4 -0.0059 -0.0046 10.5303
 12   4 -0.0097  0.0046 11.3074
 20   4 -0.0465  0.0000 10.9708
 28   4 -0.0354  0.0000 10.9708
 36   4  0.0067  0.0022 11.1952
 44   4  0.0185  0.0000 11.0456
 52   4  0.0121 -0.0123 10.9632
 60   4 -0.0086 -0.0090 10.7277
 68   4  0.0267  0.0002 10.9026
 76   4  0.0027  0.0000 10.9734
 84   4  0.0414 -0.0286 11.4352
 92   4 -0.0372  0.0002 11.8422
100   4  0.0451  0.0504 12.4327
108   4  0.0891  0.0000 13.5605
116   4  0.0980  0.0000 11.0456
124   4  0.0238  0.0000 11.0456
132   4  0.0106  0.0000 11.0456
140   4  0.0088  0.0027 11.7864
148   4  0.1224  0.0000 11.9577
156   4  0.0634  0.0000 12.0489
164   4  0.0000  0.0286 12.1954
172   4  0.0000  0.0234 10.8169
180   4 -0.0223  0.0000 11.7754
188   4  0.0000  0.0121 10.8330
196   4  0.0422  0.0024 11.8849
204   4  0.0365  0.0000 11.7754
212   4  0.0107  0.0134 11.8231
220   4  0.0347  0.0111 11.2743
228   4 -0.0485  0.0243 10.6312
236   4  0.0939  0.1467  9.2476
244   4 -0.0162  0.0095  8.8585
252   4 -0.0265  0.0000 10.6333
260   4 -0.0052 -0.0040 10.7072
268   4  0.0254 -0.0021 11.5813
276   4  0.0000  0.0446 12.0813
284   4 -0.0121  0.0000 13.0803
292   4 -0.0385  0.0000 13.5919
  4  12 -0.1125 -0.0163  9.9029
 12  12 -0.0621  0.0000 13.4242
 20  12 -0.0394  0.0000 12.7414
 28  12 -0.0012  0.0000 13.3875
 36  12  0.0280 -0.0278 15.9049
 44  12  0.0752  0.0567 13.7096
 52  12 -0.0093 -0.1550 16.0528
 60  12  0.0374 -0.0104 10.1335
 68  12  0.0188 -0.0256 19.6149
 76  12  0.1374  0.1913 11.8335
 84  12  0.0078 -0.1089  9.4658
 92  12  0.0000  0.1151  8.9642
100  12  0.0885  0.0806  9.3878
108  12 -0.0106  0.0512 10.7829
116  12 -0.0167 -0.0091 10.6540
124  12 -0.0084  0.0000 11.0356
132  12  0.0000 -0.0010 11.9263
140  12 -0.0508  0.0028 10.8796
148  12 -0.0147  0.0000 11.9483
156  12 -0.0235  0.0000 10.8619
164  12  0.0460  0.0000 13.5649
172  12  0.0124  0.0000  9.5685
180  12 -0.0046  0.0000 11.0195
188  12  0.0371  0.0000 12.6805
196  12  0.0968 -0.0011 11.0609
204  12  0.0162 -0.2374 10.2024
212  12  0.0114 -0.0500 11.7850
220  12 -0.0012  0.0902 15.3479
228  12 -0.0502  0.0000 12.2835
236  12 -0.0460  0.0000  9.2850
244  12 -0.0260  0.0000  8.3796
252  12 -0.0136  0.0000 11.1287
260  12  0.0000  0.0019 11.3621
268  12 -0.0081  0.0654 10.2533
276  12  0.0204  0.1280  8.2327
284  12 -0.0238  0.0000  8.5214
292  12 -0.0216  0.0000  8.1899
  4  20 -0.0554  0.0000 17.7347
 12  20 -0.0691  0.0000 13.8823
 20  20 -0.0324  0.0000 12.1067
 28  20  0.0393  0.0000 13.9443
 36  20  0.0000  0.0301 12.7192
 44  20 -0.0258  0.0000 12.5339
 52  20 -0.0395  0.0000 13.8313
 60  20 -0.0189 -0.0161 15.6480
 68  20  0.0241  0.0000 18.3819
 76  20  0.0415  0.0081 15.9325
 84  20 -0.0116  0.0144 14.2601
 92  20  0.0000  0.0335 13.7442
100  20  0.0101  0.0638 11.4384
108  20 -0.0251 -0.0001 11.1807
116  20  0.0070 -0.0008 14.4543
124  20  0.0160  0.0000 13.6257
132  20 -0.0236  0.0105 13.3922
140  20 -0.0037 -0.0317 13.8174
148  20 -0.0213 -0.0029 14.1958
156  20  0.0014 -0.0011 13.2937
164  20 -0.0112  0.0050 15.1020
172  20  0.0020 -0.0079 16.4801
180  20 -0.0102 -0.0035 13.5435
188  20  0.0018 -0.0124 19.3208
196  20  0.0063 -0.0078 18.8834
204  20 -0.0278  0.0000 20.6543
212  20 -0.1179 -0.0097 26.1631
220  20 -0.0369  0.0098 36.3228
228  20 -0.2111 -0.0197  8.1340
236  20 -0.1168  0.0000 14.7338
244  20 -0.0684  0.0000 12.0628
252  20  0.0140  0.0000 17.2898
260  20  0.0000  0.1537 10.8936
268  20 -0.0137 -0.0514 11.4286
276  20 -0.0060  0.0200 10.7355
284  20  0.1616 -0.0039 16.4992
292  20  0.1521  0.0000 15.4812
  4  28  0.0857  0.0000  9.9336
 12  28  0.0074  0.0062 10.1016
 20  28 -0.0309  0.0064 10.9655
 28  28 -0.0166  0.0019 10.0841
 36  28 -0.0243  0.0000 10.1726
 44  28 -0.0046  0.0260 10.1753
 52  28 -0.0289 -0.0005 10.6767
 60  28 -0.0022 -0.0053 10.1388
 68  28  0.0031  0.0008 10.6822
 76  28 -0.0032 -0.0283 10.7405
 84  28  0.0166  0.0162  9.9475
 92  28 -0.0058  0.0008  9.6544
100  28  0.0015 -0.0021 11.7943
108  28 -0.0030  0.0000 15.0705
116  28  0.0198 -0.0251  9.1637
124  28  0.0018  0.0129 10.1190
132  28 -0.0014  0.0123  8.8322
140  28 -0.0129  0.0018  9.2851
148  28  0.0001 -0.0011  9.4060
156  28 -0.0183  0.0001 21.7342
164  28  0.0109  0.0002 14.6179
172  28 -0.0690 -0.0027 13.7600
180  28  0.0272 -0.0003 15.5496
188  28  0.0015  0.0070 27.1324
196  28 -0.0144  0.0021  8.8588
204  28 -0.0117  0.0065  9.2552
212  28 -0.4137  0.0000  9.8686
220  28  0.0017 -0.0177  9.8421
228  28 -0.0006  0.0001  9.4940
236  28 -0.0001  0.0002  9.0700
244  28 -0.0120  0.0000  9.4684
252  28  0.0000 -0.0000  9.1645
260  28 -0.0183  0.0000 16.4589
268  28  0.0021  0.0038 14.2930
276  28  0.0017 -0.0012 20.4271
284  28  0.0089  0.0093 18.4869
292  28  0.0081  0.0000 12.1404
  4  36 -0.0007 -0.0242  7.5108
 12  36 -0.0752  0.0000  7.9538
 20  36  0.0117  0.0328  6.8364
 28  36 -0.0147  0.1203  6.4795
 36  36  0.0490 -0.0152  6.5052
 44  36  0.2746  0.2458  6.0952
 52  36 -0.0517 -0.0906  6.6357
 60  36 -0.0536  0.0000  8.3688
 68  36 -0.0339 -0.0062  8.2056
 76  36  0.0394 -0.0126  9.1062
 84  36  0.0321  0.0000 13.6955
 92  36  0.0000  0.0064 11.5200
100  36 -0.0713 -0.0237  9.2688
108  36 -0.0538  0.0000  7.5830
116  36 -0.0677 -0.0442  8.0198
124  36 -0.3523  0.0000  7.5746
132  36 -0.8563  0.0000  0.0000
140  36 -1.5000  0.0000  8.2581
148  36 -0.1673  0.0344 13.7263
156  36 -0.0005 -0.0078 12.3521
164  36  0.0235 -0.0030 11.5907
172  36  0.0008  0.0255 23.7624
180  36  0.0127  0.0031 11.8521
188  36 -0.0035 -0.0009 12.4834
196  36  0.1012  0.0089 11.5656
204  36  0.0372  0.0000 15.4368
212  36  0.0000 -0.1397 11.0345
220  36 -0.0265  0.0000 10.8982
228  36 -0.0976  0.0000 14.4906
236  36 -0.2689  0.0419  9.7710
244  36 -0.0996  0.0000 10.8982
252  36 -0.0251  0.0000 13.7993
260  36  0.0303  0.0000  8.4696
268  36  0.1250  0.0000 11.0903
276  36  0.0357  0.0000  9.8611
284  36  0.0134  0.1851  8.1860
292  36  0.0641 -0.1226  8.8095
  4  44  0.1459  0.0325 15.1386
 12  44  0.0722  0.0000  9.4208
 20  44  0.0514  0.0000 11.9585
 28  44  0.0875  0.0229 15.5408
 36  44 -0.0552 -0.1248 13.6086
 44  44  0.0117  0.0135 11.9161
 52  44 -0.3475  0.0000 10.3707
 60  44 -0.7323  0.0000  8.4598
 68  44 -0.7240  0.0000  8.7453
 76  44  0.0146  0.1679  7.0644
 84  44 -0.0612 -0.8768  9.4815
 92  44 -0.0832  0.0000 12.0628
100  44 -0.0183  0.0000 11.1304
108  44  0.0121  0.0000 11.1304
116  44  0.0094  0.0000 10.9491
124  44  0.0256  0.0000 19.4783
132  44 -0.0402  0.0000 16.1088
140  44 -0.0777  0.0000  0.0000
148  44 -0.0008  0.0000  9.3286
156  44 -0.0043  0.0109 17.8050
164  44 -0.0085 -0.0011 10.0563
172  44  0.0034 -0.0138 10.5019
180  44  0.0038  0.0017 10.2286
188  44 -0.0311  0.0000 15.9973
196  44 -0.0167  0.0874  8.1619
204  44  0.0796  0.1641  8.7517
212  44  0.0185  0.0000  7.9667
220  44 -0.0191  0.0490  7.7328
228  44  0.1299 -0.0132 11.0922
236  44  0.0040  0.0091 10.5323
244  44 -0.0217 -0.1063 11.1500
252  44  0.0151 -0.1299 15.5284
260  44  0.0157  0.0000 13.8188
268  44  0.0194  0.0000 13.8188
276  44 -0.2123  0.0000 13.8188
284  44 -0.4043  0.4043  8.0000
292  44  0.0180 -0.3246  9.4570
  4  52  0.2079 -0.0319  8.7742
 12  52  0.0662  0.0000  8.7453
 20  52 -0.2041 -0.0155  7.0189
 28  52 -0.0290  0.0000 12.5445
 36  52  0.0169  0.0000 17.0667
 44  52  0.0061  0.0000  0.0000
 52  52 -0.0326  0.0000 11.1304
 60  52 -0.1018  0.0000  0.0000
 68  52 -0.1262  0.0000  0.0000
 76  52  0.1841 -0.0418 12.3683
 84  52 -0.1960 -0.5000 11.1304
 92  52  0.1180  2.5000  9.2850
100  52  0.0242  0.0000 11.1304
108  52 -0.0642  0.0000  0.0000
116  52 -0.0896  0.0000 16.1088
124  52 -0.0091  0.0000 16.1088
132  52  0.0746  0.0000 11.1304
140  52  0.0211  0.0000 22.2609
148  52  0.0000  0.0000  5.8720
156  52 -0.0020  0.0164 16.8933
164  52 -0.0053 -0.0007 15.5606
172  52  0.0145 -0.0017 10.2805
180  52 -0.0038  0.0001 14.7409
188  52  0.1489  0.0000 16.5311
196  52  0.1953  0.0000  9.9001
204  52  0.0803  0.0000 19.4783
212  52  0.0676 -0.1455 15.2412
220  52  0.1446  0.0000 14.0146
228  52  0.0000 -0.0756 13.4451
236  52 -0.0248  0.0297 13.4174
244  52 -0.1961  0.0000 10.8982
252  52  0.0083 -0.0507 13.9976
260  52  0.0337 -0.0980 10.9804
268  52  0.0145  0.1321 10.6586
276  52 -0.0224  0.0000 10.3725
284  52 -0.0240  0.0000 15.9971
292  52  0.0000 -0.0641 14.3601
  4  60  1.5000  0.0000  8.2581
 12  60  0.6202  0.0000 11.1304
 20  60  0.2516  0.0000  0.0000
 28  60 -0.0229  0.0000  0.0000
 36  60 -0.1358  0.0000  0.0000
 44  60 -0.1418  0.0000  0.0000
 52  60  0.0520  0.0000  0.0000
 60  60  0.1212  0.0000  0.0000
 68  60 -0.0185  0.0000  0.0000
 76  60  0.0000 -0.5000  8.8276
 84  60  0.1576  0.0000 11.1304
 92  60  0.3681 -0.3881  9.7710
100  60  0.0352  0.0000 16.1088
108  60 -0.2697 -0.5000  4.2602
116  60  0.4199  0.0000  0.0000
124  60  0.4977  0.0000 17.2183
132  60  0.2628  0.0000  0.0000
140  60  0.2294  0.0000 12.8622
148  60  0.2657  0.0000  6.6951
156  60  0.0705  0.0000  8.3598
164  60 -0.0079  0.0005  8.3953
172  60 -0.1836  0.0000  8.3240
180  60 -0.0281  0.0000  7.4728
188  60  0.0412  0.0000  7.0992
196  60 -0.0202  0.0671  8.4311
204  60  0.0000  0.3764  7.3143
212  60  0.1744 -1.0000  9.3605
220  60 -0.0807  0.0000  9.2086
228  60 -0.2907  0.0403 10.5761
236  60  0.0000  0.2662  6.7780
244  60  0.0547  0.0000  8.6413
252  60 -0.0459 -0.1308  8.4268
260  60  0.0051  0.2361 10.3218
268  60 -0.1119  0.0000 10.8982
276  60  0.2052  0.0000 10.7472
284  60  0.1936 -0.0350 12.6524
292  60 -0.1901  0.0000  7.4054
  4  68 -0.1386  0.0000  0.0000
 12  68  0.0865  0.0000 11.1304
 20  68  0.3074  0.0000 11.1304
 28  68  0.3153  0.0000  0.0000
 36  68  0.5826  0.0000  0.0000
 44  68  1.4725  0.0000 11.1304
 52  68  1.0181  0.0000  0.0000
 60  68  0.2707  0.0000 11.1304
 68  68  0.2099  0.0000  0.0000
 76  68  0.3810  5.0503 11.8154
 84  68  0.1318 -0.0214 11.1304
 92  68  0.1463  0.3935 10.8181
100  68 -0.0379 -0.1928 15.6463
108  68 -0.0534  0.0000 16.6957
116  68  0.0610  1.0000  8.9210
124  68 -0.0406  0.0000 16.6957
132  68 -0.0641  0.0000 11.1304
140  68 -0.1151 -0.1151 16.5161
148  68  0.1937  0.0000 12.5685
156  68 -0.1166  0.0000 11.1304
164  68 -0.0641  0.0000 11.1304
172  68  0.2076 -0.0667  9.6020
180  68  0.5024  0.0000 11.9011
188  68  1.0641  0.0000 22.2609
196  68  0.2117 -1.1735 13.4737
204  68  0.4025  2.5000  7.3745
212  68 -0.0018  0.0000 16.1088
220  68 -0.5000  0.0000  8.8276
228  68 -0.2713  0.0000 11.1304
236  68 -0.0062  0.0000  0.0000
244  68  0.2221  0.0000  9.5908
252  68  0.4039  0.0000 11.1304
260  68  0.9291  0.0000 16.1088
268  68  2.5000  0.0000  8.8276
276  68  1.2897  0.0000 11.9011
284  68 -0.0856  0.1615  9.2840
292  68 -0.0562 -0.0763 11.3791
  4  76  0.1974  0.0000 11.1304
 12  76  0.1996  0.0000 11.1304
 20  76  0.2478  0.0000  0.0000
 28  76  0.4448  0.0000  0.0000
 36  76 -0.1375  0.0000  0.0000
 44  76 -0.1429  0.0000 19.4783
 52  76 -0.0643  1.1750 11.1860
 60  76  0.1834  0.0000  0.0000
 68  76  0.2900  0.0000 16.4760
 76  76 -0.1304  0.0000  7.2789
 84  76  0.0000  0.2106  7.9314
 92  76 -0.0608  0.0260 15.1217
100  76  0.3091  0.0000 15.7112
108  76  0.5000  0.0000  8.4768
116  76  2.5000  0.0000  8.8276
124  76  1.6568  0.1450  6.0663
132  76  0.0000 -0.0259 13.4737
140  76 -0.1089  0.0000 11.9011
148  76  0.0847 -0.2101 12.8946
156  76  0.0064  0.0000 11.0903
164  76  0.0714 -0.0357  8.6178
172  76  0.1671  0.0000 11.1304
180  76  0.2557  0.0000 11.1304
188  76 -0.1151  0.1151 16.5161
196  76  1.0864  0.0000 20.7059
204  76  0.7018  0.0000  0.0000
212  76 -0.0282  0.0000  0.0000
220  76 -0.0969  0.0000  0.0000
228  76  0.1863  0.0000  0.0000
236  76  0.2541  0.0000 11.1304
244  76  0.2877  0.0000  8.4768
252  76  1.4838  0.0000 10.2400
260  76  0.0000  2.4094 11.0368
268  76 -0.0319  0.0000 11.1304
276  76  0.1021  0.0000  0.0000
284  76  0.5114  0.0000 12.0628
292  76  1.0000 -0.0424  6.4921
  4  84  0.1362  0.0000  0.0000
 12  84 -0.0065  0.0000  0.0000
 20  84  0.0609  0.0000 11.1304
 28  84  0.0790  0.0000  7.5579
 36  84 -2.1037 -0.0420 12.8436
 44  84  0.0000  0.1960 11.1304
 52  84  0.1227  0.0158 14.4709
 60  84 -0.3524  0.0000 10.9531
 68  84 -0.3278  0.0000  8.7491
 76  84 -0.1500 -0.1732 12.8283
 84  84 -0.0061  0.0702  7.7983
 92  84  0.2469  0.2353 13.4737
100  84  0.3837  0.0000 11.1304
108  84  1.2857  0.0000  0.0000
116  84  0.8877  0.0000  0.0000
124  84  0.8040  0.0000 11.1304
132  84  0.3070  0.0000  0.0000
140  84 -0.0392  0.0000 11.1304
148  84 -0.1021 -0.0922  8.7503
156  84  0.3125  0.0000  0.0000
164  84  0.2816  0.0000 11.1304
172  84  0.2244  0.0000 11.1304
180  84  2.5000  0.0000  8.8276
188  84  1.4101  0.0000  0.0000
196  84  0.7917  0.0000  0.0000
204  84  0.2250  0.0000  0.0000
212  84  0.0972  0.0000  0.0000
220  84  0.0382 -0.1028 16.6166
228  84 -0.5000  0.0000  8.8276
236  84 -0.4324  0.0000 11.1304
244  84 -0.4331  0.0000  0.0000
252  84 -0.8630  0.0000  0.0000
260  84 -1.9626  0.0000 11.1304
268  84 -1.1286  0.0000 16.1088
276  84 -0.7242  0.0000  8.2581
284  84 -0.6333  0.0000 16.1088
292  84 -0.4389  0.0000  0.0000
  4  92 -0.2367  0.0000  0.0000
 12  92 -0.2002  0.0000  0.0000
 20  92 -0.1706  0.0862 16.7979
 28  92  0.0621 -0.4069  8.7754
 36  92  2.5000  1.1518  8.9418
 44  92  1.7707  0.0000 16.1088
 52  92  0.8699  0.0000 16.1088
 60  92  0.0388  0.0915  7.4648
 68  92 -0.0145  0.0780 14.2735
 76  92  0.0000 -0.0353 10.2045
 84  92  0.3245  0.0684  9.4848
 92  92  0.1363  0.1596 11.6600
100  92  0.0776  0.0000 12.0628
108  92  0.1897  0.0728 10.6871
116  92  2.5124  0.0000 16.1088
124  92  1.7215  0.0000 16.1088
132  92  0.2619  0.0000 11.1304
140  92 -0.1841  0.0418 12.3683
148  92 -0.2043  0.0000 16.1088
156  92 -0.3760  0.0000  0.0000
164  92 -0.4657  0.0000 11.1304
172  92 -0.5854  0.0000  0.0000
180  92 -1.1549  0.0000  0.0000
188  92 -1.5159  0.0000  0.0000
196  92 -1.1642  0.0000  0.0000
204  92 -0.8912  0.0000  0.0000
212  92 -0.6819  0.0000 11.1304
220  92 -0.3891  0.0000 16.1088
228  92 -0.1174 -1.0000  5.2483
236  92 -0.2189  0.0000 22.2609
244  92 -0.3213  0.0000 11.1304
252  92  0.0043  0.0000 11.1304
260  92  1.2784  0.0000 11.1304
268  92  1.1646  0.0000  0.0000
276  92  0.5895  0.0000  0.0000
284  92  0.0000 -0.5000  8.8276
292  92 -0.2365  0.0000  0.0000
  4 100 -0.2638 -0.1125 17.0667
 12 100 -1.6967  0.0815  7.8606
 20 100 -0.3145  0.0000  9.1653
 28 100  0.0661 -0.2610  8.2891
 36 100  1.3070  0.0337 12.4709
 44 100  4.5000 -2.7083  6.1440
 52 100  2.5574  0.0000  0.0000
 60 100  0.1045  0.1712  7.2747
 68 100 -0.0145  0.3437  7.7576
 76 100  0.0000 -0.5000  8.8276
 84 100  0.0334  0.0000  0.0000
 92 100 -0.2414  0.0000 11.1304
100 100 -0.2776  0.1355  9.3411
108 100 -0.9728  0.0000 16.1088
116 100 -0.5000  0.0000  8.8276
124 100 -0.4634  0.0000 13.3565
132 100 -0.6185  0.0000 11.9011
140 100 -0.5769  0.0000 12.0628
148 100 -0.2797  0.0000 16.1088
156 100  0.0841  0.0000 16.1088
164 100  0.0000  2.5000  8.8276
172 100 -0.4344  0.0000 11.1304
180 100 -0.5000  0.0000  8.8276
188 100 -0.0949  0.0000 11.1304
196 100  0.0626  0.0000 11.1304
204 100 -0.0654  0.0000  0.0000
212 100 -0.5479  0.0000  0.0000
220 100 -0.9954  0.0000  0.0000
228 100 -0.8973  0.0000 16.1088
236 100 -1.0347  0.0000  8.0000
244 100  0.2170 -0.3673  9.0404
252 100  0.5848  0.0000 11.1304
260 100  2.2922  0.0000  0.0000
268 100  3.3091  0.0000 16.1088
276 100  2.1041  0.0000  0.0000
284 100  0.4243  0.0000 11.1304
292 100 -0.0173  0.0000  0.0000
  4 108 -0.1174  1.0000  5.2483
 12 108  0.3308  0.1127 11.8471
 20 108 -0.0462  0.0000 10.3784
 28 108 -0.0929  0.8738  6.5273
 36 108 -0.5000  0.1588 10.5785
 44 108  2.5000  0.1588 10.5785
 52 108  0.7379  0.0000  0.0000
 60 108 -0.2986  0.0000  0.0000
 68 108 -0.5293  0.0000  0.0000
 76 108 -0.1984  0.0000  0.0000
 84 108  0.5836  0.0000  0.0000
 92 108  1.1731  0.0306 10.0981
100 108 -0.2633  0.0317  7.4064
108 108 -0.8622  0.0000 12.0455
116 108 -1.3204  0.0000  0.0000
124 108 -0.9936  0.0000  0.0000
132 108 -0.5311  0.0000 11.1304
140 108 -0.8642  0.0000  0.0000
148 108 -1.5000  0.0000  8.2581
156 108 -1.0000  0.0000  9.2850
164 108 -0.5571  0.0000 11.1304
172 108  0.1816  0.0000 16.1088
180 108  0.5066  0.0000 11.1304
188 108  1.5864  0.0000  0.0000
196 108  1.8533  0.0000 11.1304
204 108  1.1932  0.0000  0.0000
212 108  0.2443  0.0000  0.0000
220 108  0.0939  0.0000  0.0000
228 108  0.0290  0.0000  0.0000
236 108 -0.5000  0.0000  8.8276
244 108  0.0000 -0.1960 11.1304
252 108  0.5000  0.0000  7.3143
260 108  0.9515  0.5256  8.5090
268 108  2.5000  1.2640 11.1304
276 108  0.0000 -0.5000  8.8276
284 108 -0.6930  0.0000  0.0000
292 108 -0.7706  0.0000  0.0000
  4 116 -0.5000 -0.1588 10.5785
 12 116  0.3247  0.0000 10.2729
 20 116  0.8422  0.0000 16.1088
 28 116  0.0000  0.1174  9.1793
 36 116 -0.8220  0.0000  0.0000
 44 116 -2.5636  0.0000  0.0000
 52 116 -1.9220  0.0000  0.0000
 60 116 -0.5000  0.0000  8.8276
 68 116 -0.2901  0.0000  0.0000
 76 116 -0.1755 -0.0534 20.5714
 84 116 -0.0933  0.0000 12.1905
 92 116  0.1011  0.0000  8.8880
100 116  0.2893  0.0000 17.0667
108 116  0.1556  0.0000 12.2969
116 116  0.1174 -4.1710 14.6131
124 116  0.6230  0.0000 17.0667
132 116  0.3901  0.0000 11.1304
140 116 -0.1151 -0.1151 16.5161
148 116  0.4295  0.0000 11.1304
156 116  1.0000  0.0000  9.2850
164 116  0.3176  0.0000  0.0000
172 116  0.2834  0.0000  8.8276
180 116  0.5295  0.0000  0.0000
188 116  0.8359  0.0000  0.0000
196 116  1.2360  0.0000  0.0000
204 116 -0.0375  0.0000  0.0000
212 116 -0.6389  0.0000  0.0000
220 116 -0.6267  0.0000  0.0000
228 116 -0.4439  0.0000 11.1304
236 116  0.1809  0.0000 11.1304
244 116  0.9090  0.0000  0.0000
252 116  0.8117  0.0000  0.0000
260 116  0.0000  0.5000  8.0688
268 116 -3.8271  3.0637  7.1424
276 116 -2.8063  0.0000 16.1088
284 116 -1.1379  0.0000  0.0000
292 116 -0.2019  0.0000  0.0000
  4 124  0.3667  0.0000  8.0000
 12 124  0.6672  0.0000 12.0628
 20 124  0.7853  0.0000 19.4783
 28 124  0.6105  0.0000  0.0000
 36 124  0.1263  0.0969 14.7403
 44 124 -0.4857  0.0000  0.0000
 52 124 -0.0059  0.0000 11.1304
 60 124  0.1498  0.0000  0.0000
 68 124  0.0852  0.0000  0.0000
 76 124  0.5439  0.0000  8.0000
 84 124  0.8665  0.0000  0.0000
 92 124  0.5210  0.0000  0.0000
100 124  0.3133  0.0000  0.0000
108 124  0.2956  0.0000 12.0455
116 124  0.2849 -0.5000 13.1959
124 124  0.4042  0.0000 12.8600
132 124 -0.0608  0.0000 12.0628
140 124 -0.2761 -0.0806  9.3746
148 124  0.0322  0.0000 11.1304
156 124 -0.1063  0.0000  6.9728
164 124  0.1656  0.0786 10.7522
172 124  1.1075  0.0000 13.5576
180 124  1.0737  0.0000  0.0000
188 124 -0.1893  0.0000 11.1304
196 124 -1.9399  0.0000  0.0000
204 124 -1.7861  0.0000  0.0000
212 124 -0.8466  0.0000  0.0000
220 124  0.0362  0.0000 11.1304
228 124  0.7668  0.0000 11.1304
236 124  1.3161  0.0000 11.1304
244 124  1.5076  0.0000 11.1304
252 124  1.0587  0.0000 11.1304
260 124  0.1668  0.0000 11.1304
268 124 -0.9256 -0.2259 10.8204
276 124 -0.4493  0.0000  9.4928
284 124  0.0000  0.3577  9.9740
292 124  0.0275  0.0000 11.1304
  4 132  0.4504 -0.1457 10.1694
 12 132  0.5737  0.0000 17.0667
 20 132  0.3767  0.0000  0.0000
 28 132  0.1927 -0.0788 17.1842
 36 132  0.1681  0.0000  8.0000
 44 132  0.1525  0.0000  0.0000
 52 132  0.1587  0.0000 11.1304
 60 132  0.2226  0.0000 11.1304
 68 132  0.8176  0.0000 16.1088
 76 132  1.5000 -0.0448  8.9013
 84 132  0.8859  0.0000  0.0000
 92 132  0.5708  0.0000  0.0000
100 132  1.5000  0.0000  8.2581
108 132  1.6608  0.0000 12.0628
116 132  0.0540  0.2063 11.7481
124 132  0.0000  0.3147  7.9175
132 132 -0.3627  0.0000  0.0000
140 132 -0.1647  0.0000  0.0000
148 132  0.3518  0.0000 16.1088
156 132  1.0327  0.0000  0.0000
164 132  1.8466  0.0000 11.1304
172 132  2.3076  0.0000 11.1304
180 132  1.5828  0.0000 11.1304
188 132  0.0882  0.0000 11.1304
196 132 -1.7669  0.0000  0.0000
204 132 -1.1521  0.0000  0.0000
212 132 -0.6651  0.0000 11.1304
220 132 -0.5000  0.0000  8.8276
228 132  0.0377  0.0000  0.0000
236 132  0.2036  0.0000  0.0000
244 132  0.1322  0.0000  0.0000
252 132  0.1405  0.0000 11.1304
260 132  0.1011  0.0000  0.0000
268 132  0.0920  0.1667  8.5333
276 132  0.0000 -0.1464  8.6375
284 132  0.2586 -0.2907 13.7970
292 132  1.5140  0.0000  0.0000
  4 140  2.7083  2.5000  6.1440
 12 140  1.3086  0.0000  0.0000
 20 140 -0.1146 -0.0101 17.4161
 28 140  0.0415 -0.2503  7.1197
 36 140  2.5000  0.0000  8.8276
 44 140  1.4984  0.0000  0.0000
 52 140  0.9439  0.0000  0.0000
 60 140  0.4123  0.0000 12.0628
 68 140  0.2238  0.0000 11.1304
 76 140  0.4022  0.0000  0.0000
 84 140  0.8645  0.0000  0.0000
 92 140  1.9979  0.0000  0.0000
100 140  3.1395  0.0000 11.1304
108 140  2.1546  0.0000  9.4948
116 140  0.0686 -0.0124  8.7775
124 140 -2.7652  0.0000 16.1088
132 140 -1.7969  0.0000  0.0000
140 140 -1.0029  0.0000 11.1304
148 140 -0.4070  0.0000  0.0000
156 140  0.0571  0.0000  0.0000
164 140  0.0136  0.0000 16.1088
172 140 -0.1603  0.0000  6.3054
180 140  0.0000  2.5000  8.8276
188 140 -0.1540  0.0000  0.0000
196 140 -0.2740  0.0000  0.0000
204 140 -0.3096  0.0000  0.0000
212 140  0.0402  0.0000  0.0000
220 140  1.0506  0.0000  0.0000
228 140  1.7760  0.0000  0.0000
236 140  1.0106  0.0000 11.1304
244 140  0.0346  0.0000 11.1304
252 140  0.0790  0.0000 11.1304
260 140  1.5072  0.0000  0.0000
268 140  1.4811  0.0000  0.0000
276 140  1.1025  0.0000 11.1304
284 140  0.5847  0.0000 11.1304
292 140  0.1996  0.0000  0.0000
  4 148  0.1172  0.0000  0.0000
 12 148 -0.0306 -1.1731 10.3746
 20 148  1.1432  0.0000 16.1088
 28 148  3.5000 -0.1203  5.4468
 36 148  2.4597  0.0000  0.0000
 44 148  1.0081  0.0000 11.1304
 52 148 -3.6064  0.0000  0.0000
 60 148 -2.2653  0.0000 12.0628
 68 148 -1.1080  0.0000 11.1304
 76 148 -0.0326  0.0000  0.0000
 84 148  0.5077  0.0000  0.0000
 92 148  0.0311  0.0000  0.0000
100 148 -0.3792  0.0000 16.1088
108 148 -0.4730  0.0000 11.1304
116 148 -0.6182  0.0000 16.1088
124 148 -0.7394  0.0000  0.0000
132 148 -0.7520  0.0000  0.0000
140 148 -0.5000  0.0000  8.8276
148 148  0.2908  0.0000  0.0000
156 148  0.8100  0.0000  0.0000
164 148  0.5379  0.0000 11.1304
172 148  0.0356  0.0000 19.1045
180 148 -0.1180 -0.5000  9.2850
188 148  0.7229  0.0000  0.0000
196 148  1.0579  0.0000  0.0000
204 148  0.9292  0.0000  0.0000
212 148  0.4820  0.0000  0.0000
220 148 -0.0243  0.0534  9.1756
228 148 -0.1063  0.0000  6.9728
236 148 -1.1200  0.0000 11.1304
244 148 -1.5000  0.0000  8.2581
252 148  0.3858  0.0000  0.0000
260 148  1.0252  0.0000 16.1088
268 148  1.0984  0.0000  0.0000
276 148 -3.9786  0.0000 11.1304
284 148 -2.5061  0.0000 16.1088
292 148 -1.1497  0.0000 11.1304
  4 156  0.5240  0.0000  8.4768
 12 156  1.3818  0.0000  0.0000
 20 156  0.0174  0.0000 16.1088
 28 156 -0.6519  0.0000  0.0000
 36 156 -0.8597  0.0000  0.0000
 44 156 -0.9883  0.0000  0.0000
 52 156 -1.0617  0.0000 18.5922
 60 156 -0.9725  0.0000 16.1088
 68 156 -0.6377  0.0000  0.0000
 76 156 -0.1166  0.0000  0.0000
 84 156  0.2395  0.0000  0.0000
 92 156  0.1498  0.0000  0.0000
100 156  0.0000  2.5000  8.8276
108 156 -0.1379  0.0000  0.0000
116 156  0.3624  0.0000 11.1304
124 156  0.7970  0.0000  0.0000
132 156  0.8537  0.0000 11.1304
140 156  0.4959  0.0000  0.0000
148 156 -0.0674  0.0000  0.0000
156 156 -0.5931  0.0000  0.0000
164 156 -1.5076  0.0000 11.1304
172 156 -2.0894  0.0000 19.1045
180 156 -1.5000  0.0000  8.2581
188 156 -0.2081  0.0000  0.0000
196 156  0.6824  0.0000  0.0000
204 156 -3.6135  0.0000  0.0000
212 156 -2.4399  0.0000  0.0000
220 156 -1.3070  0.0337 12.4709
228 156  0.9461  0.0000  0.0000
236 156  2.5000 -0.0391  9.3822
244 156 -0.2984  0.3415 16.8934
252 156 -0.8117  0.0000  0.0000
260 156 -0.9216  0.0000 11.1304
268 156 -1.0512  0.0000 16.1088
276 156 -1.1309  0.0000  0.0000
284 156 -0.9375  0.0000 11.1304
292 156 -0.4094  0.0000  0.0000
  4 164  0.0000  0.1556 12.2969
 12 164  0.1198  0.0000 12.0628
 20 164 -0.2901  0.0000  9.2850
 28 164 -0.6988  0.0000  0.0000
 36 164 -0.5253  0.0000  0.0000
 44 164  0.1151  0.1151 16.5161
 52 164  0.7689  0.0000  8.0000
 60 164  1.0251  0.0000 11.1304
 68 164  0.7031  0.0000  0.0000
 76 164  0.0591  0.0000  0.0000
 84 164 -0.5781  0.0000 11.1304
 92 164 -1.1374  0.0000  0.0000
100 164 -1.5261  0.0000 11.1304
108 164 -1.2441  0.0000 11.1304
116 164 -0.3305  0.0000  0.0000
124 164  0.4680  0.0000  0.0000
132 164 -2.4337  0.0000  0.0000
140 164 -1.8154  0.0000 16.1088
148 164 -0.9996  0.0000  0.0000
156 164  0.3948  0.0000  0.0000
164 164  1.2087  0.0000 16.1088
172 164  0.0418  0.1521 12.6567
180 164 -0.1372  0.0000  0.0000
188 164 -0.3184  0.0000  0.0000
196 164 -0.6538  0.0000  0.0000
204 164 -0.9237  0.0000  0.0000
212 164 -0.6883  0.0000  0.0000
220 164  0.3457  0.0000 11.1304
228 164  1.2050  0.0000 11.1304
236 164  0.6977  0.0000  0.0000
244 164 -0.3870  0.0000  0.0000
252 164 -1.3070  0.0337 12.4709
260 164 -0.8644  0.0000  0.0000
268 164  0.0000  0.5000  8.0688
276 164  0.9806  0.0000 16.1088
284 164  1.4820  0.0000  0.0000
292 164  1.0869  0.0000 16.1088
  4 172  0.3023  0.0000  0.0000
 12 172 -0.2917  0.0000 11.1304
 20 172 -0.3489  0.0000 11.1304
 28 172 -0.5919  0.0000  0.0000
 36 172 -0.5111  0.0000  0.0000
 44 172  0.0203 -0.1804 15.3082
 52 172  0.4538  0.0000 11.1304
 60 172 -0.8796  0.0000  0.0000
 68 172 -1.0925  0.0000  0.0000
 76 172 -0.8463  0.0000 16.1088
 84 172 -0.1378  0.0000  0.0000
 92 172  0.6249  0.0000 11.1304
100 172  1.3946  0.0000  0.0000
108 172  1.3288  0.0000 11.1304
116 172  0.8687  0.0000  0.0000
124 172  0.1621  0.0000  0.0000
132 172 -0.5000  0.0000 11.1304
140 172 -0.5000  0.0000  8.8276
148 172  1.0075  0.0000  0.0000
156 172  2.5000  0.0000  8.8276
164 172  1.3769  0.0000 11.1304
172 172  0.0000 -0.5000  8.8276
180 172 -0.7944  0.0000 16.1088
188 172 -0.6530  0.0000 11.1304
196 172  0.1377  0.0000 11.1304
204 172  1.3322  0.0000  0.0000
212 172  2.1354  0.0000  0.0000
220 172  1.4596  0.0000 11.1304
228 172  0.4381  0.0000 12.8600
236 172  0.0287  0.0000  0.0000
244 172  0.5000  0.0000 11.1304
252 172  0.1632  0.0000 11.1304
260 172 -0.0388  0.0000  0.0000
268 172  0.0841  0.0000 11.1304
276 172  0.2798  0.0000 11.1304
284 172  0.3127 -0.1061  9.8739
292 172 -0.5883  0.0000 20.7059
  4 180 -0.7749  0.0000 11.1304
 12 180 -0.4517  0.0000  0.0000
 20 180  0.2645 -0.0585 13.3056
 28 180  2.8274  0.3035  7.6077
 36 180  2.6789  0.0000 16.6957
 44 180  2.1027  0.0000  8.0000
 52 180  1.2072  0.0000 11.1304
 60 180  0.3789  0.0000  0.0000
 68 180  0.1285  0.0000  0.0000
 76 180  0.7425  0.0000 16.1088
 84 180  1.2500  0.0000  0.0000
 92 180  0.8662  0.0000  0.0000
100 180  0.0462  0.0000 11.1304
108 180 -0.3762  0.0000 11.1304
116 180 -0.5694  0.0000  0.0000
124 180 -0.1181  0.0000 11.1304
132 180  1.2071  0.0000  0.0000
140 180  2.5000  0.0000  8.8276
148 180  1.3382  0.0000 11.1304
156 180  0.0000  0.1853  6.9276
164 180 -0.4127 -0.0433 10.8936
172 180  0.3506  0.0000 12.0628
180 180  0.2569  0.0000 16.1088
188 180  0.0000 -0.5000  4.0635
196 180 -0.0503  0.0000  0.0000
204 180 -0.0288  0.0000 11.1304
212 180  0.1665  0.0000  0.0000
220 180 -0.5123  0.0000 11.1304
228 180 -0.6306  0.1105 11.2757
236 180 -0.1151  0.1151 16.5161
244 180  0.7344  0.0000  0.0000
252 180  2.2294  0.0000  0.0000
260 180  2.5819  0.0000  0.0000
268 180  2.6634  0.0000  0.0000
276 180  1.8792  0.0000 11.1304
284 180  0.9750  0.0000  0.0000
292 180  0.4231  0.0000  0.0000
  4 188  0.2984 -0.3415 16.8934
 12 188  0.0000 -0.1556 12.2969
 20 188  0.4112  0.0000 12.0628
 28 188  0.0000  2.5000  8.8276
 36 188 -0.0677  0.2807  8.2399
 44 188 -0.8684  0.0000 11.1304
 52 188 -1.2301  0.0000  0.0000
 60 188 -0.2600  0.0000  0.0000
 68 188  0.6555  0.0000  0.0000
 76 188  0.1644  0.0000  0.0000
 84 188 -0.5725  0.0000  0.0000
 92 188 -0.3578  0.0000 11.1304
100 188  0.5000  0.0000 11.1304
108 188  0.1774  0.0000  0.0000
116 188 -0.1405  0.0000  0.0000
124 188 -0.2647  0.0000  0.0000
132 188 -0.3214  0.0000  0.0000
140 188 -0.5000 -0.5000  4.0635
148 188 -0.6746  0.0000  0.0000
156 188 -0.5000 -2.1588 10.5785
164 188  0.5294 -0.0173  6.8642
172 188  0.9544  0.0000 17.0667
180 188  1.3212  0.0000  0.0000
188 188  1.5010  0.0000  0.0000
196 188  2.5000  0.0000  8.8276
204 188  1.8709  0.0000 11.1304
212 188  1.0586  0.0000  0.0000
220 188  0.4547  0.0000  0.0000
228 188  0.1883  0.0000  0.0000
236 188  0.3013  0.0000 20.7059
244 188  1.2872  0.0000  0.0000
252 188  0.8501  0.0000  0.0000
260 188  0.0438  0.0000  0.0000
268 188 -1.2181  0.0000  0.0000
276 188 -2.5000  0.0000 11.1304
284 188 -1.6563  0.0000  0.0000
292 188 -0.8992  0.0000  0.0000
  4 196 -0.9663  0.0000 14.5615
 12 196 -1.3070  0.0337 12.4709
 20 196 -0.6015  0.0000  0.0000
 28 196  0.0684  0.0000 16.1088
 36 196 -0.1960  2.5000 11.1304
 44 196 -0.4193  0.0000 16.1088
 52 196 -0.4805  0.0000  0.0000
 60 196 -0.4395  0.0000  0.0000
 68 196 -1.1909  0.0000 11.1304
 76 196 -0.8032  0.0000  0.0000
 84 196 -0.2987  0.0000  0.0000
 92 196  0.6484  0.0000  0.0000
100 196  0.9491  0.0000  0.0000
108 196  0.3898  0.0000 11.1304
116 196 -0.5000  0.0000  8.8276
124 196  0.6527  0.0000 11.1304
132 196  0.9012  0.0000  0.0000
140 196  0.6324  0.0000 16.1088
148 196  0.2752  0.0000 11.1304
156 196  0.1088  0.0000  0.0000
164 196  0.4792  0.1018  9.0549
172 196  2.5000  0.0000  8.8276
180 196  1.6731  0.0000 11.1304
188 196  0.5000  0.0000  8.4768
196 196 -0.5000  0.0000 11.1304
204 196 -1.6231  0.0000 11.1304
212 196 -1.5835  0.0000  0.0000
220 196 -1.2464  0.0000  0.0000
228 196 -1.0780  0.0000 11.1304
236 196 -0.8631  0.0000 11.1304
244 196 -0.1313 -0.0812 16.9211
252 196  0.4681  0.0000  0.0000
260 196  0.2765  0.0000  0.0000
268 196 -0.4438  0.0000  0.0000
276 196 -0.5813  0.0000  0.0000
284 196 -0.2909  0.0000  0.0000
292 196 -1.4899  0.0000 17.0667
  4 204 -0.7646  0.0000  0.0000
 12 204 -0.0934 -0.2052 10.5433
 20 204  1.0785  0.0000 11.1304
 28 204  1.6134  0.0000 17.0667
 36 204  0.7866  0.0000 16.1088
 44 204 -0.1712  0.0000  0.0000
 52 204  0.0610  0.0000  0.0000
 60 204  0.2841  0.0000 16.1088
 68 204  0.2685  0.0000 11.1304
 76 204  0.1380  0.0000  0.0000
 84 204  0.0958  0.0000 11.1304
 92 204  0.4198  0.0000 11.1304
100 204  1.3540  0.0000 11.1304
108 204  1.2150  0.0000  8.0000
116 204  0.6180  0.0000  0.0000
124 204 -0.0174  0.0000 11.1304
132 204 -0.6764  0.0000  0.0000
140 204 -0.9505  0.0000  0.0000
148 204 -0.9023  0.0000  0.0000
156 204 -0.6599  0.0000  0.0000
164 204 -0.1438  0.0000  7.1968
172 204  0.7186  0.0000  0.0000
180 204  1.4425  0.0000 11.1304
188 204  1.2453  0.0000  0.0000
196 204 -0.5446  0.0000  0.0000
204 204 -0.7241  0.0000 11.1304
212 204  0.0000 -0.5000  8.8276
220 204 -1.2646  0.0000  0.0000
228 204 -0.3658  0.0000  0.0000
236 204  0.5244  0.0000  0.0000
244 204  1.6774  0.0000 16.1088
252 204  2.5000 -0.1588 10.5785
260 204  1.3330  0.0000 11.1304
268 204  0.2403  0.0000  0.0000
276 204 -0.0111  0.0000  0.0000
284 204  0.0656  0.0000 11.1304
292 204  0.1469  0.0000 11.1304
  4 212  0.1419  0.0000 11.1304
 12 212  0.0737  0.0000 11.1304
 20 212  0.0368  0.0000 12.0628
 28 212  0.1546 -0.0660 18.6254
 36 212  0.4723  0.0000 16.1088
 44 212  0.4630  0.0000  0.0000
 52 212  0.2875  0.0000  0.0000
 60 212  0.0438 -0.3166 11.5315
 68 212 -0.3468  2.5000 10.2045
 76 212 -0.4790  0.0000  0.0000
 84 212 -0.2717  0.0000  0.0000
 92 212  0.3507  0.0000 19.4783
100 212  1.3634  0.0000 11.1304
108 212  2.3606  0.0000  8.0000
116 212  2.5000  0.0000  8.8276
124 212 -1.0000  0.0000  8.2581
132 212 -0.9509  0.0000  0.0000
140 212 -0.0774  0.0000  0.0000
148 212 -0.6884  0.0000  0.0000
156 212  0.0683  0.0000  0.0000
164 212  0.7304  0.0000  8.7810
172 212  1.2965  0.0000 11.1304
180 212  1.4575  0.0000  0.0000
188 212  0.7490  0.0000  0.0000
196 212  0.0000 -0.5000  8.8276
204 212 -0.1540  0.0000  0.0000
212 212  0.0099  0.0000  0.0000
220 212  0.2585  0.0000  0.0000
228 212  0.4093  0.0000  0.0000
236 212  0.3284  0.0000  0.0000
244 212  0.0029  0.0000 11.1304
252 212 -0.0889  0.0000 14.5615
260 212  0.1527  0.0000  0.0000
268 212  0.3363  0.0000  0.0000
276 212  0.3678  0.0000 11.1304
284 212  0.2198  0.0000 11.1304
292 212 -0.1184  0.0000 11.1304
  4 220 -0.3620  0.0000 11.1304
 12 220 -0.2938  0.0000 12.0455
 20 220  0.2492  0.0000  0.0000
 28 220  1.2566  0.0000 16.1088
 36 220  2.0941  0.0000 16.1088
 44 220  1.9208  0.0000  0.0000
 52 220  0.0000 -0.5000  8.8276
 60 220 -0.3649  0.0000  0.0000
 68 220  0.1960 -0.5000 11.1304
 76 220  0.0382 -0.1028 16.6166
 84 220  0.5473  0.0000  0.0000
 92 220  0.8064  0.0000  0.0000
100 220  0.6154  0.0000 11.1304
108 220  0.0000 -0.4276 10.4490
116 220 -0.3087  0.0000 10.2400
124 220 -0.5509 -0.2246  6.8903
132 220 -0.4530  0.0000  0.0000
140 220 -0.0254  0.0000  0.0000
148 220  0.5597  0.0000  0.0000
156 220  1.0247  0.0000 11.1304
164 220  1.0000  0.0000  9.2850
172 220  0.0000 -0.5000  8.8276
180 220 -0.2836  0.0000 11.1304
188 220  0.0000  2.5000  8.8276
196 220  0.3191  0.0000  0.0000
204 220  0.4857  0.0000  0.0000
212 220  0.3543  0.0000 11.1304
220 220 -0.0787  0.0000 11.1304
228 220 -0.5850  0.0000  0.0000
236 220 -0.8423  0.0000 16.1088
244 220 -0.5000 -0.0448  8.9013
252 220  0.8440  0.0000 22.2609
260 220  1.8858  0.0000 11.1304
268 220  1.7974  0.0000 11.1304
276 220  0.7032  0.0000 11.1304
284 220  0.0192  0.0000  0.0000
292 220 -0.0977  0.0000 16.1088
