VARIABLES= "X pix", "Y pix", "U pix/dt", "V pix/dt", "CHC", ZONE I=28, J=37
  4   4 -0.0323  0.0332 10.7934
 12   4  0.0107  0.0040 11.3893
 20   4  0.0115 -0.0110 10.8377
 28   4 -0.0010 -0.0034 10.9106
 36   4 -0.0067 -0.0022 11.1952
 44   4 -0.0896  0.0000 11.0456
 52   4 -0.0121  0.0123 10.9632
 60   4 -0.0005  0.0061 10.7168
 68   4  0.0086 -0.0027 10.9826
 76   4 -0.0672  0.0000 10.9734
 84   4  0.0000  0.0461 11.7597
 92   4  0.0372 -0.0002 11.8422
100   4 -0.0874 -0.0093 13.0595
108   4  0.0000  0.0017 13.5044
116   4  0.0635  0.0000 11.0456
124   4 -0.0108  0.0000 11.0456
132   4 -0.1841  0.0000 11.0456
140   4 -0.1627  0.0000 11.8002
148   4 -0.1415  0.0000 11.9577
156   4 -0.0078  0.0156 12.0948
164   4  0.0000 -0.0286 12.1954
172   4 -0.0012  0.0000 11.0965
180   4  0.0295  0.0091 11.7870
188   4  0.0000 -0.0121 10.8330
196   4 -0.0422 -0.0024 11.8849
204   4  0.0000  0.0162 11.8572
212   4 -0.0787 -0.0169 11.9421
220   4  0.0921  0.0504 11.4182
228   4  0.0000 -0.0106 11.2199
236   4 -0.0826 -0.1215  9.5013
244   4  0.0974 -0.0671  8.6116
252   4 -0.1031  0.0102 10.9874
260   4  0.0494  0.0085 10.5659
268   4 -0.0693 -0.0375 10.8957
276   4  0.0000 -0.0581 11.7573
284   4  0.0091  0.0000 13.0803
292   4  0.0031 -0.0596 12.8247
  4  12 -0.0952 -0.0916  9.4622
 12  12 -0.0008  0.0917 12.4962
 20  12 -0.0280 -0.1481 11.6269
 28  12  0.0085  0.0187 13.6302
 36  12 -0.0084 -0.0714 13.6961
 44  12  0.0835  0.0000 14.8102
 52  12  0.0456  0.0270 15.2162
 60  12 -0.1809 -0.0499  9.6127
 68  12 -0.0375  0.0052 17.5856
 76  12 -0.1141 -0.1715 12.2045
 84  12  0.0889  0.0238  8.9221
 92  12  0.0000 -0.1715  8.8755
100  12 -0.0495 -0.1039  9.0100
108  12 -0.0336  0.1354 10.7447
116  12 -0.0329  0.0439 10.2570
124  12 -0.0090 -0.0444 10.5910
132  12  0.0000 -0.0151 11.8366
140  12  0.0502  0.0548 11.3283
148  12  0.0000 -0.1267 11.3348
156  12  0.0000 -0.0121 10.8330
164  12  0.0495 -0.0329 12.9312
172  12 -0.1981  0.0782  8.9025
180  12  0.0225  0.0359 11.4250
188  12  0.0289 -0.0110 12.3726
196  12  0.2267  0.2518 10.3515
204  12  0.0466  0.9182  9.3374
212  12  0.0356  0.3606 11.4483
220  12  0.0999  0.1076 14.7773
228  12  0.0848  0.4415 10.1876
236  12  0.0000 -0.0522  9.5429
244  12 -0.1252  0.5214  8.3260
252  12 -0.0475  0.1975 10.4468
260  12 -0.1656  0.1457  9.7497
268  12  0.0806  0.1749 10.4278
276  12  0.0356  0.2781  9.1102
284  12 -0.0588  0.6728  7.8925
292  12  0.0000  0.2635  7.4173
  4  20 -0.0154  0.0195 17.4307
 12  20  0.0010  0.0103 13.7627
 20  20  0.0000  0.0130 12.0383
 28  20 -0.0302  0.0152 13.7109
 36  20  0.0559  0.0205 12.4464
 44  20  0.1108  0.0000 12.5339
 52  20  0.0299  0.0107 13.5078
 60  20 -0.0468  0.0449 16.0304
 68  20 -0.0324  0.0825 17.3404
 76  20 -0.0142 -0.0037 16.2680
 84  20  0.0023 -0.0162 14.2952
 92  20  0.0000 -0.0176 14.6620
100  20 -0.0368 -0.0075 11.2021
108  20  0.0374  0.0333 10.4129
116  20 -0.0374  0.0060 14.3369
124  20 -0.0215  0.0035 13.6156
132  20  0.0192  0.0000 13.2862
140  20  0.0085  0.0829 13.3628
148  20 -0.0053  0.0268 13.9222
156  20  0.0238  0.0253 13.0791
164  20  0.0210  0.1197 14.6527
172  20  0.1657  0.2421 14.8288
180  20  0.0167 -0.0019 13.5749
188  20 -0.0155  0.0465 18.7744
196  20  0.0525  0.0566 18.4022
204  20 -0.0024 -0.0332 20.8338
212  20 -0.0329  0.2137 20.9906
220  20  0.0666  0.0974 33.0772
228  20  0.1887  0.0821 11.0906
236  20 -0.1523  0.0000  9.7891
244  20 -0.0495  0.0000  8.9171
252  20  0.0686  0.1603 11.7205
260  20  0.0099  0.1390  7.6092
268  20  0.2033  0.2403  9.5319
276  20 -0.0107  0.2064  9.1756
284  20 -0.2304  0.1074 10.8089
292  20 -0.0152  0.0434 13.5162
  4  28  0.0302 -0.0062  9.9122
 12  28  0.1229  0.0869 10.0721
 20  28 -0.0135  0.0301 11.2170
 28  28 -0.0154 -0.0034 10.0409
 36  28 -0.0009  0.0016 10.1855
 44  28  0.0015  0.0110 10.5009
 52  28  0.0179  0.0015 10.6839
 60  28  0.0002  0.0115 10.1564
 68  28  0.0044 -0.0031 10.6768
 76  28  0.0150  0.0105 10.6747
 84  28 -0.0017 -0.0046  9.9477
 92  28 -0.0013  0.0017  9.6863
100  28 -0.0021 -0.0138 11.6612
108  28  0.0032  0.0286 15.1332
116  28 -0.0069 -0.0009  9.1129
124  28  0.0026  0.0060 10.2082
132  28  0.0023  0.0310  8.9984
140  28 -0.0187  0.0189  9.3437
148  28  0.0125  0.0129  9.4582
156  28  0.0612  0.0930 22.1164
164  28 -0.4884  0.1300 13.0361
172  28  0.0985  0.2920 12.3687
180  28  0.9820  0.4306 13.9519
188  28  0.0801  0.0292 26.6866
196  28 -0.0032  0.0598  9.0151
204  28  0.0117  0.0641  9.5127
212  28 -0.0361  0.0569 10.1746
220  28  0.0178  0.0692 10.2313
228  28  0.0039  0.0761  9.8575
236  28  0.0265  0.0682  9.3934
244  28 -0.0039  0.0886  9.9179
252  28  0.0735  0.0624  9.4028
260  28  0.0010  0.1228 16.8940
268  28  0.0338  0.1099 15.0434
276  28  0.0491  0.0195 20.5724
284  28  0.1989 -0.0206 17.9881
292  28  0.0696  0.0989 12.6515
  4  36  0.0026  0.0127  7.4910
 12  36 -0.0021 -0.0158  7.9535
 20  36  0.0346  0.0309  6.8399
 28  36  0.0955  0.0192  6.7350
 36  36 -0.0538  0.0825  6.1518
 44  36  0.0750 -0.0894  6.6292
 52  36  0.0232  0.0200  6.2828
 60  36  0.2275  0.0549  8.7184
 68  36  0.0339  0.0062  8.2056
 76  36  0.0630  0.0614  8.4335
 84  36  0.0000  0.0550 13.9953
 92  36 -0.2512  0.0000 11.9696
100  36 -0.0199  0.0433  9.2793
108  36  0.0020 -0.0000  7.7740
116  36  0.0407  0.0647  8.0927
124  36 -0.1411  0.0000  7.5746
132  36 -0.5355  0.0000  0.0000
140  36 -1.0000  2.5000  6.9531
148  36  0.3874 -0.0061 10.3074
156  36  0.0011  0.2758 11.6014
164  36 -0.0129  0.1167 11.2377
172  36  0.0146  0.4150 20.6007
180  36  0.0531  0.2304 11.7626
188  36 -0.0078  0.3302 10.4973
196  36  0.1100 -0.0930 10.3623
204  36  0.1005 -0.1298 13.7337
212  36  0.1074  0.0000 10.1740
220  36  0.0070  0.1846 11.5091
228  36 -0.2543  0.0331 12.6950
236  36 -0.0927  0.2558 10.8745
244  36 -0.0318 -0.0253 10.8606
252  36  0.1765  0.0164 13.3612
260  36  0.0000  0.0443  8.6690
268  36  0.0601 -0.2554  9.2592
276  36 -0.0217  0.1677  7.8519
284  36  0.1075  0.0566  8.0119
292  36 -0.0304  0.0179  8.6998
  4  44 -0.1459 -0.0325 15.1386
 12  44 -0.0990  0.0000  9.4208
 20  44 -0.1388  0.0000 11.9585
 28  44 -0.0875 -0.0229 15.5408
 36  44  0.0296  0.0043 12.5781
 44  44 -0.0117 -0.0135 11.9161
 52  44  0.0075 -0.1342  9.4536
 60  44 -0.2582  0.0000  8.4598
 68  44 -0.4080  0.0000  8.7453
 76  44 -0.0146 -0.1679  7.0644
 84  44 -0.0625  0.0000 11.2095
 92  44 -0.1556  0.0000 12.2969
100  44 -0.0049  0.0000 11.1304
108  44  0.0252  0.0000 11.1304
116  44 -0.0622  0.0000 10.9491
124  44 -0.1711  0.0000 19.4783
132  44 -0.4043 -0.4043  8.0000
140  44 -0.1337  0.0000  0.0000
148  44 -0.0575  0.3018  8.3279
156  44  0.0216  0.0710 17.0310
164  44  0.1227  0.3545  9.1333
172  44  0.0579  0.3903  9.8240
180  44  0.1960  0.1537  9.6308
188  44 -0.0034  0.2419 13.7110
196  44 -0.0502 -0.0613  6.9540
204  44  0.0939 -0.1478  9.0457
212  44  0.1552  0.0000  7.9667
220  44 -0.0342  0.2423  8.0295
228  44 -0.0892  0.0000 10.6826
236  44 -0.0532  0.0000 10.5606
244  44 -0.0128  0.1206 11.2351
252  44 -0.0358  0.1613 15.9896
260  44  0.0364 -0.2387 11.3832
268  44  0.0283  0.0000 13.8188
276  44  0.0497  0.0000 13.8188
284  44  0.0718  0.0000 16.1088
292  44  0.2573 -0.0689  7.3642
  4  52  0.0567  0.0165  8.8122
 12  52 -0.1024 -0.0232  8.3788
 20  52  0.1507 -0.0391  6.9056
 28  52  0.0751  0.0000 12.5445
 36  52  0.0755  0.0000 17.0667
 44  52 -0.0226  0.0000 17.0667
 52  52 -0.1110  0.0000 11.1304
 60  52 -0.1989  0.0000  0.0000
 68  52  0.0628  0.0000  0.0000
 76  52  0.0890  0.0000 11.9011
 84  52  0.1960  2.5000 11.1304
 92  52 -0.1180 -0.5000  9.2850
100  52  0.2647  0.0000 11.1304
108  52  0.8756  0.0000  0.0000
116  52  1.0721  0.0000 16.1088
124  52  0.1180  2.5000  9.2850
132  52  0.0371  0.0000  0.0000
140  52  0.1960 -0.5000 11.1304
148  52 -0.0449  0.1192  5.5640
156  52 -0.0448  0.0906 15.6605
164  52 -0.0869  0.5599 13.6623
172  52 -0.0046  0.3554  9.3325
180  52 -0.0866  0.4969 13.1580
188  52  0.0337  0.0354 16.9840
196  52  0.0056 -0.0105  7.5501
204  52 -0.0848  0.0000 19.4783
212  52 -0.0676  0.1455 15.2412
220  52  0.1673  0.0151 13.0225
228  52  0.0000  0.2152 14.6416
236  52 -0.0667  0.0000 13.7993
244  52  0.1224  0.0000 10.8982
252  52  0.0615  0.0216 12.8420
260  52  0.1233  0.0210  9.4616
268  52 -0.0145 -0.1321 10.6586
276  52  0.0150 -0.3127  8.3967
284  52 -0.0436  0.0380 16.7300
292  52  0.2985  0.0718 12.2777
  4  60  0.0000  2.5000  8.8276
 12  60 -0.0264  0.0000 11.1304
 20  60  0.0176  0.0000  0.0000
 28  60  0.4726  0.0000  0.0000
 36  60  1.5276  0.0000  0.0000
 44  60  2.5000  0.0000  8.8276
 52  60  0.7839  0.0000  0.0000
 60  60 -0.0434  0.0000  0.0000
 68  60 -0.1670  0.0000  0.0000
 76  60  0.0000  2.5000  8.8276
 84  60 -0.1248  0.0000 11.1304
 92  60 -0.5000 -5.3539  7.1111
100  60 -0.2205  0.0000 16.1088
108  60  0.0830  1.5000  8.5018
116  60  0.2561  0.0000  0.0000
124  60  0.0250  0.0000 17.2183
132  60 -0.2991  0.0000  0.0000
140  60 -0.5000 -0.1071  9.2702
148  60 -0.0307  0.0722  6.7201
156  60  0.0089  0.1103  8.4721
164  60  0.0010  0.0893  8.5288
172  60  0.0118  0.0881  8.4140
180  60 -0.0234  0.1048  7.8486
188  60  0.0447  0.0843  7.2177
196  60 -0.2980 -0.0125  8.4124
204  60  0.0000  0.1469 10.3584
212  60 -0.1744  1.0000  9.3605
220  60  0.0000 -0.1474  7.0459
228  60 -0.1787  0.0000 12.0628
236  60 -0.2353  0.4104  7.3143
244  60 -0.0121  0.1720  8.1091
252  60  0.0459  0.1308  8.4268
260  60  0.7409  0.0000 11.7363
268  60  1.2639  0.0000 10.8982
276  60  0.1847 -0.0410 10.3405
284  60 -0.2759  0.2636 13.0023
292  60 -0.0224  0.1205  7.5000
  4  68  0.8833  0.0000  0.0000
 12  68  0.4146  0.0000 11.1304
 20  68 -0.2714  0.0000 11.1304
 28  68 -0.1716  0.0000  0.0000
 36  68  0.3568  0.0000  0.0000
 44  68  0.7526  0.0000  0.0000
 52  68  0.1977  0.0000  0.0000
 60  68 -0.2544  0.0000 11.1304
 68  68 -0.4491  0.0000  0.0000
 76  68 -0.3810 -5.0503 11.8154
 84  68  0.0843  0.0730 13.8440
 92  68 -0.1093  0.2836 10.7473
100  68  0.0203  0.1804 15.3082
108  68 -0.2591  0.0000 16.6957
116  68 -0.0610 -1.0000  8.9210
124  68 -0.4539 -0.0181 13.8279
132  68 -0.0124  0.0000  0.0000
140  68  0.1151  0.1151 16.5161
148  68  0.0000  0.0000 13.9636
156  68 -0.2132  0.0000 11.1304
164  68  0.0000  2.5000  8.8276
172  68 -0.0153  0.0000  9.4208
180  68 -0.1098 -1.3373  8.6925
188  68 -0.1305 -0.3570 15.2268
196  68  0.3577  1.5000  9.3659
204  68  0.8920  0.5000  6.9856
212  68  0.3468  2.5000 10.2045
220  68  2.3677  0.1145 12.8207
228  68  2.5000  0.0000  8.8276
236  68  0.9698  0.0000  0.0000
244  68 -0.2221  0.0000  9.5908
252  68 -0.2788  0.0000  0.0000
260  68  0.5538  0.0000 16.1088
268  68  1.5691  0.0000 11.1304
276  68  0.2773  0.0000 11.9011
284  68 -0.1809  0.3104 10.8684
292  68 -0.1568  0.0758 12.0082
  4  76 -0.1870  0.0000  0.0000
 12  76  0.0069  0.0000 11.1304
 20  76 -0.0493  0.0000  0.0000
 28  76 -1.4525  0.0000  0.0000
 36  76 -1.0170  0.0000  0.0000
 44  76 -0.3786  0.0000 19.4783
 52  76  0.3145  0.0264 11.0777
 60  76  0.5046  0.0000  0.0000
 68  76  0.2862  0.0000 16.4760
 76  76  0.1304  0.0000  7.2789
 84  76 -0.4599  0.1088  8.2212
 92  76 -0.2257  0.0000 17.4102
100  76  0.0413  0.0000 13.2207
108  76  0.5000  0.0000  8.4768
116  76 -0.6525  0.0000 11.1304
124  76 -2.0000  0.2858  6.5164
132  76 -0.4088  0.0000 13.0803
140  76 -0.2761 -0.0806  9.3746
148  76 -0.1574  0.2778 12.4163
156  76 -0.0272  0.0238 11.1899
164  76  0.0459  0.1829 10.5785
172  76 -0.2487  0.0000  0.0000
180  76 -0.8708  0.0000  0.0000
188  76  0.1151 -0.1151 16.5161
196  76  2.5000  0.1588 10.5785
204  76 -0.1551 -5.8449  8.6972
212  76 -0.3392  0.0000  0.0000
220  76 -0.1758  0.0000  0.0000
228  76 -0.1112  0.0000  0.0000
236  76  0.0000 -2.0000 11.1304
244  76  0.0000  2.0000 11.1304
252  76 -2.4937  0.0000 16.9590
260  76 -1.3070  0.0337 12.4709
268  76  0.0000  2.5000  8.8276
276  76  1.9901  0.0000  0.0000
284  76  1.3634  0.0000 12.0628
292  76  0.2632  1.1743  5.7051
  4  84  0.0195  0.0000  0.0000
 12  84 -0.2843  0.0000  0.0000
 20  84 -0.2167  0.0000 11.1304
 28  84 -0.1823 -0.0852 10.3403
 36  84  0.0000 -0.0569  9.5560
 44  84  0.0593 -0.1399  7.3827
 52  84 -1.4447  0.0000 15.6775
 60  84 -0.0136  0.1839 11.6303
 68  84 -0.0177  0.0000  8.7491
 76  84  0.0306  1.1731 10.3746
 84  84 -0.2061  0.0000  8.2282
 92  84 -0.1254  1.0000 11.7377
100  84  0.0000  0.1960 11.1304
108  84 -2.3318  0.0000  0.0000
116  84 -1.5373  0.0000  0.0000
124  84  0.4622  0.0000 11.1304
132  84  0.1611  0.0000  0.0000
140  84 -0.0076  0.0000 11.1304
148  84 -0.0652 -0.0084  8.4386
156  84 -0.0536  0.0000 11.1304
164  84  0.0907  0.0000 11.1304
172  84  0.0371  0.0000 11.1304
180  84 -1.8612  0.0000 11.1304
188  84  0.2605  0.0000 11.1304
196  84  2.4267  0.0000  0.0000
204  84  4.5000  4.5000  4.0635
212  84  1.9400  0.0000  0.0000
220  84 -0.0382  0.1028 16.6166
228  84 -0.0825  0.0825  9.2850
236  84 -0.0206  0.0000 11.1304
244  84  0.4270  0.0000  0.0000
252  84  1.1349  0.0000  0.0000
260  84  2.1095  0.0000 11.1304
268  84  2.5000  0.0000  8.8276
276  84 -1.5000  0.0000  8.2581
284  84 -0.8647  0.0000 16.1088
292  84 -0.3949  0.0000  0.0000
  4  92 -0.1876  0.0000  0.0000
 12  92 -0.1451  0.0000  0.0000
 20  92 -0.0245  0.1614 16.5879
 28  92  0.3143  0.3992  6.7035
 36  92 -4.5000  0.3387  7.9175
 44  92 -3.2750  0.0000 16.1088
 52  92 -0.9721  0.0000 16.1088
 60  92  0.2191 -0.2961  6.6373
 68  92  0.0623 -0.0134 12.6771
 76  92 -0.4006  0.0000 10.6667
 84  92 -0.1397 -0.1072 10.3354
 92  92  0.2178  0.1032  9.0569
100  92  0.0000 -0.1960 11.1304
108  92 -0.2907 -0.0403 10.5761
116  92  1.4009  0.0000 16.1088
124  92  2.5000  0.0000  8.8276
132  92  2.1323  0.0000 11.1304
140  92  0.1841 -0.0418 12.3683
148  92 -1.3070 -0.0337 12.4709
156  92 -0.8573  0.0000  0.0000
164  92 -0.1025  0.0000 11.1304
172  92  0.8006  0.0000  0.0000
180  92  1.8390  0.0000 11.1304
188  92  2.8767  0.0000  0.0000
196  92  2.2713  0.0000  0.0000
204  92 -0.2289  0.0000  0.0000
212  92 -0.5209  0.0000  0.0000
220  92 -0.3370  0.0000 16.1088
228  92 -0.2414 -1.5000  6.0337
236  92  0.1493  0.0000 22.2609
244  92  0.7657  0.0000 11.1304
252  92  0.8010  0.0000 11.1304
260  92 -2.4983  0.0000 11.1304
268  92 -2.5188  0.0000  0.0000
276  92 -1.0691  0.0000  0.0000
284  92 -0.2486  0.0000 11.1304
292  92 -0.5000  2.5000  4.0635
  4 100  0.3936  0.0418 19.1045
 12 100  0.1447 -0.0949  7.6948
 20 100  0.2977  1.0477  6.8162
 28 100 -0.0117  1.4148  6.3825
 36 100  1.8645  0.0000 16.1088
 44 100  2.0726  0.0000  0.0000
 52 100  1.4174  0.0000  0.0000
 60 100 -0.0734  0.0507  7.4393
 68 100  0.2688  0.0000  8.8798
 76 100 -0.5000  4.5000  4.0635
 84 100 -0.7034  0.0000  0.0000
 92 100 -0.0557 -0.0193 15.2661
100 100  0.7050  0.0000 12.0628
108 100  1.4065  0.0000 16.1088
116 100  2.5000  0.0000  8.8276
124 100  1.3751  0.0000 13.3565
132 100  0.0364  0.2387 11.3832
140 100  0.0120  0.0000 12.0628
148 100  0.0542  0.0000 16.1088
156 100 -0.3843  0.0000 16.1088
164 100  0.0000 -0.5000  8.8276
172 100  1.3507  0.0000 11.1304
180 100  2.5000  0.1588 10.5785
188 100 -0.3321  0.1276 10.3409
196 100 -0.5000  0.0000  8.8276
204 100  0.3652  0.0000  0.0000
212 100  0.7333  0.0000  0.0000
220 100  0.5723  0.0000  0.0000
228 100  0.3421  0.0000 16.1088
236 100  0.0680  0.0000  8.0000
244 100  0.0000  0.6469  9.8462
252 100 -0.0720  0.0000 11.1304
260 100  2.4585  0.0000  0.0000
268 100  2.3677 -0.1145 12.8207
276 100  1.1055  0.0000 11.1304
284 100  0.0507  0.0000 11.1304
292 100  0.2416  0.0000  0.0000
  4 108  0.2788 -2.0000  7.5294
 12 108 -0.1927  0.0788 17.1842
 20 108  0.0468  0.1946 10.9703
 28 108  0.2018  0.0494  6.7566
 36 108 -0.5000  0.0000  8.8276
 44 108 -1.1797  0.0000 11.1304
 52 108 -0.9117  0.0000  0.0000
 60 108 -0.2685  0.0000  0.0000
 68 108  0.6625  0.0000  0.0000
 76 108  0.8617  0.0000  0.0000
 84 108 -0.9032  0.0000  0.0000
 92 108 -1.7194  1.7634  7.5528
100 108  0.4254  0.0000 10.1191
108 108  2.0144  0.0000 12.0455
116 108  2.1233  0.0000 16.1088
124 108  3.5000 -0.1203  5.4468
132 108  2.5687  0.0000  0.0000
140 108  1.9476  0.0000  0.0000
148 108  1.5000  0.0000  8.2581
156 108  0.0000 -0.5000 12.0628
164 108 -0.1171  0.0000 11.1304
172 108  0.0495  0.0000 16.1088
180 108  0.0069  0.0000 11.1304
188 108  0.5855  0.0000  0.0000
196 108  0.0000 -0.5000  8.8276
204 108  0.0279  0.0000  0.0000
212 108 -0.0976  0.0000  0.0000
220 108  0.1348  0.0000  0.0000
228 108  0.7667  0.0000 11.1304
236 108  2.5000  0.0000  8.8276
244 108  1.6514  0.0000 12.0628
252 108 -0.0627 -0.1382  6.1160
260 108  0.3681  0.3881  9.7710
268 108 -3.9252 -5.1289 11.2814
276 108 -2.6521  0.0000 11.1304
284 108 -0.5104  0.0000  0.0000
292 108  1.4357  0.0000 11.1304
  4 116  2.5000  0.1588 10.5785
 12 116 -0.1211  0.9236  8.0688
 20 116  0.4043  0.4043  8.0000
 28 116  0.7643  0.0000  8.4768
 36 116  1.1352  0.0000  0.0000
 44 116  1.5174  0.0000  0.0000
 52 116  2.1830  0.0000  0.0000
 60 116  1.9307  0.0000 11.1304
 68 116  1.3648  0.0000 11.1304
 76 116  0.4777  0.0000 19.4783
 84 116 -0.9601  0.0000 11.5270
 92 116 -0.2437 -0.1774  8.3867
100 116  0.4007  0.0000 17.0667
108 116  0.0698 -0.2911 10.5124
116 116 -0.8261  0.0000 16.1088
124 116 -0.5691 -0.2020  5.4468
132 116 -0.2036  0.0000  0.0000
140 116 -0.0827  0.0000 16.1088
148 116 -0.2547  0.0000 11.1304
156 116 -0.5000  0.0000  8.8276
164 116  1.7645  0.0000  0.0000
172 116  2.5000 -0.1121  4.3390
180 116  0.5780  0.0000  0.0000
188 116 -0.5174  0.0000  0.0000
196 116 -2.9066  0.0000  0.0000
204 116 -2.2030  0.0000  0.0000
212 116 -0.2103  0.0000  0.0000
220 116  1.2533  0.0000  0.0000
228 116  1.7147  0.0000  0.0000
236 116  0.3951  0.0000 11.1304
244 116  0.9826  0.0000  0.0000
252 116  0.7086  0.0000  0.0000
260 116  0.0000  2.5000  8.8276
268 116  0.0000  1.0000  6.2439
276 116  0.0000  2.5000  8.8276
284 116  0.4569  0.0000  0.0000
292 116  0.4400  0.0000  0.0000
  4 124  0.1063  0.0000  6.9728
 12 124  0.0000  0.1960 11.1304
 20 124  0.1151  0.1151 16.5161
 28 124  1.4124  0.0000  0.0000
 36 124 -0.1313  0.0812 16.9211
 44 124 -1.2601  0.0000  0.0000
 52 124 -0.4964  0.0000  0.0000
 60 124  0.2045  0.0000  0.0000
 68 124  0.5280  0.0000  0.0000
 76 124  0.2611  0.1783  7.6338
 84 124 -0.1961  0.0000  0.0000
 92 124  0.7452  0.0000  0.0000
100 124  1.0629  0.0000  0.0000
108 124 -0.0698  0.2911 10.5124
116 124 -0.9921  0.0000  1.0000
124 124 -2.0814  0.0000 12.8600
132 124 -1.4102  0.0000 12.0628
140 124  0.4337  0.0578  8.8276
148 124  1.0952  0.0000 11.1304
156 124  1.1037  0.0000  0.0000
164 124 -0.2875 -0.1417 10.3838
172 124  1.0492 -0.0305 12.6667
180 124  0.7989  0.0000  0.0000
188 124  0.0634  0.0000 11.1304
196 124 -0.2087  0.0000  0.0000
204 124 -0.3721  0.0000  0.0000
212 124 -0.1625  0.0000  0.0000
220 124 -0.1480  0.0000  0.0000
228 124 -0.5000  4.5000  4.0635
236 124  0.2643  0.0000  0.0000
244 124  1.6858  0.0000  0.0000
252 124  3.5000 -0.1203  5.4468
260 124  0.0000 -0.5000  8.8276
268 124 -0.9503  0.0000  0.0000
276 124 -0.1671 -0.0482 10.0147
284 124  0.8248  0.0000 12.0628
292 124  1.1914  0.0000 11.1304
  4 132 -0.2040 -0.2390 12.0066
 12 132 -0.3974 -0.3331  4.3065
 20 132 -0.0291  0.0000  0.0000
 28 132  0.1068 -0.5000 14.1617
 36 132  0.0000 -0.1063  6.9728
 44 132 -0.7915  0.0000  0.0000
 52 132 -1.5000  0.0000  4.0635
 60 132 -1.0297  0.0000 11.1304
 68 132  0.5177  0.0000 16.1088
 76 132  1.3070  0.0337 12.4709
 84 132  1.8449  0.0000 11.1304
 92 132 -0.7647  0.0000  0.0000
100 132 -1.5000  0.0000  8.2581
108 132  0.0698 -0.2911 10.5124
116 132 -0.0420 -0.5000  9.7439
124 132 -0.0610  0.5000  7.7665
132 132 -0.3028  0.0000  0.0000
140 132 -0.2018  0.0000  0.0000
148 132  0.0000 -0.5000  8.8276
156 132 -0.3087  0.0000  0.0000
164 132  0.0000 -0.5000  8.8276
172 132  1.0448  0.0000 11.1304
180 132  1.7619  0.0000  0.0000
188 132  0.5189  0.0000 11.1304
196 132 -0.3245  0.0000  0.0000
204 132  0.1434  0.0000 11.1304
212 132  1.3585  0.0000 11.1304
220 132  2.5000  0.0000  8.8276
228 132  0.7615  0.0000  0.0000
236 132 -0.1165  0.0000  0.0000
244 132 -0.1968  0.0000  0.0000
252 132 -0.0898  0.0000 11.1304
260 132 -0.0325  0.0000  0.0000
268 132 -0.2022  0.0000  0.0000
276 132 -0.1983  1.6359  7.0459
284 132 -0.0931  1.0000  7.7108
292 132  1.7572  0.0000  0.0000
  4 140  3.4055 -0.2405  5.4468
 12 140  4.5000 -0.5000  4.0635
 20 140 -0.0208  0.0797 17.5452
 28 140 -0.1316  0.5000  6.5207
 36 140  0.0000 -0.5000  4.0635
 44 140 -0.1294  0.0000  0.0000
 52 140 -0.2475  0.0000  0.0000
 60 140 -0.4362  0.0000 12.0628
 68 140 -0.3669  0.0000 11.1304
 76 140 -0.1821  0.0000  0.0000
 84 140 -0.2093  0.0000  0.0000
 92 140 -0.1064  0.0000  0.0000
100 140  0.0734  0.0000 11.1304
108 140 -0.0561  0.2765  9.5419
116 140  0.0902 -0.1630  8.6307
124 140  0.0000 -0.5000  8.8276
132 140 -0.4856  0.0000  0.0000
140 140  0.2106  0.0000 11.1304
148 140  0.8391  0.0000  0.0000
156 140  0.0951  0.0000  0.0000
164 140 -0.3630  0.0000 16.1088
172 140 -0.2357  0.0000  0.0000
180 140  0.0000 -0.5000  8.8276
188 140  0.1375  0.0000  0.0000
196 140  0.4800  0.0000  0.0000
204 140  1.4758  0.0000  0.0000
212 140  2.5752  0.0000  0.0000
220 140  3.2621  0.0000  0.0000
228 140  3.6594  0.0000  0.0000
236 140  3.1526  0.0000  0.0000
244 140  0.7729  0.0000  0.0000
252 140  0.2205  0.0000  0.0000
260 140 -0.0156  0.0000  0.0000
268 140 -0.1989  0.0000  0.0000
276 140 -0.3246  0.0000  0.0000
284 140 -0.5000  0.0000 11.1304
292 140 -0.4320  0.0000  0.0000
  4 148 -0.2265  0.0000  0.0000
 12 148 -0.1057  0.3909  6.6232
 20 148 -0.0578 -0.4337  9.0220
 28 148 -0.2570  0.0000  0.0000
 36 148 -0.5113  0.0000  0.0000
 44 148 -0.5811  0.0000  0.0000
 52 148 -0.4020  0.0000 11.1304
 60 148 -1.5000  0.0000  8.2581
 68 148 -1.1370  0.0000 11.1304
 76 148 -0.8543  0.0000  0.0000
 84 148 -0.9956  0.0000  0.0000
 92 148 -0.7030  0.0000  0.0000
100 148  0.0000 -0.5000  8.8276
108 148  0.3267  0.0000 11.1304
116 148  0.2874  0.0000 16.1088
124 148  0.6551  0.0000  0.0000
132 148  2.5058  0.0000  0.0000
140 148  4.5000 -0.5000  4.0635
148 148  3.8347  0.0000  0.0000
156 148  3.1418  0.0000  0.0000
164 148  1.5000  2.5000  7.4357
172 148  0.4812  0.0000  1.0000
180 148  0.1960  0.0000 11.1304
188 148 -0.0733  0.0000  0.0000
196 148 -0.1517  0.0000  0.0000
204 148  0.0036  0.0000  0.0000
212 148  0.1081  0.0000  0.0000
220 148  0.0000  0.2870  9.6899
228 148  0.0065  0.0000 11.1304
236 148 -0.0751  0.0000  0.0000
244 148 -0.1946  0.0000 11.1304
252 148 -0.4185  0.0000  0.0000
260 148 -0.6737  0.0000 16.1088
268 148 -0.9491  0.0000  0.0000
276 148  0.9913  0.0000  0.0000
284 148 -0.3295  0.0000 16.1088
292 148 -1.1105  0.0000 11.1304
  4 156 -1.4882  0.0000 11.1304
 12 156 -1.3892  0.0000  0.0000
 20 156  0.0000  2.5000  8.8276
 28 156  1.1973  0.0000  0.0000
 36 156  1.2271  0.0000  0.0000
 44 156  0.5102  0.0000  0.0000
 52 156  0.0203 -0.1804 15.3082
 60 156  1.7667  0.0000 16.1088
 68 156  2.7454  0.0000  0.0000
 76 156  2.3156  0.0000  0.0000
 84 156  2.6697  0.0000  0.0000
 92 156  1.0634  0.0000  0.0000
100 156  0.2028  0.0000  0.0000
108 156 -0.0655  0.0000  0.0000
116 156 -0.1859  0.0000 11.1304
124 156 -0.0370  0.0000 11.1304
132 156  0.6766  0.0000 11.1304
140 156  1.4074  0.0000  0.0000
148 156  1.5327  0.0000  0.0000
156 156  0.6838  0.0000  0.0000
164 156  0.0629  0.0000 11.1304
172 156 -0.2707  0.0000 19.1045
180 156 -0.4692  0.0000 11.1304
188 156 -0.6607  0.0000  0.0000
196 156 -0.9448  0.0000  0.0000
204 156  3.0557  0.0000  0.0000
212 156  1.3641  0.0000  0.0000
220 156 -0.3255  0.0000 16.1088
228 156 -1.0768  0.0000  0.0000
236 156 -0.5000  0.0391  9.3822
244 156  4.5000 -0.2391  8.2581
252 156  3.4224  0.0000  0.0000
260 156  2.5000 -0.1588 10.5785
268 156  1.3610  0.0000 16.1088
276 156  0.8401  0.0000  0.0000
284 156  1.5000  0.0000  8.2581
292 156  0.9053  0.0000  0.0000
  4 164  0.0000  2.5933  8.0688
 12 164  2.5000  0.1180  9.2850
 20 164  0.5000  0.0000  8.8276
 28 164 -0.0409  0.0000  0.0000
 36 164 -0.1303  0.0000  0.0000
 44 164 -0.1151 -0.1151 16.5161
 52 164  0.1138  0.0000  7.2997
 60 164  1.3730  0.0000 11.1304
 68 164  2.8021  0.0000  0.0000
 76 164  3.3408  0.0000  0.0000
 84 164  1.0802  0.0000  0.0000
 92 164  0.0247  0.0000  0.0000
100 164 -0.3722  0.0000 11.1304
108 164 -0.4360  0.0000 11.1304
116 164 -0.4895  0.0000  0.0000
124 164 -0.6545  0.0000  0.0000
132 164  3.6043  0.0000 17.0667
140 164  2.5000  0.0000  8.8276
148 164  0.2885  0.0000  0.0000
156 164 -0.2751  0.0000  0.0000
164 164  0.0000 -0.5000  8.8276
172 164 -0.2780 -0.1270 13.3759
180 164  1.1162  0.0000  0.0000
188 164  1.5710  0.0000  0.0000
196 164  1.2164  0.0000  0.0000
204 164  0.8528  0.0000  0.0000
212 164  0.7357  0.0000  0.0000
220 164  0.0459  0.0000  0.0000
228 164 -0.5000  0.0000 11.1304
236 164  0.4963  0.0000  0.0000
244 164  0.1437  0.0000  0.0000
252 164  0.0625  0.0000  0.0000
260 164  0.2200  0.0000  0.0000
268 164  0.4715  0.0000 11.1304
276 164  0.8429  0.0000 16.1088
284 164  1.6770  0.0000  0.0000
292 164  3.2270  0.0000 16.1088
  4 172  4.5000 -0.5000  4.0635
 12 172  0.2917  0.0000 11.1304
 20 172 -0.3546  0.0000  0.0000
 28 172 -0.5274  0.0000  0.0000
 36 172 -0.3025  0.0000  0.0000
 44 172 -0.1912  0.0000 12.4272
 52 172 -0.2303  0.0000 11.1304
 60 172  1.0056  0.0000 11.1304
 68 172  0.6900  0.0000  0.0000
 76 172  0.0000  2.5000  8.8276
 84 172  0.2384  0.0000  0.0000
 92 172 -0.0555  0.0000 11.1304
100 172 -0.6090  0.0000  0.0000
108 172  0.1595  0.0000 11.1304
116 172  0.7964  0.0000  0.0000
124 172  0.7605  0.0000  0.0000
132 172  0.5534  0.0000 11.1304
140 172  0.2819  0.0000 16.1088
148 172 -0.2511  0.0000  0.0000
156 172 -0.7057  0.0000  0.0000
164 172 -0.5000  4.5000  4.0635
172 172  0.0000  2.5000  8.8276
180 172  0.3085  0.0000  0.0000
188 172  0.6817  0.0000  0.0000
196 172  1.0617  0.0000  0.0000
204 172  1.1851  0.0000  0.0000
212 172  0.5856  0.0000  0.0000
220 172  0.6696  0.0000  0.0000
228 172 -0.1138 -0.1378 11.4627
236 172 -0.7945  0.0000  0.0000
244 172 -0.3468 -1.0000 10.2045
252 172 -0.5000  3.1110  8.4253
260 172  0.0000  4.5000  4.0635
268 172  0.1434  2.5000  8.3934
276 172  0.1605  0.0000 11.1304
284 172 -2.3185  0.0000 11.9011
292 172 -0.0382  0.1028 16.6166
  4 180  4.5000  4.5000  4.0635
 12 180  2.1304  0.0000  0.0000
 20 180  0.4668  0.0000  0.0000
 28 180 -0.3631  0.0000  0.0000
 36 180 -0.1144  0.0000 16.6957
 44 180  0.4043  0.4043  8.0000
 52 180  0.2937  0.0000  0.0000
 60 180  0.2631  0.0000  0.0000
 68 180  0.1531  0.0000  0.0000
 76 180 -0.0453  0.0000  0.0000
 84 180 -0.1391  0.0000  0.0000
 92 180  0.8581  0.0000  0.0000
100 180  0.2763  0.0000 11.1304
108 180  0.5282  0.0000 11.1304
116 180  0.9333  0.0000  0.0000
124 180  1.3917  0.0000 11.1304
132 180  1.5000  0.0448  8.9013
140 180 -0.5000  0.0000  8.8276
148 180 -0.2652  0.0000 11.1304
156 180  0.0000 -0.0637  6.1029
164 180 -0.8227 -0.3995  7.8528
172 180 -0.4588  0.0000  0.0000
180 180  0.0000  2.5000  8.8276
188 180  0.3045  0.0000 11.1304
196 180  0.4440  0.0000  0.0000
204 180  0.4643  0.0000  0.0000
212 180 -4.6535  0.0000  0.0000
220 180 -1.8586  0.0000 11.1304
228 180  0.3290  2.8274  8.0000
236 180  0.1151 -0.1151 16.5161
244 180 -0.2078  0.0000  0.0000
252 180 -0.5894  0.0000  0.0000
260 180 -0.4721  0.0000  0.0000
268 180 -0.2346  0.0000  0.0000
276 180 -0.3165  0.0000  0.0000
284 180  0.0163  0.0000  0.0000
292 180  0.1030  0.0000  0.0000
  4 188  0.1776 -4.1729  9.7086
 12 188  0.0000 -5.1960 11.1304
 20 188  2.5000 -5.3365  8.4628
 28 188  0.0000 -0.5000  8.8276
 36 188  0.3414 -0.2615  8.7935
 44 188  0.5913  0.0000  0.0000
 52 188  0.8353  0.0000  0.0000
 60 188  0.6744  0.0000  0.0000
 68 188 -0.3891  0.0000  0.0000
 76 188 -0.4687  0.0000  0.0000
 84 188 -0.3430  0.0000  0.0000
 92 188 -0.6659  0.0000 11.1304
100 188 -0.5000  0.0000 11.1304
108 188  0.0438  0.0000 11.1304
116 188  0.4783  0.0000  0.0000
124 188  0.7350  0.0000  0.0000
132 188  0.7883  0.0000  0.0000
140 188 -5.4508  0.0000 11.1304
148 188 -2.5257  0.0000  0.0000
156 188 -0.5000  1.5000  4.0635
164 188  0.5000  0.0000  7.5496
172 188  0.0000 -0.5000  4.0635
180 188 -0.6112  0.0000  0.0000
188 188 -0.4862  0.0000  0.0000
196 188 -0.2245  0.0000  0.0000
204 188 -0.5000  4.5000  4.0635
212 188  0.0000  5.0000 11.1304
220 188 -0.1240  0.0000  0.0000
228 188 -0.0945  0.0000 11.1304
236 188 -0.1434  3.5000  8.3934
244 188  0.3680  0.0000  0.0000
252 188 -0.6735  0.0000  0.0000
260 188 -0.5467  0.0000  0.0000
268 188 -0.2128  0.0000  0.0000
276 188  0.0428  0.0000 11.1304
284 188 -0.0243  0.0000  0.0000
292 188 -0.4180  0.0000  0.0000
  4 196 -0.4734  3.7815  7.1608
 12 196 -0.4007  5.3308  8.3498
 20 196 -0.4833  0.0000  0.0000
 28 196 -0.2972  0.0000 16.1088
 36 196  0.2039  0.0000 11.1304
 44 196  0.7422  0.0000  0.0000
 52 196  1.1699  0.0000  0.0000
 60 196  1.3684  0.0000  0.0000
 68 196 -4.7077  0.0000 11.1304
 76 196 -2.2151  0.0000  0.0000
 84 196 -0.7686  0.0000  0.0000
 92 196  0.8048  0.0000  0.0000
100 196  0.9830  0.0000 11.1304
108 196 -0.4502  0.0000  0.0000
116 196  0.0000  2.5000  8.8276
124 196  1.2118  0.0000  0.0000
132 196  1.6550  0.0000  0.0000
140 196 -0.0705  0.0000  0.0000
148 196 -0.4877  0.0000  0.0000
156 196 -0.1630  0.0000  0.0000
164 196 -0.0610 -0.5000  7.7665
172 196 -0.5000  0.0000  8.8276
180 196 -1.2455  0.0000  0.0000
188 196 -1.2093  0.0000  0.0000
196 196 -0.8364  0.0000  0.0000
204 196 -0.5099  0.0000  0.0000
212 196 -0.4536  0.0000  0.0000
220 196 -0.4691  0.0000  0.0000
228 196 -0.4319  0.0000  0.0000
236 196 -0.3309 -4.9363  7.1846
244 196 -0.3409  0.0000  0.0000
252 196 -0.1109  0.0000  0.0000
260 196  0.4317  0.0000  0.0000
268 196  1.1134  0.0000  0.0000
276 196  1.8124  0.0000  0.0000
284 196  2.5000  0.0000 11.1304
292 196 -2.5000  0.0000 11.1304
  4 204 -0.6254  0.0000  0.0000
 12 204 -0.2990  0.2997  7.5059
 20 204  1.9222  0.0000 11.1304
 28 204  2.7620  2.5000  9.9740
 36 204 -0.5000  0.0000  8.8276
 44 204  0.0000 -0.5000  8.8276
 52 204  2.8914  0.0000  0.0000
 60 204  4.5000 -0.1174 13.8795
 68 204 -0.5000  0.0000  8.8276
 76 204 -0.7841  0.0000  0.0000
 84 204  0.4354  0.0000 11.1304
 92 204  1.9495  0.0000 11.1304
100 204  4.5000  4.5000  4.0635
108 204 -0.1063  0.0000  6.9728
116 204 -1.0585  0.0000  0.0000
124 204 -0.8858  0.0000 11.1304
132 204 -0.5285  0.0000  0.0000
140 204 -0.4981  0.0000  0.0000
148 204 -0.2685  0.0000  0.0000
156 204 -0.3002  0.0000  0.0000
164 204 -0.5000  0.0000  7.4084
172 204 -0.3099  0.0000  0.0000
180 204  0.0000  5.0000 11.1304
188 204  0.6392  0.0000  0.0000
196 204  1.4572  0.0000 11.1304
204 204  2.4437  0.0000  0.0000
212 204  4.5000  4.5000  4.0635
220 204  0.8638  0.0000  0.0000
228 204  2.5000  4.5000  4.0635
236 204  2.5518  0.0000  0.0000
244 204  3.6205  0.0000 16.1088
252 204  3.6274  0.0000  0.0000
260 204  1.9988  0.0000  0.0000
268 204  2.3043  0.0000  0.0000
276 204  4.0682  0.0000  0.0000
284 204  4.5000 -0.5000  4.0635
292 204 -0.5000  4.5000  4.0635
  4 212 -0.7580  0.0000 11.1304
 12 212  0.1960  0.0000 11.1304
 20 212 -0.1960  0.0000 11.1304
 28 212  0.2847 -0.5000 11.1304
 36 212 -0.6325  0.0000  0.0000
 44 212 -0.8850  0.0000  0.0000
 52 212 -0.5251  0.0000  0.0000
 60 212  0.0768  0.3123 11.3225
 68 212  0.0000 -4.6564 12.4564
 76 212  0.6281  0.0000  0.0000
 84 212  0.4863  0.0000  0.0000
 92 212  0.0634  0.0000  0.0000
100 212  0.0000 -5.0000 11.1304
108 212  0.1858 -3.5000  6.6866
116 212  0.8097  0.0000 11.1304
124 212  1.5000  0.0000  8.2581
132 212  1.9465  0.0000  0.0000
140 212  2.4186  0.0000  0.0000
148 212  1.4434  0.0000  0.0000
156 212  2.6515  0.0000  0.0000
164 212  3.4363  0.0000  8.7810
172 212  4.5000 -0.5000  4.0635
180 212  4.3999  0.0000  0.0000
188 212  3.9841  0.0000  0.0000
196 212  4.2344  0.0000 11.1304
204 212  4.7172  0.0000  0.0000
212 212  3.9701  0.0000  0.0000
220 212  0.9903  0.0000  0.0000
228 212 -0.0513  0.0000  0.0000
236 212 -0.0220  0.0000  0.0000
244 212 -0.1633  0.0000 11.1304
252 212  0.1325  0.0643 13.2590
260 212 -0.3785  0.0000  0.0000
268 212 -0.4677  0.0000  0.0000
276 212  0.0000  4.5000  4.0635
284 212  0.9497  0.0000  0.0000
292 212  1.7147  0.0000 11.1304
  4 220  2.5000  0.0000  8.8276
 12 220  1.7900  0.0000 12.0455
 20 220  0.7474  0.0000  0.0000
 28 220  0.0000  2.5000  8.8276
 36 220  0.4877  0.0000 16.1088
 44 220  1.0912  0.0000  0.0000
 52 220  1.1838  2.5000  7.5779
 60 220  1.3429  0.0000  0.0000
 68 220  0.3577  2.5000 13.4737
 76 220 -0.1434  3.5000  8.3934
 84 220  1.6777  0.0000  0.0000
 92 220  2.4068  0.0000  0.0000
100 220  2.5000  4.5000  4.0635
108 220  4.0491  0.0000  0.0000
116 220  5.3188  0.0000 17.0667
124 220  6.0130  0.0000  8.2581
132 220  5.8202  0.0000  0.0000
140 220  4.3475  0.0000  0.0000
148 220  1.9784  0.0000  0.0000
156 220  0.4218  0.0000 11.1304
164 220 -0.0496  0.0000  9.2850
172 220  0.0000  2.5000  8.8276
180 220 -0.0139  0.0000  0.0000
188 220 -0.2785  0.0000 11.1304
196 220 -0.1798 -0.6429  9.3822
204 220  0.6280  0.0000  0.0000
212 220  2.0637  0.0000  0.0000
220 220  3.4611  0.0000 11.1304
228 220  4.0975  0.0000  0.0000
236 220  3.1982  0.0000  0.0000
244 220  1.7580  0.0000  0.0000
252 220  1.0000  2.5000  9.2850
260 220  1.5254  0.0000 11.1304
268 220  2.5000  0.0000 11.1304
276 220  2.2380  0.0000  0.0000
284 220  2.2226  0.0000  0.0000
292 220  2.5000  0.0000  8.8276
