VARIABLES= "X pix", "Y pix", "U pix/dt", "V pix/dt", "CHC", ZONE I=28, J=37
  4   4 -0.0127  0.0108 10.5548
 12   4  0.0182 -0.0025 10.3625
 20   4 -0.0141 -0.0082 10.9256
 28   4 -0.0113  0.0000 10.6370
 36   4 -0.0005  0.0000 10.9141
 44   4 -0.0043 -0.0047 10.9006
 52   4 -0.0300  0.0000 11.0456
 60   4 -0.0587  0.0000 11.0734
 68   4 -0.0757  0.0000 10.9708
 76   4 -0.0710  0.0000 10.0666
 84   4 -0.0401  0.0113 11.8269
 92   4  0.0087  0.0000 12.7772
100   4  0.0668  0.0000 13.9590
108   4  0.0629  0.0000 13.0257
116   4  0.0324  0.0000 11.7754
124   4  0.0204  0.0000 11.0456
132   4  0.0050 -0.0168 10.9013
140   4  0.0000  0.0328 11.4627
148   4 -0.0045  0.0000 11.2221
156   4  0.0118  0.0000 11.9483
164   4  0.0422  0.0000 11.7754
172   4  0.0520  0.0000 11.9577
180   4  0.0228  0.0000 11.7754
188   4 -0.0212  0.0000 12.2922
196   4 -0.0434  0.0051 11.7561
204   4 -0.0277  0.0000 11.7754
212   4 -0.0045  0.0085 11.2112
220   4  0.0015  0.0000 11.4696
228   4 -0.0235  0.0000 11.1378
236   4 -0.0005  0.0000  9.0345
244   4  0.0000 -0.0082  8.7579
252   4  0.0121  0.0000 11.5031
260   4  0.0145  0.0000 10.6995
268   4 -0.0042  0.0000 10.5558
276   4 -0.0253  0.0000 11.9696
284   4 -0.0439  0.0000 13.0803
292   4 -0.0557  0.0000 13.0803
  4  12 -0.0625  0.0000  8.6775
 12  12 -0.0681  0.0000 10.7383
 20  12 -0.0541  0.0000 11.3351
 28  12  0.0256  0.0059 16.8773
 36  12  0.0243  0.0000 16.4829
 44  12  0.0000 -0.1463 16.6007
 52  12  0.0094 -0.0091 12.7441
 60  12 -0.0268  0.0142  8.4596
 68  12  0.0207 -0.0009 12.9249
 76  12  0.0006 -0.0181 10.7992
 84  12  0.0085 -0.0345  8.6194
 92  12  0.0362  0.0000  8.7890
100  12  0.0455  0.0000  9.5156
108  12  0.0164  0.0000 10.7352
116  12 -0.0218  0.0000 10.9418
124  12 -0.0329  0.0000 10.2197
132  12 -0.0138  0.0000 10.3538
140  12  0.0000 -0.0426 10.5654
148  12 -0.0101 -0.0082 10.2812
156  12 -0.0316  0.0000 10.1941
164  12  0.0084 -0.0292 12.3584
172  12  0.0431  0.0050  9.6849
180  12  0.0407  0.0000  9.9126
188  12  0.0355 -0.0020 10.0040
196  12  0.0000  0.0249  8.8920
204  12 -0.0189  0.0035 10.8679
212  12 -0.0311  0.0000 15.8223
220  12 -0.0351  0.0000 13.1928
228  12 -0.0423  0.0000 10.1010
236  12 -0.0774  0.0000  7.3143
244  12 -0.1200 -0.5000 10.6304
252  12 -0.0410  0.0000 11.1974
260  12 -0.0011  0.0000 10.6214
268  12  0.0008  0.0000 11.2853
276  12  0.0081  0.0000 11.0024
284  12  0.0035 -0.0110  7.9581
292  12 -0.0222 -0.0125  7.6679
  4  20  0.0045  0.0066 15.8650
 12  20  0.0134  0.0000 13.6024
 20  20  0.0324  0.0000 12.1205
 28  20  0.0349 -0.0652 12.9917
 36  20  0.0066  0.0000 12.9268
 44  20 -0.0288  0.0000 12.8653
 52  20 -0.0191 -0.0019 14.3157
 60  20 -0.0003  0.0364 17.6372
 68  20 -0.0223 -0.0021 16.0583
 76  20 -0.0045 -0.0306 17.6321
 84  20 -0.0396  0.0024 14.9688
 92  20  0.0017 -0.0067 13.7731
100  20  0.0281  0.0000 11.2563
108  20  0.0287  0.0000  9.7439
116  20  0.0288  0.0000 13.7553
124  20  0.0051  0.0000 12.8896
132  20 -0.0089  0.0000 13.1359
140  20 -0.0177  0.0011 12.6721
148  20 -0.0070  0.0000 13.6814
156  20  0.0141 -0.0049 12.9701
164  20 -0.0011  0.0087 13.9325
172  20  0.0112 -0.0103 12.9219
180  20 -0.0099  0.0012 12.2841
188  20  0.0124 -0.0188 17.2877
196  20  0.0060  0.0000 17.2564
204  20  0.0004  0.0015 18.5297
212  20  0.0004  0.0000 17.7064
220  20 -0.0134  0.0000 26.3533
228  20 -0.0028  0.0094 24.6988
236  20  0.0000  0.0045 13.7366
244  20 -0.0055  0.0029 12.8663
252  20 -0.0866  0.0394 14.0438
260  20 -0.0239  0.0245 18.2013
268  20 -0.0199  0.0273 12.3784
276  20  0.1049 -0.4553 11.0641
284  20  0.0481  0.0298  9.6988
292  20  0.0548  0.0000 15.8743
  4  28 -0.0392 -0.0066  9.3440
 12  28 -0.0288  0.0000 10.1595
 20  28 -0.0133  0.0053 10.1234
 28  28  0.0037  0.0036  9.5344
 36  28  0.0015 -0.0007 10.0190
 44  28  0.0190  0.0115 10.5041
 52  28  0.0025 -0.0007 10.1042
 60  28 -0.0001  0.0010 10.0674
 68  28 -0.0080  0.0000 10.4547
 76  28  0.0058 -0.0040 10.5848
 84  28  0.0434  0.0000  9.9499
 92  28 -0.0042 -0.0012 10.0302
100  28 -0.0056  0.0075 11.6527
108  28 -0.0010 -0.0072 16.5376
116  28 -0.0006  0.0203  9.2553
124  28 -0.0003  0.0201 10.4505
132  28 -0.0055  0.0000  9.1135
140  28  0.0019  0.0004  9.5459
148  28 -0.0025 -0.0129  9.7577
156  28  0.0033  0.0069 20.4413
164  28  0.0136  0.0111 14.2543
172  28 -0.0036 -0.0380 13.5243
180  28 -0.0105  0.0011 17.9971
188  28 -0.0139  0.0000 16.5215
196  28  0.0013 -0.0117  9.3716
204  28  0.0040 -0.0014  9.8716
212  28  0.0698  0.0000 10.7771
220  28  0.2017  0.0000 11.4448
228  28  0.0099  0.0021 10.3805
236  28  0.0003  0.0003 10.2785
244  28 -0.0000  0.0000 10.4049
252  28 -0.0081  0.0014 10.4504
260  28 -0.0031  0.0019 16.7857
268  28  0.0072  0.0018 17.5297
276  28  0.0000  0.0000 22.7157
284  28  0.0013  0.0061 20.7517
292  28  0.0032  0.0000 15.3563
  4  36  0.0179 -0.0049  7.8685
 12  36  0.1284  0.0000  7.8058
 20  36  0.0227  0.0000  7.1278
 28  36  0.0363  0.0000  6.5752
 36  36 -0.0004  0.0000  6.3934
 44  36 -0.0045  0.0000  6.2502
 52  36 -0.0059  0.0000  6.8714
 60  36 -0.0218 -0.0073  8.4929
 68  36  0.0000  0.0000  8.9250
 76  36  0.0022  0.0000  9.3013
 84  36  0.0128  0.0000 12.3152
 92  36  0.0301  0.0000 11.1784
100  36  0.0328  0.0000  9.1518
108  36  0.0530  0.0000  8.1876
116  36  0.0000  0.0000  8.3233
124  36  0.0000 -0.1448  6.3286
132  36 -0.1055  0.2468  9.1429
140  36  0.0425  0.0000 13.1641
148  36  0.3730 -0.0322 10.7933
156  36  0.0007 -0.0142 11.3550
164  36  0.0176 -0.0115 14.5130
172  36 -0.0080 -0.0164 13.8795
180  36  0.0020  0.0038 10.9708
188  36  0.0187  0.0000 13.2341
196  36  0.0482  0.0167  8.8101
204  36  0.0619  0.0000 14.3074
212  36  0.0637  0.0000 14.6166
220  36  0.0677  0.0000 13.3851
228  36  0.1238  0.0000 14.4906
236  36  0.2761 -0.0806  9.3746
244  36  0.0000 -0.2493 10.7749
252  36  0.0922 -0.0034 10.6934
260  36 -0.0054 -0.1624  9.0345
268  36 -0.0007  0.0000  9.5231
276  36 -0.0191  0.0000  6.6310
284  36 -0.0550  0.0054  7.1381
292  36 -0.0267  0.0000  8.3990
  4  44 -0.0050  0.0000 20.7059
 12  44  0.0221  0.0000  9.4208
 20  44  0.0578  0.0000 15.0352
 28  44  0.0491  0.0000 12.8227
 36  44  0.1392  0.0186 16.5919
 44  44  0.1125  0.0000 12.1260
 52  44  0.4836  0.0000 10.5606
 60  44  0.9358  0.0000  8.7453
 68  44  0.1090  0.0261  8.7691
 76  44  0.0634  0.0000  8.5829
 84  44 -0.0030  0.0000 12.5445
 92  44  0.0022  0.0000  9.2850
100  44 -0.0229  0.0000 16.1088
108  44 -0.0219  0.0000 11.1304
116  44  0.0162  0.0000  0.0000
124  44  0.0615  0.0000 20.7059
132  44  0.1272  0.0000 11.1304
140  44  0.1247  0.0000  0.0000
148  44  0.0698  0.0000  9.9632
156  44  0.0051  0.0168 17.5427
164  44  0.0075  0.0062  9.7033
172  44  0.0015  0.0050 11.2189
180  44  0.0307  0.0103  9.3598
188  44  0.0333  0.0000 10.1033
196  44  0.0547  0.0122  6.3303
204  44  0.0250  0.0146  9.1038
212  44  0.0053 -0.0336  8.2833
220  44 -0.0119  0.0000  8.9436
228  44  0.0026  0.0000 11.7410
236  44  0.0487  0.0000 10.7789
244  44  0.1369  0.0000 12.4405
252  44 -0.0348  0.0000 15.5414
260  44  0.0000 -0.0859 18.2857
268  44 -0.0121  0.1720  8.1091
276  44  0.7826  0.0000 16.6956
284  44  2.5000  0.0000  8.8276
292  44  0.2619 -0.0691  9.8479
  4  52 -0.1087  0.0000  8.9436
 12  52  0.0000  0.0000  7.4680
 20  52 -0.0091  0.0000  9.7047
 28  52 -0.0437  0.0000 11.1304
 36  52 -0.0641  0.0000 11.1304
 44  52  0.0004  0.0000 17.0667
 52  52  0.0353  0.0000  0.0000
 60  52  0.1965  0.0000  0.0000
 68  52  0.1987  0.0000 11.1304
 76  52  0.1019  0.0000 11.1304
 84  52 -0.0287  0.0000 11.1304
 92  52 -0.0944  0.0000 11.1304
100  52 -0.0806  0.0000 11.1304
108  52  0.0205  0.0000  0.0000
116  52  0.0647  0.0000 11.1304
124  52  0.0787  0.0000  0.0000
132  52  0.0551  0.0000 11.1304
140  52  0.0116  0.0000  0.0000
148  52 -0.0228  0.0000  7.4187
156  52  0.0015  0.0080 12.9061
164  52  0.1024  0.0000 17.6739
172  52  0.4833  0.0000  9.8113
180  52  0.0071 -0.0058 12.5150
188  52  0.0179  0.0000 19.0650
196  52 -0.0077 -0.0099  6.0492
204  52 -0.0382 -0.1028 16.6166
212  52  2.8274  0.3035  7.6077
220  52  0.9336  0.0000  8.0000
228  52  0.0226 -0.0317 15.2031
236  52 -0.1055  0.0000 20.9116
244  52  0.0000  0.0267 14.4906
252  52 -0.0449  0.0000 13.3851
260  52 -0.1040 -0.0185 11.2547
268  52  0.0013  0.0000  9.4762
276  52 -0.0788 -0.0028  9.5673
284  52  0.2342  0.1084 12.3556
292  52  0.2581  0.0845  8.9106
  4  60  0.1459  0.0000 13.5576
 12  60 -0.0365  0.0000 11.1304
 20  60 -0.1383  0.0000 11.1304
 28  60 -0.1522  0.0000  0.0000
 36  60  0.0560  0.0000 11.1304
 44  60  0.0847  0.0000 11.1304
 52  60  0.0735  0.0000  0.0000
 60  60  0.0525  0.0000  0.0000
 68  60 -0.0178  0.0000  0.0000
 76  60 -0.0745  0.0000 22.2609
 84  60 -0.0792  0.0000  0.0000
 92  60  0.0969 -0.3032  6.8069
100  60  1.3070 -0.0337 12.4709
108  60  0.7760  0.0000 11.1304
116  60  0.3975  0.0000  0.0000
124  60  0.0328  0.0000  0.0000
132  60 -0.1848  0.0000  0.0000
140  60  0.6774  0.0000 13.7544
148  60  0.0000  0.0000  7.3539
156  60 -0.0015 -0.0024 11.2497
164  60 -0.0022  0.0035 11.2196
172  60  0.0120 -0.0083 11.2316
180  60 -0.0035 -0.0122 10.6600
188  60  0.0010  0.0107  9.9990
196  60  0.0167 -0.0135  8.4571
204  60 -0.2099  0.0000 10.1243
212  60 -0.0619  0.0000  8.7453
220  60  0.2500  0.1544  7.8484
228  60  0.1757  0.0000  6.8970
236  60 -0.0295  0.0000  8.5951
244  60 -0.0673  0.0000 11.2640
252  60 -0.1334 -0.2839  9.4594
260  60  0.1457 -0.0255 10.2240
268  60  0.0440  0.0000 10.8982
276  60 -0.0132  0.0000 12.8227
284  60 -0.0125 -0.0289 18.3475
292  60 -0.0817  0.0000  7.2698
  4  68 -0.0833  0.0000 11.1304
 12  68  0.0000 -0.1960 11.1304
 20  68  0.2545  0.0000 16.1088
 28  68  0.9100  0.0000  0.0000
 36  68  0.8453  0.0000  0.0000
 44  68  0.7105  0.0000  0.0000
 52  68  0.2249  0.0000  0.0000
 60  68 -0.3503  0.0000 11.1304
 68  68 -0.5000  0.2274  6.6693
 76  68  0.1249  0.1809 13.5285
 84  68 -0.0557  0.0632 16.2106
 92  68  0.0000  0.0000 11.8053
100  68  0.0541  0.0000  8.3718
108  68 -0.2123 -0.0361 12.9019
116  68  0.3127 -0.1061  9.8739
124  68 -1.0819 -0.3408  9.6328
132  68 -0.7015  0.0000 11.1304
140  68 -0.5000  0.1180  9.2850
148  68 -0.0067 -0.0097 10.7935
156  68  0.1277  0.0000 19.4783
164  68 -0.0168  0.0395 14.3106
172  68  0.2978  0.0000  9.4208
180  68  0.6155 -0.3989  9.3968
188  68 -0.0861  0.1697  9.0225
196  68 -0.1844  0.0000  8.0000
204  68 -0.2435  0.0000  0.0000
212  68 -0.2901  0.0000  0.0000
220  68 -0.2528  0.0000  0.0000
228  68 -0.1355  0.0000  0.0000
236  68 -0.0177  0.0000  0.0000
244  68  0.1435  0.0000 16.1088
252  68  0.4205  0.0000 11.1304
260  68  0.5967  0.0000 16.1088
268  68  1.0856  0.0000 11.9011
276  68  0.6634  0.0000  8.6413
284  68  0.0000  0.0865  9.3216
292  68 -0.2787  0.0000 12.5085
  4  76  0.0345  0.0000  0.0000
 12  76  0.1008  0.0000 11.1304
 20  76  0.2262  0.0000 11.1304
 28  76  1.3495  0.0000 11.1304
 36  76  0.9418  0.0000 11.1304
 44  76  0.6498  0.0000 19.4783
 52  76 -0.3821  0.0000 11.1304
 60  76  0.0000 -0.5000  8.8276
 68  76  0.1014  0.0000 20.7503
 76  76  0.1641  0.0044 10.1279
 84  76  0.0701  0.1030  8.5082
 92  76  0.0768  0.1000 13.1674
100  76  0.2717  0.0000 17.0667
108  76  0.4195  0.0000 11.1304
116  76  0.0000  0.0955 11.7002
124  76 -0.1367  0.0000 11.1304
132  76 -0.3132  0.0000 12.0628
140  76 -0.5000  0.0000  8.8276
148  76 -0.4010  0.0000 15.0037
156  76 -0.1516  0.0000 12.0455
164  76 -0.0356  0.0000 12.0455
172  76 -0.0115  0.0000 11.1304
180  76 -0.0033  0.0000  0.0000
188  76  0.1334  0.1830 13.7634
196  76  1.5000 -2.1375  8.5593
204  76  1.0185  0.0000  8.0000
212  76  0.3407  0.0000  0.0000
220  76  0.0153  0.0000  0.0000
228  76  0.1336  0.0000 11.1304
236  76  0.3012  0.0000 11.1304
244  76  0.5652  0.0000 11.1304
252  76  3.3083  0.0000  0.0000
260  76  2.3971  0.0000 13.1641
268  76  1.4748  0.0000 11.1304
276  76 -0.1375  0.0000  0.0000
284  76  0.1202  0.0000 16.1088
292  76 -0.0418 -0.1521 12.6567
  4  84 -2.5000  0.0000 11.1304
 12  84 -1.6408  0.0000  0.0000
 20  84 -0.7427  0.0000 11.1304
 28  84 -0.1003  0.0000 19.4783
 36  84  0.3145  0.0000  9.9881
 44  84  0.3889  0.0000 11.1304
 52  84  0.2603  0.0000 15.6775
 60  84 -0.0596  0.0000 11.4658
 68  84 -0.3843  0.0000  8.2444
 76  84 -0.4359  0.0000 10.1261
 84  84 -0.0765 -0.0054  8.4663
 92  84  0.0300  0.0000  9.9881
100  84 -0.0057  0.0000 13.3565
108  84 -0.0515  0.0000 11.1304
116  84  0.1260  0.0000 13.5576
124  84  0.7916  0.0000 17.2183
132  84  0.6111  0.0000 11.1304
140  84  0.2119  0.0000 11.1304
148  84  0.0332  0.0000  9.4948
156  84  0.2057  0.0000  0.0000
164  84  0.4284  0.0000 11.1304
172  84  0.8028  0.0000  0.0000
180  84  4.9237  0.0000 11.1304
188  84  3.6293  0.0000  0.0000
196  84  2.5000  0.0000  8.8276
204  84 -0.3873  1.6050 10.7206
212  84  0.5628  0.0000 12.0628
220  84  1.5000  0.0000  8.2581
228  84 -1.5000  2.5000  8.2581
236  84 -1.5725  0.0000 12.0628
244  84 -0.8945  0.0000  0.0000
252  84 -0.2278  0.0000 17.0667
260  84  0.4169  0.0000 11.1304
268  84  0.9795  0.0000  0.0000
276  84  0.8730  0.0000  0.0000
284  84  0.3558  0.0000 11.1304
292  84 -0.1785  0.0000 11.1304
  4  92 -0.5000  0.0000  8.8276
 12  92 -0.2081  0.0000 17.0667
 20  92  0.0573  0.0000 13.7190
 28  92  0.0233  0.0000 17.6670
 36  92 -0.1028  0.0000 17.0667
 44  92 -0.0692  0.0000 16.6957
 52  92  0.1277  0.0000  9.7047
 60  92  0.0000  0.0000  6.6726
 68  92 -0.1898  0.0000 10.2910
 76  92 -0.2000  0.0000  8.2581
 84  92  0.1851 -0.0132 13.6110
 92  92  0.3700  0.0000 12.6340
100  92  0.7017  0.0000  0.0000
108  92  5.4227  0.0000 11.1304
116  92  3.8333  0.0000 16.1088
124  92  2.4339  0.0000 16.1088
132  92  0.6569  0.0000  0.0000
140  92  0.7272  0.0000 16.1088
148  92  0.8914  0.0000 12.0628
156  92 -0.5493  0.0000 17.0667
164  92 -0.8225  0.0000 13.1641
172  92 -0.4978 -0.3157  9.7360
180  92 -0.1513  0.0000 16.1088
188  92  0.5294  0.0000  0.0000
196  92  1.7567  0.0000  0.0000
204  92  1.5289  0.0000 16.1088
212  92  0.7161  0.0000  0.0000
220  92  0.1161  0.0000 11.1304
228  92  0.1824  1.6838  7.3143
236  92 -0.2533  0.0000 16.6956
244  92  0.1177  0.0000 13.5576
252  92  0.0107  0.0000  0.0000
260  92 -0.2493  0.0000 11.1304
268  92 -0.3313  0.0000  0.0000
276  92 -0.3257  0.0000 16.1088
284  92 -0.4263  0.0000 11.1304
292  92 -0.5404  0.0000 19.1045
  4 100 -0.5000 -0.1588 10.5785
 12 100  0.1043  0.0000  9.7047
 20 100  0.0502  0.0000 11.1304
 28 100  0.0582  0.0292 15.7491
 36 100  4.8958  0.0000 12.3458
 44 100  3.4776  0.0000 22.2609
 52 100  2.2336  0.0000 10.1191
 60 100  1.0724  0.0000 12.0204
 68 100  0.6871  0.0000 10.0068
 76 100  0.4395  0.0000  8.0000
 84 100 -0.1997  0.0000 15.9832
 92 100 -0.1744  0.0000 16.2126
100 100  0.0000 -0.1556 12.2969
108 100 -0.1635  0.0000 19.4783
116 100  0.2414  0.0000 11.1304
124 100  2.5000  0.0000  8.8276
132 100  1.8299  0.0000  7.0526
140 100  0.4830  0.0000 11.1304
148 100 -0.6989  0.0000 12.0455
156 100 -1.1114  0.0000 11.1304
164 100 -1.5000  0.0000  8.2581
172 100 -0.1556  0.0000 12.2969
180 100 -0.1939  0.0000  0.0000
188 100 -0.5000  0.1588 10.5785
196 100 -0.5453  0.0000 11.1304
204 100 -0.5462  0.0000  0.0000
212 100 -0.5727  0.0000 11.1304
220 100 -0.5220  0.0000 11.1304
228 100 -0.1212  0.0000 11.9011
236 100  0.3610 -0.3610  5.9535
244 100 -0.4969  0.0000 16.1088
252 100 -1.2165  0.0000 11.1304
260 100  3.8030  0.0000  0.0000
268 100  2.8438  0.0000 11.1304
276 100  1.9041  0.0000 11.1304
284 100  1.0761  0.0000  0.0000
292 100  0.5884  0.0000  0.0000
  4 108  0.2179 -0.3116  9.2563
 12 108 -0.1740 -0.1011 10.5700
 20 108  0.1853  0.0288 14.3751
 28 108  0.0493  0.0000  8.1249
 36 108 -0.2137  0.0000 11.1304
 44 108  0.0000  0.1960 11.1304
 52 108  1.4913  0.0000  0.0000
 60 108  1.2858  0.0000  0.0000
 68 108  0.0189  0.0000 11.1304
 76 108 -1.5000  0.0000  8.2581
 84 108 -1.8989  0.0000 11.1304
 92 108 -2.8288  0.0521 10.1243
100 108 -1.2868  0.0000 11.1304
108 108 -0.6384  0.0000 12.0455
116 108 -0.5719  0.0000  0.0000
124 108 -0.5575  0.0000  0.0000
132 108 -0.5228  0.0000  0.0000
140 108 -0.5031  0.0000 16.1088
148 108 -0.5000  0.0000  8.8276
156 108 -0.0610 -0.5000  7.7665
164 108 -0.1431  0.0000 12.0455
172 108 -1.4070 -0.1518 10.3087
180 108 -2.3898  0.0000  0.0000
188 108  2.7083  2.5000  6.1440
196 108  2.1915  0.0000 16.1088
204 108  1.5287  0.0000  0.0000
212 108  0.9458  0.0000  0.0000
220 108  0.5958  0.0000  0.0000
228 108  0.4008  0.0000 11.1304
236 108  0.1960  0.0000 11.1304
244 108  0.4346  0.0000  0.0000
252 108  0.1824  1.6838  7.3143
260 108  0.0223  0.0000  0.0000
268 108  0.4150  0.0000  0.0000
276 108  1.3417  0.0000  0.0000
284 108  1.4013  0.0000 11.1304
292 108  0.6619  0.0000  0.0000
  4 116 -0.3091  0.0000 15.7112
 12 116  0.0093  0.0000  7.4054
 20 116 -1.4341  0.0000  0.0000
 28 116 -0.7045  0.0000 16.1088
 36 116 -0.3866  0.0000  0.0000
 44 116 -0.3942  0.0000  0.0000
 52 116 -0.3998  0.0000  0.0000
 60 116 -0.2765  0.0000  0.0000
 68 116 -0.0834  0.0000  0.0000
 76 116 -0.0782  0.0000 12.0628
 84 116  0.0759 -0.2812  6.4755
 92 116 -0.0571  0.0213 15.2381
100 116 -1.2316  0.0000 13.7544
108 116 -2.5042  0.0000 11.1304
116 116  2.1744  0.0000 11.1304
124 116  1.7271  0.0000 11.1304
132 116  1.1749  0.0000  0.0000
140 116  0.7547  0.0000 11.1304
148 116  0.6737  0.0000  0.0000
156 116  1.0446  0.0000 13.1641
164 116  1.6618  0.0000 17.0667
172 116  1.3606  0.0000 13.1641
180 116  0.6796  0.0000  0.0000
188 116  0.3353  0.0000  0.0000
196 116  0.9317  0.0000  0.0000
204 116  1.8573  0.0000  0.0000
212 116  2.2131  0.0000  0.0000
220 116  2.3128  0.0000  0.0000
228 116  2.6632  0.0000  0.0000
236 116  3.5000 -0.1203  5.4468
244 116  0.0000  1.5000  5.4468
252 116  0.5000  0.0000  8.4768
260 116  0.1383  0.0000 16.1088
268 116 -0.1722  0.0000 11.1304
276 116 -0.2607  0.0000 15.2216
284 116 -0.0116  0.0000 16.1088
292 116  0.5220  0.0000 10.9491
  4 124  0.2910  0.0000  0.0000
 12 124  0.1782  0.0000 11.9011
 20 124 -0.1169  0.0000  8.4768
 28 124 -0.9479  0.0000  0.0000
 36 124 -1.9687  0.0000 11.1304
 44 124  2.0511  0.0000 11.1304
 52 124  1.4332  0.0000  0.0000
 60 124  0.8159  0.0000  0.0000
 68 124  0.3784  0.0000 19.4783
 76 124  0.3552  0.0000 16.1088
 84 124  1.0979  0.0000 16.1088
 92 124  2.8274 -0.3035  7.6077
100 124  2.0200  0.0000 16.1088
108 124  0.9646  0.0000 16.1088
116 124  0.3732  0.5000  9.6402
124 124  1.2990  0.0000 11.8583
132 124  2.4400  0.0000 12.0628
140 124  2.6982  0.0000 16.1088
148 124  2.9944  0.0000  0.0000
156 124  3.2739  0.0000 16.1088
164 124  3.1628  0.0000 11.1304
172 124  1.0562  0.0000 11.1304
180 124  0.4288  0.0000 16.1088
188 124  0.0317  0.0000  0.0000
196 124 -0.2429  0.0000 11.1304
204 124 -0.3443  0.0000  0.0000
212 124  0.0078  0.0000  0.0000
220 124  1.3653  0.0000  0.0000
228 124  0.4147  0.0000  0.0000
236 124  0.1936  0.0000  0.0000
244 124 -0.0953  0.0000  0.0000
252 124 -0.6122  0.0000 11.1304
260 124 -1.2028  0.0000 17.0667
268 124  2.1225  0.0000  0.0000
276 124  1.2308  0.0000 11.1304
284 124  0.4644  0.0000 16.1088
292 124 -0.1507  0.0000 10.1191
  4 132 -0.5419  0.0000 16.1088
 12 132 -0.5000  0.0000  8.8276
 20 132  1.1063  0.0000  0.0000
 28 132  1.2501  0.0000 11.1304
 36 132  0.8087  0.0000 11.1304
 44 132  0.6217  0.0000  0.0000
 52 132  1.3720  0.0000  0.0000
 60 132  2.5000  0.0000  8.8276
 68 132  2.1372  0.0000 16.1088
 76 132  2.5000  0.0000  8.8276
 84 132  2.5874  0.0000  0.0000
 92 132  2.1809  0.0000 11.1304
100 132  0.8669  0.0000 11.1304
108 132 -0.0698  0.2911 10.5124
116 132 -0.2576  0.0000 13.5576
124 132 -0.3513  0.0000  8.2581
132 132 -0.4989  0.0000 11.1304
140 132 -0.5000  0.0000  8.8276
148 132  2.5000  0.0000  8.8276
156 132  0.0000  0.0783  8.7945
164 132  0.1045 -0.4072 11.6193
172 132 -0.0692  0.0000  0.0000
180 132 -0.3095  0.0000 11.1304
188 132 -0.4882  0.0000  0.0000
196 132  2.0805  0.0000  0.0000
204 132  1.0202  0.0000  0.0000
212 132  0.2289  0.0000  0.0000
220 132 -0.3853  0.0000 11.1304
228 132 -0.7766  0.0000  0.0000
236 132 -0.7387  0.0000  0.0000
244 132  0.0796  0.0000  0.0000
252 132  0.4038  0.0000 11.1304
260 132  0.3148  0.0000 11.1304
268 132  0.2020  0.0000 11.1304
276 132  0.2477  0.0000  0.0000
284 132  0.0189  0.0347  9.6583
292 132  0.0000  1.7251  8.5018
  4 140  0.9245  0.0000 11.1304
 12 140  1.3516  0.0000  0.0000
 20 140  1.1638  0.0000 16.1088
 28 140  0.4508  0.0000 11.1304
 36 140 -0.1427  0.0000  0.0000
 44 140 -0.2398  0.0000 11.1304
 52 140 -0.1144  0.0000 11.1304
 60 140  0.0000  2.5000  8.8276
 68 140 -0.5000  0.0000  8.8276
 76 140  0.9254  0.0000  0.0000
 84 140  0.0612  0.0000  0.0000
 92 140 -0.0949  0.0000 11.1304
100 140 -0.1372  0.0000  0.0000
108 140 -0.1338  0.0000 12.0628
116 140  0.0000  0.0000 16.8408
124 140  1.5000  0.0000  8.2581
132 140  0.6488  0.0000  0.0000
140 140  0.0631  0.0000 11.1304
148 140 -0.3936  0.0000  0.0000
156 140 -0.6882  0.0000 11.1304
164 140 -0.7014  0.0000 11.1304
172 140 -0.3631  0.0000  0.0000
180 140 -0.1468  0.0000 12.0628
188 140 -0.1202  0.0000 11.1304
196 140 -0.1247  0.0000  0.0000
204 140 -0.0378  0.0000  0.0000
212 140  0.0776  0.1364  7.5160
220 140 -0.0876 -0.0503  5.3422
228 140  0.2980  0.0000 11.1304
236 140  0.5443  0.0000 11.1304
244 140  0.4346  0.0000 11.1304
252 140  0.0512  0.0000  0.0000
260 140 -0.2633  0.0000 11.1304
268 140 -0.2461  0.0000  0.0000
276 140 -0.0380  0.0000  9.4208
284 140  0.1311 -0.0163  8.9812
292 140 -0.1335  0.0000 13.9957
  4 148  0.2303  0.0000  0.0000
 12 148 -0.0842  0.0000 18.8048
 20 148 -0.2688  0.0000  8.8798
 28 148 -0.2166  0.0000  0.0000
 36 148 -0.0830  0.0000  0.0000
 44 148  0.1522  0.0000  0.0000
 52 148 -0.1521  0.1664 16.8251
 60 148  0.0804  0.0000 16.1088
 68 148 -0.0686  0.0000  0.0000
 76 148 -0.2855  0.0000  0.0000
 84 148 -0.4719  0.0000  0.0000
 92 148 -0.5559  0.0000  0.0000
100 148 -0.4956  0.0000 11.1304
108 148 -0.4408  0.0000 10.2492
116 148 -0.4342  0.0000  9.1224
124 148 -0.4050  0.0000  0.0000
132 148 -0.2766  0.0000  0.0000
140 148 -0.0728  0.0000 11.1304
148 148  0.0279  0.0000 11.1304
156 148  0.1669  0.0000 16.1088
164 148  0.1757  0.0000 16.1088
172 148  0.0238  0.0000 17.2183
180 148 -0.2356  0.0000 11.1304
188 148 -0.4302  0.0000  0.0000
196 148 -0.3274  0.0000 11.1304
204 148 -0.1165  0.0000  0.0000
212 148  0.0246  0.0000  6.6284
220 148 -0.0465 -0.2512  5.5920
228 148 -0.0106  0.0000  0.0000
236 148 -0.1628  0.0000  0.0000
244 148 -0.2702  0.0000  0.0000
252 148 -0.2237  0.0000  0.0000
260 148 -0.0804  0.0000  0.0000
268 148  0.1359  0.0000  0.0000
276 148 -0.5326  0.0000  0.0000
284 148 -0.1032  0.0000  0.0000
292 148 -0.0740  0.0000 19.1045
  4 156 -0.1151 -0.1151 16.5161
 12 156 -0.2125  0.0000  9.4948
 20 156 -0.3687  0.0000  0.0000
 28 156 -0.4867  0.0000 11.1304
 36 156 -0.5798  0.0000 11.1304
 44 156 -0.6510  0.0000 11.1304
 52 156 -0.6504  0.0000 11.2521
 60 156 -0.5018  0.0000 13.1641
 68 156 -0.1603  0.0000  0.0000
 76 156  0.2683  0.0000  0.0000
 84 156  0.3013  0.0000  0.0000
 92 156  0.0852  0.0000  0.0000
100 156 -0.1281  0.0000  0.0000
108 156 -0.3265  0.0000  0.0000
116 156 -0.5000  4.5000  4.0635
124 156 -0.3427  0.0000  0.0000
132 156 -0.1735  0.0000  0.0000
140 156 -0.0653  0.0000 11.1304
148 156 -0.0663  0.0000  0.0000
156 156 -0.0963  0.0000  0.0000
164 156 -0.1867  0.0000 12.0455
172 156 -0.2455  0.0000 13.0803
180 156 -0.2104  0.0000  0.0000
188 156 -0.0966  0.0000  0.0000
196 156  0.0652  0.0000  0.0000
204 156 -0.3173  0.0000  0.0000
212 156  0.0000  2.5000  8.8276
220 156 -0.0347  3.0000 12.8598
228 156 -0.0003  0.0000 16.1088
236 156  0.0000  2.0000 11.1304
244 156 -0.2171  0.0000 11.1304
252 156 -0.4400  0.0000 11.1304
260 156 -0.6363  0.0000 16.1088
268 156 -0.7904  0.0000  0.0000
276 156 -0.8545  0.0000  0.0000
284 156 -0.7328  0.0000 11.1304
292 156 -0.2592  0.0000  0.0000
  4 164  0.7085  0.0000 13.0803
 12 164  0.5903  0.0000 11.1304
 20 164  0.0918  0.0000 11.1304
 28 164 -0.1128  0.0000 11.1304
 36 164 -0.1263  0.0000  0.0000
 44 164 -0.0418  0.1521 12.6567
 52 164 -0.1366  0.0000  9.4948
 60 164 -0.1477  0.0000 11.1304
 68 164 -0.1093  0.0000  0.0000
 76 164 -0.0905  0.0000  0.0000
 84 164 -0.1282  0.0000  0.0000
 92 164 -0.1875  0.0000  0.0000
100 164 -0.2209  0.0000 11.1304
108 164 -0.1955  0.0000 11.1304
116 164 -0.1143  0.0000 11.1304
124 164  0.0000 -2.5000 12.0268
132 164 -0.0686  0.0000 11.1304
140 164  0.0232  0.0000  0.0000
148 164  0.0000  2.5000  8.8276
156 164 -0.0000  0.0000  0.0000
164 164 -0.0289  0.0000 11.1304
172 164 -0.1927  0.0000 12.0628
180 164 -0.4114  0.0000  0.0000
188 164 -0.6374  0.0000 11.1304
196 164 -0.8355  0.0000 11.1304
204 164 -0.9580  0.0000 11.1304
212 164 -0.9209  0.0000  0.0000
220 164 -0.5000  0.0000  8.8276
228 164  1.3070 -0.0337 12.4709
236 164  0.8411  0.0000  0.0000
244 164  0.0000 -0.5000 11.1304
252 164 -0.1274  0.0000  0.0000
260 164 -0.0629  0.0000 17.0667
268 164 -0.0265  0.0000 12.0628
276 164 -0.1352  0.0000  8.0000
284 164 -0.2054  0.0000  0.0000
292 164 -0.1797  0.0000 22.2609
  4 172 -0.1215 -0.1200 17.1775
 12 172 -0.1525  0.0000  0.0000
 20 172 -0.1832  0.0000  0.0000
 28 172 -0.1954  0.0000  0.0000
 36 172 -0.1717  0.0000 16.1088
 44 172 -0.1138  0.1378 11.4627
 52 172 -0.0463  0.0000 16.1088
 60 172  0.0831  0.0000  0.0000
 68 172  0.0384  0.0000  0.0000
 76 172 -0.0180  0.0000  0.0000
 84 172 -0.0596  0.0000  0.0000
 92 172 -0.0927  0.0000  0.0000
100 172 -0.1971  0.0000  0.0000
108 172 -0.3692  0.0000 16.1088
116 172 -0.5717  0.0000  0.0000
124 172 -0.7531  0.0000  0.0000
132 172 -0.8442  0.0000  0.0000
140 172 -0.7388  0.0000  0.0000
148 172 -0.2612  0.0000  0.0000
156 172  0.7300  0.0000  0.0000
164 172  0.6202  0.0000 11.1304
172 172  0.1329  0.0000 11.1304
180 172 -0.0274  0.0000 11.1304
188 172  0.0198  0.0000 16.1088
196 172 -0.0589  0.0000 11.1304
204 172 -0.2336  0.0000 16.1088
212 172 -0.3500  0.0000  0.0000
220 172 -0.3062  0.0000 11.1304
228 172 -0.2224  0.0000 11.1304
236 172 -0.1960  2.5000 11.1304
244 172 -0.1721  0.0000  0.0000
252 172 -0.1564  0.0000  0.0000
260 172 -0.1149  0.0000  0.0000
268 172 -0.0285  0.0000  0.0000
276 172  0.0502  0.0000 19.4783
284 172  0.1303  0.0000 11.1304
292 172  0.0348  0.0000 16.1416
  4 180 -0.0555  0.0000 11.1304
 12 180 -0.1347  0.0000 16.1088
 20 180 -0.1335  0.0000 11.1304
 28 180 -0.1722  0.0000 11.1304
 36 180 -0.2911  0.0000 12.0455
 44 180 -0.4559  0.0000 11.1304
 52 180 -0.6043  0.0000 11.1304
 60 180 -0.6630  0.0000  0.0000
 68 180 -0.5507  0.0000  0.0000
 76 180 -0.2030  0.0000  0.0000
 84 180  0.2869  0.0000 11.1304
 92 180  0.3172  0.0000 11.1304
100 180  0.1037  0.0000  0.0000
108 180  0.0000 -0.5000  8.8276
116 180  0.1174 -4.1710 14.6131
124 180 -0.0732  0.0000  0.0000
132 180 -0.3307  0.0000  0.0000
140 180 -0.5000  0.0000  8.8276
148 180 -0.3702  0.0000  0.0000
156 180 -0.2372  0.0000  0.0000
164 180 -0.1630  0.0000 11.1304
172 180 -0.1148  0.0000 11.1304
180 180 -0.0975  0.0000  0.0000
188 180 -0.0427  0.0000 12.0628
196 180  0.1172  0.0000  0.0000
204 180  0.3196  0.0000  0.0000
212 180  0.0965  0.0000  0.0000
220 180  0.0306  0.0000  0.0000
228 180 -0.0552  0.0000 11.1304
236 180 -0.1760  0.0000 15.0588
244 180 -0.1123  0.0000  0.0000
252 180 -0.0943  0.0000  0.0000
260 180 -0.1839  0.0000  0.0000
268 180 -0.3281  0.0000 11.1304
276 180 -0.4571  0.0000  0.0000
284 180 -0.5085  0.0000 11.1304
292 180 -0.4356  0.0000 11.1304
  4 188 -0.2316  0.0000 12.0628
 12 188  0.0097  0.0000  0.0000
 20 188  0.0690  0.0000  0.0000
 28 188  0.0102  0.0000 11.1304
 36 188 -0.0141  0.0000 12.0455
 44 188  0.0297  0.0000  0.0000
 52 188 -0.0869  0.0000  0.0000
 60 188 -0.2944  0.0000  0.0000
 68 188 -0.5000  0.0000  8.8276
 76 188 -0.1883  0.0000 11.1304
 84 188 -0.0943  0.0000  0.0000
 92 188 -0.0615  0.0000 11.1304
100 188 -0.0175  0.0000 22.2609
108 188 -0.0421  0.0000 16.1088
116 188  0.0000  2.5000  8.8276
124 188  0.2778  0.0000  0.0000
132 188  0.7387  0.0000 20.7059
140 188  0.0000  0.5000 11.1304
148 188  0.0476  0.0000 11.1304
156 188  0.0605  0.0000  0.0000
164 188 -0.0095  0.0000 11.1304
172 188  0.0043  0.0000  0.0000
180 188  0.0158  0.0000  0.0000
188 188 -0.0964  0.0000 12.0628
196 188 -0.2450  0.0000  0.0000
204 188 -0.3641  0.0000 11.1304
212 188 -0.4150  0.0000  0.0000
220 188 -0.3811  0.0000 11.1304
228 188 -0.2766  0.0000  0.0000
236 188 -0.1604  0.0000 12.0455
244 188 -0.1089  0.0000 16.1088
252 188 -0.0913 -0.2044 18.7317
260 188 -0.0547  0.0000  0.0000
268 188  0.0139  0.0000  0.0000
276 188  0.0736  0.0000 11.1304
284 188  0.1851  0.0000  0.0000
292 188  0.3767  0.0000  0.0000
  4 196  0.5577  0.0000 11.1304
 12 196  0.1841  0.0418 12.3683
 20 196  0.0179  0.0000 11.1304
 28 196  0.0687  0.0000 12.0455
 36 196 -0.0474  0.0000 13.1641
 44 196 -0.0414  0.0000  0.0000
 52 196  0.3553  0.0000  0.0000
 60 196  1.2274  0.0000  0.0000
 68 196 -0.1418  0.0000 16.1088
 76 196  0.0188  0.0000 11.1304
 84 196  0.1385  0.0000  0.0000
 92 196  0.0329  0.0000  0.0000
100 196 -0.0170  0.0000 12.0628
108 196  0.0000 -0.5000  8.8276
116 196 -0.1487  0.0000 16.1088
124 196 -0.2852  0.0000  0.0000
132 196 -0.3684  0.0000  0.0000
140 196 -0.3913  0.0000  0.0000
148 196 -0.3619  0.0000 16.1088
156 196 -0.3014  0.0000 12.0628
164 196 -0.2437  0.0000  8.8276
172 196 -0.2078  0.0000 12.1905
180 196 -0.1439  0.0000 11.1304
188 196 -0.0786  0.0000 12.0628
196 196  0.0204  0.0000  0.0000
204 196  0.2263  0.0000  0.0000
212 196  0.6645  0.0000 11.1304
220 196  1.3263  0.0000  0.0000
228 196  1.5261  0.0000  0.0000
236 196  0.1187  0.0000 11.1304
244 196 -0.2011  0.0000  0.0000
252 196  0.0000 -0.5000  8.8276
260 196 -0.2569  0.0000  0.0000
268 196 -0.3355  0.0000  0.0000
276 196  0.1491  0.0000 11.1304
284 196  1.6051  0.0000 11.1304
292 196 -0.4353  0.0000  0.0000
  4 204 -0.1712  0.0000  0.0000
 12 204  0.0000 -0.5000  8.8276
 20 204 -0.2742  0.0000 12.0628
 28 204 -0.4258  0.0000  8.2581
 36 204 -0.4567  0.0000 11.1304
 44 204 -0.5000  0.0000  8.8276
 52 204 -0.5206  0.0000 11.1304
 60 204 -0.4934  0.0000  0.0000
 68 204 -0.4296  0.0000  0.0000
 76 204 -0.3499  0.0000  0.0000
 84 204 -0.2731  0.0000  0.0000
 92 204 -0.2196  0.0000  0.0000
100 204 -0.1960  2.5000 11.1304
108 204 -0.0978  0.0000 16.1088
116 204 -0.0639  0.0000 11.1304
124 204 -0.0297  0.0000  0.0000
132 204  0.1451  0.0000  0.0000
140 204  0.6903  0.0000  0.0000
148 204  1.8450  0.0000 20.7059
156 204  2.5000  0.0000  8.8276
164 204 -0.5000  0.0000  8.2581
172 204 -0.7973  0.0000 19.1045
180 204 -0.6556  0.0000 13.5576
188 204 -0.7944  0.0000  0.0000
196 204 -0.9023  0.0000 11.1304
204 204 -0.5000 -0.1588 10.5785
212 204  1.5000  0.0000  8.2581
220 204 -0.7849  0.0000  0.0000
228 204 -0.5547  0.0000  0.0000
236 204 -0.8440  0.0000  0.0000
244 204 -1.0756  0.0000 11.1304
252 204 -1.1976  0.0000 11.1304
260 204 -1.1916  0.0000  0.0000
268 204 -1.0966  0.0000  0.0000
276 204 -0.9293  0.0000  0.0000
284 204 -0.7163  0.0000 11.1304
292 204 -0.5004  0.0000 16.1088
  4 212 -0.3158  0.0000  0.0000
 12 212 -0.1627  0.0000 11.9011
 20 212 -0.0337  0.0000 16.1088
 28 212  0.0653  0.0000  8.2581
 36 212  0.1341  0.0000  0.0000
 44 212  0.0408  0.0000  0.0000
 52 212 -0.1041  0.0000  0.0000
 60 212 -0.1764  0.0000 16.1088
 68 212  0.0000  2.5000  8.8276
 76 212  1.0621  0.0000 16.1088
 84 212  1.4129  0.0000 16.1088
 92 212 -0.0892  0.0000  8.0000
100 212 -0.6663  0.0000 11.1304
108 212 -0.8630  0.0000 11.1304
116 212 -1.1265  0.0000 11.1304
124 212 -1.3342  0.0000 11.1304
132 212 -1.1140  0.0000 11.1304
140 212  0.0112  0.0000 11.1304
148 212 -0.8085  0.0000 11.1304
156 212 -0.2116  0.0000  0.0000
164 212 -1.3070  0.0337 12.4709
172 212 -1.7859  0.0000 14.5615
180 212 -2.0836  0.0000  0.0000
188 212 -2.1070  0.0000 19.4783
196 212 -1.8707  0.0000 20.7059
204 212 -1.4602  0.0000 11.1304
212 212 -0.9853  0.0000  0.0000
220 212 -0.5543  0.0000  0.0000
228 212 -0.2396  0.0000  0.0000
236 212  0.0064  0.0000  0.0000
244 212  0.2411  0.0000  0.0000
252 212  0.4280  0.0000  0.0000
260 212  0.5000  0.0000 11.1304
268 212  0.2486  0.0000  0.0000
276 212 -0.0568  0.0000  0.0000
284 212 -0.2346  0.0000  0.0000
292 212 -0.1011  0.0000  0.0000
  4 220  0.5000  0.0000 11.1304
 12 220  0.7263  0.0000 11.1304
 20 220  0.1615  0.0000  0.0000
 28 220 -0.2950  0.0000 16.1088
 36 220 -0.6910  0.0000 11.1304
 44 220 -1.2307  0.0000  0.0000
 52 220 -1.7735  0.0000 11.1304
 60 220 -2.0724  0.0000 16.1088
 68 220 -1.9637  0.0000  0.0000
 76 220 -0.3309 -0.0637  7.1846
 84 220  2.5000 -0.3468 10.2045
 92 220  0.1113 -1.6014 11.9803
100 220 -1.9557  0.0000 11.1304
108 220 -3.0559  0.0000  0.0000
116 220 -3.2656  0.0000 11.1304
124 220 -2.8490  0.0000  0.0000
132 220 -2.0873  0.0000  0.0000
140 220 -1.2313  0.0000  0.0000
148 220 -0.5000  0.0000 11.1304
156 220 -0.0918  0.0000 11.1304
164 220  0.1960  0.0000 11.1304
172 220  0.5631  0.0000 12.0628
180 220  0.8340  0.0000  0.0000
188 220  0.8337  0.0000 11.1304
196 220  0.4586  0.0000 13.1641
204 220 -0.0390  0.0000 11.1304
212 220 -0.3553  0.0000  0.0000
220 220 -0.2844  0.0000 11.1304
228 220  0.1308  0.0000  0.0000
236 220  0.4620  0.0000  0.0000
244 220  0.4627  0.0000  0.0000
252 220  0.2555  0.0000  0.0000
260 220 -0.1960  0.0000 11.1304
268 220 -1.1679  0.0000  0.0000
276 220 -2.2635  0.0000  0.0000
284 220 -3.2499  0.0000  0.0000
292 220 -4.0874  0.0000  0.0000
