VARIABLES= "X pix", "Y pix", "U pix/dt", "V pix/dt", "CHC", ZONE I=28, J=37
  4   4  0.0000  0.0000 10.5567
 12   4  0.0000  0.0000 10.6461
 20   4  0.0000  0.0000 10.9708
 28   4  0.0200 -0.0044 10.9364
 36   4  0.0280 -0.0130 11.0177
 44   4  0.0000  0.0000 10.9708
 52   4 -0.0287 -0.0036 10.7255
 60   4 -0.0014  0.0096 10.4821
 68   4 -0.0452  0.0070 10.8928
 76   4  0.0000  0.0000 10.8649
 84   4  0.0000  0.0000 10.9708
 92   4 -0.0005  0.0004 11.2846
100   4  0.0000  0.0000 12.6816
108   4  0.0000  0.0000 11.9154
116   4  0.0000  0.0000 11.7754
124   4  0.0000  0.0000 11.7754
132   4  0.0036 -0.0106 11.8568
140   4  0.0000  0.0000 11.0456
148   4  0.0000  0.0000 11.9407
156   4  0.0000  0.0000 12.6664
164   4  0.0000  0.0000 11.7754
172   4  0.0000  0.0000 11.9577
180   4  0.0500  0.0777 11.3218
188   4  0.0515  0.0397 12.4075
196   4 -0.0043 -0.0411 11.2283
204   4  0.0000  0.0000 11.4294
212   4  0.0000  0.0000 11.6419
220   4  0.0042 -0.0724 12.0053
228   4  0.0000  0.0000 12.2402
236   4  0.0000  0.0000 10.9834
244   4  0.0000  0.0000 10.1204
252   4  0.0000  0.0000  9.8904
260   4 -0.0251 -0.0040 10.7817
268   4  0.0000  0.0241 10.3066
276   4  0.0000  0.0000 12.6320
284   4  0.0000  0.0000 13.0803
292   4  0.0000  0.0000 12.1563
  4  12  0.0000  0.0000  8.2034
 12  12  0.0000  0.0000 10.0825
 20  12  0.0139  0.0224 11.7381
 28  12 -0.1084 -0.0084 13.8319
 36  12 -0.0288 -0.0283 16.3835
 44  12  0.0310 -0.0035 12.9269
 52  12  0.0000  0.0000 11.5732
 60  12  0.0475  0.0135  9.0062
 68  12  0.0000  0.0000 13.4083
 76  12  0.0667  0.0031 11.8968
 84  12  0.0868 -0.0339  8.1885
 92  12 -0.0349 -0.0052  8.6576
100  12 -0.0548  0.0330  9.1155
108  12 -0.0066  0.0395 10.1995
116  12 -0.0472 -0.0057  9.5254
124  12  0.0000  0.0000 10.3044
132  12  0.0005 -0.0043 10.7104
140  12  0.0000  0.0000 10.2586
148  12  0.0000 -0.0106 10.2702
156  12  0.0000  0.0000  9.7091
164  12  0.1231  0.0046 12.2163
172  12  0.0724 -0.0046 17.0146
180  12 -0.0504 -0.0271 10.6506
188  12  0.0000  0.0000  9.5535
196  12  0.0000  0.0000  8.4402
204  12  0.0000  0.0000 11.4673
212  12  0.0000  0.0000 16.4675
220  12  0.0479  0.0053 13.1899
228  12  0.0065 -0.0200 12.5754
236  12  0.0000  0.0000 12.5159
244  12  0.0000  0.0000 10.8054
252  12  0.0000  0.0000  8.8610
260  12  0.0000  0.0000  8.5393
268  12  0.0000  0.0000 10.4515
276  12  0.0145 -0.1108  9.7518
284  12  0.0000  0.0000  8.0842
292  12  0.0000  0.0000  8.2692
  4  20  0.0000  0.0000 17.4882
 12  20  0.0000 -0.0022 16.6957
 20  20  0.0028  0.0170 14.6098
 28  20  0.0000  0.0000 15.8592
 36  20  0.0000  0.0000 16.5203
 44  20  0.0000  0.0000 14.4750
 52  20  0.0000  0.0000 14.8056
 60  20  0.0000  0.0000 13.7261
 68  20 -0.0325 -0.0023 14.4974
 76  20 -0.0206  0.0007 15.3252
 84  20  0.0000  0.0000 14.1640
 92  20  0.0266  0.0127 13.0504
100  20 -0.0057 -0.0037 11.8263
108  20  0.0000  0.0000 10.6797
116  20  0.0000  0.0000 15.3087
124  20  0.0000  0.0000 16.7983
132  20  0.0000  0.0000 16.3841
140  20 -0.0031  0.0022 15.8368
148  20 -0.0025 -0.0061 15.9600
156  20  0.0000  0.0000 14.9542
164  20  0.0031  0.0004 16.5916
172  20 -0.0110 -0.0100 13.0890
180  20  0.0044  0.0018 14.0347
188  20  0.0000  0.0000 21.1411
196  20  0.0000  0.0000 18.1044
204  20  0.0000  0.0000 20.8458
212  20  0.0000  0.0000 22.2007
220  20  0.0000  0.0000 42.6535
228  20  0.0000  0.0000  7.7075
236  20 -0.0539  0.0028  9.4815
244  20  0.0000  0.0000 15.0268
252  20  0.0000  0.0000 23.7724
260  20 -0.1378 -0.0068 14.1212
268  20  0.0338 -0.2235  9.7330
276  20 -0.0132  0.0419 14.4081
284  20 -0.0139 -0.0577 15.7085
292  20  0.0000  0.0000 14.8704
  4  28  0.0000  0.0000  8.9332
 12  28 -0.0018 -0.0513  9.9603
 20  28  0.0000  0.0000 10.0331
 28  28  0.0000  0.0000 10.2216
 36  28  0.0000  0.0000 10.2366
 44  28  0.0000  0.0000 10.3653
 52  28  0.0207 -0.0023 10.2726
 60  28  0.0000  0.0000  9.8509
 68  28  0.0000  0.0000 10.0548
 76  28 -0.0007 -0.0069 10.8753
 84  28  0.0000 -0.0001  9.8991
 92  28  0.0000  0.0000  9.6975
100  28 -0.0240 -0.0011 12.1455
108  28 -0.0024 -0.0097 15.9539
116  28  0.0000  0.0000  8.8935
124  28  0.0000  0.0000  9.4964
132  28 -0.0139  0.0010  8.6801
140  28 -0.0041  0.0088  8.7254
148  28 -0.0122 -0.0179  9.2582
156  28  0.0000  0.0000 15.5889
164  28 -0.0028 -0.0060 13.8182
172  28 -0.0166 -0.0234 12.6341
180  28  0.0162  0.0107 15.6735
188  28  0.0000  0.0000 13.8045
196  28  0.0000  0.0000 11.0629
204  28  0.0000 -0.0000  8.9193
212  28  0.0000  0.0000  9.3324
220  28  0.0000  0.0000  9.5332
228  28  0.0000  0.0000  9.5373
236  28  0.0012 -0.0070  8.9283
244  28  0.0000  0.0000  8.8326
252  28  0.0135  0.0072  9.1772
260  28  0.0000  0.0000 13.3950
268  28 -0.0014 -0.0014 14.8731
276  28  0.0088  0.0000 14.7209
284  28  0.0000  0.0000 27.6568
292  28 -0.0000  0.0000 13.3431
  4  36  0.0000  0.0000  7.4626
 12  36  0.0000  0.0000  7.0382
 20  36  0.0000  0.0000  6.6620
 28  36  0.0000  0.0000  6.8715
 36  36 -0.1970  0.0118  6.8386
 44  36  0.0000  0.0000  6.8970
 52  36  0.0000  0.0000  9.9740
 60  36  0.0000  0.0000 10.1740
 68  36  0.0000  0.0000 11.0617
 76  36  0.0000  0.0000 12.7644
 84  36  0.0000  0.0000 12.9951
 92  36  0.0000  0.0000 12.2484
100  36  0.0000  0.0000 10.5433
108  36  0.0000  0.0000 10.1360
116  36  0.0000  0.0000  7.4080
124  36  0.0000  0.0000  7.2868
132  36  0.0000  0.0000 12.0628
140  36  0.0000  0.0000 10.8891
148  36  0.0000  0.0000 19.1975
156  36  0.0000  0.0000 11.3331
164  36 -0.0000  0.0000 16.0239
172  36  0.0000  0.0000 13.8712
180  36  0.0226  0.0028 11.3800
188  36 -0.0096  0.0039 14.1071
196  36 -0.0214  0.0104  7.1522
204  36  0.0000  0.0000 17.1416
212  36  0.0000  0.0000 15.4368
220  36  0.0000  0.0000 10.8982
228  36  0.0000  0.0000 13.7993
236  36  0.0000  0.0000 11.4015
244  36 -0.0476  0.3112  9.9356
252  36  0.0000  0.0000 11.5204
260  36  0.0000  0.0000 13.3419
268  36  0.0000  0.0000 11.4556
276  36  0.0000  0.0000 11.0018
284  36  0.0000  0.0000 14.5585
292  36  0.0000  0.0000 11.6466
  4  44  0.0000  0.0000 11.1304
 12  44  0.0000  0.0000 15.2521
 20  44 -0.0455  0.0278 16.1758
 28  44  0.1392  0.0186 16.5919
 36  44  0.0000  0.0000 16.2968
 44  44  0.0000  0.0000 12.1260
 52  44  0.0000  0.0000  8.7705
 60  44  0.0000  0.0000  9.0038
 68  44  0.0000  0.0000  8.4696
 76  44  0.0000  0.0000  9.4249
 84  44  0.0000  0.0000 11.1304
 92  44  0.0000  0.0000 12.0455
100  44  0.0000  0.0000 11.1304
108  44  0.0000  0.0000  0.0000
116  44  0.0000  0.0000  8.8276
124  44  0.0000  0.0000 14.0379
132  44  0.0000  0.0000 11.0617
140  44  0.0000  0.0000 16.1088
148  44  0.0000  0.0000 11.1304
156  44  0.0000  0.0000 15.2340
164  44  0.0000  0.0000 11.2537
172  44  0.0000  0.0000 10.8873
180  44 -0.0052  0.0199  9.9963
188  44  0.0006  0.0190 14.2762
196  44  0.0409 -0.0026  7.0635
204  44 -0.1611  0.0047  8.9637
212  44  0.0000  0.0000  8.8816
220  44  0.0000  0.0000  8.9436
228  44  0.0000  0.0000  9.9062
236  44  0.0000  0.0000 16.4755
244  44  0.0000  0.0000 10.5290
252  44  0.0000  0.0000 12.9293
260  44  0.0000  0.0000 22.1282
268  44  0.0000  0.0000 14.2815
276  44  0.0000  0.0000  8.6413
284  44  0.0000  0.0000 11.9011
292  44  0.0000  0.0000  9.2086
  4  52  0.0000  0.0000  9.3518
 12  52  0.1354  0.0558  8.4183
 20  52  0.0000  0.0000  9.7494
 28  52  0.4239  0.1168  8.6154
 36  52  0.0000  0.0000 17.0667
 44  52  0.0000  1.5000  9.6497
 52  52  0.0000  0.0000  0.0000
 60  52  0.0000  0.0000  0.0000
 68  52 -0.5000  0.1134  7.5496
 76  52 -0.0333  0.2120 15.3955
 84  52  0.0000  0.0000 11.1304
 92  52  0.0000  0.0000 12.0628
100  52  0.0000  0.0000 11.1304
108  52  0.0000  0.0000 11.1304
116  52  0.0000  0.0000 16.1088
124  52  0.0000  0.0000 22.2609
132  52  0.0000  0.0000 11.1304
140  52  0.0000  0.0000  0.0000
148  52  0.0000  0.0000 13.1736
156  52  0.0000  0.0000 11.3682
164  52  0.0000  0.0000 19.7397
172  52  0.0000  0.0000 10.2758
180  52 -0.0212  0.0106 10.9313
188  52  0.0553 -0.0013 16.5622
196  52  0.0000  0.0000  6.8996
204  52  0.0000  0.0000 19.4783
212  52  0.0000  0.1469 10.3584
220  52  0.0000  0.0000 13.5872
228  52  0.0000  0.0000 13.7892
236  52  0.0000  0.0000 11.9477
244  52  0.0000  0.0000  9.4762
252  52  0.0000  0.0000 13.4569
260  52  0.0000  0.0000 15.4312
268  52  0.0000  0.0000 10.6270
276  52  0.0000  0.0000 10.8982
284  52  0.0000  0.0000 12.4998
292  52  0.0000  0.0000 13.3565
  4  60  0.0000  0.0000  0.0000
 12  60  0.0000  0.0000  0.0000
 20  60  0.0000  0.0000  0.0000
 28  60  0.0000  0.0000  0.0000
 36  60  0.0000  0.0000  0.0000
 44  60  0.0000  0.0000  0.0000
 52  60  0.0000  0.0000  0.0000
 60  60  0.0000  0.0000 17.0667
 68  60  0.0000  0.0000 11.1304
 76  60 -0.5000  0.0000  8.8276
 84  60  0.0000  0.0000  0.0000
 92  60  0.2483 -0.1160  9.3535
100  60 -2.8274 -0.3035  7.6077
108  60  0.0000  0.0000 20.7059
116  60  0.0000  0.0000 10.9491
124  60  0.0000  1.5000  5.6609
132  60  0.0000  0.0000  0.0000
140  60  0.0000  0.0000 13.5576
148  60  0.0000  0.0000  6.8101
156  60  0.0000  0.0000 11.3153
164  60  0.0000  0.0000 11.8469
172  60  0.0000  0.0000 11.6607
180  60 -0.0064 -0.0005 11.4233
188  60  0.0025  0.0018 11.2741
196  60  0.0214  0.0001  5.9652
204  60  0.0000 -0.0527 18.5922
212  60 -0.1633 -0.0202 14.4309
220  60  0.0000  0.0000 11.0903
228  60  0.0180 -0.3246  9.4570
236  60  0.0000  0.0000  9.7047
244  60  0.1150  0.0187 11.0251
252  60  0.0000  0.0000  8.5951
260  60  0.0000  0.0000 11.7363
268  60  0.1287  0.0287 10.9495
276  60  0.0000  0.0000 12.6526
284  60  0.0000  0.0000 14.6949
292  60 -0.2127  0.0332  9.1839
  4  68  0.0000  0.0000 11.1304
 12  68  0.0000  0.0000 11.1304
 20  68  0.0000  0.0000  0.0000
 28  68  0.0000  0.0000  0.0000
 36  68  0.0000  0.0000  0.0000
 44  68  0.0000  0.0000  0.0000
 52  68  0.0000  0.0000 22.2609
 60  68  0.0000  0.0000 16.1088
 68  68  0.0000  0.0000 12.5445
 76  68  0.1062 -0.1224 15.4140
 84  68  0.0000  0.0000 20.1250
 92  68  0.1173  0.1110 11.6945
100  68  0.0000  0.0000 22.2609
108  68  0.0000  0.0000 16.2126
116  68 -0.0360 -0.1854 12.6331
124  68  0.0000  0.0000 14.6949
132  68  0.0000  2.5000  8.8276
140  68  0.0000  0.0000 16.1088
148  68  0.0000  0.0000 10.5211
156  68  0.0000  0.0000  8.6617
164  68  0.0000  0.0000 15.3350
172  68  0.0000  0.0000 11.0983
180  68  0.0000  0.0000  9.7687
188  68  0.0000  0.0000 10.8235
196  68  0.0840 -0.0533  7.8253
204  68  0.0000  0.0000  0.0000
212  68  0.0000  0.0000 11.1304
220  68  0.0000  0.0000 11.1304
228  68  0.0000  0.0000 17.0667
236  68  0.0000  0.0000 10.9491
244  68  2.5000  0.1588 10.5785
252  68  0.0000  0.0000  0.0000
260  68 -0.5000  0.0000  9.9740
268  68  0.0983  0.6879  9.3209
276  68  0.0379 -0.1728 10.6533
284  68  0.0000  0.0000 11.2521
292  68  0.0000  0.0000  8.7760
  4  76  0.0000  0.0000 17.0667
 12  76  0.0000  0.0000  0.0000
 20  76  0.0000  0.0000  0.0000
 28  76  0.0000  0.0000  0.0000
 36  76  0.0000  0.0000  0.0000
 44  76  0.0000  0.0000 18.8048
 52  76  0.0000  0.0000  9.2086
 60  76  0.0000  0.0000 11.1304
 68  76  0.0000  0.0000 15.5414
 76  76  0.0140  0.1543 11.0678
 84  76  0.0638  0.0117  8.2936
 92  76 -0.0264 -0.0911 13.8451
100  76  0.1548  0.1751  7.0576
108  76  0.0000  0.0000 13.7544
116  76     NaN  0.0000 17.0667
124  76  0.0000  0.0000 10.1191
132  76 -0.2645 -0.0585 13.3056
140  76  0.0000  0.0000 11.9011
148  76 -0.0540  0.1199 17.4457
156  76  0.0000  0.2952 12.1905
164  76  0.2561  0.0644  9.2311
172  76  0.0000  0.0000 11.1304
180  76  0.0000  2.5000  5.4468
188  76  0.0000  0.0000 19.4783
196  76  0.0000  0.0000 13.1641
204  76  0.0569 -0.0176 17.8000
212  76  0.0000  0.0000 11.1304
220  76  0.0000  0.0000  0.0000
228  76  0.0000  0.0000  0.0000
236  76 -0.0961 -0.2917  8.4628
244  76  0.0000  0.0000  0.0000
252  76  0.0000  0.5000 11.1304
260  76  0.0000  0.0000 11.1304
268  76  0.0000  0.0000 11.1304
276  76  0.0000  0.0000 16.1088
284  76  0.0000  0.0000 11.1304
292  76  0.0000  0.0000 16.1088
  4  84  0.0000  0.0000  0.0000
 12  84  0.0000  0.0000 11.1304
 20  84  0.0000  0.0000 17.0667
 28  84  0.0000  0.0000 13.0803
 36  84  2.3162  0.1023  9.7439
 44  84  0.0000  0.0000 19.1045
 52  84  0.0000  0.0000 18.1858
 60  84  0.0000  0.0000 12.6886
 68  84  0.0000  0.0000  8.2444
 76  84  0.0000  0.0000  9.9697
 84  84  0.0000  0.0000 14.0555
 92  84  0.0674 -0.0584  9.7732
100  84 -0.2855 -0.0329 12.1905
108  84  0.0000  0.0000 20.7059
116  84  0.3851 -0.0340  7.8933
124  84  0.0000  0.0000 11.9011
132  84  0.0000  0.0000 11.1304
140  84  0.0000  0.0000 16.1088
148  84  0.0000  0.0000 13.6629
156  84  0.0000  0.0000 13.5576
164  84  0.0000  0.0000  0.0000
172  84  0.0000  0.0000  0.0000
180  84  0.0000  0.0000  0.0000
188  84  0.0000  0.0000  0.0000
196  84  0.0000  0.0000 15.5009
204  84  0.0000  0.0000 17.0667
212  84 -0.5000  0.0000  8.8276
220  84  0.0000  0.0000  0.0000
228  84 -0.5000  0.0391  9.3822
236  84  0.0000  0.0000 20.7059
244  84  0.0557  0.0193 15.2661
252  84  0.0000  0.0000  0.0000
260  84  0.0000  0.0000  0.0000
268  84  0.0000  0.0000 11.1304
276  84  0.0000  0.0000 11.1304
284  84  0.0000  0.0000 11.1304
292  84  0.0000  0.0000 13.7892
  4  92  0.0000  0.0000 11.1304
 12  92  0.0452 -0.5000  5.9535
 20  92  0.0000  0.0000 11.7754
 28  92  1.0000 -0.0471 12.9293
 36  92  0.0000  0.0000 11.1304
 44  92  0.0000  0.0000  9.4208
 52  92 -0.1138 -0.3705 10.5656
 60  92  0.0000  0.0000  8.7016
 68  92  0.0000  0.0000 13.5872
 76  92  0.0000  0.0000 11.1304
 84  92  0.0411  0.8213 10.8404
 92  92  0.0000  0.0000 15.0588
100  92  0.1113 -1.6014 11.9803
108  92  0.0000  0.0000 17.2183
116  92  0.0000  0.0000  9.2850
124  92  0.0000  0.0000  0.0000
132  92  0.0000  0.0000  0.0000
140  92  0.0000  0.0000  0.0000
148  92  0.0000  0.0000 12.0455
156  92  0.0000  0.0000 11.1304
164  92 -0.0648 -0.1660 17.6652
172  92  0.0000  0.0000 19.4783
180  92  0.0000  0.0000 13.5576
188  92  0.0000  0.0000 17.0667
196  92  0.0000  0.0000  0.0000
204  92  0.0000  0.0000 12.9600
212  92  0.9363 -0.1262 13.1105
220  92  0.0000  0.0000  0.0000
228  92 -0.0283 -0.2875 10.6787
236  92 -0.0540 -0.2047 12.8294
244  92  0.0000  0.0000 13.7892
252  92  0.0000  0.0000  0.0000
260  92  0.0000  0.0000  0.0000
268  92  0.0000  0.0000  0.0000
276  92  0.0000  0.0000 11.1304
284  92  0.0000  0.0000 11.1304
292  92  0.0000  0.0000 21.1729
  4 100  0.0000  0.0000 12.3458
 12 100  0.2743  0.0236 10.8782
 20 100  0.2743  0.0236 10.8782
 28 100  0.0000  0.0000 11.9011
 36 100  0.1841 -0.0418 12.3683
 44 100 -1.3410 -0.1981 13.7790
 52 100  0.0299 -0.0223  8.9135
 60 100  0.0000  0.0000 11.3918
 68 100  0.0000  0.0000  8.7810
 76 100  0.1480  0.4328  9.5325
 84 100  0.0439  0.1884  8.2835
 92 100  0.0000  0.0000 11.4848
100 100  0.2907 -0.0403 10.5761
108 100  0.1151 -0.1151 16.5161
116 100  0.0000  0.0000 11.1304
124 100 -0.0306  1.1731 10.3746
132 100 -0.3326  0.0953 13.0753
140 100  0.0000  0.5000  7.8528
148 100  0.0000  0.0000 16.1088
156 100 -0.5000  0.0000  8.2581
164 100  0.0000  0.0000 19.1045
172 100  0.0000  0.0000 12.0628
180 100  0.0000  0.0000 11.1304
188 100     NaN  0.0000 17.0667
196 100  0.0000  0.0000  0.0000
204 100  0.0000  0.0000  0.0000
212 100  0.0000  0.0000 19.4783
220 100  0.0000  0.0000 11.1304
228 100  0.0000  0.0000 20.7059
236 100  0.0000  0.0000 15.4912
244 100  0.0000  0.0000 11.1304
252 100  0.0000  0.0000  0.0000
260 100  0.0000  0.0000 11.1304
268 100  0.0000  0.0000  0.0000
276 100  0.0000  0.0000 11.1304
284 100  0.0000  0.0000 11.1304
292 100  0.0000  0.0000 11.1304
  4 108  0.0000  0.0000 14.6516
 12 108  0.1451 -0.0181 10.8792
 20 108  0.1028  0.1213 11.5106
 28 108 -0.1329 -0.5000  8.7863
 36 108 -0.8288  0.0412  9.9740
 44 108  0.2855 -0.1732 10.8782
 52 108  0.0000  0.0000 10.1010
 60 108  0.0000  0.0000 10.1010
 68 108 -0.0563  0.5407  8.9043
 76 108  0.2080  0.2715 12.3107
 84 108 -0.1318  0.0214 11.1304
 92 108 -0.0604 -0.5592  8.2306
100 108  0.0000  0.5000  8.2581
108 108 -0.0698 -0.2911 10.5124
116 108  0.0000  0.0000 11.1304
124 108  0.0000  0.0000 11.1304
132 108  0.0000  0.0000 16.1088
140 108  0.0000  0.0000 16.1088
148 108  0.1180 -0.5000  9.2850
156 108 -0.1040 -0.6574  8.9237
164 108  0.0000  0.0000 14.9924
172 108  0.0000  0.0000 13.1641
180 108  0.0000  0.0000 11.1304
188 108  0.0000  0.0000 12.0628
196 108  0.0000  0.0000 11.1304
204 108  0.0000  0.0000  0.0000
212 108  0.0000  0.0000  0.0000
220 108  0.0000  0.0000 16.1088
228 108  0.0000  0.0000  0.0000
236 108  0.0000  0.0000  0.0000
244 108  0.0000  0.0000 11.1304
252 108  0.0000  0.0000 11.1304
260 108  0.0000  0.0000 11.1304
268 108  0.0000  0.0000  0.0000
276 108  0.0000  0.0000  0.0000
284 108  0.0000  0.0000  8.2581
292 108  0.0000  0.0000 16.1088
  4 116  0.0737 -0.3020 10.7100
 12 116  0.0000  0.0000  8.7468
 20 116  0.0000  0.0000 13.1204
 28 116  0.0000  0.0000 12.0628
 36 116  0.0000  0.0000  0.0000
 44 116  0.0000  0.0000  0.0000
 52 116  0.0000  0.0000 13.5576
 60 116  0.0000  0.0000 16.1088
 68 116 -0.2483  0.1160  9.3535
 76 116  0.0000  0.0000  0.0000
 84 116 -0.5976  0.0213  8.2636
 92 116  0.0552 -0.0962  9.5631
100 116     NaN     NaN  9.3822
108 116  0.0000  0.0000 11.4743
116 116  0.0000  0.0000 16.1088
124 116  0.0000  0.0000 11.1304
132 116     NaN -0.1110  8.4253
140 116  0.0000 -0.5000  8.8276
148 116  0.0000  0.0000  0.0000
156 116  0.0000  0.0000 13.1641
164 116  0.0000  0.0000 17.2183
172 116  0.0000  0.0000  8.8276
180 116  0.0000  0.0000  0.0000
188 116  0.0000  0.0000 13.3565
196 116  0.0000  0.0000 12.0628
204 116  0.0000  0.0000 11.1304
212 116  0.0000  0.0000 11.1304
220 116  0.0000  0.0000 11.1304
228 116  0.0000  0.0000  0.0000
236 116  0.0000  0.0000  0.0000
244 116  0.0696 -0.0812 10.9765
252 116  0.0000  0.0000 11.1304
260 116  0.0000  0.0000 11.1304
268 116  0.0000  0.0000 12.2189
276 116  0.2014  0.1549  9.0685
284 116  0.1676  0.6067  8.2286
292 116  0.1691  0.0000 12.0517
  4 124 -0.3878 -0.0763  7.5294
 12 124  0.0000  0.0000 11.1304
 20 124 -0.1057  0.3909  6.6232
 28 124  0.0000  0.0000 11.1304
 36 124  0.0000  0.0000 11.1304
 44 124  0.0000  0.0000  0.0000
 52 124  0.0000  0.0000 11.1304
 60 124 -0.5000 -0.0255  9.7158
 68 124 -0.0417 -0.1134  7.3143
 76 124  0.0000  0.0000  0.0000
 84 124 -0.0043 -0.1527 18.0349
 92 124 -0.1589 -0.3095  6.8970
100 124  0.0000  0.0000 12.0628
108 124 -0.3610 -0.3610  5.9535
116 124  0.0000  0.0000  0.0000
124 124  0.0000  0.0000 15.5009
132 124  0.0000  0.0000  0.0000
140 124  0.0000  2.5000  8.8276
148 124  0.0000  0.0000  0.0000
156 124 -1.5000  0.0000  8.2581
164 124  0.0000  0.0000 16.9590
172 124  0.0000  0.0000 11.1304
180 124  0.0000  0.0000  0.0000
188 124  0.0000  0.0000 16.1088
196 124     NaN  0.0000 17.0667
204 124  0.0000  0.0000 12.5902
212 124  0.0000  0.0000  0.0000
220 124  0.0000  0.0000  0.0000
228 124 -0.0300 -0.2402 12.9076
236 124  0.0000  0.0000  8.0000
244 124  0.0000  0.0000  0.0000
252 124  0.0000  0.0000  0.0000
260 124  0.0000  0.0000  0.0000
268 124  0.0000  0.0000 12.5445
276 124  0.0709  0.0000 11.5920
284 124  0.0000  0.0175 11.5291
292 124  0.0000  0.0000 11.9039
  4 132  0.0000  0.0000 10.4446
 12 132  0.0000  0.0000 19.5188
 20 132  0.0000  0.0000 13.5576
 28 132  0.0000  0.0000 11.1304
 36 132  0.0000  0.0000 11.1304
 44 132  0.0000  0.0000  0.0000
 52 132  0.0000  0.0000  0.0000
 60 132  0.0000  0.0000 11.0617
 68 132  0.0418 -0.1521 12.6567
 76 132  0.0000  0.0000 21.1729
 84 132  0.5867 -1.2412  8.8276
 92 132  0.7393  0.5000  9.3809
100 132  0.0000  0.0000 16.1088
108 132 -0.0547  0.1462  7.3597
116 132  0.0000  0.0000 17.2183
124 132  0.0541  0.5000  8.3718
132 132  0.0000  0.0000 16.1088
140 132  0.0000  0.0000 11.1304
148 132  0.0000  0.0000  0.0000
156 132  0.0000  0.0000  0.0000
164 132  0.0544  0.0000  9.8359
172 132  0.0232  0.0334 13.7114
180 132  0.0000  0.0000  7.0932
188 132  0.0000  0.0000 11.1304
196 132  0.0000  0.0000 11.1304
204 132  0.0000  0.0000 10.5556
212 132  0.0000  0.0000  8.4768
220 132  0.0000  0.0000  0.0000
228 132  0.0000  0.0000 11.1304
236 132  0.0000  0.0000  0.0000
244 132  0.0000  0.0000  0.0000
252 132  0.0000  0.0000  0.0000
260 132  0.0000  0.0000  0.0000
268 132  0.0000  0.0000 11.1304
276 132  0.0000  0.0000 16.1088
284 132  0.0000  0.0000  7.3911
292 132  0.0000  0.0000 12.0628
  4 140  0.0000  0.0000 17.0667
 12 140  1.3070  0.0337 12.4709
 20 140  0.0000  0.0000 13.1641
 28 140  0.0000  0.0000  8.0000
 36 140  0.5000  0.0000  8.4768
 44 140  0.0000  0.0000  0.0000
 52 140 -0.5000  0.0000  8.8276
 60 140 -0.0634  0.0922 12.5396
 68 140  0.0000  0.0000  0.0000
 76 140  0.0000  0.0000  0.0000
 84 140  0.0000  0.0000  0.0000
 92 140  0.0000  0.0000 16.1088
100 140  0.0000  0.0000 11.1304
108 140 -0.1817 -0.4235  9.6020
116 140  0.0000  0.0000 18.5922
124 140  1.6359 -0.0704  7.6567
132 140  0.0000  0.0000 11.1304
140 140  0.4043  0.4043  8.0000
148 140  0.0000  0.0000 11.1304
156 140  0.0000  0.0000 16.5009
164 140  0.0000  0.0000 12.8600
172 140  0.0000  0.0000  8.0000
180 140 -0.1334  0.1830 13.7634
188 140  0.0000  0.0000  0.0000
196 140  0.0000  0.0000  0.0000
204 140  0.0000  0.0000 11.1304
212 140  0.0000  0.0000 16.1088
220 140  0.0000  0.0000  0.0000
228 140  0.0000  0.0000  0.0000
236 140  0.0000  0.0000  0.0000
244 140  0.0000  0.0000  0.0000
252 140  0.0000  0.0000  0.0000
260 140  0.0000  0.0000  0.0000
268 140  0.0000  0.0000 16.1088
276 140  1.5000  2.5000  8.2581
284 140  0.0000  0.0000 11.9011
292 140  0.0000  0.0000  0.0000
  4 148  0.0000  2.0000 11.1304
 12 148  0.0000  0.5000 11.1304
 20 148  0.4431 -0.0274  9.7627
 28 148  0.0000  0.0000  0.0000
 36 148  0.0000  0.0000  0.0000
 44 148  0.0000  0.0000 11.1304
 52 148  0.0000  0.0000 13.3565
 60 148  0.0000  0.0000 16.1088
 68 148  0.0000  0.0000  0.0000
 76 148  0.0000  0.0000 11.1304
 84 148  0.0000  0.0000 11.1304
 92 148  0.0000  0.0000  0.0000
100 148 -0.0775 -2.8282  5.6999
108 148  0.0000  0.0000 14.5615
116 148 -0.1397  0.0000 11.0345
124 148  0.0000  0.0000  0.0000
132 148  0.0000  0.0000  0.0000
140 148  0.0000  0.0000  0.0000
148 148  0.0000  0.0000 11.1304
156 148  0.0000  0.0000 11.1304
164 148  0.0000  0.0000 12.6818
172 148  0.0000  0.0000 19.1045
180 148  0.0000  0.0000 11.1304
188 148     NaN  0.0000 17.0667
196 148  0.0000  0.0000 11.1304
204 148 -2.0000  0.3130 11.9803
212 148  0.0000  0.3577 13.4737
220 148  0.0000  0.0000 11.1304
228 148  0.0000  0.0000  0.0000
236 148  0.0000  0.0000  0.0000
244 148  0.0000  0.0000 13.5576
252 148  0.0000  0.0000  0.0000
260 148  0.0000  0.0000 11.1304
268 148  0.0000  0.0000 11.1304
276 148  0.3973  2.0000  8.0910
284 148 -0.0940  1.0523  8.7802
292 148  0.0000  0.0000  8.9968
  4 156 -0.1215  0.1200 17.1775
 12 156 -0.0988  0.3007 10.8141
 20 156  0.0000  0.0000  0.0000
 28 156  0.0000  0.0000  0.0000
 36 156  0.1113  1.6014 11.9803
 44 156  0.0000  0.0000 12.9293
 52 156 -0.3333  0.8967  8.0397
 60 156  0.0000  0.0000  0.0000
 68 156  0.0000  0.0000  0.0000
 76 156  0.0000  0.0000  0.0000
 84 156  0.0000  0.0000  0.0000
 92 156  0.0000  0.0000 11.1304
100 156  0.0000  0.0000  8.0190
108 156  0.0000  0.0000 18.6506
116 156 -0.0596  0.0199  8.8730
124 156  0.0000  0.0000  0.0000
132 156  0.0000  0.0000  0.0000
140 156  0.0000  0.0000  0.0000
148 156  0.0000  0.0000  0.0000
156 156  0.0000  0.0000  0.0000
164 156  0.0000  0.0000 12.0628
172 156  0.0000  0.0000  0.0000
180 156  0.0000  0.0000  0.0000
188 156  0.0000  0.0000  0.0000
196 156  0.1960  2.5000 11.1304
204 156  0.0000  0.0000  0.0000
212 156 -0.3116 -0.2638  8.8684
220 156  0.0000  0.0000  0.0000
228 156  0.0000  0.0000  0.0000
236 156  0.0000  0.0000 11.1304
244 156  0.0000  0.0000 11.1304
252 156  0.0000  0.0000 11.1304
260 156  0.0000  0.0000  0.0000
268 156  0.0000  0.0000 11.1304
276 156  0.0000  0.0000 17.8000
284 156  0.0000  0.0000 17.0667
292 156  0.0000  0.0000  0.0000
  4 164  0.0000  0.0000 14.2973
 12 164  1.5000  0.0000  8.2581
 20 164  0.0000  2.5000  8.8276
 28 164  0.0000  0.0000 11.1304
 36 164  0.0000  0.0000 13.4344
 44 164  0.1469  0.0000 10.3584
 52 164  0.0000  2.5000  8.8276
 60 164  0.0000  0.0000  0.0000
 68 164  0.0000  0.0000  0.0000
 76 164  0.0000  0.0000  0.0000
 84 164  0.0000  0.0000  0.0000
 92 164  0.0000  0.0000 11.1304
100 164  0.0000  0.0000  8.7810
108 164 -0.1347 -0.0184 15.3921
116 164  1.1733  0.0000  8.5333
124 164  0.0000  0.0000 17.0667
132 164  0.0000  0.0000 13.5576
140 164  0.0000  0.0000  0.0000
148 164  0.0000  0.0000  0.0000
156 164  0.0000  0.0000  0.0000
164 164  0.0000  0.0000 16.1088
172 164  0.0000  0.0000 17.2183
180 164  0.0000  0.0000  0.0000
188 164  0.0000  0.0000 11.1304
196 164  0.0000  0.0000  0.0000
204 164  0.0000  0.0000  0.0000
212 164  0.0000  0.0000 16.1088
220 164  0.0000  0.0000  0.0000
228 164  0.0000  0.0000  0.0000
236 164  0.0000  0.0000 11.1304
244 164  0.0000  0.0000 16.7450
252 164  0.0000  0.0000  0.0000
260 164  0.0000  0.0000 11.1304
268 164  0.0000  0.0000 15.6775
276 164  0.0000  0.0000 17.2183
284 164  0.0000  0.0000 11.1304
292 164  0.0000  0.0000  0.0000
  4 172  0.0000  0.0000  1.0000
 12 172  0.0000  0.0000  0.0000
 20 172  0.0000  0.0000  0.0000
 28 172  0.0000  0.0000 11.1304
 36 172     NaN  0.0000 17.0667
 44 172  0.0000  0.0000 10.1191
 52 172  0.0000  0.0000  0.0000
 60 172  0.0000  0.0000  0.0000
 68 172  0.0000  0.0000  0.0000
 76 172  0.0000  0.0000  0.0000
 84 172  0.0000  0.0000  0.0000
 92 172  0.0000  0.0000  0.0000
100 172  0.0000  0.0000  8.0000
108 172  0.0983 -0.6879  9.3209
116 172  0.0000  0.0000 11.1304
124 172  0.0000  0.0000 11.1304
132 172  0.0000  0.0000 19.1045
140 172  0.0000  0.0000 11.1304
148 172  0.0000  0.0000 11.1304
156 172  0.0000  0.0000 19.1045
164 172 -0.0698 -0.2911 10.5124
172 172  0.0000  0.0000 12.0628
180 172  0.0000  0.0000  0.0000
188 172  0.0000  0.0000 11.1304
196 172  0.0000  0.0000  0.0000
204 172  0.0000  0.0000 17.0667
212 172  0.0000  0.0000 11.1304
220 172  0.0000  0.0000  0.0000
228 172  0.0000  2.5000 12.0628
236 172  0.0000  0.0000 20.7059
244 172  0.0000  0.0000  0.0000
252 172  0.0000  0.0000  0.0000
260 172  0.0000  0.0000  0.0000
268 172  0.0000  0.0000  0.0000
276 172  0.0000  0.0000  0.0000
284 172  0.0000  0.0000  0.0000
292 172  0.0000  0.0000 16.1088
  4 180  0.0000  0.0000 12.5445
 12 180  0.0000  0.0000 13.4344
 20 180  0.0000  0.0000  0.0000
 28 180  0.0000  0.0000  8.0000
 36 180  0.0000  0.0000 13.0803
 44 180  0.0000  0.0000 10.1191
 52 180  0.0000  0.0000 11.1304
 60 180  0.0000  0.0000  0.0000
 68 180     NaN  0.0000 17.0667
 76 180  0.0000  0.0000  0.0000
 84 180  0.0000  0.0000  0.0000
 92 180  0.0000  0.0000  0.0000
100 180  0.0000  0.0000  0.0000
108 180  0.0000  0.0000 11.1304
116 180  0.0000  0.0000  0.0000
124 180 -0.1960  0.0000 11.1304
132 180  0.0000  0.0000 12.0628
140 180  0.0000  0.0000 11.1304
148 180  0.0000  0.0000  0.0000
156 180  0.0000  0.0000 11.1304
164 180  0.0000  0.0000 11.1304
172 180  0.0000  0.0000 12.0628
180 180  0.0000  0.0000 19.1045
188 180  0.0000  0.0000 12.0628
196 180  0.0000  0.0000  0.0000
204 180  0.0000  0.0000 11.1304
212 180  0.0000  0.0000  0.0000
220 180  0.0000  0.0000 11.1304
228 180  0.0000  0.0000 19.4783
236 180  0.0000  0.0000 11.1304
244 180  0.0000  0.0000  0.0000
252 180  0.0000  0.0000  0.0000
260 180  0.0000  0.0000 11.1304
268 180  0.0000  0.0000  0.0000
276 180  0.0000  0.0000  0.0000
284 180  0.0000  0.0000 11.1304
292 180  0.5000  0.0000  8.4768
  4 188  0.0000  0.0000  0.0000
 12 188  0.0000  0.0000  0.0000
 20 188  0.0000  2.5000  8.8276
 28 188 -0.1960 -0.5000 11.1304
 36 188 -0.0867 -0.1071  9.3967
 44 188  0.0000  0.0000 17.0667
 52 188  0.0000  0.0000  0.0000
 60 188  0.0000  0.0000  0.0000
 68 188  0.0000  0.0000  0.0000
 76 188  0.0000  0.0000  0.0000
 84 188  0.0000  0.0000 11.1304
 92 188  0.0000  0.0000  0.0000
100 188  0.0000  0.0000  0.0000
108 188  0.0000  0.0000 16.1088
116 188  0.0000  0.0000  0.0000
124 188  0.0000  2.5000  8.8276
132 188  2.5000  0.0000  8.8276
140 188  0.0000  0.0000 11.1304
148 188  0.0000  0.0000 17.0667
156 188     NaN  0.0000 17.0667
164 188  0.0000  0.0000 11.1304
172 188  0.0000  0.0000 11.1304
180 188  0.0000  0.0000 17.0667
188 188  0.0000  0.0000 22.2609
196 188  0.0000  0.0000  0.0000
204 188  0.0000  0.0000 11.1304
212 188  0.0000  0.0000  0.0000
220 188  0.0000  0.0000 11.1304
228 188  0.0000  0.0000 12.0628
236 188  0.0000  0.0000 11.1304
244 188  0.0000  0.0000  0.0000
252 188  0.0000  0.0000  0.0000
260 188  0.0000  0.0000 11.1304
268 188  0.0000  0.0000  0.0000
276 188  0.0000  0.0000  0.0000
284 188 -1.3070 -0.0337 12.4709
292 188  0.5869 -0.0103 11.5534
  4 196  0.0000  0.0000  0.0000
 12 196  0.0548 -0.1795 19.6402
 20 196 -0.0418  0.1521 12.6567
 28 196  0.2021 -0.2860 10.7438
 36 196 -2.5000 -1.0000  7.6040
 44 196  0.0000  0.0000  0.0000
 52 196  0.0000  0.0000  0.0000
 60 196  0.0000  0.0000  0.0000
 68 196  0.0000  0.0000  0.0000
 76 196  0.0000  0.0000 11.1304
 84 196  0.0000  0.0000 16.1088
 92 196  0.0000  0.0000  0.0000
100 196  0.0000  0.0000 11.1304
108 196  0.0000  0.0000  8.2581
116 196  0.0000  0.0000 11.1304
124 196  0.0000  0.0000 11.1304
132 196  0.0000  0.0000 13.1641
140 196  0.0000  0.0000  0.0000
148 196  0.0000  0.0000  0.0000
156 196  0.0000  0.0000  0.0000
164 196  0.0000  0.0000  0.0000
172 196  0.0000  0.0000  8.0000
180 196  0.0000  0.0000 14.2338
188 196  0.0000  0.0000  0.0000
196 196  0.0000  0.0000 11.1304
204 196  0.0000  0.0000  0.0000
212 196  0.0000  0.0000  0.0000
220 196  0.0000  0.0000 11.1304
228 196  0.0000  0.0000 11.1304
236 196 -0.5000  0.0000  8.8276
244 196  0.0000  0.0000 16.1088
252 196  0.0000  0.0000 16.7450
260 196  0.0000  0.0000 17.0667
268 196  0.0000  0.0000  0.0000
276 196  0.0000  0.0000 11.1304
284 196  1.3070 -0.0337 12.4709
292 196  0.0000  0.0000 16.7450
  4 204  0.0000  0.0000  0.0000
 12 204  0.8442  0.5000  7.5025
 20 204 -0.1960  0.0000 11.1304
 28 204  0.0000  0.0000 19.1045
 36 204  0.0000  0.0000 11.1304
 44 204  0.0000  0.0000  0.0000
 52 204  0.0000  0.0000  0.0000
 60 204 -0.5000  0.0000  8.8276
 68 204  0.0000  0.0000 11.1304
 76 204  0.0000  0.0000  0.0000
 84 204  0.0000  0.0000 11.1304
 92 204  0.0000  0.0000 12.4272
100 204  0.0000  0.0000 16.1088
108 204  0.0000  0.0000  0.0000
116 204  0.0000  0.0000  0.0000
124 204  0.0000  0.0000  0.0000
132 204  0.0000  0.0000  9.2850
140 204  0.0000  0.0000 17.0667
148 204  0.0000 -0.5000  8.8276
156 204  0.0000  0.0000  0.0000
164 204  0.0000  0.0000  0.0000
172 204  0.0000  0.0000 10.9491
180 204 -0.2977  0.2755 12.3502
188 204  0.0000  0.0000 16.1088
196 204  0.5000  0.0000 11.1304
204 204  0.0000  0.0000  0.0000
212 204  0.0000  0.0000 11.1304
220 204  0.0000  0.0000  0.0000
228 204  0.0000  0.0000  0.0000
236 204  0.0000  0.0000  0.0000
244 204 -1.5000  0.0000  8.2581
252 204  0.0000  0.0000 13.0803
260 204  0.0000  2.5000  8.8276
268 204  0.0000  0.0000 11.1304
276 204  0.0000  0.0000 11.1304
284 204  0.0000  0.0000 16.1088
292 204  0.0000  0.0000 16.1088
  4 212  2.5000  0.1588 10.5785
 12 212  0.0000  0.0000 11.1304
 20 212  0.0000  0.0000 11.1304
 28 212  0.0000  0.0000 19.1045
 36 212  0.0000  0.0000 11.1304
 44 212  0.0000  0.0000  0.0000
 52 212     NaN -0.3157  9.7360
 60 212  0.0000  0.0000 16.1088
 68 212  0.0000  0.0000 11.1304
 76 212  0.0000  0.0000  0.0000
 84 212  0.0000  0.0000 11.1304
 92 212  0.0000  0.0000 13.0803
100 212  0.0000  0.0000 11.1304
108 212  0.0000  0.0000  0.0000
116 212  1.5000  0.0000  8.2581
124 212  0.0000  0.0000  0.0000
132 212 -1.8586  0.1132 12.1387
140 212  0.0000  0.0000  0.0000
148 212  0.0000  0.0000  0.0000
156 212  0.0000  0.0000  0.0000
164 212  0.0000  0.0000 11.1304
172 212  0.0000  0.0000 16.1088
180 212  0.0000  0.0000 12.0628
188 212  0.0000  0.0000 11.1304
196 212  0.3468  2.5000 10.2045
204 212  0.0000  0.0000  0.0000
212 212  0.0000  0.0000  0.0000
220 212  0.0000  0.0000  0.0000
228 212  0.0000  0.0000  0.0000
236 212  0.0000  0.0000 11.1304
244 212  0.0000  0.0000 16.1088
252 212  0.0000  0.0000 12.8600
260 212  0.0000  0.0000  0.0000
268 212  0.0000  0.0000  0.0000
276 212  0.0000  0.0000  0.0000
284 212  0.0000  0.0000 11.1304
292 212  0.0000  0.0000 13.1641
  4 220  0.0000  0.0000 15.1907
 12 220  0.0000  0.0000 19.1045
 20 220  1.0000  0.0471 12.9293
 28 220  0.0000  0.0000  0.0000
 36 220  0.0000  0.0000 12.2740
 44 220  0.0000  0.0000  9.4208
 52 220  0.0000  0.0000 11.1304
 60 220  0.0000  0.0000 13.5576
 68 220  0.0000  0.0000  8.4768
 76 220  0.0000  0.0000  0.0000
 84 220  0.0000  0.0000  0.0000
 92 220  0.0000  0.0000 11.1304
100 220  0.0000  0.0000 19.1045
108 220  0.0000  0.0000 11.1304
116 220  0.0000  0.0000 11.1304
124 220  0.1927 -0.0788 17.1842
132 220  0.0000  0.0000  0.0000
140 220  0.0000  0.0000 11.1304
148 220  0.0000  0.0000 13.5576
156 220  2.5000 -0.1588 10.5785
164 220  0.0672  0.0000  9.3177
172 220  0.0000  0.0000 12.0455
180 220  0.0000  0.0000 11.1304
188 220  0.0000  0.0000 17.0667
196 220  0.1469  0.0000 10.3584
204 220  0.0000  0.0000 15.1907
212 220  0.0000  0.0000 21.1729
220 220  0.5000  0.0000 11.1304
228 220  0.0000  0.0000  0.0000
236 220  0.0000 -0.5000 11.1304
244 220  2.5000  0.0000  8.8276
252 220  0.0000  0.0000  8.0000
260 220  0.0000  0.0000 12.9293
268 220  0.0000  0.0000  0.0000
276 220  0.0000  0.0000  0.0000
284 220  0.0000  0.0000 16.1088
292 220  0.0000  0.0000  8.2581
