VARIABLES= "X pix", "Y pix", "U pix/dt", "V pix/dt", "CHC", ZONE I=28, J=37
  4   4  0.0113 -0.0008 10.4810
 12   4 -0.0520  0.0192 10.6066
 20   4  0.0000  0.0000 10.9708
 28   4 -0.0201  0.0044 10.9364
 36   4  0.0192  0.0153 10.9664
 44   4  0.0000  0.0000 10.9708
 52   4  0.0179  0.0189 10.8727
 60   4  0.0123 -0.0113 10.3533
 68   4  0.0439  0.0000 10.9377
 76   4  0.0054  0.0081 10.9200
 84   4  0.0000  0.0000 10.9708
 92   4 -0.0094  0.0483 11.6598
100   4  0.0301  0.0356 12.8860
108   4 -0.0096 -0.0271 11.4774
116   4  0.0000  0.0000 11.7754
124   4  0.0000  0.0000 11.7754
132   4  0.0000  0.0000 11.7794
140   4  0.0000  0.0000 11.0456
148   4 -0.0401 -0.0113 11.8269
156   4  0.0000 -0.0286 12.1954
164   4 -0.0482  0.0166 11.8489
172   4  0.0000  0.0025 11.9694
180   4  0.0000  0.0000 11.9577
188   4 -0.0516 -0.0959 11.8633
196   4  0.0043  0.0411 11.2283
204   4  0.0000  0.0000 11.4294
212   4 -0.1031  0.0097 11.7818
220   4  0.0000  0.0000 11.6208
228   4  0.0167 -0.0284 12.2280
236   4 -0.0524 -0.0051 10.5104
244   4  0.0000  0.0000 10.1204
252   4 -0.0550  0.0999 10.2748
260   4  0.0837  0.0295 10.7181
268   4 -0.0182 -0.0212 10.2956
276   4 -0.0189  0.0106 12.4578
284   4  0.0000  0.0000 13.0803
292   4  0.0120  0.0676 12.7899
  4  12  0.0491 -0.0684  8.1322
 12  12 -0.1484 -0.1778  9.9754
 20  12 -0.1824  0.0018 12.0111
 28  12 -0.1351  0.0144 14.5009
 36  12 -0.1147  0.0413 16.5699
 44  12  0.0266  0.1823 14.4531
 52  12  0.0560  0.0893 11.2398
 60  12  0.0718 -0.0585  9.1241
 68  12  0.0063 -0.0045 13.2018
 76  12  0.0058 -0.0040 12.1300
 84  12 -0.0852 -0.1226  8.1328
 92  12 -0.0148 -0.0429  8.6977
100  12  0.0000 -0.1147  8.5679
108  12  0.0111  0.0130 10.2828
116  12  0.0518 -0.0003  9.5484
124  12 -0.0046 -0.0110 10.2532
132  12  0.0037  0.0025 10.7441
140  12  0.0000  0.0000 10.2586
148  12  0.0000  0.0000 10.1941
156  12 -0.0207  0.1223 10.2124
164  12  0.0334 -0.0474 12.1055
172  12 -0.0121  0.0017 17.5815
180  12  0.1073 -0.0225 10.3328
188  12 -0.0442  0.0737  9.6731
196  12  0.0888 -0.0626  8.6094
204  12 -0.0321 -0.0672 11.5840
212  12 -0.0407 -0.1093 16.1345
220  12  0.0026  0.0099 12.6646
228  12  0.0241 -0.1393 12.7262
236  12  0.0000  0.0000 12.5159
244  12  0.0000  0.0286 11.0185
252  12  0.1812 -0.0293  8.3381
260  12 -0.0369  0.1095  8.7722
268  12  0.0401  0.1388  9.6942
276  12 -0.0166  0.0802  9.4200
284  12 -0.0295  0.1218  8.0904
292  12  0.0693 -0.0450  8.0950
  4  20  0.0090  0.0144 17.2723
 12  20  0.0000 -0.0089 16.9051
 20  20  0.0007 -0.0209 14.6557
 28  20 -0.0294  0.0012 15.8714
 36  20  0.0000  0.0000 16.5203
 44  20  0.0106 -0.0112 14.6355
 52  20 -0.0251 -0.0167 13.1879
 60  20  0.0010  0.0346 13.7282
 68  20  0.0013 -0.0109 14.7096
 76  20 -0.0142 -0.0096 15.6796
 84  20  0.0083 -0.0071 14.3055
 92  20  0.0159 -0.0173 13.0624
100  20  0.0104 -0.0708 12.0165
108  20  0.0038  0.0150 10.6040
116  20 -0.0189 -0.0373 15.7417
124  20  0.0251 -0.0091 16.6695
132  20 -0.0043  0.0053 16.2860
140  20  0.0211 -0.0009 15.7944
148  20 -0.0134  0.0229 15.6275
156  20  0.0002  0.0221 14.8090
164  20  0.0345 -0.0550 17.1899
172  20  0.0072 -0.0628 13.3713
180  20 -0.0084 -0.0067 13.8871
188  20  0.0219 -0.0034 20.3532
196  20  0.0276 -0.0063 18.0171
204  20 -0.1198 -0.0141 21.2044
212  20  0.0450 -0.1663 24.5413
220  20  0.0829 -0.0162 36.1630
228  20 -0.0170  0.0494  7.7996
236  20  0.0879 -0.0039 10.7081
244  20 -0.0148  0.0202 14.2821
252  20  0.0293  0.0000 23.4504
260  20  0.0474 -0.1255 12.2340
268  20 -0.0435 -0.0802  9.7718
276  20  0.1024  0.0640 15.4665
284  20  0.0312  0.0117 14.2795
292  20 -0.0022 -0.0146 15.1090
  4  28 -0.0485 -0.0099  8.8842
 12  28  0.0531  0.0459  9.8688
 20  28 -0.0394  0.0166  9.8883
 28  28 -0.0014 -0.0021 10.1831
 36  28  0.0006 -0.0002 10.2370
 44  28  0.0000  0.0000 10.3653
 52  28 -0.0226  0.0055 10.1681
 60  28  0.0020  0.0153  9.8740
 68  28 -0.0260  0.0201 10.2533
 76  28  0.0043  0.0113 10.8347
 84  28  0.0197  0.0034  9.9077
 92  28 -0.0042 -0.0023  9.6473
100  28 -0.0552  0.0168 12.1739
108  28 -0.0036  0.0018 15.7564
116  28 -0.0017  0.0104  8.8081
124  28 -0.0122  0.0063  9.3439
132  28 -0.0092 -0.0006  8.5498
140  28 -0.0001 -0.0070  8.7248
148  28  0.0108 -0.0007  9.1881
156  28 -0.0164 -0.0015 15.5784
164  28  0.0016 -0.0211 13.8719
172  28  0.0315 -0.0606 12.4041
180  28  0.0156 -0.0714 15.6463
188  28  0.1774  0.0239 13.3473
196  28  0.0713 -0.0172 10.9827
204  28 -0.0008 -0.0088  8.8439
212  28  0.0132 -0.0175  9.2857
220  28 -0.0097  0.0023  9.5441
228  28 -0.0229 -0.0010  9.5207
236  28  0.0000  0.0000  8.9515
244  28  0.0076  0.0393  8.8650
252  28  0.0010 -0.0316  9.0532
260  28 -0.0012 -0.0053 13.3555
268  28  0.0141 -0.0329 14.6691
276  28  0.0150 -0.0034 14.5587
284  28 -0.0043 -0.0085 27.4219
292  28 -0.0074 -0.0052 13.3525
  4  36 -0.0715 -0.0017  7.4181
 12  36  0.0058  0.0148  7.0369
 20  36  0.0366 -0.0580  6.6200
 28  36 -0.0810 -0.0490  6.3067
 36  36  0.0000  0.0000  6.8033
 44  36 -0.0000  1.8142  6.3772
 52  36  0.0000  0.0000  9.9740
 60  36  0.0000  0.2016 11.1304
 68  36 -0.0147 -0.0409 10.6542
 76  36 -0.0206  0.1111 11.8385
 84  36 -0.0779 -0.0071 12.3586
 92  36  0.1582 -0.0032 12.1319
100  36  0.0589 -0.0616 10.1982
108  36  0.0000  0.0000 10.1360
116  36  0.1597  0.2252  7.4424
124  36 -0.0294  0.0058  7.0803
132  36 -0.2055 -0.1822  6.2584
140  36 -0.4105  0.0000  7.4996
148  36  0.1209  0.2000 17.2308
156  36 -0.0223 -0.0242 11.4191
164  36  0.0147  0.0401 16.0513
172  36 -0.0020  0.0404 14.2388
180  36  0.0681  0.0276 11.4033
188  36  0.0590  0.0068 14.1471
196  36  0.0804  0.0128  7.1583
204  36 -0.0383 -0.1598 14.8721
212  36 -0.1323  0.0114 15.4397
220  36  0.0000  0.0000 10.8982
228  36  0.0000  0.0000 13.7993
236  36  0.0127  0.2151 11.6988
244  36  0.0318  0.0253 10.8606
252  36  0.0000 -0.1230 11.0188
260  36 -0.0159  0.0227 13.2155
268  36  0.0528  0.0484 11.8793
276  36 -0.0641 -0.0218 10.1648
284  36 -0.0316 -0.0873 12.6013
292  36 -0.0077  0.0110 11.1871
  4  44  0.3321  0.1276 10.3409
 12  44  0.0347 -0.1355 12.8494
 20  44  0.0584  0.0223 16.5502
 28  44 -0.1567 -0.1507 14.4549
 36  44 -0.0108  0.0032 16.0674
 44  44  0.0122 -0.0924 11.1554
 52  44  0.1239  0.0262  8.6979
 60  44  0.0173 -0.0513  8.8014
 68  44  0.0000  0.0000  8.4696
 76  44  0.0000  0.0000  9.4249
 84  44  0.0000  0.0000 11.1304
 92  44 -0.0083  0.0418 11.2576
100  44  1.5000  0.0000  8.2581
108  44  0.0000  0.0000  0.0000
116  44  0.0000  0.0000  8.8276
124  44 -0.0986 -0.1698 10.7702
132  44 -1.3110  0.5623 10.0183
140  44  0.0000  0.0000  0.0000
148  44  0.0000  0.0000 11.1304
156  44 -0.0018  0.0228 15.6692
164  44 -0.0374  0.0534 11.0045
172  44 -0.0015  0.0268 10.8942
180  44  0.0287 -0.0080 10.1155
188  44 -0.0046 -0.0196 14.6524
196  44  0.0110 -0.0058  7.1834
204  44  0.0000  0.0000  8.7227
212  44  0.0493 -0.0193  8.5814
220  44 -0.0058 -0.0137  8.9347
228  44 -0.0621  0.1486 10.5651
236  44  0.0630  0.0239 15.3464
244  44 -0.0529 -0.1145 10.1275
252  44  0.0000 -0.0156 12.6826
260  44 -0.1182 -0.2855 16.2572
268  44 -0.1290 -0.0106 12.7593
276  44  0.0000  0.0000  8.6413
284  44  0.2743 -0.0236 10.8782
292  44  0.0672  0.0000  9.3177
  4  52 -0.0107  0.1349  9.8266
 12  52 -0.2140 -0.4466  7.8369
 20  52  0.0529  0.6259  8.9516
 28  52 -0.3817  0.1184  7.8226
 36  52  0.0000  0.0000 17.0667
 44  52  0.0000 -1.8899  8.5742
 52  52  0.0000  0.0000  0.0000
 60  52  0.0000  0.0000  0.0000
 68  52  0.0000  0.0000 13.1417
 76  52  0.0000  0.0000 16.1088
 84  52  0.0000  0.0000 11.1304
 92  52  0.0000  0.0000 12.0628
100  52  0.0000  0.0000 11.1304
108  52  0.0000  0.0000 11.1304
116  52  0.0000 -0.5000  8.8276
124  52 -0.1313 -0.0812 16.9211
132  52  0.0000  0.0000  0.0000
140  52  0.0000  0.0000  0.0000
148  52  0.6050 -0.3383  8.9905
156  52 -0.0181  0.0288 11.2841
164  52  0.0085  0.0437 19.7806
172  52  0.0184  0.0630 10.1697
180  52  0.0276  0.0738 11.0633
188  52 -0.0108 -0.0020 17.5218
196  52  0.0511  0.0285  6.9603
204  52  0.0000  0.0000 19.4783
212  52  0.0000  1.5000  7.3143
220  52 -0.1920  1.6000  9.8973
228  52  0.0000  0.0000 13.7892
236  52  0.0000  0.0000 11.9477
244  52  0.0321  0.0452  9.0074
252  52 -0.0537 -0.0240 12.8750
260  52  0.0000  0.0000 15.4312
268  52 -0.0405  0.0060  9.9459
276  52  0.0000  0.0000 10.8982
284  52  0.0144  0.0143 11.4450
292  52 -0.0151  0.2751 13.3565
  4  60  0.5000  0.0000  8.4768
 12  60  0.0000  0.0000  0.0000
 20  60  0.0000  0.0000  1.0000
 28  60  0.0000  0.0000  0.0000
 36  60  0.0000  0.0000  0.0000
 44  60  0.0000  0.0000  0.0000
 52  60  0.0000  0.0000  0.0000
 60  60  0.0000  0.0000 17.0667
 68  60  0.0000  0.0000 11.1304
 76  60  0.0000  0.0000 16.1088
 84  60  0.0000  0.0000  0.0000
 92  60  0.0000  0.0000 10.1261
100  60  2.8274  0.3035  7.6077
108  60  3.0000 -3.0637  8.5483
116  60 -1.2596  0.3479  7.1968
124  60  0.0000  0.0000 13.5576
132  60  0.0000  0.0000  0.0000
140  60  0.0000  0.0000 13.5576
148  60 -0.0485  0.0595  6.9185
156  60  0.0149  0.0427 11.4180
164  60 -0.0058  0.0476 12.0431
172  60  0.0048  0.0518 11.8109
180  60  0.0171  0.0434 11.5122
188  60 -0.0022  0.0248 11.3170
196  60  0.0581  0.0675  5.9454
204  60  0.0000  0.0000 18.2092
212  60 -0.0620  0.0549 16.1799
220  60  0.0000  0.0000 11.0903
228  60  0.5000 -0.0917  6.9968
236  60 -0.3329 -0.0842  7.1879
244  60 -0.0156 -0.0615  9.4915
252  60 -0.0149  0.2749  9.0775
260  60 -0.0509  0.1540 11.5208
268  60 -0.1287 -0.0287 10.9495
276  60 -0.0136  0.0060 13.8223
284  60 -0.4422  0.0648 16.3717
292  60  0.0000  0.0000 12.0615
  4  68  0.0000  0.0000 11.1304
 12  68  0.0000  0.0000 11.1304
 20  68  0.5000  0.0000 11.1304
 28  68  0.0000  0.0000  0.0000
 36  68  0.0000  0.0000  1.0000
 44  68  0.0000  0.0000  0.0000
 52  68 -0.0913  0.2044 18.7317
 60  68 -0.5000  0.0000  8.8276
 68  68  0.0000  0.0000 12.5445
 76  68 -0.1251  0.0758 15.0066
 84  68  0.0000  0.0000 20.1250
 92  68 -0.1173 -0.1110 11.6945
100  68  0.2205 -3.6562 11.4627
108  68  0.1459 -0.0399 16.4721
116  68  0.0360  0.1854 12.6331
124  68 -0.0754  0.0240 15.0413
132  68  0.0000 -0.5000  8.8276
140  68  0.0000  0.0000 16.1088
148  68  0.1331  0.2574 11.4431
156  68  0.0000  1.0750  7.3827
164  68  0.0170  0.0444 11.4120
172  68 -0.0588 -0.0851  9.8013
180  68  0.0281  0.0054  9.4877
188  68  0.0980 -0.8801  8.0553
196  68 -0.0245 -0.1815  7.9198
204  68  0.0000  0.0000  0.0000
212  68 -0.5000  0.0000  8.8276
220  68  0.0000  0.0000 11.1304
228  68  2.5000 -0.5000  4.0635
236  68 -1.0000  0.2638  7.7264
244  68  0.0000  0.0000  0.0000
252  68  0.0000  0.0000  0.0000
260  68  0.0000  0.5000  8.0688
268  68 -0.1115 -0.6546  7.4505
276  68  0.0557  0.1351  9.8462
284  68 -0.0541  0.0168 10.5682
292  68 -0.0242  0.1986  9.1640
  4  76  0.0000  0.0000  0.0000
 12  76  0.0000  0.0000  0.0000
 20  76  0.0000  0.0000  0.0000
 28  76  0.0000  0.0000  0.0000
 36  76  0.0000  0.0000  0.0000
 44  76  0.0266  0.2303 21.0535
 52  76 -0.5000 -0.0265  9.4815
 60  76  0.0000  0.0000 11.1304
 68  76  0.0651 -0.1150 14.5523
 76  76 -0.1269 -0.1189  9.9245
 84  76 -0.6681  0.1974  8.1071
 92  76 -0.0161  0.1995 15.4142
100  76  0.3609  0.0000 10.2234
108  76  0.0000  0.0000 13.7544
116  76  0.0000  0.0000  1.0000
124  76 -0.7389  0.5000  8.0688
132  76 -0.2907  0.0403 10.5761
140  76 -0.2907  0.0403 10.5761
148  76 -0.1982 -0.2340 14.2295
156  76  0.6594 -0.1761  8.6486
164  76  0.0671  0.1219  8.6292
172  76 -0.5000 -0.5000  4.0635
180  76  0.0000  1.5000  5.4468
188  76  0.0913  0.2044 18.7317
196  76 -0.0755 -0.0653 11.8819
204  76  0.0702  0.2187 12.7092
212  76 -0.5000 -1.0000  4.0635
220  76  0.0000  0.0000  0.0000
228  76  0.0000  0.0000  0.0000
236  76  0.1876 -5.0000  8.5995
244  76  0.0000  0.0000  0.0000
252  76 -0.5000 -0.0796  8.5018
260  76  0.0000  0.0000 11.1304
268  76  0.0000  0.0000 11.1304
276  76  0.0000 -0.5000  8.8276
284  76  0.1533  0.5000  8.0910
292  76 -0.0418 -0.1521 12.6567
  4  84  0.0000  0.0000  0.0000
 12  84  0.0000  0.0000  0.0000
 20  84  0.0000  0.0000  0.0000
 28  84  0.0000 -0.2917 11.1304
 36  84  0.1827 -1.2221 11.8414
 44  84  4.5000  0.4032  6.1440
 52  84  0.0000  0.0000 18.1858
 60  84 -0.1167 -0.0096 12.3637
 68  84 -0.2809 -0.5000  6.5641
 76  84 -0.1430  0.2497  9.4331
 84  84 -0.0908  0.0515 13.9229
 92  84 -0.0247 -0.1756  7.9897
100  84  0.0000  0.0000 13.3565
108  84  0.0000  0.0000 20.7059
116  84  0.5521  0.0696  7.9759
124  84 -0.1841 -0.0418 12.3683
132  84  0.0000  0.0000 11.1304
140  84 -0.1841  0.0418 12.3683
148  84  0.0457 -0.1313 12.9403
156  84  0.0000  0.0000 13.5576
164  84  0.0000  0.0000  0.0000
172  84  0.0000  0.0000  0.0000
180  84  0.0000  0.0000  0.0000
188  84  0.0000  0.0000  0.0000
196  84  0.2080  0.2715 12.3107
204  84  3.5000 -0.1203  5.4468
212  84  0.0000  0.0000  0.0000
220  84 -0.5000  0.5000  8.7605
228  84  0.0000  0.0000  0.0000
236  84  0.0382  0.1028 16.6166
244  84  0.1207  1.6047  9.0353
252  84  0.0000  0.0000  0.0000
260  84  0.0000  0.0000  0.0000
268  84  0.0000  0.0000  0.0000
276  84  0.0000  0.0000 11.1304
284  84  0.0000  0.0000 11.1304
292  84  0.0000  0.0000  8.0688
  4  92  0.5000  0.0000  8.4768
 12  92  0.0000  0.0000  8.0688
 20  92 -0.1548 -0.2107 10.9572
 28  92 -5.8113 -0.1887 10.2400
 36  92  0.0000  0.0000 11.1304
 44  92  0.0000  0.1469 10.3584
 52  92 -0.3951  0.7582  7.2035
 60  92  0.2314 -0.0958  5.9899
 68  92  0.3672  0.1353 12.8000
 76  92  0.0000  0.5000  8.0688
 84  92 -0.5000  0.0000 11.1304
 92  92  6.1960 -2.2638  5.4468
100  92  1.5000  1.8890  8.4253
108  92  0.0000  0.0000 17.2183
116  92  0.0000  0.0000  9.2850
124  92  0.0000  0.0000  0.0000
132  92  0.0000  0.0000  0.0000
140  92  0.0000  0.0000  0.0000
148  92 -0.1138  0.1378 11.4627
156  92  0.0000  0.0000 11.1304
164  92 -0.4016 -0.0535  9.8462
172  92  0.0555  0.2276 14.3945
180  92 -1.0000  0.0604 11.8022
188  92  0.0000  0.0000  0.0000
196  92  0.0000  0.0000  0.0000
204  92  1.5000  0.2172  7.4979
212  92  0.3568 -0.2264  9.5319
220  92  0.0000  0.0000  0.0000
228  92 -0.9260 -0.0421 13.4321
236  92 -0.0585  0.2413 13.6170
244  92  0.0000  0.0000  8.0688
252  92  0.0000  0.0000  0.0000
260  92  0.0000  0.0000  0.0000
268  92  0.0000  0.0000  0.0000
276  92  0.0000 -0.5000  8.8276
284  92  0.0000  0.0000  0.0000
292  92  0.1960  0.0000  9.2086
  4 100 -0.0458 -0.0494 11.0451
 12 100 -2.8288  0.0521 10.1243
 20 100 -0.0360  0.1854 12.6331
 28 100  0.0258  0.2496 11.9946
 36 100 -1.1731 -0.0306 10.0981
 44 100  1.5000  0.1960  9.2086
 52 100 -0.1468  0.0627  8.0245
 60 100  0.0236  0.1316 10.8879
 68 100 -0.0312  0.3957  7.4648
 76 100 -0.2435  0.1814  8.9307
 84 100 -0.0126  0.9229  7.3056
 92 100 -0.1718  0.4518 10.1733
100 100  0.1841 -0.0418 12.3683
108 100 -0.1151  0.1151 16.5161
116 100  0.0000  0.0000 11.1304
124 100  0.0306 -1.1731 10.3746
132 100  0.2346  0.1996 13.7182
140 100 -0.5000  1.6767  8.0842
148 100 -0.2587 -0.1868 11.1614
156 100  0.0000  0.0000 17.0667
164 100 -0.1760  0.0000 15.0588
172 100  0.0000  0.0000 12.0628
180 100  0.0000  1.0000 11.1304
188 100  0.0000  0.0000 11.1304
196 100  0.0000  0.0000  0.0000
204 100  0.0000  0.0000  0.0000
212 100  1.4417  0.0312 14.5258
220 100  0.0000  0.0000 11.1304
228 100  0.0000  0.0000 20.7059
236 100  0.1669  0.5000  8.8238
244 100 -0.1960  1.5000  9.2086
252 100  0.0000  0.0000  0.0000
260 100  0.0000  0.0000 11.1304
268 100  0.0000  0.0000  0.0000
276 100  0.0000  0.0000  1.0000
284 100  0.0000  0.0000  0.0000
292 100  0.0000  0.0000 11.1304
  4 108 -0.0958  1.1740  8.3128
 12 108 -0.7734  0.4542  8.2441
 20 108 -0.0510  0.1037 15.2131
 28 108 -1.5660  1.9781  8.0195
 36 108 -0.1468  0.7158 12.0903
 44 108     NaN     NaN  4.0635
 52 108  0.0069  0.0000 10.2173
 60 108  0.0571 -0.0365  7.9309
 68 108 -0.0610  1.0000  8.9210
 76 108  0.0000  0.0000 15.5009
 84 108 -0.2201 -0.3554  9.6109
 92 108  0.2511  0.8263  6.5247
100 108 -0.1766 -2.0000  6.1868
108 108 -0.1556  0.0000 12.2969
116 108  4.5000  4.5000  4.0635
124 108  0.0000  0.0000 11.1304
132 108  0.0000  0.0000 16.1088
140 108  0.0000  0.0000 16.1088
148 108 -0.1355  0.2776  9.5429
156 108 -0.3764  0.0000  7.9175
164 108 -0.1142  0.0214 13.4045
172 108  0.1050 -0.5000  6.8903
180 108  0.0000  1.5000  5.4468
188 108  0.0000  0.0000  0.0000
196 108  2.5000  0.0391  9.3822
204 108  0.0000  0.0000 11.1304
212 108  0.0000  0.0000  0.0000
220 108  0.0000  2.5000  8.8276
228 108  0.0000  0.0000  0.0000
236 108  0.0000  0.0000  0.0000
244 108  0.0000  0.0000  0.0000
252 108  0.0000  0.0000 11.1304
260 108 -0.5000  0.0391  9.3822
268 108  0.0000  0.0000  0.0000
276 108  0.0000  0.0000  0.0000
284 108 -1.5000  0.0000  8.2581
292 108  0.4067  3.1780  6.8019
  4 116  0.0661  0.1152 13.2487
 12 116 -0.2669  0.0519  8.5770
 20 116  0.8717 -0.2375 14.9165
 28 116 -0.2907  0.0403 10.5761
 36 116  0.0000  0.0000  0.0000
 44 116  0.0000  0.0000  0.0000
 52 116  0.0000  0.0000  8.4768
 60 116  5.2144 -0.1297 12.6657
 68 116 -1.0254  0.0492  8.6622
 76 116  0.0000  0.0000  0.0000
 84 116  0.3781  0.0412 10.7789
 92 116 -0.0270 -0.2811  9.1251
100 116  0.0391 -2.5000  9.3822
108 116 -0.0112 -0.1032  8.8649
116 116  0.0000  0.0000 16.1088
124 116  0.0000  0.0000 11.1304
132 116  1.5000  0.1110  8.4253
140 116  0.0000  0.0000 11.1304
148 116  0.0000  0.0000  0.0000
156 116 -1.7556  0.0380 14.3918
164 116  0.0000  3.0000 13.1200
172 116 -2.5000  0.3853  6.6140
180 116  0.0000  0.0000  0.0000
188 116  0.0501  1.9218 11.2547
196 116 -0.0594  2.7658  8.5018
204 116  0.0000  0.0000 11.1304
212 116  0.0000  0.0000  0.0000
220 116  0.0000  0.0000  0.0000
228 116  0.0000  0.0000  0.0000
236 116  0.0000  0.0000  0.0000
244 116 -0.2568  0.0627  8.5469
252 116  0.3487  0.0786  7.3143
260 116  0.0000  0.0000 11.1304
268 116 -0.3144  3.1236 10.1661
276 116  0.0000  1.8579 10.2884
284 116 -0.0672  2.2251  8.6970
292 116  0.0857  0.1874 12.3539
  4 124 -0.1824  0.6476  8.1940
 12 124  4.5000 -0.5000  4.0635
 20 124 -0.1671  0.5000 11.7431
 28 124  0.0000  0.0000 11.1304
 36 124  0.0000  0.0000  0.0000
 44 124  0.0000  0.0000  0.0000
 52 124  0.0000  0.0000  0.0000
 60 124  0.0000  0.0000 11.1304
 68 124  0.0000  0.0000  8.0000
 76 124  0.0000  0.0000  0.0000
 84 124  0.0063  0.3013 14.6253
 92 124  0.3400  0.0246  6.0015
100 124 -0.1556  0.0000 12.2969
108 124  0.0000  0.0000  0.0000
116 124 -0.5000  2.5000  8.2581
124 124  0.3157 -5.5642 10.6667
132 124  0.0000  0.0000  0.0000
140 124  0.5000  0.0000 11.1304
148 124  0.0000  0.0000  0.0000
156 124  0.0000  0.0000  0.0000
164 124  0.1044 -3.2573  9.5076
172 124 -2.5000  0.0000 11.1304
180 124  0.0000  0.0000  0.0000
188 124  0.0000 -0.5000  8.8276
196 124  0.0000 -0.5000  4.0635
204 124  0.0000  0.5000  8.2581
212 124  0.0000  0.0000  0.0000
220 124  0.0000  0.0000  0.0000
228 124  0.0000  0.0000  0.0000
236 124  0.4043 -0.4043  8.0000
244 124  0.0000  0.0000  0.0000
252 124  0.0000  0.0000  0.0000
260 124  0.0000  0.0000  0.0000
268 124  0.2638  1.1793  8.6486
276 124  0.0773  3.0234  9.0173
284 124 -0.1131  2.5536  9.7019
292 124  1.9473  1.8270  6.8449
  4 132  0.0000  0.0000 10.4446
 12 132  0.0000  0.1357 15.8433
 20 132  0.5000  0.0000  8.4768
 28 132  0.0000  0.0000 11.1304
 36 132  0.0000  0.0000 11.1304
 44 132  0.0000  0.0000  0.0000
 52 132  0.0000  0.0000  0.0000
 60 132 -0.1969  0.0501 11.3092
 68 132  0.0000  0.0000 12.0455
 76 132  0.0000  0.0000 21.1729
 84 132 -0.6205  0.4390  6.5866
 92 132 -0.7639 -0.1338  8.1920
100 132  0.0000  0.0000 16.1088
108 132  0.3060 -0.2886  7.3419
116 132  0.0000  0.0000  0.0000
124 132 -1.6893  2.5000  6.5641
132 132 -0.2780 -0.1270 13.3759
140 132  0.0000  0.0000 11.1304
148 132  0.0000  0.0000  0.0000
156 132  0.0000  0.0000  0.0000
164 132 -0.0544  0.0000  9.8359
172 132 -0.1326  0.2755  9.7857
180 132  0.3419  0.0000  7.7576
188 132  0.0000  0.0000  0.0000
196 132  0.0000  0.0000 11.1304
204 132  0.0179  1.6513  9.1756
212 132  0.0000  0.0000  0.0000
220 132  0.0000  0.0000  0.0000
228 132  0.0000  0.0000  0.0000
236 132  0.0000  0.0000  0.0000
244 132  0.0000  0.0000  0.0000
252 132  0.0000  0.0000  0.0000
260 132  0.0000  0.0000  0.0000
268 132  4.5000 -0.5000  4.0635
276 132  4.2551  3.1571 11.9803
284 132 -1.0000  1.8948  6.9040
292 132  0.0000  0.1960 11.1304
  4 140  0.2414  0.0000 11.1304
 12 140 -0.5000  0.0000  8.8276
 20 140 -0.5000  0.0448  8.9013
 28 140 -0.2571  0.1311  7.2040
 36 140  0.5000  2.7933 10.2400
 44 140     NaN  5.1203  5.4468
 52 140  2.5000  0.2623  8.5018
 60 140 -0.1656  0.0786 10.7522
 68 140  0.0000  0.0000  8.0000
 76 140  0.0000  0.0000  0.0000
 84 140  0.0000  0.0000  0.0000
 92 140  0.0000  0.0000 16.1088
100 140  0.0000  0.0000 11.1304
108 140  0.1634  0.1218  9.9402
116 140 -0.1076  0.1327 17.6194
124 140 -0.8914 -0.2629  7.3143
132 140  0.0000  0.0000  0.0000
140 140  0.0000  0.0000 16.1088
148 140  0.0000  0.0000 11.1304
156 140  0.0309 -5.7686  7.9929
164 140  0.2939  0.0936  9.4815
172 140  0.2375 -0.3053  7.8282
180 140  0.1401  0.2399 12.1506
188 140  0.0000  0.0000  0.0000
196 140  0.0000  0.0000  0.0000
204 140  0.0000  0.0000 11.1304
212 140  0.2565 -3.5000 11.0504
220 140  0.0000  0.0000  0.0000
228 140  0.0000  0.0000  0.0000
236 140  0.0000  0.0000  0.0000
244 140  0.0000  0.0000  0.0000
252 140  0.0000  0.0000  0.0000
260 140  0.0000  0.0000  0.0000
268 140  0.0000  0.0000  0.0000
276 140  2.5000 -0.5000  4.0635
284 140 -0.2675 -0.5000  6.5641
292 140  0.0000  0.0000  0.0000
  4 148  0.0000 -2.0000 11.1304
 12 148  0.3793  5.3385  5.1200
 20 148 -0.0832 -0.1870  9.0141
 28 148 -0.5000  0.0000  8.8276
 36 148  0.0000  0.0000  0.0000
 44 148  0.1960 -0.5000 11.1304
 52 148 -0.1276 -0.3321 10.3409
 60 148  0.0000  0.0000 16.1088
 68 148  0.0000  0.0000  0.0000
 76 148  0.0000  0.0000 11.1304
 84 148  0.0000  0.0000 11.1304
 92 148  0.0000  0.0000  0.0000
100 148 -0.4043 -0.4043  8.0000
108 148 -0.1008 -0.0843 14.9901
116 148  0.0352  0.0283 10.1774
124 148  0.0000  0.0000  0.0000
132 148  0.0000  0.0000  0.0000
140 148  0.0000  0.0000  0.0000
148 148  0.0000  0.0000 11.1304
156 148  0.2269  2.9391  8.2581
164 148  0.2071  1.8291  8.5057
172 148  0.2729  2.6180  8.4077
180 148 -0.3732 -0.3694 10.3318
188 148     NaN     NaN  5.2245
196 148  0.0000  0.0000 11.1304
204 148  0.0000  0.0000 16.1088
212 148 -0.2629  2.0325  8.3478
220 148  0.0000  0.0000  0.0000
228 148  0.0000  0.0000  0.0000
236 148  0.0000  0.0000  0.0000
244 148  0.0000  0.0000  0.0000
252 148  0.0000  0.0000  0.0000
260 148  3.5000 -0.1203  5.4468
268 148  2.5000  4.5000  4.0635
276 148  0.0000  0.0000  0.0000
284 148  0.0000  0.0000  9.7047
292 148  0.1049  0.0964  6.2126
  4 156  0.2849 -0.5000 13.1959
 12 156  0.2081 -0.1864  9.6241
 20 156  0.0000  0.0000  0.0000
 28 156  0.0000  0.0000  0.0000
 36 156  0.0000  0.0000 16.1088
 44 156  0.1667 -0.2373  9.1429
 52 156  0.5000  2.8744 10.9519
 60 156  0.0000  0.0000  0.0000
 68 156  0.0000  0.0000  0.0000
 76 156  0.0000  0.0000  0.0000
 84 156  0.0000  0.0000  0.0000
 92 156  1.5000  0.0000  8.2581
100 156 -1.0575 -0.1618  7.5801
108 156  0.2305  0.1852 13.4042
116 156  0.2494  0.0599  9.5231
124 156  0.0000  0.0000  0.0000
132 156  0.0000  0.0000  0.0000
140 156  0.0000  0.0000  0.0000
148 156  0.0000  0.0000  0.0000
156 156  0.0000  0.0000  0.0000
164 156  0.0698  0.2911 10.5124
172 156  0.0000  0.0000  0.0000
180 156  0.0000  0.0000  0.0000
188 156  0.0000  0.0000  0.0000
196 156  0.0000  0.0000 11.1304
204 156  0.0000  0.0000  0.0000
212 156  0.0000  0.0000  0.0000
220 156  0.0000  0.0000 11.1304
228 156  0.0000  0.0000  0.0000
236 156  0.0000  0.0000  0.0000
244 156  0.0000 -0.5000  8.8276
252 156  0.0000 -0.5000  8.8276
260 156  0.0000  0.0000  0.0000
268 156  0.0000 -5.5000 11.1304
276 156  1.8546  0.3144  9.9710
284 156  0.0000  0.0000  0.0000
292 156  0.0000  0.0000  0.0000
  4 164 -0.2094  1.9791 10.0550
 12 164 -0.8879 -0.0772  4.7702
 20 164  0.0000 -0.5000  8.8276
 28 164  0.0000  0.0000  0.0000
 36 164 -1.3180 -0.2161  8.0167
 44 164  0.0000  0.0000 12.0628
 52 164  0.0000 -0.5000  8.8276
 60 164  0.0000  0.0000  0.0000
 68 164  0.0000  0.0000  0.0000
 76 164  0.0000  0.0000  0.0000
 84 164  0.0000  0.0000  0.0000
 92 164  0.0000  0.0000 11.1304
100 164 -0.2245  0.0000  9.0353
108 164 -0.0416  0.0634 11.3718
116 164 -1.1733  0.0000  8.5333
124 164  0.0000  0.0000  0.0000
132 164  0.0000  0.0000  0.0000
140 164  0.0000  0.0000  0.0000
148 164  0.0000  0.0000  0.0000
156 164  0.0000  0.0000  0.0000
164 164  0.0000 -0.5000  8.8276
172 164  0.3732 -0.3694 10.3318
180 164  0.0000  0.0000  0.0000
188 164  0.0000  0.0000 11.1304
196 164  0.0000  0.0000  0.0000
204 164  0.0000  0.0000  0.0000
212 164  0.0000  0.0000 16.1088
220 164  0.0000  0.0000  0.0000
228 164  0.0000  0.0000  0.0000
236 164  0.0000  0.0000  0.0000
244 164  0.0000  0.0000  0.0000
252 164  0.0000  0.0000  0.0000
260 164  0.0000  4.5000  4.0635
268 164  0.0000  0.0000  0.0000
276 164 -3.5000  0.3694  7.6715
284 164  4.5000  4.5000  4.0635
292 164  0.0000  0.0000  0.0000
  4 172 -5.9192  1.5000  9.3091
 12 172  0.0000  0.0000  0.0000
 20 172  0.0000  0.0000  0.0000
 28 172  0.0000  0.0000  0.0000
 36 172  0.0000  0.0000  1.0000
 44 172  0.4130 -0.3679  7.6027
 52 172  0.0000  0.0000  0.0000
 60 172  0.0000  0.0000  0.0000
 68 172  0.0000  0.0000  0.0000
 76 172  0.0000  0.0000  0.0000
 84 172  0.0000  0.0000  0.0000
 92 172  0.0000  0.0000  0.0000
100 172 -0.0460  0.0497  7.2219
108 172  0.1235  2.1295  8.7757
116 172  5.1203 -0.5000  5.4468
124 172  1.5000 -1.0000  7.4357
132 172 -0.1253 -0.2072 11.1304
140 172  0.0000  0.0000  0.0000
148 172  0.0000  0.0000 11.1304
156 172 -0.3577  2.5000 13.4737
164 172  0.0698  0.2911 10.5124
172 172  0.0698  0.2911 10.5124
180 172     NaN     NaN  5.4468
188 172 -0.5000 -0.5000  4.0635
196 172  0.0000  0.0000  0.0000
204 172  3.5000 -0.1203  5.4468
212 172  0.0000  0.0000 11.1304
220 172  0.0000  0.0000  0.0000
228 172  0.1960 -0.5000 11.1304
236 172  0.0000  0.0000  0.0000
244 172  0.0000  0.0000  0.0000
252 172  0.0000  0.0000  0.0000
260 172  0.0000  0.0000  0.0000
268 172  0.0000  0.0000  0.0000
276 172  0.0000  0.0000  0.0000
284 172  0.0000  0.0000  0.0000
292 172  0.0000  0.0000  0.0000
  4 180  1.5000 -1.8890  8.4253
 12 180 -0.1050 -0.1326  7.5124
 20 180  0.0000  0.0000  0.0000
 28 180  0.0000 -0.1063  6.9728
 36 180 -0.0218  0.2266 12.8350
 44 180  0.5000 -0.5000  7.8168
 52 180  0.0000  0.0000 11.1304
 60 180  0.0000  0.0000  0.0000
 68 180  0.0000  0.0000  0.0000
 76 180  0.0000  0.0000  0.0000
 84 180  0.0000  0.0000  0.0000
 92 180  0.0000  0.0000  0.0000
100 180  0.0000  0.0000  0.0000
108 180  0.0000  0.0000 11.1304
116 180  0.0000  0.0000  0.0000
124 180  1.7328  2.5000  7.8736
132 180  0.1556  0.0000 12.2969
140 180  4.5000 -0.5000  4.0635
148 180  0.0000  0.0000  0.0000
156 180  0.0000  0.0000 11.1304
164 180  0.0000  0.0000 11.1304
172 180  0.0000  0.0000 12.0628
180 180 -0.3468  2.5000 10.2045
188 180  0.0618  2.5000  9.8694
196 180  0.0000  0.0000  0.0000
204 180  1.5000  0.0000  8.2581
212 180  0.0000  0.0000  0.0000
220 180  0.0000  0.0000 11.1304
228 180 -0.2847  2.5000 11.1304
236 180  0.0000  0.0000  0.0000
244 180  0.0000  0.0000  0.0000
252 180  0.0000  0.0000  0.0000
260 180  0.0000  0.0000  0.0000
268 180  0.0000  0.0000  0.0000
276 180  0.0000  0.0000  0.0000
284 180 -0.5000  4.5000  4.0635
292 180 -0.5000  4.5000  4.0635
  4 188  0.0000  0.0000  0.0000
 12 188 -0.5000 -0.5000  4.0635
 20 188  0.0000  0.0000 11.1304
 28 188  0.0000  0.0000 11.1304
 36 188  0.1181  0.1692  8.9536
 44 188  5.1203 -0.5000  5.4468
 52 188  0.0000  0.0000  0.0000
 60 188  0.0000  0.0000  0.0000
 68 188  0.0000  0.0000  0.0000
 76 188  0.0000  0.0000  0.0000
 84 188  0.0000  0.0000  0.0000
 92 188  0.0000  0.0000  0.0000
100 188  0.0000  0.0000  0.0000
108 188  0.0000  0.0000 16.1088
116 188  0.0000  0.0000  0.0000
124 188  0.0000  0.0000 16.1088
132 188 -2.3664  0.1530  9.0505
140 188  0.0000  0.0000  0.0000
148 188  3.5000 -0.1203  5.4468
156 188  0.0000  0.0000  1.0000
164 188  0.0000  0.0000 11.1304
172 188  0.0000  0.0000 11.1304
180 188  0.0000  0.0000 13.2207
188 188  0.0000  0.0000  0.0000
196 188  0.0000  0.0000  0.0000
204 188  0.0000  0.0000  0.0000
212 188  0.0000  0.0000  0.0000
220 188  1.0000  0.0000  7.0932
228 188  0.0000 -0.1960 11.1304
236 188  0.0000  0.5000  8.2581
244 188  0.0000  0.0000  0.0000
252 188  0.0000  0.0000  0.0000
260 188  0.0000  0.0000  0.0000
268 188  0.0000  0.0000  0.0000
276 188  0.0000  0.0000  0.0000
284 188 -0.0951  0.0000 12.2969
292 188 -0.1768 -0.0365 11.4314
  4 196  0.0000  0.0000  0.0000
 12 196  0.0000  0.0000  0.0000
 20 196 -0.2080  0.2715 12.3107
 28 196 -0.0218  0.2266 12.8350
 36 196  2.1045  2.3088  8.1852
 44 196  0.0000  0.0000  0.0000
 52 196  0.0000  0.0000  0.0000
 60 196  0.0000  0.0000  0.0000
 68 196  0.0000  0.0000  0.0000
 76 196  4.5000 -0.5000  4.0635
 84 196  0.0000  0.0000 16.1088
 92 196  0.0000  0.0000  0.0000
100 196  0.0000  0.0000 11.1304
108 196  0.5000 -0.3889  6.6693
116 196 -0.5000  0.0000  8.8276
124 196 -0.5000  0.0000  8.8276
132 196  0.2269 -0.2004 11.0769
140 196  0.0000  0.0000  0.0000
148 196  0.0000  0.0000  0.0000
156 196  0.0000  0.0000  0.0000
164 196  0.0000  0.0000  0.0000
172 196  0.0000 -0.1063  6.9728
180 196  4.5964  0.0397  8.4253
188 196  0.0000  0.0000  0.0000
196 196  0.0000  0.0000  0.0000
204 196  0.0000  0.0000  0.0000
212 196  0.0000  0.0000  0.0000
220 196  0.0000  0.0000  0.0000
228 196  0.0000  2.5000  8.8276
236 196  0.7444  0.0646 12.1081
244 196  0.0000 -0.5000  8.8276
252 196  5.3732 -0.5000  9.6402
260 196     NaN     NaN  5.4468
268 196  0.0000  0.0000  0.0000
276 196  0.0000  0.0000 11.1304
284 196 -0.5000 -0.1525  9.9121
292 196  6.1392 -2.8303 11.2985
  4 204  0.0000  0.0000  0.0000
 12 204  0.0413  0.3743  8.6486
 20 204  0.0832  0.3131  9.8462
 28 204 -0.5000  0.0000 11.1304
 36 204  0.0000  0.0000  0.0000
 44 204  0.0000  0.0000  0.0000
 52 204  0.0000  0.0000  0.0000
 60 204  0.0000  0.0000  0.0000
 68 204  0.0000  0.0000  0.0000
 76 204  0.0000  0.0000  0.0000
 84 204  0.0000  0.0000  0.0000
 92 204  0.0000  0.0000  8.2581
100 204  0.0000 -0.5000  8.8276
108 204  0.0000  0.0000  0.0000
116 204  0.0000  0.0000  0.0000
124 204     NaN  0.0000 17.0667
132 204 -0.0610  0.5000  7.7665
140 204 -0.2629  2.8126 11.6364
148 204  0.0000  2.5000  8.8276
156 204  0.0000  0.0000  0.0000
164 204  0.0000  0.0000  0.0000
172 204  3.5000  0.0801  5.7949
180 204 -0.1541  5.0000 11.6806
188 204 -0.5000  0.1180  9.2850
196 204 -0.3732  0.3694 10.3318
204 204  0.0000  0.0000  0.0000
212 204  0.0000  0.0000  0.0000
220 204  0.0000  0.0000  0.0000
228 204  0.0000  0.0000  0.0000
236 204  0.0000  0.0000 11.1304
244 204  1.5000  2.5000  7.4357
252 204  0.1688  2.5000 10.2534
260 204 -0.5000 -0.5000  4.0635
268 204  0.0000  0.0000  0.0000
276 204  0.0000  0.0000 11.1304
284 204 -0.1174 -4.1710 14.6131
292 204  0.3105 -0.0955 12.8000
  4 212 -4.0000 -5.3585 16.0386
 12 212  0.0000  2.5000  8.8276
 20 212  0.0000  0.0000 11.1304
 28 212 -0.1068 -0.3135 15.1963
 36 212  0.0000  0.0000 11.1304
 44 212  0.0000  0.0000  0.0000
 52 212  0.1068  0.3135 15.1963
 60 212  0.0000  0.0000 16.1088
 68 212  0.0000 -0.5000  8.8276
 76 212  0.0000  0.0000  0.0000
 84 212  0.0000  0.0000 11.1304
 92 212  0.1760  0.0000 15.0588
100 212  0.0000  0.0000 11.1304
108 212  0.0000  0.0000  0.0000
116 212  0.0000  0.0000  0.0000
124 212  0.0000  0.0000  0.0000
132 212  1.7819  0.3281  8.9418
140 212  0.0000  0.0000  0.0000
148 212  0.0000  0.0000  0.0000
156 212 -0.5000 -0.5000  4.0635
164 212  0.0000  0.0000  0.0000
172 212 -0.2730 -0.1571 13.1995
180 212 -0.3252 -5.4675  9.3746
188 212  2.5000 -5.0000  8.8276
196 212  0.0000 -4.6564 12.4564
204 212  0.0000  0.0000  0.0000
212 212  0.0000  0.0000  0.0000
220 212  0.0000  0.0000  0.0000
228 212  0.0000  0.0000  0.0000
236 212  0.0000  0.0000  0.0000
244 212  0.0000 -0.5000  8.8276
252 212 -0.1918 -0.5000  8.6239
260 212  0.0000  0.0000  0.0000
268 212  0.0000  0.0000  0.0000
276 212  0.0000  0.0000  0.0000
284 212  2.5000  0.0000 11.1304
292 212 -1.5000  2.5000  7.4357
  4 220 -0.0678 -1.0732 12.0132
 12 220 -0.1068  0.5000 14.1617
 20 220  0.0000  0.0000  0.0000
 28 220  0.0000  0.0000  0.0000
 36 220 -0.3708 -0.4048  7.9242
 44 220  1.1733  0.0000  8.5333
 52 220  0.0000  0.0000 11.1304
 60 220  0.0000  0.0000  0.0000
 68 220  0.0000 -0.5000 11.1304
 76 220  0.0000  0.0000  0.0000
 84 220  0.0000  0.0000  0.0000
 92 220  0.0000  2.5000  8.8276
100 220 -0.5000  0.0000 11.1304
108 220  0.0000  0.0000  0.0000
116 220  0.0000  0.0000 11.1304
124 220  0.0000  0.0000  0.0000
132 220  1.0000  0.1174  8.2581
140 220  0.0000  0.0000  0.0000
148 220 -0.1603  0.0000  6.3054
156 220 -4.0000  0.0000 17.3559
164 220 -4.8152  0.5000  4.9841
172 220  2.5000  4.8133  6.5641
180 220 -0.2878  3.9508  7.8833
188 220 -0.5000  2.7160  9.4151
196 220  3.5000  2.5000  4.0635
204 220  0.0000  0.0000  0.0000
212 220  5.7739 -0.2863  8.8276
220 220 -0.3732  0.3694 10.3318
228 220  0.0000  0.0000  0.0000
236 220  0.0000  0.0000  0.0000
244 220  0.0000  0.0000  0.0000
252 220  0.1817 -0.1098  6.7122
260 220  0.0000  0.0000 17.0667
268 220     NaN -1.3042  8.8684
276 220  0.0000  0.0000  0.0000
284 220  1.1838  2.5000  7.5779
292 220  0.0000  0.0000  8.2581
