VARIABLES= "X pix", "Y pix", "U pix/dt", "V pix/dt", "CHC", ZONE I=28, J=37
  4   4  0.0211  0.0055 10.7829
 12   4  0.0399 -0.0455 10.9173
 20   4  0.0000  0.0714 10.5267
 28   4  0.0000  0.0000 10.0604
 36   4  0.0000  0.0000 11.0444
 44   4  0.0000 -0.0523 10.4171
 52   4  0.0000 -0.0592 10.5699
 60   4 -0.0053 -0.0140 10.8696
 68   4  0.0000  0.0000 10.1847
 76   4  0.0423 -0.0504 10.4696
 84   4 -0.0412 -0.0683 10.4942
 92   4 -0.0064  0.0431 11.3140
100   4  0.0000  0.0000 11.8646
108   4  0.0000  0.0000 11.7754
116   4  0.0000  0.0000 11.7754
124   4  0.0000  0.0000 11.7754
132   4  0.0005 -0.0180 11.4657
140   4 -0.0041 -0.0096 10.9798
148   4  0.0000  0.0000 11.7754
156   4  0.0000  0.0000 11.9483
164   4  0.0000  0.0000 11.7754
172   4  0.0000  0.0000 11.9577
180   4  0.0000  0.0000 10.8101
188   4  0.0000  0.0000 12.8672
196   4 -0.0429  0.0005 11.9681
204   4  0.0000  0.0000 11.7754
212   4  0.0000  0.0000 11.4812
220   4  0.0000  0.0000 12.2428
228   4  0.0338  0.1424 10.5634
236   4  0.0411 -0.0298 10.0620
244   4  0.0878 -0.0216  9.0081
252   4  0.0564 -0.0251 10.3470
260   4  0.0466  0.0295 10.6757
268   4  0.0432  0.0653 10.4126
276   4  0.0000  0.0000 12.6664
284   4  0.0000  0.0000 13.0803
292   4  0.0335  0.0654 12.6692
  4  12 -0.0961  0.0006  8.0705
 12  12 -0.0723 -0.0064 10.3783
 20  12  0.0103  0.0108  9.4623
 28  12 -0.0360 -0.0104 11.7245
 36  12 -0.0227  0.0121 18.7969
 44  12  0.0074 -0.0234 10.3189
 52  12  0.0551 -0.1145  8.9652
 60  12 -0.0468 -0.0112  9.5550
 68  12  0.0135 -0.0028 12.2356
 76  12  0.0000  0.0000 10.9996
 84  12  0.0000  0.0000  8.4512
 92  12 -0.0000  0.0000  8.6025
100  12  0.0235  0.0087  8.5999
108  12 -0.0050  0.0093  9.4537
116  12  0.0000  0.1002  9.7444
124  12  0.0000  0.0000 10.3699
132  12  0.0000  0.0000  9.6105
140  12  0.0000 -0.0414 10.0622
148  12  0.0000 -0.0344  9.9631
156  12  0.0000  0.0422 10.2843
164  12 -0.0004  0.0101 11.1277
172  12 -0.0420 -0.0060 14.5548
180  12 -0.0116  0.0336 10.2835
188  12  0.0361  0.0114 10.2362
196  12  0.0000  0.0000  8.3824
204  12  0.0206  0.0011 10.4419
212  12 -0.0279  0.1096 15.4099
220  12  0.0000  0.0000 12.6265
228  12 -0.0087 -0.6016  8.1228
236  12  0.0000  0.0000 10.4065
244  12  0.0110  0.5358  8.7711
252  12  0.0666 -0.2346 12.1940
260  12 -0.0994 -0.0301 10.8859
268  12  0.0000  0.0000  8.8091
276  12  0.0056  0.0827 10.6392
284  12  0.0000  0.0000  8.0379
292  12  0.0000  0.0000  7.4117
  4  20  0.0000  0.0000 17.6002
 12  20  0.0609 -0.0213 15.0040
 20  20  0.0000 -0.0026 13.2012
 28  20  0.0000  0.0087 14.4977
 36  20 -0.0287  0.0338 14.8954
 44  20  0.0000  0.0303 13.8865
 52  20 -0.0423  0.0171 15.1868
 60  20  0.0000  0.0000 17.7745
 68  20 -0.0275 -0.0040 16.7493
 76  20  0.0067 -0.0039 16.9663
 84  20  0.0000  0.0000 15.5290
 92  20 -0.0100  0.0031 14.5489
100  20  0.0000  0.0000 11.8871
108  20  0.0407  0.0136  9.6018
116  20  0.0005 -0.0152 14.5430
124  20  0.0290  0.0012 13.8120
132  20 -0.0095 -0.0073 14.1681
140  20  0.0137 -0.0005 13.4663
148  20  0.0129  0.0004 14.6196
156  20  0.0033 -0.0281 14.3975
164  20  0.0017 -0.0049 15.6733
172  20 -0.0099 -0.0016 12.7755
180  20  0.0058  0.0005 16.8772
188  20 -0.0021 -0.0070 17.8311
196  20  0.0102 -0.0468 17.4749
204  20  0.0000  0.0000 20.7906
212  20  0.0000  0.0000 23.9610
220  20  0.0000  0.0000 28.5042
228  20  0.0000  0.0000  9.4260
236  20  0.0144 -0.1540  9.3850
244  20 -0.0752  0.0698 10.0153
252  20 -0.0684  0.0540 19.5075
260  20 -0.0747  0.0226  8.8245
268  20  0.0328  0.0997 10.5977
276  20  0.0575  0.0382 16.2790
284  20 -0.0666  0.0477 13.1799
292  20 -0.0377 -0.0309 16.4612
  4  28  0.0000  0.0000  8.8686
 12  28  0.0000  0.0000  9.1542
 20  28  0.0001 -0.0003  9.9685
 28  28 -0.0082  0.0115  9.8221
 36  28  0.0000  0.0000 10.1358
 44  28  0.0117  0.0002 10.1630
 52  28 -0.0011  0.0022  9.8997
 60  28  0.0000  0.0000  9.9527
 68  28 -0.0086 -0.0082 10.5188
 76  28  0.0322  0.0046 10.9105
 84  28  0.0000  0.0000  9.8962
 92  28  0.0025 -0.0217  9.4667
100  28 -0.0145 -0.0066 11.3175
108  28  0.0022  0.0067 16.6529
116  28 -0.0005  0.0246  9.3678
124  28  0.0148  0.0006 10.1175
132  28 -0.0045  0.0109  8.9740
140  28 -0.0028  0.0125  9.0632
148  28 -0.0089 -0.0022  9.6016
156  28  0.0179  0.0137 16.4678
164  28 -0.0005 -0.0105 14.5367
172  28 -0.0010 -0.0123 12.5082
180  28 -0.0156 -0.0076 15.3143
188  28  0.0435  0.0199 12.3788
196  28  0.0082 -0.0148 13.1352
204  28 -0.0126 -0.0015  9.2270
212  28  0.0104 -0.0019 10.0517
220  28  0.0000  0.0000 10.0979
228  28 -0.0008 -0.0016 10.0802
236  28 -0.0097  0.0027  9.3833
244  28 -0.0005 -0.0022  9.3052
252  28 -0.0004  0.0004  9.9561
260  28 -0.0229  0.0011 14.2604
268  28  0.0000  0.0000 16.6142
276  28 -0.0167 -0.0030 15.5518
284  28  0.0000  0.0000 28.8990
292  28 -0.0243 -0.0068 15.1545
  4  36  0.0000  0.0000  7.6584
 12  36  0.0000  0.0000  7.3576
 20  36  0.0080 -0.0073  6.6400
 28  36 -0.0541 -0.1367  5.8268
 36  36  0.0000  0.0000  6.5703
 44  36 -0.0000 -0.0550  6.6583
 52  36  0.0739  0.3940  8.5008
 60  36  0.0000  0.0685 13.7366
 68  36 -0.1146  0.0166 10.0862
 76  36  0.0089  0.0040 11.3691
 84  36 -0.1706  0.0032 12.4355
 92  36  0.0275 -0.1278 11.0101
100  36  0.0496 -0.0361  8.4007
108  36 -0.0329 -0.0244  9.0727
116  36  0.0043 -0.0062  7.9402
124  36  0.0329  0.2872  6.2674
132  36  0.0000  0.1259  9.0353
140  36  1.5000  0.0000  8.2581
148  36  0.1329 -0.1631 12.1712
156  36 -0.0025  0.0157 11.2679
164  36 -0.0133 -0.0031 19.6058
172  36  0.0274  0.0196 13.4022
180  36  0.0000  0.0000 11.6502
188  36 -0.0024 -0.0079 15.1749
196  36 -0.0002  0.0098  8.4864
204  36  0.1839  0.1400 12.4927
212  36  0.0000 -0.1309 13.3565
220  36  0.1348 -0.0333 11.3522
228  36  0.0000  0.0000 15.2515
236  36 -0.3736  0.0620  9.6526
244  36  0.0000  0.0000 10.8982
252  36  0.0000  0.2730 10.6474
260  36  0.0312  0.0116 12.4405
268  36  0.0286  0.0369  9.2958
276  36  0.1128 -0.2526  5.5426
284  36  0.0195 -0.0136  8.6317
292  36 -0.1792 -0.0238  8.7805
  4  44  0.0000  0.0000 20.7059
 12  44 -0.0853 -0.0257 15.1402
 20  44  0.0179 -0.0423 15.1609
 28  44  0.0000  0.0000 12.8227
 36  44  0.0308 -0.1268 11.5198
 44  44  0.0000  0.0000 10.5606
 52  44 -0.0088  0.0152 10.3441
 60  44  0.0000  0.0000  9.0038
 68  44  0.0000  0.0000  8.8141
 76  44  0.0000  0.0000  8.5829
 84  44  0.0000  0.0000 11.1304
 92  44  0.5838  0.3144  8.0688
100  44  0.0000  0.0000  0.0000
108  44  0.0000  0.0000  0.0000
116  44  0.0000  0.0000 13.5576
124  44 -0.0552 -0.0524 11.5879
132  44  0.0000  0.0000  0.0000
140  44  0.0000  0.0000  0.0000
148  44 -0.3271  0.3054  9.3091
156  44  0.0000  0.0000 15.8671
164  44  0.0153 -0.0199 10.3476
172  44  0.0166  0.0128 10.2995
180  44  0.0011  0.0318  9.9531
188  44 -0.0028 -0.0135 14.3875
196  44  0.0000  0.0000  8.7459
204  44 -0.1519  0.0963  8.2554
212  44 -0.1174 -0.0029  8.8602
220  44  0.0000  0.0000  8.9436
228  44  0.0188  0.0250 10.0225
236  44 -0.0166  0.1132 13.1636
244  44  0.0558 -0.0080 10.6810
252  44  0.0000  0.0000 12.8227
260  44  0.0000  0.0000 18.8048
268  44  0.3321  0.1276 10.3409
276  44  0.0000  0.0000  8.6413
284  44  0.1146 -0.0101 17.4161
292  44 -0.0417  0.1134  7.3143
  4  52  0.0000  0.0000 10.3707
 12  52  0.0000  0.0000  8.4453
 20  52  0.0000  0.0000  9.0597
 28  52  0.2352  0.0105  8.7179
 36  52  0.0000  0.0000 11.1304
 44  52  0.0000  0.0000  0.0000
 52  52  0.0000  0.0000  0.0000
 60  52  0.0000  0.5000 11.1304
 68  52  0.0000  0.0000 11.1304
 76  52 -0.1841  0.0418 12.3683
 84  52  0.0000  0.0000 11.1304
 92  52  1.0000  0.0000  9.2850
100  52  0.0000  0.0000 11.1304
108  52  0.0000  0.0000 11.1304
116  52  0.0000 -0.5000  8.8276
124  52  0.0000  0.0000  0.0000
132  52  0.0000  0.0000  0.0000
140  52  0.0000  0.0000  0.0000
148  52  0.0000  0.0000  0.0000
156  52  0.0024  0.0021 11.2162
164  52  0.0001 -0.0042 25.9081
172  52 -0.0089 -0.0012 11.7100
180  52 -0.0027 -0.0007 13.8726
188  52 -0.0095 -0.0046 17.9043
196  52 -0.0035 -0.0055  7.9868
204  52  0.0000  0.0000 12.0628
212  52  0.0000  0.1960 11.1304
220  52 -0.0428  0.1684 15.4483
228  52 -0.2080 -0.2715 12.3107
236  52  0.2581 -0.0094 12.5676
244  52  0.0276  0.0047  9.2053
252  52 -0.1366 -0.0179 13.5229
260  52  0.0000  0.0000  9.4762
268  52  0.1046  0.0165  7.9431
276  52  0.0474 -0.0574  8.6514
284  52  0.0000  0.0000 10.9824
292  52 -0.1929  0.0116  9.9968
  4  60  0.0000  0.0000 16.1088
 12  60  0.0000  0.0000 16.1088
 20  60  0.0000  0.0000  0.0000
 28  60  0.0000  0.0000  0.0000
 36  60  0.0000  0.0000  0.0000
 44  60  0.0000  0.0000 11.1304
 52  60  0.0000  2.0000 11.1304
 60  60  0.0000  0.0000 11.1304
 68  60  0.0000  0.0000  0.0000
 76  60  0.0000  0.0000 11.1304
 84  60  0.0000  0.0000 11.1304
 92  60  0.0000  0.0000 22.2609
100  60 -0.1780  0.2756  7.6418
108  60  0.1546  0.0660 18.6254
116  60  0.0000  0.0000  0.0000
124  60  0.0000  0.0000  0.0000
132  60  0.0000  0.0000  0.0000
140  60  0.0000  0.0000 13.5576
148  60 -0.0021 -0.0042  7.2198
156  60 -0.0117 -0.0015 14.2587
164  60 -0.0057  0.0018 14.8847
172  60 -0.0071  0.0017 11.9615
180  60  0.0142  0.0029 11.7668
188  60 -0.0070 -0.0006 16.2982
196  60  0.0315  0.0085  6.4978
204  60  0.0000  0.0000 12.2502
212  60  0.0520 -0.2072 11.4040
220  60  0.0520 -0.2072 11.4040
228  60  0.0000  0.0000  9.4208
236  60  0.0000  0.0000  6.8970
244  60  0.0316 -0.1749  8.6916
252  60  0.0000  0.0000  8.7453
260  60  0.0356  0.2704 12.0108
268  60  0.1549  0.1179 12.0062
276  60  0.0192  0.1864 11.8154
284  60 -0.1429 -0.1204 15.5356
292  60  0.0288 -0.0810  7.9806
  4  68  0.0000  0.0000 11.1304
 12  68  0.0000  0.0000 11.1304
 20  68  0.0000  0.0000  0.0000
 28  68  0.0000  0.0000  0.0000
 36  68  0.0000  0.0000  0.0000
 44  68  0.0000  0.0000 11.1304
 52  68  0.1140 -0.1079 19.3902
 60  68 -0.5000  0.0000  8.8276
 68  68  0.0417  0.1134  7.3143
 76  68  0.0000  0.0000 20.7059
 84  68 -0.1212  0.0530 16.6956
 92  68  0.0000  0.0000 16.6956
100  68 -1.0000  0.0000  8.2581
108  68  0.0000  0.0000 16.2126
116  68 -0.2010  0.0000 16.0505
124  68  0.0447 -0.1828 11.1727
132  68  0.0000  0.0000  0.0000
140  68  0.0000  0.0000  8.8276
148  68  0.1378 -0.0087 16.8068
156  68  0.0824 -0.2461  8.5976
164  68 -0.1416 -0.0062  8.5451
172  68  0.2250 -0.0050 13.1901
180  68 -0.0519 -0.0777 11.8928
188  68  0.0846 -0.6195  9.4961
196  68  0.0082 -0.1776  9.0018
204  68  0.0000  0.0000 11.1304
212  68  0.0000  0.0000 11.1304
220  68  0.0000  0.0000  0.0000
228  68  0.0000  0.0000  4.0635
236  68  0.0000  0.0000  0.0000
244  68  0.0000  0.0000  0.0000
252  68  0.0000  0.0000 11.1304
260  68  0.0000  0.0000  4.0635
268  68 -0.1802  0.1949  7.7576
276  68  0.0000  0.0000 11.0903
284  68  0.0000  0.1593 11.5398
292  68  0.0121  0.0901  9.4233
  4  76  0.0000  0.0000  0.0000
 12  76  0.0000  0.0000  0.0000
 20  76  0.0000  0.0000  0.0000
 28  76  0.0000  0.0000  0.0000
 36  76  0.0000  0.0000 11.1304
 44  76 -0.0364 -0.2387 11.3832
 52  76  0.2788 -2.0000  7.5294
 60  76  0.0378 -0.0868 15.2803
 68  76 -0.0700  0.1626 12.3871
 76  76 -0.1178 -0.0033  9.6911
 84  76  0.0000  0.0000 13.1415
 92  76  0.0219  0.6606 13.7681
100  76  0.0000  0.0000 13.3565
108  76 -0.2727  0.0000 15.0980
116  76  0.0000  0.0000 11.1304
124  76  0.0000  0.0000 12.0628
132  76 -0.1151 -0.1151 16.5161
140  76  0.2907 -0.0403 10.5761
148  76 -0.0305  0.0284 15.2583
156  76  0.0000  0.0000 11.8583
164  76  0.0000  0.0000 16.1088
172  76  0.0000  0.0000  0.0000
180  76  0.0000  0.0000  0.0000
188  76  0.0101 -0.1146 17.4161
196  76  1.1761  1.6671  7.5124
204  76  0.2811  1.4066  7.6679
212  76  0.3468 -0.5000 10.2045
220  76  0.0000 -0.1960 11.1304
228  76  0.0000  0.0000 11.1304
236  76  0.0000  0.0000 11.1304
244  76  0.0000  0.0000 16.1088
252  76  0.0000  0.0000 11.1304
260  76  0.0000  0.0000 11.1304
268  76  0.0000  0.0000  0.0000
276  76  0.0000  0.0000  0.0000
284  76  0.0000  0.0000 16.1088
292  76  0.0000  0.0000  8.8276
  4  84  0.0000  0.0000  0.0000
 12  84  0.0000  0.0000  0.0000
 20  84  0.0000  0.0000  0.0000
 28  84  0.0000  0.0000 16.1088
 36  84 -1.0000  0.0000 10.7680
 44  84  0.5000 -0.0930 14.1070
 52  84 -0.4342  0.1409  8.7273
 60  84 -0.0495 -0.1291 15.8132
 68  84  0.0000 -0.2362 11.9773
 76  84  0.0000  0.0000  6.9309
 84  84 -0.0175 -0.0709 11.2837
 92  84  0.0000  0.0000 10.8936
100  84  0.0000  0.0000 12.0628
108  84 -0.0257 -0.1295  9.5278
116  84 -0.3917 -0.0477 11.8962
124  84  0.0000  0.0000 16.1088
132  84 -0.5000  0.0000  8.8276
140  84  0.0000  0.0000 16.1088
148  84  0.0457 -0.1313 12.9403
156  84  2.5000  0.0000  8.8276
164  84  0.0000  0.0000 11.1304
172  84  0.0000  0.0000  0.0000
180  84  0.0000  0.0000  0.0000
188  84  0.0000  0.0000  0.0000
196  84  0.0000  0.0000 19.4783
204  84  0.0000  0.0000  0.0000
212  84  0.0000  0.0000 19.5669
220  84  0.0000  0.0000 13.5576
228  84  0.0000  0.0000  0.0000
236  84  0.0000  0.0000  0.0000
244  84  0.0000  0.0000  0.0000
252  84  0.0000  0.0000  0.0000
260  84  0.0000  0.0000 11.1304
268  84  0.0000  0.0000  0.0000
276  84  0.0000  0.0000  0.0000
284  84  0.0000  0.0000 11.1304
292  84 -0.2011  0.1988 14.8099
  4  92  0.0000  0.0000  9.9341
 12  92  0.0122  0.1373  8.1745
 20  92  0.0000  0.0000 10.1417
 28  92  0.0000 -0.1960 11.1304
 36  92  0.0000  0.0000  0.0000
 44  92 -0.0084  0.1038 15.6708
 52  92 -0.0000  0.0000 10.1195
 60  92 -0.0677 -0.2414 11.7124
 68  92  0.0000  0.0000  0.0000
 76  92 -0.0109 -0.9254  8.2774
 84  92 -0.2826  0.4149  6.8392
 92  92  0.0000  0.0000  8.0000
100  92  0.0000  0.0000 11.1304
108  92  0.0000  0.0000 16.1088
116  92  0.0000  0.0000  7.8736
124  92  0.0000  0.0000  0.0000
132  92  0.0000  0.0000  0.0000
140  92  0.0000  0.0000 16.1088
148  92  0.0000  0.0000 12.0455
156  92  0.0000  0.0000  0.0000
164  92  0.0000  0.0000  0.0000
172  92  0.0000  0.0000 11.1304
180  92  0.5000  0.0000  8.4768
188  92  0.0000  0.0000 11.1304
196  92  0.0000  0.0000 11.1304
204  92  0.0000  0.0000  0.0000
212  92  0.0000  0.0000  0.0000
220  92  2.5000  0.0000  8.8276
228  92  0.0000  0.0000 17.0667
236  92  0.0000  0.0000  8.8276
244  92  0.0000  0.0000  0.0000
252  92  0.0000  0.0000  0.0000
260  92  0.0000  0.0000  0.0000
268  92  0.0000  0.0000  0.0000
276  92  0.0000  0.0000  8.8276
284  92  0.1313 -0.0812 16.9211
292  92  0.0000 -0.5000  8.8276
  4 100 -0.4060 -0.0753 10.9194
 12 100  0.1540 -0.0776  7.2732
 20 100  0.0000  0.0000  8.0688
 28 100  0.0000  0.0000  0.0000
 36 100 -0.1113 -1.6014 11.9803
 44 100  0.1254 -0.1253 12.8156
 52 100  0.1302 -0.0094  9.0953
 60 100  0.0000  0.0000  9.0813
 68 100 -0.5000 -0.1588 10.5785
 76 100 -0.0563 -0.0416 15.1354
 84 100 -0.0612  0.0819 10.7886
 92 100  0.0000  0.0000 11.1304
100 100  0.0000  0.1960 11.1304
108 100  0.0000  0.0000 19.4783
116 100  0.0000  0.0000  0.0000
124 100  0.0000  0.0000 16.1088
132 100  0.0951  0.0000 12.2969
140 100  0.0000  0.0000 16.1088
148 100  0.4681  0.0000  9.5738
156 100  0.0000  0.0000 13.5576
164 100 -0.1068  0.3135 15.1963
172 100 -0.0832  0.3131  9.8462
180 100  0.0000  0.0000  0.0000
188 100  0.1960 -0.5000 11.1304
196 100  0.0000  0.0000  0.0000
204 100  0.0000  0.0000  0.0000
212 100  0.0973  0.1439 10.5822
220 100  0.0000  0.0000  0.0000
228 100  0.0000  0.0000 16.1088
236 100 -1.1757 -0.1349  9.6807
244 100 -0.2484 -0.3292  9.7215
252 100  0.0000  0.0000 11.1304
260 100  0.0000  0.0000 11.1304
268 100  0.0000  0.0000  0.0000
276 100  0.0000  0.0000 11.1304
284 100  0.0000  0.0000  0.0000
292 100  0.0000  0.0000 11.1304
  4 108  0.0000  0.0000 11.2727
 12 108  0.0000  0.0000 11.1304
 20 108  0.0000  0.0000 16.1088
 28 108  0.0000  0.0000 12.0628
 36 108  0.0000  0.0000 16.1088
 44 108  0.0000  0.0000 10.6167
 52 108  0.0734  0.0323  9.8007
 60 108  0.0000  0.0000 11.8583
 68 108  0.0000  0.0000  8.0000
 76 108  0.0000  0.2730 10.6474
 84 108  0.0000  0.0000 17.0667
 92 108  0.0000  0.1556 12.2969
100 108 -0.5000  0.0448  8.9013
108 108  0.0000  0.0000  9.5143
116 108  0.0000  0.0000 11.1304
124 108  0.0000  0.0000 11.1304
132 108  0.0000  0.0000 11.1304
140 108  0.2780 -0.1270 13.3759
148 108 -1.0000  0.0000  8.2581
156 108  0.0000  0.0000 22.2609
164 108  0.0000  0.0000 13.4737
172 108  1.5000  0.0000  8.2581
180 108  0.0000  0.0000  0.0000
188 108  0.0000  0.0000  0.0000
196 108  0.0000  0.0000  0.0000
204 108  0.0000  0.0000  0.0000
212 108  0.0000  0.0000  0.0000
220 108  0.0000  0.0000  0.0000
228 108  0.0000  0.0000  0.0000
236 108  0.0000  0.0000  0.0000
244 108  0.0000  0.0000  0.0000
252 108  0.0000  0.0000 11.1304
260 108  0.0000  0.0000  0.0000
268 108  0.0000  0.0000  0.0000
276 108  0.0000  0.0000  0.0000
284 108  0.0000  0.0000  0.0000
292 108  0.0000  0.0000 11.1304
  4 116  0.0279 -0.1007 14.4013
 12 116 -0.1552 -0.3271  9.3348
 20 116  0.0000  0.0000  9.4815
 28 116  0.0000  0.0000 11.9011
 36 116 -0.3091  0.0000 15.7112
 44 116 -0.5000 -0.1588 10.5785
 52 116  0.0000  0.0000  9.5632
 60 116  0.0544  0.0000  9.8359
 68 116  2.0743  1.8223 10.1677
 76 116 -0.0778 -0.3485  9.1399
 84 116  0.0000  0.0000 11.1304
 92 116  0.0000  0.0000 11.1304
100 116  0.0000  0.0000 11.1304
108 116 -0.1213 -0.5000 10.8245
116 116  0.0000  0.0000 16.1088
124 116  0.0000  0.0000 11.1304
132 116  0.0000  0.0000 16.1088
140 116 -0.1841  0.0418 12.3683
148 116  0.0000  0.0000  0.0000
156 116  0.0000 -0.5000  8.8276
164 116  0.0000  0.0000 16.1088
172 116  0.0000  0.0000 16.1088
180 116  0.0000  0.0000  0.0000
188 116  0.0000  0.0000 19.4783
196 116  0.0000  0.0000 19.4783
204 116  0.0000  0.0000  0.0000
212 116  0.0000  0.0000  0.0000
220 116  0.0000  0.0000  0.0000
228 116  0.0000  0.0000  0.0000
236 116  0.0000  0.0000 11.1304
244 116  0.0000  0.0000  0.0000
252 116  0.0000  0.0000  0.0000
260 116 -0.5000  0.0000  8.8276
268 116  0.0000  0.0000 11.1304
276 116  0.0000  0.0000 11.1304
284 116  0.0000  0.0000  0.0000
292 116  0.0000 -0.5000  8.8276
  4 124  0.2665  0.2364  6.7438
 12 124 -0.5000  0.1588 10.5785
 20 124  0.3049  0.1066  9.8462
 28 124  0.0000  0.0000  0.0000
 36 124  0.0000  0.0000  0.0000
 44 124  0.0000  0.0000  0.0000
 52 124  0.0000  0.0000  0.0000
 60 124  0.0000  0.0000 11.1304
 68 124  0.0000  0.0000  0.0000
 76 124  0.0000  0.0000  4.3390
 84 124  0.0962 -0.0426  9.4256
 92 124  0.5000 -0.1444 13.1064
100 124  0.5000  0.0000 11.1304
108 124  0.0000  0.0000  0.0000
116 124  0.1606 -0.3123 12.3989
124 124 -0.1960  0.0000 11.1304
132 124  0.0000  0.0000  0.0000
140 124  0.0000  0.0000  0.0000
148 124  0.0000  0.0000  0.0000
156 124  0.0000  0.0000  0.0000
164 124  0.0000  0.0000  0.0000
172 124  0.0000  0.0000 17.0667
180 124  0.0000  0.0000 11.1304
188 124  0.0000  0.0000 20.7059
196 124  0.0000  0.0000 16.1088
204 124  0.0000  0.0000  0.0000
212 124  0.0000  0.0000  0.0000
220 124  0.0000  0.0000  0.0000
228 124  0.0000  0.0000  0.0000
236 124  0.0000  0.0000 16.1088
244 124  0.0000  0.0000 11.1304
252 124  0.0000  0.0000 11.1304
260 124  0.0000  0.0000 11.1304
268 124  0.0000  0.0000 11.1304
276 124 -0.2147  0.0803  6.9445
284 124 -0.0123  0.0324  9.7552
292 124  0.1827 -0.0605 15.5955
  4 132  0.0923  0.1998 10.7038
 12 132  2.5000  0.1588 10.5785
 20 132  0.0000  0.0000 16.1088
 28 132  0.0000  0.0000  0.0000
 36 132  0.0000  0.0000  0.0000
 44 132  0.0000  0.0000  0.0000
 52 132 -0.5000  0.0000  8.8276
 60 132  0.0000  0.0000  8.4768
 68 132  0.0000  0.0000 16.1088
 76 132  0.0000  0.0000  0.0000
 84 132  0.0966 -0.0050 10.9058
 92 132 -0.8935  0.7593  8.9328
100 132  0.0000  0.0000 11.1304
108 132  0.0000  0.0000 11.1304
116 132  0.0000  0.0000 16.9590
124 132  0.0000  0.0000 20.7059
132 132 -0.5000  0.0000  8.8276
140 132 -0.1960 -0.5000 11.1304
148 132  0.0000  0.0000  0.0000
156 132  0.0000  0.0000  0.0000
164 132  0.0000 -0.1063  6.9728
172 132  0.4043 -0.4043  8.0000
180 132  0.1556  0.0000 12.2969
188 132  0.0000  0.0000  0.0000
196 132  0.0000  0.0000  0.0000
204 132  0.0000  0.1151  9.2086
212 132  2.5000  0.1588 10.5785
220 132  0.0000  0.0000  0.0000
228 132  0.0000  0.0000  0.0000
236 132  0.0000  0.0000  0.0000
244 132  0.0000  0.0000  0.0000
252 132  0.0000  0.0000  0.0000
260 132  0.0000  0.0000  0.0000
268 132  0.0000  0.0000  0.0000
276 132  0.0000  0.0000 13.1641
284 132 -0.0182 -0.0644 14.3527
292 132  0.0000  0.0000 13.5005
  4 140  0.0000  0.0000 11.5706
 12 140  0.0000  0.0000 16.1088
 20 140  0.0000  0.0000 16.1088
 28 140  0.0000  0.0000  0.0000
 36 140  0.0000  0.0000 11.1304
 44 140  0.0000  0.0000  0.0000
 52 140 -0.5000  1.8550  6.5641
 60 140 -0.1538  0.4196 12.3286
 68 140  0.0000  0.0000 13.5576
 76 140  0.0000  0.0000 16.1088
 84 140  0.0000  0.0000 11.1304
 92 140 -0.1151 -0.1151 16.5161
100 140  0.0000  0.0000  8.8276
108 140  0.1151  0.1151 16.5161
116 140 -0.1960  0.0000 11.1304
124 140  0.0000  0.0000  0.0000
132 140  0.0000  0.0000 11.1304
140 140  0.0000  0.0000 11.1304
148 140  0.0000  0.0000  0.0000
156 140  0.0000  0.0000  0.0000
164 140  0.0000  0.0000 12.0628
172 140  0.1703  0.1728 16.1747
180 140  0.0000  0.0000 11.1304
188 140  0.0000  0.0000 17.0667
196 140  0.0000  0.0000  7.5779
204 140  0.0000  0.0000  0.0000
212 140  0.0000  0.0000 11.1304
220 140  0.0000  0.0000  0.0000
228 140  0.0000  0.0000  0.0000
236 140  0.0000  0.0000 11.1304
244 140  0.0000  0.0000 11.1304
252 140  0.0000  0.0000 11.1304
260 140  0.0000  0.0000  0.0000
268 140  0.0000  0.0000  0.0000
276 140  0.0000  0.0000  0.0000
284 140  0.0000  0.0000 11.1304
292 140  0.0000  0.0000 12.8598
  4 148 -0.3732 -0.3694 10.3318
 12 148 -0.2021 -0.2860 10.7438
 20 148  0.0000  0.0000 11.1304
 28 148  0.0000  0.0000  0.0000
 36 148  0.0000  0.0000  0.0000
 44 148  0.0000  0.0000 11.1304
 52 148  0.0000  0.0000 11.1304
 60 148  0.0000  0.0000 11.1304
 68 148  0.0000  0.0000  0.0000
 76 148  0.0000  0.0000  0.0000
 84 148  0.0000  0.0000  0.0000
 92 148  0.0000  0.0000  0.0000
100 148  0.0000  0.0000 11.1304
108 148  0.0000  0.0000  8.4768
116 148  0.0000  0.0000 13.1641
124 148  0.0000  0.0000 11.1304
132 148  0.0000  0.0000 11.1304
140 148  0.0000  0.0000 16.1088
148 148  0.0000  0.0000  0.0000
156 148  0.0863  0.1403  8.6148
164 148  1.0575 -0.1618  7.5801
172 148  0.0000  0.0000 13.5576
180 148  0.0000  0.0000 11.1304
188 148  0.0000  0.0000  0.0000
196 148  0.0000  0.0000  0.0000
204 148  0.0000  0.0000 11.1304
212 148  0.5000  0.0000 11.1304
220 148  0.0000  0.0000  0.0000
228 148  0.0000  0.0000  0.0000
236 148  0.0000  0.0000  0.0000
244 148  0.0000  0.0000  0.0000
252 148  0.0000  0.0000  0.0000
260 148  0.0000  0.0000  0.0000
268 148  0.0000  0.0000  0.0000
276 148  0.0000  0.0000  0.0000
284 148  0.0000  0.0000  0.0000
292 148 -0.2847 -0.5000 11.1304
  4 156 -0.5000  0.0000 11.1304
 12 156 -0.5000  0.0000  8.8276
 20 156  0.0000  0.0000 11.1304
 28 156  0.0000  0.0000  0.0000
 36 156  0.0000  0.0000  0.0000
 44 156  0.0000  0.0000 16.1088
 52 156  0.0000  0.0000 11.1304
 60 156  0.0000  0.0000  0.0000
 68 156  0.0000  0.0000  0.0000
 76 156  0.0000  0.0000  0.0000
 84 156  0.0000  0.0000  0.0000
 92 156  0.0000  0.0000  0.0000
100 156  0.4681  0.0000  9.5738
108 156  0.0696  0.0314  9.6078
116 156 -0.3157  0.1387  7.1532
124 156  0.0000  0.0000  0.0000
132 156  0.0000  0.0000  0.0000
140 156  0.0000  0.0000 11.1304
148 156  0.0000  0.0000 11.1304
156 156  0.0000  0.0000  0.0000
164 156 -0.0500  0.7439 11.1506
172 156  0.0000  0.0000 13.5576
180 156  0.0000  0.0000 11.1304
188 156  0.0000  0.0000  0.0000
196 156  0.0000  0.0000 11.1304
204 156  0.0000  0.1960 11.1304
212 156  0.2780 -0.1270 13.3759
220 156  0.0000  0.0000 11.1304
228 156  0.0000  0.0000  0.0000
236 156  0.0000  0.0000 11.1304
244 156  0.0000  0.0000 11.1304
252 156  0.0000  0.0000 11.1304
260 156  0.0000  0.1960 11.1304
268 156  0.0000  0.0000 11.1304
276 156  0.0000  0.0000 11.1304
284 156  0.0000  0.0000  8.0000
292 156 -0.2645 -0.0585 13.3056
  4 164 -1.0492  0.0305 12.6667
 12 164  0.0000  0.0000  0.0000
 20 164  0.0000  0.0000 11.1304
 28 164  0.0000  0.0000 11.1304
 36 164  0.0000  0.0000  0.0000
 44 164 -0.0832 -0.3131  9.8462
 52 164  0.0000  0.0000  0.0000
 60 164  0.0000  0.0000  0.0000
 68 164  0.0000  0.0000  0.0000
 76 164  0.0000  0.0000  0.0000
 84 164  0.0000  0.0000  0.0000
 92 164  0.0000  0.0000 11.1304
100 164  0.0982 -0.2693  9.7086
108 164  0.0040 -0.1858 12.1650
116 164 -1.6958  0.0000  6.5641
124 164  0.0000  0.0000  0.0000
132 164     NaN  0.0000 17.0667
140 164  0.0000  0.0000  0.0000
148 164  0.0000 -0.5000  8.8276
156 164  0.0000  0.0000  0.0000
164 164  0.0000  0.0000 12.0455
172 164  0.0000  0.0000  0.0000
180 164  0.0000  0.0000  0.0000
188 164  0.0000  0.0000  0.0000
196 164  0.0000  0.0000  0.0000
204 164  0.0000  0.0000  0.0000
212 164  0.0000  0.0000  0.0000
220 164  0.0000  0.0000 11.1304
228 164  0.0000  0.0000 11.1304
236 164  0.0000  0.0000  0.0000
244 164  0.0000  0.0000  0.0000
252 164  0.0000  0.0000  0.0000
260 164  0.0000  0.0000  0.0000
268 164  0.0000  0.0000  0.0000
276 164  0.0000  0.0000  0.0000
284 164 -0.0832 -0.3131  9.8462
292 164  0.0000  0.0000  0.0000
  4 172  0.0000  0.0000  8.8276
 12 172  0.0180 -0.1317 12.5039
 20 172  0.0000  0.0000 11.1304
 28 172  0.0000  0.0000  0.0000
 36 172 -0.1760  0.0000 15.0588
 44 172  0.0000  0.0000  7.5779
 52 172  0.0000  0.0000  0.0000
 60 172  0.0000  0.0000  0.0000
 68 172  0.0000  0.0000  0.0000
 76 172  0.0000  0.0000  0.0000
 84 172  0.0000  0.0000  0.0000
 92 172  0.0000  0.0000  0.0000
100 172  0.0000  0.0000 15.6747
108 172 -0.0073  0.0325 11.1560
116 172  2.0586 -0.0526 12.2835
124 172  0.0000  0.0000  5.4468
132 172  0.0000  0.0000 11.1304
140 172  0.0000  0.0000  0.0000
148 172  0.0000  0.0000 11.1304
156 172  0.0000  0.0000  0.0000
164 172 -0.0418 -0.1521 12.6567
172 172  0.0000  0.0000 17.2183
180 172  0.0000  0.0000  0.0000
188 172  0.0000  0.0000  0.0000
196 172  0.0000  0.0000 11.1304
204 172  0.0000  0.0000  8.4768
212 172  0.0000  0.0000 11.1304
220 172  0.0000  0.0000  0.0000
228 172  0.0000 -0.5000  8.8276
236 172  0.0000  0.0000 11.1304
244 172  1.3070 -0.0337 12.4709
252 172  0.0000  0.0000  0.0000
260 172  0.0000  0.0000  0.0000
268 172  0.0000  0.0000  0.0000
276 172  0.0000  0.0000  0.0000
284 172  0.0000  0.0000 11.1304
292 172  0.0000  0.0000 11.1304
  4 180  0.0000  0.0000 11.1304
 12 180  0.1841 -0.0418 12.3683
 20 180  0.0000  0.0000  0.0000
 28 180  0.0000  0.0000  0.0000
 36 180  0.0000  0.0000 12.0455
 44 180  0.0000  0.0000 11.1304
 52 180  0.0000  0.0000  0.0000
 60 180  0.0000  0.0000  0.0000
 68 180  0.0000  0.0000 11.1304
 76 180  0.0000  0.0000  0.0000
 84 180  0.0000  0.0000 11.1304
 92 180  0.0000  0.0000 11.1304
100 180  0.0000  0.0000 21.4433
108 180 -0.2939  0.0087  8.1866
116 180  0.0000  0.0000  0.0000
124 180  0.0000  0.0000 16.1088
132 180  0.4043 -0.4043  8.0000
140 180  0.0000  0.0000  0.0000
148 180  0.0000  0.0000  8.8276
156 180  0.0000  0.0000  0.0000
164 180  0.0000  0.0000 11.1304
172 180  0.0000  0.0000  8.8276
180 180  0.0000  0.0000  0.0000
188 180  0.0000  0.0000  0.0000
196 180  0.0000  0.0000  0.0000
204 180  0.0000  0.0000  0.0000
212 180  0.0000  0.0000  0.0000
220 180  0.0000  0.0000 11.1304
228 180  0.0000  0.0000 11.1304
236 180  0.0000  0.0000 11.1304
244 180 -0.5000  0.0000  8.8276
252 180  0.0000  0.0000  0.0000
260 180  0.0000  0.0000  0.0000
268 180  0.0000  0.0000  0.0000
276 180  0.0000  0.0000  4.0635
284 180  0.0000  0.0000  0.0000
292 180  0.0000  0.0000  0.0000
  4 188  0.2907 -0.0403 10.5761
 12 188  0.0000 -0.2730 10.6474
 20 188 -0.0257 -0.1295  9.5278
 28 188  0.0000  0.0000 12.0628
 36 188  0.0000  0.0000 11.1304
 44 188  0.0000  0.0000 11.1304
 52 188  0.0000  0.0000  0.0000
 60 188  0.0000  0.0000  0.0000
 68 188  0.0000  0.0000  0.0000
 76 188  0.0000  0.0000  0.0000
 84 188  0.0000  0.0000  0.0000
 92 188  0.0000  0.0000  0.0000
100 188  0.0000  0.0000  8.0000
108 188  0.0000  0.0000  0.0000
116 188  0.0000  0.0000 11.1304
124 188  0.0000  0.0000 11.1304
132 188  0.0000  0.0000 11.1304
140 188  0.0000  0.0000 11.1304
148 188  0.0000  0.0000 11.1304
156 188  0.0000 -0.5000  8.8276
164 188 -1.5000  0.0000  8.2581
172 188  0.0418  0.1521 12.6567
180 188  0.0000  0.0000  0.0000
188 188  0.0000  0.0000  0.0000
196 188  0.0000  0.0000 11.1304
204 188  0.0000  0.0000  0.0000
212 188  0.0000  0.0000  0.0000
220 188  0.0000  0.0000  0.0000
228 188  0.0000  0.0000  8.8276
236 188  0.0000  0.0000  0.0000
244 188  0.0000  0.0000  0.0000
252 188  0.0000  0.0000  0.0000
260 188  0.0000  0.0000  0.0000
268 188  0.0000  0.0000  0.0000
276 188  0.0000  0.0000  0.0000
284 188  0.0000  0.0000  0.0000
292 188  0.0000  0.0000  0.0000
  4 196  0.0000  0.0000 11.1304
 12 196  0.0000  0.0000  0.0000
 20 196  0.1912  0.0000 12.4272
 28 196  0.4681  0.0000  9.5738
 36 196  0.0000  0.0000 16.1088
 44 196  0.0000  0.0000  0.0000
 52 196  0.0000  0.0000  0.0000
 60 196  0.0000  0.0000  0.0000
 68 196  0.0000  0.0000 11.1304
 76 196  0.0000  0.0000  0.0000
 84 196  0.0000  0.0000 11.1304
 92 196  0.0000  0.0000  0.0000
100 196  0.0000  0.0000 11.1304
108 196  0.0000  0.0000  0.0000
116 196  0.0000  0.0000 11.1304
124 196  0.0000  0.0000  8.8276
132 196  1.5000  0.0000  8.2581
140 196  0.0000  0.0000  0.0000
148 196  0.0000  0.0000  0.0000
156 196  0.0000  0.0000  0.0000
164 196  0.0000  0.0000 11.1304
172 196  0.0000  0.0000 11.1304
180 196  0.1164 -1.0000  7.6040
188 196  0.0000  0.0000  0.0000
196 196  0.0000  0.0000  0.0000
204 196  0.0000  0.0000 11.1304
212 196  0.0000  0.0000  0.0000
220 196  0.0000  0.0000  0.0000
228 196  0.0000  0.0000 16.1088
236 196  0.0000  0.0000 11.1304
244 196 -0.1151  0.1151 16.5161
252 196  0.0000  0.0000  0.0000
260 196  0.0000  0.0000  0.0000
268 196  0.0000  0.0000  0.0000
276 196  0.0000  0.0000  0.0000
284 196  0.0000  0.0000 11.1304
292 196  0.0000  0.0000  8.0000
  4 204  0.0000  0.0000  0.0000
 12 204  0.0000  0.0000 16.1088
 20 204  0.1912  0.0000 12.4272
 28 204  0.0000  0.0000  8.0190
 36 204  0.0000  0.0000  0.0000
 44 204  0.0000  0.0000  0.0000
 52 204  0.0000  0.0000 11.1304
 60 204  0.0000  0.0000  0.0000
 68 204  0.0000  0.0000  0.0000
 76 204  0.0000  0.0000  0.0000
 84 204  0.0000  0.0000 11.1304
 92 204  0.0000  0.0000  0.0000
100 204  0.0000  0.0000 11.1304
108 204  0.0000  0.0000  0.0000
116 204  0.0000  0.0000  0.0000
124 204  0.0000  0.0000  0.0000
132 204  0.0000  0.0000  0.0000
140 204  0.0000  0.0000 11.1304
148 204  0.0000  0.0000  0.0000
156 204  0.0000  0.0000 11.1304
164 204  0.0000  0.0000  8.8276
172 204  0.0000  0.0000 11.1304
180 204  0.0000  0.0000  0.0000
188 204  0.0000  0.0000  4.0635
196 204 -0.5000 -0.0448  8.9013
204 204  0.0000  0.0000  0.0000
212 204  0.0000  0.0000 16.1088
220 204  0.0000  0.0000  0.0000
228 204  0.0000  0.0000  0.0000
236 204  0.0000  0.0000  0.0000
244 204  0.0000  0.0000  0.0000
252 204  0.0000  0.0000 11.1304
260 204  0.0000  0.0000  0.0000
268 204  0.0000  0.0000  0.0000
276 204  0.0000  0.0000  0.0000
284 204  0.0000  0.0000  0.0000
292 204  0.1556  0.0000 12.2969
  4 212  0.0000  0.0000 11.1304
 12 212  0.0000  0.0000 16.1088
 20 212  0.0000  0.0000 11.7824
 28 212 -0.5000 -0.5000  4.0635
 36 212  0.0000  0.0000  0.0000
 44 212  0.0000  0.0000 11.1304
 52 212  0.0000  0.0000  0.0000
 60 212  0.0000  0.0000  0.0000
 68 212  0.0000  0.0000 11.1304
 76 212  0.0000  0.0000 11.1304
 84 212  2.5000  0.0000  8.8276
 92 212  0.0000  2.5000  8.8276
100 212  0.0000  0.0000 11.1304
108 212  0.0000  0.0000  0.0000
116 212  0.0000  0.0000  0.0000
124 212  0.0000  0.0000  0.0000
132 212  0.0000  0.0000  0.0000
140 212  0.0000  0.0000 11.1304
148 212  0.0000  0.0000  0.0000
156 212  0.0000  0.0000 11.1304
164 212  0.0000  0.0000 11.1304
172 212  0.0000  0.0000  0.0000
180 212  0.0000  0.0000 16.1088
188 212 -0.5000  0.0000 11.1304
196 212  0.0000  0.0000  0.0000
204 212  0.0000  0.0000  0.0000
212 212  0.0000  0.0000  0.0000
220 212  0.0000  0.0000 11.1304
228 212  0.0000  0.0000  0.0000
236 212  0.0000  0.0000  0.0000
244 212  0.0000  0.0000  0.0000
252 212  0.3524  0.2632 11.6476
260 212 -0.3066 -0.2613  9.6402
268 212  0.0000  0.0000  0.0000
276 212  0.0000  0.0000  0.0000
284 212  0.0000  0.0000 11.1304
292 212  0.0000  0.0000 22.2609
  4 220 -1.0000  0.0000  9.2850
 12 220 -1.5000  2.5000  7.4357
 20 220  0.0000  2.5000  8.8276
 28 220 -0.1050  2.5000  6.8903
 36 220  0.0000  0.0000  8.2581
 44 220  0.0000  0.0000 11.1304
 52 220  0.0000  0.0000  0.0000
 60 220  2.5000  0.0000  8.8276
 68 220  0.0000  0.0000 11.1304
 76 220  0.0000  0.0000  0.0000
 84 220  0.0000  0.0000  9.0888
 92 220  0.0000  0.0000 16.1088
100 220  0.0000  0.0000 11.1304
108 220  0.0000  0.0000  0.0000
116 220  4.5000 -0.5000  4.0635
124 220  0.0000  0.0000  0.0000
132 220 -0.1960 -0.5000 11.1304
140 220 -0.5000 -0.5000  4.0635
148 220  0.0000  0.0000  0.0000
156 220  0.0000  0.0000 11.1304
164 220  0.0000  0.0000 11.1304
172 220  0.0000  0.0000  0.0000
180 220  0.0000  0.0000 16.1088
188 220  0.0000  0.0000  1.0000
196 220  0.0000  0.0000 11.1304
204 220  0.0000  0.0000  0.0000
212 220  0.0000  0.0000  0.0000
220 220  0.0000  0.0000  0.0000
228 220  0.0000  0.0000  0.0000
236 220  0.0000  0.0000  0.0000
244 220  0.0000  0.0000  0.0000
252 220  0.0000  0.0000 12.0628
260 220  0.0000  2.5000  8.8276
268 220  0.0000  0.0000 11.1304
276 220  0.0000  0.0000  0.0000
284 220  0.0000  0.0000 11.1304
292 220  0.0000  0.0000 11.1304
