VARIABLES= "X pix", "Y pix", "U pix/dt", "V pix/dt", "CHC", ZONE I=28, J=37
  4   4 -0.0407  0.0060 10.8867
 12   4 -0.0005 -0.0489 11.1427
 20   4 -0.0026  0.0088 10.4130
 28   4  0.0000  0.0215 10.5997
 36   4  0.0136  0.0062 10.5045
 44   4  0.0020 -0.0256 10.6124
 52   4 -0.0180  0.0000 11.0456
 60   4 -0.0114  0.0407  9.5507
 68   4  0.0310  0.0000  9.4202
 76   4 -0.0068  0.0695 10.0704
 84   4 -0.0477  0.0000 11.0456
 92   4  0.0087  0.0521 10.9171
100   4  0.0785  0.0000 10.9734
108   4  0.0508  0.0000 11.0456
116   4  0.0613  0.0000 11.1505
124   4  0.0328  0.0000 11.0456
132   4  0.0000  0.0181 11.3868
140   4  0.0148  0.0000 11.7754
148   4  0.0442  0.0279 11.5828
156   4  0.0000  0.0162 11.8572
164   4  0.0000  0.0181 11.3868
172   4  0.0324  0.0000 11.9577
180   4  0.0444  0.0000 11.7834
188   4  0.0299  0.0000 10.8619
196   4  0.0389  0.0129 11.8518
204   4  0.0021  0.0074 11.3547
212   4  0.0037  0.0375 11.8063
220   4  0.0098  0.0000 10.4799
228   4 -0.0040  0.1168 10.4380
236   4  0.0224  0.0622  8.8556
244   4 -0.0041  0.0008 10.0787
252   4  0.0007  0.0000  9.5228
260   4  0.0000 -0.0228 10.6730
268   4 -0.0083 -0.0885 10.0985
276   4  0.0000  0.0438 12.5902
284   4  0.0275  0.0000 12.3152
292   4  0.0685  0.0213 12.0982
  4  12  0.0154  0.0510  7.1288
 12  12 -0.0474  0.0027  9.4841
 20  12  0.0272  0.0699  9.0897
 28  12  0.0547 -0.1392  8.3424
 36  12 -0.0018 -0.0221 13.2874
 44  12  0.0000 -0.0379 12.4644
 52  12 -0.0165 -0.0146 11.3814
 60  12 -0.0268 -0.0253  8.0121
 68  12 -0.0436  0.0374 12.0590
 76  12 -0.0266  0.0000 10.0636
 84  12  0.0000 -0.0509  8.0061
 92  12  0.0062  0.0000  7.6486
100  12  0.0206  0.0000  8.4543
108  12 -0.0007  0.0630  8.7062
116  12 -0.1017  0.0000  9.5071
124  12 -0.0374 -0.0534  9.3695
132  12 -0.0264  0.0000  9.4548
140  12  0.0000 -0.0309  9.7957
148  12  0.0179  0.0000  9.5071
156  12  0.0000 -0.0028  9.6113
164  12  0.0054  0.0004 11.2269
172  12  0.0008 -0.0012 17.0697
180  12 -0.0053  0.0116 12.7596
188  12 -0.0499 -0.0182  9.6502
196  12  0.0006 -0.0183  8.8395
204  12  0.0245  0.0000 10.4919
212  12  0.0130  0.0000 14.5323
220  12  0.0071 -0.0314 11.3994
228  12  0.0198  0.6232 11.6288
236  12  0.0000  1.3585 10.8404
244  12 -0.1003  0.0455 11.8992
252  12 -0.1320  0.0467 10.4630
260  12  0.1005 -0.0087 10.5814
268  12 -0.1550  0.0374  8.8539
276  12 -0.0891  0.0013  9.8512
284  12 -0.0654  0.0000  8.1341
292  12 -0.0802  0.0000  8.4772
  4  20 -0.0927  0.0000 14.9202
 12  20 -0.0590  0.0000 13.0697
 20  20 -0.0333  0.0114 11.9617
 28  20 -0.0019  0.0024 11.9771
 36  20 -0.0227  0.0217 12.2028
 44  20 -0.2789  0.0000 12.2848
 52  20 -0.0081  0.0032 13.8483
 60  20 -0.0359  0.0000 18.3819
 68  20  0.0127  0.0000 15.3874
 76  20  0.0214  0.0000 16.7486
 84  20  0.0221 -0.0274 16.5765
 92  20  0.0294  0.0000 15.6434
100  20 -0.0008 -0.0394 10.6153
108  20 -0.0158 -0.0117  9.2037
116  20 -0.0190 -0.0002 13.2132
124  20 -0.0245  0.0011 12.9800
132  20  0.0366  0.0341 13.5063
140  20  0.0002 -0.0253 12.9053
148  20 -0.0041  0.0102 13.7752
156  20 -0.0002 -0.0083 13.4371
164  20  0.0184  0.0000 14.9733
172  20  0.0132 -0.0012 12.7121
180  20 -0.0111 -0.0016 23.5684
188  20  0.0339 -0.0015 16.9530
196  20 -0.0162  0.0010 18.6031
204  20 -0.0095  0.0452 21.2505
212  20 -0.0344 -0.0025 21.1161
220  20 -0.0687  0.0000 37.1805
228  20 -0.1241  0.0159 11.1199
236  20 -0.0925 -0.0044 11.7779
244  20 -0.1024 -0.0156 11.5127
252  20 -0.0648 -0.0170 14.6645
260  20  0.0775 -0.0713 24.3105
268  20 -0.5000  0.1339  9.5022
276  20  0.2223 -0.2207 13.8617
284  20 -0.0436 -0.0458 14.7660
292  20  0.0407 -0.0018 13.5034
  4  28  0.0081 -0.0337  8.9253
 12  28 -0.0169 -0.1355  9.1668
 20  28  0.0530 -0.0398  9.8566
 28  28  0.0001  0.0182  9.7162
 36  28 -0.0047  0.0000  9.9479
 44  28 -0.0070  0.0000 10.3334
 52  28 -0.0009 -0.0120 10.2037
 60  28 -0.0187 -0.0015 10.0283
 68  28  0.0046  0.0100 10.3326
 76  28 -0.0259  0.0001 10.5667
 84  28 -0.0135  0.0000 10.0405
 92  28  0.0005  0.0039  9.8714
100  28 -0.0046  0.0045 10.9862
108  28 -0.0123  0.0000 16.5434
116  28 -0.0752  0.0000  9.2409
124  28 -0.0131  0.0000 10.0811
132  28 -0.0029  0.0040  8.9714
140  28 -0.0117  0.0180  9.2268
148  28 -0.0020 -0.0170  9.9201
156  28 -0.0005 -0.0028 16.0539
164  28  0.0070 -0.0052 14.5171
172  28  0.0031  0.0054 15.9229
180  28 -0.0073  0.0076 17.2740
188  28  0.0021  0.0386 13.8700
196  28  0.0023 -0.0006 18.5246
204  28 -0.0013  0.0011  9.4044
212  28 -0.0018 -0.0146 10.1397
220  28  0.0021 -0.0143 10.7750
228  28 -0.0100  0.0062 10.5069
236  28 -0.0011 -0.0011  9.8632
244  28 -0.0007  0.0016  9.4888
252  28 -0.0036 -0.0011 10.3409
260  28  0.0038 -0.0117 13.2854
268  28 -0.0114  0.0104 16.5800
276  28  0.0002  0.0048 14.1119
284  28  0.0108  0.0000 26.4286
292  28 -0.0926  0.0000 17.4584
  4  36  0.0087  0.0045  7.9689
 12  36  0.0001  0.0318  8.1066
 20  36  0.0000  0.0000  6.9979
 28  36  0.0131  0.0000  7.7731
 36  36  0.0183 -0.0075  6.6471
 44  36 -0.1925 -0.2540  6.1799
 52  36  0.0000  0.1813  6.4439
 60  36  0.0076  0.0000  9.3255
 68  36 -0.0157 -0.0664  7.5719
 76  36 -0.0659 -0.0021  9.2646
 84  36 -0.0476  0.0000 13.6955
 92  36  0.0023  0.0883 10.9298
100  36  0.0000 -0.0433  9.1555
108  36 -0.0285  0.0000  9.6024
116  36 -0.0313  0.1069  8.8497
124  36  0.0706  0.0000  6.8796
132  36  0.1402 -0.0257 11.2351
140  36  0.1698  0.0000 17.0667
148  36  0.0169  0.0000 17.2663
156  36 -0.0040 -0.0123 11.4837
164  36  0.0358  0.0000 21.2723
172  36 -0.0119  0.0088 13.5749
180  36 -0.0007 -0.0195 14.6682
188  36 -0.0349 -0.0208 14.4437
196  36 -0.0073 -0.0114 11.2665
204  36  0.1695  0.0095 15.0502
212  36  0.2548  0.0000 18.2092
220  36 -0.2777  0.0000 14.0066
228  36 -0.0481  0.0000 13.7993
236  36  0.0000  0.1469 10.3584
244  36 -0.1904 -0.0047  9.7603
252  36 -0.0326  0.0000  9.4208
260  36  0.0758 -0.0088  9.2063
268  36 -0.0429  0.0000  9.7729
276  36  0.0073  0.0000  8.4083
284  36  0.0132  0.0000  9.0303
292  36  0.0400  0.0447  7.9803
  4  44  0.2936 -1.5732  7.8909
 12  44  0.0163  0.0053 11.3573
 20  44 -0.0058  0.0376 14.4964
 28  44 -0.0128  0.0000 12.8227
 36  44 -0.0444 -0.0226 13.6703
 44  44 -0.0328  0.0000 12.1260
 52  44  0.0038  0.0000 10.5606
 60  44  0.0000  0.0000  9.0597
 68  44  0.0316  0.1749  8.6916
 76  44 -0.2607  0.0000  8.7227
 84  44 -0.3402  0.0000 16.1088
 92  44  0.1139  0.0000 12.0628
100  44 -0.0326  0.0000 11.1304
108  44 -0.1263  0.0000  0.0000
116  44 -0.0172  0.0000  0.0000
124  44  0.2414  0.0000 11.1304
132  44  0.8759  0.0000  0.0000
140  44  1.1084  0.0000  0.0000
148  44 -0.5000  0.0000  8.8276
156  44 -0.0011  0.0005 13.9632
164  44 -0.0036 -0.0195 12.1907
172  44 -0.0009  0.0140 10.8330
180  44  0.0198 -0.0008 10.0556
188  44 -0.0035 -0.0188 12.5990
196  44 -0.0001 -0.0145 13.0128
204  44  0.0218 -0.1315  8.8922
212  44  0.0272  0.0000  8.8816
220  44  0.0708  0.0000  9.7463
228  44  0.1895  0.0000 10.6826
236  44  0.1237 -0.1513 12.0086
244  44  0.1130  0.0158 12.4407
252  44  0.0336  0.0000 15.5414
260  44 -0.0218 -0.0536 13.3694
268  44 -0.0241  0.0000 16.1088
276  44 -0.0708  0.0000 11.0903
284  44 -0.1550 -0.0300 17.4545
292  44 -1.4053  0.2438  6.6481
  4  52 -0.9373  0.0000 12.1260
 12  52 -0.6500  0.0000  8.7013
 20  52  0.2037 -0.1453  7.1434
 28  52 -0.0083  0.0000  6.8970
 36  52 -0.2264  0.2174  8.1086
 44  52  0.0412  0.0000  0.0000
 52  52  0.4164  0.0000  0.0000
 60  52  1.4075  0.0000  0.0000
 68  52  2.5000  0.0000  8.8276
 76  52  0.0378 -0.0868 15.2803
 84  52 -0.0448  0.0000 11.1304
 92  52  0.0698  0.2911 10.5124
100  52  0.0471  0.0000 11.1304
108  52  0.0176  0.0000 16.1088
116  52 -0.0132  0.0000 16.1088
124  52  0.0034  0.0000 11.1304
132  52  0.0034  0.0000  0.0000
140  52 -0.0088  0.0000  0.0000
148  52  0.0000 -0.1960  9.2086
156  52  0.0000  0.0000 11.5618
164  52  0.0012 -0.0194 28.3093
172  52  0.0177 -0.0018 14.1264
180  52  0.0074  0.0009 21.6449
188  52  0.0172  0.0000 17.6453
196  52 -0.0006  0.0005 12.1257
204  52 -0.1876  0.0000  7.6506
212  52 -0.0326  0.0000 16.1088
220  52 -0.1960 -0.5000 11.1304
228  52 -0.3947  0.0000  0.0000
236  52 -0.3783  0.0000 13.1736
244  52  0.1783  0.0000  8.5951
252  52  0.1349 -0.0028 10.1437
260  52 -0.0120  0.0000 10.8982
268  52  0.1024 -0.0232  8.3788
276  52 -0.0970  0.2120  9.5701
284  52  0.0848  0.0023 15.0423
292  52 -0.0475  0.1016 14.6247
  4  60 -0.3661  0.0000  0.0000
 12  60 -0.1281  0.0000  0.0000
 20  60 -0.0186  0.0000  0.0000
 28  60  0.0000  0.5000 11.1304
 36  60 -0.0122  0.0000  0.0000
 44  60 -0.0309  0.0000 11.1304
 52  60  0.0248  0.0000  0.0000
 60  60 -0.0106  0.0000  0.0000
 68  60 -0.0667  0.0000 17.0667
 76  60 -0.0878  0.0000  0.0000
 84  60 -0.0748  0.0000 11.1304
 92  60 -0.0521 -3.0402 10.3584
100  60 -0.0277  0.0000 16.1088
108  60 -0.0555  0.0000  0.0000
116  60  0.0399  0.0000 11.1304
124  60  0.0491  0.0000 11.1304
132  60  0.0000 -0.5000  8.8276
140  60  0.0370  0.0000 17.0667
148  60  0.0065 -0.0016  7.2331
156  60 -0.0921  0.0000 27.3423
164  60 -0.0087 -0.0003 26.2323
172  60  0.0160 -0.0109 11.9095
180  60 -0.0654  0.0000 11.6893
188  60  0.0099  0.0012 20.4651
196  60  0.0025 -0.0106  9.9073
204  60  0.0577 -0.0184 11.4570
212  60  0.2076  0.0667  9.6020
220  60  0.0000  0.1469 10.3584
228  60 -0.3506  0.0000  9.4208
236  60  0.0000 -0.2391  6.8449
244  60 -0.0283 -0.0319 10.0544
252  60  0.0275  0.0000 10.6057
260  60  0.0106 -0.2269 11.3584
268  60 -0.0340  0.0000  9.9952
276  60  0.1312  0.0000 11.0903
284  60  0.0131 -0.1719 16.2315
292  60 -0.1171  0.0000 24.5319
  4  68 -0.1561  0.0000 11.1304
 12  68 -0.0815  0.0000 11.1304
 20  68 -0.0142  0.0000 11.1304
 28  68 -0.0203  0.0000 11.1304
 36  68 -0.1973  0.0000  0.0000
 44  68  0.0642  0.0000 11.1304
 52  68  0.0530  0.0000 11.1304
 60  68 -0.0000  0.0000 17.0667
 68  68 -0.0271  0.0000 11.1304
 76  68 -0.0324  0.0000 11.1304
 84  68 -0.0663  0.0000 11.1304
 92  68  0.0000  0.0264 10.8667
100  68  0.1423  0.0000 12.3010
108  68  0.0677 -0.2414 11.7124
116  68  0.5119  0.0000 16.1088
124  68 -0.5000  0.0000  8.8276
132  68 -1.2811  0.0000  0.0000
140  68 -2.3677 -0.1145 12.8207
148  68 -1.1127  0.0000  6.5435
156  68 -1.0635  0.0000  6.1675
164  68 -0.2821  0.0000  6.2309
172  68  0.0023  0.0006  5.7923
180  68  0.1650  0.0000  6.0743
188  68  0.1409  0.0000  6.4314
196  68  0.0297  0.0083  8.1421
204  68  0.3897  0.0196 12.1592
212  68  0.0891  0.0000 11.1304
220  68 -0.1590  0.0000 11.1304
228  68 -0.2180  0.0000  0.0000
236  68 -0.0329  0.0000  0.0000
244  68  0.0456  0.0000 11.1304
252  68  0.0000  0.5000  8.0688
260  68 -0.5000  0.1110  8.4253
268  68  0.1265 -0.1394  8.6827
276  68  0.0106 -0.2269 11.3584
284  68 -0.0632  0.0000  8.2581
292  68 -0.1353 -0.0199  8.9863
  4  76 -0.1287  0.0000  0.0000
 12  76 -0.1870  0.0000  0.0000
 20  76 -0.2832  0.0000  0.0000
 28  76  1.1741  0.0000  0.0000
 36  76  1.6925  0.0000  0.0000
 44  76  2.5000  0.0000  8.8276
 52  76  0.8870  0.0000  0.0000
 60  76 -0.4444  0.0000 19.4783
 68  76 -1.0767  0.0000 11.1304
 76  76 -0.2665 -0.0090 11.8309
 84  76 -1.5000  0.0000  8.2581
 92  76 -0.2846 -2.6901  7.7576
100  76  0.0557  0.0193 15.2661
108  76  0.3904  0.0000  7.3911
116  76  0.4780  0.0000  7.3911
124  76  0.6907 -0.2991  8.0688
132  76  0.4730  0.0000  0.0000
140  76  0.0029  0.0000 11.9011
148  76 -0.1937  0.0000 12.5685
156  76 -0.2451  0.0000 12.1905
164  76  0.1687  0.0000 17.2183
172  76  0.0405  0.0000 13.1641
180  76 -0.3833 -0.0836  8.0842
188  76 -0.4711  0.0000 16.1088
196  76 -0.1128  0.0000 22.2609
204  76 -0.0493  0.0000 17.0667
212  76 -0.0646  0.0000 13.7892
220  76 -0.0877  0.0000 11.1304
228  76 -0.1260  0.0000  0.0000
236  76 -0.2734  0.0000  0.0000
244  76 -0.5686  0.0000  0.0000
252  76  1.7182  0.0000  0.0000
260  76  2.1898  0.0000  0.0000
268  76  2.5000  0.0000  8.8276
276  76  1.3729  0.0000  0.0000
284  76  0.2421  0.0000 16.1088
292  76 -0.2780 -0.1270 13.3759
  4  84 -0.2772  0.0000  0.0000
 12  84 -0.8600  0.0000  0.0000
 20  84 -0.4021  0.0000 16.1088
 28  84 -0.1546  0.0660 18.6254
 36  84  0.4087 -0.1830  6.8019
 44  84  0.1204  0.0000 17.0667
 52  84 -0.2667  0.1732 18.0390
 60  84  0.0432 -0.0063 13.2481
 68  84 -0.1963  0.5947  8.5906
 76  84  0.1424  0.2819  6.8069
 84  84  0.0155 -0.0119 11.1165
 92  84  0.9597  0.0000 20.7059
100  84  0.4381  0.0000 20.7059
108  84 -0.3807  0.0000  0.0000
116  84 -0.3111  0.0000  0.0000
124  84 -0.1326 -0.0513  6.0730
132  84 -0.0360  0.0000  9.2086
140  84 -0.0268  0.0000  0.0000
148  84  0.0128  0.0000 13.0803
156  84 -0.0228  0.0000 13.5576
164  84 -0.2142  0.0000 11.1304
172  84 -0.5628  0.0000  8.2581
180  84  1.2195  0.0000  0.0000
188  84  1.8937  0.0000  0.0000
196  84  1.9058  0.0000 19.4783
204  84  1.1222  0.0000 19.4783
212  84  0.3146  0.0000  0.0000
220  84 -0.0564  0.0000  0.0000
228  84 -0.2457  0.0000  0.0000
236  84 -0.4254  0.0000  0.0000
244  84 -0.1410  0.0000  0.0000
252  84  0.2074  0.0000  0.0000
260  84  0.4003  0.0000  0.0000
268  84 -0.0347  0.0000 11.1304
276  84 -0.3586  0.0000 11.1304
284  84 -0.1752  0.0000  0.0000
292  84  0.0281  0.0000 16.1088
  4  92  0.6433  0.0000  0.0000
 12  92  1.3737  0.0000  0.0000
 20  92  2.5000  0.0000  8.8276
 28  92  0.9807  0.0000 11.1304
 36  92 -0.5000 -0.1588 10.5785
 44  92 -0.0548  0.1795 19.6402
 52  92  0.0994  0.2566  9.3631
 60  92  0.0629  0.0000 10.3803
 68  92  0.0104 -0.0595 11.1395
 76  92  0.0824  0.0077  8.4661
 84  92  0.1316  0.0000 13.3565
 92  92  0.0062  0.1537 10.2537
100  92  0.0295 -0.5000  8.8191
108  92  0.0778  0.3485  9.1399
116  92  1.3099 -0.0836 13.7096
124  92  1.1386  0.0000 11.1304
132  92  0.5898  0.0000  0.0000
140  92  0.1841 -0.0418 12.3683
148  92 -0.0088 -0.0708 13.3759
156  92 -0.2670  0.0000  0.0000
164  92 -0.2671  0.0000 11.1304
172  92 -0.0034  0.0000  0.0000
180  92  0.5225  0.0000  0.0000
188  92  0.6337  0.0000 17.0667
196  92  0.0000  2.5000  8.8276
204  92 -0.2829  0.0000  0.0000
212  92 -0.1759  0.0000  0.0000
220  92  0.1260  0.0000  0.0000
228  92  0.7326  0.0000 11.1304
236  92  1.3841  0.0000  0.0000
244  92  1.7565  0.0000 11.1304
252  92  0.7186  0.0000 11.1304
260  92 -0.2529  0.0000 11.1304
268  92 -0.2013  0.0000 11.1304
276  92 -0.0882  0.0000 11.1304
284  92 -0.0238  0.0000  0.0000
292  92  0.1180 -0.5000  9.2850
  4 100 -0.2118  0.3393  8.7702
 12 100  0.1530 -2.3664  9.0505
 20 100  0.2000  0.3254  8.6646
 28 100  1.5000 -0.0925 10.0418
 36 100 -0.3571  0.0000 10.8982
 44 100  0.2529  0.0000  8.6617
 52 100  0.1621  0.0000 11.1304
 60 100  0.1661  0.0000 11.1304
 68 100  1.0764  0.0000 12.0628
 76 100  0.0000  0.5000 11.1304
 84 100 -0.3736  0.0000  0.0000
 92 100 -0.3537  0.0000  0.0000
100 100 -0.5200  0.0000 11.1304
108 100  0.0000  2.5000  8.8276
116 100  0.8478  0.0000  0.0000
124 100  0.4948  0.0000 12.0628
132 100  0.0000 -0.5000  8.8276
140 100 -0.0421  0.0000 11.1304
148 100  0.1180 -0.5000  9.2850
156 100  0.5586  0.0000  0.0000
164 100  0.9226  0.0000  0.0000
172 100  0.8665  0.0000  0.0000
180 100  0.1151  0.1151 16.5161
188 100 -0.3854  0.0000 16.1088
196 100 -0.4114  0.0000 11.1304
204 100 -0.4384  0.0000  0.0000
212 100 -0.5778  0.0000  0.0000
220 100 -0.7083  0.0000  0.0000
228 100 -0.6262  0.0000 11.1304
236 100 -0.3683  0.0000  0.0000
244 100 -0.0527  0.0000  0.0000
252 100  1.1947  0.0000 11.1304
260 100 -0.4273  0.0000 11.1304
268 100 -0.4226  0.0000  0.0000
276 100 -0.6636  0.0000  0.0000
284 100 -0.5000  0.0000  8.8276
292 100  2.5000  0.0000  8.8276
  4 108  0.0000 -0.5000 11.1304
 12 108 -0.0548  0.1795 19.6402
 20 108 -0.1463 -0.0265  7.9644
 28 108 -1.9990  0.0000  8.0000
 36 108 -4.5000  0.0830 13.8795
 44 108  0.0333 -0.0183  7.8168
 52 108  0.5577  0.0000  9.8953
 60 108  0.4043 -0.4043  8.0000
 68 108  0.1733  0.0000 12.9578
 76 108  0.2282  0.0000 11.5903
 84 108  0.4356  0.0000 11.1304
 92 108  0.6054  0.0000 11.1304
100 108  0.3991  0.0000  0.0000
108 108 -0.1592  0.0000 11.1304
116 108 -0.4339  0.0000 11.1304
124 108 -0.3684  0.0000 16.1088
132 108 -0.5178  0.0000 16.1088
140 108 -0.8818  0.0000 16.1088
148 108 -1.3070 -0.0337 12.4709
156 108 -0.8047  0.0000 12.0628
164 108 -0.8005  0.0000 17.2183
172 108 -0.7472  0.0000  9.2850
180 108  0.2780  0.1270 13.3759
188 108 -0.1556  0.0000 12.2969
196 108 -0.5000  0.0000  8.8276
204 108 -0.6684  0.0000 11.1304
212 108 -0.3884  0.0000 11.1304
220 108  1.0084  0.0000  0.0000
228 108  1.4641  0.0000  0.0000
236 108  2.6021  0.0000  0.0000
244 108  1.6920  0.0000  0.0000
252 108  0.0000 -0.5000  8.8276
260 108 -2.2777  0.0000  0.0000
268 108 -0.7027  0.0000 11.1304
276 108 -0.1510  0.0000  0.0000
284 108 -0.1960  0.0000 11.1304
292 108 -0.0645  0.0000  0.0000
  4 116  0.1841 -0.0418 12.3683
 12 116  0.3437  0.0000 16.1088
 20 116  0.6102  0.0000 16.1088
 28 116  0.4459  0.0000  8.0190
 36 116 -0.0000  0.0000 17.3190
 44 116 -0.0635  0.0483  9.5723
 52 116  0.1841 -0.0418 12.3683
 60 116 -0.0493  0.0000  8.0000
 68 116 -0.2980  0.0000  7.3911
 76 116 -0.3372  0.0000 22.2609
 84 116  0.0000  0.5000 11.1304
 92 116 -0.7362  0.0000 16.1088
100 116 -1.4070 -0.1518 10.3087
108 116 -0.5756  0.0000 11.1304
116 116  0.0829  0.0000 16.1088
124 116 -0.2486  0.0000 11.1304
132 116 -0.4330  0.0000 16.1088
140 116 -0.5000  0.0000  8.8276
148 116 -0.5000  0.0000  8.8276
156 116  1.8598  0.0000 11.1304
164 116  4.5000  4.5000  4.0635
172 116  2.3538  1.7013  6.8903
180 116  0.5536  0.0000  0.0000
188 116 -0.8414  0.0000 11.1304
196 116 -0.6070  0.0000  0.0000
204 116 -0.4753  0.0000  0.0000
212 116 -0.5975  0.0000  0.0000
220 116 -0.2877  0.0000  0.0000
228 116 -0.0034  0.0000  0.0000
236 116  0.2004  0.0000  0.0000
244 116  0.9493  0.0000  0.0000
252 116  1.0328  0.0000  0.0000
260 116  1.1441  0.0000  0.0000
268 116  1.4609  0.0000  8.0000
276 116  1.0516  0.0000 11.1304
284 116  0.4872  0.0000 11.1304
292 116  0.2959  0.0000  0.0000
  4 124  0.4043  0.4043  8.0000
 12 124  0.3660  0.0000  0.0000
 20 124 -0.1930  0.0000  0.0000
 28 124 -0.5783  0.0000 10.3154
 36 124 -0.0106 -0.2269 11.3584
 44 124  0.2900  0.0000 11.9011
 52 124 -0.0134  0.0000 10.1191
 60 124 -0.1841 -0.0418 12.3683
 68 124 -0.4482  0.0000 12.3458
 76 124 -0.2925  1.0000  6.9828
 84 124  0.2861  0.0000  0.0000
 92 124  0.0000 -0.5000  8.8276
100 124 -0.1960 -0.5000 11.1304
108 124 -0.1756  0.0000 13.1641
116 124 -0.3006  0.0000 16.1088
124 124 -0.1003  0.0000 12.0628
132 124 -0.1280  0.0000 11.1304
140 124 -0.5000  0.0000 11.1304
148 124  0.0649  0.0000 11.1304
156 124  0.2866  0.0000 12.0628
164 124  0.0698 -0.2911 10.5124
172 124  1.3070 -0.0337 12.4709
180 124  1.1932  0.0000 16.1088
188 124  1.6547  0.0000  0.0000
196 124  2.5000  0.0000  8.8276
204 124  1.3642  0.0000 16.1088
212 124  0.4746  0.0000 11.1304
220 124  0.4405  0.0000  0.0000
228 124  0.6812  0.0000  0.0000
236 124  0.6596  0.0000  0.0000
244 124  0.3284  0.0000  0.0000
252 124  0.0988  0.0000  0.0000
260 124  0.3378  0.0000  0.0000
268 124  0.3367  0.0000 16.1088
276 124 -0.0226  0.2586 17.1257
284 124 -0.3685  0.0000  0.0000
292 124 -0.5817  0.0000  0.0000
  4 132  0.2617 -0.9405  7.8528
 12 132  0.3158  0.0000 12.0628
 20 132 -0.2497  0.0000 16.1088
 28 132 -0.4040  0.0000 11.1304
 36 132 -0.1069  0.0000  0.0000
 44 132  0.3521  0.0000  0.0000
 52 132  0.9087  0.0000 16.1088
 60 132  1.2064  0.0000  0.0000
 68 132  1.0420  0.0000 11.1304
 76 132  1.5026  0.0000 11.1304
 84 132  1.7270  0.0000 11.1304
 92 132  0.9110  0.0000 16.1088
100 132  0.3664  0.0000  0.0000
108 132  0.0000 -0.5000  8.8276
116 132  0.3120  0.0000 16.1088
124 132  0.3468  2.5000 10.2045
132 132  0.1441  0.0000 11.1304
140 132 -0.2907  0.0403 10.5761
148 132  0.2804  0.0000  0.0000
156 132  0.8388  0.0000 11.1304
164 132  0.8617  0.0000 11.1304
172 132  0.6036  0.1444  5.4468
180 132  0.3712  0.7614 11.8154
188 132  0.2686  0.0000  0.0000
196 132  0.2055  0.0000 16.2126
204 132 -0.0962  0.0000 11.1304
212 132 -0.5709  0.0000  0.0000
220 132 -1.3070 -0.0337 12.4709
228 132 -0.2099  0.0000 11.1304
236 132  0.5000  0.0000  8.4768
244 132  0.2379  0.0000 12.0628
252 132  0.0337  0.0000 16.1088
260 132  0.2925  0.0000 11.1304
268 132  0.9956  0.0000  0.0000
276 132  1.8857  0.0000 11.1304
284 132  2.5000  0.0000  8.8276
292 132  2.0190  0.0000 11.1304
  4 140  2.5000  0.1588 10.5785
 12 140  3.4912  0.0000 22.2609
 20 140  1.9083  0.0000 16.1088
 28 140 -0.1698  2.0000 14.4225
 36 140 -0.4681  0.0000  0.0000
 44 140 -0.2520  0.0000 11.1304
 52 140 -0.1981  0.0000 11.1304
 60 140 -0.2094  0.0000  0.0000
 68 140 -0.1583  0.0000  9.4948
 76 140  0.4406  0.0000 15.9357
 84 140  1.0492 -0.0305 12.6667
 92 140  0.8588  0.0000 11.1304
100 140  0.4604  0.0000  0.0000
108 140  0.1113  1.6014 11.9803
116 140 -0.4831  0.0000  0.0000
124 140 -0.0698 -0.2911 10.5124
132 140  0.0474  0.0000 16.1088
140 140  0.0593  0.1399  7.3827
148 140 -0.5408  0.0000  0.0000
156 140 -0.3101  0.0000  0.0000
164 140 -0.2780  0.1270 13.3759
172 140  0.2907  0.0403 10.5761
180 140  0.1970  0.0000 16.1088
188 140  0.3803  0.0000  0.0000
196 140  1.1665  0.0000  0.0000
204 140  2.1148  0.0000 16.1088
212 140  2.4664  0.0000 11.1304
220 140  1.0717  0.0000 11.1304
228 140  0.1960 -0.5000 11.1304
236 140  4.5000 -0.5000  4.0635
244 140  2.8193  0.0000  0.0000
252 140  0.6619  0.0000 16.1088
260 140  0.0000  2.0000 11.1304
268 140  0.0480  0.0000 11.1304
276 140  0.0000 -0.5000  8.2581
284 140 -0.0761  0.0000 16.1088
292 140  0.0476 -0.1733  8.9132
  4 148  0.4318  0.0000  0.0000
 12 148  0.6863  0.0000 11.1304
 20 148  0.3965  0.0000 11.1304
 28 148 -0.2695  0.0000  0.0000
 36 148 -1.1838 -0.5000  7.5779
 44 148 -1.7795  0.0000  0.0000
 52 148 -0.5000  0.0000 11.1304
 60 148 -0.0478  0.0000 17.0667
 68 148  0.1035  0.0000 12.7696
 76 148 -0.0551 -0.0639 10.9194
 84 148  0.1493  0.0582 10.1436
 92 148 -0.0060  0.0000 11.1304
100 148  0.0945  0.0000 11.1304
108 148 -0.0145  0.0000  1.0000
116 148  0.0000 -0.5000 11.1304
124 148  0.8360  0.0000  0.0000
132 148  1.8444  0.0000 17.0667
140 148  2.5000  0.0000  8.8276
148 148  0.9110  0.0000  0.0000
156 148  0.3853  0.0000  0.0000
164 148  2.2660  0.0000 19.1045
172 148  1.6343  0.0000  0.0000
180 148  0.4025  0.0000 11.1304
188 148  0.3071  0.0000  0.0000
196 148  0.6211  0.0000  0.0000
204 148  0.3152  0.0000 12.0628
212 148  0.1215  0.1200 17.1775
220 148  0.1841  0.0000  0.0000
228 148  0.3577 -0.5000 13.4737
236 148  0.3490  0.0000  0.0000
244 148  0.0370  0.0000  0.0000
252 148 -0.5600  0.0000  0.0000
260 148 -1.3544  0.0000  0.0000
268 148 -2.2025  0.0000  0.0000
276 148 -0.3993  0.0000  0.0000
284 148 -0.0647  0.0000  0.0000
292 148  0.0000  2.5000  8.8276
  4 156 -0.2188  0.0540 12.5368
 12 156  0.2907 -0.0403 10.5761
 20 156  0.1596  0.0000  0.0000
 28 156  0.0000 -0.5000  8.8276
 36 156 -0.1533 -1.0000  8.0910
 44 156 -0.3577  2.5000 13.4737
 52 156  0.2220  0.0000 16.1088
 60 156  0.5843  0.0000  0.0000
 68 156  0.2761  0.0806  9.3746
 76 156 -0.1241  0.1781 15.3670
 84 156 -0.0961  0.0000 16.1088
 92 156  0.4891  0.0000 16.1088
100 156  0.1634  0.0000 17.2183
108 156 -0.5000  0.0000 11.1304
116 156  0.2830  0.0000  0.0000
124 156  1.1838 -0.5000  7.5779
132 156  0.5000  0.0000 11.1304
140 156  0.2900  0.0000  0.0000
148 156  0.2411  0.0000 11.1304
156 156  0.1729  0.0000  0.0000
164 156  0.0805  0.0000 12.0628
172 156 -0.1366  0.0000  0.0000
180 156 -0.5214  0.0000 11.1304
188 156 -1.0617  0.0000  0.0000
196 156 -1.7771  0.0000  0.0000
204 156 -0.0019  0.0000  0.0000
212 156  0.0996 -0.2632 10.1857
220 156  0.0562  0.0000  0.0000
228 156 -0.0553  0.0000  0.0000
236 156  0.1443  0.0000 16.1088
244 156  0.1499  0.0000 16.1088
252 156  0.0334  0.0000  0.0000
260 156 -0.0939  0.0000  0.0000
268 156 -0.1165  0.0000  0.0000
276 156  0.2196  0.0000 17.0667
284 156  0.3338  0.0000  0.0000
292 156  0.3539  0.0000  0.0000
  4 164  0.6306  0.1105 11.2757
 12 164  0.0000  0.1960 11.1304
 20 164 -0.2193 -0.0923  7.5156
 28 164 -0.3798  0.0000  0.0000
 36 164 -0.4719  0.0000 11.1304
 44 164  0.0418 -0.1521 12.6567
 52 164  0.5721  0.0000 11.1304
 60 164  0.4529  0.0000  0.0000
 68 164  0.3991  0.0000  0.0000
 76 164  0.3169  0.0000  0.0000
 84 164  0.0025  0.0000  0.0000
 92 164 -0.0911  0.0000 11.1304
100 164 -0.1622  0.0000 19.1045
108 164 -0.3026  0.0000 11.1304
116 164 -0.5304  0.0000 11.1304
124 164 -0.9377  0.0000  0.0000
132 164  0.5468  0.0000  0.0000
140 164  0.4000  0.0000 17.0667
148 164  0.2256  0.0000  0.0000
156 164  0.0632  0.0000  7.3911
164 164  0.0298 -0.3638 13.5783
172 164  0.0930  0.0000 11.1304
180 164  0.0124  0.0000  0.0000
188 164 -0.0714  0.0000 11.1304
196 164  0.0689  0.0000  0.0000
204 164  0.4043  0.4043  8.0000
212 164  0.2727  0.0000 15.0980
220 164  0.2509  0.0000  0.0000
228 164  0.3241  0.0000  0.0000
236 164  0.1139  0.0000  0.0000
244 164 -0.0268  0.0000  0.0000
252 164 -0.2790  0.0000  0.0000
260 164 -0.2004  0.0000  0.0000
268 164 -0.3088  0.0000  0.0000
276 164  0.0004  0.0000  0.0000
284 164  0.2741  0.0000  0.0000
292 164  0.4740  0.0000  0.0000
  4 172  0.5000  0.0000  8.4768
 12 172 -0.1068  0.5000 14.1617
 20 172 -0.1324  0.0000 11.1304
 28 172 -0.0950  0.0000  0.0000
 36 172 -0.0724  0.0000 16.1088
 44 172  0.0000 -0.5000  8.8276
 52 172 -0.1825  0.0000  0.0000
 60 172  1.1098  0.0000  0.0000
 68 172  0.7369  0.0000 11.1304
 76 172  0.4300  0.0000  0.0000
 84 172  0.1785  0.0000 11.1304
 92 172  0.0030  0.0000 16.1088
100 172 -0.0677  0.2414 11.7124
108 172 -0.2985  0.0331 11.1741
116 172 -0.3858  0.0000 11.1304
124 172 -0.1458  0.0000 11.1304
132 172  0.1250  0.0000  0.0000
140 172  0.1026  0.0000  0.0000
148 172  0.0194  0.0000  8.2581
156 172 -0.0569  0.0176 17.8000
164 172  0.1412  0.0000 13.3260
172 172  0.3321 -0.1276 10.3409
180 172 -0.0586  0.0000  0.0000
188 172  0.6572  0.0000 11.1304
196 172 -0.1960 -0.5000 11.1304
204 172 -0.0557 -0.0193 15.2661
212 172  0.3335  0.0000 16.1088
220 172  0.5625  0.0000 11.1304
228 172  0.5972  0.0000 11.1304
236 172  0.3119  0.0000  0.0000
244 172  0.0966  0.0000  0.0000
252 172  0.0238  0.0000  0.0000
260 172 -0.0637  0.0000  0.0000
268 172  0.0756  0.0000  0.0000
276 172  0.1711  0.0000  0.0000
284 172  1.5414  0.0000  0.0000
292 172  1.0059  0.0000  0.0000
  4 180  0.5862  0.0000 11.1304
 12 180  0.2243  0.0000 11.1304
 20 180 -0.2195  0.0000  0.0000
 28 180 -0.7795  0.0000 16.1088
 36 180 -1.5000  0.0000  8.2581
 44 180 -1.0490  0.0000 11.1304
 52 180 -0.4701  0.0000  0.0000
 60 180 -0.1256  0.0000  0.0000
 68 180 -0.0352  0.0000  0.0000
 76 180 -0.0711  0.0000  0.0000
 84 180 -0.1256  0.0000 11.1304
 92 180 -0.0183  0.0000 12.0628
100 180  0.0983  0.5000  4.5771
108 180 -0.3090 -0.1401  7.3535
116 180  2.5000  0.0000  8.8276
124 180  1.6607  0.0000 11.1304
132 180  1.1247  0.0000  0.0000
140 180  0.9566  0.0000  0.0000
148 180  0.8213  0.0000  0.0000
156 180  0.7402  0.0000 11.1304
164 180  0.6306  0.1105 11.2757
172 180  0.2177  0.0000 19.1045
180 180  0.1203  0.0000  0.0000
188 180 -0.2205  0.0000  0.0000
196 180  0.1054  0.0000  0.0000
204 180  0.5152  0.0000  8.4768
212 180  1.6976  0.0000  0.0000
220 180  1.1349  0.0000  0.0000
228 180  0.6622  0.0000  0.0000
236 180  0.3357  0.0000  0.0000
244 180 -0.1694  0.0000  0.0000
252 180 -0.6984  0.0000  0.0000
260 180 -1.2196  0.0000  0.0000
268 180 -0.9859  0.0000  0.0000
276 180 -0.3854  0.0000  0.0000
284 180 -0.1414  0.0000 16.1088
292 180 -0.0448  0.0000 11.1304
  4 188 -0.0764  0.0000 19.1045
 12 188 -0.2236  0.0000 11.1304
 20 188 -0.3579  0.0000 22.2609
 28 188 -0.3266  0.0000 16.1088
 36 188  0.0749  0.0000  0.0000
 44 188  1.8839  0.0000  0.0000
 52 188  2.0936  0.0000  0.0000
 60 188  1.8818  0.0000 11.1304
 68 188  1.5359  0.0000 11.1304
 76 188  0.9613  0.0000 11.1304
 84 188  0.5879  0.0000  0.0000
 92 188  0.2619  0.0000 12.0455
100 188 -0.1051  0.0626  9.8848
108 188  0.1786  0.0000  9.0753
116 188 -0.5000  4.5000  4.0635
124 188  0.3408  0.0000 11.1304
132 188  1.3316  0.0000 11.1304
140 188  1.4588  0.0000  0.0000
148 188  1.1012  0.0000  0.0000
156 188  0.5361  0.0000  8.4768
164 188  0.4198 -0.0936 10.1947
172 188  0.0061  0.0000  0.0000
180 188 -0.1949  0.0000  0.0000
188 188 -0.6473  0.0000  0.0000
196 188 -0.6808  0.0000  0.0000
204 188 -0.0000 -0.0867  7.5496
212 188  0.0000 -0.5000  8.8276
220 188  0.0628  0.0000  0.0000
228 188  0.0182  0.0000  0.0000
236 188 -0.2875  0.0000  0.0000
244 188 -0.7700  0.0000  0.0000
252 188 -0.9547  0.0000  0.0000
260 188 -0.2883  0.0000  0.0000
268 188  1.1023  0.0000 11.1304
276 188  1.8907  0.0000  0.0000
284 188  2.1989  0.0000 11.1304
292 188  2.0154  0.0000  0.0000
  4 196  1.0000  0.0000  9.2850
 12 196  0.4226  0.0000  0.0000
 20 196 -0.0264  0.3145 11.0777
 28 196 -0.3541  0.0000 11.1304
 36 196 -0.3050  0.0000  0.0000
 44 196 -0.1922  0.0000 11.1304
 52 196  1.1303  0.0000  0.0000
 60 196  2.8126  0.0000  0.0000
 68 196  0.7778  0.0000  0.0000
 76 196  1.0652  0.0000 11.1304
 84 196  0.0377  2.3850 12.5315
 92 196 -0.0516  0.0096  9.8668
100 196 -0.0059 -0.1860 10.1774
108 196  0.5000 -0.3889  6.6693
116 196  0.0007  0.0000 11.1304
124 196 -0.5000  4.5000  4.0635
132 196  0.0491  0.0000  0.0000
140 196  0.2039  0.0000  0.0000
148 196  0.2383  0.0000  0.0000
156 196  0.2080 -0.2715 12.3107
164 196 -0.1960  0.0000 11.1304
172 196 -1.1500  0.0000 11.1304
180 196 -1.8050  0.0000  0.0000
188 196 -0.9857  0.0000 17.0667
196 196  0.3673  0.0000  0.0000
204 196  1.3994  0.0000  0.0000
212 196  2.1504  0.0000  0.0000
220 196  2.5000  0.0000  8.8276
228 196  1.3583  0.0000  0.0000
236 196  0.4509  0.0000  0.0000
244 196 -0.0470  0.0000  0.0000
252 196 -0.5530  0.0000  0.0000
260 196 -0.6969  0.0000  0.0000
268 196 -0.1379  0.0000 11.1304
276 196  1.9798  0.0000  0.0000
284 196  4.4463  0.0000  0.0000
292 196 -0.1825  0.2174 12.5315
  4 204  1.5000  0.0448  8.9013
 12 204  0.0264 -0.3145 11.0777
 20 204  0.0282  0.0000 12.0628
 28 204  0.4338  0.0000 16.1088
 36 204  1.0113  0.0000  0.0000
 44 204  1.0504  0.0000  0.0000
 52 204  0.9056  0.0000  0.0000
 60 204  0.8672  0.0000  0.0000
 68 204  0.6522  0.0000  0.0000
 76 204  0.3723  0.0000 11.1304
 84 204  0.1844  0.0000 12.0455
 92 204  0.1493  0.0801 18.0581
100 204 -1.2109  0.0000  8.0588
108 204 -2.5000  0.0000 11.1304
116 204 -1.3920  0.0000  0.0000
124 204 -0.1252  0.0000 11.1304
132 204  0.5839  0.0000  0.0000
140 204  1.2455  0.0000  0.0000
148 204  1.5955  0.0000  0.0000
156 204  0.9336  0.0000  0.0000
164 204  0.1774  0.0000 11.1304
172 204  0.0418  0.1521 12.6567
180 204 -0.6759  0.0000  0.0000
188 204 -1.0477  0.0000  0.0000
196 204 -0.5000  0.0000  8.8276
204 204  2.5000  0.0000  8.8276
212 204  5.3010  0.0000 11.1304
220 204 -0.4153  0.0000 11.1304
228 204  0.5000 -0.0413 10.4642
236 204  0.2392  0.0000  0.0000
244 204  0.4926  0.0000  0.0000
252 204  1.1154  0.0000  0.0000
260 204  1.8411  0.0000 16.1088
268 204  2.3057  0.0000  0.0000
276 204  2.5000  0.0000 11.1304
284 204  1.9800  0.0000  0.0000
292 204  1.2666  0.0000  0.0000
  4 212  0.4923  0.0000 19.4783
 12 212 -0.1800  0.0532  9.7244
 20 212 -0.0529  0.0000 11.1304
 28 212 -0.5324  0.0000  0.0000
 36 212 -1.1466  0.0000 11.1304
 44 212 -0.5981  0.0000 11.1304
 52 212 -0.0377  0.0000  0.0000
 60 212 -0.5000  0.0000  8.8276
 68 212 -0.0373  0.0000 16.1088
 76 212  0.6239  0.0000 11.1304
 84 212  0.4241  0.0000  9.2850
 92 212 -0.1610 -0.3511 13.6986
100 212  0.1825 -0.2174 12.5315
108 212 -0.6643  0.0000 17.0667
116 212 -1.0786  0.0000  0.0000
124 212 -0.4639  0.0000 11.1304
132 212  1.7340  0.0000  0.0000
140 212  4.4256  0.0000  0.0000
148 212 -0.7434  0.0000  0.0000
156 212 -0.1053  0.0000 17.0667
164 212  0.2733  0.0000 11.1304
172 212  0.9420  0.0000 11.1304
180 212  1.8683  0.0000  0.0000
188 212  2.8054  0.0000  0.0000
196 212  3.4425  0.0000  0.0000
204 212  3.5750  0.0000  0.0000
212 212  2.9871  0.0000 11.1304
220 212  2.0275  0.0000  0.0000
228 212  1.0146  0.0000  0.0000
236 212  0.2849  1.0000 13.1959
244 212  0.2209  0.0000  0.0000
252 212  0.3309 -0.0637  7.1846
260 212  0.1132  0.0000  0.0000
268 212  0.3282  0.0000 11.1304
276 212  0.1960  0.0000 11.1304
284 212 -2.5000  0.0000 11.1304
292 212 -1.6228  0.0000  0.0000
  4 220 -0.0544 -0.1038 11.8098
 12 220  0.6549  0.0000 11.1304
 20 220  1.3970  0.0000 19.1045
 28 220  2.5000  4.5000  4.0635
 36 220 -0.3103  0.1925  7.4960
 44 220 -1.2565  0.0000  0.0000
 52 220 -1.0036  0.0000 11.1304
 60 220  0.3734  0.0000  0.0000
 68 220  2.3543  0.0000  0.0000
 76 220 -1.2082  0.0000  0.0000
 84 220 -0.6291  0.0000 20.7059
 92 220  0.0867  0.1071  9.3967
100 220  1.2537  0.0000 11.1304
108 220  2.6661  0.0000 11.1304
116 220  3.9980  0.0000 16.1088
124 220  4.8679  0.0000 12.0628
132 220  4.9661  0.0000 16.1088
140 220  4.1991  0.0000  0.0000
148 220  2.8776  0.0000  0.0000
156 220  1.4791  0.0000  0.0000
164 220  0.4449  0.0000  0.0000
172 220 -0.0087  0.0000 11.1304
180 220 -0.0264 -0.3145 11.0777
188 220  0.5767  0.0000  0.0000
196 220  0.6266  0.0000 16.1088
204 220 -0.6875  0.0000 11.1304
212 220 -3.2009  0.0000  0.0000
220 220 -3.0683  0.0000  0.0000
228 220 -1.3167  0.0000  0.0000
236 220  0.1960  0.0000 11.1304
244 220  1.0546  0.0000  0.0000
252 220  0.4043  0.4043  8.0000
260 220 -1.0703  0.0000 11.1304
268 220 -2.1261  0.0000 16.1088
276 220 -2.2702  0.0000  0.0000
284 220 -1.5169  0.0000  0.0000
292 220 -0.2780  0.1270 13.3759
