VARIABLES= "X pix", "Y pix", "U pix/dt", "V pix/dt", "CHC", ZONE I=28, J=37
  4   4  0.0000  0.0064 10.8202
 12   4  0.0010  0.0048 10.7756
 20   4  0.0000 -0.0127 11.0049
 28   4  0.0074 -0.0123 10.9187
 36   4  0.0087  0.0000 10.6462
 44   4 -0.0040 -0.0162 10.6938
 52   4 -0.0254  0.0000 10.0321
 60   4  0.0000  0.0886 10.4619
 68   4  0.0490  0.0000 10.9708
 76   4  0.0376  0.0504 12.1629
 84   4  0.0033 -0.0054 10.9113
 92   4  0.0042 -0.0196 11.6583
100   4  0.0432  0.0000 10.9734
108   4 -0.0093 -0.0098 11.1025
116   4  0.0000  0.0328 11.4627
124   4  0.0000  0.0181 11.3868
132   4  0.0011  0.0070 11.1617
140   4  0.0010 -0.0015 11.2540
148   4 -0.0448 -0.0477 11.4327
156   4 -0.0039 -0.0431 11.4658
164   4  0.0000 -0.0029 11.0575
172   4  0.0000 -0.0209 11.8613
180   4  0.0000 -0.0209 11.1479
188   4 -0.0055  0.0170 11.0534
196   4 -0.0030  0.0485 11.7319
204   4 -0.0010  0.0204 11.1174
212   4  0.0106  0.0525 11.3685
220   4  0.0516 -0.0666 10.7867
228   4 -0.1083  0.0218 10.9750
236   4 -0.0811  0.0000  9.1429
244   4 -0.1045 -0.0047 10.1893
252   4  0.0000 -0.0257  9.8856
260   4  0.0000 -0.0670 11.8675
268   4 -0.0193  0.0000 10.3537
276   4 -0.0470  0.0000 11.9769
284   4  0.0000 -0.0757 14.0659
292   4  0.0477 -0.0053 12.1905
  4  12  0.0241 -0.0964  7.2395
 12  12  0.0377  0.0464  8.7018
 20  12  0.0628 -0.0024  7.8073
 28  12 -0.0091 -0.0828  7.4652
 36  12 -0.1027 -0.0138 10.1064
 44  12  0.0000  0.2866  7.5156
 52  12  0.0413 -0.1794  7.7033
 60  12 -0.0885  0.0782  7.5704
 68  12  0.0043 -0.0058 10.4848
 76  12 -0.1084 -0.0065  9.7719
 84  12  0.0091 -0.1449  7.5522
 92  12  0.0594 -0.0283  7.7835
100  12  0.0037 -0.1071  8.1138
108  12  0.0433 -0.0599  8.6888
116  12  0.0521  0.0000  9.2416
124  12  0.0486 -0.0384  8.4654
132  12 -0.0834 -0.0720  8.5266
140  12  0.0000 -0.0015  9.0906
148  12  0.0349  0.0216  8.6306
156  12 -0.0692  0.0000  9.5061
164  12 -0.0010 -0.0538 10.7939
172  12  0.1369  0.0365 12.8343
180  12  0.0942  0.0486 12.7274
188  12 -0.0023 -0.0560  9.6978
196  12 -0.0131 -0.1473  7.9194
204  12 -0.0647 -0.0219  8.6931
212  12  0.0592  0.0918 13.4833
220  12 -0.0036 -0.0076 11.1497
228  12 -0.0316  0.0000  9.3504
236  12 -0.0126 -0.0876  7.9767
244  12 -0.0986 -0.2780 11.4627
252  12 -0.3222 -0.0054  9.9285
260  12 -0.0229  0.2493  9.5212
268  12  0.0087  0.0000 10.9155
276  12 -0.0279  0.0731 10.8896
284  12 -0.0413  0.1781  9.3755
292  12  0.0035  0.0000  7.7656
  4  20  0.0275 -0.0040 14.2643
 12  20 -0.0031  0.0061 11.9623
 20  20  0.0562 -0.0777 11.2478
 28  20 -0.0257  0.0000 12.2295
 36  20 -0.0564 -0.0045 11.5227
 44  20  0.0000 -0.0636 11.7712
 52  20 -0.0497 -0.0995 13.6029
 60  20  0.0000 -0.0560 15.1033
 68  20  0.0052 -0.0176 13.8001
 76  20 -0.0132 -0.0495 15.1865
 84  20 -0.0030 -0.0370 14.7094
 92  20 -0.0178 -0.0703 13.4733
100  20 -0.0045  0.0581  9.5674
108  20 -0.0608 -0.1094  7.8372
116  20 -0.0007  0.0038 12.5200
124  20  0.0209 -0.0354 12.3662
132  20 -0.0168 -0.0178 12.3908
140  20  0.0236 -0.0196 12.0669
148  20  0.0104 -0.0201 12.4853
156  20  0.0012 -0.0342 12.3104
164  20  0.0126 -0.0192 13.6686
172  20  0.0285 -0.1085 12.4393
180  20  0.0491 -0.0581 21.3437
188  20 -0.0142 -0.0339 16.5381
196  20  0.0052 -0.0469 16.9915
204  20 -0.0136 -0.0538 19.9491
212  20  0.0233 -0.0271 22.4386
220  20 -0.0134 -0.0101 31.1113
228  20  0.0544  0.0280 12.3666
236  20 -0.0057  0.1249 15.5888
244  20  0.0073 -0.0152 14.2919
252  20 -0.0332 -0.0857 10.8344
260  20  0.0000  0.0543 18.9091
268  20  0.0185  0.0062 13.2876
276  20  0.0105 -0.0085 12.5996
284  20 -0.0585 -0.2695 10.2584
292  20  0.0000  0.0204 11.2470
  4  28  0.0254 -0.0711  9.4025
 12  28 -0.0027 -0.0816  9.8996
 20  28 -0.0051  0.0158 10.1405
 28  28  0.0080 -0.0063  9.4906
 36  28  0.0185 -0.0137  9.9186
 44  28 -0.0137  0.0036 10.1870
 52  28  0.0069 -0.0095  9.9046
 60  28 -0.0157 -0.0255  9.8254
 68  28 -0.0169  0.0165 10.4627
 76  28  0.0190 -0.0073 10.4077
 84  28 -0.0021 -0.0081 10.2766
 92  28  0.0020 -0.0032  9.9088
100  28  0.0133 -0.0014 11.0354
108  28  0.0143  0.0114 16.0672
116  28 -0.0137 -0.0270  9.7844
124  28  0.0030 -0.0445 10.5157
132  28 -0.0154 -0.0418  9.2855
140  28  0.0190 -0.0303  9.5648
148  28  0.0159 -0.0213 10.2767
156  28  0.0020 -0.0137 16.5201
164  28  0.0881 -0.1050 13.2177
172  28  0.0341 -0.0046 11.5215
180  28  0.0590  0.0031 16.5423
188  28  0.1453  0.3087 14.4497
196  28  0.1341 -0.0281 23.8490
204  28 -0.0000 -0.0017 10.0384
212  28 -0.0041 -0.0282 10.4926
220  28  0.0145 -0.0130 11.4049
228  28  0.0093 -0.0157 11.0857
236  28  0.0121 -0.0044 10.4914
244  28  0.0069 -0.0065 10.0607
252  28 -0.0249 -0.0109 10.8444
260  28  0.0281 -0.0149 13.6207
268  28  0.0444 -0.0059 19.2438
276  28  0.0694 -0.0027 14.8181
284  28 -0.0779 -0.0164 19.1255
292  28 -0.0088 -0.0198 17.3262
  4  36  0.0023 -0.0313  8.5470
 12  36  0.0166 -0.0533  8.3640
 20  36  0.0448 -0.0919  7.3223
 28  36 -0.0891 -0.2135  6.9932
 36  36  0.0062 -0.0792  6.9478
 44  36  0.0323 -0.1543  6.4690
 52  36  0.0133  0.0000  6.4064
 60  36  0.1179 -0.0200  8.4973
 68  36  0.0951  0.0904  6.9192
 76  36 -0.0692 -0.0114  9.1680
 84  36  0.0000  0.1848 14.2639
 92  36 -0.0968  0.1881 12.3761
100  36  0.0088 -0.0230  8.1587
108  36  0.0525 -0.0346  9.5994
116  36  0.0013 -0.0363  9.0362
124  36 -0.0486 -0.3169  7.1377
132  36  0.1954  0.0688  9.9826
140  36  0.1412  0.0000 11.1304
148  36  0.4840 -1.2373 11.9331
156  36 -0.0055 -0.0254 12.0111
164  36  0.0179 -0.0009 18.9200
172  36  0.1425  0.0473 13.1000
180  36  0.0907  0.0083 16.3338
188  36  0.0668 -0.0437 17.8188
196  36  0.1191  0.0044 12.7974
204  36  0.0624 -0.0332 10.3688
212  36  0.0070  0.1846 11.5091
220  36  0.1696  0.0000 14.6166
228  36  0.1765  0.0164 13.3612
236  36  0.0000  0.1469 10.3584
244  36 -0.0080  0.1524 15.2409
252  36  0.0000  0.3577 13.4737
260  36  0.0334  0.2785  7.9387
268  36  0.0724  0.0215  8.8154
276  36 -0.0906 -0.0313  7.4147
284  36  0.0351 -0.0221  6.4168
292  36 -0.0550  0.0266  7.2261
  4  44  0.2360 -0.0106 12.3902
 12  44 -0.1873  0.2551 11.2165
 20  44 -0.0332  0.0071 15.2186
 28  44  0.0473  0.0000 14.0146
 36  44  0.1024 -0.0213 13.7246
 44  44  0.0396  0.0000 12.1260
 52  44  0.0040 -0.0091 10.5323
 60  44 -0.0251 -0.3679  9.0648
 68  44 -0.3163 -0.0021  8.5971
 76  44  0.0139 -0.2049  7.6383
 84  44  0.1151 -0.1151 16.5161
 92  44  0.0441  0.0000 12.0628
100  44  0.0875  0.0000 11.1304
108  44  0.0974  0.0000  0.0000
116  44 -0.0030  0.0000  0.0000
124  44 -0.1514  0.0000  0.0000
132  44 -0.4477  0.0000  0.0000
140  44 -0.6518  0.0000  0.0000
148  44  0.0000  2.5000  8.9154
156  44 -0.0078 -0.0042 13.2442
164  44  0.0478  0.0103 13.4456
172  44  0.1046  0.0889 11.3651
180  44  0.0225  0.0517 10.1155
188  44  0.1775  0.0565 12.0446
196  44  0.0943 -0.0045 12.1657
204  44 -0.0282  0.0216 10.6843
212  44  0.0030  0.1303  9.0530
220  44  0.0077 -0.0953 10.8306
228  44 -0.0582 -0.0950 11.6536
236  44  0.0488 -0.0153 14.4900
244  44  0.0045  0.0000 12.4405
252  44  0.0420 -0.0205 14.7979
260  44 -0.0360 -0.1854 12.6331
268  44 -0.0039  0.0000 11.1304
276  44 -0.0700  0.0000 11.0903
284  44 -0.0656 -0.0326 15.2216
292  44  0.1534 -0.4084  7.3745
  4  52 -0.0355  0.0470  9.9970
 12  52 -0.1002 -0.1965  8.5852
 20  52  0.0234 -0.0308  6.9728
 28  52  0.0000  0.5000  7.1968
 36  52  0.0965 -0.1772  8.8536
 44  52 -0.0591  0.0000  0.0000
 52  52 -0.2829  0.0000  0.0000
 60  52 -0.7831  0.0000 11.1304
 68  52 -1.5000  0.0380 10.6722
 76  52 -0.5701  0.0000 11.1304
 84  52 -0.0940  0.0000 11.1304
 92  52  0.3865  0.0000 12.0455
100  52  1.2354  0.0000 11.1304
108  52  2.5000  0.0000  8.8276
116  52  1.2922  0.0000 16.1088
124  52  0.4549  0.0000  0.0000
132  52  0.0450  0.0000  0.0000
140  52  0.0015  0.0000  0.0000
148  52  0.1133  0.0000  0.0000
156  52 -0.0159  0.0134 11.3500
164  52  0.0133  0.0490 24.4630
172  52  0.2804  0.0528 14.8430
180  52  0.2790 -0.0134 26.9040
188  52  0.0358  0.0468 15.6172
196  52  0.0747  0.0123 14.0982
204  52 -0.0883 -0.0289  8.8247
212  52 -0.0354  0.0000  0.0000
220  52  0.1201  0.0000  0.0000
228  52  0.0317  0.0000 11.1304
236  52 -0.0899  0.0000 13.1736
244  52 -0.0459 -0.1308  8.4268
252  52  0.0149 -0.2749  9.0775
260  52  0.0558 -0.0080 10.6810
268  52 -0.0245 -0.0295  9.0930
276  52  0.0477  0.0000 10.6057
284  52  0.0106 -0.0835 10.9214
292  52 -0.0101  0.1409 14.0895
  4  60 -0.0101  0.0000 11.1304
 12  60 -0.0237  0.0000  0.0000
 20  60  0.1135  0.0000  0.0000
 28  60  0.3747  0.0000 13.0803
 36  60  0.3290  2.8274  8.0000
 44  60  0.4057  0.0000 11.1304
 52  60  0.1132  0.0000  0.0000
 60  60 -0.1306  0.0000  0.0000
 68  60  0.0579  0.0000  0.0000
 76  60  0.7316  0.0000  0.0000
 84  60  1.0009  0.0000  0.0000
 92  60  1.4953  0.0000 12.0628
100  60  2.5000  0.0000  8.8276
108  60  0.8001  0.0000  0.0000
116  60  0.2154  0.0000  0.0000
124  60  0.0594  0.0000  0.0000
132  60 -0.0067  0.0000  0.0000
140  60 -0.0413  0.0000 17.0667
148  60  0.0118 -0.0024  6.6581
156  60  0.0040  0.0096 23.0125
164  60  0.0381  0.2115 27.2558
172  60  0.0088  0.0759  9.2595
180  60  0.0113  0.0496  9.0646
188  60  0.0333  0.0104 27.3559
196  60  0.0883  0.0011 11.9458
204  60  0.3038 -0.1551 13.1042
212  60  0.0000  0.3385 11.1304
220  60  0.0000  0.4032 11.1304
228  60  0.1823  0.1865 11.2081
236  60 -0.0546  0.2281  8.4405
244  60 -0.1349  0.0028 10.1437
252  60  0.0033  0.0000 12.8227
260  60 -0.0155  0.1032 17.8640
268  60  0.0291  0.0000 10.8982
276  60 -0.1634  0.0000 12.3186
284  60 -0.3712  0.0000 15.2515
292  60  0.0884 -0.0788 20.2105
  4  68  1.5229  0.0000  0.0000
 12  68  1.4541  0.0000  0.0000
 20  68  1.0803  0.0000 11.1304
 28  68  0.9497  0.0000 11.1304
 36  68 -0.5000  0.0000 11.1304
 44  68 -0.0685  0.0000 11.1304
 52  68 -0.0679  0.0000  0.0000
 60  68  0.0610  0.0000  0.0000
 68  68 -0.1514  0.0000  0.0000
 76  68 -0.3378  0.0000 11.1304
 84  68 -0.5000  0.0265 11.4627
 92  68  0.3039 -0.0572 10.7517
100  68 -0.0386 -0.3926 10.2887
108  68 -0.1490  0.0000 17.0667
116  68 -0.1970  0.0000  0.0000
124  68  0.0000  0.5000 11.1304
132  68  0.7158  0.0000  0.0000
140  68  1.0000  0.0640 12.3173
148  68 -0.0692  0.0384  5.6418
156  68  0.0036 -0.0232  5.8693
164  68  0.0266 -0.0035  5.8261
172  68  0.0055  0.0312  5.8348
180  68 -0.0044  0.0248  5.6239
188  68 -0.0263 -0.0179  5.8571
196  68  0.0198  0.0756  5.8060
204  68 -0.2026 -0.6087 10.6789
212  68 -0.5000  0.0255  9.7158
220  68  0.6311  0.0000 11.9011
228  68  2.5000  0.0000  8.8276
236  68  1.3433  0.0000  0.0000
244  68 -0.0663  0.0000  0.0000
252  68 -0.0422  0.0000  0.0000
260  68 -0.0366  0.0000 16.1088
268  68  0.2761 -0.0806  9.3746
276  68 -0.0982  0.0387 13.3612
284  68  0.2628  0.0200  7.9404
292  68 -0.1353 -0.0199  8.9863
  4  76 -0.2996  0.0000  0.0000
 12  76 -0.4211  0.0000 11.1304
 20  76 -0.2534  0.0000  0.0000
 28  76  0.0552  0.0000  0.0000
 36  76 -0.2780  0.1270 13.3759
 44  76 -0.6390  0.0000 12.0628
 52  76 -1.2372  1.1227  9.3279
 60  76  0.0000 -0.5000  8.8276
 68  76 -0.5000 -5.5000  6.3772
 76  76 -0.2039 -0.0137  8.0147
 84  76 -0.0541  0.5000  8.3718
 92  76 -0.2202  0.0000 16.7450
100  76 -0.0290  0.0713 12.0945
108  76 -0.3596  0.2037  6.7990
116  76  0.0000  0.2662  6.7780
124  76  0.0407  0.0000 10.1191
132  76 -0.3020  0.0000 16.1088
140  76 -1.0170  0.0000 12.0628
148  76 -0.1138  0.1378 11.4627
156  76  0.8460  0.0000 12.1905
164  76  0.1546 -0.0660 18.6254
172  76 -1.5853 -0.7413  8.2581
180  76 -0.7388  0.0000 11.2634
188  76 -0.1305 -0.0669 17.8865
196  76 -1.7362  0.0000  6.8449
204  76  0.0685  3.1758 11.1304
212  76  0.0000  0.5000  8.0688
220  76  0.0677  0.2414 11.7124
228  76 -0.0546  0.0000 11.1304
236  76 -0.2510  0.0000  0.0000
244  76 -0.8294  0.0000  0.0000
252  76  0.3777  0.0000  0.0000
260  76  0.1001  0.0000  0.0000
268  76  0.0000  2.5000  8.8276
276  76 -0.4280  0.0000  0.0000
284  76 -0.3703  0.0000 16.1088
292  76 -0.2612  0.0000 16.1088
  4  84  0.2591  0.0000  0.0000
 12  84  0.1124  0.0000  0.0000
 20  84 -0.5000 -0.5000  4.0635
 28  84  0.0000 -0.5000  8.8276
 36  84  0.0000 -0.1063  6.9728
 44  84 -0.4043 -0.4043  8.0000
 52  84  0.1256  0.0000 18.1858
 60  84 -0.0318  0.0253 10.8606
 68  84 -1.5362 -0.0437  7.9571
 76  84  0.0157  0.3335  7.1195
 84  84 -0.0986 -0.1095  9.1826
 92  84  0.1546 -0.0660 18.6254
100  84  0.0978 -0.0707 15.7377
108  84 -0.1414  0.0000  0.0000
116  84  0.1119  0.0000  0.0000
124  84  0.0000 -0.5000  8.8276
132  84  0.2750  0.0000 11.1304
140  84  0.0011  0.0000  0.0000
148  84 -0.0242  0.0000 13.0803
156  84  0.0498  0.0000 13.5576
164  84  0.0234  0.2261 11.7274
172  84 -1.0000 -0.5000  8.5333
180  84  0.5368  0.0000  0.0000
188  84  0.1791  0.0000  0.0000
196  84 -0.0518  0.0274 15.6098
204  84  0.2116  0.3325  8.4768
212  84 -0.5000 -0.3468 10.2045
220  84  0.1887  0.3542 11.3677
228  84  1.3854  0.0000  0.0000
236  84  1.1248  0.0000 11.1304
244  84  0.3270  0.0000  0.0000
252  84  0.0258  0.0000  0.0000
260  84 -0.2847  0.0000  0.0000
268  84 -0.5000  0.0000  8.8276
276  84  0.6100  0.0000 11.1304
284  84  0.4130  0.0000 11.1304
292  84 -0.6156  0.0000 16.1088
  4  92 -0.6944  0.0000  0.0000
 12  92 -0.5927  0.0000  0.0000
 20  92 -0.0774  0.0000 16.1088
 28  92  0.2642  0.0000  0.0000
 36  92  0.0000  0.1960 11.1304
 44  92  0.0229  0.0000 19.4783
 52  92 -0.2474  0.4054  8.8065
 60  92  0.2984  0.0000  9.5632
 68  92 -0.0672 -0.0285  7.9589
 76  92 -0.1961  0.1080  8.2731
 84  92 -0.0913  0.0064 12.7821
 92  92  0.0188  0.0000 12.8600
100  92 -0.0634  0.1259  6.4621
108  92  0.2625 -0.3389  7.7449
116  92  0.1841  0.0418 12.3683
124  92  0.0354  0.0000 11.1304
132  92 -0.0637  0.0000 11.1304
140  92 -0.4088  0.0000 16.1088
148  92 -0.2029  0.0571  9.6803
156  92  2.5000  0.0000 11.1304
164  92  2.0706  0.0000 11.1304
172  92  1.0078  0.0000  0.0000
180  92  0.1699  0.0000  0.0000
188  92 -0.2854  0.0000  0.0000
196  92  0.0129  0.0000  0.0000
204  92  1.5000  0.0448  8.9013
212  92  0.9078  0.0000  0.0000
220  92  0.0000  2.5000  8.8276
228  92 -1.3070  0.0337 12.4709
236  92 -0.9888  0.0000  0.0000
244  92 -0.1538  0.0000  0.0000
252  92  0.8202  0.0000  0.0000
260  92  1.3404  0.0000  0.0000
268  92  0.8786  0.0000  0.0000
276  92  0.7025  0.0000 11.1304
284  92  1.5556  0.0000  0.0000
292  92  0.6579  0.0000 11.1304
  4 100  0.1268  0.0000 11.9011
 12 100 -0.1490  1.5781 10.6945
 20 100 -0.0586  0.0000  0.0000
 28 100  0.0306 -1.1731 10.3746
 36 100 -0.7683  0.1882 12.4722
 44 100 -0.0417 -0.1134  7.3143
 52 100  0.0000 -0.0955 11.7002
 60 100 -0.1960  0.0000 11.1304
 68 100  0.0000  0.2697  7.3143
 76 100 -0.0153  0.4058  7.2069
 84 100  1.8123  0.0000 11.1304
 92 100  1.9736  0.0000  0.0000
100 100  1.1405  0.0000  0.0000
108 100  0.1404  0.0000 16.1088
116 100 -0.5168  0.0000  0.0000
124 100 -0.5000 -0.5000  4.0635
132 100  0.0000 -0.5000  8.8276
140 100  0.0202  0.0000 11.1304
148 100 -0.3982  0.0000 16.1088
156 100 -1.0837  0.0000  0.0000
164 100 -0.9342  0.0000  0.0000
172 100 -0.1941  0.0000  0.0000
180 100  1.1963  0.0000  0.0000
188 100  2.5000  0.0000  8.8276
196 100  1.2513  0.0000  0.0000
204 100  1.0353  0.0000  0.0000
212 100  3.5424  0.0000  0.0000
220 100  1.1375  0.0000  0.0000
228 100  0.5097  0.0000 11.1304
236 100  0.1051  0.0000  0.0000
244 100 -0.0082  0.0000 11.1304
252 100  0.0156  0.0000  0.0000
260 100 -0.5000 -0.5000  4.0635
268 100 -0.4577  0.0000  0.0000
276 100 -0.3202  0.0000  0.0000
284 100 -0.0370  0.0000 11.1304
292 100 -0.5000  0.0000  8.8276
  4 108  0.5082  0.0000 16.1088
 12 108  1.8202  0.0000 20.7059
 20 108  2.0269  0.0000 16.1088
 28 108  1.2645  0.0000 12.5445
 36 108  0.2959 -1.8952  7.1776
 44 108 -0.0823 -0.3435  6.9666
 52 108  1.1690 -0.4468  9.8147
 60 108 -0.5000  0.0000  8.8276
 68 108 -0.5576  0.0000  0.0000
 76 108 -0.6170  0.0000  0.0000
 84 108 -0.8104  0.0000  0.0000
 92 108 -0.7483  0.0000 11.1304
100 108 -0.5000  0.0000  8.8276
108 108  0.3285  0.0000  0.0000
116 108  0.9052  0.0000 11.1304
124 108 -0.0994  0.0000  0.0000
132 108 -0.5000  0.0000  8.8276
140 108  5.5000 -0.5000  4.0635
148 108  0.0000  2.5000  8.8276
156 108  0.4043 -0.4043  8.0000
164 108  0.1205  0.4125  9.7710
172 108  0.0000  0.9417  8.5333
180 108  0.0320  0.0000  0.0000
188 108 -0.7134  0.0000  0.0000
196 108 -0.8507  0.0000  0.0000
204 108 -0.3736  0.0000  0.0000
212 108  1.5498  0.0000  0.0000
220 108  1.6347  0.0000 17.0667
228 108  2.0861  0.0000  0.0000
236 108  2.6497  0.0000  0.0000
244 108  2.4969  0.0000  0.0000
252 108  1.5303  0.0000 16.1088
260 108  0.5993  0.0000  0.0000
268 108  0.3666  0.0000  0.0000
276 108  0.7803  0.0000  0.0000
284 108 -0.1154  0.0000 11.1304
292 108 -0.3822  0.0000  0.0000
  4 116 -0.3965  0.0000 11.9011
 12 116 -0.3480  0.0000 16.1088
 20 116 -0.0975  0.0000  0.0000
 28 116  0.5859 -0.0980  7.3745
 36 116 -0.0547  0.1463 10.7978
 44 116  0.1121 -0.0698  8.4943
 52 116 -0.1667  0.2835 11.3747
 60 116  0.2021  0.2717 10.0882
 68 116 -0.7995  1.8037 11.0209
 76 116 -1.3172  0.0000  0.0000
 84 116 -0.6019  0.0000  0.0000
 92 116 -0.3237  0.0000 16.1088
100 116  0.0548  0.1795 19.6402
108 116  0.1259  0.0000 11.1304
116 116 -0.5000  0.0000  8.8276
124 116 -0.9235  0.0000 11.1304
132 116 -0.5000  0.0000  8.8276
140 116  2.5000  0.0000  8.8276
148 116  2.7239  0.5537  6.8903
156 116  2.9835  0.0000  0.0000
164 116  3.2259  0.0000  0.0000
172 116  2.7620  2.5000  9.9740
180 116  1.4940  0.0000  5.4468
188 116  0.4524  0.0000  0.0000
196 116  0.3358  0.0000  0.0000
204 116  0.4897  0.0000 11.1304
212 116  0.0532  0.0000  0.0000
220 116 -0.1267  0.0000 11.1304
228 116 -0.1250  0.0000  0.0000
236 116 -0.1514  0.0000  0.0000
244 116 -0.4127  0.0000  0.0000
252 116 -0.0329  0.0000 11.1304
260 116 -0.1745  0.0000  0.0000
268 116 -0.1684  0.0000  0.0000
276 116 -0.5000  0.1180  9.2850
284 116 -0.1159  0.0000 12.0628
292 116 -0.4140  0.0000  0.0000
  4 124 -0.2571  0.1311  7.2040
 12 124 -0.4820  0.0000  0.0000
 20 124 -0.7167  0.0000  0.0000
 28 124  0.0046 -0.3511 12.1592
 36 124  0.1439 -0.0853 11.4193
 44 124  0.1138 -0.1378 11.4627
 52 124  0.4043  0.4043  8.0000
 60 124  3.4179 -0.0666 10.9194
 68 124 -5.0503 -4.9497 12.3671
 76 124  0.0000  0.1469 10.3584
 84 124  1.9150  0.0000  8.0000
 92 124  2.5000  0.0000  8.8276
100 124  1.5458  0.0000 16.1088
108 124  1.0000 -0.0640 12.3173
116 124 -0.2667  0.1732 18.0390
124 124  0.0208  0.0797 17.5452
132 124  0.3425  0.0000  0.0000
140 124  0.0000  2.5000  8.8276
148 124  0.0000  2.5000  8.8276
156 124  0.0546  0.0000 11.1304
164 124  0.0000 -0.5000  8.8276
172 124 -1.0611 -0.3177  6.2674
180 124 -0.6295  0.0000  0.0000
188 124 -0.2883  0.0000  0.0000
196 124  0.0000 -0.5000  8.8276
204 124 -0.2382  0.0000  0.0000
212 124  0.4281  0.0000 11.1304
220 124  1.3707  0.0000  0.0000
228 124  2.0436  0.0000  0.0000
236 124  0.2312  0.0000 11.1304
244 124 -1.4401  0.0000 11.1304
252 124 -0.2351  0.0000 11.1304
260 124  0.3452  0.0000  0.0000
268 124  0.0832 -0.3131  9.8462
276 124  0.4433  0.1186  9.3822
284 124  0.9502  0.0000  0.0000
292 124 -2.9658  0.0000  0.0000
  4 132 -0.7602  0.0000  0.0000
 12 132  0.5980  0.0000  0.0000
 20 132  0.5187  0.0000  0.0000
 28 132  0.0553  1.1937  8.7863
 36 132  2.5000  0.0000  8.8276
 44 132 -1.1309  2.7354 10.5643
 52 132 -0.4558  0.0000  0.0000
 60 132  0.2617 -1.0595  7.8528
 68 132 -0.2761 -0.0806  9.3746
 76 132  0.0360  0.0000  0.0000
 84 132 -0.0224  0.0000 11.1304
 92 132 -0.0865  0.0000  0.0000
100 132 -0.6573  0.0000 11.1304
108 132 -0.5669  0.0000 16.1088
116 132 -0.4156  0.0000 11.1304
124 132 -0.3932  0.0000 22.2609
132 132 -0.5000  0.0000  8.8276
140 132  0.6398  0.0000 16.1088
148 132  2.6357  0.0000  0.0000
156 132  4.5000  4.5000  4.0635
164 132  0.9628  0.0000  0.0000
172 132 -2.5000  0.0000 11.1304
180 132  0.0000 -0.5000  8.8276
188 132  0.3679  0.0000  0.0000
196 132 -0.2985  0.0000  0.0000
204 132 -0.1353  0.0000  0.0000
212 132 -0.3531  0.0000  0.0000
220 132 -1.5313  0.0000  0.0000
228 132 -0.0961  0.2917  8.4628
236 132  0.3531  0.0000 11.1304
244 132 -0.5000  0.0000  8.8276
252 132  0.0000 -0.5000  8.8276
260 132  1.9826  0.0000  0.0000
268 132  0.9789  0.0000  0.0000
276 132  0.4043 -0.4043  8.0000
284 132 -0.5000 -0.1180  9.2850
292 132 -0.3400  0.0000 11.1304
  4 140  0.2635  0.2067 12.6081
 12 140 -0.1568  0.1933 11.8112
 20 140  0.0000 -0.5000  8.8276
 28 140 -0.2906  0.0000  0.0000
 36 140 -0.2677  0.0000  0.0000
 44 140 -0.3157 -5.5642 10.6667
 52 140 -0.4905  0.0000 11.1304
 60 140 -0.6522  0.0000  0.0000
 68 140  0.0000  0.1151  9.2086
 76 140  1.4055  0.0000  0.0000
 84 140  2.8105  0.0000  0.0000
 92 140  1.4657  0.0000  0.0000
100 140  0.0000  2.5000  8.8276
108 140  0.0000  2.5000  8.8276
116 140  0.0000 -0.5000 11.1304
124 140 -0.5383  0.0000 16.1088
132 140 -0.3931  0.0000  0.0000
140 140 -0.8624  0.0000  0.0000
148 140 -1.2961  0.0000  0.0000
156 140 -0.0739  0.0000  0.0000
164 140  0.3732  0.3694 10.3318
172 140 -1.7417  0.1830  6.7815
180 140  0.2011  0.1988 14.8099
188 140  2.5197  0.0000  0.0000
196 140  3.2724  0.0000  0.0000
204 140  1.8944  0.0000  0.0000
212 140  0.3332  0.0000  0.0000
220 140 -0.2181  0.0000 16.1088
228 140 -0.1646  0.0000 16.1088
236 140 -0.2414  0.0000 11.1304
244 140 -0.1180  0.0000  0.0000
252 140 -0.2484  0.0000  0.0000
260 140  0.0000  2.5000  8.8276
268 140 -0.0926  0.0000  0.0000
276 140 -0.3008  0.0000  0.0000
284 140 -0.6003  0.0000  0.0000
292 140 -0.0471  0.0000 11.1304
  4 148  0.0000  2.5000  8.8276
 12 148  1.1838  2.5000  7.5779
 20 148  1.3371  0.0000  0.0000
 28 148  1.5551  0.0000  0.0000
 36 148  2.5000  0.0000  8.8276
 44 148  1.3967  0.0000  0.0000
 52 148 -0.0832 -0.3131  9.8462
 60 148  0.3610  0.3610  5.9535
 68 148 -0.1687  0.0553 14.3772
 76 148 -0.7379  2.5000  7.2172
 84 148  0.0000  2.5000  8.8276
 92 148 -0.3309  0.0000  0.0000
100 148 -1.4080  0.0000 11.1304
108 148  0.1879  0.0000 16.1088
116 148  2.6361  0.0000 11.1304
124 148  4.5000  4.5000  4.0635
132 148  2.3730  0.0000  0.0000
140 148  0.6538  0.0000  0.0000
148 148 -0.2259  0.0000  0.0000
156 148 -0.5140  0.0000 11.1304
164 148 -0.3468  2.5000 10.2045
172 148 -0.1841 -0.0418 12.3683
180 148 -0.5000 -0.0391  9.3822
188 148 -0.0830  0.0000 11.1304
196 148 -0.0179  0.0000 11.1304
204 148  0.0000  2.5000  8.8276
212 148 -0.3309  0.0637  7.1846
220 148  1.3070  0.0337 12.4709
228 148  0.7238  0.0000  0.0000
236 148  0.3142  0.0000  0.0000
244 148  0.4557  0.0000  0.0000
252 148  0.5384  0.0000  0.0000
260 148  0.1960  0.0000 11.1304
268 148 -0.1960  2.5000 11.1304
276 148  1.2226  0.0000 11.1304
284 148  2.5000 -0.1180  9.2850
292 148  3.3084  0.0000  0.0000
  4 156  4.5000 -0.5000  4.0635
 12 156  1.1838 -0.5000  7.5779
 20 156 -0.2007  0.0000  0.0000
 28 156 -1.3070 -0.0337 12.4709
 36 156 -0.4892  0.0000  0.0000
 44 156  0.3577 -0.5000 13.4737
 52 156 -0.5000  0.0000  8.2581
 60 156  0.0647 -0.1801 16.2775
 68 156  0.1841  0.1395  9.0197
 76 156  0.0000  2.4094 11.0368
 84 156 -0.5000  0.0000 11.1304
 92 156 -0.3143  0.0000  0.0000
100 156 -0.1914  0.0000 16.1088
108 156 -0.2392  0.0000  0.0000
116 156  0.0000 -0.5000  8.8276
124 156 -0.2762  0.0000  0.0000
132 156 -0.3780  0.0000 11.1304
140 156  0.3173  0.0000  0.0000
148 156  2.7805  0.0000  0.0000
156 156  1.5832  0.0000 11.1304
164 156 -0.2847 -0.5000 11.1304
172 156 -0.2493  0.0000  0.0000
180 156 -0.4139  0.0000  0.0000
188 156 -1.7169  0.0000 11.1304
196 156 -2.6799  0.0000  0.0000
204 156  1.5000 -1.0000  7.4357
212 156  2.5490  0.0000  0.0000
220 156  3.2297  0.0000  0.0000
228 156  3.3310  0.0000  0.0000
236 156  1.3052  0.0000  0.0000
244 156  0.8084  0.0000  0.0000
252 156  0.7219  0.0000  0.0000
260 156 -0.0653  0.0000 19.4783
268 156 -0.1151 -0.1151 16.5161
276 156 -0.7014  0.0000  0.0000
284 156  0.0487  0.0000  0.0000
292 156  1.2717  0.0000  0.0000
  4 164  2.5000  4.5000  4.0635
 12 164  1.1956  0.0000 11.1304
 20 164  0.3830  0.0000  0.0000
 28 164  0.0301  0.0000  0.0000
 36 164 -0.1741  0.0000 22.2609
 44 164 -0.3178  0.0000  8.0000
 52 164 -0.7529  0.0000  0.0000
 60 164 -1.0474 -0.1865 10.6667
 68 164  0.0000  2.5000  8.8276
 76 164  4.5000 -0.1174 13.8795
 84 164  2.3642  0.0000  0.0000
 92 164  0.3478  0.0000 16.1088
100 164 -0.0567  0.0000 16.1088
108 164 -0.2847  2.5000 11.1304
116 164 -2.6359  3.5000  8.6646
124 164 -3.4914  0.0000 11.1304
132 164  1.4285  0.0000  0.0000
140 164  1.7423  0.0000 11.1304
148 164  1.7698  0.0000  0.0000
156 164  1.2177  0.0000  0.0000
164 164  0.1282  0.0844  8.5523
172 164  1.2266  0.0000  0.0000
180 164  2.5000  0.0000 11.1304
188 164  0.0000 -0.5000  8.8276
196 164 -0.3844  0.0000  0.0000
204 164 -0.4230  0.0000  0.0000
212 164  0.2394  0.0000 16.1088
220 164  1.2586  0.0000  0.0000
228 164  2.0150  0.0000  0.0000
236 164  1.3334  0.0000  0.0000
244 164  0.4694  0.0000 11.1304
252 164  0.0619  0.0000  0.0000
260 164 -0.1920  0.0000  0.0000
268 164 -0.4330  0.0000  0.0000
276 164 -0.7551  0.0000  0.0000
284 164 -0.7667  0.0000  0.0000
292 164  0.0000 -5.0000 11.1304
  4 172  1.2461  0.0000  0.0000
 12 172  0.0000  2.5000  8.8276
 20 172 -0.6441  0.0000  0.0000
 28 172 -0.4453  0.0000  0.0000
 36 172  0.0698 -0.2911 10.5124
 44 172  0.0000 -0.5000  8.8276
 52 172 -1.4006  0.0000 11.1304
 60 172  0.9663  0.0000  0.0000
 68 172  0.8444  0.0000  0.0000
 76 172  0.5154  0.0000  0.0000
 84 172  0.0000 -0.5000  8.8276
 92 172  0.0698 -0.2911 10.5124
100 172  0.3109  0.0000 11.1304
108 172  0.1960  0.0000 11.1304
116 172 -0.3811  0.0000  0.0000
124 172 -0.3791  0.0000 11.1304
132 172 -0.1497  0.0000  0.0000
140 172  0.2243  0.0000  0.0000
148 172  0.7113  0.0000  0.0000
156 172  1.0014  0.0000 11.1304
164 172  0.6907  0.2991  8.0688
172 172  0.0000  2.5000  8.8276
180 172 -0.1086  0.3385  4.8302
188 172 -0.2737  0.0000  0.0000
196 172 -0.5000  4.5000  4.0635
204 172 -0.7658  0.0000  0.0000
212 172 -0.6921  0.0000  0.0000
220 172 -0.7090  0.0000  0.0000
228 172 -1.9310  0.0000  0.0000
236 172 -2.6989  0.0000  0.0000
244 172 -2.2324  0.0000  0.0000
252 172 -1.5561  0.0000  0.0000
260 172 -0.8234  0.0000  0.0000
268 172 -0.1966  0.0000  0.0000
276 172 -0.2282  0.0000  0.0000
284 172  0.4488  0.0000  0.0000
292 172  0.2430  0.0000  0.0000
  4 180 -0.0696  0.0812 10.9765
 12 180 -0.2309  0.0000 11.1304
 20 180 -0.1202  0.0000  0.0000
 28 180 -0.1555  0.0000 16.1088
 36 180 -0.2587 -0.1868 11.1614
 44 180 -0.3873  0.0000  0.0000
 52 180 -0.1524  0.0000  0.0000
 60 180  0.1757  0.0000  0.0000
 68 180  0.1219  0.0000 11.1304
 76 180  0.0835  0.0000  0.0000
 84 180  0.0000 -0.5000  8.8276
 92 180 -0.2917  0.0000 11.1304
100 180 -0.2857  0.0000  0.0000
108 180 -0.2265  0.0000 11.9011
116 180 -0.3937  0.0000  0.0000
124 180 -0.8204  0.0000 11.1304
132 180 -1.0629  0.0000  0.0000
140 180 -0.6033  0.0000  0.0000
148 180 -0.5000  0.1329  7.0932
156 180 -3.6521 -5.6727  3.3371
164 180 -4.2328 -5.5260 10.7729
172 180 -2.8939 -5.1095  6.5641
180 180 -2.3560  0.0000  0.0000
188 180 -1.8901  0.0000 11.1304
196 180 -0.7001  0.0000  0.0000
204 180  0.3683  0.0000  0.0000
212 180  0.1220  0.0000  0.0000
220 180  0.0000 -0.5000  8.8276
228 180 -0.1604  0.0000  0.0000
236 180 -0.1330  0.0000  0.0000
244 180 -0.0599  0.0000  0.0000
252 180 -0.4485  0.0000  0.0000
260 180 -0.5971  0.0000  0.0000
268 180 -0.4469  0.0000  0.0000
276 180  0.0049  0.0000  0.0000
284 180  0.5000  0.0000  8.4768
292 180  0.0354  0.0000  0.0000
  4 188 -0.2483 -0.1160  9.3535
 12 188 -0.1837  0.0000  0.0000
 20 188  0.0000 -0.5000  4.0635
 28 188 -0.0423  0.0000 12.0455
 36 188 -0.0417  0.0000 11.1304
 44 188 -0.3043  0.0000  0.0000
 52 188 -1.1876  0.0000  0.0000
 60 188 -1.7817  0.0000  0.0000
 68 188 -0.8017  0.0000  0.0000
 76 188  0.2107  0.0000 11.1304
 84 188  0.0000 -0.5000  8.8276
 92 188 -1.4038  0.0000  1.0000
100 188 -1.2212  4.9109  9.7980
108 188 -2.0657  0.0000  0.0000
116 188 -2.3677  0.1145 12.8207
124 188 -0.5000  0.0000  8.8276
132 188  1.6968  0.0000 16.1088
140 188 -0.0196  0.0000  0.0000
148 188  0.0666  3.4179 10.9194
156 188 -0.0633  0.2752 11.0014
164 188  0.0000  0.1049 10.3832
172 188  0.1334  0.1830 13.7634
180 188 -0.8475  0.0000  0.0000
188 188 -0.9881  0.0000 11.1304
196 188 -0.6356  0.0000  0.0000
204 188 -0.1617  0.0000  0.0000
212 188  0.0000  5.0000 11.1304
220 188  0.0000  2.5000  8.8276
228 188 -0.2882  0.0000  0.0000
236 188 -0.2119  0.0000  0.0000
244 188  0.0293  0.0000  0.0000
252 188  0.0737  0.0000 11.1304
260 188  0.1827  0.0000  0.0000
268 188  0.0913 -0.2044 18.7317
276 188 -1.2318  0.0000 11.1304
284 188 -2.5000  0.0000 11.1304
292 188 -1.0569  0.0000  0.0000
  4 196  0.1430  0.0000 11.1304
 12 196  0.3943  0.0000 11.1304
 20 196 -0.3732 -0.3694 10.3318
 28 196 -0.8258  0.0000 11.1304
 36 196 -1.4589  0.0000 11.1304
 44 196 -1.0834  0.0000  0.0000
 52 196  1.3504  0.0000  0.0000
 60 196  4.4832  0.0000  0.0000
 68 196 -0.2527  0.0000  0.0000
 76 196  0.0000  2.5000  8.8276
 84 196  0.3468 -0.5000 10.2045
 92 196 -0.2615 -0.4283  5.3623
100 196 -0.1926  0.1032  8.9196
108 196 -1.5746  2.5000  6.2117
116 196 -1.2847  0.0000  0.0000
124 196 -0.5320  0.0000  0.0000
132 196  0.4491  0.0000  0.0000
140 196  1.5425  0.0000 11.1304
148 196  2.2933  0.0000  0.0000
156 196  0.2486  0.0000  0.0000
164 196 -0.0679  3.0000 10.2905
172 196  0.0684  2.3753 12.7023
180 196 -0.0831  0.0000  0.0000
188 196  0.0363  0.0000  0.0000
196 196  0.1210  0.0000  0.0000
204 196 -0.2784  0.0000  0.0000
212 196 -0.5000 -5.0000  8.8276
220 196 -0.0961  0.2917  8.4628
228 196  0.2470  0.0000  0.0000
236 196  0.2731  0.0000  0.0000
244 196 -0.0322  0.0000  0.0000
252 196 -0.7026  0.0000  0.0000
260 196 -1.0701  0.0000  0.0000
268 196 -0.0762  0.0000  0.0000
276 196  3.3771  0.0000 11.1304
284 196  7.4740  0.0000  0.0000
292 196 -0.5046  0.0000  0.0000
  4 204 -0.2798  0.0000 11.1304
 12 204  0.0707  0.0000 11.1304
 20 204  0.0000 -0.5000  8.8276
 28 204 -0.2998  0.0000 11.1304
 36 204 -1.0126  0.0000  0.0000
 44 204 -0.8657  0.0000  0.0000
 52 204 -0.2269  0.0000  0.0000
 60 204  0.7941  0.0000  0.0000
 68 204  2.4093  0.0000  0.0000
 76 204  4.5000 -0.5000  4.0635
 84 204 -0.1960  2.5000 11.1304
 92 204 -0.0574  0.3062  9.9275
100 204  0.0066  0.0738 10.8610
108 204 -0.5000  0.0000  8.8276
116 204 -0.3318  0.0000 11.1304
124 204  0.0000 -0.5000  4.0635
132 204  0.2618  0.0000  0.0000
140 204  0.2179  0.0000  0.0000
148 204  0.1877  0.0000  0.0000
156 204  0.1235  0.0000  0.0000
164 204 -0.0513 -3.4701  9.6744
172 204  0.0597 -5.5397 11.6723
180 204 -0.8039  0.0000  0.0000
188 204 -1.0689  0.0000  0.0000
196 204  0.0000  4.5000  4.0635
204 204  4.5000  4.5000  4.0635
212 204  8.5408  0.0000 11.1304
220 204 -0.5839  0.0000  0.0000
228 204 -0.5000 -0.5000  4.0635
236 204 -0.2262  0.0000  0.0000
244 204 -0.1487  0.0000  0.0000
252 204 -0.1658  0.0000  0.0000
260 204 -0.3099  0.0000  0.0000
268 204 -0.2048  0.0000  0.0000
276 204 -0.0226  0.0000 11.1304
284 204  0.0544  0.0000 11.1304
292 204 -0.1180  2.5000  9.2850
  4 212  0.1960  0.0000 11.1304
 12 212 -0.8667  0.0000  0.0000
 20 212 -0.6132  0.0000 11.1304
 28 212 -0.4679  0.0000  0.0000
 36 212 -0.6953  0.0000  0.0000
 44 212 -0.6944  0.0000 11.1304
 52 212 -0.5000  0.0000  8.8276
 60 212  0.4043  0.4043  8.0000
 68 212  0.3368  0.0000 11.1304
 76 212  0.1100  0.0000 11.1304
 84 212 -0.0186 -0.3409  9.6358
 92 212 -0.1069  0.0000  9.2023
100 212 -0.5000  0.0000  8.0688
108 212 -1.0964  0.0000  0.0000
116 212 -0.9035  0.0000  0.0000
124 212  0.2628  0.0000  0.0000
132 212  2.6387  0.0000  0.0000
140 212  5.8148  0.0000  0.0000
148 212 -0.4839  0.0000  0.0000
156 212  0.3916  0.0000  8.0000
164 212  0.0000  2.5000  8.8276
172 212 -0.0585  0.2413 13.6170
180 212  0.2789  0.0000  0.0000
188 212  0.6209  0.0000  0.0000
196 212  0.8545  0.0000  0.0000
204 212  0.7402  0.0000  0.0000
212 212  0.3919  0.0000  0.0000
220 212  0.0000  2.5000  8.8276
228 212 -0.4995  0.0000  5.4468
236 212 -0.8493  0.0000  0.0000
244 212 -0.6416  0.0000  0.0000
252 212 -0.5825  0.0000  0.0000
260 212 -0.7299  0.0000  0.0000
268 212 -0.7651  0.0000  0.0000
276 212 -0.5593  0.0000  0.0000
284 212 -0.0246  0.0000  0.0000
292 212  0.0297  0.0000  0.0000
  4 220 -0.1960  0.0000 11.1304
 12 220 -0.3316  0.0000  0.0000
 20 220 -0.2847 -0.5000 11.1304
 28 220  2.5000  0.0000  8.8276
 36 220 -0.5000  0.0000  8.8276
 44 220 -0.7177  0.0000 11.1304
 52 220 -0.1174  4.1710 14.6131
 60 220 -0.3468  2.5000 10.2045
 68 220  0.8708  0.0000  0.0000
 76 220 -1.5000  2.5000  7.4357
 84 220  0.1390  0.2181 10.4925
 92 220  0.1969 -0.1847 11.2822
100 220  0.3416  0.0000 12.0628
108 220  1.0042  0.0000  0.0000
116 220  1.9101  0.0000  0.0000
124 220  2.5000 -5.0000  8.8276
132 220  1.9641  0.0000  0.0000
140 220  0.9905  0.0000  0.0000
148 220  0.0400  0.0000  0.0000
156 220 -0.6438  0.0000  0.0000
164 220 -0.6319  0.0000 11.1304
172 220 -0.1960  0.0000 11.1304
180 220 -0.3656  0.0000  0.0000
188 220 -0.6900  0.0000  0.0000
196 220 -0.8435  0.0000  0.0000
204 220 -0.6870  0.0000  0.0000
212 220 -0.3147  0.0000  0.0000
220 220 -0.0813  0.0000  0.0000
228 220  0.0000 -0.5000  4.0635
236 220  0.0000 -0.5000  8.8276
244 220 -0.3527  0.0000  0.0000
252 220  0.0000  4.5000  4.0635
260 220 -0.7310  0.0000  0.0000
268 220 -1.1180  0.0000 11.1304
276 220 -1.6877  0.0000  0.0000
284 220 -3.1994  0.0000  0.0000
292 220 -4.3922  0.0000 16.1088
