VARIABLES= "X pix", "Y pix", "U pix/dt", "V pix/dt", "CHC", ZONE I=28, J=37
  4   4  0.1826  0.0000  9.5860
 12   4  0.1712  0.0000 10.1631
 20   4  0.0000 -0.0214  9.9945
 28   4 -0.0564 -0.0114 11.0702
 36   4 -0.0031 -0.0150 10.7071
 44   4 -0.0345  0.0000 11.1505
 52   4 -0.0538  0.0426 10.5579
 60   4  0.0000 -0.0298 12.0025
 68   4  0.0982  0.0000 13.4124
 76   4  0.1086  0.0000 13.4413
 84   4  0.0000  0.0118 10.7313
 92   4  0.0028  0.0381 12.3787
100   4  0.0489 -0.0166 12.2748
108   4 -0.0037 -0.0285 12.1471
116   4 -0.0010 -0.0015 11.2540
124   4  0.0910  0.0000 11.2221
132   4  0.0701  0.0000 11.1937
140   4 -0.0039 -0.0045 11.2039
148   4  0.0039  0.0045 11.2039
156   4  0.0012  0.0422 11.2511
164   4  0.0297  0.0000 12.0189
172   4  0.0393  0.0000 11.7754
180   4  0.0555  0.0000 11.9577
188   4  0.0479  0.0378 11.2621
196   4  0.0000  0.0713 12.3637
204   4  0.0292  0.0000 11.5650
212   4  0.0011  0.0060 11.7982
220   4 -0.0021 -0.0005 12.1415
228   4 -0.0178  0.0874 11.5750
236   4  0.1550 -0.0081  8.9723
244   4  0.0000  0.0000  9.4497
252   4 -0.0497  0.0000 11.5031
260   4 -0.0794  0.0097 10.9455
268   4 -0.0378  0.0000 10.3009
276   4  0.0041  0.0000 12.3152
284   4  0.0512  0.0000 12.3152
292   4  0.0892  0.0000 16.1251
  4  12  0.0821 -0.0125  7.3587
 12  12  0.0000  0.0000  8.3461
 20  12 -0.0065  0.1275  7.9518
 28  12 -0.0955  0.1819  8.2859
 36  12 -0.0337  0.1939  7.1583
 44  12 -0.2226 -0.0423  6.1399
 52  12  0.0491  0.0218  6.8725
 60  12  0.0606  0.0000  7.7053
 68  12  0.0175  0.0707 10.1269
 76  12 -0.0000  0.0000  9.9335
 84  12  0.0565  0.0024  8.2798
 92  12  0.0405  0.0299  7.5817
100  12  0.0000  0.0000  7.5994
108  12  0.0096 -0.0083  7.7541
116  12  0.0015  0.0032  8.3754
124  12 -0.0022  0.0354  8.4429
132  12  0.0473 -0.0636  8.3770
140  12 -0.0461  0.0118  8.7691
148  12 -0.0812  0.0000  8.1216
156  12 -0.0583  0.0000  9.1370
164  12  0.0322 -0.0456 10.3234
172  12 -0.0022  0.0155 13.8762
180  12 -0.0052 -0.0042 16.2356
188  12 -0.0350  0.0000  9.1900
196  12 -0.0053 -0.0114  8.3466
204  12  0.0322  0.0144  7.7691
212  12  0.0535 -0.0083 12.0055
220  12  0.0240  0.1048 12.4758
228  12 -0.1311 -0.5000  7.7742
236  12  0.0392  0.0203  9.9869
244  12 -0.0825 -0.5138 11.0132
252  12 -0.0833  0.0000 14.4906
260  12 -0.0434  0.0000 11.6347
268  12 -0.1062  0.0000 10.8782
276  12  0.0054  0.0000  8.7611
284  12  0.0301  0.0000  9.9150
292  12  0.0072  0.0000  7.0012
  4  20 -0.0285  0.0000 11.8002
 12  20 -0.0581 -0.0399 11.2785
 20  20  0.0000 -0.0148  9.9024
 28  20 -0.0335 -0.0397 11.2920
 36  20 -0.0323 -0.0429 10.9695
 44  20 -0.0276  0.0395 10.9670
 52  20 -0.0114  0.0254 11.9353
 60  20 -0.0079  0.0000 13.7145
 68  20 -0.0507  0.0000 12.4339
 76  20 -0.0823  0.0000 14.2343
 84  20 -0.0306  0.0000 13.2400
 92  20 -0.0044  0.0000 12.9987
100  20  0.0401  0.0180  9.7636
108  20  0.0032  0.0000  8.0231
116  20 -0.0165 -0.0021 11.9334
124  20 -0.0035  0.0129 11.9557
132  20 -0.0005 -0.0004 12.4004
140  20  0.0000 -0.0223 11.9049
148  20  0.0000 -0.0254 12.5470
156  20 -0.0802  0.0000 12.1728
164  20 -0.0031  0.0014 13.3003
172  20 -0.0340  0.0000 12.6352
180  20 -0.0014 -0.0077 22.4455
188  20  0.0265 -0.0132 15.7208
196  20 -0.0017 -0.0062 16.7964
204  20  0.0094  0.0000 21.6618
212  20  0.0141 -0.0035 22.8129
220  20  0.0113 -0.0383 30.8323
228  20  0.0028  0.0000 28.8696
236  20 -0.0085  0.0000 27.7404
244  20 -0.0044  0.0094 18.7002
252  20 -0.3518 -0.3583 14.2639
260  20 -0.1569  0.0000 15.5722
268  20 -0.0501  0.0000 10.6592
276  20  0.0000  0.0144 16.0697
284  20 -0.0368 -0.0116  9.8365
292  20 -0.0382  0.0000 10.9633
  4  28 -0.0285  0.0000  9.3080
 12  28  0.0123  0.0079 10.2685
 20  28 -0.0408 -0.0010 10.4531
 28  28  0.0448  0.0223  9.5714
 36  28 -0.0189  0.0213 10.1237
 44  28 -0.0021  0.0142 10.0920
 52  28 -0.0030  0.0011  9.7749
 60  28 -0.0298  0.0000  9.7933
 68  28  0.0086  0.0175 10.2958
 76  28  0.0028  0.0031 10.1380
 84  28 -0.0537  0.0000 10.2648
 92  28 -0.0395  0.0000  9.7458
100  28 -0.0293  0.0000 11.0845
108  28 -0.0017 -0.0110 17.1559
116  28  0.0155 -0.0010  9.8430
124  28 -0.0211 -0.0025 10.6005
132  28 -0.0053 -0.0243  9.3714
140  28 -0.0141  0.0000  9.9103
148  28  0.0006  0.0034 10.4353
156  28 -0.0021  0.0216 16.3153
164  28 -0.0212  0.0000 13.9020
172  28 -0.0003  0.0084 15.4646
180  28 -0.0880  0.0000 15.8997
188  28  0.0099  0.0066 14.4218
196  28  0.0019  0.0022 25.0071
204  28  0.0192  0.0000  9.9775
212  28 -0.0010  0.0026 10.3669
220  28 -0.0052  0.0000 11.4828
228  28  0.0290 -0.0002 10.9964
236  28 -0.0010 -0.0127 10.4007
244  28  0.0154 -0.0100  9.9824
252  28  0.0125  0.0000 10.7320
260  28 -0.0200  0.0000 13.1898
268  28  0.0031  0.0022 18.6752
276  28  0.1555  0.0000 15.0073
284  28 -0.0640  0.0000 25.4806
292  28 -0.0359  0.0000 18.4365
  4  36  0.0215  0.0000  9.1989
 12  36 -0.0002 -0.0006  8.7769
 20  36 -0.0247 -0.0512  7.7469
 28  36 -0.0197  0.0000  6.9700
 36  36 -0.0094  0.0000  6.6317
 44  36 -0.0561  0.0000  6.9040
 52  36 -0.0246 -0.0151  6.6931
 60  36  0.0485  0.0000  7.4479
 68  36  0.0134  0.0903  7.5451
 76  36 -0.1105 -0.0086  8.8450
 84  36 -0.0967  0.0000 12.7558
 92  36 -0.1309  0.0000 13.6395
100  36 -0.1336 -0.0184  8.5956
108  36  0.0511 -0.0047  8.5447
116  36  0.0327  0.0000  8.9466
124  36 -0.0415  0.0745  7.3545
132  36  0.0000  0.1820 11.3219
140  36 -0.0120  0.0000 11.1304
148  36 -0.0117  0.0000 11.0500
156  36  0.0071 -0.0167 12.9186
164  36  0.0003  0.0215 15.8049
172  36 -0.0026 -0.0130 12.7347
180  36  0.0035  0.0175 19.0101
188  36  0.0039 -0.0116 20.8662
196  36 -0.0046 -0.0278 12.8923
204  36  0.4380  0.0236 11.1634
212  36 -0.1391  0.0097 15.6470
220  36 -0.0365  0.0000 14.8284
228  36  0.1366  0.0179 13.5229
236  36  0.3009 -0.0156 14.4069
244  36  0.1322  0.0000 10.9531
252  36  0.0248 -0.0297 13.4174
260  36  0.0065  0.0922  7.2001
268  36 -0.1862  0.0000 10.7675
276  36 -0.2700  0.3306  7.2000
284  36  0.3283  0.0000  6.7428
292  36  0.5404  0.0000  7.3290
  4  44  0.1567  0.0000 11.1304
 12  44  0.0079  0.0000 12.0628
 20  44 -0.1013  0.0000 17.6152
 28  44 -0.0126  0.0000 14.0146
 36  44  0.0082  0.0000 14.3074
 44  44 -0.0217  0.0000 10.5606
 52  44 -0.0827  0.0000 10.5606
 60  44 -0.0901  0.0000  9.0038
 68  44 -0.0693  0.0000  8.3451
 76  44 -0.0432  0.0000 12.0342
 84  44 -0.0176  0.0000 16.1088
 92  44  0.0092  0.0000 12.0455
100  44  0.0839  0.0000 11.1304
108  44  0.1732  0.0000  0.0000
116  44  0.1487  0.0000  0.0000
124  44  0.1442  0.0000  0.0000
132  44  0.2929  0.0000  0.0000
140  44  0.0469  0.0000  0.0000
148  44  0.0588  0.2649 12.3586
156  44  0.0458  0.0000 13.5406
164  44 -0.0070  0.0114 13.3683
172  44  0.0084 -0.0041 11.7213
180  44 -0.0202 -0.0014 10.6040
188  44  0.0228  0.0237 10.9531
196  44  0.0007 -0.0001 12.5254
204  44  0.4008  0.0000  9.8041
212  44  1.2118  0.0000  8.7705
220  44  1.5087  0.0000 10.5606
228  44  0.3631  0.0000 10.5606
236  44  0.0971  0.0404 14.8830
244  44 -0.1224  0.0783 12.1477
252  44  0.1354 -0.0163 13.2841
260  44 -0.0364  0.2387 11.3832
268  44 -0.0603  0.0000 16.1088
276  44 -0.1154  0.0000  9.9881
284  44 -0.1597  0.0728 12.0580
292  44 -0.1074  0.0000  9.4928
  4  52 -0.0642  0.0000 10.5606
 12  52 -0.0367  0.0780  8.5648
 20  52 -0.0070  0.0000  8.4696
 28  52  0.1203  0.0000  9.5231
 36  52  0.3145  0.0264 11.0777
 44  52  0.2304  0.0000 11.1304
 52  52  0.1777  0.0000  0.0000
 60  52  0.1896  0.0000 11.1304
 68  52  0.0857  0.0000 11.1304
 76  52  0.0457  0.0000 16.1088
 84  52 -0.0233  0.0000  0.0000
 92  52 -0.1266  0.0000 16.1088
100  52 -0.1792  0.0000 11.1304
108  52 -0.3403  0.0000  0.0000
116  52 -0.5000  0.0000  8.8276
124  52  0.0251  0.0000  0.0000
132  52  0.8580  0.0000  0.0000
140  52  1.9173  0.0000  0.0000
148  52  2.5000  0.0000  8.8276
156  52  0.0012 -0.0093 11.4930
164  52 -0.2367  0.0000 18.2902
172  52 -0.1865  0.0000 16.9950
180  52  0.0137  0.0000 27.9649
188  52  0.0017  0.0000 21.0460
196  52 -0.0047 -0.0028 14.3942
204  52 -0.0626  0.0000  7.5127
212  52 -0.0928  0.0000 11.1304
220  52 -0.0631  0.0000 10.7010
228  52 -0.0472  0.0000 11.1304
236  52 -0.0520  0.7562  9.9377
244  52 -0.0455 -0.8048  7.6266
252  52 -0.0238  0.0000 11.0903
260  52  0.0711  0.0000 13.3851
268  52  0.0999  0.0000  8.2653
276  52  0.0875  0.0000 10.5606
284  52  0.0883  0.0058 12.4498
292  52  0.0500  0.0000 15.8075
  4  60  0.0247  0.0000 11.1304
 12  60 -0.0392  0.0000  0.0000
 20  60 -0.1623  0.0000 11.1304
 28  60 -0.1576  0.0000 11.1304
 36  60 -0.2889  0.0000  0.0000
 44  60 -0.3244  0.0000 11.1304
 52  60  0.0874  0.0000 11.1304
 60  60  0.7131  0.0000  0.0000
 68  60  1.3356  0.0000  0.0000
 76  60  1.4298  0.0000 11.1304
 84  60  0.2452  0.0000 11.1304
 92  60 -0.0680  0.0000  8.2581
100  60 -0.0771  0.0000 17.0667
108  60  0.0146  0.0000 11.1304
116  60  0.0478  0.0000  0.0000
124  60  0.0428  0.0000 11.1304
132  60 -0.0102  0.0000  8.5018
140  60 -0.0196  0.0000  8.8276
148  60  0.0075  0.0040  6.3186
156  60 -0.0034 -0.0097 19.6153
164  60  0.0125 -0.0051 28.7908
172  60  0.0101 -0.0010 10.0234
180  60  0.0028  0.0027  9.7467
188  60 -0.0061  0.0140 23.0023
196  60  0.0524  0.0000 13.6154
204  60  0.0045  0.0000  8.6346
212  60 -0.0065  0.0000 13.0803
220  60 -0.0019  0.0000 11.1304
228  60  0.0198  0.0000 14.4906
236  60  0.0000 -0.1339  9.4815
244  60 -0.1641  0.0044 10.1279
252  60  0.0030 -0.0358 12.6387
260  60 -0.1214 -0.0860 12.7754
268  60 -0.1330  0.0000 10.8982
276  60  0.0511  0.1534 12.7847
284  60  0.2887  0.0000 15.2515
292  60  0.4375  0.0000 20.0597
  4  68  0.3246  0.0000  0.0000
 12  68  0.1407  0.0000  0.0000
 20  68  0.1452  0.0000 11.1304
 28  68  0.0909  0.0000 11.1304
 36  68  0.0770  0.0000 11.1304
 44  68  0.1058  0.0000 11.1304
 52  68  0.0948  0.0000  0.0000
 60  68  0.0047  0.0000 11.1304
 68  68  0.0093  0.0000  0.0000
 76  68  0.0214  0.0000  0.0000
 84  68  0.0026  0.0000 16.1088
 92  68 -0.0347 -0.1354 12.9855
100  68  1.4317  0.0000 13.1337
108  68  1.0200  0.0000  0.0000
116  68  0.6262  0.0000  0.0000
124  68  0.3400  0.0000  8.8276
132  68  0.0153  0.0000  0.0000
140  68 -0.0452  0.0000 13.7190
148  68 -0.0186  0.0070  5.9437
156  68  0.0115  0.0000  6.6151
164  68  0.0088  0.0000  6.6267
172  68  0.0173 -0.0002  6.6099
180  68 -0.0075 -0.0129  6.5661
188  68 -0.0583  0.0000  6.1689
196  68  0.0041  0.0035  6.0221
204  68 -0.1023 -0.1436  8.7075
212  68 -0.0727  0.0000 12.0628
220  68 -0.2167  0.0000  9.4208
228  68 -0.5000  0.0000  8.8276
236  68  0.0381  0.0000 16.1088
244  68  0.3394  0.0216  8.7863
252  68  0.1792  0.0000  7.3911
260  68  0.0664  0.0000 12.3045
268  68  0.1251  0.0000  9.7047
276  68  0.1318  0.0214 11.1304
284  68 -0.0272  0.0238 11.1899
292  68  0.0224 -0.1205  7.5000
  4  76  0.0297  0.0000  0.0000
 12  76  0.0116  0.0000  0.0000
 20  76 -0.0326  0.0000  0.0000
 28  76  2.9474  0.0000  0.0000
 36  76  2.1099  0.0000 11.1304
 44  76  1.2480  0.0000 11.9011
 52  76  0.6306  0.1105 11.2757
 60  76 -0.0360  0.1854 12.6331
 68  76 -0.0342  0.0000 24.3712
 76  76  0.1478  0.1666  7.5382
 84  76  0.0000  0.0000 15.1554
 92  76 -0.1491  0.0000 14.6131
100  76 -0.2126  0.1608 13.1739
108  76 -0.1377  0.0000 12.1905
116  76  0.0000 -0.1324  9.8062
124  76  0.4674 -0.1939  9.7456
132  76  0.1151  0.1151 16.5161
140  76  0.0000 -0.0588  9.6865
148  76 -0.1422 -0.0049 12.3023
156  76 -0.1662  0.0000 12.1905
164  76  0.2780 -0.1270 13.3759
172  76  0.1841  0.0418 12.3683
180  76  0.0134  0.0000 12.3458
188  76 -0.1237  0.0000 12.0044
196  76  0.0330 -0.1638 10.0179
204  76  0.0326  1.5000 15.1022
212  76  0.0206  0.0000  0.0000
220  76  0.0403  0.0000 11.1304
228  76  0.0353  0.0000 11.1304
236  76  0.0336  0.0000 11.9011
244  76  0.0333 -0.2120 15.3955
252  76  3.1952  0.0000  0.0000
260  76  2.5000  0.0000  8.8276
268  76  1.1811  0.0000 11.1304
276  76  0.3014  0.0000  0.0000
284  76 -0.1798 -1.0000  6.7923
292  76 -0.1168  0.0000 11.9011
  4  84  0.0210  0.0000 11.1304
 12  84 -0.1390  0.0000 11.1304
 20  84 -0.3603  0.0000 16.1088
 28  84 -0.4413  0.0000  0.0000
 36  84 -0.1600  0.0000  0.0000
 44  84  0.1414  0.0000 11.1304
 52  84  0.3992  0.0000 18.1858
 60  84  0.2053  0.1368 10.2145
 68  84  0.0717 -0.0208 10.8567
 76  84 -0.0504  0.0000 13.1736
 84  84 -0.0039  0.0000 16.6957
 92  84  0.1215 -0.1200 17.1775
100  84  0.0193  0.0000 13.3565
108  84 -0.1552  0.0000  0.0000
116  84 -0.2380  0.0000  0.0000
124  84 -0.1667  0.0000  0.0000
132  84 -0.1631  0.0000 11.1304
140  84  0.0372  0.0000  8.8276
148  84  0.0455  0.0000 12.0628
156  84  0.0125  0.0000  6.8903
164  84  0.0444  0.0000 11.1304
172  84  0.1911  0.0000 11.1304
180  84  1.5369  0.0000  0.0000
188  84  0.9719  0.0000 16.1088
196  84  0.1937  0.0000 12.5685
204  84 -0.1601  0.0880 10.3796
212  84  0.3561 -0.6623  9.6018
220  84 -0.0180  0.0000  0.0000
228  84  0.0000 -0.5000  8.8276
236  84 -0.2095  0.0000  0.0000
244  84 -0.4366  0.0000  0.0000
252  84 -0.5000  0.0000  8.8276
260  84  0.0746  0.0000  0.0000
268  84  0.4003  0.0000 16.1088
276  84  0.4061  0.0000 11.1304
284  84  0.1247  0.0000  0.0000
292  84 -0.1005  0.0000  0.0000
  4  92 -0.1456  0.0000 11.1304
 12  92  0.0858  0.0000 11.1304
 20  92  0.4043  0.4043  8.0000
 28  92 -0.1129  0.0000 11.1304
 36  92 -0.3681  0.0000 11.1304
 44  92 -0.3695  0.0000 21.6135
 52  92 -0.2772 -0.0423 10.3168
 60  92 -0.3576 -0.0478 11.8290
 68  92  0.1049 -0.0127  8.3728
 76  92  0.0039  0.0000 10.4992
 84  92 -0.1002  0.0000  8.0000
 92  92 -0.0604  0.0000 12.8600
100  92  0.1854 -0.1854  7.8578
108  92 -0.1241 -0.0900  9.7710
116  92 -0.2461  0.1888  9.8913
124  92 -0.4240  0.0000 11.1304
132  92 -0.5000 -0.1588 10.5785
140  92  0.1841 -0.0418 12.3683
148  92 -0.4043 -0.4043  8.0000
156  92 -0.2026  0.0000  0.0000
164  92 -0.1876  0.0000  0.0000
172  92 -0.1479  0.0000  0.0000
180  92  0.2403  0.0000 16.1088
188  92  0.8895  0.0000  0.0000
196  92  0.9606  0.0000  0.0000
204  92  0.5818  0.0000 16.0000
212  92  0.0137  0.0000 11.1304
220  92 -0.3859  0.0000  8.2581
228  92 -0.5000  0.0000  8.8276
236  92 -0.3773  0.0000 11.1304
244  92 -0.3956  0.0000  0.0000
252  92 -0.8384  0.0000  0.0000
260  92 -0.7742  0.0000 11.1304
268  92 -0.4845  0.0000  0.0000
276  92 -0.2000  0.0000  0.0000
284  92 -0.0761  0.0000  0.0000
292  92  0.0623  0.0000  0.0000
  4 100 -0.1827  0.0000 11.9011
 12 100 -0.3435  0.0000  8.0000
 20 100 -0.3394  0.0000  8.2581
 28 100 -0.2385  0.0000  0.0000
 36 100  0.0192 -0.1864 11.8154
 44 100  0.7270 -0.1230  8.3304
 52 100  0.0306  1.1731 10.3746
 60 100 -0.0713  0.0984  9.2643
 68 100  0.0438  0.0000  9.9341
 76 100 -0.2010  0.0000 11.0903
 84 100 -0.0306 -0.7265 10.2567
 92 100 -0.0178  0.0000  0.0000
100 100  0.1208  0.0000  0.0000
108 100  0.9568  0.0000  4.0635
116 100  1.9120  0.0000 11.1304
124 100  1.6109  0.0000 11.1304
132 100  0.8421  0.0000 11.1304
140 100  0.0000 -0.5000  8.8276
148 100 -0.5000  0.0000  8.8276
156 100 -0.6053  0.0000  0.0000
164 100 -0.6664  0.0000  0.0000
172 100 -0.9429  0.0000  0.0000
180 100 -1.5000  0.0000  8.2581
188 100 -0.9881  0.0000 11.1304
196 100 -0.3671  0.0000  0.0000
204 100  0.1604  0.0000 11.1304
212 100  0.4376  0.0000 22.2609
220 100  0.3330  0.0000  0.0000
228 100 -0.2971  0.0000 13.5576
236 100 -0.5577  0.0000 16.1088
244 100 -0.5996  0.0000  0.0000
252 100 -0.6528  0.0000 16.1088
260 100  0.2374  0.0000 11.1304
268 100  0.5000  0.1960  5.4468
276 100  0.1283  0.0000  0.0000
284 100  0.0560  0.0000 11.1304
292 100 -0.0355  0.0000  0.0000
  4 108 -0.1920  0.0000 22.2609
 12 108 -0.0913  0.2044 18.7317
 20 108  0.1245  0.0000 12.0628
 28 108  0.0672  0.0000  9.3177
 36 108  1.1089  0.0000  0.0000
 44 108  2.5000  0.1588 10.5785
 52 108  1.7828  0.0000  0.0000
 60 108  0.9694  0.0000 17.0667
 68 108  0.3290  0.0000  8.4253
 76 108  0.0000  0.5000  8.0688
 84 108 -0.3093  0.0000 11.1304
 92 108 -0.4567  0.0000 11.1304
100 108 -0.5825  0.0000 16.1088
108 108 -0.8608  0.0000 11.1304
116 108 -0.5000  0.0000  8.8276
124 108  0.1024  0.0000  0.0000
132 108  0.7724  0.0000  0.0000
140 108  1.2486  0.0000 11.1304
148 108  1.1203  0.0000  0.0000
156 108 -0.1313 -0.0812 16.9211
164 108 -0.5000  0.0000 11.1304
172 108 -0.6122  0.0000 11.1304
180 108 -0.7454  0.0000 16.1088
188 108 -0.2272  0.0000 16.1088
196 108 -0.2144  0.0000  0.0000
204 108 -0.3221  0.0000 11.1304
212 108 -0.0548 -0.1795 19.6402
220 108 -0.1419  0.0000 20.7059
228 108 -0.2465  0.0000 11.1304
236 108  0.0557  0.0000  0.0000
244 108  0.7767  0.0000 11.1304
252 108  0.4332  0.0000 16.1088
260 108  0.2080  0.2715 12.3107
268 108  0.1960  0.0000 11.1304
276 108  0.5227  0.0000 16.1088
284 108  0.4654  0.0000 11.1304
292 108  0.2849  0.0000  0.0000
  4 116  0.1767  0.5000 13.2079
 12 116 -0.1716  0.0000  9.2086
 20 116 -0.2412  0.0000  0.0000
 28 116 -0.0417 -0.1134  7.3143
 36 116 -0.2504  0.0000 11.4548
 44 116 -0.0546  0.0000  8.7919
 52 116  0.4984  0.0000  0.0000
 60 116  1.2867  0.0000 14.5082
 68 116  2.0874  0.0000 13.6496
 76 116  2.5000 -0.1588 10.5785
 84 116  1.1116  0.0000 11.1304
 92 116  0.1841 -0.0418 12.3683
100 116 -0.2653  0.0000 19.4783
108 116 -0.4403  0.0000 11.1304
116 116 -1.0103  0.0000 11.1304
124 116 -0.9488  0.0000 11.1304
132 116 -1.0000  0.0640 12.3173
140 116 -0.4160  0.0000 11.1304
148 116 -0.2358  0.0000  8.2581
156 116 -0.3846  0.0000 16.1088
164 116 -0.0634  0.0922 12.5396
172 116  1.5000  0.0000  8.2581
180 116  0.8375  0.0000 17.0667
188 116  0.2071  0.0000  0.0000
196 116 -0.1534  0.0000 11.1304
204 116 -0.0609  0.0000  0.0000
212 116  0.0468  0.0000 11.1304
220 116  0.0000 -0.5000  8.8276
228 116 -0.1568  0.0000 16.1088
236 116 -0.4676  0.0000 11.1304
244 116 -0.5000  0.0000  8.8276
252 116 -0.2463  0.0000  0.0000
260 116 -0.1992  0.0000 16.1088
268 116 -0.0043  0.0000 17.0667
276 116  0.4709  0.0000 16.1088
284 116  1.2029  0.0000 11.1304
292 116  1.9144  0.0000 16.1088
  4 124  2.1825  0.0000 16.1088
 12 124  1.4117  0.0000  0.0000
 20 124  0.5886  0.0000  8.3912
 28 124  0.0424 -0.1220 13.4430
 36 124  0.0000 -0.0000  9.3919
 44 124 -1.6075  0.0000  9.2086
 52 124 -1.1583  0.0000 12.0455
 60 124 -0.7290  0.0000  0.0000
 68 124 -0.0264  0.3145 11.0777
 76 124  0.3523  0.0000  0.0000
 84 124 -0.0418  0.1521 12.6567
 92 124 -0.4657  0.0000  0.0000
100 124 -0.0696  0.0812 10.9765
108 124  0.1967  0.0000 11.1304
116 124  0.1538  0.0000 19.1045
124 124 -0.1326  0.0000 11.1304
132 124 -0.2164  0.0000 16.1088
140 124 -0.0345  0.0000 16.1088
148 124  0.0000 -0.5000  8.8276
156 124 -0.3032  0.0000  8.8276
164 124 -0.7104  0.0000  0.0000
172 124 -0.5840  0.0000  0.0000
180 124 -0.3796  0.0000 19.1045
188 124 -0.3337  0.0000  0.0000
196 124 -0.2415  0.0000 11.1304
204 124  0.0619  0.0000 11.1304
212 124  0.6776  0.0000 11.1304
220 124  1.2459  0.0000  0.0000
228 124  1.4878  0.0000  0.0000
236 124  1.1760  0.0000  0.0000
244 124  0.6763  0.0000  0.0000
252 124  0.2498  0.0000  0.0000
260 124  0.0778  0.0000  0.0000
268 124 -1.9263  0.0000 11.1304
276 124 -1.1421  0.0000 12.0628
284 124 -0.3086  0.0000  0.0000
292 124  0.7431  0.0000 11.1304
  4 132  1.8327  0.0000  0.0000
 12 132  2.5000 -0.1588 10.5785
 20 132 -0.0368 -0.1298 13.1143
 28 132 -0.3237  0.0000  9.2086
 36 132 -0.0418  0.1521 12.6567
 44 132  0.2907 -0.0403 10.5761
 52 132  0.0237  0.0000  5.4468
 60 132 -0.1634  0.2959  8.3738
 68 132  0.1834 -0.0484 13.7039
 76 132  0.2775  0.0000 11.1304
 84 132  0.0316  0.0000 11.1304
 92 132 -0.5000 -0.5000  4.0635
100 132 -0.1852  0.0000  0.0000
108 132 -0.1650  0.0000 16.1088
116 132 -0.3685  0.0000  0.0000
124 132 -0.5184  0.0000 11.1304
132 132 -0.5000  0.0000  8.8276
140 132  0.0000 -0.5000  8.8276
148 132  0.4263  0.0000  0.0000
156 132  0.7075  0.0000 11.1304
164 132  0.7138  0.0000  0.0000
172 132  0.5174  0.0000  0.0000
180 132  0.2044  0.0000 13.0803
188 132 -0.1728  0.0000 11.1304
196 132 -2.0805  0.0000 11.1304
204 132 -1.1871  0.0000 11.1304
212 132 -0.2603  0.0000  0.0000
220 132  0.7456  0.0000  0.0000
228 132  1.6356  0.0000  0.0000
236 132  1.8619  0.0000  0.0000
244 132  0.4346  0.0000  0.0000
252 132 -0.1288  0.0000 11.1304
260 132 -0.0774  0.0000 16.1088
268 132  0.1653  0.0000 11.1304
276 132  0.2087  0.0000 16.1088
284 132  0.3186  0.0000 12.0628
292 132  0.6645  0.0000 11.1304
  4 140  0.9147  0.0000 20.7059
 12 140  1.2007  0.0000  0.0000
 20 140  1.5423  0.0000  0.0000
 28 140  1.1139  0.0000 11.1304
 36 140  0.4589  0.0000 11.1304
 44 140 -0.1960 -0.5000 11.1304
 52 140 -0.5757  0.0000 11.1304
 60 140 -0.7527  0.0000 16.1088
 68 140 -0.6222  0.0000  0.0000
 76 140 -0.3812  0.0000  0.0000
 84 140 -0.0456  0.0000  0.0000
 92 140  0.1961  0.0000  0.0000
100 140  0.2347  0.0000  0.0000
108 140  0.0000 -0.5000  8.8276
116 140 -0.7196  0.0000  0.0000
124 140 -2.1717  0.0000  0.0000
132 140 -1.3647  0.0000  0.0000
140 140 -0.5899  0.0000  8.4768
148 140  0.1458  0.0000  0.0000
156 140  0.6965  0.0000  0.0000
164 140  0.7641  0.0000  0.0000
172 140  0.1419  0.0000  0.0000
180 140 -0.2086  0.0000 13.0803
188 140 -0.1790  0.0000  0.0000
196 140  0.0508  0.0000  0.0000
204 140  0.3228  0.0000  0.0000
212 140  0.6955  0.0000  0.0000
220 140  1.0431  0.0000  0.0000
228 140  1.0971  0.0000 16.1088
236 140  1.4326  0.0000 16.1088
244 140  2.5000  0.0000  8.8276
252 140  1.6383  0.0000 11.1304
260 140  0.7694  0.0000 16.1088
268 140  0.0255  0.0000  0.0000
276 140 -0.5073  0.0000  0.0000
284 140 -0.8784  0.0000 11.1304
292 140 -1.0759  0.0000 12.0455
  4 148 -1.0715  0.0000 16.1088
 12 148 -0.6663  0.0000 16.1088
 20 148 -0.2476  0.0000  0.0000
 28 148 -0.0816  0.0000 11.1304
 36 148 -0.3735  0.0000 16.1088
 44 148 -1.3070 -0.0337 12.4709
 52 148 -2.2020  0.0000  0.0000
 60 148 -1.5973  0.0000 11.1304
 68 148 -1.1029  0.0000  8.0000
 76 148 -0.7074  0.0000  0.0000
 84 148 -0.4523  0.0000 11.1304
 92 148 -0.4060  0.0000  0.0000
100 148 -0.5429  0.0000 11.1304
108 148 -0.5511  0.0000  0.0000
116 148 -0.3849  0.0000  0.0000
124 148 -0.1175  0.0000  0.0000
132 148  0.2673  0.0000  0.0000
140 148  0.8612  0.0000  0.0000
148 148  1.1994  0.0000  0.0000
156 148  0.3813  0.0000  0.0000
164 148 -0.8675  0.0000 16.1088
172 148 -2.8274 -0.3035  7.6077
180 148 -0.2730  0.0000 10.6474
188 148  0.1927  0.0000 11.1304
196 148 -0.0485  0.0000 11.1304
204 148 -0.4337  0.0000  0.0000
212 148 -0.8373  0.0000  0.0000
220 148 -1.2430  0.0000  0.0000
228 148 -1.5000  0.0000  8.2581
236 148 -0.9808  0.0000  0.0000
244 148 -0.4291  0.0000 17.0667
252 148 -0.1444  0.0000  0.0000
260 148 -0.3685  0.0000 17.0667
268 148 -1.0256  0.0000  0.0000
276 148 -2.0865  0.0000 13.5576
284 148 -1.7460  0.0000 11.1304
292 148 -1.5833  0.0000 20.7059
  4 156 -1.5416  0.0000 16.1088
 12 156 -1.5558  0.0000 22.2609
 20 156 -1.5164  0.0000  0.0000
 28 156 -1.2918  0.0000 11.1304
 36 156 -0.9151  0.0000  8.2581
 44 156 -0.5392  0.0000 11.1304
 52 156 -0.2890  0.0000 17.0667
 60 156 -0.0207 -1.2575 14.0444
 68 156  0.7911  0.0000  8.7810
 76 156  1.5000  0.0000  8.2581
 84 156  0.3649  0.0000 11.1304
 92 156  0.0546  0.0000  0.0000
100 156 -1.0586  0.0000 16.1088
108 156  0.1099  0.1913 11.2281
116 156  0.1157  0.0000  0.0000
124 156 -0.0453  0.0000  0.0000
132 156 -0.2583  0.0000  0.0000
140 156 -0.5232  0.0000  0.0000
148 156 -0.8877  0.0000  0.0000
156 156 -1.0736  0.0000 11.1304
164 156 -0.7597  0.0000 12.0455
172 156 -0.2928  0.0000 19.4783
180 156  0.0458 -0.1012 14.0274
188 156 -0.1247  0.0000  0.0000
196 156 -0.4679  0.0000  0.0000
204 156 -1.7139  0.0000  0.0000
212 156 -1.6696  0.0000  0.0000
220 156 -1.8376  0.0000  0.0000
228 156 -2.1363  0.0000 11.1304
236 156 -2.4297  0.0000  0.0000
244 156 -2.4444  0.0000  0.0000
252 156 -1.8440  0.0000  0.0000
260 156 -1.0005  0.0000  0.0000
268 156 -0.3197  0.0000 13.5576
276 156 -0.1392  0.0000  0.0000
284 156 -0.5000  0.1588 10.5785
292 156  0.1304  0.0000 12.0628
  4 164  0.3343  0.0000 11.1304
 12 164 -0.2832  0.0703 14.9511
 20 164  1.7449 -0.2444 10.3821
 28 164  0.7732  0.0000  0.0000
 36 164  0.4642  0.0000 11.1304
 44 164  0.0000 -0.5000  8.8276
 52 164 -0.0482  0.0000 10.1191
 60 164 -0.0695  0.0000 17.2663
 68 164 -0.1195  1.0576  7.0137
 76 164 -0.4168  0.0000 11.1304
 84 164 -0.5655  0.0000 11.1304
 92 164 -0.4203  0.0000 11.1304
100 164 -0.1458  0.0000 12.0628
108 164  0.0685 -0.3367 12.7421
116 164  0.0343  0.0000  0.0000
124 164 -0.0326  0.0000  0.0000
132 164 -1.0202  0.0000  0.0000
140 164 -1.2698  0.0000  0.0000
148 164 -1.7047  0.0000  0.0000
156 164 -2.2694  0.0000 11.1304
164 164 -2.8372  0.0000 13.0803
172 164 -3.0267  0.0000 11.1304
180 164 -1.9528  0.0000 11.1304
188 164 -0.5627  0.0000 11.1304
196 164  0.6225  0.0000 11.1304
204 164  1.1948  0.0000  0.0000
212 164  0.7536  0.0000 13.0803
220 164  0.5710  0.0000 11.1304
228 164  0.3865  0.0000 17.0667
236 164  0.2714  0.0000 11.1304
244 164  1.2466  0.0000  0.0000
252 164  0.9370  0.0000  0.0000
260 164  0.5075  0.0000  0.0000
268 164  0.1026  0.0000 13.5576
276 164  0.0000 -0.5000 11.1304
284 164 -0.0205  0.0000 11.1304
292 164 -0.0360  0.0000  0.0000
  4 172 -0.1601  0.0000  0.0000
 12 172 -0.2219  0.0000 11.1304
 20 172 -0.1579  0.0000  0.0000
 28 172 -0.0545  0.0000  0.0000
 36 172  0.0398  0.0000 16.1088
 44 172  0.0676  0.0000 13.5576
 52 172  0.1393 -0.0405 11.3169
 60 172 -0.0527  0.0000 12.0455
 68 172 -0.5441  0.0000 11.1304
 76 172 -1.1004  0.0000 11.1304
 84 172 -1.7162  0.0000 11.1304
 92 172 -2.3536  0.0000 11.1304
100 172 -2.8274 -0.3035  7.6077
108 172 -1.3030  0.0000 12.0628
116 172  0.3357  0.0000  0.0000
124 172  1.8163  0.0000  8.0000
132 172  2.8274  0.3035  7.6077
140 172  2.0533  0.0000 11.1304
148 172  1.2854  0.0000  0.0000
156 172  0.7421  0.0000  0.0000
164 172  0.4959  0.0000 12.0455
172 172  0.6828  0.0000  0.0000
180 172  0.5083  0.0000  0.0000
188 172  0.2231  0.0000 11.1304
196 172 -0.0372  0.0000 11.1304
204 172 -0.1302  0.0000  0.0000
212 172 -0.1221  0.0000 16.1088
220 172 -0.0839  0.0000 22.2609
228 172 -0.0839  0.0000 16.1088
236 172 -0.0554  0.0000 11.1304
244 172 -0.0096  0.0000  0.0000
252 172 -0.0525  0.0000  0.0000
260 172 -0.0508  0.0000  0.0000
268 172 -0.0199  0.0000 11.1304
276 172  0.0652  0.0000  0.0000
284 172  1.0009  0.0000  0.0000
292 172  0.3565  0.0000 11.1304
  4 180 -0.1496  0.0000 11.1304
 12 180 -0.4879  0.0000 20.7059
 20 180 -0.4285  0.0000  0.0000
 28 180  0.2483  0.1160  9.3535
 36 180  0.5439  0.0000 11.1304
 44 180  1.3421  0.0000 13.5576
 52 180  2.2695  0.0000 16.1088
 60 180  2.8009  0.0000 17.0667
 68 180  2.2838  0.0000 16.1088
 76 180  1.5106  0.0000  0.0000
 84 180  0.8630  0.0000 16.1088
 92 180  0.4582  0.0000 16.1088
100 180  0.2193  0.0923  7.5156
108 180  0.0000  0.5000  8.0688
116 180 -0.1796  0.0000  0.0000
124 180 -0.3394  0.0000 11.1304
132 180 -0.3917  0.0000 11.1304
140 180 -0.3323  0.0000  0.0000
148 180 -0.2214  0.0000  0.0000
156 180 -0.1525  0.0000  0.0000
164 180 -0.0471  0.0000 22.2609
172 180  0.0260  0.1571 14.5327
180 180 -0.1700  0.0000  0.0000
188 180 -0.2097  0.0000  0.0000
196 180 -0.1826  0.0000 11.1304
204 180 -0.1403  0.0000 11.1304
212 180  1.8425  0.0000  0.0000
220 180  1.1313  0.0000 12.0455
228 180  0.6758  0.0000 11.1304
236 180  0.3824  0.0000  0.0000
244 180  0.5014  0.0000  0.0000
252 180  0.9789  0.0000  0.0000
260 180  1.2346  0.0000  0.0000
268 180  1.6612  0.0000  0.0000
276 180  2.1351  0.0000 11.1304
284 180  2.3163  0.0000 11.1304
292 180  1.9237  0.0000  0.0000
  4 188  1.2805  0.0000 11.1304
 12 188  0.7118  0.0000  0.0000
 20 188  0.3761  0.0000 11.1304
 28 188  0.0610 -0.5000  7.7665
 36 188 -0.2420  0.0000  0.0000
 44 188 -0.4876  0.0000 11.1304
 52 188 -0.6656  0.0000  0.0000
 60 188 -0.7165  0.0000  0.0000
 68 188 -0.6040  0.0000  0.0000
 76 188 -0.3933  0.0000  0.0000
 84 188 -0.3364  0.0000  0.0000
 92 188 -0.2011  0.1988 14.8099
100 188 -0.1850  0.0000 11.1304
108 188 -0.4043  0.4043  8.0000
116 188 -0.3669  0.0000  0.0000
124 188 -0.3277  0.0000 11.1304
132 188 -0.3415  0.0000  0.0000
140 188  2.1618  0.0000  0.0000
148 188  1.5481  0.0000  0.0000
156 188  1.1687  0.0000 11.1304
164 188  0.6815  0.0000  9.7047
172 188  0.6428  0.0000 12.8600
180 188  0.8925  0.0000 14.5615
188 188  1.1138  0.0000  0.0000
196 188  1.3880  0.0000 11.1304
204 188  1.6335  0.0000 11.1304
212 188  1.6546  0.0000 11.1304
220 188  1.3253  0.0000 13.7892
228 188  0.7985  0.0000  0.0000
236 188  0.3555  0.0000  0.0000
244 188  0.2935  0.0000  0.0000
252 188 -0.0055  0.0000  0.0000
260 188 -0.3719  0.0000  0.0000
268 188 -0.7013  0.0000  0.0000
276 188 -0.9519  0.0000  0.0000
284 188 -1.0547  0.0000  0.0000
292 188 -0.9071  0.0000  0.0000
  4 196 -0.5000  0.0000  8.8276
 12 196 -0.5274  0.0000  0.0000
 20 196 -0.2780  0.1270 13.3759
 28 196 -0.0988  0.0000 11.1304
 36 196 -0.2145  0.0000 11.1304
 44 196 -0.2852  0.0000 11.1304
 52 196 -0.3373  0.0000  0.0000
 60 196 -0.4355  0.0000 16.1088
 68 196  1.7508  0.0000  0.0000
 76 196  1.4789  0.0000 11.1304
 84 196  1.3070  0.0337 12.4709
 92 196  0.4578  0.0000 19.1045
100 196  0.3516  0.0000 12.8600
108 196  0.4757  0.0000 11.1304
116 196  0.6152  0.0000 17.0667
124 196  0.8219  0.0000  0.0000
132 196  0.9958  0.0000  0.0000
140 196  0.9953  0.0000 11.1304
148 196  0.7446  0.0000 12.0628
156 196  0.3128  0.0000 14.7761
164 196 -0.0827 -0.0658 16.5225
172 196  0.2743 -0.0236 10.8782
180 196 -0.0435  0.0000  9.4208
188 196 -0.4327  0.0000 17.0667
196 196 -0.7967  0.0000 11.1304
204 196 -1.1143  0.0000  0.0000
212 196 -1.3253  0.0000  0.0000
220 196 -1.2547  0.0000  0.0000
228 196 -0.5880  0.0000 12.0455
236 196 -0.5000 -0.1588 10.5785
244 196  0.5000  0.0000  8.4768
252 196  0.4072  0.0000  0.0000
260 196  0.1326  0.0000  0.0000
268 196 -0.0913 -0.2044 18.7317
276 196 -0.2435  0.0000  0.0000
284 196 -0.4018  0.0000  0.0000
292 196  0.6530  0.0000  0.0000
  4 204  0.8682  0.0000 11.1304
 12 204  0.7693  0.0000 16.1088
 20 204 -0.0418  0.1521 12.6567
 28 204  0.1164  0.0000 11.1304
 36 204  0.1174  0.0000  0.0000
 44 204  0.0700  0.0000 11.1304
 52 204  0.2339  0.0000 11.1304
 60 204  0.4190  0.0000  0.0000
 68 204  0.4853  0.0000  0.0000
 76 204  0.3827  0.0000  0.0000
 84 204  0.1695  0.0000 11.1304
 92 204 -0.0117  0.0000 19.1045
100 204 -0.0447  0.0000 11.1304
108 204 -0.2017  0.0000  0.0000
116 204 -0.4217  0.0000  0.0000
124 204 -0.6897  0.0000  0.0000
132 204 -0.9794  0.0000 11.1304
140 204 -1.2413  0.0000  0.0000
148 204 -1.3070  0.0337 12.4709
156 204  0.0000 -0.0404  6.5739
164 204  0.1550  0.0000 13.0422
172 204  0.5940  0.0000 10.1191
180 204  0.5460  0.0000 11.1304
188 204  0.3011  0.0000 11.1304
196 204  0.0547  0.0000 16.1088
204 204 -0.1279  0.0000 11.1304
212 204 -0.2774  0.0000 11.1304
220 204 -0.6462  0.0000  0.0000
228 204  0.4097  0.0000  0.0000
236 204  1.0762  0.0000 11.1304
244 204  1.5000 -0.5000  8.2581
252 204  0.7872  0.0000  0.0000
260 204  0.1542  0.0000  0.0000
268 204 -0.2984  0.3415 16.8934
276 204 -0.1803  0.0000 11.1304
284 204  0.0246  0.0000  0.0000
292 204  0.1636  0.0000 11.1304
  4 212  0.1849  0.0000 11.1304
 12 212  0.1294  0.0000 11.1304
 20 212  0.1050 -0.5000  6.8903
 28 212 -0.2181  0.0000 11.1304
 36 212 -0.1466  0.0000  0.0000
 44 212 -0.1386  0.0000  0.0000
 52 212 -0.2631  0.0000  0.0000
 60 212 -0.4131  0.0000 11.1304
 68 212 -0.4229  0.0000  0.0000
 76 212 -0.1151 -0.1151 16.5161
 84 212  0.1136  0.0436  8.8910
 92 212  0.2796  0.0000 10.1871
100 212  0.4871  0.0000 11.2521
108 212  0.4646  0.0000  0.0000
116 212  0.2839  0.0000  0.0000
124 212  0.0748  0.0000  0.0000
132 212 -0.0635  0.0000  0.0000
140 212 -0.1151  0.0000  0.0000
148 212 -1.5000  0.0000  8.2581
156 212  0.0033  0.0000 11.1304
164 212  0.6598  0.0000  0.0000
172 212  1.0710  0.0000  8.0588
180 212  0.7294  0.0000  0.0000
188 212  0.1864  0.0000 11.1304
196 212 -0.2472  0.0000 11.1304
204 212 -0.2979  0.0000 11.1304
212 212 -0.1517  0.0000  0.0000
220 212  0.0217  0.0000  0.0000
228 212  0.0851  0.0000  0.0000
236 212 -0.0274  0.0000  0.0000
244 212 -0.1234  0.0000  8.2581
252 212 -0.0677  0.2414 11.7124
260 212  0.5188  0.0000 20.7059
268 212  0.6281  0.0000 11.1304
276 212  0.4478  0.0000 11.1304
284 212  0.2182  0.0000 16.1088
292 212  0.0887  0.0000 11.1304
  4 220  0.0850  0.0000  0.0000
 12 220  0.0000 -0.5000  8.8276
 20 220  0.1520  0.0000 11.1304
 28 220  0.2990  0.0000 11.1304
 36 220  0.2977  0.0000 11.1304
 44 220  0.1525  0.0000  0.0000
 52 220 -0.0429  0.0000  0.0000
 60 220 -0.1111  0.0000 16.1088
 68 220  0.0503  0.0000 11.1304
 76 220 -0.9240  0.0000 11.1304
 84 220  0.2214  0.0614  7.6130
 92 220 -0.0629  0.0187  9.9343
100 220  0.3768  0.0000  9.4208
108 220  0.4604  0.0000  0.0000
116 220  0.1252  0.0000  0.0000
124 220 -0.2784  0.0000  0.0000
132 220 -0.4161  0.0000  0.0000
140 220 -0.2544  0.0000  0.0000
148 220  0.0443  0.0000 11.1304
156 220  0.2166 -0.1179  7.0951
164 220 -0.0552  0.2089  9.7360
172 220  0.1092  0.1422  9.3091
180 220  2.5000 -0.0391  9.3822
188 220  2.6287  0.0000 13.5576
196 220  2.0595  0.0000 11.1304
204 220  1.3893  0.0000  0.0000
212 220  0.8402  0.0000  0.0000
220 220  0.4528  0.0000  0.0000
228 220  0.1768  0.0000  0.0000
236 220 -0.0162  0.0000  8.0000
244 220  0.0349  0.0000 11.1304
252 220  0.1567  0.0000 11.1304
260 220  0.1704  0.0000 11.1304
268 220  0.0000 -0.5000  8.8276
276 220 -0.3264  0.0000 11.1304
284 220 -0.4043 -0.4043  8.0000
292 220  0.2093  0.0299 13.0089
