VARIABLES= "X pix", "Y pix", "U pix/dt", "V pix/dt", "CHC", ZONE I=28, J=37
  4   4  0.0000  0.0000  9.5860
 12   4  0.0000  0.0000 10.1631
 20   4  0.0000  0.0000 10.0321
 28   4  0.0000  0.0000 11.0375
 36   4  0.0060  0.0437 10.3063
 44   4  0.0000  0.0173 10.5907
 52   4  0.0000 -0.0302 10.6439
 60   4  0.0000  0.0000 11.5553
 68   4  0.0000  0.0000 13.4124
 76   4  0.0000  0.0000 13.4413
 84   4  0.0000  0.0000 11.0388
 92   4  0.0000 -0.0406 11.6069
100   4  0.0006 -0.0177 11.8686
108   4 -0.0017 -0.0573 11.0040
116   4 -0.0036 -0.0023 11.2047
124   4  0.0000  0.0000 11.2221
132   4  0.0000  0.0000 11.1937
140   4  0.0039  0.0045 11.2039
148   4 -0.0039 -0.0045 11.2039
156   4  0.0000  0.0000 11.7039
164   4  0.0000 -0.0027 11.9772
172   4  0.0000  0.0000 11.7754
180   4  0.0000  0.0000 11.9577
188   4  0.0000  0.0000 11.7754
196   4  0.0000 -0.0871 11.8931
204   4  0.0000  0.0000 11.5650
212   4  0.0000  0.0000 11.9109
220   4  0.0000  0.0000 12.1491
228   4  0.0000  0.0000 13.2102
236   4  0.0000  0.0000  9.4698
244   4  0.0000  0.0000  9.4497
252   4  0.0780 -0.0105 10.9997
260   4  0.0000  0.0000 11.3623
268   4  0.0000  0.0000 10.3009
276   4  0.0000  0.0000 12.3152
284   4  0.0000  0.0000 12.3152
292   4  0.0000  0.0000 16.1251
  4  12  0.0000  0.0000  7.4259
 12  12  0.0000  0.0000  8.3461
 20  12  0.0000  0.0000  8.4500
 28  12  0.0000 -0.0011  8.8464
 36  12  0.0224 -0.1011  7.8279
 44  12  0.2226  0.0423  6.1399
 52  12  0.0000  0.0000  7.5634
 60  12  0.0000  0.0000  7.7053
 68  12  0.0000  0.0000 10.4811
 76  12 -0.0000  0.0000  9.9335
 84  12 -0.0470 -0.0840  8.3943
 92  12  0.0000  0.0000  7.6344
100  12  0.0000  0.0000  7.5994
108  12  0.0000  0.0000  7.7749
116  12 -0.0477 -0.0039  8.3773
124  12  0.0000  0.0000  8.9287
132  12 -0.0476  0.0042  8.0641
140  12  0.0461 -0.0118  8.7691
148  12  0.0000  0.0000  8.1216
156  12  0.0000  0.0000  9.1370
164  12  0.0016  0.0461 10.3441
172  12  0.0000  0.0000 13.5633
180  12  0.0061  0.0070 16.7766
188  12  0.0090  0.0295  9.4860
196  12  0.0053  0.0114  8.3466
204  12 -0.0322 -0.0144  7.7691
212  12  0.0005  0.0075 12.0062
220  12  0.0000  0.0000 12.6233
228  12  0.0000 -0.0000  9.7687
236  12  0.0000  0.0000 10.5083
244  12  0.0000  0.0000 13.0641
252  12  0.0000  0.0000 14.4906
260  12  0.0000  0.0000 11.6347
268  12  0.0000  0.0000 10.8782
276  12  0.0000  0.0000  8.7611
284  12  0.0000  0.0000  9.9150
292  12  0.0000  0.0000  7.0012
  4  20  0.0000  0.0000 11.8002
 12  20  0.0265 -0.0036 11.5958
 20  20  0.0000  0.0000  9.9560
 28  20  0.0000  0.0000 11.5444
 36  20  0.0309 -0.0008 11.1004
 44  20  0.0000  0.0000 11.0370
 52  20  0.0048  0.0398 11.5683
 60  20  0.0000  0.0000 13.7145
 68  20  0.0000  0.0000 12.4339
 76  20  0.0000  0.0000 14.2343
 84  20  0.0000  0.0000 13.2400
 92  20  0.0000  0.0000 12.9987
100  20  0.0000  0.0000  9.9788
108  20  0.0000  0.0000  8.0231
116  20  0.0196  0.0070 11.8823
124  20 -0.0158  0.0010 11.8972
132  20  0.0005  0.0004 12.4004
140  20  0.0000  0.0000 11.9151
148  20  0.0000  0.0254 12.5470
156  20  0.0000  0.0000 12.1728
164  20  0.0000  0.0000 13.3056
172  20  0.0000  0.0000 12.6352
180  20  0.0000  0.0000 22.4066
188  20 -0.0315 -0.0009 15.9230
196  20 -0.0014 -0.0224 17.3593
204  20  0.0000  0.0000 21.6618
212  20  0.0277  0.0222 22.7388
220  20  0.0000  0.0000 30.8395
228  20  0.0000  0.0000 28.0336
236  20  0.0000  0.0000 27.7404
244  20  0.0188 -0.0186 15.3646
252  20  0.0614  0.0124 15.3293
260  20  0.0000  0.0000 15.7538
268  20 -0.0533 -0.0243 11.9301
276  20  0.0000 -0.0144 16.0697
284  20  0.0368  0.0116  9.8365
292  20  0.0000  0.0000 10.9633
  4  28 -0.0342  0.0050  9.2981
 12  28  0.0000  0.0000 10.3651
 20  28  0.0210  0.0006 10.4300
 28  28  0.0000  0.0000  9.8555
 36  28  0.0210 -0.0189 10.1303
 44  28  0.0000  0.0000 10.2144
 52  28  0.0000  0.0000  9.7856
 60  28  0.0000  0.0000  9.7933
 68  28  0.0004 -0.0039 10.3677
 76  28  0.0025 -0.0006 10.1729
 84  28  0.0000  0.0000 10.2648
 92  28  0.0000  0.0000  9.7458
100  28  0.0000  0.0000 11.0845
108  28  0.0000  0.0000 17.0787
116  28  0.0200  0.0025  9.8701
124  28  0.0000  0.0000 10.5923
132  28  0.0000  0.0000  9.2954
140  28  0.0000  0.0000  9.9103
148  28  0.0000  0.0000 10.4368
156  28  0.0000  0.0000 16.3856
164  28  0.0000  0.0000 13.9020
172  28  0.0015 -0.0157 15.4687
180  28  0.0000  0.0000 15.8997
188  28 -0.0086  0.0179 14.2261
196  28 -0.0019 -0.0022 25.0071
204  28  0.0000  0.0000  9.9775
212  28 -0.0015 -0.0057 10.4456
220  28  0.0000  0.0000 11.4828
228  28  0.0000  0.0000 11.0016
236  28  0.0000  0.0000 10.4382
244  28 -0.0130  0.0007 10.0355
252  28  0.0000  0.0000 10.7320
260  28  0.0000  0.0000 13.1898
268  28  0.0000  0.0000 18.7332
276  28  0.0000  0.0000 15.0073
284  28  0.0000  0.0000 25.4806
292  28  0.0000  0.0000 18.4365
  4  36  0.0000  0.0000  9.1989
 12  36  0.0000  0.0000  8.7812
 20  36  0.0000  0.0000  7.6765
 28  36  0.0000  0.0000  6.9700
 36  36  0.0000  0.0000  6.6317
 44  36  0.0000  0.0000  6.9040
 52  36  0.0000  0.0000  7.0694
 60  36  0.0000  0.0000  7.4479
 68  36  0.0000  0.0000  8.1305
 76  36  0.0000  0.0000  8.6764
 84  36  0.0000  0.0000 12.7558
 92  36  0.0000  0.0000 13.6395
100  36  0.0000  0.0000  8.5302
108  36  0.0000  0.0000  8.5326
116  36  0.0000  0.0000  8.9466
124  36  0.0739 -0.0190  7.1386
132  36  0.0000  0.0000 15.5009
140  36  0.0000  0.0000 11.1304
148  36  0.0000  0.0000 11.0500
156  36  0.0000  0.0000 12.8478
164  36  0.0000  0.0000 16.0507
172  36  0.0000  0.0000 12.7448
180  36  0.0000  0.0000 18.9088
188  36  0.0030 -0.0007 20.3005
196  36  0.0081  0.0126 12.5870
204  36 -0.4107  0.0698 11.4854
212  36  0.1390 -0.0097 15.6470
220  36  0.0000  0.0000 14.8284
228  36 -0.1366 -0.0179 13.5229
236  36 -0.1765 -0.0164 13.3612
244  36  0.0000  0.0000 10.9531
252  36  0.1366  0.0179 13.5229
260  36 -0.0785 -0.0902  7.4648
268  36  0.0000  0.0000 10.7675
276  36  0.2700 -0.3306  7.2000
284  36  0.0000  0.0000  6.7428
292  36  0.0000  0.0000  7.3290
  4  44  0.0000  0.0000 11.1304
 12  44  0.0000  0.0000 12.0628
 20  44  0.0000  0.0000 17.6152
 28  44  0.0000  0.0000 14.0146
 36  44  0.0000  0.0000 14.3074
 44  44  0.0000  0.0000 10.5606
 52  44  0.0000  0.0000 10.5606
 60  44  0.0000  0.0000  9.0038
 68  44  0.0000  0.0000  8.3451
 76  44  0.0000  0.0000 12.0342
 84  44  0.0000  0.0000 16.1088
 92  44  0.0000  0.0000 12.0455
100  44  0.0000  0.0000 11.1304
108  44  0.0000  0.0000  0.0000
116  44  0.0000  0.0000  0.0000
124  44  0.0000  0.0000  0.0000
132  44  0.0000  0.0000  0.0000
140  44  0.0000  0.0000  0.0000
148  44  0.0973 -0.0866 10.6193
156  44  0.0000  0.0000 13.5406
164  44  0.0000  0.0000 13.5269
172  44  0.0000  0.0000 11.7142
180  44  0.0000  0.0000 10.5882
188  44 -0.0042  0.0243 11.1191
196  44 -0.0110  0.0018 12.2657
204  44  0.0000  0.0000  9.8041
212  44  0.0000  0.0000  9.1584
220  44  0.0000  0.0000 10.5606
228  44  0.0000  0.0000 10.5606
236  44  0.0185 -0.0936 13.8207
244  44  0.0399 -0.0135 13.1359
252  44  0.0000  0.0000 12.8227
260  44  0.0364 -0.2387 11.3832
268  44  0.0000  0.0000 16.1088
276  44  0.0000  0.0000  9.9881
284  44  0.1597 -0.0728 12.0580
292  44  0.0000  0.0000  9.4928
  4  52  0.0000  0.0000 10.5606
 12  52  0.0000  0.0000  8.7453
 20  52  0.0000  0.0000  8.4696
 28  52  0.0000  0.0000  9.5231
 36  52  0.0000  0.0000 12.0628
 44  52  0.0000  0.0000 11.1304
 52  52  0.0000  0.0000  0.0000
 60  52  0.0000  0.0000 11.1304
 68  52  0.0000  0.0000 11.1304
 76  52  0.0000  0.0000 16.1088
 84  52  0.0000  0.0000  0.0000
 92  52  0.0000  0.0000 16.1088
100  52  0.0000  0.0000 11.1304
108  52  0.0000  0.0000  0.0000
116  52  2.5000  0.0000  8.8276
124  52  0.0000  0.0000  0.0000
132  52  0.0000  0.0000  0.0000
140  52  0.0000  0.0000  0.0000
148  52  0.0000  0.0000 11.1304
156  52  0.0000  0.0000 11.4935
164  52  0.0000  0.0000 18.2902
172  52  0.0000  0.0000 16.9950
180  52  0.0021 -0.0085 27.3610
188  52 -0.0216 -0.0030 21.0447
196  52  0.0025 -0.0007 14.3753
204  52  0.0000  0.0000  7.5127
212  52  0.0000  0.0000 11.1304
220  52  0.0000  0.0000 10.7010
228  52  0.0000  0.0000 11.1304
236  52  0.0000  0.0000 11.3350
244  52  0.0000  0.0000 10.5294
252  52  0.0000  0.0000 11.0903
260  52  0.0000  0.0000 13.3851
268  52  0.0000  0.0000  8.2653
276  52  0.0000  0.0000 10.5606
284  52  0.0000  0.0000 12.4405
292  52  0.0000  0.0000 15.8075
  4  60  0.0000  0.0000 11.1304
 12  60  0.0000  0.0000  0.0000
 20  60  0.0000  0.0000 11.1304
 28  60  0.0000  0.0000 11.1304
 36  60  0.0000  0.0000  0.0000
 44  60  0.0000  0.0000 11.1304
 52  60  0.0000  0.0000 11.1304
 60  60  0.0000  0.0000  0.0000
 68  60  0.0000  0.0000  0.0000
 76  60  0.0000  0.0000 11.1304
 84  60  0.0000  0.0000 11.1304
 92  60  0.0000  0.0000  8.2581
100  60  0.0000  0.0000 17.0667
108  60  0.0000  0.0000 11.1304
116  60  0.0000  0.0000  0.0000
124  60  0.0000  0.0000 11.1304
132  60 -0.0830 -0.5000  8.5018
140  60  0.0000  0.0000  8.8276
148  60 -0.0170  0.0141  6.2977
156  60  0.0000  0.0000 19.6303
164  60 -0.0059  0.0038 28.9872
172  60 -0.0130 -0.0010 10.0232
180  60 -0.0077 -0.0035  9.7318
188  60  0.0038 -0.0003 23.0676
196  60 -0.0015  0.0085 13.5929
204  60  0.0000  0.0000  8.6346
212  60  0.0000  0.0000 13.0803
220  60  0.0000  0.0000 11.1304
228  60  0.0000  0.0000 14.4906
236  60  0.0000  0.0000  8.9382
244  60  0.1641 -0.0044 10.1279
252  60  0.0000  0.0000 12.4405
260  60  0.0000  0.0000 13.9517
268  60  0.0000  0.0000 10.8982
276  60  0.0000  0.0000 14.4647
284  60  0.0000  0.0000 15.2515
292  60  0.0000  0.0000 20.0597
  4  68  0.0000  0.0000  0.0000
 12  68  0.0000  0.0000  0.0000
 20  68  0.0000  0.0000 11.1304
 28  68  0.0000  0.0000 11.1304
 36  68  0.0000  0.0000 11.1304
 44  68  0.0000  0.0000 11.1304
 52  68  0.0000  0.0000  0.0000
 60  68  0.0000  0.0000 11.1304
 68  68  0.0000  0.0000  0.0000
 76  68  0.0000  0.0000  0.0000
 84  68  0.0000  0.0000 16.1088
 92  68  0.0000  0.0000 14.7692
100  68  0.0413  0.4152 12.4327
108  68  0.0000  0.0000 11.1304
116  68  0.0000  0.0000  0.0000
124  68 -0.5000  0.0000  8.8276
132  68  0.0000  0.0000  0.0000
140  68  0.0000  0.0000 13.7190
148  68  0.0017 -0.0055  5.9337
156  68  0.0000  0.0000  6.6151
164  68  0.0000  0.0000  6.6267
172  68 -0.0025  0.0005  6.6131
180  68  0.0018  0.0037  6.5513
188  68  0.0000  0.0000  6.1689
196  68  0.0000  0.0000  6.0354
204  68  0.1023  0.1436  8.7075
212  68  0.0000  0.0000 12.0628
220  68  0.0000  0.0000  9.4208
228  68  0.0000  0.0000 11.1304
236  68  0.0000  0.0000 16.1088
244  68  1.5000 -0.1639  6.9531
252  68  0.0000  0.0000  7.3911
260  68  0.0000  0.0000 12.3045
268  68  0.0000  0.0000  9.7047
276  68 -0.1318 -0.0214 11.1304
284  68  0.0000  0.0000 11.9011
292  68  0.0000  0.0000  7.4054
  4  76  0.0000  0.0000  0.0000
 12  76  0.0000  0.0000 11.1304
 20  76  0.0000  0.0000  0.0000
 28  76  0.0000  0.0000  0.0000
 36  76  0.0000  0.0000 11.1304
 44  76  0.0000  0.0000 11.9011
 52  76 -0.6306 -0.1105 11.2757
 60  76 -0.1841  0.0418 12.3683
 68  76  0.0000  0.0000 24.3712
 76  76  0.0000  0.0000  8.5951
 84  76  0.0000  0.0000 15.1554
 92  76  0.0000  0.0000 16.1088
100  76  0.1256 -0.1692 13.4153
108  76  0.0000  0.0855 10.6035
116  76  0.0000  0.0000  9.4208
124  76 -0.7639  0.1338  8.1920
132  76  0.0000  0.0000 19.4783
140  76  0.0000  0.0000 21.1729
148  76  0.0000  0.0000 12.3186
156  76  0.0000  0.0000 12.1905
164  76 -0.2780  0.1270 13.3759
172  76  0.0000  0.0000 11.9011
180  76  0.0000  0.0000 12.3458
188  76 -0.0601  0.5000 10.4684
196  76 -0.0330  0.1638 10.0179
204  76 -0.0673 -0.7160 15.1696
212  76  0.0000  0.0000  0.0000
220  76  0.0000  0.0000 11.1304
228  76  0.0000  0.0000 11.1304
236  76  0.0000  0.0000 11.9011
244  76  0.1328 -0.0709 16.0000
252  76 -0.9260  0.0421 13.4321
260  76 -0.5000 -0.0391  9.3822
268  76  0.0000  0.0000 11.1304
276  76  0.0000  0.0000  0.0000
284  76  0.0000  0.0000 12.5445
292  76  0.0000  0.0000 11.9011
  4  84  0.0000  0.0000 11.1304
 12  84  0.0000  0.0000 11.1304
 20  84  0.0000  0.0000  8.8276
 28  84  0.0000  0.0000  0.0000
 36  84  0.0000  0.0000  0.0000
 44  84  0.0000  0.0000 11.1304
 52  84  0.0000  0.0000 18.1858
 60  84 -0.0559 -0.1280 11.1110
 68  84  0.0000  0.0000 10.4611
 76  84  0.0000  0.0000 13.1736
 84  84  0.0000  0.0000 16.6957
 92  84  0.0000  0.0000 17.2183
100  84  0.0000  0.0000 13.3565
108  84  0.0000  0.0000 11.1304
116  84  0.0000  0.0000  0.0000
124  84  0.0000  0.0000  0.0000
132  84  0.0000  0.0000 11.1304
140  84  0.0000  0.0000 16.1088
148  84  0.0000  0.0000 12.0628
156  84  0.0000  0.0000 13.1641
164  84  2.5000  0.0000  8.8276
172  84  0.0000  0.0000 11.1304
180  84  0.0000  0.0000  0.0000
188  84  0.0000  0.0000 16.1088
196  84  0.0000  0.0000 13.9636
204  84  0.0138 -0.1383  9.2341
212  84  0.0000  0.0000 17.2183
220  84  0.0000  0.0000  0.0000
228  84 -0.2780  0.1270 13.3759
236  84  0.0000  0.0000  0.0000
244  84  0.0000  0.0000  0.0000
252  84  2.5000  0.0000  8.8276
260  84  0.0000  0.0000  0.0000
268  84  0.0000  0.0000 16.1088
276  84  0.0000  0.0000 11.1304
284  84  0.0000  0.0000  8.8276
292  84  0.0000  0.0000  0.0000
  4  92  0.0000  0.0000 11.1304
 12  92  0.0000  0.0000 22.2609
 20  92 -0.4043 -0.4043  8.0000
 28  92  0.0000  0.0000 11.1304
 36  92  0.0000  0.0000 11.1304
 44  92  0.0000  0.0000 21.6135
 52  92  0.1683  0.0060  9.0252
 60  92  0.0000  0.0000 14.6516
 68  92  0.0000  0.0000  8.5009
 76  92  0.0000  0.0000 10.4992
 84  92  0.0000  0.0000  8.0000
 92  92  0.0000  0.0000 12.8600
100  92  0.0000  0.0000  8.0000
108  92  0.1241  0.0900  9.7710
116  92  0.0000  0.0000 10.9776
124  92  0.0000  0.0000 11.1304
132  92  0.0000  0.0000 11.1304
140  92 -0.5000  0.1180  9.2850
148  92  0.0000  0.0000  8.0000
156  92  0.0000  0.0000  0.0000
164  92  0.0000  0.0000 11.1304
172  92  0.0000  0.0000 11.1304
180  92  0.0000  0.0000 16.1088
188  92  0.0000  0.0000  0.0000
196  92  0.0000  0.0000  0.0000
204  92  0.0000  0.0000 16.0000
212  92  0.0000  0.0000 11.1304
220  92  0.0000  0.0000  8.2581
228  92  0.0000  0.0000 16.1088
236  92  0.0000  0.0000 11.1304
244  92  0.0000  0.0000  0.0000
252  92  0.0000  0.0000  0.0000
260  92  0.0000  0.0000  0.0000
268  92  0.0000  0.0000  0.0000
276  92  0.0000  0.0000  0.0000
284  92  0.0000  0.0000  0.0000
292  92  0.0000  0.0000  0.0000
  4 100  0.0000  0.0000 11.9011
 12 100  0.0000  0.0000  8.0000
 20 100  1.5000  0.0000  8.2581
 28 100  0.0000  0.0000  0.0000
 36 100 -0.0192  0.1864 11.8154
 44 100  0.0000  0.0000  9.2850
 52 100  1.3066 -1.0000  8.5333
 60 100  0.0000  0.0000 11.4115
 68 100  0.0000  0.0000  9.9341
 76 100  0.0000  0.0000 11.0903
 84 100  0.0000  0.0000 11.1263
 92 100  0.0000  0.0000  0.0000
100 100  0.0000  0.0000  0.0000
108 100  2.5000 -0.5000  4.0635
116 100 -0.1960 -0.5000 11.1304
124 100  0.0000  0.0000 11.1304
132 100  0.0000  0.0000 11.1304
140 100  0.0000  0.0000  8.8276
148 100  0.0000  0.0000 11.1304
156 100  0.0000  0.0000 17.0667
164 100  0.0000  0.0000  0.0000
172 100  0.0000  0.0000  0.0000
180 100  1.5000  0.0000  8.2581
188 100  0.0000  0.0000 11.1304
196 100  0.0000  0.0000  0.0000
204 100  0.0000  0.0000 11.1304
212 100  0.0000  0.0000 22.2609
220 100  0.0000  0.0000 17.0667
228 100  1.0000 -0.0604 11.8022
236 100 -0.1151 -0.1151 16.5161
244 100  0.0000  0.0000  0.0000
252 100  0.0000  0.0000 16.1088
260 100  0.0000  0.0000 11.1304
268 100  0.0000  0.0000 17.0667
276 100  0.0000  0.0000  0.0000
284 100  0.0000  0.0000 11.1304
292 100  0.0000  0.0000  0.0000
  4 108  0.0000  0.0000 22.2609
 12 108  0.2847 -0.5000 11.1304
 20 108  0.3145 -0.0264 11.0777
 28 108  0.0000  0.0000  9.2086
 36 108  0.0000  0.0000 17.0667
 44 108  0.0000  0.0000 11.1304
 52 108  0.0000  0.0000  0.0000
 60 108     NaN  0.0000 17.0667
 68 108  0.0000  0.0000 12.5445
 76 108  0.0000  0.0000 11.1304
 84 108  0.0000  0.0000 11.1304
 92 108  0.0000  0.0000 11.1304
100 108  0.0000  0.0000 16.1088
108 108  0.0000  0.0000 11.1304
116 108  2.5000  0.0000  8.8276
124 108  0.0000  0.0000  0.0000
132 108  0.0000  0.0000  0.0000
140 108  0.0000  0.0000 11.1304
148 108  0.0000  0.0000  0.0000
156 108  0.0000  0.0000 22.2609
164 108     NaN  0.0000  5.4468
172 108  0.0000  0.0000 11.1304
180 108  0.0000  0.0000 16.1088
188 108  1.3070 -0.0337 12.4709
196 108  0.0000  0.0000 11.1304
204 108  0.0000  0.0000 11.1304
212 108  0.0548  0.1795 19.6402
220 108  0.0000  0.0000 20.7059
228 108  0.0000 -0.5000  8.8276
236 108  0.0000  0.0000  0.0000
244 108  0.0000  0.0000  0.0000
252 108  0.0000  0.0000 16.1088
260 108 -0.2080 -0.2715 12.3107
268 108  0.0000  0.0000 12.0628
276 108  0.0000  0.0000 16.1088
284 108  0.0000  0.0000 11.1304
292 108  0.0000  0.0000  0.0000
  4 116  0.0000  0.0000 19.4783
 12 116  0.0000  0.0000  9.2086
 20 116  0.0000  0.0000  0.0000
 28 116  0.0417  0.1134  7.3143
 36 116  0.0000  0.0000 11.4548
 44 116  0.0000  0.0000  8.7919
 52 116  0.0000  0.0000  0.0000
 60 116  0.0000  0.0000 14.5082
 68 116  0.1127  0.0598 12.2981
 76 116 -0.5000  0.1588 10.5785
 84 116  0.0000  0.0000 11.1304
 92 116 -0.1841  0.0418 12.3683
100 116  0.0000  0.0000 19.4783
108 116  0.0000  0.0000 11.1304
116 116  0.0000  0.0000 11.1304
124 116  0.0000  0.0000 11.1304
132 116  1.0000 -0.0640 12.3173
140 116  0.0000  0.0000 11.1304
148 116  1.5000  0.0000  8.2581
156 116  0.0000  0.0000 16.1088
164 116  0.0493 -0.0231 10.9073
172 116  0.0000  0.0000 17.0667
180 116     NaN  0.0000 17.0667
188 116  0.0000  0.0000  0.0000
196 116  0.0000  0.0000 11.1304
204 116  0.0000  0.0000  0.0000
212 116  0.0000  0.0000 11.1304
220 116  0.0000  0.0000 16.1088
228 116  0.0000  0.0000 16.1088
236 116  0.0000  0.0000 11.1304
244 116  0.0000  0.0000 11.1304
252 116  0.0000  0.0000  0.0000
260 116  0.0000  0.0000 16.1088
268 116  0.0000  0.0000 17.0667
276 116  0.0000  0.0000 16.1088
284 116  0.0000  0.0000 11.1304
292 116  0.0000  0.0000 16.1088
  4 124  0.0000  0.0000 16.1088
 12 124  0.0000  0.0000  0.0000
 20 124 -0.3078 -0.1021  7.6998
 28 124 -0.0470 -0.0085 15.6012
 36 124  0.0000 -0.0000  9.3919
 44 124  0.0000  0.0000  9.2086
 52 124 -0.0645 -0.5000 10.4200
 60 124  0.0000  0.0000  0.0000
 68 124  0.0698 -0.2911 10.5124
 76 124  0.0000  0.0000  0.0000
 84 124  0.0418 -0.1521 12.6567
 92 124  0.0000  0.0000 11.1304
100 124  0.0000  0.0000 13.5576
108 124  0.0000  0.0000 11.1304
116 124  0.5000  0.0000 11.1304
124 124  0.0000  0.0000 11.1304
132 124  0.0000  0.0000 16.1088
140 124  0.0000  0.0000 16.1088
148 124  0.0000  0.0000 11.1304
156 124  0.0000  0.0000 16.1088
164 124  0.0000  0.0000  0.0000
172 124  0.0000  0.0000  0.0000
180 124  0.0000  0.0000 19.1045
188 124  0.0000  0.0000  0.0000
196 124  0.0000  0.0000 11.1304
204 124  0.0000  0.0000 11.1304
212 124  0.0000  0.0000 11.1304
220 124  0.0000  0.0000  0.0000
228 124  0.0000  0.0000  0.0000
236 124  0.0000  0.0000  0.0000
244 124  0.0000  0.0000  0.0000
252 124  0.0000  0.0000  0.0000
260 124  0.0000  0.0000 17.0667
268 124  0.0000  0.0000 11.1304
276 124  0.0000  0.0000 12.0628
284 124  0.0000  0.0000  0.0000
292 124  0.0000  0.0000 11.1304
  4 132  0.0000  0.0000  0.0000
 12 132 -0.5000  0.1588 10.5785
 20 132  0.0243  0.2768 12.8670
 28 132  0.0000  0.0000  9.2086
 36 132  0.0000  0.0000 16.1088
 44 132 -0.2907  0.0403 10.5761
 52 132  3.5000 -0.1203  5.4468
 60 132  0.1415 -0.2888  9.4630
 68 132  0.0000  0.0000 16.1088
 76 132  0.0000  0.0000 11.1304
 84 132  0.0000  0.0000 11.1304
 92 132  0.0000  0.0000 11.1304
100 132  0.0000  0.0000  0.0000
108 132  0.0000  0.0000 16.1088
116 132  0.0000  0.0000  0.0000
124 132  0.0000  0.0000 11.1304
132 132  0.0000  0.0000 16.1088
140 132  0.0000  0.0000 11.1304
148 132  0.0000  0.0000  0.0000
156 132  0.0000  0.0000 11.1304
164 132  0.0000  0.0000  0.0000
172 132  0.0000  0.0000  0.0000
180 132  0.0000  0.0000 13.0803
188 132  0.0000  0.0000 11.1304
196 132  0.0000  0.0000 11.1304
204 132  0.0000  0.0000 11.1304
212 132  0.0000  0.0000  0.0000
220 132  0.0000  0.0000  0.0000
228 132  0.0000  0.0000  0.0000
236 132  0.0000  0.0000  0.0000
244 132  0.0000  0.0000  0.0000
252 132  0.0000  0.0000 11.1304
260 132  0.0000  0.0000 16.1088
268 132  0.0000  0.0000 11.1304
276 132  0.0000  0.0000 16.1088
284 132  0.0000  0.0000 12.0628
292 132  0.0000  0.0000 11.1304
  4 140  0.0000  0.0000 20.7059
 12 140  0.0000  0.0000 11.1304
 20 140  0.0000  0.0000  0.0000
 28 140  0.0000  0.0000 11.1304
 36 140  0.0000  0.0000 11.1304
 44 140  0.0000  0.0000 11.1304
 52 140  0.0000  0.0000 11.1304
 60 140  0.0000  0.0000 16.1088
 68 140  0.0000  0.0000  0.0000
 76 140  0.0000  0.0000  0.0000
 84 140  0.0000  0.0000  0.0000
 92 140  0.0000  0.0000  0.0000
100 140  0.0000  0.0000  0.0000
108 140  0.0000  0.0000 16.1088
116 140  0.0000  0.0000  0.0000
124 140  0.0000  0.0000  0.0000
132 140  0.0000  0.0000  0.0000
140 140  0.0000  0.0000 11.1304
148 140  0.0000  0.0000  0.0000
156 140  0.0000  0.0000  0.0000
164 140  0.0000  0.0000  0.0000
172 140  0.0000  0.0000  0.0000
180 140  0.0000  0.0000 13.0803
188 140  0.0000  0.0000  0.0000
196 140  0.0000  0.0000  0.0000
204 140  0.0000  0.0000  0.0000
212 140  0.0000  0.0000  0.0000
220 140  0.0000  0.0000  0.0000
228 140  0.0000  0.0000 16.1088
236 140  0.0000  0.0000 16.1088
244 140  0.0000  0.0000 16.1088
252 140  0.0000  0.0000 11.1304
260 140  0.0000  0.0000 16.1088
268 140  0.0000  0.0000  0.0000
276 140  0.0000  0.0000  0.0000
284 140  0.0000  0.0000 11.1304
292 140  0.0000  0.0000 12.0455
  4 148  0.0000  0.0000 16.1088
 12 148  0.0000  0.0000 16.1088
 20 148  0.0000  0.0000  0.0000
 28 148  0.0000  0.0000 11.1304
 36 148  0.0000  0.0000 16.1088
 44 148  1.3070  0.0337 12.4709
 52 148  0.0000  0.0000  0.0000
 60 148  0.0000  0.0000 11.1304
 68 148  0.0000  0.0000  8.0000
 76 148  0.0000  0.0000  0.0000
 84 148  0.0000  0.0000 11.1304
 92 148  0.0000  0.0000  0.0000
100 148  0.0000  0.0000 11.1304
108 148  0.0000  0.0000 16.1088
116 148  0.0000  0.0000  0.0000
124 148  0.0000  0.0000  0.0000
132 148  0.0000  0.0000  0.0000
140 148  0.0000  0.0000  0.0000
148 148  0.0000  0.0000  0.0000
156 148  0.0000  0.0000 11.1304
164 148  0.0000  0.0000 16.1088
172 148  0.0000  0.0000 20.7059
180 148  0.0000  0.0000 13.6955
188 148  0.0000  0.0000 11.1304
196 148  0.0000  0.0000 11.1304
204 148  0.0000  0.0000  0.0000
212 148  0.0000  0.0000  0.0000
220 148  0.0000  0.0000  0.0000
228 148  0.1960  0.0000 11.1304
236 148  0.0000  0.0000  0.0000
244 148     NaN  0.0000 17.0667
252 148  0.0000  0.0000  0.0000
260 148     NaN  0.0000 17.0667
268 148  0.0000  0.0000 17.0667
276 148  0.0000  0.0000 13.5576
284 148  0.0000  0.0000 11.1304
292 148  0.0000  0.0000 20.7059
  4 156  0.0000  0.0000 16.1088
 12 156  0.0000  0.0000 22.2609
 20 156  0.0000  0.0000  0.0000
 28 156  0.0000  0.0000 11.1304
 36 156  0.1050 -0.5000  6.8903
 44 156  0.1960  0.0000 11.1304
 52 156  0.0000  0.0000  0.0000
 60 156  0.0000  0.0000 16.6957
 68 156  0.0000  0.0000  8.7810
 76 156 -0.5000  0.0000  8.2581
 84 156  0.0000  0.0000 11.1304
 92 156  0.0000  0.0000  0.0000
100 156  0.0000  0.0000 16.1088
108 156  0.0000  0.0000 18.9370
116 156  0.0000  0.0000  0.0000
124 156  0.0000  0.0000 11.1304
132 156  0.0000  0.0000 11.1304
140 156  0.0000  0.0000  0.0000
148 156  0.0000  0.0000  0.0000
156 156  0.0000  0.0000 11.1304
164 156  0.0000  0.0000 12.0455
172 156  0.0000  0.0000 19.4783
180 156  0.0000  0.0000 16.6957
188 156  0.0000  0.0000  0.0000
196 156  0.0000  0.0000  0.0000
204 156  0.0000  0.0000  0.0000
212 156  0.0000  0.0000  0.0000
220 156  0.0000  0.0000  0.0000
228 156  0.0000  0.0000 11.1304
236 156  0.0000  0.0000 11.1304
244 156  0.0000  0.0000  0.0000
252 156  0.0000  0.0000  0.0000
260 156  0.0000  0.0000  0.0000
268 156  0.0000  0.0000 13.5576
276 156  0.0000  0.0000  0.0000
284 156  0.0000  0.0000 11.1304
292 156  0.0000  0.0000 12.0628
  4 164  0.0000  0.0000 11.1304
 12 164  2.5000 -0.3577 12.8000
 20 164  0.0000  0.0000 16.1088
 28 164  0.0000  0.0000  0.0000
 36 164  0.0000  0.0000 11.1304
 44 164  0.0000  0.1063  6.9728
 52 164  0.0000  0.0000 10.1191
 60 164  0.0000  0.0000 17.2663
 68 164  0.0000  0.0000  9.2086
 76 164  0.0000  0.0000  0.0000
 84 164  0.0000  0.0000 11.1304
 92 164  0.0000  0.0000 11.1304
100 164  0.0000  0.0000 12.0628
108 164  0.0000  0.0000 17.2183
116 164  0.0000  0.0000 11.1304
124 164  0.0000  0.0000  0.0000
132 164  0.0000  0.0000  0.0000
140 164  0.0000  0.0000  0.0000
148 164  0.0000  0.0000  0.0000
156 164  0.0000  0.0000 11.1304
164 164  0.0000  0.0000 13.0803
172 164  0.0000  0.0000 11.1304
180 164  0.0000  0.0000 11.1304
188 164  0.0000  0.0000 11.1304
196 164  0.0000  0.0000 22.2609
204 164  0.0000  0.0000  8.8276
212 164  0.0000  0.0000 13.0803
220 164  0.0000  0.0000  0.0000
228 164  0.0000  0.0000 17.0667
236 164  0.0000  0.0000 11.1304
244 164  0.0000  0.0000 11.1304
252 164  0.0000  0.0000  0.0000
260 164  0.0000  0.0000  0.0000
268 164  0.0000  0.0000 13.5576
276 164  0.0000  0.0000 17.0667
284 164  0.0000  0.0000 11.1304
292 164  0.0000  0.0000  0.0000
  4 172  0.0000  0.0000  0.0000
 12 172  0.0000  0.0000 11.1304
 20 172  0.0000  0.0000  0.0000
 28 172  0.0000  0.0000  0.0000
 36 172 -1.3070 -0.0337 12.4709
 44 172  0.0000  0.0000 13.5576
 52 172 -0.1393  0.0405 11.3169
 60 172 -0.0561 -0.2765  9.5419
 68 172  0.0000  0.0000 11.1304
 76 172  0.0000  0.0000 11.1304
 84 172  0.0000  0.0000 11.1304
 92 172  0.0000  0.0000 11.1304
100 172  0.0000  0.0000  8.0000
108 172  0.0000  0.0000 12.0628
116 172  0.0000  0.0000 11.1304
124 172  0.0000  0.0000  8.0000
132 172 -2.8274 -0.3035  7.6077
140 172  0.0000  0.0000 11.1304
148 172  0.0000  0.0000  0.0000
156 172  0.0000  0.0000  0.0000
164 172  0.0000  0.0000 12.0455
172 172  0.0000  0.0000  0.0000
180 172  0.0000  0.0000  0.0000
188 172  0.0000  0.0000 11.1304
196 172  0.0000  0.0000 11.1304
204 172  0.0000  0.0000  0.0000
212 172  0.0000 -0.5000  8.8276
220 172  0.0000  0.0000 14.6131
228 172  0.0000  0.0000 16.1088
236 172  0.0000  0.0000 11.1304
244 172  0.0000  0.0000  0.0000
252 172  0.0000  0.0000  0.0000
260 172  0.0000  0.0000  0.0000
268 172  0.0000  0.0000 11.1304
276 172  0.0000  0.0000  0.0000
284 172  0.0000  0.0000  0.0000
292 172  0.0000  0.0000  0.0000
  4 180  0.0000  0.0000 11.1304
 12 180  0.0000  0.0000 20.7059
 20 180  0.0000  0.0000  0.0000
 28 180  0.0000  0.0000 12.0455
 36 180  0.0000  0.0000 11.1304
 44 180  0.0000  0.0000 13.5576
 52 180  0.0000  0.0000 16.1088
 60 180  0.0000  0.0000 17.0667
 68 180  0.0000  0.0000 16.1088
 76 180  0.0000  0.0000  0.0000
 84 180  0.0000  0.0000 16.1088
 92 180  0.0000  0.0000 16.1088
100 180 -0.2193 -0.0923  7.5156
108 180  0.0000  0.5000  8.0688
116 180  0.0000  0.0000  0.0000
124 180  0.0000  0.0000 11.1304
132 180  0.0000  0.0000 11.1304
140 180  0.0000  0.0000  0.0000
148 180  0.0000  0.0000  0.0000
156 180  0.0000  0.0000  0.0000
164 180  0.0000  0.0000 22.2609
172 180  0.0000  0.0000 19.4783
180 180  0.0000  0.0000  0.0000
188 180  0.0000  0.0000  0.0000
196 180  0.0000  0.0000 11.1304
204 180  0.0000  0.0000 11.1304
212 180  0.0000  0.0000  0.0000
220 180  0.0000  0.0000 12.0455
228 180  0.0000  0.0000 11.1304
236 180  0.0000  0.0000  0.0000
244 180  0.0000  0.0000  0.0000
252 180  0.0000  0.0000  0.0000
260 180  0.0000  0.0000  0.0000
268 180  0.0000  0.0000  0.0000
276 180  0.0000  0.0000 11.1304
284 180  0.0000  0.0000 11.1304
292 180  0.0000  0.0000  0.0000
  4 188  0.0000  0.0000 11.1304
 12 188  0.0000  0.0000  0.0000
 20 188  0.0000  0.0000  0.0000
 28 188  0.0000  0.0000  9.2850
 36 188  0.0000  0.0000  0.0000
 44 188  0.0000  0.0000 11.1304
 52 188  0.0000  0.0000  0.0000
 60 188  0.0000  0.0000  0.0000
 68 188  0.0000  0.0000 11.1304
 76 188  0.0000  0.0000  0.0000
 84 188  0.0000  0.0000  0.0000
 92 188  0.0000  0.0000 19.1045
100 188  0.0000  0.0000 11.1304
108 188 -0.1000 -0.2037  7.3977
116 188  0.0000  0.0000  0.0000
124 188  0.0000  0.0000 11.1304
132 188  0.0000  0.0000  0.0000
140 188  0.0000  0.0000  0.0000
148 188  0.0000  0.0000  0.0000
156 188  0.0000  0.0000 11.1304
164 188  0.0000  0.0000  9.7047
172 188  0.0000  0.0000 12.8600
180 188  0.0000  0.0000 14.5615
188 188  0.0000  0.0000  0.0000
196 188  0.0000  0.0000 11.1304
204 188  0.0000  0.0000 11.1304
212 188  0.0000  0.0000 11.1304
220 188  0.0000  0.0000 13.7892
228 188  0.0000  0.0000  0.0000
236 188  0.0000  0.0000 11.1304
244 188  0.0000  0.0000 11.1304
252 188  0.0000  0.0000  0.0000
260 188  0.0000  0.0000  0.0000
268 188  0.0000  0.0000  0.0000
276 188  0.0000  0.0000  0.0000
284 188  0.0000  0.0000  0.0000
292 188  0.0000  0.0000  0.0000
  4 196  0.0000  0.0000 11.1304
 12 196  0.0000  0.0000  0.0000
 20 196  0.3468 -0.5000 10.2045
 28 196 -0.5000  0.0000  8.8276
 36 196  0.0000  0.0000  0.0000
 44 196  0.0000  0.0000 11.1304
 52 196  0.0000  0.0000  0.0000
 60 196  0.0000  0.0000 16.1088
 68 196  0.0000  0.0000  0.0000
 76 196  0.0000  0.0000 11.1304
 84 196  0.0000  0.0000 13.1641
 92 196  0.0000  0.0000 19.1045
100 196  0.0000  0.0000 12.8600
108 196  0.0000  0.0000 11.1304
116 196  0.0000  0.0000 17.0667
124 196  0.0000  0.0000  0.0000
132 196  0.0000  0.0000  0.0000
140 196  0.0000  0.0000 11.1304
148 196  0.5838  0.3144  8.0688
156 196  0.0000  0.0000 14.7761
164 196  0.0827  0.0658 16.5225
172 196  0.0000  0.0000 11.8583
180 196  0.0000  0.0000  9.4208
188 196  0.0000  0.0000 17.0667
196 196  0.0000  0.0000 11.1304
204 196  0.0000  0.0000  0.0000
212 196  0.0000  0.0000  0.0000
220 196  0.0000  0.0000  0.0000
228 196  0.0000  0.0000 12.0455
236 196  0.0000  0.0000 11.1304
244 196  0.0000  0.0000 11.1304
252 196  0.0000  0.0000  0.0000
260 196  0.0000  0.0000 11.1304
268 196  0.0000  0.0000 22.2609
276 196  0.0000  0.0000 11.1304
284 196  0.0000  0.0000  0.0000
292 196  0.0000  0.0000  0.0000
  4 204  0.0000  0.0000 11.1304
 12 204  0.0000  0.0000 16.1088
 20 204 -0.1841  0.0418 12.3683
 28 204  0.0000  0.0000 11.1304
 36 204  0.0000  0.0000  0.0000
 44 204  0.0000  0.0000 11.1304
 52 204  0.0000  0.0000 11.1304
 60 204  0.0000  0.0000  0.0000
 68 204  0.0000  0.0000  0.0000
 76 204  0.0000  0.0000  0.0000
 84 204 -0.5000  0.0000  8.8276
 92 204  0.0000  0.0000 19.1045
100 204  0.0000  0.0000 11.1304
108 204  0.0000  0.0000  0.0000
116 204  0.0000  0.0000  0.0000
124 204  0.0000  0.0000  0.0000
132 204  2.5000  0.0000  8.8276
140 204 -0.5000  0.1588 10.5785
148 204 -0.0418 -0.1521 12.6567
156 204  0.0000  0.0000 11.1263
164 204 -0.0227  0.3248 11.8154
172 204  0.0000  0.0000 10.1191
180 204  0.0000  0.0000 11.1304
188 204  0.0000  0.0000 11.1304
196 204  0.0000  0.0000 16.1088
204 204  0.0000  0.0000 11.1304
212 204  0.0000  0.0000 11.1304
220 204  0.0000  0.0000  0.0000
228 204  0.0000  0.0000 16.1088
236 204  0.0000  0.0000 11.1304
244 204  0.0000  0.0000  8.2581
252 204  0.0000  0.0000  0.0000
260 204  0.0000  0.0000  0.0000
268 204  0.0000  0.0000 22.2609
276 204  0.0000  0.0000 11.1304
284 204  0.0000  0.0000  0.0000
292 204  0.0000  0.0000 11.1304
  4 212  0.0000  0.0000 11.1304
 12 212  0.0000  0.0000 11.1304
 20 212  0.0000  0.0000 13.1641
 28 212  0.0000  0.0000 11.1304
 36 212  0.0000  0.0000  0.0000
 44 212  0.0000  0.0000  0.0000
 52 212  0.0000  0.0000  0.0000
 60 212  0.0000  0.0000 11.1304
 68 212  0.0000  0.0000  0.0000
 76 212  0.1151  0.1151 16.5161
 84 212  0.0000  0.0000 10.7963
 92 212  0.0000  0.0000 10.1871
100 212  0.0000  0.0000 11.2521
108 212  0.0000  0.0000  0.0000
116 212  0.0000  0.0000  0.0000
124 212  0.0000  0.0000  0.0000
132 212  0.0000  0.0000  0.0000
140 212  0.0000  0.0000  0.0000
148 212  0.0000  0.0000 11.1304
156 212  0.0000  0.0000 11.1304
164 212  0.0000  0.0000  0.0000
172 212  0.0000  0.0000  8.0588
180 212  0.0000  0.0000  0.0000
188 212  0.0000  0.0000 11.1304
196 212  0.0000  0.0000 11.1304
204 212  0.0000  0.0000 11.1304
212 212  0.0000  0.0000  0.0000
220 212  0.0000  0.0000  0.0000
228 212  0.0000  0.0000  0.0000
236 212  0.0000  0.0000  0.0000
244 212  0.0000  0.0000  8.2581
252 212 -0.2414  0.0000 11.1304
260 212  2.5000 -0.1588 10.5785
268 212  0.0000  0.0000 11.1304
276 212  0.0000  0.0000 11.1304
284 212  0.0000  0.0000 16.1088
292 212  0.0000  0.0000 11.1304
  4 220  0.0000  0.0000  0.0000
 12 220  0.0000  0.0000 11.1304
 20 220  0.0000  0.0000 11.1304
 28 220  0.0000  0.0000 11.1304
 36 220  0.0000  0.0000 11.1304
 44 220  0.0000  0.0000  0.0000
 52 220  0.0000  0.0000  0.0000
 60 220  0.0000  0.0000 16.1088
 68 220  0.0000  0.0000 11.1304
 76 220  0.0000  0.0000 11.1304
 84 220  0.0000  0.0000 10.3154
 92 220  0.0629 -0.0187  9.9343
100 220  0.0000  0.0000  9.4208
108 220  0.0000  0.0000  0.0000
116 220  0.0000  0.0000  0.0000
124 220  0.0000  0.0000  0.0000
132 220  0.0000  0.0000  0.0000
140 220  0.0000  0.0000  0.0000
148 220  0.0000  0.0000 11.1304
156 220  0.0000  0.0000  8.9379
164 220 -0.0748 -0.1906 10.1094
172 220  0.0000  0.0000 10.9413
180 220  0.0000  0.0000 11.1304
188 220  0.0000  0.0000 13.5576
196 220  0.0000  0.0000 11.1304
204 220  0.0000  0.0000  0.0000
212 220  0.0000  0.0000  0.0000
220 220  0.0000  0.0000  0.0000
228 220  0.0000  0.0000  0.0000
236 220  0.0000  0.0000  8.0000
244 220  0.0000  0.0000 11.1304
252 220  0.0000  0.0000 11.1304
260 220 -0.5000  0.0000  8.8276
268 220  0.0000  0.0000 16.1088
276 220  0.0000  0.0000 11.1304
284 220  0.0000  0.0000 16.1088
292 220  0.0000  0.0000 11.9011
