VARIABLES= "X pix", "Y pix", "U pix/dt", "V pix/dt", "CHC", ZONE I=7, J=9
 16  16  0.0059 -0.0032  9.7941
 48  16 -0.0104  0.0049 10.8258
 80  16 -0.0105 -0.0079 11.1902
112  16 -0.0041 -0.0057 10.8566
144  16 -0.0037  0.0031 13.0668
176  16  0.0026 -0.0008 14.0285
208  16  0.0074  0.0006 17.2400
240  16  0.0053  0.0034 31.6147
272  16 -0.0029  0.0030 28.8640
 16  48 -0.0029 -0.0082  8.0650
 48  48 -0.0102 -0.0779  7.1810
 80  48 -0.0121 -0.0373  7.4942
112  48 -0.0057 -0.0986  6.3211
144  48 -0.0063 -0.0059  5.2944
176  48 -0.0045 -0.0003 12.4757
208  48  0.0003 -0.0022  6.7122
240  48  0.0100  0.0044  9.5281
272  48  0.0133 -0.0096 10.5836
 16  80 -0.0541  0.0140 15.3192
 48  80 -0.0309 -0.0533 19.4661
 80  80 -0.0468 -0.0160 14.5295
112  80 -0.0047 -0.0051 11.4909
144  80 -0.0088 -0.0042  5.0657
176  80  0.0045 -0.0024  5.1410
208  80 -0.0391  0.0700  4.8330
240  80  0.0217 -0.2874 11.1789
272  80  0.0958  0.0032  8.7350
 16 112 -0.0957 -0.1472 10.6452
 48 112 -0.0428 -0.1248  9.4938
 80 112  0.0119 -0.0048  9.5053
112 112 -0.0599  0.1954 10.8759
144 112  0.1103  0.0297 11.4374
176 112 -0.0420 -0.0333 13.1857
208 112 -0.3529 -0.0297 16.2753
240 112 -0.0673  0.0036 12.1751
272 112  0.1659 -0.0060  8.1232
 16 144 -0.0236 -0.0286  8.5556
 48 144 -0.0647  0.0397  9.6289
 80 144 -0.0885  0.1272  7.5941
112 144 -0.0478 -0.0988 10.3214
144 144  0.0037 -0.0054  7.7671
176 144  0.0247  0.0268  8.4440
208 144  0.0058  0.0000 11.7911
240 144  0.1041  0.0501 13.8045
272 144  0.2793 -0.0204  9.7936
 16 176 -0.0421  0.0022 13.3418
 48 176 -0.2066  0.1790  9.3571
 80 176 -0.0117 -0.0673 25.0364
112 176 -0.1167 -0.2041 12.1709
144 176  0.1168 -0.4064 16.1549
176 176 -0.0831  0.0292  8.0581
208 176 -0.1559  0.2346  6.9839
240 176  0.0093 -0.0232 15.9950
272 176  0.0235  0.0000  8.4415
 16 208  0.1281 -0.1240 16.3436
 48 208 -0.1726 -0.1059  8.9569
 80 208 -0.0014 -0.0050  8.1880
112 208  0.1613  0.3349  7.1516
144 208  0.0425  0.0633 12.5216
176 208 -0.0410 -0.0108 11.5825
208 208  0.0000  0.0000 16.8007
240 208 -0.0274 -0.1233 13.6812
272 208  0.0000 -0.0246 12.2547
