VARIABLES= "X pix", "Y pix", "U pix/dt", "V pix/dt", "CHC", ZONE I=7, J=9
 16  16 -0.0002 -0.0008  9.6627
 48  16  0.0009  0.0045 11.0077
 80  16  0.0078 -0.0009 11.7336
112  16  0.0007  0.0028 11.2287
144  16  0.0036  0.0013 13.6077
176  16 -0.0076  0.0051 14.6834
208  16  0.0042 -0.0021 18.1905
240  16 -0.0001  0.0014 27.2518
272  16 -0.0003  0.0054 29.8184
 16  48 -0.0025  0.0104  7.8241
 48  48  0.0011  0.0319  7.3027
 80  48 -0.0325  0.0890  7.2487
112  48 -0.0230  0.0653  7.5893
144  48 -0.0143 -0.0071  5.1503
176  48 -0.0052 -0.0061 12.2091
208  48  0.0001  0.0019  7.4077
240  48 -0.0100  0.0073  8.5085
272  48 -0.0097  0.0077 11.2242
 16  80 -0.0953 -0.0332 13.2742
 48  80 -0.1231 -0.1191 23.6524
 80  80  0.0263  0.0708 15.8602
112  80  0.0633  0.0104 11.6717
144  80  0.0013  0.0035  5.1787
176  80 -0.0043 -0.0099  5.4631
208  80  0.0033  0.0135  4.7960
240  80  0.0496  0.0957 11.1284
272  80 -0.0778 -0.1345  9.0706
 16 112  0.0348 -0.0496 11.1116
 48 112  0.0299  0.0381  9.3561
 80 112 -0.0249  0.0056 17.3508
112 112  0.0084  0.0616  9.9120
144 112  0.0063  0.0371 10.3986
176 112  0.0000  0.0033 14.1127
208 112  0.2288 -0.0979 17.3809
240 112  0.1508 -0.0052 10.8426
272 112  0.0699  0.0997  7.5621
 16 144 -0.0997 -0.0334 13.3669
 48 144  0.0081  0.1221  8.8960
 80 144 -0.0070 -0.0459  7.1183
112 144 -0.1022  0.0000 20.7968
144 144 -0.0735  0.0391  8.5108
176 144  0.0169 -0.1333 16.1784
208 144  0.0340 -0.0168  7.9775
240 144  0.0820  0.0127  9.2076
272 144 -0.0767  0.1129 14.7955
 16 176 -0.0855  0.0326 14.1998
 48 176 -0.1152  0.0772 11.2916
 80 176  0.1245  0.1262  7.5743
112 176 -0.1133 -0.1370  7.2980
144 176  0.0114  0.0156  8.3768
176 176  0.0000  0.0472 15.2473
208 176  0.0475 -0.0198 10.2293
240 176 -0.0806  0.0000  0.0000
272 176 -0.1443 -0.1444 21.6720
 16 208  0.0802  0.0283 11.4305
 48 208  0.0143 -0.0411 13.6086
 80 208  0.2643  0.0883 10.8131
112 208  0.1166  0.1552 14.1712
144 208  0.0765 -0.1379 21.4450
176 208 -0.0872 -0.0311 13.9576
208 208 -0.0414 -0.0430 13.4201
240 208 -0.0328  0.0292 10.4438
272 208  0.0589  0.0000 11.4812
