VARIABLES= "X pix", "Y pix", "U pix/dt", "V pix/dt", "CHC", ZONE I=7, J=9
 16  16 -0.0004 -0.0004  9.7417
 48  16  0.0117 -0.0013 10.3446
 80  16  0.0086 -0.0004 11.1395
112  16 -0.0040  0.0028 10.8595
144  16  0.0103  0.0029 13.3175
176  16 -0.0047  0.0040 14.5578
208  16  0.0031 -0.0003 17.1794
240  16  0.0014  0.0028 29.2931
272  16 -0.0064  0.0008 29.3493
 16  48 -0.0088  0.0031  7.8412
 48  48  0.0038  0.0081  7.4346
 80  48  0.1042 -0.0872  6.9920
112  48  0.0267 -0.0395  7.4786
144  48  0.0071  0.0065  5.1142
176  48  0.0001 -0.0012 12.3360
208  48  0.0045  0.0062  7.5739
240  48 -0.0129  0.0350  8.4951
272  48  0.0052  0.0081 11.0741
 16  80  0.1091  0.0000 15.0863
 48  80  0.0643  0.0639 21.6774
 80  80 -0.0268 -0.0096 15.5189
112  80 -0.0768 -0.0674 11.9602
144  80  0.0006 -0.0029  5.1697
176  80 -0.0020 -0.0039  5.6704
208  80 -0.0051  0.0104  4.8639
240  80  0.0199 -0.5692 12.4686
272  80 -0.0468  0.0809  7.1739
 16 112  0.0045 -0.0361 11.6948
 48 112  0.0995  0.1309  8.8278
 80 112 -0.0856 -0.0222 17.9757
112 112  0.0856 -0.0157  9.8008
144 112 -0.0036  0.0319  9.6089
176 112 -0.0536 -0.1780 11.1854
208 112  0.1512  0.0206 18.7186
240 112  0.1039  0.0000 12.2142
272 112  0.0346 -0.0299 16.1995
 16 144  0.0801 -0.0449 14.3362
 48 144  0.0055 -0.0096 11.2153
 80 144  0.0439 -0.0128  7.6387
112 144  0.0721 -0.0956 24.9958
144 144  0.0000  0.0551  9.0654
176 144  0.0959  0.1928 13.4297
208 144  0.0722 -0.1218  7.8824
240 144  0.0606 -0.0018  9.9919
272 144  0.0529 -0.1055 14.6862
 16 176  0.1195  0.0522  9.5941
 48 176 -0.0102  0.0028  8.9766
 80 176 -0.1161 -0.1118  8.2998
112 176  0.1060  0.1747 10.9181
144 176 -0.0411 -0.0329  7.2329
176 176  0.0088 -0.0148 10.2016
208 176  0.0282  0.0573  8.9454
240 176  0.0000  0.0756  8.0157
272 176  0.0000  0.0000  8.4965
 16 208 -0.0014  0.0120 10.6029
 48 208 -0.0902  0.0686 10.2235
 80 208 -0.0041 -0.0203  9.1773
112 208  0.1742  0.0000 23.8399
144 208  0.0267  0.1854 22.2851
176 208  0.0000  0.0000 14.8832
208 208  0.0863 -0.0056 26.7726
240 208 -0.0292  0.0186  8.5184
272 208  0.0038 -0.0713  8.1353
