VARIABLES= "X pix", "Y pix", "U pix/dt", "V pix/dt", "CHC", ZONE I=7, J=9
 16  16 -0.0175  0.0060  9.7129
 48  16 -0.0028  0.0075 10.3419
 80  16 -0.0134  0.0048 10.9986
112  16 -0.0063  0.0011 10.8074
144  16  0.0034 -0.0022 13.1728
176  16 -0.0130 -0.0015 14.6222
208  16  0.0054  0.0050 16.9183
240  16 -0.0000  0.0000 29.1051
272  16  0.0002 -0.0010 29.4842
 16  48 -0.0100  0.0064  7.9621
 48  48  0.0050  0.0120  7.3609
 80  48 -0.0800 -0.0370  7.2142
112  48  0.0106  0.0052  7.7414
144  48  0.0124 -0.0033  5.1273
176  48 -0.0005 -0.0004 12.3626
208  48  0.0011 -0.0024  7.7509
240  48  0.0061 -0.0044  8.5538
272  48 -0.0049  0.0233 10.8075
 16  80  0.0284  0.0085 14.3609
 48  80  0.0943 -0.1415 20.4119
 80  80  0.0105 -0.0058 16.3574
112  80 -0.0851 -0.0122 12.3994
144  80  0.0084  0.0041  5.2137
176  80  0.0015  0.0018  5.7992
208  80  0.0030  0.0018  4.8644
240  80 -0.0649 -0.0605 11.1724
272  80  0.1039 -0.0331  7.2480
 16 112 -0.0297 -0.0218 12.2183
 48 112  0.0186 -0.0103  9.1809
 80 112 -0.0540 -0.0646 17.1350
112 112  0.0442 -0.0306 10.7350
144 112 -0.0499 -0.0141  9.7744
176 112  0.0672 -0.0347 11.5618
208 112  0.0204 -0.0091 28.7858
240 112  0.0748 -0.1018 12.3250
272 112 -0.0203  0.0271 11.1523
 16 144 -0.0408  0.0479 12.5270
 48 144 -0.0160  0.0000  8.4521
 80 144 -0.0425 -0.0906  7.8972
112 144 -0.0704 -0.0576 18.8291
144 144  0.0000 -0.0147  8.2769
176 144  0.0159  0.0000 15.7758
208 144 -0.0083 -0.0251 10.5342
240 144  0.0125  0.0427 10.5583
272 144 -0.0664  0.0000 16.5669
 16 176 -0.0657 -0.1002 12.7646
 48 176  0.0885  0.1406  9.9998
 80 176  0.0146  0.1161 13.2182
112 176 -0.0337  0.0000 15.3038
144 176  0.0245  0.0000  6.1951
176 176  0.0279  0.0500 13.5757
208 176 -0.1200 -0.0156  8.0837
240 176  0.0000 -0.0745 11.1608
272 176 -0.0227  0.0000 10.8293
 16 208 -0.0246  0.0062 11.6161
 48 208 -0.0809 -0.0765 11.7826
 80 208 -0.0493  0.0889  8.3987
112 208 -0.0396 -0.0107  6.6086
144 208 -0.2009  0.0868 17.9912
176 208  0.0336  0.0000 24.8863
208 208 -0.1172 -0.0495 20.4897
240 208 -0.0149 -0.0434 10.4081
272 208 -0.1043 -0.1903 12.5260
