VARIABLES= "X pix", "Y pix", "U pix/dt", "V pix/dt", "CHC", ZONE I=7, J=9
 16  16 -0.0054 -0.0099  9.6156
 48  16  0.0020  0.0064 10.5190
 80  16 -0.0028 -0.0029 11.1654
112  16  0.0051  0.0017 11.0843
144  16 -0.0030  0.0001 13.3032
176  16  0.0056  0.0037 14.4252
208  16  0.0028  0.0011 16.4694
240  16  0.0002 -0.0000 27.9448
272  16 -0.0041 -0.0032 27.0812
 16  48  0.0022  0.0201  8.1773
 48  48 -0.0009  0.0122  7.3385
 80  48 -0.0830  0.0684  7.0311
112  48 -0.0725  0.1152  6.8390
144  48 -0.0029 -0.0026  5.1494
176  48 -0.0082  0.0042 12.2852
208  48 -0.0033 -0.0034  7.8413
240  48 -0.0044  0.0269  8.7483
272  48 -0.0175  0.0121 10.6053
 16  80 -0.0257  0.0057 15.8274
 48  80  0.0094  0.0515 19.1737
 80  80 -0.0182 -0.0264 17.1903
112  80 -0.0236  0.1395 13.5597
144  80  0.0019  0.0048  5.1188
176  80  0.0004 -0.0028  5.8310
208  80 -0.0031 -0.0067  4.9054
240  80 -0.0342 -0.2628  9.7743
272  80  0.0179  0.1200  6.8994
 16 112 -0.0737  0.0372 12.1296
 48 112  0.0795  0.0124  9.0573
 80 112  0.0654 -0.0303 17.0364
112 112 -0.0700  0.1316  9.7765
144 112 -0.0410  0.0047 16.2218
176 112 -0.0695  0.0036 32.6766
208 112 -0.4224  0.0819 25.6694
240 112 -0.1649  0.0336 18.7897
272 112 -0.0549  0.0190  8.9482
 16 144  0.1913  0.0348 18.3883
 48 144 -0.0537 -0.0724 12.9237
 80 144  0.0975 -0.1184 10.0798
112 144 -0.2680 -0.4910 14.9118
144 144 -0.0393 -0.0924  7.3188
176 144 -0.2281 -0.0301 11.2212
208 144  0.0472 -0.0840 12.3179
240 144  0.0000  0.0000  9.3322
272 144  0.0183  0.0690 12.2438
 16 176  0.3176 -0.2041 10.3773
 48 176 -0.0521 -0.0193  8.8324
 80 176  0.0000 -0.1316 12.1518
112 176 -0.0037 -0.0106 13.5323
144 176  0.0000  0.0000 11.8844
176 176  0.0124  0.0769 11.1456
208 176 -0.0229  0.0030  6.9391
240 176  0.0000  0.0000  8.7017
272 176  0.1238  0.1472 28.2856
 16 208 -0.0070 -0.0719 14.0904
 48 208 -0.3235 -0.0202  9.1184
 80 208 -0.0000  0.0101  9.3522
112 208 -0.1939 -0.2541  7.2898
144 208  0.1392 -0.1299  9.7812
176 208 -0.0859  0.0837 12.4623
208 208 -0.0017 -0.0941 30.7285
240 208  0.0995 -0.0250 10.5917
272 208  0.0470  0.0293 25.6636
