VARIABLES= "X pix", "Y pix", "U pix/dt", "V pix/dt", "CHC", ZONE I=7, J=9
 16  16  0.0030 -0.0032  9.5691
 48  16 -0.0002 -0.0024 10.4954
 80  16  0.0037 -0.0008 11.1453
112  16 -0.0018  0.0009 11.0925
144  16  0.0110 -0.0040 13.2570
176  16  0.0062 -0.0035 14.4483
208  16 -0.0094 -0.0044 16.4356
240  16 -0.0033 -0.0001 27.9500
272  16  0.0043  0.0020 27.0674
 16  48 -0.0032 -0.0287  8.0998
 48  48  0.0060  0.0036  7.3322
 80  48 -0.0111 -0.0104  7.2081
112  48  0.0123 -0.0327  7.8986
144  48  0.0118 -0.0007  5.1456
176  48  0.0014  0.0008 12.2509
208  48  0.0031  0.0051  7.8509
240  48  0.0092 -0.0013  8.7661
272  48 -0.0065  0.0178 10.8330
 16  80 -0.0099  0.0000 16.8443
 48  80 -0.0207  0.0000 20.0357
 80  80  0.0211 -0.0030 16.3990
112  80  0.0389 -0.0899 13.8846
144  80 -0.0001 -0.0030  5.1186
176  80 -0.0001  0.0000  5.8301
208  80 -0.0024 -0.0121  4.9033
240  80 -0.0136  0.0333 10.8937
272  80 -0.1361  0.0327  7.2039
 16 112  0.0303 -0.0035 12.1166
 48 112 -0.0747 -0.0515  9.2011
 80 112  0.0103  0.0034 17.5777
112 112  0.0345 -0.1123  9.8011
144 112 -0.0094 -0.0045 15.2871
176 112 -0.0180 -0.0429 32.6945
208 112  0.2471 -0.0330 25.5345
240 112  0.1957  0.0000 17.1428
272 112  0.1251 -0.0173  8.4109
 16 144  0.0327  0.0000 18.1911
 48 144  0.0121  0.0000 11.7099
 80 144 -0.0765  0.1204 13.1148
112 144 -0.0272  0.0000 14.7194
144 144  0.0228 -0.0367  7.4876
176 144  0.0134  0.0361 11.9018
208 144 -0.0151 -0.0180 11.7647
240 144 -0.0930 -0.0458  9.8215
272 144 -0.0183 -0.0690 12.2438
 16 176 -0.2108  0.0502 10.0994
 48 176  0.0186 -0.0063  8.7971
 80 176  0.0514  0.0359 11.5098
112 176 -0.0961 -0.0372 13.2586
144 176  0.2812 -0.1668 13.7828
176 176  0.0148  0.0000 11.2290
208 176  0.0447 -0.0616  7.0494
240 176  0.0000 -0.0025  8.4320
272 176 -0.0497 -0.0777 31.3242
 16 208  0.0171  0.0461 14.0964
 48 208  0.1396  0.0847  9.2475
 80 208 -0.0804 -0.0809  9.3808
112 208 -0.1582  0.0000  8.8465
144 208 -0.1426  0.0000 14.3644
176 208  0.0445  0.0904 14.9406
208 208  0.0017 -0.0667 30.7931
240 208 -0.0330  0.0000 11.1513
272 208 -0.0435 -0.0278 24.7021
