VARIABLES= "X pix", "Y pix", "U pix/dt", "V pix/dt", "CHC", ZONE I=7, J=9
 16  16 -0.0139  0.0825  9.5371
 48  16 -0.0091  0.0349 10.9186
 80  16  0.0162  0.0722 11.4913
112  16  0.0141  0.0495 11.0464
144  16  0.0331  0.0530 13.3384
176  16  0.2047  0.1738 14.7195
208  16  0.1228  0.0559 16.2877
240  16  0.0094  0.0330 27.5190
272  16  0.0621  0.0203 26.5408
 16  48 -0.0026 -0.0009  8.3454
 48  48  0.0064  0.0653  7.4934
 80  48  0.1039 -0.0418  7.4336
112  48 -0.0220  0.1095  6.9966
144  48  0.0515  0.0296  5.0322
176  48  0.1831  0.3240 11.9227
208  48  0.1532  0.0740  8.4218
240  48  0.0442  0.0318  8.9167
272  48 -0.0023  0.0173 11.4229
 16  80  0.0942  0.2184 12.9773
 48  80 -0.1478  0.1205 26.8956
 80  80  0.0208  0.1131 14.1874
112  80  0.1926 -0.0462 13.2706
144  80 -0.0113  0.0606  5.1167
176  80  0.0048  0.1757  6.0453
208  80  0.0145  0.0936  5.0865
240  80  0.4795  0.3765 11.1054
272  80  0.0346  0.0432  6.6583
 16 112  0.0193  0.2283 10.2404
 48 112  0.0075  0.2003  8.5136
 80 112 -0.0311 -0.0205 12.1149
112 112  0.0435  0.1442  9.5606
144 112  0.1489  0.1155  9.4407
176 112  0.0741  1.2849  6.0396
208 112 -0.1290  0.1093 20.9537
240 112 -0.1201 -0.0328 18.3603
272 112 -0.0872  0.0338  8.2786
 16 144 -0.3294  1.5000  8.1520
 48 144  0.0890  0.4424  6.3388
 80 144  0.2903  0.1948  7.8246
112 144  0.1385  0.2011 19.3312
144 144 -0.0452  0.0896 10.9695
176 144  0.0174  0.0705 14.9882
208 144 -0.2533  0.0905 11.5330
240 144 -0.0250  0.0868  8.5296
272 144  0.0937  0.0060 10.3611
 16 176  0.0000  0.0000  7.3769
 48 176  0.0998  0.0974 11.6089
 80 176 -0.0714  0.0671  7.6222
112 176  0.0879  0.0546 17.7655
144 176 -0.0591  0.3005  6.2414
176 176  0.2412 -0.1450 14.8393
208 176  0.0764 -0.1704  8.4209
240 176  0.1339  0.0000  7.6561
272 176  0.0000  0.0000  8.4351
 16 208 -0.1845  0.0702  8.4920
 48 208  0.0103  0.1629 12.5941
 80 208 -0.1516  0.1460  8.9595
112 208  0.0000  0.0000  8.2687
144 208 -0.0341 -0.2238  5.8355
176 208  0.0061 -0.0393  9.5064
208 208  0.0098  0.2502 12.4055
240 208 -0.0184  0.1175 20.2261
272 208  0.1701 -0.1306  7.3397
