VARIABLES= "X pix", "Y pix", "U pix/dt", "V pix/dt", "CHC", ZONE I=7, J=9
 16  16 -0.0131 -0.0089  9.4880
 48  16  0.0141  0.0040  9.9101
 80  16 -0.0054  0.0010 10.8017
112  16  0.0014  0.0007 10.8266
144  16  0.0122  0.0004 12.8523
176  16 -0.0105  0.0058 15.2632
208  16  0.0037  0.0007 13.5943
240  16 -0.0018  0.0004 25.2241
272  16  0.0028  0.0004 23.2831
 16  48 -0.0088 -0.0091  8.0728
 48  48 -0.0192  0.0394  7.6677
 80  48  0.0149 -0.0468  6.7500
112  48  0.0332  0.0729  8.1354
144  48 -0.0199 -0.0079  4.9246
176  48  0.0017 -0.0003 12.8880
208  48  0.0036 -0.0026 11.3045
240  48 -0.0198 -0.0090  8.4138
272  48 -0.0102 -0.0166 11.4082
 16  80 -0.0744 -0.0938 14.0399
 48  80 -0.1346  0.0052 21.9088
 80  80 -0.1449  0.0265 15.1162
112  80  0.1004  0.0764  8.5561
144  80  0.0120  0.0030  5.2741
176  80  0.0007 -0.0016  8.4272
208  80  0.0010 -0.0002  6.9921
240  80 -0.0740  0.0056  7.2612
272  80 -0.0389  0.0853  6.8042
 16 112 -0.0016 -0.0167 12.6220
 48 112 -0.0079 -0.0476  9.3799
 80 112  0.0268  0.0571  7.7462
112 112  0.0024  0.1103  8.6025
144 112 -0.0721 -0.1083  8.6937
176 112 -0.0362  0.2431 25.1577
208 112  0.0196 -0.1105 19.3839
240 112  0.1757 -0.0600 12.4862
272 112  0.0675  0.0286  8.6593
 16 144  0.0202  0.0279 12.0872
 48 144  0.0557  0.1306  7.7530
 80 144  0.1411  0.0689 12.4767
112 144 -0.0504 -0.0641 33.0654
144 144  0.1315  0.0183 13.5419
176 144  0.0000  0.0000 33.4478
208 144  0.0137  0.0512 13.7296
240 144 -0.0505  0.0366  9.8720
272 144 -0.0214  0.0838 16.1465
 16 176  0.0643  0.0757 11.0283
 48 176 -0.0164  0.0042 12.3028
 80 176  0.0159 -0.0121  9.1702
112 176  0.0131 -0.0516 19.1676
144 176  0.3553 -0.0133 11.6046
176 176 -0.0260  0.0790 16.9234
208 176 -0.0082 -0.0115 10.3752
240 176 -0.0468  0.1291  8.7112
272 176 -0.0371 -0.0738 42.9301
 16 208  0.0039 -0.0035 16.3132
 48 208 -0.0110 -0.0400 13.3723
 80 208  0.1856 -0.0506 11.3853
112 208  0.0000  0.0000 15.6875
144 208  0.0472 -0.0088 10.3248
176 208  0.0461  0.2461 15.3742
208 208 -0.3829  0.2397  9.2658
240 208 -0.0185  0.0342 14.9152
272 208  0.0000 -0.0515 29.7530
