VARIABLES= "X pix", "Y pix", "U pix/dt", "V pix/dt", "CHC", ZONE I=7, J=9
 16  16 -0.0218  0.0141  9.6151
 48  16  0.0029  0.0003 10.4573
 80  16  0.0113 -0.0037 11.1845
112  16 -0.0019 -0.0038 10.9009
144  16  0.0203 -0.0043 13.0788
176  16  0.1073 -0.1269 14.9360
208  16  0.1929 -0.0437 13.5264
240  16  0.0154 -0.0171 24.7652
272  16  0.0055 -0.0283 23.3459
 16  48  0.0001 -0.0014  8.2646
 48  48 -0.0182 -0.0161  7.6546
 80  48 -0.0833  0.0156  6.7968
112  48 -0.0243  0.0257  7.4985
144  48  0.0165 -0.0094  4.9106
176  48  0.1100  0.1589 12.9696
208  48  0.1746  0.0756 11.2471
240  48  0.0485  0.0186  8.5058
272  48 -0.0149  0.0016 10.8672
 16  80 -0.4714 -0.4427 12.1411
 48  80  0.0857  0.1178 19.5998
 80  80 -0.0171  0.1236 16.5114
112  80 -0.0639  0.0654  9.4720
144  80 -0.0075  0.0579  5.2423
176  80  0.0108  0.1474  8.6369
208  80  0.0613  0.0991  7.3704
240  80 -0.0088  0.1877  7.6783
272  80 -0.0587  0.0615  6.5647
 16 112 -0.0210 -0.0507 11.0632
 48 112 -0.0757  0.3671  8.2918
 80 112  0.0347  0.0100  8.0422
112 112 -0.0010  0.0862  8.6821
144 112  0.0780 -0.1340  8.7057
176 112 -0.1368 -0.1113 20.3693
208 112  0.1829  0.1935 17.2968
240 112 -0.0362  0.4390 13.0664
272 112  0.3162 -0.2786  7.9567
 16 144  0.0169  0.0980  9.9621
 48 144 -0.3410  0.2382  7.7450
 80 144 -0.1481  0.3534 13.6316
112 144  0.1189  0.1985  7.0257
144 144  0.0487  0.0112 15.3826
176 144 -0.0257 -0.1922 12.8526
208 144  0.0150  0.0047 11.1236
240 144  0.1403 -0.0591  9.4147
272 144  0.1719 -0.1517 14.9598
 16 176 -0.1487  1.9088  9.3374
 48 176 -0.1331 -0.0361  9.8051
 80 176 -0.0608  0.0258 10.6336
112 176 -0.2062  1.5000 12.8960
144 176  0.2261  0.1692  8.6402
176 176  0.0734  0.4723 13.2198
208 176  0.1028  0.5000  9.0420
240 176 -0.3311  0.0441  7.4682
272 176  0.3145  0.2034 17.8336
 16 208  0.1102 -0.0578  8.8670
 48 208 -1.0162  0.2020 13.4412
 80 208 -0.7489  0.1025 10.9784
112 208 -3.4080  0.6992 12.5895
144 208 -1.7309  0.0000  9.7675
176 208  0.0522  0.2044 12.2551
208 208 -0.0610 -0.0344 12.8336
240 208 -0.1916  0.1166 13.4582
272 208  0.3960  0.1689  6.6661
