VARIABLES= "X pix", "Y pix", "U pix/dt", "V pix/dt", "CHC", ZONE I=7, J=9
 16  16  0.0004 -0.0035  9.2643
 48  16 -0.0001 -0.0069 10.9066
 80  16 -0.0097  0.0044 11.2345
112  16 -0.0025  0.0007 10.9537
144  16 -0.0022  0.0006 12.7440
176  16 -0.0088  0.0003 14.4391
208  16  0.0022  0.0052 12.0094
240  16 -0.0067  0.0010 22.9357
272  16  0.0011 -0.0001 19.1591
 16  48  0.0112  0.0305  8.8345
 48  48 -0.0155  0.0008  7.3981
 80  48 -0.0075  0.0000  6.9011
112  48 -0.0313 -0.0036  8.0368
144  48 -0.0128 -0.0014  5.0515
176  48 -0.0004  0.0048 13.2946
208  48  0.0004  0.0002 13.0223
240  48 -0.0167 -0.0073  8.6050
272  48  0.0164  0.0104 12.5448
 16  80 -0.0190 -0.0904 13.3420
 48  80 -0.1199  0.0247 13.2670
 80  80 -0.1667 -0.1240 16.7666
112  80  0.0340 -0.0009 12.0191
144  80 -0.0064  0.0070  5.7863
176  80 -0.0003 -0.0010 14.3276
208  80 -0.0013 -0.0000 15.9596
240  80 -0.0058  0.0037  5.8554
272  80  0.0018  0.0120  8.8739
 16 112 -0.0282 -0.0307 11.1119
 48 112  0.0554  0.0051 11.3398
 80 112  0.0010 -0.0013 10.4662
112 112  0.0098 -0.0226  9.4836
144 112  0.0000 -0.0087  9.8898
176 112 -0.0381 -0.1001  7.6731
208 112  0.0870 -0.0111 22.1580
240 112 -0.0654 -0.0065 17.0993
272 112  0.0339  0.0769  9.5311
 16 144  0.0607 -0.0453  8.7965
 48 144 -0.0349 -0.0051 14.6611
 80 144  1.2220  0.1648 14.6936
112 144  0.1189  0.0327 33.2372
144 144  0.0508  0.0499 10.4117
176 144  0.0000  0.0000 22.8394
208 144 -0.0412  0.0961 10.1366
240 144  0.0911 -0.0228  8.8985
272 144 -0.1073 -0.0164 10.1825
 16 176  0.0778  0.0302  7.2749
 48 176 -0.0596 -0.0152 13.0522
 80 176 -0.0934 -0.0330 15.0113
112 176  0.0876  0.0920 23.9075
144 176  0.1937 -0.0477 14.8547
176 176  0.0307 -0.0193 16.0684
208 176  0.0496 -0.0028 10.6748
240 176  0.0000  0.0000 44.4496
272 176 -0.2609  0.0925 17.4791
 16 208  0.0307 -0.0430 12.8492
 48 208 -0.0832 -0.0965  8.3624
 80 208 -0.1082  0.0415 12.5279
112 208 -0.0483 -0.0336 12.5906
144 208  0.0253  0.0241 12.7682
176 208  0.0000 -0.0049 15.0690
208 208  0.1467 -0.0518 14.1449
240 208  0.0498 -0.0438 36.2190
272 208 -0.0310  0.0000 14.2718
