VARIABLES= "X pix", "Y pix", "U pix/dt", "V pix/dt", "CHC", ZONE I=7, J=9
 16  16 -0.0032 -0.0027  9.5223
 48  16  0.0051 -0.0006 11.6259
 80  16 -0.0244 -0.0006 11.6750
112  16 -0.0263 -0.0142 11.4584
144  16 -0.0377 -0.0081 13.1259
176  16  0.1075 -0.1292 13.7070
208  16  0.0734 -0.1353 12.6655
240  16  0.0894 -0.0115 22.9923
272  16 -0.0065 -0.0131 20.0172
 16  48 -0.0214  0.0257  8.8779
 48  48 -0.0103  0.0155  7.1224
 80  48  0.0203 -0.0411  6.6930
112  48 -0.1342 -0.1277  8.5545
144  48 -0.0850 -0.0077  5.1187
176  48  0.0451  0.3324 13.0989
208  48  0.3117  0.3317 13.0106
240  48  0.1722 -0.0570  7.3204
272  48  0.0354 -0.0760 12.1340
 16  80  0.1014  0.4089  5.0170
 48  80 -0.1167 -0.0042 20.4966
 80  80 -0.0945 -0.0626 24.7817
112  80 -0.2176 -0.2069 10.8919
144  80 -0.0772  0.1058  5.9901
176  80  0.0440  0.2811 15.7916
208  80  0.1134  0.2462 18.0285
240  80  0.0576  0.0131  5.1461
272  80 -0.0613  0.2727  9.3561
 16 112  0.1287  0.2998 11.1256
 48 112 -0.0522  0.0975  9.9605
 80 112 -0.1065  0.0328 11.5191
112 112 -0.0927  0.2734  8.9436
144 112 -0.2611  0.1052  9.1868
176 112 -0.1571 -0.0255  6.5402
208 112  0.0264  1.5000 12.0627
240 112  0.1031 -0.3593 15.5287
272 112 -0.0648 -0.0778  7.0782
 16 144  0.0488  0.2911 12.4101
 48 144 -0.3833  0.6031 13.6966
 80 144 -0.2006 -0.0690 11.5650
112 144 -0.2916  0.0000 12.4046
144 144 -2.7750 -0.0089  7.8621
176 144  0.1774 -2.5766 13.7329
208 144  0.0173  0.2164  8.5854
240 144 -0.4178  0.1481  8.7128
272 144 -1.0000  0.2438 10.6765
 16 176 -0.2260 -0.2539  9.4000
 48 176 -0.3242 -0.2227  9.7815
 80 176  0.6406 -5.5000 14.8429
112 176  0.0000  0.0000 17.2498
144 176 -0.0571  0.1444  6.7339
176 176 -0.0454 -0.0418 12.8158
208 176 -0.2234  0.1439  9.3347
240 176  0.0218  0.0841 18.4288
272 176  0.4746 -0.0777 11.4927
 16 208 -0.0833 -0.0021 12.6205
 48 208 -0.1002  0.0297  7.2721
 80 208  0.6657  0.1744  7.4856
112 208  0.0000  0.0000 10.3651
144 208  0.0000  0.0000  9.4221
176 208  0.0158  0.0568 11.4095
208 208 -5.0719  0.0730  7.0056
240 208 -0.0422  0.2030 27.1205
272 208  0.0274  2.6097  8.1814
