VARIABLES= "X pix", "Y pix", "U pix/dt", "V pix/dt", "CHC", ZONE I=7, J=9
 16  16  0.0152  0.0196  9.5753
 48  16 -0.0511  0.0073 11.3680
 80  16 -0.0253  0.0241 11.7323
112  16 -0.0148  0.0189 11.4483
144  16  0.0164  0.0166 13.1269
176  16  0.0475  0.1421 14.2196
208  16  0.2268  0.2090 12.7539
240  16  0.1119  0.0265 23.0648
272  16  0.0056  0.0308 19.7238
 16  48  0.0254 -0.0067  8.9223
 48  48 -0.0370 -0.0339  7.1791
 80  48 -0.0513  0.0981  6.8842
112  48 -0.0649 -0.0678  7.4179
144  48 -0.0155  0.0350  5.1458
176  48  0.0685  0.6600 13.2051
208  48  0.3855  0.5935 12.9099
240  48  0.2539  0.0071  6.9501
272  48 -0.0566  0.0548 11.9285
 16  80 -0.2816 -0.0789  6.9036
 48  80 -0.0734 -0.1370 56.8201
 80  80 -0.0968 -0.1211 20.4930
112  80 -0.1307  0.1663 10.2389
144  80 -0.0490  0.1477  6.0797
176  80  0.0481  0.4795 15.4297
208  80  0.1292  0.3753 17.8392
240  80  0.1067  0.0350  5.1769
272  80  0.0980  0.1172 10.9919
 16 112 -0.0532  0.1261 11.6955
 48 112 -0.1179 -0.0262  9.0865
 80 112  0.0134 -0.0230 11.9339
112 112 -0.0669  0.1402 11.6799
144 112 -2.0335 -0.1209  8.5692
176 112  2.2505  0.4606  7.5800
208 112 -0.2268  2.6103  7.2806
240 112  1.5314  1.8406 10.0887
272 112  0.0928  0.1742  6.4711
 16 144 -0.0318 -0.0190 16.1380
 48 144 -0.0807  1.5927  8.6556
 80 144 -0.2183  0.1240 10.7889
112 144 -2.8307  3.1268 10.1715
144 144  0.0941  0.2309  9.5028
176 144  0.0746 -0.0600 12.4424
208 144  0.1352 -0.0461 10.5196
240 144 -0.2081  0.5000  7.8523
272 144  0.0327 -0.0395 13.0071
 16 176  0.1104  0.1732  9.9941
 48 176  0.0894  0.1893  8.5911
 80 176  0.0000  0.0322 43.1158
112 176  0.0696  7.7824  9.3854
144 176  1.5401  8.2458  9.1738
176 176  0.0106  0.1474  8.5850
208 176  0.0375  0.1634 10.2110
240 176  0.0000 -0.0083 14.7653
272 176  0.2463  0.0272 11.6145
 16 208  0.0984 -0.0917 12.3727
 48 208  1.8320  0.0895  8.7562
 80 208 -4.7165  0.2171  6.6594
112 208 -7.6248 -16.0000 12.3070
144 208  0.2753  0.2086 27.5919
176 208  0.0231  0.0539 13.0787
208 208  0.3686  7.5000  8.3433
240 208 -0.0639  0.2926 16.4368
272 208 -0.1685  0.1959 12.9296
