VARIABLES= "X pix", "Y pix", "U pix/dt", "V pix/dt", "CHC", ZONE I=7, J=9
 16  16  0.0081  0.0055  9.2477
 48  16  0.0054 -0.0041  9.9891
 80  16 -0.0080 -0.0020 10.6720
112  16  0.0024 -0.0014 10.7338
144  16  0.0028  0.0006 12.2542
176  16 -0.0077 -0.0059 14.2117
208  16  0.0020 -0.0070 13.4325
240  16  0.0009 -0.0007 21.3114
272  16  0.0007  0.0014 17.6435
 16  48  0.0002  0.0286  9.5380
 48  48  0.0268 -0.0154  7.1893
 80  48  0.0645  0.0365  6.9144
112  48 -0.0336  0.0528  8.0465
144  48 -0.0087  0.0005  5.2968
176  48 -0.0028  0.0047 13.2194
208  48 -0.0010 -0.0069 14.2361
240  48 -0.0091  0.0039  6.7988
272  48  0.0240  0.0118 12.4645
 16  80 -0.0129  0.0000 12.1863
 48  80 -0.1152 -0.0128 20.7895
 80  80  0.0064  0.0759 19.4071
112  80 -0.0119  0.0753 13.2701
144  80 -0.0002 -0.0043  6.5263
176  80  0.0041  0.0043 18.5161
208  80 -0.0020  0.0021 21.3347
240  80  0.0005  0.0011  5.7945
272  80  0.0325  0.0534 12.8165
 16 112  0.0983 -0.2010 15.1133
 48 112 -0.0398 -0.0583 10.7308
 80 112 -0.0438  0.1658 15.0156
112 112  0.0521  0.0700  8.3151
144 112  0.0064  0.0120  5.0899
176 112  0.0001  0.0128  4.9082
208 112 -0.0022 -0.0058  4.8056
240 112  0.0189 -0.0162  8.0287
272 112 -0.0794  0.0665  8.8593
 16 144  0.0099 -0.1583 15.0505
 48 144 -0.0092  0.0764 10.7305
 80 144  0.0490  0.0986 13.5518
112 144  0.1039  0.1822 13.5224
144 144 -0.1767 -0.0176 10.5494
176 144 -0.0563  0.0211 22.3184
208 144 -0.0099 -0.0312 12.9394
240 144  0.1059 -0.0293 13.2621
272 144  0.1535  0.0227 10.3735
 16 176 -0.0330 -0.0395 10.0375
 48 176 -0.0071 -0.0296 14.5063
 80 176  0.0538  0.0587 22.9275
112 176 -0.0274 -0.0122  7.8487
144 176  0.0000 -0.0708  6.7055
176 176 -0.0010 -0.0091 19.6003
208 176 -0.0047  0.0752 11.4162
240 176  0.0199  0.0236 15.8148
272 176  0.1138 -0.0394  9.6854
 16 208  0.0088  0.0111 13.6975
 48 208  0.0463  0.0506 13.4832
 80 208 -0.1246  0.0000 21.1244
112 208 -0.0886  0.1956 12.1424
144 208  0.0818 -0.0354  9.8555
176 208  0.1767 -0.0146 16.0847
208 208  0.0214  0.1035 10.7018
240 208 -0.0428  0.0000 27.5874
272 208  0.0065  0.0000 31.1750
