VARIABLES= "X pix", "Y pix", "U pix/dt", "V pix/dt", "CHC", ZONE I=7, J=9
 16  16 -0.0013 -0.0338  9.4365
 48  16 -0.0223 -0.0052 10.3667
 80  16 -0.0176  0.0066 11.0701
112  16 -0.0128 -0.0005 11.1553
144  16 -0.0254  0.0098 12.4491
176  16  0.0475 -0.0838 13.5114
208  16  0.2227 -0.0055 14.0186
240  16  0.1572 -0.0014 21.7879
272  16  0.0095  0.0045 17.9921
 16  48 -0.0027 -0.0565  9.0895
 48  48 -0.0851 -0.1381  7.1500
 80  48  0.0385 -0.0619  6.9391
112  48 -0.1107  0.0046  7.3602
144  48 -0.0276  0.0231  5.3493
176  48  0.0726  0.3801 12.8907
208  48  0.4855  0.3710 14.1285
240  48  0.1968  0.0216  6.8872
272  48 -0.0171 -0.0036 12.2926
 16  80  5.5000 -2.5000  5.1606
 48  80 -0.1520  0.0233 12.0289
 80  80  0.0663  0.1416 16.2443
112  80 -0.1463 -0.0696 13.1601
144  80 -0.0281  0.1011  6.5377
176  80  0.1082  0.5763 16.4347
208  80  0.2254  0.3741 18.8589
240  80  0.1806  0.0338  6.0606
272  80 -0.0123  0.0500 14.6014
 16 112 -0.3689  0.6324 13.2166
 48 112 -0.1236  0.0509 10.0753
 80 112 -0.1104  0.1044 13.0281
112 112 -0.0682 -0.1890  8.3090
144 112 -0.0035  0.0692  4.9603
176 112  0.0023  0.1135  4.8925
208 112 -0.0091  0.1288  4.7684
240 112  0.1547 -0.0348  5.0357
272 112  0.1120 -0.0625 13.8847
 16 144 -0.1179  0.1214 12.5895
 48 144 -0.1441  0.0917  9.5491
 80 144 -0.3034 -0.0970 12.5349
112 144 -0.1715  0.1715 11.1608
144 144 -0.4289  0.0820 10.8156
176 144 -0.0049  0.4434 11.8033
208 144  0.0449  0.0174 10.7754
240 144  0.1940  0.3906 10.0966
272 144  0.2285  0.1061  9.5814
 16 176  0.2107  0.3637  8.2640
 48 176 -0.1488  0.1743 12.3576
 80 176  0.3471  0.2105  7.8909
112 176 -0.3194  0.0931  9.4495
144 176 -0.1020  0.1607  6.0143
176 176  0.0601  0.0767 14.1404
208 176  0.2279  1.7101  9.1832
240 176  0.0471  0.3862 12.5083
272 176 -0.5866  0.0975  8.2731
 16 208 -0.0130 -0.2389 12.3384
 48 208 -4.5602  7.7108 15.3528
 80 208  0.0000  0.0000 10.7463
112 208  0.0000  0.0000 17.9606
144 208 -0.2800 -0.2471  6.9681
176 208 -0.0178 -0.0719 15.6376
208 208  0.0981 -0.0816  9.0384
240 208  0.3071  0.0696 23.5814
272 208  0.0000  0.0000  6.7796
