VARIABLES= "X pix", "Y pix", "U pix/dt", "V pix/dt", "CHC", ZONE I=7, J=9
 16  16  0.0143  0.0020  9.3491
 48  16 -0.0048 -0.0034 10.3227
 80  16 -0.0008 -0.0033 11.3149
112  16 -0.0019 -0.0004 11.1980
144  16  0.0069 -0.0004 12.4795
176  16 -0.0003 -0.0022 13.4769
208  16 -0.0012  0.0018 15.7086
240  16 -0.0030 -0.0013 22.0603
272  16  0.0013  0.0009 17.7493
 16  48  0.0027  0.0005  9.0067
 48  48  0.0006 -0.0329  7.2983
 80  48 -0.0115  0.0344  6.9299
112  48 -0.0538  0.0338  9.9648
144  48 -0.0024  0.0012  5.3889
176  48  0.0034  0.0011 13.3828
208  48  0.0069  0.0054 14.8830
240  48  0.0010 -0.0017  7.2766
272  48  0.0172  0.0267 12.1532
 16  80 -0.0385 -0.0326 19.3064
 48  80  0.0356 -0.0032 15.0600
 80  80  0.0159  0.1037 15.0880
112  80 -0.0284 -0.1324 13.8418
144  80 -0.0092 -0.0033  6.5061
176  80  0.0054  0.0019 15.7941
208  80 -0.0026 -0.0021 18.5659
240  80 -0.0013  0.0014  6.5470
272  80 -0.0013  0.0198 12.0925
 16 112 -0.0834  0.0584 13.6084
 48 112 -0.0089 -0.0014 10.4736
 80 112  0.0284 -0.0065 12.5798
112 112 -0.0527  0.0680  7.3709
144 112  0.0030 -0.0093  4.9543
176 112 -0.0020  0.0072  5.0971
208 112 -0.0013 -0.0027  4.9556
240 112  0.0089 -0.0395  4.9027
272 112 -0.0321  0.0000 16.4498
 16 144 -0.0622 -0.0915 12.7047
 48 144  0.0085  0.0000 10.5774
 80 144 -0.0153 -0.1329 13.7769
112 144 -0.0104  0.0000 30.0146
144 144  0.0000  0.0549 12.3667
176 144 -0.0534 -0.0186 11.1807
208 144  0.0571 -0.0950 13.7989
240 144 -0.0177  0.0000  9.6577
272 144  0.0322  0.0137 12.1320
 16 176  0.0442 -0.0811 10.7350
 48 176 -0.0079  0.0026 10.9824
 80 176 -0.0532  0.0306 28.3199
112 176  0.0000 -0.0724  9.5478
144 176  0.1779  0.0368  8.0457
176 176 -0.0234  0.0112 15.4156
208 176  0.0343 -0.0215 10.6707
240 176 -0.0177  0.0000 15.9983
272 176  0.0665 -0.1075  8.0767
 16 208  0.0060 -0.0030 12.2661
 48 208  0.0593  0.0386 15.2794
 80 208 -0.1200  0.0000 19.6009
112 208 -0.1663 -0.1376 10.9195
144 208  0.2062  0.0863  7.0710
176 208 -0.0436  0.0051 17.3988
208 208 -0.0555 -0.0734  7.0830
240 208  0.0309 -0.0492 51.0582
272 208 -0.0595  0.0000 18.6102
