VARIABLES= "X pix", "Y pix", "U pix/dt", "V pix/dt", "CHC", ZONE I=7, J=9
 16  16 -0.0125 -0.0125  9.2065
 48  16  0.0102  0.0016  9.8247
 80  16 -0.0092  0.0022 10.4314
112  16 -0.0016 -0.0043 10.7588
144  16  0.0056 -0.0004 12.2043
176  16 -0.0003  0.0051 13.5705
208  16  0.0080  0.0002 15.1369
240  16  0.0014 -0.0031 21.1641
272  16 -0.0073  0.0060 17.5701
 16  48 -0.0044  0.0464  9.4746
 48  48  0.0132  0.0113  7.3071
 80  48  0.0095  0.0297  6.9574
112  48 -0.0399 -0.0212  7.4836
144  48 -0.0050 -0.0081  5.4637
176  48 -0.0051 -0.0011 13.4509
208  48  0.0104 -0.0005 15.7637
240  48 -0.0027 -0.0034  7.7941
272  48 -0.0332 -0.0150 12.4099
 16  80 -0.0051 -0.2467 13.6576
 48  80  0.0281  0.1419 27.1684
 80  80  0.0362  0.1256 11.6657
112  80  0.1058 -0.1183 16.9597
144  80 -0.0022 -0.0008  6.4880
176  80  0.0035  0.0034 14.5284
208  80  0.0025  0.0019 17.0076
240  80 -0.0097 -0.0008  7.2331
272  80  0.0000  0.0000  7.9018
 16 112 -0.0209  0.0345 17.9927
 48 112 -0.2205 -0.1484 12.4712
 80 112 -0.0040  0.0328 14.9623
112 112 -0.0199  0.0580  8.4365
144 112 -0.0062  0.0000  5.0913
176 112  0.0029  0.0018  5.5029
208 112  0.0007 -0.0033  5.3461
240 112  0.0132  0.0180  4.7124
272 112 -0.1226  0.0029  8.4162
 16 144  0.0301 -0.0388 15.7148
 48 144 -0.0716 -0.1061 10.9442
 80 144  0.0060 -0.1919 23.8989
112 144  0.3414  0.3092 26.6068
144 144  0.0049  0.0414 13.5336
176 144 -0.1296 -0.0765  9.3303
208 144  0.0052  0.0522 15.5294
240 144 -0.3780  0.2389  6.5977
272 144  0.1264 -0.0486 15.8463
 16 176  0.0368 -0.0353  8.7520
 48 176  0.0050  0.1072 12.8447
 80 176  0.1056 -0.5000 13.2905
112 176  0.0612  0.1032 11.6695
144 176 -0.0145  0.0562 22.0454
176 176 -0.0251 -0.0483 10.6675
208 176  0.0574  0.0988 14.5008
240 176 -0.1755 -0.0497 12.0577
272 176 -0.0221 -0.1910 12.2145
 16 208 -0.0417 -0.0139 10.3103
 48 208  0.0679 -0.0173 10.8228
 80 208  0.0000  0.0583  8.2676
112 208  0.0000  0.0000  0.0000
144 208  0.1284  0.0000 10.9451
176 208  0.1036 -0.0463 18.1736
208 208  0.0354  0.0387  8.7635
240 208  0.0976  0.4388 17.7917
272 208 -0.0345 -0.0200 10.6897
