VARIABLES= "X pix", "Y pix", "U pix/dt", "V pix/dt", "CHC", ZONE I=7, J=9
 16  16 -0.0027  0.0015  9.2452
 48  16 -0.0057 -0.0051  9.8211
 80  16  0.0099 -0.0072 10.5617
112  16  0.0127  0.0008 10.7995
144  16  0.0013  0.0010 12.3177
176  16 -0.0038 -0.0032 13.4303
208  16  0.0001  0.0019 15.4939
240  16  0.0040  0.0009 20.9660
272  16 -0.0003  0.0021 17.8067
 16  48 -0.0111 -0.0234  9.1942
 48  48  0.0057 -0.0034  7.3568
 80  48  0.0388 -0.0233  6.9812
112  48  0.0168  0.0440  8.4178
144  48  0.0014 -0.0034  5.4879
176  48  0.0048 -0.0012 13.2776
208  48 -0.0037 -0.0031 15.7120
240  48  0.0035  0.0020  8.2798
272  48 -0.0024 -0.0159 12.2112
 16  80  0.0041  0.1254 11.1123
 48  80  0.0652  0.1374 42.2041
 80  80  0.1182  0.3020 20.6873
112  80  0.1416  0.0615 16.9509
144  80  0.0013 -0.0058  6.4209
176  80  0.0018 -0.0010 14.2175
208  80  0.0027  0.0028 16.5322
240  80  0.0004 -0.0004  7.7581
272  80  0.1140 -0.0132  9.6406
 16 112 -0.0320 -0.0018 14.4110
 48 112  0.0000  0.0000 11.1633
 80 112  0.0629 -0.0121 13.8215
112 112  0.0635  0.0057  9.7584
144 112 -0.0029  0.0033  5.1990
176 112  0.0034 -0.0050  5.7195
208 112  0.0001  0.0055  5.5627
240 112 -0.0068  0.0069  4.7802
272 112 -0.0472  0.1097 10.1721
 16 144 -0.1002  0.0156 14.3771
 48 144  0.0000  0.0000 12.9406
 80 144  0.0932  0.0837 12.3597
112 144  0.1545 -0.0198 14.5888
144 144 -0.0828  0.2507 10.5839
176 144 -0.0579  0.0000  8.8467
208 144 -0.0024  0.0000 13.9099
240 144  0.0849  0.0378  6.7654
272 144 -0.0036  0.0458 13.5177
 16 176  0.1219  0.0225  9.4638
 48 176  0.0258 -0.0112 12.2109
 80 176  0.0625  0.0000 18.1783
112 176 -0.0846 -0.1636 11.9417
144 176 -0.0105 -0.0109 17.1841
176 176  0.0404  0.0207  9.5476
208 176 -0.0189 -0.0295 13.7899
240 176  0.0137  0.0496 16.9342
272 176 -0.1813 -0.1495 12.9612
 16 208  0.0229 -0.0634  9.3526
 48 208 -0.0632  0.0000 20.7161
 80 208  0.1568 -0.0806  8.1971
112 208  0.0000  0.0000 29.0496
144 208 -0.0960 -0.0541 12.5648
176 208  0.0000  0.0000 15.7408
208 208 -0.1390 -0.0918  9.9895
240 208 -0.0320  0.0776 22.5301
272 208  0.0000  0.1830  7.3490
