VARIABLES= "X pix", "Y pix", "U pix/dt", "V pix/dt", "CHC", ZONE I=7, J=9
 16  16 -0.0009 -0.0025  9.5158
 48  16  0.0020 -0.0042 11.1624
 80  16  0.0081 -0.0047 11.8019
112  16  0.0044 -0.0007 12.0760
144  16 -0.0022 -0.0009 13.0580
176  16 -0.0027 -0.0026 13.3559
208  16 -0.0023  0.0027 16.2302
240  16  0.0059 -0.0061 21.8298
272  16  0.0012 -0.0011 19.1868
 16  48 -0.0114 -0.0297  9.4007
 48  48 -0.0366  0.0047  7.1626
 80  48  0.0159  0.0278  7.4653
112  48 -0.0773 -0.0394  8.6182
144  48  0.0052  0.0072  5.5114
176  48 -0.0029 -0.0018 13.0467
208  48  0.0005 -0.0011 16.5465
240  48  0.0009  0.0044 10.2342
272  48  0.0468 -0.0307 12.4364
 16  80  0.0438  0.0454  7.2051
 48  80  0.0000  0.0136 23.0197
 80  80  0.0411  0.1512 20.8627
112  80  0.1477  0.0847 15.3009
144  80  0.0014 -0.0031  6.3296
176  80 -0.0020 -0.0007 12.9728
208  80 -0.0052  0.0018 14.5180
240  80 -0.0014 -0.0004  9.5788
272  80  0.0476 -0.0447  8.0981
 16 112 -0.0204  0.0541 11.7873
 48 112 -0.0751  0.0442 10.9223
 80 112 -0.0884 -0.0807  9.4860
112 112  0.0217 -0.0811 10.0598
144 112 -0.0031  0.0007  5.6493
176 112 -0.0001  0.0004  6.5233
208 112 -0.0014  0.0030  6.3667
240 112  0.0027  0.0022  5.1512
272 112 -0.0280  0.0103  8.6683
 16 144  0.0000  0.0840 13.5866
 48 144 -0.0094  0.0117 11.7067
 80 144  0.0000  0.0000 28.9547
112 144 -0.0741 -0.0350 22.7704
144 144 -0.0650 -0.0154 14.8086
176 144  0.0000  0.0000  9.0021
208 144  0.0610  0.0000 14.2515
240 144 -0.0496  0.0328  6.6565
272 144  0.0244 -0.1299 14.9246
 16 176 -0.0688 -0.0271  8.4670
 48 176 -0.0750 -0.0741 17.1022
 80 176 -0.1728 -0.0545 48.7068
112 176  0.0615  0.0000 24.0335
144 176  0.0152 -0.0897 10.3970
176 176 -0.0032 -0.0067  9.8213
208 176  0.0623 -0.0564 14.2355
240 176  0.1581 -0.0853 15.0652
272 176  0.0902  0.0128  7.9141
 16 208  0.0541  0.2205 10.1194
 48 208 -0.0368 -0.0620 14.6522
 80 208  0.0000  0.0000 30.4797
112 208  0.0782  0.1137  9.2460
144 208  0.0213  0.2240  8.2581
176 208  0.0000  0.0000 19.3062
208 208 -0.0135 -0.0088  7.2767
240 208 -0.0659  0.1470  9.6838
272 208  0.1165 -0.0396 15.5003
