VARIABLES= "X pix", "Y pix", "U pix/dt", "V pix/dt", "CHC", ZONE I=7, J=9
 16  16 -0.0128  0.0043  9.9975
 48  16  0.0182  0.0056 11.9324
 80  16 -0.0005  0.0017 12.4684
112  16  0.0014  0.0002 12.6635
144  16 -0.0064 -0.0079 13.9582
176  16 -0.0087 -0.0069 13.2705
208  16 -0.0004  0.0058 15.4643
240  16 -0.0069  0.0065 16.6073
272  16  0.0020 -0.0026 19.9082
 16  48 -0.0159 -0.0318  9.0860
 48  48  0.0172  0.0423  7.0210
 80  48  0.0036 -0.0039  7.0358
112  48  0.0608 -0.0655  9.1740
144  48  0.0037  0.0061  5.5478
176  48  0.0005  0.0039 14.2501
208  48  0.0005 -0.0025 17.5493
240  48  0.0026 -0.0003 13.6778
272  48 -0.0015 -0.0197 13.0195
 16  80  0.0824  0.0284  7.5957
 48  80  0.2073 -0.0596 19.3752
 80  80  0.0819  0.0835 16.1853
112  80 -0.0143  0.0190  9.4453
144  80 -0.0039 -0.0017  6.0441
176  80  0.0012  0.0065 11.0023
208  80 -0.0043  0.0022 11.5595
240  80  0.0021  0.0030 11.3912
272  80 -0.0747 -0.0269  7.6277
 16 112  0.0561 -0.0066 13.8749
 48 112  0.1081 -0.0394 10.5827
 80 112 -0.1508 -0.0818 11.4236
112 112  0.0377  0.0631 13.7297
144 112  0.0035  0.0025  7.2279
176 112  0.0031 -0.0004  9.6792
208 112  0.0015 -0.0030  9.4779
240 112  0.0053 -0.0008  7.1727
272 112  0.0484  0.0476 15.7242
 16 144 -0.0310 -0.0351 14.4758
 48 144 -0.0561  0.0019 17.5558
 80 144  0.0794 -0.0788  7.5018
112 144  0.1253 -0.1669  6.4488
144 144 -0.1672 -0.0825 15.3794
176 144 -0.0513 -0.0804  8.5689
208 144  0.0072 -0.0812 11.4136
240 144  0.0670 -0.0859 10.5112
272 144  0.0296 -0.0718 23.7560
 16 176 -0.0052 -0.0788 11.7939
 48 176 -0.0106  0.0628 10.1066
 80 176  0.0688 -0.1276 56.3670
112 176 -0.0762  0.0146 17.7495
144 176 -0.0656 -0.0298 22.3545
176 176  0.0000 -0.0084  7.5943
208 176 -0.1076  0.0551 19.5793
240 176 -0.0227  0.1011 19.3932
272 176  0.0000  0.0000  7.6748
 16 208  0.0592  0.0740 11.8451
 48 208  0.0436  0.0719  8.3445
 80 208 -0.1132  0.0000  7.6561
112 208  0.0000  0.0000 11.6395
144 208 -0.0474  0.0231 12.0096
176 208  0.0000  0.0338 17.7786
208 208 -0.1249  0.1707  7.8917
240 208 -0.0631  0.0225 18.0030
272 208  0.0578 -0.0157 12.5518
