VARIABLES= "X pix", "Y pix", "U pix/dt", "V pix/dt", "CHC", ZONE I=7, J=9
 16  16  0.0019 -0.0111 10.0305
 48  16 -0.0015 -0.0084  9.1176
 80  16 -0.0106  0.0023 10.0912
112  16 -0.0067 -0.0017 10.0755
144  16 -0.0055 -0.0059 12.2690
176  16  0.0001  0.0002 11.9110
208  16 -0.0021  0.0012 15.3921
240  16  0.0076 -0.0014 16.5923
272  16 -0.0007 -0.0003 14.8859
 16  48 -0.0149 -0.0084  7.1783
 48  48  0.0004  0.0023  8.8888
 80  48  0.0543 -0.0110  7.0110
112  48 -0.0182 -0.0050  6.7019
144  48  0.0104  0.0837  7.4815
176  48  0.0032 -0.0019  9.1118
208  48 -0.0028  0.0036 12.5080
240  48 -0.0014  0.0028 19.0037
272  48  0.0030  0.0001 20.4824
 16  80 -0.0233 -0.0595 10.9880
 48  80 -0.0124  0.0000 15.4078
 80  80  0.0692  0.0994 19.5044
112  80  0.0509 -0.0721  9.9734
144  80 -0.0115  0.0067  7.3458
176  80  0.0006  0.0063  9.5777
208  80  0.0068  0.0031 13.4366
240  80 -0.0030 -0.0000 12.6609
272  80 -0.0061  0.0019 13.0461
 16 112  0.0114 -0.0797  9.5203
 48 112  0.0494  0.0036 12.1907
 80 112  0.1177  0.1365 15.6709
112 112  0.0066 -0.0334 13.2013
144 112  0.0065 -0.0037  5.1172
176 112  0.0000 -0.0026 16.5151
208 112  0.0025  0.0009 38.0232
240 112  0.0006  0.0018 29.5757
272 112 -0.0072  0.0063 18.7006
 16 144 -0.0328 -0.1181 11.7492
 48 144 -0.1174 -0.0913 10.0161
 80 144  0.1147  0.0000  9.9227
112 144  0.0696 -0.0471  9.4754
144 144  0.0024  0.0166  5.7082
176 144 -0.0048 -0.0048  5.8960
208 144 -0.0012 -0.0016  6.0054
240 144  0.0026  0.0060  5.9844
272 144  0.0039  0.0041  5.8717
 16 176  0.0210  0.0496 10.8267
 48 176  0.0289 -0.0308 10.1900
 80 176 -0.1727  0.0296 19.1058
112 176 -0.1684  0.0000 22.2025
144 176 -0.0576  0.0000 47.0804
176 176 -0.0089 -0.0377 10.8957
208 176  0.0781 -0.0130 10.4985
240 176 -0.0544  0.0140 11.5018
272 176 -0.1699  0.0190  7.4836
 16 208  0.0316  0.1309  6.5466
 48 208 -0.0566  0.0159  8.5296
 80 208 -0.1319  0.0000 14.5322
112 208 -0.0323 -0.0369  9.9949
144 208  0.0853 -0.1030 10.3348
176 208 -0.0082  0.0686  9.3610
208 208  0.0161  0.0827  7.5861
240 208  0.1593  0.0000  8.2326
272 208  0.1788  0.0000  6.6989
