VARIABLES= "X pix", "Y pix", "U pix/dt", "V pix/dt", "CHC", ZONE I=7, J=9
 16  16  0.0312  0.0966 10.1401
 48  16  0.0257  0.0714  9.2896
 80  16  0.0333  0.0365  9.1632
112  16  0.0999  0.0644  9.5265
144  16  0.1758  0.0194 11.3411
176  16  0.1788  0.0516 11.7128
208  16  3.0732  0.0822 11.5063
240  16  4.9265  0.0708 10.0511
272  16  5.7761  0.0546 12.3264
 16  48 -0.0032  0.0152  6.5827
 48  48  0.0238  0.0147  9.0375
 80  48  0.0595  0.1420  7.3251
112  48  0.0471 -0.0223  6.4101
144  48  0.0257  0.0178  8.3549
176  48  1.8769  0.1335  5.3864
208  48  4.4407  0.3036 13.2844
240  48  4.5079  0.1505 10.4903
272  48  6.5296  0.1617 15.5759
 16  80  0.0460 -0.0339 10.3414
 48  80  1.9083  0.1876 14.3800
 80  80  1.3141  0.2679 13.4782
112  80  0.1230  0.1702  8.0923
144  80  0.3027  0.2942  9.8136
176  80  0.5606  0.0004  5.7641
208  80  3.2796  1.5657 13.2288
240  80  4.6399  1.5538  8.8049
272  80  6.0056  1.1865 10.0807
 16 112  0.4152  2.0823 12.4824
 48 112  0.4015  0.4140 16.0116
 80 112  0.9600  2.1616 10.1515
112 112  3.4731  0.4163 13.1187
144 112  3.1493  0.2139  7.0622
176 112  0.4470  0.3576  9.1695
208 112  0.4774  2.2912 17.4876
240 112  5.7350  2.2692 23.1424
272 112 -0.7236  0.0000 20.2506
 16 144  0.0908  2.8838  8.4895
 48 144  2.1670  0.3759  7.1893
 80 144  1.0219  2.0441  9.5615
112 144  0.3142  0.3925  6.9792
144 144 -0.0149  0.0295  7.6255
176 144 -0.0322  0.1715  7.0304
208 144 -0.0028  0.3052  7.9398
240 144 -0.0067  0.2862  8.1216
272 144  0.0122  0.2742  7.7630
 16 176  0.0549  0.1130  9.9531
 48 176  1.6932  1.6808  8.2557
 80 176 -0.0515  5.3915 20.5183
112 176 -0.0822  0.3432 10.6945
144 176  3.7795  0.3300 12.6683
176 176  3.2706  2.8996  8.2026
208 176  2.9580  2.5433  9.2780
240 176 -0.0379 -0.0475  7.2506
272 176  0.3730  0.0000 11.1982
 16 208 -0.0121  0.0000 16.7831
 48 208  0.1074  0.3208 12.1381
 80 208  3.9181  0.0000  4.4704
112 208  0.1287  0.0580  8.8933
144 208 -0.0168  0.1594 13.1979
176 208  3.5000  0.0253 10.3728
208 208  0.2229  0.3560  6.8478
240 208  0.0637  0.2006 19.5003
272 208 -0.0933 -0.0337 12.0596
