VARIABLES= "X pix", "Y pix", "U pix/dt", "V pix/dt", "CHC", ZONE I=7, J=9
 16  16  0.0265 -0.3954  9.4888
 48  16  0.0466 -0.2277  8.9899
 80  16 -0.0044 -0.1449  9.2313
112  16  0.0506 -0.1277  9.8894
144  16  0.1723 -0.1363 10.9643
176  16  0.0509 -0.1986 11.9219
208  16  0.2758 -0.2431  9.9779
240  16  8.0787 -0.3551  9.7581
272  16  8.5317 -0.1821 12.5633
 16  48 -0.0008  0.0222  6.7622
 48  48  0.0351 -0.0083  9.5029
 80  48  0.0604 -0.0427  7.5758
112  48  0.0299  0.0469  6.9663
144  48  0.1542  0.1311  6.9887
176  48  5.4335 -0.3442  5.5338
208  48  7.3502  0.0612  8.8439
240  48  7.7629  0.0108  8.8988
272  48  8.6727 -0.0240 13.9832
 16  80 -0.0115 -0.3209 10.7580
 48  80  0.4844  0.1517  7.5419
 80  80  2.4096 -0.0482  9.4353
112  80  0.1598  0.1286  8.9173
144  80  1.6814  0.1110  9.2313
176  80  3.7313  0.0638  4.8175
208  80  7.5444  0.9374 13.5916
240  80  7.3609  1.3696 11.2682
272  80  8.9581  0.4798  8.6010
 16 112 -1.6057  2.8364 11.5609
 48 112  0.3067  0.2210 22.2560
 80 112  0.0548  3.8066  8.7647
112 112  3.8995  0.3659 14.2278
144 112  0.3644  7.7375  8.8104
176 112  0.4380  0.2440  6.9599
208 112  6.9663  2.3598 15.8020
240 112  8.3702  2.2710 18.6960
272 112 10.4570  2.4673 12.1644
 16 144  0.1004  2.2356  9.4910
 48 144  0.2852  1.6242  7.1836
 80 144  1.8628  2.5000  7.8258
112 144 -0.2073  1.5000  6.5636
144 144  0.2907 -0.1225  7.8627
176 144  0.0999  0.0255  6.7917
208 144 -0.0081  0.3470  9.4894
240 144 -0.0161  0.3398  9.8016
272 144  0.0274  0.3231  9.3218
 16 176  0.4595  0.2214  8.1015
 48 176  4.7837  0.0000  8.4519
 80 176 -0.0091  4.6714 16.9511
112 176 -0.2868  8.0000 13.5359
144 176  4.7705  2.2007  9.5952
176 176  6.0230  3.9284  8.7671
208 176 -7.6181  0.0353  9.4812
240 176  0.2004 -0.0584  6.0157
272 176 -18.8135  3.0000  6.1114
 16 208  0.3750  7.6795 11.9912
 48 208  0.3538 -20.6984  9.5972
 80 208     NaN -0.2341  6.4810
112 208  0.0928  0.3485  6.6131
144 208  0.4510  4.7495  9.9662
176 208  7.7734  0.2604 11.0658
208 208 -21.0000 -8.0423  6.6617
240 208  0.1547 -0.1480 15.7305
272 208  0.0297  0.2879 15.7533
