VARIABLES= "X pix", "Y pix", "U pix/dt", "V pix/dt", "CHC", ZONE I=7, J=3
208  16  0.0041  0.0024 14.6836
240  16 -0.0002  0.0023 12.4299
272  16 -0.0017  0.0017 18.9593
208  48 -0.0010  0.0123  5.2813
240  48  0.0059 -0.0018 16.6119
272  48  0.0099 -0.0006 13.5738
208  80  0.0007  0.0003  6.1540
240  80 -0.0030 -0.0000 15.9418
272  80  0.0179 -0.0053 13.7811
208 112  0.0010 -0.0013  7.5484
240 112 -0.0048  0.0020 10.8947
272 112 -0.0000 -0.0005 10.7374
208 144 -0.0018 -0.0040 26.8294
240 144 -0.0038 -0.0003 15.8109
272 144 -0.0032  0.0003 30.7073
208 176  0.0004 -0.0018  5.6909
240 176  0.0006  0.0050  6.3199
272 176 -0.0075  0.0000  6.4974
208 208  0.0162 -0.1329  9.4972
240 208  0.0767  0.0564 11.5836
272 208  0.0534 -0.0783 10.5444
