VARIABLES= "X pix", "Y pix", "U pix/dt", "V pix/dt", "CHC", ZONE I=28, J=37
  4   4  0.1175 -0.0561  9.7649
 12   4 -0.1462  0.2411  7.5558
 20   4 -0.0991  0.0516  7.2570
 28   4  0.0154 -0.0240  8.0137
 36   4 -0.2521  0.1500  6.0244
 44   4  0.0000  0.2114  7.0391
 52   4  0.1735  0.0277  8.1244
 60   4 -0.0033  0.0806  9.3543
 68   4 -0.0197 -0.0054 12.0842
 76   4 -0.0406  0.0202 11.9157
 84   4 -0.0102 -0.0020 10.9656
 92   4 -0.0064  0.0937 11.9189
100   4  0.0022  0.0051 12.0031
108   4  0.1817  0.0000 11.7754
116   4  0.0203  0.0058 12.1869
124   4 -0.0524  0.0589 10.0925
132   4 -0.0067  0.0605 11.6862
140   4  0.0601 -0.0005 11.2830
148   4 -0.0344  0.0060 10.4882
156   4 -0.0398 -0.0048 11.9137
164   4  0.0353  0.0000 11.7754
172   4  0.0421  0.0000 12.0624
180   4  0.0000  0.0181 11.3868
188   4  0.0432 -0.0167 11.8783
196   4 -0.0425 -0.0181 12.0748
204   4 -0.0600  0.0238 12.0153
212   4 -0.0570 -0.1286 10.6105
220   4  0.2395  0.2239 13.0396
228   4  0.0000  0.2466 12.4644
236   4  0.0000  0.3811 12.1905
244   4 -0.0567  0.3334  8.5728
252   4 -0.1154  0.0347 11.9947
260   4  0.1314 -0.0035 15.0021
268   4  0.1106  0.1661 11.7525
276   4 -0.0746 -0.0846 14.0440
284   4  0.0000 -0.1395 12.8840
292   4  0.1393 -0.2357 12.7189
  4  12 -0.2268 -0.2588  9.2648
 12  12  0.0000 -0.0640 10.2622
 20  12 -0.1772  0.2455  9.8866
 28  12 -1.1277  0.6165 10.5083
 36  12  0.0000 -0.3700  7.7939
 44  12  0.0000 -0.5000  9.3996
 52  12 -0.2029  0.3166  8.8633
 60  12  0.0000 -0.1113 11.0143
 68  12  0.0559 -0.0770 10.0981
 76  12 -0.1641  0.0293  7.3095
 84  12 -0.2514 -0.2308  8.4780
 92  12  0.0000  0.0278 10.7010
100  12  0.0047  0.0114 31.5781
108  12 -0.1157  0.0170  7.7011
116  12  0.0668 -0.0204  8.9213
124  12  0.0000  0.3419  8.9921
132  12 -0.0844  0.1843  7.7175
140  12 -0.0231  0.1070  7.7422
148  12  0.0170 -0.1193  8.4556
156  12 -0.0256 -0.0772 16.4308
164  12  0.0392 -0.0106 22.1103
172  12  0.0590  0.2269  6.3412
180  12  0.0558 -0.1280  7.0281
188  12 -0.0115 -0.0640  6.9449
196  12  0.0145 -0.0581  7.5884
204  12  0.0951  0.0887  9.3018
212  12  0.1012  0.0811  7.8934
220  12 -0.1896 -0.0175  8.3497
228  12  0.0235 -0.0194  8.3072
236  12  0.0104 -0.2677  7.9122
244  12  0.0797  0.0307  8.3673
252  12 -0.1148 -0.0308  8.3291
260  12  0.0043 -0.0576  8.8078
268  12  0.0000  0.1328  9.6078
276  12  0.0035 -0.0929 10.5042
284  12 -0.0883  0.0385 11.5576
292  12  0.2654 -0.1504 11.2442
  4  20  0.0891 -0.0493 11.7676
 12  20 -0.0197  0.0508 11.3035
 20  20  0.0433 -0.0067 14.9595
 28  20 -0.0223 -0.0238 15.5378
 36  20  0.0372  0.0158 15.1604
 44  20 -0.0440  0.1161 20.4487
 52  20  0.0000 -0.0075 17.6837
 60  20  0.0000 -0.0353 19.5904
 68  20 -0.0188  0.0168 19.3292
 76  20 -0.0180 -0.0282 17.9579
 84  20 -0.0146 -0.0047 18.3766
 92  20  0.0401 -0.0042 15.0089
100  20 -0.0330  0.0294 16.4178
108  20  0.0115  0.0087 20.7542
116  20  0.0010 -0.0060 17.3345
124  20 -0.0043 -0.0003 15.9535
132  20 -0.0251  0.0135 16.8059
140  20  0.0036  0.0127 21.0718
148  20 -0.0265  0.0008 30.3218
156  20  0.0010  0.0090 15.7074
164  20  0.0090  0.0046 34.1406
172  20 -0.0877 -0.0427 17.8014
180  20 -0.0146  0.0146 24.7471
188  20  0.0301 -0.0456 28.4737
196  20 -0.0656 -0.0928 23.1786
204  20 -0.0230 -0.0284 19.7630
212  20 -0.0592 -0.0674 20.4163
220  20 -0.0603 -0.0250 18.4368
228  20 -0.0329  0.0077 16.5417
236  20 -0.0151 -0.0360 14.7256
244  20 -0.0171  0.0652 15.9539
252  20  0.0102 -0.0119 17.0978
260  20 -0.0621  0.0680 12.7765
268  20 -0.1070  0.2571  9.4342
276  20  0.1951  0.0911 13.6512
284  20  0.0069  0.0236 15.5956
292  20  0.2170  0.0588 13.6991
  4  28  0.0026  0.0384  8.7073
 12  28  0.0188 -0.0323  9.9389
 20  28  0.0308  0.0084 12.1576
 28  28 -0.0071  0.0234  8.6404
 36  28 -0.0071  0.0030  7.3310
 44  28  0.0511  0.0294  7.2074
 52  28  0.0448  0.1104  7.0726
 60  28 -0.0604  0.0148  7.5611
 68  28 -0.0111  0.0294  7.0172
 76  28  0.0744  0.0373  7.2250
 84  28 -0.0459 -0.1257  7.2136
 92  28  0.1166 -0.0182  7.4023
100  28 -0.0404 -0.0279  7.4295
108  28 -0.0089  0.0147  7.6460
116  28  0.0016 -0.0998  9.1095
124  28  0.0517 -0.0974  6.5994
132  28 -0.0292 -0.0650  6.3396
140  28 -0.0017  0.0618  5.7324
148  28  0.0028 -0.0161 10.3773
156  28 -0.0085 -0.0065 15.4975
164  28 -0.0515  0.0005 12.6226
172  28 -0.0172 -0.0207 12.5159
180  28 -0.1460 -0.0118  7.5884
188  28  0.0976  0.0338  6.2610
196  28 -0.0520  0.0792  6.0681
204  28 -0.0340  0.0171  5.9498
212  28  0.0300  0.0665  5.8316
220  28 -0.0008 -0.0137  6.2520
228  28  0.0452 -0.0429  6.9492
236  28  0.0660  0.0176  6.3152
244  28 -0.0140 -0.0370  6.9578
252  28  0.0239 -0.0062  7.5289
260  28 -0.0049 -0.0091  8.5920
268  28  0.0387  0.0000  7.3627
276  28 -0.0039  0.0333  6.8560
284  28  0.0365  0.0014  6.8269
292  28  0.0067 -0.0100  7.0332
  4  36 -1.4040  0.5334  7.5080
 12  36 -0.3872  0.0000  8.4768
 20  36  0.3145 -0.0264 11.0777
 28  36  0.0564 -0.6316  8.5439
 36  36 -0.1354 -0.0163 13.2841
 44  36  0.2573  0.0014 13.3222
 52  36  0.0000  0.0636 10.7893
 60  36  0.1340 -0.1153 10.7592
 68  36  0.1335  0.2067  9.0869
 76  36 -0.1556  0.2263  8.0993
 84  36 -0.3427  0.0590  6.7812
 92  36  0.1008 -0.2923  9.8592
100  36 -0.0640  1.3812 11.7824
108  36 -0.1798  0.0246 17.0238
116  36  0.0267  0.0000  0.0000
124  36  0.0436  0.0000  0.0000
132  36  0.0000  2.5000  8.8276
140  36 -0.0074  4.7609  8.2581
148  36  0.0076 -0.0237 10.6955
156  36 -0.0134  0.0116 16.3191
164  36 -0.0358 -0.0062 14.3786
172  36  0.0034  0.0058 10.8615
180  36  0.1142 -0.1507  8.2934
188  36  0.0277  0.2606  7.2426
196  36  0.0064 -0.0141  8.5639
204  36  0.0105  0.0208  9.7642
212  36 -0.0107  0.0409 11.5627
220  36 -0.1255  0.0262 14.8481
228  36  0.0674 -0.0292 12.5432
236  36  0.2263  0.2514 10.3247
244  36 -0.0614  0.2870 11.6208
252  36 -0.1410 -0.0684 13.5518
260  36  0.0288  0.0066 12.7533
268  36  0.0209 -0.0777 15.0172
276  36  0.0064  0.0847 14.6717
284  36  0.1388  0.1735 13.0297
292  36  0.0522  0.0000 11.7457
  4  44  0.0321 -0.1480  9.5115
 12  44 -0.0405  0.1578 10.5524
 20  44  0.1956  0.1633  8.4857
 28  44 -0.0439 -0.0155  6.5059
 36  44  0.0364  1.8651  7.9974
 44  44  0.0860  0.0000 12.5445
 52  44  0.1778  0.0000  0.0000
 60  44  0.0696  0.0000  0.0000
 68  44  0.1399  0.0000  0.0000
 76  44  0.7307  0.0000  0.0000
 84  44  2.5000  0.0000  8.8276
 92  44  1.1838 -0.5000  7.5779
100  44 -0.1533 -1.0000  8.0910
108  44 -0.3435 -0.0623  8.3561
116  44  2.5000  0.0000  8.8276
124  44 -0.5000  0.0000  8.8276
132  44 -0.5000  0.0836  9.2702
140  44 -0.0122  0.0086  6.2162
148  44  0.0114 -0.0151  8.1702
156  44 -0.0146  0.0082  8.8099
164  44  0.0130  0.0029  8.3092
172  44 -0.0065  0.0198  6.6084
180  44  0.6778 -0.0578  9.8807
188  44 -0.5000  0.0000  8.8276
196  44  0.5000  0.0203  7.3246
204  44  0.0158  0.1439  6.3511
212  44 -0.0742 -0.1437  9.1070
220  44 -0.0086  0.1483  9.8632
228  44 -0.1360  0.0143 11.0046
236  44  0.0922 -0.0792  8.7935
244  44  0.0149 -0.0458 11.5880
252  44 -0.0864 -0.1213 10.8085
260  44 -0.1696 -0.1158 10.1177
268  44 -0.0604  0.2138 15.1880
276  44  0.2043 -0.0035 13.0538
284  44 -0.0318  0.0228 12.5732
292  44  0.0000 -0.3016 13.7873
  4  52  0.5664  0.0000 11.1304
 12  52  1.7512  0.0000  0.0000
 20  52  0.6102  0.0000  0.0000
 28  52 -0.2099  0.0000  0.0000
 36  52 -0.1625  0.0000  0.0000
 44  52  1.0645  0.0000  0.0000
 52  52  0.0000 -0.1063  6.9728
 60  52 -0.1409 -0.5000  5.1544
 68  52 -0.2697 -0.5000  4.2602
 76  52 -0.3936  0.0000 16.1088
 84  52 -1.0869 -0.2092  8.1536
 92  52  0.2026 -0.0067 11.7353
100  52  0.1277  0.1953 11.0273
108  52 -0.1226 -0.1099 10.3064
116  52 -0.5611  0.0000 13.6349
124  52  0.0000  0.3042 13.4737
132  52 -0.5000  0.0000  8.8276
140  52  0.0000 -0.1820 11.3219
148  52 -0.0812  0.0948  9.7494
156  52  0.0000  0.3764  7.3143
164  52 -0.1653  0.6278 10.0087
172  52 -0.4726  0.3679  6.9688
180  52 -0.1151  0.0000  9.4118
188  52  2.5000  0.0000  8.8276
196  52 -0.1960  0.0000 11.1304
204  52 -0.3216  0.0000  0.0000
212  52 -0.3689  0.0000  0.0000
220  52 -0.2466  0.0000 16.1088
228  52  0.0364 -0.2387 11.3832
236  52  0.1177 -0.1150  9.1046
244  52  0.5000  0.3577 10.2400
252  52 -0.2514 -0.0431 13.8541
260  52  0.0675 -0.0486 12.4823
268  52  0.2322 -0.1408  8.3267
276  52  0.0000 -0.1123  8.6893
284  52 -0.0046 -0.0916  9.5851
292  52 -0.0906  0.0644 10.6334
  4  60  0.3141  0.3878  6.9189
 12  60 -0.1791  0.0000  0.0000
 20  60  0.3454  0.0000  0.0000
 28  60  0.5000  0.0000  8.4768
 36  60  0.7856  0.0000  0.0000
 44  60 -0.3211 -0.1004  8.6819
 52  60  0.0000  0.1960 11.1304
 60  60 -0.1846  0.0000  0.0000
 68  60  0.0323  0.8247 13.6170
 76  60 -0.0799 -0.1797  9.0121
 84  60 -0.6604  0.1386  9.2907
 92  60  0.0136  0.3212  9.0340
100  60 -0.0400 -0.2264 17.0667
108  60  0.0000 -2.0000 11.1304
116  60  1.0921  0.0000  0.0000
124  60  0.1926  0.0000  0.0000
132  60 -0.2085  0.0000 13.5576
140  60 -0.3871  0.0000 16.1088
148  60 -0.1208  0.2163 12.5525
156  60  0.0000  0.1960 11.1304
164  60 -0.2761 -0.0806  9.3746
172  60  2.2269 -0.5000  6.1440
180  60 -0.3077  0.3305 11.1304
188  60  2.5000 -0.5000  4.0635
196  60  1.1434  0.0000  0.0000
204  60 -0.5000 -0.5000  4.0635
212  60 -0.1890  0.0000  0.0000
220  60  0.1893  0.0000 11.1304
228  60  0.2805  0.0000  0.0000
236  60  0.0000 -0.1063  6.9728
244  60  0.0000 -0.1960 11.1304
252  60 -0.5000  0.0000  8.8276
260  60  1.7619  1.2580  7.1669
268  60  0.0888  0.3217 11.0463
276  60 -0.0902  0.0000  0.0000
284  60  0.0000 -2.5000  9.2086
292  60  0.3877  0.0000  0.0000
  4  68  1.3065  0.0000 11.1304
 12  68  1.6101  0.0000 11.1304
 20  68  0.1304 -1.0000  5.7240
 28  68  2.3185 -0.0351  6.8851
 36  68  0.0513  0.1326  6.0730
 44  68 -0.0283  0.1555 13.7143
 52  68  0.2608 -0.2283 10.4717
 60  68  0.0206  0.0000 12.0628
 68  68 -0.1800  0.0532  9.7244
 76  68  1.0756 -0.0431  7.0865
 84  68 -0.0727  0.0817 13.8654
 92  68 -0.6180  0.0000  0.0000
100  68  0.7040  0.0000  0.0000
108  68  0.2317  0.0000  0.0000
116  68  2.0012  0.0000 11.1304
124  68  1.4016  0.0000  0.0000
132  68  0.1960  1.5000  9.2086
140  68  0.1686  0.0000 10.2045
148  68  0.5000  4.5000  4.0635
156  68  0.0172  0.0000  0.0000
164  68 -0.4113  0.0000  0.0000
172  68 -0.9141  0.0000  0.0000
180  68 -1.5099  0.0000  0.0000
188  68 -0.5000  0.0000 11.1304
196  68 -0.8811  0.0000  0.0000
204  68 -0.4684  0.0000 11.1304
212  68 -0.2600  0.0667 14.4460
220  68  0.3395 -6.1107 11.5987
228  68  2.5496  0.0000  0.0000
236  68  4.5000 -0.5000  4.0635
244  68  0.2568  0.0627  8.5469
252  68  0.9811  0.0000  0.0000
260  68  1.1289  0.0000  0.0000
268  68 -0.1111  0.1289  7.9327
276  68 -0.1597  0.0728 12.0580
284  68  0.0000  0.1960 11.1304
292  68 -0.5000 -0.3468 10.2045
  4  76 -0.5000  0.1151  5.3112
 12  76 -0.0748 -0.2997  8.0309
 20  76 -0.0802  0.0199 11.0383
 28  76 -0.0078 -0.4107  7.5965
 36  76 -0.0509  0.1465  8.8865
 44  76  1.5000 -0.5000  7.5832
 52  76  1.1051 -0.1999  8.2601
 60  76 -0.0678  1.0604 13.0017
 68  76  0.1130  0.0000  0.0000
 76  76  0.0000  0.0890 12.0755
 84  76 -0.5000  0.0000  8.8276
 92  76 -0.6220  0.0000 20.7059
100  76 -1.2579  0.0000 12.0628
108  76 -2.2815 -0.2338 11.7824
116  76 -1.1997  0.0000 11.1304
124  76 -1.7331  0.0000 16.1088
132  76 -0.0900 -0.0066 10.2421
140  76 -0.1264 -0.1421  8.6013
148  76  0.1030  0.0000  0.0000
156  76  1.1364  0.0000 11.1304
164  76  1.8249  0.0000 17.0667
172  76  0.2080  0.2715 12.3107
180  76  0.0000 -0.5000  8.8276
188  76  2.5000  0.0000  8.8276
196  76  0.0572  0.1454  8.1601
204  76 -0.3082  0.0000  0.0000
212  76 -0.4523  0.0000  0.0000
220  76 -0.4158  0.3149  6.4895
228  76  2.5000 -0.1588 10.5785
236  76  1.5672  0.0000  0.0000
244  76  1.4918  0.0000  0.0000
252  76  2.7322 -5.0000  7.6040
260  76  0.1858 -0.1382  6.7623
268  76  0.2941  0.0000  0.0000
276  76  0.0374 -0.2607 10.3544
284  76 -0.1717  0.4043 10.4490
292  76  0.3471 -0.5000  7.0932
  4  84 -0.2823 -0.0048  9.1674
 12  84 -0.0929  0.8738  6.5273
 20  84  0.2177 -0.2623 12.3209
 28  84 -0.2052  0.2686  7.8755
 36  84 -1.1838 -0.5000  7.5779
 44  84  0.2444  0.9042 11.6364
 52  84 -1.9523  1.9330  7.8433
 60  84  2.5000  0.0000  8.8276
 68  84  0.0000 -0.1063  6.9728
 76  84 -0.3326  0.0000  0.0000
 84  84 -0.5000  0.0000 11.1304
 92  84 -0.5000  0.2012  9.9121
100  84  0.0255  1.5000  9.7158
108  84 -0.1174 -4.1710 14.6131
116  84  0.0000 -0.5000  8.8276
124  84 -0.1476  0.0000  0.0000
132  84  0.0000 -0.5000 12.0628
140  84 -0.4337 -0.0578  8.8276
148  84 -0.6794  0.0000  0.0000
156  84 -0.5000 -0.1180  9.2850
164  84  0.3987  0.0000 11.1304
172  84  1.6639  0.0000  0.0000
180  84  0.1556 -0.5000 12.2969
188  84  0.0534 -0.1755 21.2677
196  84 -0.2815  0.0000 16.1088
204  84 -0.3127  0.1061  9.8739
212  84 -0.1063  0.0000  6.9728
220  84  0.4241  0.0000  0.0000
228  84  0.2774  0.0000 16.1088
236  84  0.1075 -0.0450 10.3001
244  84  1.5000 -0.1151  6.0664
252  84  0.4490  0.0000  0.0000
260  84 -0.1918  0.0000  0.0000
268  84  0.4729  0.0000  0.0000
276  84  0.4442  0.3135  8.9704
284  84  1.5314  0.0000 11.1304
292  84  0.1151 -0.1151 16.5161
  4  92  0.3740  0.0000  0.0000
 12  92 -0.3110  0.1837 19.9455
 20  92 -0.1191  0.3607  8.4368
 28  92 -0.0578 -0.4337  9.0220
 36  92  1.7696  0.0000  0.0000
 44  92 -0.0696  0.0000 12.0628
 52  92  0.3091  0.0000 15.7112
 60  92  0.7643  0.0000  0.0000
 68  92 -0.1151 -0.1151 16.5161
 76  92  0.0000  2.5000  8.8276
 84  92 -0.4479  0.0000  0.0000
 92  92 -0.3127  0.1061  9.8739
100  92 -0.0447  0.7462 10.8891
108  92  0.6950 -0.2511  7.3903
116  92 -0.0832  0.3131  9.8462
124  92 -0.5000  4.5000  4.0635
132  92 -0.0944  0.0121 11.7720
140  92  1.0000  0.0604 11.8022
148  92  1.0218  0.3157  9.7360
156  92  1.5000  2.5000  7.4357
164  92  2.5000  4.5000  4.0635
172  92  1.4577  0.0000 11.1304
180  92  0.1395  0.0374 18.1102
188  92 -0.1378  0.5477 11.8273
196  92  0.0000 -0.5000  8.8276
204  92  0.0000 -0.5000  8.8276
212  92  0.7891  0.0000  0.0000
220  92  1.4038  0.0000  0.0000
228  92  2.5000  0.0000 11.1304
236  92  1.2350  0.0000  1.0000
244  92  0.9104  0.1203  5.4468
252  92  2.2838  0.0000 16.1088
260  92  5.1203 -0.5000  5.4468
268  92 -0.5000  0.0000  8.8276
276  92  0.7724  0.0000  0.0000
284  92  3.1382  0.0000 11.1304
292  92  4.5000 -0.4032  6.1440
  4 100 -0.0754  0.0878 12.5503
 12 100  0.0921  0.1366 10.1768
 20 100  0.3188 -0.2197 10.3034
 28 100 -4.9386  4.8642 16.2025
 36 100  1.2127  0.0000 11.1304
 44 100  0.5764  0.0000  0.0000
 52 100  0.2678  0.0000 11.1304
 60 100 -0.0942  0.0000  0.0000
 68 100 -0.2657  2.1081 12.2460
 76 100 -0.1607  2.5000  9.4815
 84 100 -0.5000  0.0000  8.8276
 92 100  0.0000 -0.1960 11.1304
100 100  0.0575 -0.0834  8.2422
108 100  0.9305 -0.3479  7.6910
116 100  0.6171  0.0000  0.0000
124 100  0.2849 -0.5000 13.1959
132 100 -0.0865  0.2137  9.3870
140 100  0.5000  0.2012  9.9121
148 100  1.6272  0.0000 11.1304
156 100  2.5000  0.1067  7.3143
164 100  1.0374  0.0000  0.0000
172 100 -0.0418 -0.1521 12.6567
180 100  0.2159  0.0000  0.0000
188 100 -0.1960  2.5000 11.1304
196 100 -0.4398 -0.2391  8.2581
204 100  0.8040  0.0000 16.1088
212 100  2.3677 -0.1145 12.8207
220 100  2.2753  0.0000  0.0000
228 100 -0.5000  0.0000  8.8276
236 100  0.9282  0.0000  0.0000
244 100  0.7288  0.0000 11.1304
252 100  0.2984 -0.3415 16.8934
260 100  1.3070 -0.0337 12.4709
268 100  1.1880  0.0000  1.0000
276 100  1.4575  0.0000  0.0000
284 100  0.4878  0.0000 16.1088
292 100  0.3127  0.1061  9.8739
  4 108  0.1072 -0.0508  7.2040
 12 108 -0.2193  0.0000  0.0000
 20 108  0.0561  0.2765  9.5419
 28 108 -0.1326  0.0000 10.6209
 36 108  2.5000  0.0000  8.8276
 44 108  1.0973  0.0000 11.1304
 52 108  0.0000  0.1960 11.1304
 60 108  0.0000 -0.0548  9.9740
 68 108  2.5000 -0.1588 10.5785
 76 108  1.1292  0.0000  0.0000
 84 108 -0.5000  0.0000  8.8276
 92 108 -0.2189  0.0000  0.0000
100 108 -0.2346  0.3089 11.9688
108 108  0.2494 -0.0599  9.5231
116 108 -0.2938  0.0000  0.0000
124 108  0.4447  0.0127  8.6780
132 108 -0.1558 -2.8281  8.3750
140 108 -1.5000  0.0000  8.2581
148 108  0.1215  0.1200 17.1775
156 108  0.7247  0.0000  0.0000
164 108  2.5000  0.0000  8.8276
172 108  0.0000 -0.5000  8.8276
180 108 -0.0347  0.0000 11.1304
188 108  0.2971  0.0000  0.0000
196 108  1.0028  0.0000  0.0000
204 108  2.5000 -0.1588 10.5785
212 108  0.4043 -0.4043  8.0000
220 108  0.0973  0.0000  0.0000
228 108  0.6045  0.0000  8.4768
236 108 -0.0635  0.0000 11.1304
244 108 -0.8649  0.0000  0.0000
252 108 -0.6674  0.0000  0.0000
260 108  0.6878  0.0000 11.1304
268 108  0.0000  2.8678  8.7605
276 108 -0.1508  0.0000  0.0000
284 108 -0.0418 -0.1521 12.6567
292 108 -0.5000  0.0000  8.8276
  4 116  0.0761  0.4383  5.4468
 12 116  0.0000  1.5000  5.4468
 20 116  0.1620  0.2899  8.9476
 28 116  0.4043  0.4043  8.0000
 36 116  2.5000 -0.3468 10.2045
 44 116 -0.1182 -0.0617 12.7141
 52 116 -0.1835  0.4492 10.0848
 60 116 -1.2772  0.0000  0.0000
 68 116 -1.2523  0.0000  7.4084
 76 116  0.2163  1.7528 13.1959
 84 116  0.3417  0.0000 11.1304
 92 116 -0.0577  0.0137 18.2576
100 116 -2.0761  0.1459 14.3598
108 116  0.1469  0.0000 10.3584
116 116 -0.6634  0.0000 16.1088
124 116 -0.5000  0.1329  7.0932
132 116  1.5000  0.0000  8.2581
140 116  0.4874  0.0000 11.1304
148 116 -0.3732  0.3694 10.3318
156 116  1.3070  0.0337 12.4709
164 116  0.3468  2.5000 10.2045
172 116 -1.5000  0.0000  8.2581
180 116 -1.1911  0.0000  0.0000
188 116 -0.2412  0.0000  0.0000
196 116 -0.2437  0.0000  0.0000
204 116  0.1676  0.0000  0.0000
212 116  0.8689  0.0000  0.0000
220 116  2.5000  0.0000  8.8276
228 116  0.8567  0.0000 16.1088
236 116 -0.5000  0.0000  8.8276
244 116 -0.2412  0.0000  0.0000
252 116 -0.0096  0.0000 11.1304
260 116  0.0000 -1.8899  8.5742
268 116  0.0000  0.5000  8.2581
276 116  4.5000  2.5000  4.0635
284 116 -0.1468  0.7158 12.0903
292 116 -0.5000  2.5000  4.0635
  4 124 -0.0528 -0.0822  7.6469
 12 124  0.0626  0.0499  8.3912
 20 124 -0.0378  0.3930  7.1323
 28 124  0.0000 -0.5000  8.8276
 36 124  5.8102  0.5000  4.6545
 44 124  0.1055 -1.7165 10.3087
 52 124  0.1001 -0.0515 13.9636
 60 124 -0.5000  0.1575 10.5785
 68 124  0.0840  0.1173 13.9449
 76 124 -1.3096 -1.2594  7.1389
 84 124 -0.0188 -0.1074 19.1753
 92 124  1.3370 -0.1089  7.6301
100 124  1.0000  0.0000  8.2581
108 124 -0.2827 -0.0484 10.4354
116 124  0.0000  0.1063  6.9728
124 124 -0.3408  0.4179 10.4065
132 124  0.1050  2.5000  6.8903
140 124  0.0000 -0.5000  8.8276
148 124  2.0216  0.0000  0.0000
156 124  0.6178  0.0000  0.0000
164 124 -0.1913  0.0000 12.0628
172 124  0.1960  0.0000 11.1304
180 124  1.1824  0.0000  0.0000
188 124  2.5000  0.0000  8.8276
196 124  1.7247  0.0000  0.0000
204 124  3.7824  0.0000  0.0000
212 124  4.8459  2.5000  7.7576
220 124 -1.5000  0.2884  7.6510
228 124 -1.3436 -0.4035  5.4468
236 124 -0.5000  0.0000  8.8276
244 124  2.0572  0.0000  0.0000
252 124  2.7145  0.0000  0.0000
260 124  5.9201  0.0000  0.0000
268 124  0.3438  0.0000  0.0000
276 124  0.0256  0.0000 11.1304
284 124 -0.4112  0.0000 11.1304
292 124  0.3016  0.0000  0.0000
  4 132  1.5000  0.1359  7.4747
 12 132  0.0537 -0.0860 10.0273
 20 132 -0.1841  0.0418 12.3683
 28 132  0.7907  0.0000  0.0000
 36 132  0.6760  0.0000  0.0000
 44 132  0.2624  0.0000  0.0000
 52 132 -0.5000  0.0731  8.9510
 60 132 -0.2106  0.0000 11.1304
 68 132  0.0640  1.3812 11.7824
 76 132  2.5000  0.0000  8.8276
 84 132  0.0000 -0.3145  9.3674
 92 132 -0.1637  0.0000 16.1088
100 132  0.1825 -0.2174 12.5315
108 132  0.9751  0.0000  0.0000
116 132  1.6282  0.0000  0.0000
124 132  0.2375  0.3586 11.7728
132 132 -1.5000  2.5000  7.4357
140 132 -0.5000  0.0000  8.8276
148 132  0.2965 -0.2632 10.8887
156 132 -0.4165  0.0000  0.0000
164 132  0.1402  0.5000  9.6980
172 132  4.5000  4.5000  4.0635
180 132  3.5000 -0.1203  5.4468
188 132  3.1365  0.0000  0.0000
196 132  0.2441  0.0000  0.0000
204 132  0.0000  2.5000  8.8276
212 132 -0.3955  0.0000 16.1088
220 132  0.0000 -0.5000  8.8276
228 132  3.5000  0.0944  8.7605
236 132  1.6653  0.0000  0.0000
244 132  0.8673  0.0000  0.0000
252 132  1.4937  0.0000  0.0000
260 132  1.8837  0.0000  0.0000
268 132  1.0505  0.0000  0.0000
276 132  0.2665  0.0000  0.0000
284 132  0.5760  0.0000 17.0667
292 132  1.5000  2.5000  7.4357
  4 140  1.5165  0.0000  0.0000
 12 140  0.1960  2.5000 11.1304
 20 140  0.2264  1.7826  8.1086
 28 140  0.0000 -0.1960 11.1304
 36 140  0.5671  0.0000  0.0000
 44 140  1.8591  0.0000  0.0000
 52 140  2.5000  4.5000  4.5230
 60 140  0.9175  0.0000  0.0000
 68 140  0.0854 -1.5931 11.6704
 76 140  0.8223  0.0000  0.0000
 84 140  0.0000 -0.1063  6.9728
 92 140 -0.4287  0.0000  0.0000
100 140  0.3447 -0.0643 12.4063
108 140  1.2671  0.0000  0.0000
116 140 -0.5000  0.0000 11.1304
124 140  0.0683  0.0950 10.2097
132 140  0.0403  0.0000 11.1304
140 140 -0.0351  0.0000 16.1088
148 140  0.1936  2.5000 10.4490
156 140 -0.5000  0.0000  8.8276
164 140  0.3595  0.0000  9.2850
172 140  0.7770  0.0000  0.0000
180 140  1.6438  0.0000 16.1088
188 140  2.5000  0.0000  8.8276
196 140  1.1711  0.0000  0.0000
204 140  0.2680  0.0000  0.0000
212 140  0.3911  0.0000 16.1088
220 140  0.8600  0.0000  0.0000
228 140  0.2271 -0.5000  9.5143
236 140 -0.0701  0.0000  0.0000
244 140  0.0193  0.0000  0.0000
252 140 -0.2332  0.0000  0.0000
260 140 -0.1960  2.5000 11.1304
268 140  1.3800  0.0000 11.1304
276 140  2.6364  0.0000 11.1304
284 140  2.5000  0.0000  8.8276
292 140 -0.5000 -0.0286  6.3232
  4 148  1.7525  0.0000 11.1304
 12 148  0.3402  0.0000  0.0000
 20 148 -0.2521  0.0000  0.0000
 28 148  0.0000 -0.5000  8.8276
 36 148  1.1711 -0.0215 11.8291
 44 148 -0.5671  0.0000  0.0000
 52 148  0.1641  0.0000 19.1045
 60 148  0.0791  0.0000  0.0000
 68 148 -0.0264  0.3145 11.0777
 76 148  0.1912  0.0000 12.4272
 84 148 -0.3246 -0.5212  5.4468
 92 148  0.2780 -0.1270 13.3759
100 148  0.2526  0.0000 11.1304
108 148  0.3569  0.0000  0.0000
116 148 -0.5000 -0.5000  4.0635
124 148 -0.2973  0.0000 12.0628
132 148 -0.4457 -0.0765  9.9740
140 148  0.0000  2.5000  8.8276
148 148  0.9205  0.0000  0.0000
156 148  0.5224  0.0000  0.0000
164 148  0.1050  2.5000  6.8903
172 148  0.1936  1.5000  7.3143
180 148  0.0000  2.5000  8.8276
188 148 -0.0599  0.0000  0.0000
196 148  0.6965  0.0000  0.0000
204 148  1.1059  0.0000 11.1304
212 148  0.1215  0.1200 17.1775
220 148 -2.0000 -0.5000  4.6335
228 148  3.7933  0.0000  8.8276
236 148  0.2066  0.0578  9.2086
244 148  0.0000  0.1960 11.1304
252 148 -0.0069  0.0000  0.0000
260 148  0.1960  0.0000 11.1304
268 148 -0.6927  0.0000  0.0000
276 148  0.1863  0.0000  0.0000
284 148  0.0764  0.0000  0.0000
292 148 -0.5000 -0.0944  8.7605
  4 156  0.5000  0.0000  8.4768
 12 156  0.0000 -0.5000 11.1304
 20 156  0.0916  0.0000  0.0000
 28 156  0.0418 -0.1521 12.6567
 36 156  0.8158  0.0000  0.0000
 44 156 -0.0262  0.0078  7.7984
 52 156  0.0408 -0.0896  8.5235
 60 156  0.1867 -0.5000  6.4178
 68 156  0.1395 -0.1892 10.5867
 76 156  1.6178 -2.4375  7.7283
 84 156  1.0547  0.0000  0.0000
 92 156  0.2375 -0.3586 11.7728
100 156  0.0775  0.0000 11.1304
108 156 -0.0964  0.0000 11.1304
116 156 -0.1323  0.0000  0.0000
124 156  0.2470  0.0000 12.0628
132 156  0.4285  0.0000  0.0000
140 156 -0.0311  0.0000 11.1304
148 156 -0.5301  0.0000  0.0000
156 156  1.4670  0.0000  0.0000
164 156 -0.6046  0.0000  0.0000
172 156  0.1818 -0.1976 14.4739
180 156  0.0000 -0.1960 11.1304
188 156 -0.2907 -0.0403 10.5761
196 156 -0.7168  0.0000 12.0628
204 156 -0.1482  0.0000 16.1088
212 156  0.5000  0.0000 11.1304
220 156  0.2119  0.2415  6.5641
228 156  0.5850  0.0000  9.2850
236 156  0.2297  0.0000  0.0000
244 156  0.3458  0.0000  0.0000
252 156  0.7132  0.0000 11.1304
260 156  2.5000  0.0391  9.3822
268 156  1.5000 -2.5000  8.6137
276 156  0.8111  0.0000  0.0000
284 156  0.5113  0.0000  0.0000
292 156  0.3147  0.0000  0.0000
  4 164  0.8081  0.0000  8.0000
 12 164  1.0098  0.0000  0.0000
 20 164  0.3076  0.0000 11.1304
 28 164  0.0000 -0.5000  8.8276
 36 164 -0.2404  0.0000  0.0000
 44 164 -0.3172 -0.0286 11.4047
 52 164  0.0000 -2.0000 11.1304
 60 164  0.3127  0.1061  9.8739
 68 164  0.4328  0.0000 22.2609
 76 164  0.2780 -0.1270 13.3759
 84 164  0.2780  0.1270 13.3759
 92 164 -2.3677 -0.1145 12.8207
100 164  0.0000  2.5000  8.8276
108 164  0.2281  0.0000  0.0000
116 164 -0.3468  2.5000 10.2045
124 164  0.1243  0.0000 19.1045
132 164 -1.0825  0.0000  0.0000
140 164 -1.0000  0.0000 11.1304
148 164 -0.2381  0.0000  0.0000
156 164  0.7045  0.0000  0.0000
164 164 -0.0011  0.0000 11.1304
172 164  0.0757  0.0000 14.0659
180 164 -0.5000  0.0000 11.1304
188 164  0.9563  0.0000  0.0000
196 164  0.9517  0.0000 11.1304
204 164  0.7252  0.0000  0.0000
212 164  0.4991  0.0000  0.0000
220 164  0.1180 -0.5000  9.2850
228 164 -0.0418  0.1521 12.6567
236 164  1.2806  0.0000 11.1304
244 164  0.1556  0.0000  0.0000
252 164 -0.1592  0.0000 11.1304
260 164 -0.3178  0.0000  0.0000
268 164 -0.3885  0.0000  0.0000
276 164 -0.3335  0.0000  0.0000
284 164  0.0308  0.0000  0.0000
292 164  0.6360  0.0000  0.0000
  4 172 -0.2611 -0.1783  7.6338
 12 172  0.0151  0.0000  0.0000
 20 172  0.0418 -0.1521 12.6567
 28 172  0.7117  0.0000 11.1304
 36 172  1.6393  0.0000 16.1088
 44 172  2.7305  0.0000  8.0000
 52 172  2.2985  0.0000  0.0000
 60 172  0.0000 -4.6564 12.4564
 68 172  0.0000  3.5000  8.2581
 76 172  0.0000  2.5000  8.8276
 84 172  1.9104  0.0000  0.0000
 92 172 -0.5000  0.0000  8.8276
100 172 -0.4790  0.0000  0.0000
108 172 -1.0250  0.0000 11.1304
116 172 -0.1960  2.5000 11.1304
124 172 -0.0305 -0.2123  8.9248
132 172  0.2559  0.0000  0.0000
140 172  0.3582 -0.0491  8.7810
148 172 -0.0234  0.0000  0.0000
156 172  0.1174 -4.1710 14.6131
164 172  2.6359  3.5000  8.6646
172 172 -0.1079 -0.2349 11.3947
180 172 -0.0199  0.0000 11.1304
188 172 -0.1451  0.0000  0.0000
196 172 -0.3309 -0.0637  7.1846
204 172 -0.8917  0.0000 16.1088
212 172 -0.7795  0.0000 11.1304
220 172  1.1733  0.0000  8.5333
228 172 -0.0832  0.3131  9.8462
236 172 -0.3537  0.0000  1.0000
244 172 -0.5000  0.1588 10.5785
252 172  0.1079  0.0000 11.1304
260 172  1.3609  0.0000 11.1304
268 172  2.3069  0.0000 11.1304
276 172  2.0948  0.0000  0.0000
284 172  2.5368  0.0000  0.0000
292 172  4.5000 -0.5000  4.0635
  4 180 -0.3127  0.1061  9.8739
 12 180  4.5000  4.5000  4.0635
 20 180  0.1151 -0.1151 16.5161
 28 180 -0.0221 -0.1788 10.3874
 36 180 -1.5000  0.0000  8.2581
 44 180 -1.0129  0.0000  0.0000
 52 180 -0.5407  0.0000  0.0000
 60 180 -0.1547  0.0000  0.0000
 68 180 -0.0946  0.0000  0.0000
 76 180 -0.1750  0.0000  0.0000
 84 180  0.1401 -0.2399 12.1506
 92 180  1.2001  0.0000  0.0000
100 180  0.3271  0.0000  0.0000
108 180  1.1294  0.0000  0.0000
116 180  0.5000  5.0000  8.4768
124 180  0.1898  0.0000  9.4815
132 180 -1.6597  0.0000  0.0000
140 180 -3.1390  0.5000  5.4468
148 180 -0.8199  0.0000 16.1088
156 180  0.2965  0.2632 10.8887
164 180 -0.1313 -0.0812 16.9211
172 180 -0.1975  0.3225  8.8276
180 180 -0.2917  0.0000 11.1304
188 180  0.9877  0.0000  0.0000
196 180  1.5962  0.0000  0.0000
204 180  0.8259 -0.2914 12.6667
212 180  0.4043 -0.4043  8.0000
220 180  2.6509  0.0000  0.0000
228 180  0.3290 -0.5000  9.4815
236 180  0.1960  0.0000 11.1304
244 180 -0.6471  0.0000  0.0000
252 180 -0.4787  0.0000  0.0000
260 180 -1.0770  0.0000  0.0000
268 180 -0.9373  0.0000  0.0000
276 180 -0.5207  0.0000 11.1304
284 180 -0.1540  0.0000  0.0000
292 180 -0.3723  0.0000  0.0000
  4 188 -0.3966  0.0000 11.1304
 12 188 -0.2411  0.0000  0.0000
 20 188  0.0199 -0.0511 18.4336
 28 188 -0.1081  0.5628  7.4658
 36 188  2.5000  0.1121  4.3390
 44 188  1.2512  0.0000 16.1088
 52 188 -0.2611  0.1783  7.6338
 60 188 -1.4093  0.0000  0.0000
 68 188 -2.5665  0.0000  0.0000
 76 188 -1.6067  0.0000 16.1088
 84 188  0.1180 -0.5000  9.2850
 92 188  0.1608  0.0000  0.0000
100 188  0.5603  0.0000  0.0000
108 188  1.1924  0.0000  0.0000
116 188  1.8010  0.0000  0.0000
124 188  1.9083  0.0754  8.1346
132 188  1.2502  0.0000  0.0000
140 188  0.6043  0.0000  0.0000
148 188  1.8014  2.2459 13.7388
156 188  0.5167  0.0000  0.0000
164 188 -0.3229  0.0000  0.0000
172 188 -0.6874  0.0203  9.2302
180 188 -0.2802  0.0546 12.7691
188 188 -0.5664  0.0000  0.0000
196 188 -0.6080  0.0000  0.0000
204 188 -0.2299  0.0000  0.0000
212 188  0.4190  0.0000 11.1304
220 188 -0.3201 -0.1570 13.6756
228 188 -0.3832  0.0000 12.0455
236 188 -0.4292  0.0000 11.1304
244 188 -0.5738  0.0000  0.0000
252 188 -0.7021  0.0000  0.0000
260 188  0.8592  0.0000  0.0000
268 188  0.7701  0.0000  0.0000
276 188  0.1763  0.0000  0.0000
284 188 -0.2780  0.1270 13.3759
292 188 -1.6093  0.0000 11.1304
  4 196 -2.0307  0.0566 11.1681
 12 196 -0.6196  0.0000 11.9011
 20 196 -0.1180  2.5000  9.2850
 28 196  0.9709  0.0000 11.1304
 36 196  2.5000  0.1588 10.5785
 44 196  2.6782  0.0560  5.4468
 52 196  2.4918  0.0000 12.0455
 60 196  1.7932  0.0000  0.0000
 68 196  0.3732  0.3694 10.3318
 76 196  0.5494  0.0000 16.1088
 84 196  0.2333  0.0000  0.0000
 92 196 -0.2115  0.0000  0.0000
100 196 -0.4007  0.0000  0.0000
108 196 -0.1379  0.0000  0.0000
116 196 -0.2812  0.0000  0.0000
124 196 -0.5000 -4.8181  5.7949
132 196 -0.2882  0.0000  0.0000
140 196  1.5000 -0.0448  8.9013
148 196  0.7142  0.0000  0.0000
156 196  0.1248  0.0000 16.1088
164 196 -0.2780 -0.1270 13.3759
172 196 -0.7941  0.1400 11.2008
180 196 -1.7132  0.0248  8.8575
188 196 -0.5604  0.0000 11.1304
196 196  0.0000 -0.5000  8.8276
204 196  0.1248  0.0000  0.0000
212 196  0.0736  0.0000 11.1304
220 196 -0.2840  0.0000 16.1088
228 196 -0.0418 -0.1521 12.6567
236 196  0.3625  0.0000  0.0000
244 196  0.0836  0.0000  0.0000
252 196  0.4693  0.0000  0.0000
260 196  1.6523  0.0000  0.0000
268 196  2.3491  0.0000  0.0000
276 196  2.5000  0.0000  8.8276
284 196  1.3742  0.0000  0.0000
292 196 -0.1683  0.0000  0.0000
  4 204 -0.4333 -0.1897  9.7439
 12 204  0.0197  0.0204 13.2063
 20 204 -0.0832  0.3131  9.8462
 28 204 -0.2894  0.0000  0.0000
 36 204  0.0000 -0.5000  8.8276
 44 204 -0.1174  4.1710 14.6131
 52 204 -0.5000  0.0000  8.2581
 60 204 -1.7756 -1.2559 11.0143
 68 204  0.0675  0.0000  0.0000
 76 204  0.4787  0.0000  0.0000
 84 204  0.1788  0.0000  0.0000
 92 204 -0.2501  0.0000  0.0000
100 204 -0.7631  0.0000 11.1304
108 204 -1.2453  0.0000 16.1088
116 204 -0.7144  0.0000  0.0000
124 204 -0.2345  0.0000  0.0000
132 204  0.0497  0.0000  0.0000
140 204  0.2336  0.0000 16.1088
148 204  0.4631  0.0000 11.1304
156 204  1.2140  0.0000  0.0000
164 204  2.1970  0.0000  0.0000
172 204  1.0000  0.0000 11.1304
180 204 -0.1646  0.0000 11.1304
188 204  0.4584  0.0000 11.1304
196 204  1.3122  0.0000 19.1045
204 204  1.5000  0.0000  8.2581
212 204  0.0000  2.5000  8.8276
220 204  0.0000  2.5000  8.8276
228 204 -0.0832  0.3131  9.8462
236 204  0.1025  0.0000 16.1088
244 204 -0.0841  0.0000  0.0000
252 204 -0.5288  0.0000  0.0000
260 204 -0.4274  0.0000  0.0000
268 204 -0.4064  0.0000  0.0000
276 204 -0.5725  0.0000  0.0000
284 204 -0.9490  0.0000 11.1304
292 204  0.0000  2.5000  8.8276
  4 212  0.3577  0.0000 13.4737
 12 212  0.0910  0.0000 16.1088
 20 212 -0.1960  0.0000 11.1304
 28 212 -0.4781  0.0000  0.0000
 36 212 -0.6278  0.0000 16.1088
 44 212 -0.3468  2.5000 10.2045
 52 212 -0.1379  0.0000  0.0000
 60 212  0.0236  0.0000  0.0000
 68 212  0.1902  0.0000  0.0000
 76 212  0.5663  0.0000  0.0000
 84 212  1.7809  0.0000 11.1304
 92 212  5.2689  0.0000  0.0000
100 212  5.5000  2.5000  4.0635
108 212  0.0000  0.5000  8.0688
116 212 -0.2024  0.0000  0.0000
124 212  0.6163  0.0000 11.1304
132 212  1.5000 -0.0448  8.9013
140 212 -0.0377 -2.3850 12.5315
148 212 -0.1528  0.0000  0.0000
156 212  0.3964  0.0000  0.0000
164 212  0.9046  0.0000  0.0000
172 212  0.9288  0.0000  0.0000
180 212  0.1936 -0.5000 10.4490
188 212  0.0000 -0.5000  8.8276
196 212 -0.1068  0.3135 15.1963
204 212  0.0000  2.5000  8.8276
212 212  0.2086  0.0000 16.1088
220 212  0.5080  0.0000  0.0000
228 212 -0.1151  0.0000  9.4118
236 212 -0.1380  0.0000 16.1088
244 212 -0.1551  0.0000  0.0000
252 212 -0.1397  0.0000  0.0000
260 212 -0.0959  0.0000  0.0000
268 212  0.0041  0.0000 11.1304
276 212  0.0282  0.0000  0.0000
284 212  0.0099  0.0000 11.1304
292 212 -0.0229  0.0000  0.0000
  4 220 -0.0654  0.0927 17.0667
 12 220 -0.1174  4.1710 14.6131
 20 220  4.5000  4.5000  4.0635
 28 220 -0.0832  0.3131  9.8462
 36 220  0.1656  1.2539  9.4118
 44 220 -0.2567  0.0000  0.0000
 52 220 -0.2678 -4.0000  8.7646
 60 220  0.4684  0.0000  0.0000
 68 220  0.1924  0.0000  0.0000
 76 220 -0.3547  0.0000 11.1304
 84 220  1.1397  0.0000 11.1304
 92 220  2.6833  0.0000  0.0000
100 220  4.1023  0.0000  0.0000
108 220  4.7303  0.0000  4.2602
116 220  2.5000 -0.5000  7.6040
124 220  1.0952  0.0000 11.1304
132 220  1.1169  0.0000  0.0000
140 220  2.0497  0.0000 11.1304
148 220  2.7322  5.0000  7.6040
156 220  1.2289  0.0000  0.0000
164 220  0.2363  0.0000  0.0000
172 220  0.0338  0.0000  0.0000
180 220  0.2917  0.0000 11.1304
188 220  0.5000  0.0000 11.1304
196 220  0.4445  0.0000  0.0000
204 220  0.2607  0.0000  0.0000
212 220  0.0701  0.0000 11.1304
220 220 -0.0295  0.0000  0.0000
228 220  0.0000 -0.5000  8.8276
236 220  0.0000 -0.5000  8.8276
244 220  1.4889  0.0000  0.0000
252 220 -0.6273  0.0000  0.0000
260 220  0.0000 -0.5000  8.8276
268 220 -0.1515  0.0000  0.0000
276 220 -0.2414  0.0000 11.1304
284 220  0.0000  0.1960 11.1304
292 220  0.3319  0.0000  0.0000
