VARIABLES= "X pix", "Y pix", "U pix/dt", "V pix/dt", "CHC", ZONE I=28, J=37
  4   4  0.0000  0.0000 10.0830
 12   4  0.0559  0.0145  9.2916
 20   4 -0.0651  0.0274  8.8032
 28   4  0.0108  0.0122  8.8180
 36   4  0.0000  0.0000  8.7363
 44   4  0.0133  0.0864  8.9848
 52   4  0.0000 -0.0977  8.6855
 60   4  0.0000  0.0355  9.8096
 68   4  0.0049  0.0045 11.0518
 76   4 -0.0522  0.0025 10.9542
 84   4  0.0000 -0.0489 11.3279
 92   4 -0.0011 -0.0185 12.6655
100   4 -0.0028  0.0065 12.6921
108   4  0.0029  0.0562 11.7790
116   4  0.0452 -0.0226 12.1051
124   4  0.0000  0.0000 11.7754
132   4  0.0000  0.0162 11.8572
140   4  0.0000  0.0166 11.5214
148   4  0.0437 -0.0153 10.9598
156   4  0.0088  0.0012 11.7950
164   4 -0.0443 -0.0120 11.8912
172   4 -0.0148 -0.0020 12.0268
180   4 -0.0417 -0.0465 10.3711
188   4 -0.0163 -0.0370 11.3564
196   4  0.0429 -0.0005 11.9681
204   4 -0.0103 -0.0148 10.7806
212   4 -0.0335 -0.0044 11.0708
220   4  0.0496  0.0043  9.9649
228   4 -0.0366  0.0781 10.3141
236   4  0.0000  0.0000 10.0354
244   4  0.0000  0.0000 10.4425
252   4 -0.0194  0.0196 10.7338
260   4  0.0061  0.0156 14.4219
268   4  0.0000  0.1370 13.0655
276   4  0.0000  0.1026 13.1837
284   4  0.0000  0.0000 12.3586
292   4  0.0226 -0.0886 14.0205
  4  12  0.0000  0.0000 11.1271
 12  12  0.0000  0.0000 11.3629
 20  12  0.0000  0.0000 11.3629
 28  12  0.0000  0.0000  9.9740
 36  12  0.0000 -0.3700  7.7939
 44  12  0.0000  1.1793  7.8528
 52  12  0.0000  0.0000 10.8936
 60  12  0.0000 -0.3400 10.0737
 68  12  0.0802 -0.2051  8.2448
 76  12 -0.1526  0.0412 10.1203
 84  12  0.0000  0.0000  8.7227
 92  12 -0.0228  0.0275 15.3622
100  12  0.0000  0.0000 29.4045
108  12  0.0000  0.0000  9.3972
116  12  0.0000 -0.2220  7.6223
124  12  0.0000  0.3252  7.2328
132  12  0.0000  0.0000  8.0070
140  12  0.0270  0.0501  7.7899
148  12 -0.0102  0.0240  7.8646
156  12  0.0439  0.0200 29.1073
164  12 -0.0024 -0.0035 15.5801
172  12 -0.0150  0.1645  6.6132
180  12 -0.0101 -0.0299  6.6393
188  12  0.0353  0.0688  6.9926
196  12 -0.0114  0.0492  7.1147
204  12  0.0643  0.0085  9.7564
212  12 -0.0166  0.0306  7.9601
220  12  0.0081  0.0145  8.6945
228  12  0.0000  0.0000  8.0067
236  12 -0.0758  0.0000  9.3483
244  12  0.0000  0.0000  8.5105
252  12  0.0000  0.0000  8.6010
260  12  0.0068  0.0494  9.0495
268  12  0.1169 -0.0147  9.8261
276  12  0.0000  0.0000 10.6904
284  12  0.0182 -0.0072 11.4155
292  12  0.1676  0.0899 11.3654
  4  20  0.0000  0.0000  7.6713
 12  20  0.0000  0.0000  7.3713
 20  20  0.0063  0.0052 10.8372
 28  20  0.0000  0.0352 11.4819
 36  20  0.0118 -0.0069 13.0193
 44  20  0.0331 -0.0013 18.0937
 52  20 -0.0478 -0.0066 16.9530
 60  20  0.0077  0.0059 15.9545
 68  20  0.0000  0.0000 15.2917
 76  20  0.0000  0.0000 18.1322
 84  20 -0.0025 -0.0030 17.7019
 92  20  0.0000  0.0000 15.3021
100  20  0.0049 -0.0125 16.7692
108  20  0.0000  0.0000 19.9032
116  20 -0.0128 -0.0105 17.6834
124  20 -0.0089  0.0179 17.5006
132  20  0.0114  0.0118 18.7440
140  20 -0.0099  0.0533 21.2971
148  20  0.0000  0.0000 29.7876
156  20  0.0023 -0.0058 21.4726
164  20 -0.0111 -0.0020 32.7332
172  20  0.0010  0.0000 17.4440
180  20 -0.0015  0.0266 26.6954
188  20 -0.0147  0.0035 34.9119
196  20  0.0376  0.0033 24.2123
204  20  0.0569  0.0160 22.4655
212  20  0.0038  0.0036 21.2794
220  20  0.0000  0.0000 18.6904
228  20  0.0112 -0.0743 16.4147
236  20  0.0085  0.0249 14.5029
244  20 -0.0049  0.0404 17.1089
252  20  0.0117  0.1658 15.3705
260  20  0.0215  0.1103 13.5364
268  20  0.0000  0.0000 11.7049
276  20  0.0000  0.0000 19.5981
284  20 -0.0268 -0.0397 17.3678
292  20 -0.0141  0.0891 13.2549
  4  28  0.0000  0.0000  9.2378
 12  28  0.0034  0.0113 11.5344
 20  28  0.0205 -0.0025 15.7379
 28  28  0.0027 -0.0103  8.9931
 36  28 -0.0026  0.0361  7.5927
 44  28  0.0000  0.0000  7.7963
 52  28 -0.0022  0.0024  7.4428
 60  28  0.0000 -0.0129  7.4052
 68  28 -0.0083  0.0015  7.9013
 76  28  0.0000  0.0000  7.5748
 84  28  0.0000  0.0000  7.4279
 92  28  0.0000  0.0000  7.6463
100  28  0.0000  0.0000  7.6258
108  28 -0.0654  0.0012  7.8264
116  28  0.0000  0.0000  9.4875
124  28 -0.0700 -0.0397  6.7552
132  28 -0.0158 -0.0809  5.7880
140  28 -0.0467 -0.0778  5.8233
148  28  0.0000  0.0000 11.8991
156  28  0.0312  0.0015 16.8528
164  28  0.0206 -0.0022 13.1293
172  28  0.0009 -0.0027 11.1382
180  28  0.0000  0.0000  7.3750
188  28 -0.0020  0.0114  6.5119
196  28  0.0152  0.0118  6.4997
204  28  0.0000  0.0000  6.0757
212  28  0.0000  0.0000  6.1269
220  28 -0.0339 -0.0166  6.1505
228  28  0.0222  0.0176  6.4869
236  28 -0.0032 -0.0209  6.5001
244  28 -0.0216  0.0139  6.9510
252  28 -0.0028 -0.0074  7.6887
260  28  0.0000  0.0000  8.6029
268  28 -0.0173  0.0484  7.3858
276  28 -0.0030 -0.0016  6.8516
284  28 -0.0205  0.0074  6.8381
292  28  0.0075 -0.0298  7.0509
  4  36  0.0347 -0.1317 11.1057
 12  36  0.0000 -0.0855 10.6035
 20  36  0.0000  0.0000 12.5902
 28  36  0.0000  0.0000 13.2265
 36  36  0.0000  0.0000 14.0146
 44  36  0.0076  0.0363 15.8002
 52  36  0.0000  0.0000 13.0603
 60  36 -0.0756 -0.2450 10.1137
 68  36  0.0000  0.0036  8.9046
 76  36  0.0000  0.0000  7.6269
 84  36  0.0000  0.0000  7.2698
 92  36  0.0000  0.0000 13.7257
100  36  0.0000  0.0000 16.1088
108  36  0.0000  0.0000 16.1088
116  36  0.0000  0.0000 11.1304
124  36  0.1088  0.1876 13.0169
132  36  0.0000  0.0000 17.0667
140  36  0.0000  0.0000 19.1045
148  36  0.0000  0.0000 13.2602
156  36  0.0017 -0.0013 14.9973
164  36  0.0000  0.0000 14.1216
172  36  0.0001 -0.0004  9.6063
180  36  0.0743 -0.1053  7.7108
188  36 -0.0267  0.0463  8.2041
196  36  0.0000  0.0000  8.4034
204  36  0.0355 -0.0169 14.4959
212  36  0.0105 -0.0012 12.4018
220  36  0.1002 -0.0445 13.8894
228  36 -0.0843 -0.1210 11.8519
236  36 -0.0396  0.0064 12.6764
244  36  0.1718  0.0124 12.4251
252  36  0.1764 -0.0160 13.4862
260  36  0.0000  0.0000 13.7366
268  36  0.1911  0.0433  9.3392
276  36  0.0000  0.0000 15.0588
284  36  0.0000  0.0000 16.4360
292  36  0.0000  0.0000 13.7885
  4  44  0.0979  0.0087 12.6137
 12  44  0.0000  0.0000 11.9696
 20  44  0.0000  0.0000  8.8770
 28  44  0.0000  0.0000  7.4680
 36  44  0.0000  0.0000  7.4479
 44  44  0.3276  0.0408  5.9441
 52  44  0.0000  0.0000 12.0628
 60  44  0.0000  0.0000 11.1304
 68  44  0.0000  0.0000  0.0000
 76  44  0.0000  0.0000  0.0000
 84  44  0.0000  0.0000  0.0000
 92  44 -0.2749  0.0000  8.5018
100  44  0.0000  0.0000  0.0000
108  44  0.2080  0.2715 12.3107
116  44  0.5000  0.0000  8.4768
124  44  0.0000  0.0000 11.9011
132  44  0.0000  0.0000  0.0000
140  44 -0.0693 -0.0278  6.4382
148  44 -0.0008 -0.0130  9.4926
156  44  0.0000  0.0000  8.5706
164  44  0.0000  0.0000  9.1051
172  44  0.0000  0.0000  6.6482
180  44  0.0000  0.0000  8.8167
188  44  0.0000  0.0000 16.6957
196  44 -0.0081 -0.1913  8.2514
204  44  0.0000  0.0000  7.8987
212  44 -0.0269 -0.0044  8.8842
220  44  0.0241  0.1492  9.4656
228  44  0.0000  0.0000 12.9245
236  44  0.0371 -0.0552  8.4717
244  44  0.0000  0.0000 10.3707
252  44 -0.0910  0.0242 11.8051
260  44  0.0082 -0.0127 12.2364
268  44  0.0111 -0.0939 13.4449
276  44  0.0552 -0.0342 21.8288
284  44 -0.1306  0.1639 11.7658
292  44  0.2014 -2.0678 12.0927
  4  52  0.0000  2.5000  8.8276
 12  52  0.0000  0.0000  0.0000
 20  52  0.0000  0.0000  0.0000
 28  52  0.0000  0.0000  0.0000
 36  52  0.0000  0.0000 11.1304
 44  52  0.0000  0.0000  0.0000
 52  52  0.0000  0.0000  0.0000
 60  52 -0.0233 -0.7126 12.2635
 68  52  0.0000  0.0000  0.0000
 76  52  0.0000  0.0000  0.0000
 84  52  0.0000  0.0000  0.0000
 92  52  0.0589 -0.1562 14.0477
100  52  0.0000  0.0000 12.5250
108  52  0.0000  0.0000 11.8785
116  52  0.1848  0.1044 13.1469
124  52  0.0000  0.5000 11.1304
132  52  0.0000  2.5000  8.8276
140  52  0.0000  0.0000 16.1088
148  52  0.0085  0.2552  9.6445
156  52  0.0000  0.0000 11.0903
164  52  0.0000  0.0000 14.6657
172  52  0.0494 -0.1977 11.4907
180  52  1.5000  0.0000  8.2581
188  52  0.0000  0.0000 16.1088
196  52  0.0000  0.0000  0.0000
204  52  0.0000  0.0000  0.0000
212  52 -0.5000  0.0000  8.8276
220  52  2.5000  0.0000  8.8276
228  52  0.0822  0.1211  8.7118
236  52 -0.0958  0.2726 13.5817
244  52  0.0000  0.0000 10.7778
252  52 -0.2625  0.4323 11.1982
260  52 -0.0877 -0.0150 12.1377
268  52 -0.1115  0.0173  7.9644
276  52 -0.0191  0.1365  7.8769
284  52  0.0296 -0.1166  9.5686
292  52  0.0000  0.0000 11.4605
  4  60  0.0000  0.0000 11.1304
 12  60  0.0000  0.0000 11.1304
 20  60  0.0000  0.0000  0.0000
 28  60  0.0000  0.0000 11.1304
 36  60  0.0000  0.0000  0.0000
 44  60  2.5000  0.0000  8.8276
 52  60 -0.4535  0.0130 10.4895
 60  60  0.0000  0.0000 12.9293
 68  60 -0.2831 -0.2444 10.3204
 76  60  0.0000  0.0000  8.4696
 84  60 -0.0375 -0.0981 10.3726
 92  60 -0.1007  0.1359  9.1088
100  60 -0.0210  0.0091 14.8593
108  60  0.0000  0.0000  8.9379
116  60  0.0000  0.0000 11.1304
124  60 -0.1056  1.5746 10.0855
132  60  0.0000  0.0000 10.7010
140  60 -0.0239  0.0407 14.0016
148  60  0.0000 -0.2435 12.7023
156  60  0.0000  0.0000 12.0628
164  60  0.0000  0.0000 16.1088
172  60  0.0000  0.0000 16.1088
180  60  0.0000  0.0000 12.0455
188  60  0.0000  0.0000  0.0000
196  60  0.0000  0.0000  0.0000
204  60  0.0000  0.0000 11.1304
212  60  0.0000  0.0000 13.5576
220  60  0.0000  0.0000  0.0000
228  60  0.0000  0.0000  0.0000
236  60  0.0767  0.3753  6.4621
244  60 -0.2907 -0.0403 10.5761
252  60  0.0000  0.0000 12.0628
260  60  0.0000  0.0000 16.6956
268  60  0.0000  0.0000 10.6514
276  60  0.0000  0.0000 11.1304
284  60  0.0000 -2.0000 11.1304
292  60  0.0000  0.0000 16.1088
  4  68  0.0000  0.0000 11.1304
 12  68  0.0000  0.0000 12.0628
 20  68  0.0000  0.0000 11.1304
 28  68  0.0000  0.0000  0.0000
 36  68  0.0000  0.0000  0.0000
 44  68  0.0000  0.0000  8.4768
 52  68 -1.9653  0.0509 12.1668
 60  68  0.0203 -0.1804 15.3082
 68  68 -1.3070 -0.0337 12.4709
 76  68 -0.1174  4.1710 14.6131
 84  68  0.1591  0.0663  9.7455
 92  68  0.0000  0.0000  0.0000
100  68  0.0000 -2.5000 11.1304
108  68  0.0000  0.0000  0.0000
116  68  0.0000  0.0000 17.0667
124  68  0.0000  0.0000 11.1304
132  68  0.0000  0.0000 19.1045
140  68 -0.0842 -0.2496 11.9070
148  68  1.0492 -0.0305 12.6667
156  68  0.0000  0.0000 11.1304
164  68  0.0000  0.0000  0.0000
172  68  0.0000  0.0000  0.0000
180  68  0.3577  2.5000 13.4737
188  68  0.0000  0.0000 11.1304
196  68  0.0000  0.0000  0.0000
204  68  0.0000  0.0000 11.1304
212  68  0.2414  0.0000 11.1304
220  68  0.0000  0.0000  0.0000
228  68  4.5000  4.5000  4.0635
236  68  0.0000  0.0000  0.0000
244  68 -0.5000  0.0000  8.8276
252  68 -0.1313  0.0812 16.9211
260  68  0.0000  0.0000  0.0000
268  68 -0.1841 -0.0418 12.3683
276  68  0.0000  0.0000 11.0903
284  68 -0.5000  0.0000  8.8276
292  68  0.0000  0.0000 11.1304
  4  76 -0.1918 -0.0874 13.8643
 12  76 -0.1450 -0.0664  7.2810
 20  76 -0.0443 -0.0096 13.4443
 28  76 -0.1457 -0.0255 10.2240
 36  76  0.0000  0.0000 10.6090
 44  76 -0.5000  0.0000  8.8276
 52  76 -0.6769  0.0461 13.3130
 60  76  0.0000  0.0000  8.9379
 68  76  0.0000  0.0000 17.0667
 76  76 -0.0990 -0.1084 14.1241
 84  76 -0.5000 -1.8890  8.4253
 92  76  0.0000  0.0000  0.0000
100  76  0.0557  0.0193 15.2661
108  76  0.0000  0.0000 11.9011
116  76  0.0000  0.0000 11.1304
124  76 -0.0418 -0.1521 12.6567
132  76  0.0000  0.0000  9.8617
140  76  0.3379 -0.0536  7.5091
148  76  0.0000  0.0000  0.0000
156  76  0.0000  0.0000 11.1304
164  76  0.0000  0.0000  0.0000
172  76  0.0000  0.0000 16.1088
180  76 -0.5000  0.0000 11.1304
188  76  0.0000  0.0000  0.0000
196  76  0.0000  0.0000 11.1304
204  76  0.0000  0.0000  0.0000
212  76  0.0000  0.0000 11.1304
220  76 -0.0306  1.1731 10.3746
228  76 -0.3610 -0.3610  5.9535
236  76  0.0000  0.0000 11.1304
244  76 -1.5000  0.0000  8.2581
252  76  0.0000  0.0000  0.0000
260  76  0.0000  0.0000  0.0000
268  76  0.0000 -2.0000 11.1304
276  76  0.0000  0.0000 16.1088
284  76  0.0000  0.0000 12.0455
292  76  0.0000  0.0000 11.9011
  4  84  0.0000  0.0000 12.3039
 12  84  0.0000  0.0000  9.1906
 20  84  0.0000  0.0000 12.0455
 28  84  0.0000  0.0000 11.3350
 36  84  0.0000  0.0000 11.1304
 44  84 -0.2465 -0.1880  8.9023
 52  84 -1.4108  0.0152 10.3817
 60  84 -0.5000  0.0000  8.8276
 68  84  0.0000  0.0000 11.1304
 76  84  0.0000 -0.5000  8.8276
 84  84  0.1927 -0.0788 17.1842
 92  84  0.5000  0.0000  8.4768
100  84  0.0000  0.0000  0.0000
108  84 -0.5000  4.5000  4.0635
116  84  0.4043  0.4043  8.0000
124  84  0.1151  0.1151 16.5161
132  84  0.0000  0.0000  0.0000
140  84  0.0000  0.0000  8.2581
148  84  0.0000  0.0000  0.0000
156  84  0.2780  0.1270 13.3759
164  84  0.0000  0.0000 11.1304
172  84  0.0000  0.0000  0.0000
180  84 -0.1180 -0.5000  9.2850
188  84  0.0000  0.0000  0.0000
196  84  0.0000  0.0000 16.1088
204  84  0.0000  0.0000  0.0000
212  84  0.0000  0.0000 11.1304
220  84  0.0000  0.0000  0.0000
228  84  0.0000  0.0000 16.1088
236  84  0.0000  0.0000  0.0000
244  84  0.0000  0.0000 11.1304
252  84  0.0000  0.0000 16.1088
260  84     NaN  0.0000 17.0667
268  84  0.0000  0.0000  0.0000
276  84  0.0000  0.0000 11.1304
284  84  0.0000  0.0000 11.1304
292  84  0.0000  0.0000 16.1088
  4  92  0.0000  0.0000  0.0000
 12  92  0.2229  0.0709 11.7747
 20  92  0.0000  0.0000 11.1041
 28  92  0.4043  0.4043  8.0000
 36  92  0.0000  0.0000  0.0000
 44  92  0.0000  0.0000 11.1304
 52  92  0.0000  0.0000  0.0000
 60  92  0.0000  0.0000 11.1304
 68  92  0.0000 -2.0000 11.1304
 76  92  0.0000  0.0000  0.0000
 84  92  0.0000  0.0000 11.1304
 92  92  0.0000  0.0000 17.0667
100  92  0.0000  0.0000  0.0000
108  92  0.0000  0.0000  8.8276
116  92  0.1548  0.5000 10.8245
124  92  0.0000  0.0000 16.1088
132  92  0.0000  0.0000 16.6957
140  92  0.9520 -0.1491 12.1468
148  92 -0.2780  0.1270 13.3759
156  92  2.5000  0.0000  8.8276
164  92  0.0000  0.0000 13.1641
172  92  0.0000  0.0000 11.1304
180  92  0.1622  0.1553 16.6418
188  92 -0.1576  0.1532 10.8330
196  92 -1.1731  0.0306 10.0981
204  92  0.0000  0.0000 11.1304
212  92  0.0000  0.0000  0.0000
220  92  0.0000  0.0000  0.0000
228  92  0.0000  0.0000 11.1304
236  92  0.0000  0.0000  0.0000
244  92  0.0000  0.0000  0.0000
252  92  0.1960  0.0000 11.1304
260  92  0.0000  0.0000  0.0000
268  92  0.0000  0.0000  0.0000
276  92  0.0000  0.0000  0.0000
284  92  0.0000  0.0000 11.1304
292  92  0.0000  0.0000  0.0000
  4 100  0.0000  0.0000 13.8829
 12 100 -1.0000 -0.1813  7.1671
 20 100  0.0000  0.0000 16.1088
 28 100  0.0000  0.0000  0.0000
 36 100  0.0000  0.0000 16.1088
 44 100  0.0000  0.0000 11.1304
 52 100  0.0000  0.0000 12.0628
 60 100  0.0000  0.0000 17.0667
 68 100 -1.5491  0.1144  8.6016
 76 100  0.0000  0.0000 11.1304
 84 100  0.0000  0.0000 16.1088
 92 100  0.0000  0.0000 10.3285
100 100  0.0000  0.0000 11.5340
108 100  0.0000  0.0000 13.5576
116 100  0.0000  0.0000  0.0000
124 100  0.0000  0.0000 16.1088
132 100  0.0270 -0.6337 10.0420
140 100 -1.3070  0.0337 12.4709
148 100  0.0000  0.0000 11.1304
156 100  0.0000  0.0000 11.1304
164 100  0.0000  2.5000  8.8276
172 100  0.2780  0.1270 13.3759
180 100  0.0000  0.0000  0.0000
188 100 -0.2080 -0.2715 12.3107
196 100  0.0000  0.0000 11.1304
204 100  0.0000  0.0000 12.0455
212 100  0.0000  0.0000  0.0000
220 100  0.0000  0.0000  0.0000
228 100  0.0000  0.0000 11.1304
236 100  0.0000  0.0000 11.1304
244 100  0.0000  0.0000  0.0000
252 100  0.0000  0.0000 16.1088
260 100  0.0000  0.0000  0.0000
268 100  0.2080 -0.2715 12.3107
276 100  0.0000  0.0000 11.1304
284 100  0.0000  0.0000 16.1088
292 100  0.0000  0.0000 16.1088
  4 108  0.0000  0.0000 11.1304
 12 108  0.0000  0.0000  0.0000
 20 108  0.0000  0.0000 16.1088
 28 108  0.0000  0.0000  0.0000
 36 108  0.0000  0.0000  0.0000
 44 108  0.0000  0.0000 16.1088
 52 108  0.0000  0.0000 11.9011
 60 108  0.0000  0.0000 16.1088
 68 108  0.0000  0.0000  0.0000
 76 108  0.0000  0.0000  0.0000
 84 108  0.0000  0.0000  0.0000
 92 108  0.0000  0.0000 12.9293
100 108  0.0000  0.0000 13.7544
108 108  0.0000  0.0000 13.3260
116 108  0.0000  0.0000 11.1304
124 108  0.0000  0.0000 13.9636
132 108  0.0610 -0.5000  7.7665
140 108  0.0000  0.0000 12.0628
148 108  0.2849  1.0000 13.1959
156 108  0.0000  0.0000  0.0000
164 108  0.0000  0.0000  0.0000
172 108 -0.0698 -0.2911 10.5124
180 108  0.0000  0.0000  0.0000
188 108  0.0000  0.0000  0.0000
196 108  0.0000  0.0000  0.0000
204 108  0.0000  0.0000  0.0000
212 108 -0.2907 -0.0403 10.5761
220 108  0.0000 -1.7251  8.5018
228 108 -0.5000 -0.1180  9.2850
236 108  0.0000  0.0000 11.1304
244 108  0.0000  0.0000  0.0000
252 108  0.0000  0.0000 11.1304
260 108  0.0000  0.0000 11.1304
268 108  0.0000  0.0000 20.7059
276 108  0.1215  0.1200 17.1775
284 108  0.0000  2.5000  8.8276
292 108  0.0000 -0.5000  8.8276
  4 116  0.0000  2.0000 11.1304
 12 116 -0.0777  0.0421  8.6687
 20 116 -0.1464 -0.0363 12.0249
 28 116 -0.0796  0.0000  7.3376
 36 116  0.0000  0.0000  0.0000
 44 116  2.5000  0.0000  8.8276
 52 116 -0.2907  0.0403 10.5761
 60 116  0.0000  0.0000 17.7968
 68 116  0.0000  0.0000 16.1088
 76 116  0.0000  0.0000 16.1088
 84 116  0.0000  0.0000  0.0000
 92 116  0.0000  0.0000 15.8661
100 116 -1.3070  0.0337 12.4709
108 116  0.0000  0.0000 14.5615
116 116  0.0000  0.0000 12.3458
124 116  0.0000  0.0000 16.1088
132 116 -2.5000  2.5000  7.6040
140 116  0.0000  0.0000 11.1304
148 116  0.0000 -0.0855 10.6035
156 116  0.0000  0.0000  0.0000
164 116  0.0000  0.0000 11.1304
172 116 -1.0000  0.0000  9.2850
180 116  0.0000  0.0000  0.0000
188 116  0.0000  0.0000  0.0000
196 116  0.0000  0.0000  0.0000
204 116  0.0000  0.0000 11.1304
212 116  0.0000  0.0000  0.0000
220 116  0.0000  0.0000  0.0000
228 116  0.0000  0.0000 16.1088
236 116  0.0000  0.0000  0.0000
244 116  0.0000  0.0000  0.0000
252 116  0.0000  0.0000 11.1304
260 116  0.0000  0.0000 11.1304
268 116  0.0000  0.0000  0.0000
276 116  0.0000  0.0000  0.0000
284 116  0.0000  0.0000 16.1088
292 116 -0.1841 -0.0418 12.3683
  4 124  0.5000  3.8895  6.1277
 12 124  0.2059  0.0896  7.8979
 20 124  0.0000  0.0000  7.3911
 28 124  0.0000  0.0000 16.1088
 36 124  0.0000  0.0000 10.1261
 44 124  0.0907 -0.0281 11.9426
 52 124  0.0000  0.0000 11.1304
 60 124 -0.1019 -0.4345  7.0515
 68 124 -0.0969  0.0377  7.2108
 76 124  1.3070 -0.0337 12.4709
 84 124 -0.0152 -0.0197 12.1354
 92 124  0.0000  0.0000 10.1191
100 124  0.0000  0.0000 13.3565
108 124  0.0000  0.0000 11.1304
116 124  0.0000  0.0000 16.1088
124 124  0.0000  0.0000 11.1304
132 124  0.0000  0.0000  0.0000
140 124  0.0000  0.0000  0.0000
148 124  0.0000  0.0000  0.0000
156 124  0.0000  0.0000  0.0000
164 124  0.0000  0.0000  0.0000
172 124  0.0000  0.0000  9.2850
180 124     NaN  0.0000 17.0667
188 124  0.0000  0.0000  0.0000
196 124  0.0000  0.0000 11.1304
204 124  0.0000  0.0000  0.0000
212 124  0.0000  0.0000  0.0000
220 124  0.0000  0.0000  0.0000
228 124  0.0000  0.0000  0.0000
236 124  0.0000  0.0000 11.1304
244 124  0.0000  0.0000 11.1304
252 124  0.0000  0.0000  0.0000
260 124  0.0000  0.0000 11.1304
268 124 -0.5000  0.0000  8.8276
276 124  0.0000  0.0000 11.1304
284 124  0.0000  0.0000 16.1088
292 124  0.0000  0.0000 16.1088
  4 132  0.0157  0.0133  9.7816
 12 132 -0.0636 -0.0124 13.2315
 20 132  0.0000  0.0000 16.1088
 28 132  0.0000  0.0000 13.3565
 36 132  0.4237  0.1382 11.3655
 44 132  0.0913 -0.2044 18.7317
 52 132  0.0000  0.0000  0.0000
 60 132  0.0000  0.0000 17.2172
 68 132 -0.3902 -0.2865  5.6571
 76 132     NaN  0.0000 17.0667
 84 132  0.0781  0.2900 11.4946
 92 132  0.0000  0.0000 10.2729
100 132  0.0632 -0.0557 16.2106
108 132  0.0000  0.0000 11.1304
116 132  0.0000  0.0000 13.1641
124 132  0.3732  0.3694 10.3318
132 132  0.0000  0.0000  0.0000
140 132  0.0000  0.0000 17.2183
148 132  0.0000  0.0000  0.0000
156 132  0.0000  0.0000  0.0000
164 132  0.0000  2.5000  8.8276
172 132  0.0000  0.0000 11.1304
180 132  0.0000  0.0000  0.0000
188 132  0.0000  0.0000  0.0000
196 132  0.0000  0.0000 11.1304
204 132  0.0000  0.0000  0.0000
212 132  0.0000  0.0000  0.0000
220 132  0.0000  0.0000  0.0000
228 132  0.0000  0.0000  0.0000
236 132  0.0000  0.0000 16.1088
244 132  0.0000  0.0000 16.1088
252 132  0.0000  0.0000 11.1304
260 132  0.0000  0.0000 11.1304
268 132  0.0000  0.0000 11.1304
276 132  0.0000  0.0000  0.0000
284 132  0.0000  0.0000  8.2581
292 132  0.0000  0.0000  0.0000
  4 140  0.0000  0.0000 11.1304
 12 140  0.0000  0.0000 12.0455
 20 140  0.0000  0.0000  0.0000
 28 140  0.0000  0.0000  0.0000
 36 140  0.0000  0.0000  0.0000
 44 140  0.0000  0.0000 11.1304
 52 140  0.0000  0.0000 11.1304
 60 140  0.0000  0.0000 14.5615
 68 140  0.0000  2.5000  8.8276
 76 140  0.0000  0.0000  0.0000
 84 140  1.3070 -0.0337 12.4709
 92 140 -0.0418  0.1521 12.6567
100 140  0.0000  0.0000 11.1304
108 140  0.0000  0.0000  0.0000
116 140  0.0000  0.0000 11.1304
124 140  0.0000  0.0000 12.0628
132 140  0.0000  0.0000  0.0000
140 140  0.0000  0.0000 11.1304
148 140  0.0000  0.0000 11.1304
156 140  0.0000  0.0000 11.1304
164 140  0.0000  0.0000 12.0628
172 140  0.0000  0.0000 11.1304
180 140  0.0000  0.0000  0.0000
188 140  0.0000  0.0000  0.0000
196 140  0.0000  0.0000 11.1304
204 140  0.0000  0.0000 11.1304
212 140  0.0000  0.0000 11.1304
220 140  0.5000  0.1960  5.4468
228 140  0.0000 -0.5000  8.8276
236 140  0.0000  0.0000  0.0000
244 140  0.0000  0.0000  0.0000
252 140  0.0000  0.0000  0.0000
260 140  0.0000  0.0000  0.0000
268 140  0.0000  0.0000 11.1304
276 140  0.0000  0.0000 11.1304
284 140  0.0000  0.0000 16.1088
292 140  0.0000  0.0000  8.8276
  4 148  0.0000  0.0000 19.1045
 12 148 -0.1721  0.0287 10.0000
 20 148  0.1565 -0.0763  9.4606
 28 148  0.0000  0.0000 11.1304
 36 148  0.0000  0.0000  0.0000
 44 148  0.0000  0.0000  0.0000
 52 148  0.0000  0.0000 11.1304
 60 148 -0.0418  0.1521 12.6567
 68 148  0.0000 -0.5000  8.8276
 76 148  0.0000  0.0000 16.1088
 84 148  0.0000  0.0000  0.0000
 92 148  0.0000  0.0000 11.1304
100 148  0.0000  0.0000 11.1304
108 148  0.0000  0.0000  0.0000
116 148  0.0000  0.0000 11.1304
124 148 -0.1960  0.0000 11.1304
132 148  0.0000  0.0000  0.0000
140 148 -0.1180  2.5000  9.2850
148 148  0.0000  0.0000 16.1088
156 148  0.0000  0.0000 11.1304
164 148  0.0000  0.0000 12.0455
172 148  0.0000  0.0000  0.0000
180 148  0.0000  0.0000  0.0000
188 148  0.0000  0.0000  8.4768
196 148  0.0000  0.0000 11.1304
204 148     NaN  0.0000 17.0667
212 148  0.0000  0.0000 17.2183
220 148  0.0000  0.0000 11.1304
228 148  0.0000  0.0000 11.1304
236 148  0.0000  0.0000 11.1304
244 148  0.0000  0.0000 11.1304
252 148  0.0000  0.0000  0.0000
260 148  0.0000  0.0000 13.1641
268 148  0.0000  0.0000  0.0000
276 148  0.0000  0.0000  0.0000
284 148  0.0000  0.0000 11.1304
292 148 -0.2743  0.0236 10.8782
  4 156  0.0000  0.0000  0.0000
 12 156  0.0000  0.0000  0.0000
 20 156  0.0000  0.0000 12.0455
 28 156  1.0492 -0.0305 12.6667
 36 156  0.0000  0.0000  0.0000
 44 156  0.0000  0.0000  0.0000
 52 156  0.0000  0.0000 11.1304
 60 156  0.0000  0.0000 17.2183
 68 156  0.0000  0.0000 11.1304
 76 156  0.0000  0.0000  8.2581
 84 156  0.0000  0.0000 16.1088
 92 156  0.0000 -0.5000  8.8276
100 156 -0.2780  0.1270 13.3759
108 156  0.0000  0.0000 19.1045
116 156  0.0000  0.0000 16.1088
124 156  0.0000  0.0000 12.0628
132 156  0.0000  0.0000  0.0000
140 156 -0.0698  0.2911 10.5124
148 156  0.0000  0.0000 11.1304
156 156  0.0000  0.0000 11.1304
164 156  0.6001 -0.1776  6.9856
172 156  0.0000  0.0000 16.1088
180 156  0.0000 -0.5000  8.8276
188 156  0.0000  0.0000  0.0000
196 156  0.0000  0.0000  0.0000
204 156  0.1960 -0.5000 11.1304
212 156  0.0000  0.0000 17.2183
220 156  0.0000  0.0000 19.4783
228 156  0.0000  0.0000  0.0000
236 156 -0.1556  0.0000 12.2969
244 156  0.0000  0.0000  8.4768
252 156  0.0000  0.0000  0.0000
260 156  0.0000  0.0000  0.0000
268 156  0.1050 -0.5000  6.8903
276 156  0.0000  0.0000  0.0000
284 156  0.0000  0.0000  0.0000
292 156  0.0000  0.0000  0.0000
  4 164  0.0000  0.0000  0.0000
 12 164  0.0000  0.0000  0.0000
 20 164 -1.0000  0.0000  9.2850
 28 164  0.0000  0.0000  0.0000
 36 164 -0.0371  0.1203  7.0183
 44 164  0.4699 -0.0122  8.9640
 52 164  0.0000  0.0000  0.0000
 60 164 -0.8968  0.7165  7.9144
 68 164  0.1841 -0.0418 12.3683
 76 164 -0.0381 -0.0604 10.1086
 84 164  0.0000  0.0000  0.0000
 92 164  0.5000  0.0000  8.8276
100 164  0.0000  0.0000  0.0000
108 164  0.0000  0.0000  0.0000
116 164  0.0000  0.0000 11.1304
124 164  0.0000  0.0000 10.9491
132 164  0.0000  0.0000 11.1304
140 164  0.0000  0.0000 16.1088
148 164  0.0000  0.0000 11.1304
156 164  0.0000  0.0000  0.0000
164 164  0.0000  0.0000  0.0000
172 164 -0.0190 -0.1576 12.4836
180 164  0.0000  0.0000  0.0000
188 164  0.0000  0.0000  0.0000
196 164  0.0000  0.0000 16.1088
204 164  1.5000  0.0000  8.2581
212 164  0.5000  0.0000 11.1304
220 164  0.0000  0.0000 11.1304
228 164  0.0000  0.0000 13.5576
236 164  0.5000  0.0000 11.1304
244 164 -0.5000  0.0000 11.1304
252 164  0.0000  0.0000 11.1304
260 164  0.0000  0.0000 17.2183
268 164  0.0000  2.5000  8.8276
276 164  0.0000  0.0000  0.0000
284 164  0.0000  0.0000  0.0000
292 164  0.0000  2.5000  8.8276
  4 172  0.0000  0.0000  0.0000
 12 172 -0.2780  0.1270 13.3759
 20 172  0.0000  0.0000 16.1088
 28 172  0.0000  0.0000 16.1088
 36 172  0.0000  0.0000 16.1088
 44 172  1.5000  1.8890  8.4253
 52 172  0.0000  0.1960 11.1304
 60 172  0.0000 -0.5000  8.8276
 68 172 -0.5000 -0.0533  8.8724
 76 172  0.0000  0.0000 16.7450
 84 172  1.5000  0.0000  8.2581
 92 172  0.0000  0.0000 11.1304
100 172  0.0000  0.0000 11.1304
108 172  0.0000  0.0000  0.0000
116 172  0.0000  0.0000 11.1304
124 172  0.0000  0.0000 11.1304
132 172  0.0000  0.0000  0.0000
140 172  0.0000  0.0000 11.1304
148 172  0.0000  0.0000 11.1304
156 172  0.0000  0.0000 11.1304
164 172  0.0000  0.0000  0.0000
172 172  0.0000  0.0000 12.4810
180 172  0.0000  0.0000 11.1304
188 172  0.0000  0.0000  0.0000
196 172  0.0000  0.0000 16.7450
204 172  0.0000  0.0000 11.1304
212 172  0.0000  0.0000  0.0000
220 172  0.0418  0.1521 12.6567
228 172  0.0000  0.0000  0.0000
236 172  0.0000  0.0000 13.0803
244 172  0.0000  0.0000  0.0000
252 172  0.0000  0.0000 11.1304
260 172  0.0000  0.0000 11.1304
268 172  0.0000  0.0000 11.1304
276 172  0.0000  0.0000  0.0000
284 172  0.0000  0.0000  0.0000
292 172  0.0000  0.0000 11.1304
  4 180  0.0000 -0.5000  8.8276
 12 180  0.0000  0.0000 12.0628
 20 180  0.0000  0.0000 11.1304
 28 180  0.0000 -0.5000  8.8276
 36 180  0.0000  0.0000 11.1304
 44 180  0.0000  0.0000  0.0000
 52 180  0.0000  0.0000 11.1304
 60 180  0.0000  0.0000  0.0000
 68 180 -0.1068  0.3135 15.1963
 76 180  0.0000  0.0000  0.0000
 84 180  0.0000  0.0000 16.1088
 92 180  0.0000  0.0000 12.3458
100 180  0.0000  0.0000  0.0000
108 180  0.0000  0.0000 16.1088
116 180 -0.5000  0.0000  8.8276
124 180  0.0000  0.0000 16.1088
132 180  0.0000  0.0000 11.1304
140 180  0.0000  0.0000 11.1304
148 180  0.0000  0.0000  0.0000
156 180  0.0000  0.0000  0.0000
164 180  0.0000  0.0000  0.0000
172 180  0.1491  0.0000 15.3706
180 180  0.0000 -0.5000  8.8276
188 180  0.0000  0.0000  0.0000
196 180  0.0000  0.0000 12.0628
204 180  0.0000  0.0000  0.0000
212 180  0.0000  0.0000 20.7059
220 180  0.0000  0.0000 17.2183
228 180  0.0000  0.0000  0.0000
236 180 -0.1556  0.0000 12.2969
244 180  0.0000  0.0000  0.0000
252 180  0.0000  0.0000  0.0000
260 180  0.0000  0.0000 11.1304
268 180  0.0000  0.0000 11.1304
276 180  0.0000  0.0000 11.1304
284 180  0.0000  0.0000  0.0000
292 180  0.0000  0.0000 11.1304
  4 188  0.0000  0.0000  0.0000
 12 188 -0.1960  0.0000 11.1304
 20 188  0.0000  0.0000 11.1304
 28 188  0.0000  0.0000 16.1088
 36 188  0.0000  0.0000 11.1304
 44 188  0.0000  0.0000  0.0000
 52 188  0.0000  0.0000 11.1304
 60 188  0.0000 -0.5000  8.9154
 68 188 -0.0696  0.0812 10.9765
 76 188  0.0000  0.0000 16.1088
 84 188  0.0000  0.0000  9.2850
 92 188  0.0000  0.0000  0.0000
100 188  0.0000  0.0000  0.0000
108 188  0.0000  0.0000 12.0455
116 188  0.0000  0.0000  0.0000
124 188  0.0000  0.0000  0.0000
132 188  0.0000  0.0000 11.1304
140 188  0.0000  0.0000  0.0000
148 188  0.0000  0.0000 11.1304
156 188  0.0000  0.0000 11.1304
164 188  0.0000  0.0000 11.1304
172 188  0.0000  0.0000  9.1555
180 188  0.0000  0.0000 11.1304
188 188  0.0000  0.0000  0.0000
196 188 -1.3070  0.0337 12.4709
204 188  0.0000  0.0000 11.1304
212 188 -0.0610  0.5000  7.7665
220 188  2.5000  0.0000  8.8276
228 188  2.5000  0.0000  8.8276
236 188  0.0000  0.0000 11.1304
244 188  0.0000  0.0000  0.0000
252 188  0.0000  0.0000  0.0000
260 188  0.0000  0.0000  0.0000
268 188  0.0000  0.0000  0.0000
276 188  0.0000  0.0000  0.0000
284 188  0.0000  0.0000  0.0000
292 188  0.0000  0.0000  0.0000
  4 196  0.0000  0.0000 11.1304
 12 196  0.0000  0.0000 17.2183
 20 196 -0.0588 -0.1540 12.1232
 28 196  0.0000  0.0000  0.0000
 36 196  0.0000  0.0000 16.1088
 44 196  0.0000  0.0000  0.0000
 52 196  0.0000  0.0000 11.1304
 60 196  0.0000  0.0000  0.0000
 68 196  0.0000  0.0000 17.2183
 76 196  0.0000  0.0000 11.1304
 84 196 -0.0698  0.2911 10.5124
 92 196  0.0000  0.0000  0.0000
100 196  0.0000  0.0000 19.1045
108 196  0.0000  0.0000 11.1304
116 196     NaN  0.0000 17.0667
124 196  0.0000  0.0000  0.0000
132 196  0.0000  0.0000 11.1304
140 196  0.0000  0.0000  0.0000
148 196  0.0000  0.0000  0.0000
156 196 -0.5000  0.0000  8.8276
164 196  0.0000  0.0000 16.1088
172 196  0.0000  0.0000 10.3926
180 196  0.0000  0.0000  0.0000
188 196  0.0000  0.0000  0.0000
196 196  0.0000  0.0000  0.0000
204 196  0.0000  0.0000 16.1088
212 196 -1.1731  0.0306 10.0981
220 196  0.0000  0.0000 16.1088
228 196  0.0000  0.0000  0.0000
236 196  0.1960  0.0000 11.1304
244 196  0.0000  0.0000  0.0000
252 196  0.0000  0.0000  0.0000
260 196  0.0000  0.0000 11.1304
268 196  0.0000  0.0000  0.0000
276 196  0.0000  0.0000  0.0000
284 196  0.0000  0.0000 11.1304
292 196  0.0000  0.0000 11.1304
  4 204  0.1393  0.0603 22.4709
 12 204  0.1849 -0.0642  8.1852
 20 204  0.5000 -0.3889  6.6693
 28 204  0.0000  0.0000 11.1304
 36 204  0.0000  0.0000 11.1304
 44 204  0.0000  0.0000 11.1304
 52 204  0.1960 -0.5000 11.1304
 60 204  0.0000 -0.5000  8.8276
 68 204  0.0000  0.0000 16.1088
 76 204  0.0000  0.0000 12.0628
 84 204  0.0000  0.0000 22.2609
 92 204  0.0000  0.0000 11.1304
100 204  0.0000  0.0000 17.2183
108 204  0.0000  0.0000  0.0000
116 204  0.0000  0.0000  0.0000
124 204  0.0000  0.0000  0.0000
132 204  0.0000  0.0000  0.0000
140 204  0.0000  0.0000  0.0000
148 204  0.0000  0.0000 11.1304
156 204  1.5000  0.0000  8.2581
164 204  0.0000  0.0000  0.0000
172 204  0.0000  0.0000 22.2609
180 204  0.0000  0.0000 11.1304
188 204  0.0000  0.0000 11.1304
196 204  0.0000  0.0000  0.0000
204 204  0.0000  0.0000 16.1088
212 204  0.0000  0.0000 20.7059
220 204  0.0000  0.0000 11.1304
228 204  0.0000  0.0000 11.1304
236 204 -1.0000  0.0000  9.2850
244 204  0.0000  0.0000 11.1304
252 204  0.0000  0.0000  0.0000
260 204  0.0000  0.0000  0.0000
268 204  0.0000  0.0000  0.0000
276 204  0.0000  0.0000  0.0000
284 204  0.0000  0.0000  0.0000
292 204 -0.0783 -0.1415 11.1304
  4 212 -0.1472 -0.0299  8.4583
 12 212  0.0000  0.0000 11.1304
 20 212  0.0000  0.0000 16.1088
 28 212  0.0000  0.0000  8.0000
 36 212  0.0000  0.0000 16.1088
 44 212  0.0000  0.0000 11.1304
 52 212  1.5000 -0.0836  9.2702
 60 212  0.0000  0.0000 11.9011
 68 212  0.0000  0.0000 11.9011
 76 212  0.0000  0.0000 13.5576
 84 212  0.0000  0.0000 11.1304
 92 212  0.0000  0.0000 11.1304
100 212  0.0000  0.0000  0.0000
108 212  0.0000  0.0000 12.0628
116 212  0.0000  0.0000  0.0000
124 212  0.0000  0.0000  0.0000
132 212  0.0000  0.0000 11.1304
140 212  0.0000  0.0000  0.0000
148 212  2.5000  0.0000  8.8276
156 212  2.5000  0.0000  8.8276
164 212  5.2144  0.1297 12.6657
172 212  0.0000 -0.5000  8.9154
180 212  0.0000  0.0000 12.0628
188 212  0.0000  0.0000  0.0000
196 212  0.0000  0.0000  0.0000
204 212  0.0000  0.0000  0.0000
212 212 -0.5000  0.0000  8.8276
220 212  0.0000  0.0000 16.1088
228 212  0.0000  0.0000  0.0000
236 212  0.2749  0.0000  8.5018
244 212  0.0000  0.0000 11.1304
252 212 -1.5000  0.0000  8.2581
260 212  0.0000  0.0000  0.0000
268 212  0.0000  0.0000  0.0000
276 212  0.0000  0.0000  0.0000
284 212  0.0000  0.0000  0.0000
292 212  0.0000  0.0000 11.1304
  4 220 -1.1253  0.3483  8.3038
 12 220  0.0000  0.0000  0.0000
 20 220  0.0000  0.0000  0.0000
 28 220  0.1960  0.0000 11.1304
 36 220  0.0000  0.0000 11.1304
 44 220  0.0000  0.0000  0.0000
 52 220  0.1841 -0.0418 12.3683
 60 220  0.3259  0.0000  6.2439
 68 220  0.0000  0.0000  0.0000
 76 220  0.0000  0.0000  0.0000
 84 220  0.0000  0.0000  0.0000
 92 220  2.5000  0.0000  8.8276
100 220  0.0000  0.0000  0.0000
108 220  0.0000  0.0000 19.1045
116 220  0.0000  0.0000  0.0000
124 220  0.0000  0.0000  0.0000
132 220  0.0000  0.0000  0.0000
140 220  0.0000  0.0000 11.1304
148 220  0.3591  0.1134  8.9682
156 220  0.0000  0.0000  0.0000
164 220  0.0000  2.5000  8.8276
172 220  0.0000  0.0000 17.0667
180 220  0.0000  0.0000 12.0455
188 220  0.0000  0.0000  0.0000
196 220  0.0000  0.0000  0.0000
204 220  0.0000  0.0000  0.0000
212 220  0.0000  0.0000  0.0000
220 220  0.0000  0.0000  0.0000
228 220  0.0000  0.0000  0.0000
236 220  0.2769 -0.0575 10.2185
244 220 -0.0677 -0.2414 11.7124
252 220  0.0000  0.0000  0.0000
260 220  0.0000  0.0000 11.1304
268 220  0.0000  0.0000  0.0000
276 220  0.0000  0.0000  0.0000
284 220  0.0000  0.0000 16.1088
292 220  0.0000  2.5000  8.8276
