VARIABLES= "X pix", "Y pix", "U pix/dt", "V pix/dt", "CHC", ZONE I=28, J=37
  4   4  0.0000  0.1413 11.4425
 12   4  0.0577  0.0509 10.4504
 20   4  0.0000  0.0886 10.4619
 28   4  0.0571  0.0583 10.5326
 36   4  0.0000  0.0955 10.3318
 44   4  0.0000  0.2497  9.4010
 52   4  0.0000 -0.0675  9.5154
 60   4  0.0000 -0.0637  9.8406
 68   4 -0.0369 -0.0324 10.4772
 76   4  0.0421  0.0291 10.9897
 84   4 -0.0436 -0.0750 10.9835
 92   4  0.0414 -0.0286 11.4352
100   4 -0.0159 -0.0421 12.1920
108   4  0.0000  0.0081 11.8081
116   4 -0.0100 -0.0197 12.4134
124   4  0.0000  0.0512 12.3336
132   4  0.0032 -0.0371 12.4984
140   4  0.0000  0.0209 11.8613
148   4 -0.0203  0.0345 12.3896
156   4  0.0000  0.0081 11.8081
164   4  0.0419 -0.0836 12.0852
172   4  0.0000  0.0258 10.9073
180   4 -0.0529  0.0112 11.8358
188   4  0.0531  0.0168 12.2631
196   4  0.0028 -0.0058 11.9963
204   4  0.0548  0.0005 12.0749
212   4  0.0178  0.0855 11.3286
220   4 -0.0452  0.1278 10.4037
228   4  0.1015 -0.1119 11.3086
236   4  0.1452 -0.0352  8.3316
244   4  0.0112 -0.1393 11.3788
252   4 -0.0119 -0.0679 13.5065
260   4  0.0261 -0.0663 13.0553
268   4  0.0000 -0.1034 14.2406
276   4 -0.0128  0.0622 15.0276
284   4  0.0000  0.0684 15.0037
292   4  0.0000  0.0193 11.6266
  4  12  0.0000  1.2591  9.2086
 12  12  0.0000  1.3042  6.8449
 20  12  0.2623  1.1043  6.5107
 28  12 -0.5000  2.0361 13.4737
 36  12  0.2989  2.5253  9.3822
 44  12  0.0884  0.0000  5.4468
 52  12  0.0000  1.2067 13.4737
 60  12  0.0000  1.6687 11.2134
 68  12  0.3459  0.8230  9.9375
 76  12  0.3782  0.7022  9.2022
 84  12  0.0000  1.2527  8.0938
 92  12  0.1993  0.3844  9.1055
100  12 -0.0321  0.7832 11.4881
108  12 -0.0352  1.4106  7.9133
116  12  0.0000  0.8447  8.9154
124  12  0.0000  0.7569  9.5104
132  12  0.0000  0.7052  9.2453
140  12  0.0000  0.5775  8.1963
148  12 -0.1185  0.4505  7.9058
156  12 -0.1413  0.2525  6.7057
164  12  0.0234  0.7729  8.3579
172  12 -0.0940  0.6645  9.4317
180  12 -0.0684  0.4391  7.2139
188  12 -0.0566  0.7491  7.6769
196  12 -0.0166  0.7290  6.8177
204  12  0.1052  0.3992  9.6145
212  12  0.0579 -0.1452  7.6850
220  12  0.0698  0.6343  7.3432
228  12  0.0000  0.8076  6.4068
236  12 -0.0000  0.5592  6.9060
244  12  0.0102  0.4925  7.2907
252  12 -0.0077  0.4290  7.2069
260  12  0.0738  0.8442  7.6314
268  12 -0.0770  0.8092  7.9062
276  12  0.0249  0.2002  8.4743
284  12 -0.0366  0.3200  8.8264
292  12  0.0100  0.2654  9.8778
  4  20  0.0580 -0.1439 11.0241
 12  20  0.0110 -0.1988 10.2166
 20  20 -0.0229  0.0369 10.4021
 28  20  0.0000  0.0219 11.0475
 36  20 -0.1324  0.0965  9.8447
 44  20 -0.0315  0.0015  6.8928
 52  20 -0.0712  0.2126  6.7401
 60  20  0.0563  0.1050  7.3549
 68  20  0.0144  0.0255  6.2360
 76  20  0.1268 -6.4506  6.8248
 84  20 -0.2235  0.0000  5.2320
 92  20 -0.1173  0.7896  8.4978
100  20  0.0046  1.0141 14.2599
108  20 -0.0155  0.0000 12.8414
116  20 -0.0258  0.0000  9.5571
124  20  0.0188  0.1059  9.7488
132  20  0.0568  0.0000 10.4024
140  20  0.0037  0.0000 11.5355
148  20  0.0487  0.0000 11.2434
156  20 -0.0315  0.6239 12.2351
164  20  0.0173  0.5256 23.8303
172  20  0.0167 -0.1358 19.1487
180  20  0.1120  0.0000 19.3456
188  20  0.2121  0.0000 12.0710
196  20  0.3578  0.1036 12.3607
204  20  0.1817  0.1974 10.6087
212  20  0.2487  0.3376 10.3695
220  20  0.1092  0.2335 16.8529
228  20 -0.0220  0.0858 17.4989
236  20 -0.1878  0.1053 12.8830
244  20  0.0699  0.2546 17.1022
252  20 -0.0401  0.2673 22.5161
260  20  0.0079  0.2346 17.3312
268  20  0.1046  0.1651 13.5588
276  20  0.1125  0.4554 21.1268
284  20 -0.0342  0.1123 10.4838
292  20  0.3748  0.1477  9.8239
  4  28  0.0319  0.2021 12.0233
 12  28 -0.0730  0.1326 14.7273
 20  28  0.1028  0.1040 12.9026
 28  28  0.0684  0.0851  9.9106
 36  28  0.0118  0.1048  8.8156
 44  28 -0.0111  0.1457  8.8127
 52  28  0.0138  0.1224  8.2513
 60  28  0.0000  0.0868  7.9579
 68  28 -0.0973  0.1438  9.4330
 76  28  0.0447  0.0816  7.9946
 84  28  0.0086  0.0879  7.2549
 92  28 -0.1120  0.0867  8.1429
100  28 -0.0077  0.1541  8.9743
108  28  0.0668 -0.0074  7.3871
116  28  0.0348 -0.0823  8.2341
124  28 -0.1055  0.0510  6.9804
132  28  0.0215  0.1229  6.2633
140  28 -0.0365  0.1131  6.5955
148  28  0.0345  0.3054 12.4778
156  28  0.1285  0.1990 13.4519
164  28 -0.1869  0.2688 15.8141
172  28 -0.0265  0.1313 11.8715
180  28  0.0135 -0.0303  6.8440
188  28 -0.0035 -0.0166  6.5694
196  28  0.0205  0.0203  6.7429
204  28  0.0014  0.1134  6.9050
212  28  0.0158  0.0702  6.9125
220  28  0.0482 -0.0017  6.6109
228  28 -0.0195  0.0619  6.7553
236  28  0.0059  0.1276  7.0277
244  28  0.0525  0.1666  8.3740
252  28 -0.0218  0.0967  9.0970
260  28 -0.0165  0.0829 10.5724
268  28  0.0322  0.0885  8.2715
276  28  0.0113  0.0858  7.5894
284  28 -0.0406  0.0748  7.9939
292  28  0.0279  0.0481  7.9893
  4  36 -0.2923 -0.3656  7.9930
 12  36 -0.0411  0.1196  7.0784
 20  36  0.0802  0.1700  7.0783
 28  36 -0.0705 -0.0343 11.9739
 36  36 -0.0352 -0.1254 15.2216
 44  36  0.1351 -0.1197 15.6685
 52  36 -0.1091  0.0704 12.7489
 60  36  0.1323  0.1497 13.1029
 68  36  0.0261  0.1540 11.2881
 76  36  0.1030  0.2815  9.4308
 84  36 -0.1611  0.0117  6.8810
 92  36 -0.0517 -0.0270  9.5613
100  36 -0.0250  0.3169  9.7312
108  36  2.5000 -0.0669  9.9505
116  36 -0.6315  2.5000  7.5832
124  36 -0.5000  0.0000 11.1304
132  36 -0.1921  0.0000  0.0000
140  36  0.0000 -0.1917 11.2011
148  36 -0.0721 -0.0247 13.6544
156  36  0.0411  0.8307 12.1099
164  36  0.0688  0.5831 11.2269
172  36  0.0254  0.0301 10.3084
180  36 -0.1092  0.2292  8.3703
188  36  0.0267  0.0172  9.3378
196  36 -0.0641  0.0049 10.3034
204  36  0.0657 -0.0921 13.1759
212  36 -0.1141 -0.0069 12.3766
220  36 -0.0119 -0.0679 13.5065
228  36  0.2632  0.2122 11.6241
236  36 -0.1780  0.0883 14.5826
244  36 -0.0149  0.2749  9.0775
252  36 -0.1965  0.0282 10.0909
260  36 -0.0247 -0.0352 11.3474
268  36  0.0524  0.2361 10.2253
276  36 -0.0437  0.1611 11.4073
284  36 -0.1395  0.1187 17.2944
292  36  0.1077  0.1051 14.2222
  4  44  0.2159  0.0594 12.6474
 12  44  0.0871  0.1878 14.2840
 20  44 -0.0667  0.1583 12.2694
 28  44 -0.0322 -0.0168  9.7727
 36  44  0.1121 -0.2040  8.3610
 44  44 -0.1609  1.6065  6.0952
 52  44  0.0000  0.3577  9.9740
 60  44 -0.0402  0.0000  0.0000
 68  44  0.0247  0.0000  0.0000
 76  44  0.0731  0.0000  0.0000
 84  44  0.1809  0.0000  0.0000
 92  44 -0.6907  0.2991  8.0688
100  44  1.1161  0.0000 11.1304
108  44  2.5000 -4.1518  8.9418
116  44 -1.0601 -4.5000 10.2400
124  44  2.5000 -0.3468 10.2045
132  44  1.0826  0.0000  0.0000
140  44 -0.0782 -0.1462  4.9130
148  44  0.0544  0.4131  9.2757
156  44 -0.0279  0.5659  7.5513
164  44  0.0415  0.5307  7.9299
172  44  0.0887  0.1443  7.3814
180  44  0.4293  0.2821  9.7552
188  44  0.0000  0.1696 12.5902
196  44 -0.0344 -0.0276 10.6815
204  44  0.0940  0.0164 10.3071
212  44  0.0566  0.0925 11.4920
220  44 -0.0033  0.1355 11.2402
228  44  0.0581 -0.0086 12.1168
236  44  0.0535  0.2142  8.5281
244  44 -0.1763  0.1711 11.5526
252  44 -0.0025  0.0092 10.8973
260  44  0.0678  0.0933 13.4235
268  44  0.0639  0.0040 16.2559
276  44  0.1853  0.2977 11.4855
284  44  0.0000  0.1368  8.0688
292  44  0.0373  0.0000 11.0903
  4  52  0.1995 -1.5000  8.1529
 12  52  0.2692  0.0000  0.0000
 20  52 -0.6264  0.0000  0.0000
 28  52  0.5043  0.0000  0.0000
 36  52  1.1826  0.0000  0.0000
 44  52 -0.1960 -0.5000 11.1304
 52  52  1.0121  0.0000  0.0000
 60  52  0.3309  0.0637  7.1846
 68  52  0.1172  0.0000 11.1304
 76  52  1.2062  0.0000  0.0000
 84  52  2.1258  0.0000  0.0000
 92  52  0.6755  0.0095  7.2564
100  52  0.4072  0.1075 10.1614
108  52  0.1996  0.2563 12.9394
116  52  0.2623 -0.2895 13.5929
124  52  0.2626 -0.3144  8.8152
132  52 -0.5000  0.0000  8.8276
140  52  0.2096  0.1203  6.7192
148  52  0.0000 -0.3869  8.9941
156  52 -0.1705 -0.0419  9.5111
164  52 -0.1743  0.8509  9.3498
172  52 -0.1393  3.3544  7.3143
180  52  1.6882  0.3471  6.6888
188  52  0.3988  0.0000  0.0000
196  52  0.0000  2.5000  8.8276
204  52  0.2748  0.0000  0.0000
212  52  0.1063  0.0000  6.9728
220  52  0.0000 -1.5713  8.0359
228  52  0.1577 -0.1036  9.7568
236  52  0.1353  0.0199  8.9863
244  52 -0.3471  0.1142  9.4181
252  52 -0.3131 -0.0693  8.6486
260  52  0.1014 -0.1021  9.1810
268  52 -0.0687 -0.0107  8.2117
276  52 -0.0137  0.2649  9.5156
284  52 -0.0130  0.2551 11.0574
292  52 -0.0924 -0.0442 14.2785
  4  60  1.8792  0.0000  0.0000
 12  60  4.5000 -0.5000  4.0635
 20  60  1.9822  0.0000  0.0000
 28  60  0.7535  0.0000  0.0000
 36  60 -0.0360  0.0000  0.0000
 44  60  0.0920  0.0000 11.1304
 52  60  0.2617  0.0000 12.0628
 60  60 -0.1522  0.0000 12.9293
 68  60 -0.0579  0.2001 13.7634
 76  60  0.0222  0.1179 10.7987
 84  60  0.1778  0.2298  7.9491
 92  60 -0.0188  1.3228  8.2933
100  60  0.2700 -0.0161 14.6842
108  60  2.0000  0.0000  6.2537
116  60 -0.5000 -0.2582  7.0137
124  60 -1.1308  0.0903 13.7651
132  60  0.1574 -0.1142  6.4229
140  60 -0.1417  0.4225  8.1387
148  60  0.0000 -0.3130 11.4988
156  60 -0.2639  0.0000  0.0000
164  60 -0.1314  0.0000 11.9011
172  60  0.1960 -0.5000 11.1304
180  60 -0.1960  0.0000 11.1304
188  60  0.0000  2.5000  8.8276
196  60 -0.3625  0.0000  0.0000
204  60 -0.3889  0.0000 11.1304
212  60 -0.2538  0.0000  0.0000
220  60 -0.4414  0.0000  0.0000
228  60 -0.3093  0.0000  0.0000
236  60 -0.3874  1.5000  9.9810
244  60 -0.0411 -0.0821  5.5538
252  60  0.2702 -0.2516  9.3130
260  60 -0.3127  0.1061  9.8739
268  60 -0.0065 -0.0452 12.4272
276  60  0.4337 -0.0578  8.8276
284  60  0.2362  0.0000 11.1304
292  60  0.2989 -0.3159  6.6617
  4  68 -0.0505  0.0000 11.1304
 12  68  0.0000  0.1960 11.1304
 20  68 -0.0593  0.0000  0.0000
 28  68 -0.0230  0.0000  0.0000
 36  68  0.0000  1.5000  7.8528
 44  68 -0.0361 -0.0799 21.1975
 52  68  0.5000  0.3077 12.4924
 60  68  0.1138 -0.1378 11.4627
 68  68  2.2932  0.0000 11.9011
 76  68  3.5000 -0.1203  5.4468
 84  68  0.1901  0.2235 11.8769
 92  68  0.0000  1.5000  5.4468
100  68 -0.2490  0.0000  0.0000
108  68  0.4180  0.0000  0.0000
116  68  1.5000 -0.0448  8.9013
124  68 -0.1960  0.0000 11.1304
132  68 -0.2780  0.1270 13.3759
140  68  0.1075  2.5797  8.2286
148  68  0.0000  0.1960 11.1304
156  68  0.0000 -0.0855 10.6035
164  68  2.5000  2.0000  8.8276
172  68  0.7424  0.0000 11.1304
180  68  0.1960 -0.5000 11.1304
188  68  2.0392  0.0000 11.1304
196  68  0.2438  0.0000  0.0000
204  68  0.0000 -0.5000  8.8276
212  68 -0.0541 -0.5000  8.9908
220  68  0.0000 -0.1960 11.1304
228  68 -0.5000 -0.5000  4.0635
236  68 -0.2365  0.0000  0.0000
244  68 -0.0824  0.0000 11.1304
252  68  0.1063  0.0000  6.9728
260  68 -0.1394  0.0000 16.1088
268  68 -0.2238  0.0000 16.1088
276  68 -0.1439 -0.0853 11.4193
284  68  0.0000 -0.5000  8.8276
292  68  2.5000  0.0000  8.8276
  4  76  0.3432 -0.1843  6.6551
 12  76  0.0791  0.0308  7.8866
 20  76 -0.2122 -5.3967  5.0954
 28  76  0.2941 -0.2017 13.7014
 36  76 -0.0814  0.4001  8.5018
 44  76 -0.1195  1.0576  7.0137
 52  76  0.0466  0.3112  7.0330
 60  76  0.2844  0.0000  5.7929
 68  76  0.2980  0.0000  8.0000
 76  76  0.2954  0.1438 11.1706
 84  76 -0.1369  1.9225  8.6588
 92  76  1.0432  0.0000  0.0000
100  76 -0.5000 -0.1588 10.5785
108  76 -0.2855  0.1732 10.8782
116  76  5.0000 -0.5000  8.8276
124  76 -0.2917  0.0000 11.1304
132  76 -0.5756 -0.6356  4.6446
140  76 -0.3634  0.0000  6.9986
148  76 -0.2772  0.0000  0.0000
156  76 -0.3648  0.0000  0.0000
164  76 -0.1104  0.0000 11.1304
172  76 -0.2188  0.0000 16.1088
180  76 -0.3468  2.5000 10.2045
188  76  0.0000 -0.5000  8.8276
196  76 -0.1872  0.0000  0.0000
204  76 -0.1672  0.0000  0.0000
212  76  0.4176  0.0000  8.0000
220  76  0.1151 -0.1151 16.5161
228  76 -0.5955  0.0000  8.2581
236  76 -0.4170  0.0000  0.0000
244  76 -0.3496 -1.6861  7.1424
252  76  4.5000 -0.5000  4.0635
260  76  1.1010  0.0000  0.0000
268  76  0.2902  0.0000  0.0000
276  76  0.3257  0.0000 16.1088
284  76  0.4117  0.0000 11.9011
292  76  0.1656  0.0786 10.7522
  4  84  0.3064  0.1922 11.7317
 12  84  0.0920  0.4076  6.9578
 20  84  0.1394  0.2987 10.1076
 28  84 -2.9116  0.2494 10.1103
 36  84 -1.6629  0.0000  0.0000
 44  84  0.1525  0.3018  9.4092
 52  84 -0.2733  4.0000  6.1029
 60  84 -0.1890  0.0000  0.0000
 68  84 -0.1151 -0.1151 16.5161
 76  84 -0.2582  0.0000  0.0000
 84  84 -0.1546  0.0660 18.6254
 92  84  0.2907  1.6239  7.4662
100  84  0.0000  0.1960 11.1304
108  84  0.3246  0.0000  0.0000
116  84  1.2596  0.3479  7.1968
124  84  0.1528  0.1027 14.7692
132  84  0.0251  0.4545  6.7383
140  84  1.8815 -0.1208 10.5850
148  84  0.6500  0.0000  0.0000
156  84 -0.3468 -1.0000 10.2045
164  84 -0.2839  0.0000  0.0000
172  84  0.0000 -0.5000  8.8276
180  84 -1.5000  0.0000  8.2581
188  84  0.2387  0.0000  0.0000
196  84  0.5135  0.0000 16.1088
204  84  0.6450  0.0000  0.0000
212  84  0.7548  0.0000  0.0000
220  84  0.3261  0.0000 11.1304
228  84  0.1737 -0.1462 14.9553
236  84  0.5865  0.0000  0.0000
244  84 -0.3127  0.1061  9.8739
252  84 -1.6237  0.0000  0.0000
260  84 -0.2070  0.0000  0.0000
268  84 -0.5345  0.0000  0.0000
276  84 -1.2733  0.0000  0.0000
284  84  0.0000  2.5000  8.8276
292  84  0.0044  0.0000 16.1088
  4  92 -0.3135  0.0000  0.0000
 12  92  0.0000 -0.5000 12.0628
 20  92  0.0698 -0.0690  9.4001
 28  92 -0.4860  0.0000 16.1088
 36  92 -0.0465  2.3124  7.5189
 44  92 -0.1012  0.0458 14.0274
 52  92 -0.1990  0.0000  0.0000
 60  92  0.0000 -0.5000  8.8276
 68  92  0.8915  0.0000  0.0000
 76  92  0.4311  0.0000  0.0000
 84  92  0.0089  0.0000 16.1088
 92  92  0.0365  0.0000  0.0000
100  92  0.0472  0.0000  0.0000
108  92 -2.0631  0.0000  0.0000
116  92  0.3345 -0.1060  6.6888
124  92  0.6519  0.0000  0.0000
132  92  0.6982  0.0000 16.1088
140  92  1.0591 -0.1835  7.7576
148  92  0.3522  0.0000  0.0000
156  92 -0.1825 -0.2174 12.5315
164  92  1.5000  0.0448  8.9013
172  92  0.1696  0.0000 11.1304
180  92 -0.3468 -1.0000 10.2045
188  92  2.5000  0.0000  8.8276
196  92  0.0000 -0.2340 13.5471
204  92 -2.3162  0.1023  9.7439
212  92  0.0208  0.0000  0.0000
220  92  0.1970  0.0000  0.0000
228  92 -0.3732 -0.5000  9.6402
236  92  0.8030  0.0000  0.0000
244  92  2.7083  2.5000  6.1440
252  92  0.0000  2.5000  8.8276
260  92  1.5000 -0.0448  8.9013
268  92  0.5599  0.0000  0.0000
276  92 -0.0888  0.0000  0.0000
284  92 -0.3535  0.0000 11.1304
292  92  0.0000  2.5000  8.8276
  4 100 -0.0377  1.0603 10.6637
 12 100  0.1467  0.3597 11.4893
 20 100  0.3212  1.5000  8.2444
 28 100 -0.1548  0.0000  0.0000
 36 100 -1.0329  0.0000 11.1304
 44 100  0.1714  0.0000  0.0000
 52 100  0.2831  0.0000  0.0000
 60 100  0.0000  2.5000  8.8276
 68 100  0.3841  0.0000 11.1304
 76 100  0.3300  0.0000  0.0000
 84 100 -0.0773  0.0000  0.0000
 92 100  0.4628  0.0000  0.0000
100 100 -0.1546  0.0660 18.6254
108 100  0.4041 -0.5000  8.0842
116 100  1.6552  0.0000  0.0000
124 100  0.1960  2.5000 11.1304
132 100  1.0000 -0.1488  8.2529
140 100  2.5000  0.0000  8.8276
148 100  1.2957  0.0000 17.0667
156 100  0.0000  2.5000  8.8276
164 100  0.0000 -0.5000  8.8276
172 100  1.4477  0.0000  0.0000
180 100  0.5800  0.0000  0.0000
188 100  1.0572  2.6529  9.6443
196 100  0.4118  0.0000  0.0000
204 100  0.0418  0.1521 12.6567
212 100 -0.5000 -0.5000  4.0635
220 100 -0.1245  0.0000  0.0000
228 100 -0.0349  0.0000  0.0000
236 100  0.3186  0.0000  0.0000
244 100  0.4070  3.5000  7.2288
252 100 -0.5000  2.5000  7.4160
260 100  0.0856  0.0000  0.0000
268 100  0.3612  0.0000  0.0000
276 100  0.1996  0.0000  0.0000
284 100  0.0000  2.5000  8.8276
292 100  0.0000  2.5000  8.8276
  4 108  0.3823  0.1012  8.2729
 12 108 -0.2269  2.0609  8.2581
 20 108 -0.0198  0.0000  0.0000
 28 108 -0.0208  0.0000  0.0000
 36 108  0.3469 -5.1203  5.4468
 44 108  0.0000  2.1898  9.4815
 52 108 -4.8566 -0.5000  8.3934
 60 108 -0.5000  0.0000  8.8276
 68 108  1.1393  0.0000  0.0000
 76 108  0.8966  0.0000  0.0000
 84 108 -0.5000  0.0000  8.8276
 92 108  0.1702 -0.3800  4.8254
100 108  0.9123 -0.7435  6.5531
108 108  0.1960  0.0000 11.1304
116 108  0.0484  0.0000 11.1304
124 108 -0.0379 -0.0314 13.8541
132 108  0.8966 -2.3501  8.7785
140 108  0.5917  0.0000 12.0628
148 108  0.5782  0.3157  9.7360
156 108  0.0000  2.5000  8.8276
164 108  0.2668  0.0000  0.0000
172 108  0.1258  0.2366 13.9760
180 108 -0.0332  0.0000  0.0000
188 108  0.5275  0.0000  0.0000
196 108  0.4781  0.0000  0.0000
204 108 -0.1313 -0.0812 16.9211
212 108  0.2875  0.1417 10.3838
220 108 -0.3958  0.0000  0.0000
228 108 -0.3564  0.0000  0.0000
236 108 -0.2202  0.0000 11.1304
244 108 -0.0677 -0.3466  7.2153
252 108  0.0964  0.0000  0.0000
260 108  0.4490  0.0000  0.0000
268 108  0.7716  0.0000  0.0000
276 108  0.0391 -2.5000  9.3822
284 108  0.0309  0.0000 11.1304
292 108  0.1180 -0.5000  9.2850
  4 116  1.2568  0.0000  0.0000
 12 116  0.0000  0.1151  9.2086
 20 116  1.2032  0.0000  0.0000
 28 116  1.1849  0.0000  0.0000
 36 116 -0.2565 -3.5000 11.0504
 44 116 -0.1841  0.0418 12.3683
 52 116  0.0418 -0.1521 12.6567
 60 116  0.9132  0.0000  0.0000
 68 116  1.0385  0.0000  0.0000
 76 116  1.1838  2.5000  7.5779
 84 116 -0.3732  0.3694 10.3318
 92 116 -0.2902  0.0381  8.5709
100 116 -1.0000  0.0000  8.2581
108 116  0.1960  2.5000 11.1304
116 116  0.0378 -0.0868 15.2803
124 116  0.1395 -0.1892 10.5867
132 116 -2.5000  2.5000  7.6040
140 116  0.6907  0.2991  8.0688
148 116 -0.1760  0.0000 15.0588
156 116 -0.6715  0.0000  0.0000
164 116  0.0000  2.5000  8.9154
172 116  0.0568  0.3064  9.4208
180 116  0.1287  0.0000  0.0000
188 116  0.2064  0.0000  0.0000
196 116  0.9837  0.0000  0.0000
204 116  1.0863  0.0000 11.1304
212 116  0.0000 -0.5000  8.8276
220 116 -0.5000  0.1588 10.5785
228 116  2.5000 -0.0265 11.4627
236 116 -0.5000  0.0000  8.8276
244 116  2.5000  0.0000  8.8276
252 116  2.5000  2.1588 10.5785
260 116  1.4337  0.0000  0.0000
268 116  2.4196  0.0000  0.0000
276 116  4.5000  2.5000  4.0635
284 116  1.7960  0.0000 16.1088
292 116  0.6353  0.0000 12.0455
  4 124  0.2202  0.1954 10.6828
 12 124  0.3732 -0.3694 10.3318
 20 124 -2.7933  0.0000 11.3778
 28 124 -1.8919  0.0000  0.0000
 36 124  0.0000  0.0535 10.0787
 44 124 -0.6232  0.0000 16.1088
 52 124  0.0000  2.0000 11.1304
 60 124  0.5500  0.0000  0.0000
 68 124  4.5000 -0.5000  4.0635
 76 124  5.1203 -0.5000  5.4468
 84 124  0.1435 -0.0886 16.2859
 92 124  0.0770 -0.1740 10.2774
100 124  0.3414  0.2615  8.7935
108 124  0.4088 -0.0535  7.8528
116 124 -0.1682 -0.1463  9.1264
124 124  0.9941  0.0000 16.1088
132 124  1.5000  0.0000  8.2581
140 124 -0.1276 -0.3321 10.3409
148 124  0.0000 -0.0637  6.1029
156 124  1.1712  0.0000  0.0000
164 124 -0.2418  0.0000  0.0000
172 124  0.9518  0.0000 13.1641
180 124  1.3109  0.0000  0.0000
188 124  0.5446  0.0000 11.1304
196 124  1.3452  0.0000  0.0000
204 124  1.7788  0.0000  0.0000
212 124 -0.5000 -0.5000  4.0635
220 124 -0.3289  0.0000  0.0000
228 124  0.2433  0.0000  0.0000
236 124 -0.1940  0.0000  0.0000
244 124 -1.7281  0.0000  0.0000
252 124 -1.0880  0.0000  0.0000
260 124  0.2384  0.0000  0.0000
268 124 -1.4304  0.0000  0.0000
276 124 -0.5000  0.0000  8.8276
284 124  0.3423  0.0000  0.0000
292 124  1.5209  0.0000 11.1304
  4 132  0.2254  0.0767  6.9189
 12 132  0.0258  0.2496 11.9946
 20 132 -0.5000  0.0000  8.8276
 28 132  0.1841 -0.0418 12.3683
 36 132  1.5000  4.7293  4.8564
 44 132  0.9850  0.0000  0.0000
 52 132  1.0257  0.0000  0.0000
 60 132  0.2682  5.7190  8.4222
 68 132 -4.1058  2.6233  8.1651
 76 132 -3.2708 -4.1715  6.2439
 84 132 -0.0656 -0.1564 10.1774
 92 132 -0.5000  0.1588 10.5785
100 132  0.0698  0.2911 10.5124
108 132  0.5000  0.0000 11.1304
116 132 -1.5209  0.0000 11.1304
124 132 -0.1960  0.0000 11.1304
132 132  0.1009  0.0000  0.0000
140 132 -0.1290  0.0000 11.1304
148 132 -0.0460  0.0000  0.0000
156 132  1.3704  0.0000  0.0000
164 132 -0.1029  0.0000  0.0000
172 132 -0.6264  0.0000 13.1641
180 132  0.0000 -0.5000  8.8276
188 132  0.6981  0.0000 11.1304
196 132 -1.9247  0.0000  0.0000
204 132 -0.9154  0.0000  0.0000
212 132 -0.3285  0.0000  0.0000
220 132 -0.1323  0.0000  0.0000
228 132 -0.6497  0.0000  0.0000
236 132 -0.3276  0.0000  0.0000
244 132 -0.2046  0.0000  0.0000
252 132  0.2443  0.0000  0.0000
260 132  1.1551  0.0000  0.0000
268 132  1.1165  0.0000  0.0000
276 132  0.7019  0.0000  0.0000
284 132 -0.2938  0.0000  0.0000
292 132 -1.9300  0.0000  0.0000
  4 140 -0.2381  5.6449 11.4822
 12 140  1.5781  4.1742  6.5905
 20 140  2.5000  5.0000  8.8276
 28 140  3.1560  5.0503  8.2581
 36 140  2.5000  0.0391  9.3822
 44 140 -3.2629 -4.7073 11.0256
 52 140 -0.1817  0.4841  5.0845
 60 140 -0.0461  0.3150  8.0315
 68 140  1.4328  0.0000  0.0000
 76 140  0.1014  0.0633 14.0729
 84 140  3.0000  0.1838  8.0990
 92 140 -0.3875  1.5000  9.2768
100 140  0.0000  2.5000  8.8276
108 140  0.0000  4.6564 12.4564
116 140  0.1960 -0.5000 11.1304
124 140 -1.6440  0.0000 12.0628
132 140 -0.6876  0.0000  0.0000
140 140 -0.1068 -0.3135 15.1963
148 140 -0.5354  0.0000  0.0000
156 140 -0.6749  0.0000  0.0000
164 140 -0.1960  0.0000 11.1304
172 140  0.0000 -0.5000  8.8276
180 140  0.0000 -0.5000  8.8276
188 140  0.7032  0.0000  0.0000
196 140  0.9138  0.0000  0.0000
204 140  0.3928  0.0000  0.0000
212 140 -0.3928  0.0000  0.0000
220 140 -0.7244  0.0000  0.0000
228 140  0.3067  0.0000  0.0000
236 140  1.6015  0.0000  0.0000
244 140  3.1828  0.0000  0.0000
252 140  4.5000 -0.5000  4.0635
260 140  2.7215  0.0000  0.0000
268 140 -0.4492  0.0000  0.0000
276 140  0.9496  0.0000 16.1088
284 140  2.1178  0.0000  0.0000
292 140  4.5000 -0.5000  4.0635
  4 148  0.0458 -3.4085 10.6667
 12 148 -0.5000 -5.0000  8.8276
 20 148  0.0000 -0.1960 11.1304
 28 148  1.9446  0.0000  0.0000
 36 148  0.1589  0.0000 11.1304
 44 148 -1.4350  0.0000  0.0000
 52 148 -0.3468  2.5000 10.2045
 60 148  0.3017  0.0000  5.8545
 68 148  2.5000  0.0391  9.3822
 76 148 -0.1241  0.0486  6.9876
 84 148 -0.5000  0.0000  8.8276
 92 148  0.0000 -0.5000  8.8276
100 148 -1.1838 -0.5000  7.5779
108 148 -0.3468 -1.0000 10.2045
116 148  0.3380  0.0000  0.0000
124 148  0.6907  0.2991  8.0688
132 148  0.1240  0.0000  0.0000
140 148 -0.5000  0.0000 11.1304
148 148 -0.2723  0.0000  0.0000
156 148 -0.0061  0.0000  0.0000
164 148  0.3290  0.0000  9.4815
172 148  1.5282  0.0000 11.1304
180 148  2.3637  0.0000 11.1304
188 148  1.5069  0.0000  0.0000
196 148  0.4432  0.0000  0.0000
204 148  1.4888  0.0000  0.0000
212 148  0.5098  0.0000  0.0000
220 148  0.0000  2.5000  8.8276
228 148  0.0000  2.5000  8.8276
236 148  0.2603  0.0000  0.0000
244 148  1.7105  0.0000  0.0000
252 148  5.0000 -0.5000  8.8276
260 148  0.0541  0.4223  8.3718
268 148 -2.8672  0.0000  0.0000
276 148  1.8225  0.0000  0.0000
284 148 -0.3127  0.1061  9.8739
292 148  0.2264 -1.7826  8.1086
  4 156 -0.2788  3.1703  7.5156
 12 156 -0.5000  0.2328  9.4551
 20 156  0.3696 -0.2945  8.0000
 28 156 -0.7317  0.0000  0.0000
 36 156 -0.5151  0.0000  0.0000
 44 156 -0.1107  0.0000  0.0000
 52 156 -0.2802 -0.0546 12.7691
 60 156 -0.1124  0.0000  0.0000
 68 156  0.1174 -4.1710 14.6131
 76 156  0.3681 -5.3881  9.7710
 84 156  0.0000 -0.5000  8.8276
 92 156 -0.1351  0.0000 16.1088
100 156  0.0000  0.5000  8.0688
108 156  0.3212  0.5000  8.4077
116 156  0.0000  2.5000  8.8276
124 156  0.0698  0.2911 10.5124
132 156  2.5000 -0.5000  4.0635
140 156 -0.2271  2.5000  9.5143
148 156  0.3309 -0.0637  7.1846
156 156 -0.5000 -0.5000  4.0635
164 156  0.3414  0.2615  8.7935
172 156  0.0000  2.5000  8.8276
180 156  2.1859  0.0000  0.0000
188 156 -0.0988  0.0000  0.0000
196 156 -2.7007  0.0000  0.0000
204 156  5.3158  0.0000  0.0000
212 156  5.5000  4.5000  4.0635
220 156  0.0000  2.5000  8.8276
228 156  0.0000  2.5000  8.8276
236 156  4.5000  4.5000  4.0635
244 156 -0.5000  5.0000  8.8276
252 156 -0.8924  0.0000  0.0000
260 156 -0.4110  0.0000  0.0000
268 156  0.3992  0.0000 16.1088
276 156  0.1126  0.0000  0.0000
284 156 -0.1956  0.0000  0.0000
292 156 -0.5000  0.0391  9.3822
  4 164 -0.0382  0.1028 16.6166
 12 164  0.0192  0.0000  0.0000
 20 164  0.0000  2.5000  8.8276
 28 164 -0.1365  0.0000  0.0000
 36 164 -0.1599  0.0000  0.0000
 44 164 -0.3110  5.5954 11.6906
 52 164  0.1130  1.5796  4.0635
 60 164  1.0979  0.0000  0.0000
 68 164 -0.1180  2.5000  9.2850
 76 164  0.0675  0.0000  0.0000
 84 164 -0.1550  0.0000 11.1304
 92 164  0.1180 -0.5000  9.2850
100 164  0.2614  0.0000  0.0000
108 164  1.1981  0.0000  1.0000
116 164  0.0000 -0.5000  8.8276
124 164 -1.5124  0.0000  9.2850
132 164  1.4832  0.0000  0.0000
140 164 -1.4687 -0.2835  8.2581
148 164 -1.9619  0.0000  0.0000
156 164 -1.3049  0.0000 11.1304
164 164 -0.9305 -0.3479  7.6910
172 164  0.5000  0.0000 11.1304
180 164 -0.0131  0.0000  0.0000
188 164  0.0885  0.0000  0.0000
196 164  1.7996  0.0000  0.0000
204 164  0.9018  0.0000 11.1304
212 164  0.1164  2.5000  7.6040
220 164 -0.5000 -4.8682  6.7172
228 164  0.5000 -0.5000  4.0635
236 164  0.1960  0.0000 11.1304
244 164  0.2327  0.0000  0.0000
252 164  0.1667  0.0000  0.0000
260 164  0.2199  0.0000  0.0000
268 164  0.5000  4.5000  4.0635
276 164  0.2939  0.0000  0.0000
284 164  0.4305  0.0000  0.0000
292 164 -0.0369  0.0000  0.0000
  4 172  0.1173  0.0000  0.0000
 12 172  0.1814 -0.2975 15.2322
 20 172  0.2134  0.0000  0.0000
 28 172  0.6048  0.0000  0.0000
 36 172  1.4392 -0.3127  7.2536
 44 172  0.8186  0.0000  0.0000
 52 172  0.1867 -0.5000  6.4178
 60 172  0.1408  0.0000  0.0000
 68 172  0.0000 -0.0384  8.7691
 76 172 -0.5536  0.0000  0.0000
 84 172  0.4025  2.5000  7.3745
 92 172 -0.2612  0.0000  0.0000
100 172  0.2022  0.0000  0.0000
108 172  0.0000 -0.5000  4.0635
116 172 -0.2917  0.0000 11.1304
124 172  3.5000 -0.5000  4.0635
132 172  1.1838  2.5000  7.5779
140 172 -0.1180  2.5000  9.2850
148 172 -0.1242  0.0000  0.0000
156 172  0.5000  0.0000 11.1304
164 172 -0.4106  0.0000  0.0000
172 172  0.1573  3.9268 12.0132
180 172  0.2695  0.0000  0.0000
188 172  0.1366  0.0000  0.0000
196 172  0.0000 -0.5000  8.8276
204 172 -0.0804  0.0000  0.0000
212 172  0.0000 -4.6564 12.4564
220 172 -0.2603 -0.1533  9.8512
228 172  0.0000 -0.5000  8.8276
236 172 -0.1134  0.0000 11.1304
244 172 -0.0870  0.0000 16.1088
252 172  0.2242  0.0000  0.0000
260 172  0.8757  0.0000  0.0000
268 172  1.1336  0.0000  0.0000
276 172  1.4798  0.0000  0.0000
284 172  0.2082  0.0000  0.0000
292 172  2.2597  0.0000  0.0000
  4 180  0.0355  0.0000 11.1304
 12 180  0.0561  0.2765  9.5419
 20 180 -0.0366  0.0000  0.0000
 28 180 -0.1597  0.0000  0.0000
 36 180 -0.3063  0.0000  0.0000
 44 180  0.0000 -5.0000 11.1304
 52 180  1.9435  0.0000 12.0628
 60 180  1.1838  2.5000  7.5779
 68 180 -0.2802 -0.0546 12.7691
 76 180 -0.0769  0.0000  0.0000
 84 180  0.0000 -0.5000  8.8276
 92 180 -2.4390  0.0000  0.0000
100 180 -0.5617  0.0000  0.0000
108 180  0.3873  0.0000  0.0000
116 180  0.2582  0.3262  9.9402
124 180  0.0000 -0.5000  8.8276
132 180  0.0000 -0.5000  8.8276
140 180 -0.1960  0.0000 11.1304
148 180 -0.4850  0.0000  0.0000
156 180 -0.3303  0.0000  0.0000
164 180 -0.4175  0.0000  0.0000
172 180 -0.0630 -0.1897 10.8534
180 180 -0.2003  0.0000  0.0000
188 180  0.3004  0.0000  0.0000
196 180  1.1555  0.0000  0.0000
204 180  2.1947  0.0000  0.0000
212 180  0.2271  2.5000  9.5143
220 180  5.5000  4.5000  4.0635
228 180 -0.0832  0.3131  9.8462
236 180 -0.0996  0.0000  0.0000
244 180  0.1960  0.0000 11.1304
252 180 -0.4499  0.0000  0.0000
260 180 -0.7279  0.0000  0.0000
268 180 -0.3947  0.0000  0.0000
276 180  0.5300  0.0000  0.0000
284 180  0.3285  0.0000  0.0000
292 180 -0.1411  0.0000  0.0000
  4 188 -0.0218  0.2266 12.8350
 12 188 -0.5000  0.0448  8.9013
 20 188 -4.9792  0.1305  5.0448
 28 188  0.0000 -0.5000  8.8276
 36 188  1.6426  0.0000  0.0000
 44 188  1.2227  0.0000  0.0000
 52 188 -0.1123 -0.0711 13.6764
 60 188  2.5000  0.0939  5.0765
 68 188 -0.1930  0.1867 15.3090
 76 188 -0.5000  0.0000  8.8276
 84 188  0.0457  0.0000 16.1088
 92 188  0.0000 -2.0000 11.1304
100 188  2.5000  0.0000  8.8276
108 188  0.0000 -0.5000  8.8276
116 188 -0.0832 -0.3131  9.8462
124 188  1.0939  0.0000  0.0000
132 188  2.3641  0.0000 11.1304
140 188  2.0342  0.0000  0.0000
148 188  4.5000  4.5000  4.0635
156 188  2.9072  0.0000  0.0000
164 188  1.3710  0.0000  0.0000
172 188  0.4722  0.2021  8.7484
180 188 -0.5000  0.0000  8.8276
188 188 -1.0012  0.0000  0.0000
196 188 -0.7819  0.0000  0.0000
204 188 -0.0256  0.0000  0.0000
212 188  0.0391  2.5000  9.3822
220 188  0.0519  0.0000  0.0000
228 188  0.4025 -0.5000  7.3745
236 188  0.4138  0.0000  0.0000
244 188  0.3468  2.5000 10.2045
252 188  2.5432  0.0000  0.0000
260 188  4.3617  0.0000  0.0000
268 188  4.5082  0.0000  0.0000
276 188  3.6844  0.0000  0.0000
284 188  1.5546  0.0000  0.0000
292 188 -0.3001  0.0000  0.0000
  4 196  0.1556  1.5000 12.2969
 12 196  1.6418  0.0000 11.1304
 20 196 -0.1180  2.5000  9.2850
 28 196  1.1147  1.3095  4.0635
 36 196 -0.0547  0.0000  0.0000
 44 196 -0.5000  0.5000  7.8168
 52 196  1.0000 -0.2638  7.7264
 60 196  1.9202  0.0000  0.0000
 68 196  1.3018  0.0000  0.0000
 76 196  3.3053  0.0000 11.1304
 84 196  4.5000  4.5000  4.0635
 92 196  2.1031  0.0000  0.0000
100 196  1.3536  0.0000  0.0000
108 196  1.5000 -0.5000  8.2581
116 196 -0.5000 -0.5000  7.8168
124 196 -0.7533  0.0000  0.0000
132 196  0.7018  0.0000 11.1304
140 196  2.1768  0.0000  0.0000
148 196  0.4411  0.0000  0.0000
156 196 -0.1115  0.0000  0.0000
164 196 -0.1803  0.0000  0.0000
172 196  0.2431  0.1669  8.7553
180 196  3.3382  0.0000  0.0000
188 196  6.2481  0.0000  0.0000
196 196  6.4158  0.0000  0.0000
204 196  6.1780  0.0000  8.0688
212 196 -0.5000 -5.0391  9.3822
220 196 -1.3781 -0.5000  4.0635
228 196  0.0000 -4.6564 12.4564
236 196  5.0000 -0.5000  8.8276
244 196  2.7620 -0.5000  9.9740
252 196  1.3414  0.0000  0.0000
260 196  0.2268  0.0000  0.0000
268 196 -0.1864  0.0000  0.0000
276 196  0.4011  0.0000  0.0000
284 196  0.7342  0.0000  0.0000
292 196 -2.0447  0.0000  8.4768
  4 204 -0.1606 -0.3123 12.3989
 12 204  0.0000 -0.5000  8.8276
 20 204 -0.3468  2.5000 10.2045
 28 204  0.0929  0.0000  0.0000
 36 204  0.6632  0.0000 11.1304
 44 204  0.0000  2.5000  8.8276
 52 204 -1.3070 -0.0337 12.4709
 60 204  0.7156  0.0000  0.0000
 68 204  4.5000 -0.5000  4.0635
 76 204  0.0418 -0.1521 12.6567
 84 204 -0.7441  0.0000  0.0000
 92 204 -0.5819  0.0000  0.0000
100 204  0.3594  0.0000  0.0000
108 204  2.8404  0.0000  0.0000
116 204  5.9310 -0.5000  6.5641
124 204  3.0445  0.0000  0.0000
132 204  0.0000  2.5000  8.8276
140 204 -1.6691  0.0000  0.0000
148 204 -1.0170  0.0000  0.0000
156 204  0.8657  0.0000  0.0000
164 204  2.8219  0.0000  0.0000
172 204 -0.4840 -0.1418  8.8276
180 204  0.0000 -0.5000  8.8276
188 204  0.0000 -5.0000 11.1304
196 204 -0.1019  0.0000  0.0000
204 204  0.0000 -0.5000  8.8276
212 204 -0.2375 -0.1772  8.0000
220 204 -5.0000  0.1063  6.9728
228 204 -0.2841  0.0000 11.1304
236 204  3.5000  0.0000  8.2581
244 204  1.3097  0.0000  0.0000
252 204 -0.2965 -0.2632 10.8887
260 204 -0.5428  0.0000  0.0000
268 204 -1.3830  0.0000  0.0000
276 204 -2.6909  0.0000  0.0000
284 204 -2.5000  0.0000 11.1304
292 204  0.8883  0.0000 19.1045
  4 212 -0.3253  0.0000 13.4737
 12 212 -0.6665  0.0000 11.1304
 20 212 -0.6936  0.0000  0.0000
 28 212 -0.3577  2.5000 13.4737
 36 212  0.0000  2.5000  8.8276
 44 212  1.4746  0.0000  0.0000
 52 212 -0.5000  4.5000  4.0635
 60 212 -0.4109  0.0000  0.0000
 68 212 -0.7148  0.0000  0.0000
 76 212  0.2271 -0.5000  9.5143
 84 212  2.3481  0.0000  0.0000
 92 212  3.7162  0.0000  0.0000
100 212  0.0000  2.5000  8.8276
108 212  0.0000  2.5000  8.8276
116 212  0.0771  0.0000  0.0000
124 212  0.0535  0.0000  0.0000
132 212  0.0249  0.0000  0.0000
140 212  0.0179  0.0000  0.0000
148 212 -6.1773  0.0000  0.0000
156 212 -2.5171  0.0000  0.0000
164 212 -0.2568  0.0627  8.5469
172 212  0.5000  0.1329  7.0932
180 212 -0.0832  0.3131  9.8462
188 212 -1.0577  0.0000  0.0000
196 212 -2.1985  0.0000  0.0000
204 212 -3.0245  0.0000 11.1304
212 212 -2.4113  0.0000  1.0000
220 212  0.0000  2.5000  8.8276
228 212  0.0000  5.0000 11.1304
236 212  0.5913  0.0000  0.0000
244 212  0.0587  2.7447  8.3234
252 212 -0.5000  2.5000  4.0635
260 212  0.0000  2.5000  8.8276
268 212  0.8674  0.0000  0.0000
276 212  1.2245  0.0000  0.0000
284 212  2.5000 -0.5000  4.0635
292 212  0.8300  0.0000 11.1304
  4 220 -0.0832 -0.3131  9.8462
 12 220  2.7774  0.0000  0.0000
 20 220  5.5000  4.5000  4.0635
 28 220 -0.2965  0.2632 10.8887
 36 220  0.1867  2.5000  6.4178
 44 220  0.2950  0.0000  0.0000
 52 220  0.2516  0.0000  0.0000
 60 220  0.0000  0.1063  6.9728
 68 220 -0.1841  0.0418 12.3683
 76 220 -6.7413  0.0000  0.0000
 84 220 -3.9016  0.0000  0.0000
 92 220 -1.6750  0.0000  0.0000
100 220 -0.1234  0.0000  0.0000
108 220 -0.1434 -0.5000  8.3934
116 220 -1.4780  0.0000  0.0000
124 220 -3.0481  0.0000  0.0000
132 220 -3.7029  0.0000 11.1304
140 220 -2.5723  0.0000  0.0000
148 220  0.1195  0.0000  0.0000
156 220  2.5999  0.0000  0.0000
164 220  4.5000 -0.5000  4.0635
172 220  2.5847  0.0000  0.0000
180 220  0.5000  0.0000 11.1304
188 220  0.1444  0.0000  0.0000
196 220  1.1961  0.0000 11.1304
204 220  2.8214  0.0000 16.1088
212 220  3.7609  0.0000  8.4768
220 220  1.9646  0.0000  0.0000
228 220 -0.0221  0.0000  0.0000
236 220  0.0000  5.0000 11.1304
244 220  0.0844  0.1990 10.2665
252 220 -1.2814  0.0000  0.0000
260 220 -0.5282  0.0000  0.0000
268 220  0.3217  0.0000  0.0000
276 220  0.5224  0.0000  0.0000
284 220 -0.3290  2.8274  8.0000
292 220 -2.5000  0.0000 11.1304
