VARIABLES= "X pix", "Y pix", "U pix/dt", "V pix/dt", "CHC", ZONE I=28, J=37
  4   4  0.0000 -0.0522 11.3172
 12   4  0.0000  0.0000 10.9708
 20   4  0.0000  0.0127 11.0049
 28   4  0.0000  0.0000 11.0456
 36   4  0.0000  0.0145 11.0935
 44   4  0.0000  0.0145 11.0935
 52   4  0.0000  0.0000 11.1505
 60   4  0.0000  0.0779  9.6262
 68   4  0.0089  0.0241 10.0933
 76   4  0.0000  0.0000 11.1505
 84   4  0.0000  0.0000 10.9734
 92   4  0.0000  0.0000 11.0456
100   4  0.0000  0.0000 11.8646
108   4  0.0000  0.0000 11.8710
116   4  0.0000  0.0000 11.6687
124   4  0.0000  0.0000 12.9928
132   4  0.0000  0.0000 11.9577
140   4  0.0000  0.0000 12.7223
148   4  0.0000  0.0000 12.9928
156   4  0.0000  0.0000 11.7754
164   4  0.0000  0.0000 11.7834
172   4  0.0000  0.0000 10.9266
180   4  0.0000  0.0000 11.9625
188   4  0.0095  0.0312 12.2062
196   4  0.0023 -0.0085 12.0055
204   4  0.0000  0.0000 12.0698
212   4  0.0008 -0.0359 12.2288
220   4  0.0000  0.0000 11.9388
228   4 -0.0143  0.0554 10.4201
236   4  0.0000  0.0000 10.3526
244   4  0.0000  0.0000 10.9332
252   4 -0.0613 -0.0357 15.8171
260   4  0.0104 -0.1211 13.4737
268   4  0.0000  0.0000 13.0803
276   4  0.0000  0.0000 16.1251
284   4  0.0000  0.1034 14.2406
292   4  0.0552  0.0416 10.8413
  4  12  0.0000 -0.0825 12.3989
 12  12  0.0000  0.0000 11.3726
 20  12  0.0000  0.1800  9.7549
 28  12  0.2279  0.0465  9.4140
 36  12  0.0000  0.7251  8.2581
 44  12  3.5000 -4.6949  6.2924
 52  12  0.0000 -2.5000  8.5333
 60  12  0.0000  0.0000  6.8449
 68  12 -0.0102 -0.1296 11.1840
 76  12  0.0000  0.0000 10.7470
 84  12  0.0000  0.0000 13.0402
 92  12  0.0000  0.0000 11.6053
100  12  0.1511 -0.2716  9.8545
108  12  0.0000  0.0000 10.1661
116  12  0.0000 -0.5000  7.8325
124  12  0.0000 -0.0850  8.7008
132  12  0.0000  0.0000  9.2850
140  12  0.0000 -0.1876  9.5908
148  12  0.1992 -0.0312  8.8460
156  12  0.0000  0.0000  8.3633
164  12  0.0655 -0.2315 10.6645
172  12  0.0000 -0.0450 10.6035
180  12 -0.0346  0.1444  8.4116
188  12  0.0673 -0.0359  7.9524
196  12  0.0289  0.0771  6.9460
204  12  0.0220  0.1246 12.3900
212  12  0.0000  0.0000 10.1656
220  12  0.0340 -0.2572  7.6452
228  12  0.0000  0.0000  7.4054
236  12  0.0000  0.0187  6.7868
244  12  0.0000  0.0210  7.1809
252  12 -0.0121  0.0333  7.5568
260  12 -0.0137 -0.0020  8.0183
268  12  0.0000  0.1739  8.2885
276  12  0.0000  0.0000  8.7432
284  12  0.0000  0.0000  8.7705
292  12  0.0000  0.0000  9.7314
  4  20 -0.0752  0.0000 15.1333
 12  20 -0.0782  0.0039 13.5583
 20  20  0.0919 -0.0171 10.8738
 28  20  0.0435 -0.0004 10.0516
 36  20  0.0525 -0.0406  9.9768
 44  20 -0.0573 -0.0092  9.4886
 52  20  0.0000 -0.0355  9.7710
 60  20  0.0000  0.0507  9.7710
 68  20 -0.0142  0.0055 10.2942
 76  20  0.0092  0.0091 10.6545
 84  20 -0.0000 -0.0344  9.5002
 92  20  0.0151 -0.2085 12.5020
100  20 -0.0718 -0.1251 14.6218
108  20 -0.1847  0.0032 14.6233
116  20 -0.0358 -0.0287 10.5152
124  20 -0.0344 -0.0527 10.6040
132  20 -0.0010 -0.0205 12.4061
140  20 -0.0061  0.0115 15.5311
148  20 -0.0016 -0.0065 17.8402
156  20  0.0041 -0.0075 15.8645
164  20 -0.0188 -0.0146 23.7905
172  20  0.0198 -0.0402 24.9489
180  20 -0.0368 -0.0020 21.9622
188  20  0.0240  0.0128 21.3208
196  20  0.1088 -0.0119 13.4415
204  20  0.1828 -0.0356  8.2732
212  20  0.0000 -0.0214 13.6013
220  20  0.0040  0.0522 16.9336
228  20 -0.0088 -0.0069 21.4847
236  20 -0.0117  0.0026 18.3043
244  20 -0.0458  0.0681 22.3734
252  20  0.0661  0.0382 20.7079
260  20  0.0819 -0.0225 20.7090
268  20  0.0000  0.0000 17.3164
276  20 -0.0644 -0.0388 16.0914
284  20 -0.0239 -0.0049 12.0903
292  20  0.0847 -0.0303 10.8913
  4  28  0.0112 -0.0290 15.0844
 12  28 -0.1255 -0.0111 19.3708
 20  28 -0.0175  0.0258 19.0083
 28  28 -0.0178 -0.0378 10.8063
 36  28 -0.0229 -0.0193  9.6439
 44  28 -0.0184 -0.0101  9.4192
 52  28 -0.0161 -0.0160  9.1853
 60  28  0.0160 -0.0426  8.7203
 68  28  0.0004 -0.0434 10.6424
 76  28  0.0284 -0.0258  8.2487
 84  28  0.0015 -0.0521  7.9873
 92  28 -0.0105 -0.0320  9.1201
100  28  0.0038 -0.0373 10.2885
108  28  0.0044  0.0161  7.9499
116  28  0.0162 -0.0172  7.9135
124  28  0.0389  0.0229  7.2317
132  28  0.0015  0.0371  6.8478
140  28  0.0070 -0.0002  7.1337
148  28 -0.0032 -0.0116 14.4032
156  28 -0.0331 -0.0036 17.3851
164  28  0.0523 -0.0129 17.9857
172  28  0.0001 -0.0084 13.7281
180  28 -0.0048 -0.0170  6.9842
188  28  0.0179 -0.0095  6.8368
196  28 -0.0219 -0.0114  6.9094
204  28  0.0086 -0.0102  7.3572
212  28  0.0022 -0.0053  7.2108
220  28 -0.0201 -0.0006  6.8545
228  28 -0.0281  0.0079  6.8775
236  28  0.0036 -0.0221  7.2268
244  28 -0.0166  0.0186  9.5090
252  28  0.0004 -0.0183  9.7441
260  28  0.0071  0.0025 11.3088
268  28  0.0000  0.0000  9.2739
276  28  0.0000  0.0000  8.1385
284  28  0.0000  0.0000  8.3710
292  28 -0.0010 -0.0029  8.3858
  4  36 -0.0160 -0.4412  8.3190
 12  36  0.0657  0.0537  6.5280
 20  36 -0.1031  0.0431  6.2679
 28  36  0.2255  0.0361 10.9143
 36  36  0.0492 -0.3140 12.8344
 44  36 -0.1233 -0.0152 18.6408
 52  36 -0.0209  0.0260 14.9803
 60  36  0.0574 -0.0301 15.1869
 68  36 -0.0170 -0.0163 13.5841
 76  36 -0.0257 -0.0995 10.8218
 84  36 -0.1015 -0.0399  7.7033
 92  36 -0.0470 -0.1268  8.4511
100  36 -0.1633  0.0234 10.9354
108  36 -0.1652  0.0000 11.7864
116  36  0.1112  1.2505 11.2649
124  36 -0.5000 -0.1480  8.2581
132  36 -0.1538 -0.4196 12.3286
140  36 -0.0745  0.0091 15.2342
148  36 -0.0228 -0.0007 14.2909
156  36  0.0097 -0.0117 12.3613
164  36  0.0017 -0.0356 10.8749
172  36  0.0169  0.0103 11.4628
180  36  0.0171 -0.0144  8.5664
188  36  0.0000  0.0000 10.2420
196  36  0.0000  0.0000 10.6026
204  36  0.0188 -0.0108 13.0836
212  36  0.0000  0.0000 15.4368
220  36  0.0000  0.0000 15.4368
228  36  0.0000  0.0000 13.7993
236  36  0.0000  0.0000 13.3851
244  36 -0.1348  0.0333 11.3522
252  36  0.0000  0.0000 11.0903
260  36 -0.1169  0.0451 10.0148
268  36  0.0000  0.0000 13.6341
276  36 -0.1476 -0.3662 10.2774
284  36  0.2469 -0.0409  9.5069
292  36 -0.2778  0.0325 13.4321
  4  44 -0.1485 -0.0070 19.8310
 12  44 -0.2478 -0.0030 14.5045
 20  44 -0.0283 -0.0170 14.7752
 28  44  0.0000  0.0000 10.3707
 36  44  0.0000  0.0000  8.9436
 44  44 -0.1265 -0.0354  8.4858
 52  44  0.1333 -0.0507  6.7623
 60  44  0.2264 -0.2174  8.1086
 68  44  0.0000  0.0000  0.0000
 76  44  0.0000  0.0000  0.0000
 84  44  0.0000  0.0000  0.0000
 92  44  0.0000  0.0000  9.2850
100  44  0.0000  0.0000 12.0628
108  44 -0.5000 -0.1588 10.5785
116  44  1.3070  0.0337 12.4709
124  44  0.1760  0.0000 15.0588
132  44  0.0000  0.0000 11.1304
140  44 -0.1902  0.1055  5.2336
148  44 -0.0194 -0.0116 13.0545
156  44 -0.0051 -0.0044 11.0374
164  44  0.0165 -0.0191 11.2492
172  44 -0.0125  0.0002  8.7853
180  44  0.0000  0.0000  8.0190
188  44  0.0000  0.0000 13.0803
196  44  0.0000  0.0000 12.9951
204  44  0.0000  0.0000 10.5606
212  44  0.0000  0.0000 12.0877
220  44  0.0000  0.0000 12.4923
228  44  0.0867  0.0084 12.0592
236  44 -0.0129 -0.1171 12.7605
244  44  0.0095  0.0650 13.6895
252  44 -0.0996  0.0150 11.4855
260  44 -0.0442 -0.1011 14.1116
268  44  0.0000  0.0000 17.6061
276  44 -0.0812 -0.0314 10.7626
284  44  0.0000  0.0000  6.8970
292  44  0.0000  0.0000 11.0903
  4  52  0.0000  0.0000  8.6413
 12  52  0.0000  1.0000 11.1304
 20  52  0.0000  0.0000  0.0000
 28  52  0.0000  2.5000  8.8276
 36  52  0.0000  0.0000  0.0000
 44  52  0.1960  0.0000 11.1304
 52  52  0.0000  0.0000 16.1088
 60  52  0.0000  0.0000 11.1304
 68  52  0.0000  2.5000  8.8276
 76  52  0.0000  0.0000  0.0000
 84  52  0.0000  0.0000 11.1304
 92  52 -0.3175  0.1444  6.9654
100  52  0.0000  0.0000 10.9884
108  52  0.0000  0.0000 16.2922
116  52 -0.3145  0.0264 11.0777
124  52  0.2907 -0.0403 10.5761
132  52  2.5000  0.0000  8.8276
140  52  0.2806  1.8948  6.4519
148  52  0.0000  0.0000  8.3455
156  52  0.2547 -0.0178  7.5025
164  52  0.0423  0.0227  8.9085
172  52 -0.0380 -0.1940  8.2543
180  52  0.0000  0.0000 12.0342
188  52  0.0000  0.0000 16.1088
196  52  0.0000  0.0000 11.1304
204  52  0.0000  0.0000 11.1304
212  52  0.0000  0.0000 11.1304
220  52  0.0000  0.0000  7.8087
228  52  0.1434  0.0744  8.5906
236  52  0.0149 -0.2749  9.0775
244  52  0.1363  0.1596 11.6600
252  52 -0.1229  0.1940  8.4367
260  52  0.0083 -0.2457  7.4189
268  52  0.0000  0.0000  8.8191
276  52  0.0000  0.0000 10.6826
284  52 -0.0707  0.0037 11.8409
292  52  0.0384  0.1020 13.0104
  4  60  0.0000  0.0000  0.0000
 12  60  0.0000  0.0000  0.0000
 20  60  0.0000  0.0000  0.0000
 28  60  0.0000  0.0000  0.0000
 36  60  0.0000  0.0000  0.0000
 44  60  0.0418  0.1521 12.6567
 52  60 -0.2907  0.0403 10.5761
 60  60 -0.0328 -0.2156 15.3670
 68  60 -0.1933 -0.0162 19.2688
 76  60 -0.4766 -0.0048 13.1730
 84  60 -1.0473  0.0000 14.1201
 92  60  0.0000  0.0000 13.1204
100  60  0.0000  0.0000 12.5315
108  60  0.0000  0.0000  8.9558
116  60  0.0000  0.3764  7.3143
124  60  0.0742  0.0059 13.6865
132  60  0.0000  0.0000  9.2086
140  60  0.0000  0.0000 11.4015
148  60  1.0905  0.0000 10.5205
156  60  0.0000  0.0000  0.0000
164  60  0.0527  0.0710 12.2969
172  60  0.0000  0.0000 11.7824
180  60  0.0000  0.0000 11.1304
188  60  0.0000  0.0000 14.4198
196  60  0.0000  0.0000 17.0667
204  60  0.0000  2.5000  8.8276
212  60  0.0000  0.0000  0.0000
220  60  0.0000  0.0000  0.0000
228  60  0.0000  0.0000 11.1304
236  60  0.0000 -0.5000  8.8276
244  60  0.1014 -0.4566  7.5534
252  60  0.0000  0.0000  9.4208
260  60  0.2936  1.5732  7.8909
268  60  0.0557  0.0632 16.2106
276  60  0.0000  0.0000 16.1088
284  60  0.0000  0.0548  9.9740
292  60  0.5000  0.5000  7.6679
  4  68  0.0000  0.0000  0.0000
 12  68  0.0000  0.0000  0.0000
 20  68  0.0000  0.0000  0.0000
 28  68 -0.1063  0.0000  6.9728
 36  68  0.0593  0.1399  7.3827
 44  68  0.0000  0.0000  0.0000
 52  68  0.2941 -0.2017 13.7014
 60  68 -0.0867 -0.1071  9.3967
 68  68 -0.5000  0.3468 10.2045
 76  68  0.0000  0.0000  0.0000
 84  68  0.5000 -0.0089  8.4387
 92  68  0.0000  0.0000 16.5009
100  68  0.0000  0.0000 20.7059
108  68  0.0000  0.0000  0.0000
116  68  0.0000 -0.0855 10.6035
124  68  0.1960  0.0000 11.1304
132  68     NaN  0.0000 17.0667
140  68  0.0000  0.0000 11.9011
148  68  0.5000  0.0696  9.9740
156  68 -0.3145 -0.0264 11.0777
164  68  0.0000  0.0000 16.1088
172  68  2.5000 -0.3468 10.2045
180  68  0.0000  0.0000 19.1045
188  68  0.0000  0.0000  8.2581
196  68  0.0000  0.0000  0.0000
204  68  0.0000  0.0000  0.0000
212  68  0.0000  0.0000  0.0000
220  68  0.0000  0.0000 12.0628
228  68  0.0000  0.0000 20.7059
236  68  0.0000  0.0000  8.4768
244  68  2.5000  0.0000  8.8276
252  68  0.0000  0.0000 11.1304
260  68  0.0000  0.0000 16.1088
268  68  0.0000  0.0000  0.0000
276  68  0.0359 -0.1153 11.1039
284  68  0.0000  0.0000  0.0000
292  68 -0.5000  0.0000  8.8276
  4  76 -1.1838 -0.5000  7.5779
 12  76  0.0411  0.0787 10.2173
 20  76  0.1474  0.2306  5.7744
 28  76 -2.5000 -0.2146  7.4688
 36  76  0.0708 -0.0152 11.8556
 44  76 -0.0557  0.0193 15.2661
 52  76 -0.0320 -0.3290 12.5902
 60  76 -1.3070 -0.0337 12.4709
 68  76  1.6066 -0.0659  8.7135
 76  76  0.0000  0.0000 13.8343
 84  76 -0.5000 -0.5000  4.0635
 92  76  0.0000  0.0000 11.1304
100  76  0.0000  0.0000 20.7059
108  76  0.0000  0.0000 15.5009
116  76  0.0000  0.0000 11.1304
124  76  0.1008  0.0843 14.9901
132  76 -0.1068  0.3135 15.1963
140  76 -0.0391 -0.5000  9.3822
148  76  0.0000  0.0000  0.0000
156  76  0.0000  0.0000  0.0000
164  76  0.0000  0.0000  0.0000
172  76  0.0000  0.0000 11.1304
180  76 -0.5000  4.5000  4.0635
188  76  0.0000  0.0000 22.2609
196  76  0.0000  0.0000  0.0000
204  76  0.0000  0.0000 11.1304
212  76  0.0000  0.0000 11.1304
220  76  0.0000  0.0000 16.1088
228  76  0.0000  0.0000 17.0667
236  76  0.0000 -0.1960 11.1304
244  76  0.1841 -0.0418 12.3683
252  76  0.0000  0.0000 11.1304
260  76  0.0000  0.0000  0.0000
268  76  2.5000  4.5000  4.0635
276  76  0.0000  0.0000 16.1088
284  76  0.0177  0.0970  9.0400
292  76  0.0000  0.0000 11.9011
  4  84  0.1517  0.0086 10.1195
 12  84  0.0562  0.2303  9.5564
 20  84  0.0244  0.0353 11.0845
 28  84  0.2057  0.0000  8.8514
 36  84  0.0000  2.5000  8.8276
 44  84     NaN  0.0618  9.8694
 52  84 -4.8899  3.8247  6.0337
 60  84  0.0000  0.0000  8.0000
 68  84  0.0000  0.0000 22.2609
 76  84 -0.0677 -0.2414 11.7124
 84  84  0.0000  0.0000  8.0000
 92  84  0.0000  0.0000 11.9011
100  84  0.0000  0.0000 12.0628
108  84  0.0000  0.0000  0.0000
116  84  0.0000  0.0000 11.1304
124  84  0.0000  0.0000 18.3367
132  84  0.1075  0.0701  8.1403
140  84  0.0000  0.0000 12.1315
148  84  0.5000  0.0000  8.4768
156  84 -0.2033 -0.5000  5.7949
164  84  0.0000  0.0000 11.1304
172  84  0.1151 -0.1151 16.5161
180  84  1.1363 -0.1769  5.9535
188  84  0.0000  0.0000  0.0000
196  84  1.3070 -0.0337 12.4709
204  84  0.0000  0.0000  0.0000
212  84  0.0000  0.0000  0.0000
220  84  0.0000  0.0000 11.1304
228  84 -0.1841 -0.0418 12.3683
236  84 -0.0926 -0.1932 14.1608
244  84  0.0000  0.0000 11.1304
252  84  0.0000  0.0000  0.0000
260  84  0.0000  0.0000  0.0000
268  84  0.0000  0.0000  0.0000
276  84  0.0000  0.0000  0.0000
284  84  0.0000  0.0000 16.1088
292  84  0.0000  0.0000 12.0455
  4  92  1.0000  0.3783  7.9453
 12  92  0.0000  0.0000 11.1304
 20  92 -0.5000  0.0000  8.0688
 28  92  0.0000  0.0000  0.0000
 36  92  2.2091 -2.7330  8.3442
 44  92  0.0000 -0.1960 11.1304
 52  92  0.0000  0.0000 11.1304
 60  92  0.0000 -0.5000  8.8276
 68  92  0.0000  0.0000  0.0000
 76  92  0.0000  0.0000 11.1304
 84  92  0.0000  0.0000 16.1088
 92  92  0.0000  0.0000  0.0000
100  92  0.0000  0.0000  0.0000
108  92  0.0000  0.0000  0.0000
116  92  0.0000  0.0000 22.2609
124  92  0.1793 -0.2225  6.2325
132  92  0.0000  0.0000  0.0000
140  92 -0.0610  0.5000  7.7665
148  92  0.0000  0.0000  0.0000
156  92  0.0218 -0.2266 12.8350
164  92  0.0000  0.0000  0.0000
172  92  0.0000  0.0000  8.4768
180  92  0.0260  0.1571 14.5327
188  92  2.5000 -0.5000  4.0635
196  92 -0.2093  0.0299 13.0089
204  92  0.0000  0.0000  9.4208
212  92  0.0000  0.0000  0.0000
220  92  0.0000  0.0000  0.0000
228  92  0.0000  0.0000  0.0000
236  92  0.0832 -0.3131  9.8462
244  92 -0.5000 -5.0000  8.8276
252  92 -0.5000 -0.5000  4.0635
260  92  0.0000  0.0000  0.0000
268  92  0.0000  0.0000  0.0000
276  92  0.0000  0.0000  0.0000
284  92  0.0000  0.0000 11.1304
292  92  0.0000  0.0000  0.0000
  4 100 -0.4647  0.0097 12.5980
 12 100 -0.3234  0.3796 10.7556
 20 100  1.3070  0.0337 12.4709
 28 100 -0.2414  0.0000 11.1304
 36 100  0.0000  0.0000 11.1304
 44 100  0.0000  0.0000  0.0000
 52 100  0.0000  0.0000  0.0000
 60 100  0.0000  0.0000  0.0000
 68 100  0.0000  0.0000  0.0000
 76 100  0.0000  2.5000  8.8276
 84 100  0.0000  0.0000  0.0000
 92 100  0.0000  0.0000  0.0000
100 100  0.0000  0.0000 16.1088
108 100  0.0000  0.0000 12.0628
116 100  0.0000  0.0000  0.0000
124 100  0.0000  0.0000  0.0000
132 100  0.0308  0.1823 13.1845
140 100  0.0000  0.0000  0.0000
148 100  0.0000  0.0000  0.0000
156 100  0.1841  0.0418 12.3683
164 100  1.5000  0.5000  8.4476
172 100 -0.5000  0.0000 11.1304
180 100  0.0000  0.0000  0.0000
188 100 -0.1184 -0.2458  9.4323
196 100  0.1140  0.1079 19.3902
204 100  0.0000  0.0000 14.5615
212 100  0.0000  0.0000 11.1304
220 100  0.0000  0.0000 11.1304
228 100 -0.5000 -0.5000  4.0635
236 100  0.0000 -0.5000  8.8276
244 100  0.0000  0.0000  0.0000
252 100  0.0000  0.0000  0.0000
260 100  0.3657  0.2469 10.9004
268 100  0.0000  0.0000  0.0000
276 100  0.0000  0.0000  0.0000
284 100  0.0000  0.0000 11.1304
292 100  0.0000  2.5000  8.8276
  4 108  0.0235  0.3939  8.7892
 12 108  0.3290 -2.8274  8.0000
 20 108 -4.5000  0.0830 13.8795
 28 108 -0.5000 -0.1588 10.5785
 36 108  0.0000  0.0000  0.0000
 44 108  0.0000  0.0000  0.0000
 52 108  2.5000  0.0000  8.8276
 60 108  0.0000  0.0000  0.0000
 68 108  0.0000  0.0000  0.0000
 76 108  0.0000  0.0000  0.0000
 84 108  0.0000  0.0000  0.0000
 92 108 -0.1386  0.0304 11.7551
100 108  0.3051 -0.1275 11.9540
108 108  0.2917  0.0000 11.1304
116 108  0.0000  0.0000 11.1304
124 108  0.0450  0.0841 15.7526
132 108  0.0000  0.0000  9.2086
140 108  0.0618  2.5000  9.8694
148 108  0.0000  0.0000 11.1304
156 108 -0.0698 -0.2911 10.5124
164 108  0.0000  0.0000  1.0000
172 108  0.0000  0.0000 11.1304
180 108  0.0000  0.0000  0.0000
188 108 -0.1288  0.0438 12.9483
196 108  0.0101  0.1146 17.4161
204 108  0.0000  0.0000 11.1304
212 108  0.0000  0.0000 16.1088
220 108  0.0000  0.0000  0.0000
228 108  0.0000  0.0000  0.0000
236 108  0.0000  0.0000  0.0000
244 108  0.0000  0.0000  0.0000
252 108  2.6218 -0.0577  9.4026
260 108 -0.0208  0.0797 17.5452
268 108  0.0000  2.5000  8.8276
276 108  0.0000  0.0000  0.0000
284 108  0.1151  0.1151 16.5161
292 108  0.0000  0.0000 16.1088
  4 116  0.0000  0.0000  0.0000
 12 116  0.0000  0.0000 11.1304
 20 116  0.0357 -0.4047 10.5850
 28 116  0.3290 -2.8274  8.0000
 36 116  0.0000 -0.1556 12.2969
 44 116  0.3126  0.0000  8.7889
 52 116 -0.5000  0.0000  8.8276
 60 116 -0.5000  0.1588 10.5785
 68 116  0.0000  0.0000 11.1304
 76 116  0.0000  0.0000 16.1088
 84 116  0.5000 -0.1518  8.2188
 92 116 -0.0139 -0.0311  7.6608
100 116  0.1469  0.0000 10.3584
108 116  0.0000  0.0000 11.1304
116 116  0.0000  0.0000 11.1304
124 116  0.0000  0.0000 11.2521
132 116  0.0000  0.0000 11.1304
140 116  0.1421  0.0000  8.9363
148 116 -0.0145  0.0637 12.1798
156 116 -1.5000  0.0000  8.2581
164 116  0.0000  0.0000  8.4768
172 116  0.0000  0.0000 12.0455
180 116  0.0000  0.0000  0.0000
188 116  0.0000  0.0000  0.0000
196 116  0.0000  0.0000  0.0000
204 116  0.0000  0.0000 11.1304
212 116  0.0000  0.0000 11.1304
220 116  0.0000  0.1556 12.2969
228 116  0.0000  0.0000 12.0628
236 116  0.0000  0.0000 12.0628
244 116  2.5000 -0.1180  9.2850
252 116 -0.5000 -0.5000  4.0635
260 116  0.0000  0.0000  0.0000
268 116  0.0000  0.0000  0.0000
276 116  2.5000  0.1588 10.5785
284 116  0.0000 -0.5000  8.8276
292 116  0.2565 -3.5000 11.0504
  4 124 -0.1656  0.0786 10.7522
 12 124  0.0000  0.0000  0.0000
 20 124  0.0000  0.0000  0.0000
 28 124 -0.0685 -0.5000 11.8819
 36 124 -0.2081  0.1864  9.6241
 44 124 -0.1123 -0.0711 13.6764
 52 124  2.9351 -4.5000  7.0995
 60 124  0.0000  0.0000  0.0000
 68 124 -0.1305  0.0669 17.8865
 76 124  0.0000  0.0000  0.0000
 84 124 -0.1960 -0.5000 11.1304
 92 124  0.0000  0.0000 11.1304
100 124  0.0000  0.0000 12.0628
108 124  0.0000  0.0000  0.0000
116 124  0.0000  0.0000 12.0455
124 124  0.0000  0.0000 12.0455
132 124 -0.5000  0.0000  8.2581
140 124 -0.1469  0.0000 10.3584
148 124  0.0218  0.2266 12.8350
156 124  0.0000  0.0000 13.5576
164 124  0.0000  0.0000  0.0000
172 124 -1.5821 -0.2691  6.9945
180 124  0.1151 -0.1151 16.5161
188 124  0.0000  0.0000  0.0000
196 124  0.0000  0.0000 11.1304
204 124  0.0000  0.0000  0.0000
212 124  0.0000  0.0000  0.0000
220 124  0.0000  0.0000 11.1304
228 124  0.0000  0.0000 11.1304
236 124  0.0000  0.0000 11.1304
244 124  0.0000  0.0000 11.1304
252 124  0.0000  0.0000  0.0000
260 124  0.0000  0.0000  0.0000
268 124  0.0000  0.0000  0.0000
276 124  0.0000  0.0000 16.1088
284 124  0.0000  0.0000 11.1304
292 124  0.0000  0.0000 16.1088
  4 132  0.0000  0.0000  0.0000
 12 132  0.0000  0.0000  0.0000
 20 132  0.0000  0.0000  0.0000
 28 132  0.0000 -0.0524 10.3170
 36 132 -0.2571  0.1311  7.2040
 44 132  0.0000  0.0000 16.1088
 52 132 -1.5000  0.0000  8.2581
 60 132  0.0000  0.0000 11.1304
 68 132  0.1317 -4.7877 10.5395
 76 132 -5.5000 -5.0000  7.8528
 84 132  0.0000  0.0000  9.4948
 92 132  0.0000  0.0000  0.0000
100 132 -0.1556  0.0000 12.2969
108 132  0.0685  0.3367 12.7421
116 132 -0.5000  0.0000  8.8276
124 132  0.0418 -0.1521 12.6567
132 132  0.0000  0.0000  0.0000
140 132  0.0000  2.5000 12.0628
148 132  5.6677 -0.2505 10.4115
156 132  0.0000  0.0000  0.0000
164 132  0.0000  0.0000  0.0000
172 132  0.0000  0.0000 11.1304
180 132  0.1960  0.0000 11.1304
188 132  0.0000  0.0000  0.0000
196 132  5.0000 -0.5000  8.8276
204 132  0.0000  0.0000  0.0000
212 132  0.0000  0.0000  0.0000
220 132  0.0000  0.0000  0.0000
228 132  0.0000  0.0000  0.0000
236 132  0.0000  0.0000  0.0000
244 132  0.0000  0.0000  0.0000
252 132  0.0000  0.0000  0.0000
260 132  2.5000 -0.5000  4.0635
268 132  0.0000  0.0000 11.1304
276 132  0.0000  0.0000  0.0000
284 132  0.0000  0.0000 16.1088
292 132  2.5000  0.1588 10.5785
  4 140 -0.1151 -0.1151 16.5161
 12 140 -2.3677 -0.1145 12.8207
 20 140  2.5000  0.0000  8.8276
 28 140  0.0000  0.0000  0.0000
 36 140  0.0000  0.0000  0.0000
 44 140  0.0000  0.0000  0.0000
 52 140  3.4006  5.7212  7.8845
 60 140 -2.3099  0.0000 11.5958
 68 140  0.0000  2.5000  8.8276
 76 140 -0.1744 -0.1236 15.0588
 84 140 -0.1841  0.0418 12.3683
 92 140  0.1180  2.5000  9.2850
100 140 -0.5000  0.0000 11.1304
108 140  0.0000  0.0000 11.1304
116 140  0.0000  0.0000 11.1304
124 140  0.0000  0.0000  9.2850
132 140  0.0000  0.0000 11.1304
140 140  0.0000  0.0000 11.1304
148 140  0.0000  0.0000  0.0000
156 140  0.0000  0.0000 11.1304
164 140  0.0000  2.5000  8.8276
172 140  0.0000  0.0000 16.1088
180 140  0.0000  0.0000 16.1088
188 140     NaN  0.2391  8.2581
196 140  0.0000  0.0000  0.0000
204 140  2.5000  0.0000  8.8276
212 140  0.0000  0.0000 16.1088
220 140  0.0000  0.0000  0.0000
228 140  0.0000  0.0000  0.0000
236 140  0.0000  0.0000  0.0000
244 140  0.0000  0.0000  0.0000
252 140  0.0000  0.0000  0.0000
260 140  0.0000  0.0000  0.0000
268 140  0.0000  0.0000  0.0000
276 140  0.0000  0.0000  0.0000
284 140  0.0000  0.0000  0.0000
292 140  0.0000  0.0000  0.0000
  4 148  0.0000  0.0000 16.1088
 12 148  0.0000  2.5000  8.8276
 20 148  0.0000  0.0000  0.0000
 28 148  0.0000  0.0000  0.0000
 36 148  0.0000  0.0000  0.0000
 44 148  0.2323 -0.0201  6.7424
 52 148 -0.0044 -0.1609  9.1407
 60 148  0.1203     NaN  5.4468
 68 148 -0.1798 -0.0246 17.0238
 76 148  0.0000  0.0000 12.8600
 84 148  0.0000  0.0000  0.0000
 92 148  0.0000  2.5000  8.8276
100 148 -0.1379  0.3981  8.0000
108 148 -0.0688  2.3433 10.6090
116 148  0.0000  0.0000  0.0000
124 148  1.0000  0.0000  9.2850
132 148  1.5000  0.0000  8.2581
140 148  0.5000  0.0000 11.1304
148 148  0.0000  0.0000 11.1304
156 148  0.0000  0.0000  0.0000
164 148 -0.3290  0.0000  9.4815
172 148  0.0000  0.0000  0.0000
180 148  0.0000  0.0000 11.1304
188 148 -0.5000  0.0000  8.8276
196 148 -0.1151 -0.1151 16.5161
204 148  0.0000  0.0000  0.0000
212 148  0.0969  0.3032  6.8069
220 148  0.0000  0.0000 11.1304
228 148  0.0000  0.0000  0.0000
236 148  0.0000  0.0000  0.0000
244 148  0.0000  0.0000  0.0000
252 148  0.0000  0.0000 11.1304
260 148  0.0000  0.0000 11.1304
268 148  0.0000  0.0000  0.0000
276 148 -0.5000  0.1180  9.2850
284 148 -0.3127  0.1061  9.8739
292 148  0.5000  0.0000  8.4768
  4 156  0.0000  0.0000 16.1088
 12 156  0.0000  0.1960 11.1304
 20 156 -0.5000  0.1688 10.2534
 28 156  0.0000  0.0000  0.0000
 36 156  0.0000  0.0000  0.0000
 44 156 -0.2396 -0.2114 10.0333
 52 156  4.7184 -5.1075 14.1785
 60 156  0.2749 -0.0683  5.7889
 68 156  0.0794  0.1645 10.8211
 76 156  1.6918 -0.0295  6.2735
 84 156  0.0418 -0.1521 12.6567
 92 156  0.0000  0.0000 16.1088
100 156  0.0000  0.0000  0.0000
108 156  0.0000 -0.1063  6.9728
116 156  0.0000  0.0000 11.1304
124 156  0.8442  0.5000  7.5025
132 156  0.0000  0.0000  0.0000
140 156 -0.0965  0.0000 20.1348
148 156  0.0000  0.0000  0.0000
156 156  0.0000  0.0000  0.0000
164 156 -0.0788 -0.2077  9.6936
172 156  0.0000  0.0000 11.1304
180 156  0.0000  0.0000 11.1304
188 156  0.0000  0.0000  0.0000
196 156 -0.2181  4.0000  8.9418
204 156  0.0000  0.0000  0.0000
212 156  0.0000  0.0000  0.0000
220 156  0.0000  0.0000  0.0000
228 156  0.0000  0.0000 11.1304
236 156  0.0000  0.0000 11.1304
244 156  0.0000  0.0000  0.0000
252 156  0.0000  0.0000  0.0000
260 156  2.5000 -0.5000  4.0635
268 156  0.0000  0.0000 16.1088
276 156  0.0000  0.0000  0.0000
284 156  0.1203     NaN  5.4468
292 156  2.5000  0.0000  8.8276
  4 164  0.0000  0.0000 11.1304
 12 164  0.0000  0.0000  0.0000
 20 164 -0.6907 -0.2991  8.0688
 28 164  0.5000  0.0413 10.4642
 36 164  0.0000  0.0000  0.0000
 44 164 -1.6893  2.5000  6.5641
 52 164  0.0000  0.1960 11.1304
 60 164  0.0418 -0.1521 12.6567
 68 164  0.1151 -0.1151 16.5161
 76 164  0.0000  0.0000 16.1088
 84 164  0.0000  2.5000  8.8276
 92 164  0.0000  2.5000  8.8276
100 164  0.0000  0.0000  0.0000
108 164 -0.5000  0.0000  8.8276
116 164  0.0000  0.0000 11.1304
124 164  0.0000  0.0000  8.2581
132 164  0.0000  0.0000  0.0000
140 164  0.0000  0.0000 21.6949
148 164  0.0000  0.0000  0.0000
156 164  0.0000  0.0000  0.0000
164 164 -1.0000  0.0000  9.2850
172 164  0.0000  0.0000 11.1304
180 164  0.0000  0.0000 11.1304
188 164  0.0000  0.0000  0.0000
196 164  0.0000  0.0000  0.0000
204 164  0.0000  0.0000  0.0000
212 164  0.0000  0.0000  0.0000
220 164 -0.1960  0.0000 11.1304
228 164  0.0000  0.0000 11.1304
236 164  0.0000  0.0000 16.1088
244 164 -0.5000 -0.5000  4.0635
252 164  0.0000  0.0000  0.0000
260 164  0.0000  0.0000  0.0000
268 164  0.0000  0.0000  0.0000
276 164  0.0000  0.0000  0.0000
284 164  0.0000  0.0000 11.1304
292 164  0.0000  0.0000  0.0000
  4 172  0.0000  0.0000  0.0000
 12 172  0.0000  2.5000  8.8276
 20 172  0.0000  2.5000  8.8276
 28 172 -0.5000 -0.5000  4.0635
 36 172  0.0000  0.0000  0.0000
 44 172 -0.1960  0.0000 11.1304
 52 172  0.0000  0.0000  0.0000
 60 172  0.0000  0.0000 11.1304
 68 172  2.6359 -0.5000  8.6646
 76 172  0.0000  0.0000  0.0000
 84 172  0.0000  0.0000 11.1304
 92 172  0.0000  0.0000  0.0000
100 172  0.0000  0.0000  0.0000
108 172  0.0000  0.1063  6.9728
116 172  0.0000  0.0000 11.1304
124 172  0.1841  0.0418 12.3683
132 172  0.5000  4.5000  4.0635
140 172  0.0000  0.0000 11.1304
148 172  0.0000  2.5000  8.8276
156 172  0.0000  0.0000  0.0000
164 172 -1.0000  0.0000  9.2850
172 172  0.0000  0.0000 11.1304
180 172 -0.5000  0.0000 11.1304
188 172  0.0000 -0.5000  8.8276
196 172  2.5000  0.0000  8.8276
204 172 -0.5000  0.0000  8.8276
212 172  0.0000  0.0000  0.0000
220 172 -0.1151  0.1151 16.5161
228 172  0.0000  0.0000 11.1304
236 172 -0.5000  0.0000  8.8276
244 172  0.0000  2.5000  8.8276
252 172  0.0000  0.0000  0.0000
260 172  0.0000  0.0000  0.0000
268 172  0.0000  0.0000  0.0000
276 172  0.1151 -0.1151 16.5161
284 172  0.0000  0.0000 11.1304
292 172  0.0000  0.0000  0.0000
  4 180 -0.5000  0.0000  8.8276
 12 180  0.1174 -4.1710 14.6131
 20 180 -0.4043  0.4043  8.0000
 28 180  0.0000  2.5000  8.8276
 36 180  2.5000  0.0000  8.8276
 44 180  0.0000 -0.5000  8.8276
 52 180  0.0000  0.0000  0.0000
 60 180  0.0000  0.0000 16.1088
 68 180  0.0000  0.0000 16.1088
 76 180  4.5000  4.5000  4.0635
 84 180  0.1180 -0.5000  9.2850
 92 180  0.0000  0.0000 11.1304
100 180  2.3677 -0.1145 12.8207
108 180 -0.3468 -1.0000 10.2045
116 180  0.0000  0.0000 11.1304
124 180  0.0000  0.0000  0.0000
132 180  4.5000 -0.5000  4.0635
140 180  0.0832  0.3131  9.8462
148 180  0.0696  0.0812 10.9765
156 180  0.0000  0.0000 16.1088
164 180 -0.6001  0.1776  6.9856
172 180  0.0000  0.0000 19.1045
180 180  0.0000  0.0000  0.0000
188 180  0.0000  0.0000  0.0000
196 180  0.0000  0.0000  0.0000
204 180  0.0000  0.0000  0.0000
212 180  0.0000  2.5000  8.8276
220 180  0.0000  0.0000  0.0000
228 180  0.0000  0.0000 16.1088
236 180  0.0000  0.0000  0.0000
244 180  0.0000  0.0000 16.1088
252 180  0.1960 -0.5000 11.1304
260 180  0.0000  0.0000 11.1304
268 180  2.5000 -0.1588 10.5785
276 180  0.0000  0.0000 16.1088
284 180  0.0000  0.0000 11.1304
292 180  0.0000  0.0000 11.1304
  4 188  0.0000  0.0000  0.0000
 12 188  0.0000  0.0000  0.0000
 20 188  4.5000 -0.5000  4.0635
 28 188 -0.1960  2.5000 11.1304
 36 188  2.5000  0.0000  8.8276
 44 188 -0.1151  0.0000  9.4118
 52 188  0.0913 -0.2044 18.7317
 60 188 -2.1052  2.5000  6.6184
 68 188  0.0000  0.0000 11.1304
 76 188  0.4043  0.4043  8.0000
 84 188  0.2780 -0.1270 13.3759
 92 188  0.0000  0.0000  0.0000
100 188 -0.5000  4.5000  4.0635
108 188  0.0000  0.0000 19.1045
116 188  0.0000  0.0000 12.0628
124 188  0.0000  0.0000  0.0000
132 188  0.0000  0.0000 19.1045
140 188  0.0000  0.0000 12.0628
148 188     NaN -0.3157  9.7360
156 188 -0.2271  2.5000  9.5143
164 188  0.0000  2.5000  8.9154
172 188  0.1754 -0.3123 11.6364
180 188 -0.1511  5.2264 14.4225
188 188  2.5000  0.0000  8.8276
196 188  0.0000  0.0000  0.0000
204 188  0.0000  0.0000  0.0000
212 188  0.1960  0.0000 11.1304
220 188  0.1294 -0.5000  7.1697
228 188 -0.0418 -0.1521 12.6567
236 188 -1.3070  0.0337 12.4709
244 188  5.1203     NaN  5.4468
252 188  0.0418  0.1521 12.6567
260 188  0.0913  0.2044 18.7317
268 188  0.0000  0.0000  0.0000
276 188  0.0000  0.0000  0.0000
284 188  0.0000  0.0000  0.0000
292 188  0.0000  0.0000 11.1304
  4 196  0.0000  0.0000  0.0000
 12 196  0.2398  3.4665  6.9136
 20 196  0.0000  4.6564 12.4564
 28 196  0.0000  0.0000  0.0000
 36 196  0.0000 -0.5000  8.8276
 44 196  0.0610 -0.5000  7.7665
 52 196  0.4130 -0.3679  7.6027
 60 196  0.0000  0.0000 12.0455
 68 196  0.0000  0.0000 16.1088
 76 196  0.0000  0.0000 12.0455
 84 196  0.0000  0.0000  0.0000
 92 196  0.0000  0.0000  0.0000
100 196 -0.5000 -0.5000  4.0635
108 196  0.0000  0.0000 12.0628
116 196 -0.1556  0.0000 12.2969
124 196  2.5000  0.0000 11.1304
132 196  0.0000  0.0000  0.0000
140 196  0.0000  0.0000 12.0628
148 196  0.0000  0.0000 11.1304
156 196  0.0458 -3.4085 10.6667
164 196  0.0000  0.0000  0.0000
172 196  0.0652 -0.0791  9.1275
180 196  0.0000  0.0000  0.0000
188 196 -0.5000  4.5000  4.0635
196 196  0.0000  0.0000  0.0000
204 196 -0.5000 -0.5000  4.0635
212 196  0.0000  0.0000  0.0000
220 196 -0.1841 -0.0418 12.3683
228 196 -0.5000  0.3468 10.2045
236 196  0.1960  0.0000 11.1304
244 196  0.0000  0.0000  0.0000
252 196  0.0000  2.5000  8.8276
260 196  0.3577  0.0000 13.4737
268 196  0.0000  0.0000  0.0000
276 196  0.0000  0.0000  0.0000
284 196  0.0000  0.0000  0.0000
292 196  0.0000  0.0000 11.1304
  4 204 -0.3151 -4.2204  5.8109
 12 204  0.3159 -2.8629  5.3631
 20 204  4.5000 -0.5000  4.0635
 28 204  0.0000  0.0000  0.0000
 36 204  0.2773  0.0545 12.3095
 44 204  0.0000  0.0000 12.0455
 52 204 -1.0000  0.0305  9.0241
 60 204  0.0000  0.0000 19.4783
 68 204  0.0000 -0.5000  8.8276
 76 204 -0.3468 -1.0000 10.2045
 84 204  0.0000  0.0000  0.0000
 92 204  0.0000  0.0000  0.0000
100 204  0.0000  0.0000  0.0000
108 204 -0.0458  3.4085 10.6667
116 204  0.1960  0.0000 11.1304
124 204  0.0000  0.0000 16.1088
132 204  0.0000  0.0000  0.0000
140 204 -4.8566 -0.5000  8.3934
148 204  0.4088 -0.0535  7.8528
156 204  0.0000  0.0000  0.0000
164 204 -0.5000  4.5000  4.0635
172 204 -0.2747 -0.2224  7.7484
180 204  0.0000  0.0000  0.0000
188 204  0.0000  0.0000  0.0000
196 204  0.0000  0.0000  0.0000
204 204  0.0000  0.0000  0.0000
212 204  0.0000  0.0000  0.0000
220 204  0.0000  0.0000 11.1304
228 204  0.0000  0.0000  0.0000
236 204  0.0000  2.5000  8.8276
244 204  2.5000  0.0000 11.1304
252 204  0.0000  0.0000 11.1304
260 204  0.3524  0.2632 11.6476
268 204  0.0000  0.0000  0.0000
276 204  0.0000  0.0000  0.0000
284 204  4.5000 -0.5000  4.0635
292 204 -0.1960  2.5000 11.1304
  4 212  0.0000  0.5000  5.6655
 12 212  0.0000  0.0000  0.0000
 20 212  0.0000  0.0000 11.1304
 28 212  0.0000  0.0000 16.1088
 36 212 -0.2575  4.1710 12.9681
 44 212  0.0000  0.0000 11.1304
 52 212 -0.1439  0.0853 11.4193
 60 212  0.0000  0.0000  0.0000
 68 212  0.0000  0.0000  0.0000
 76 212  0.0000  0.0000  0.0000
 84 212  4.5000 -0.5000  4.0635
 92 212  0.0000  0.0000  0.0000
100 212  0.0000  0.0000  0.0000
108 212 -2.2678 -0.1769  7.3143
116 212  0.0000  0.0000  8.2581
124 212  0.0000  0.0000  0.0000
132 212  4.5000 -0.5000  4.0635
140 212  0.0000  0.0000  0.0000
148 212  0.0000  0.0000  0.0000
156 212  0.0000  0.0000  0.0000
164 212  0.0000  0.0000  0.0000
172 212 -0.0479  2.3243  7.7867
180 212  0.0000  0.0000  0.0000
188 212  0.0000  0.0000  0.0000
196 212  0.0000  0.0000  0.0000
204 212  0.0000  0.0000  0.0000
212 212  5.3223  2.5000  5.4468
220 212 -0.5000  4.5000  4.0635
228 212  0.0000  0.0000 11.1304
236 212  0.0000  0.0000 16.1088
244 212  0.0000  0.0000 16.1088
252 212  0.0000  0.0000 11.1304
260 212  0.3577  0.0000 13.4737
268 212  0.0000  0.0000 11.1304
276 212  0.0000  0.0000  0.0000
284 212  0.0000  0.0000  0.0000
292 212  1.7328 -0.5000  7.8736
  4 220  0.0000 -0.5000  8.8276
 12 220  0.0000  0.0000  0.0000
 20 220  0.0000  0.0000  0.0000
 28 220  0.0000  0.0000 12.0628
 36 220  0.0000  0.0000  0.0000
 44 220  0.0000  0.0000 11.1304
 52 220 -0.5000  0.0000  8.8276
 60 220  2.5000  0.0000  8.8276
 68 220     NaN     NaN  4.0635
 76 220  1.5000  5.0255  9.7158
 84 220  0.0000  0.0000  0.0000
 92 220  0.0000  0.0000  0.0000
100 220  0.0000  0.0000  0.0000
108 220 -0.1760  0.0000 15.0588
116 220  0.0000  0.0000  0.0000
124 220 -0.5000  0.0000  8.8276
132 220  0.0000  0.0000  0.0000
140 220  0.0000  0.0000  0.0000
148 220  0.0000  0.0000  0.0000
156 220  0.0000  0.0000  0.0000
164 220  0.0000  0.0000 11.1304
172 220  0.0000  0.0000  9.2850
180 220  0.0000  0.0000  0.0000
188 220  0.2568  0.0627  8.5469
196 220  0.0000  0.0000  0.0000
204 220  0.0000  0.0000  0.0000
212 220  0.0000  0.0000  0.0000
220 220  0.0000  0.0000  0.0000
228 220  0.0000 -0.5000  8.8276
236 220  0.0000  0.0000  0.0000
244 220 -0.4363  0.4002  8.0688
252 220 -0.3468  2.5000 10.2045
260 220  0.2917  0.0000 11.1304
268 220  0.0000  0.0000  0.0000
276 220  0.0000  0.0000 11.1304
284 220 -0.5000  4.5000  4.0635
292 220  0.0000  0.0000  0.0000
