VARIABLES= "X pix", "Y pix", "U pix/dt", "V pix/dt", "CHC", ZONE I=28, J=37
  4   4  0.0000  0.0633 11.4712
 12   4  0.0000  0.0000 10.9708
 20   4  0.0000  0.0000 11.0456
 28   4  0.0000  0.0000 11.0456
 36   4  0.0000  0.0000 11.1505
 44   4  0.0000  0.0000 11.1505
 52   4  0.0000  0.0000 11.1505
 60   4  0.0000  0.0000 10.0099
 68   4 -0.0089 -0.0241 10.0933
 76   4  0.0000  0.0000 11.1505
 84   4  0.0000  0.0000 10.9734
 92   4  0.0000 -0.0127 11.0049
100   4  0.0113  0.0094 11.9141
108   4  0.0000  0.0000 11.8710
116   4  0.0000  0.0000 11.6687
124   4  0.0000  0.0000 12.9928
132   4  0.0000  0.0000 11.9577
140   4  0.0000  0.0000 12.7223
148   4  0.0000  0.0000 12.9928
156   4  0.0000  0.0000 11.7754
164   4 -0.0126  0.0320 11.3586
172   4  0.0000  0.0000 10.9266
180   4 -0.0016 -0.0070 11.8645
188   4 -0.0096 -0.0028 12.6784
196   4 -0.0023  0.0085 12.0055
204   4  0.0000  0.0000 12.0698
212   4  0.0196  0.0084 11.9188
220   4  0.0470  0.0324 11.9292
228   4  0.0000  0.0000 10.4335
236   4  0.0000  0.0000 10.3526
244   4  0.0000  0.0000 10.9332
252   4 -0.0177  0.0610 16.7193
260   4 -0.0127  0.0457 12.6377
268   4  0.0000  0.0000 13.0803
276   4  0.0000  0.0000 16.1251
284   4  0.0000 -0.1034 14.2406
292   4  0.0000  0.0000 11.1708
  4  12  0.0000 -0.2797 15.0242
 12  12  0.0000  0.0000 11.3726
 20  12  0.0000  0.0000 12.8000
 28  12  0.0260 -0.5000 13.8474
 36  12  0.0000  0.0000  9.2086
 44  12  0.0895 -0.1491 10.6884
 52  12  0.0000  1.7696  8.2581
 60  12  0.0000 -1.0000 11.1304
 68  12 -0.0272 -0.0562 12.8189
 76  12  0.0000  0.0000 10.7470
 84  12  0.0000  0.0000 13.0402
 92  12  0.0000  0.0000 11.6053
100  12  0.1098  0.0402 11.8939
108  12  0.0000  0.0000 10.1661
116  12  0.0000  0.0000  7.7264
124  12  0.0000  0.0000  9.2850
132  12  0.0000 -0.1670  9.8302
140  12  0.0000  0.0000 10.1661
148  12  0.0000  0.0000  9.4968
156  12  0.0000 -0.1778  7.5124
164  12  0.0000  0.0000 10.4696
172  12  0.0000  0.0000 10.7470
180  12  0.0287 -0.0884  8.0741
188  12 -0.1071 -0.0013  8.0609
196  12 -0.0292  0.0077  6.9331
204  12  0.0356  0.0672 12.2354
212  12  0.0529 -0.0199  9.3520
220  12  0.0978 -0.0583  8.0539
228  12  0.0000  0.0000  7.4054
236  12  0.0000  0.0000  6.6476
244  12  0.0000  0.0000  7.1980
252  12  0.0000  0.0000  7.7491
260  12  0.0123 -0.0030  7.9877
268  12  0.0000  0.0000  8.1264
276  12  0.0000  0.0000  8.7432
284  12  0.0000  0.0000  8.7705
292  12  0.0000  0.0000  9.7314
  4  20  0.0000  0.1484 13.6151
 12  20  0.0000  0.0000 13.5030
 20  20  0.0000  0.0000 10.5419
 28  20  0.0000  0.0000 10.2042
 36  20  0.0000  0.0000 10.0060
 44  20 -0.0543  0.0109  9.5469
 52  20  0.0000  0.0000 10.1893
 60  20  0.0000  0.0238  9.4510
 68  20 -0.0530 -0.0018 10.4194
 76  20  0.0000 -0.0037 11.5831
 84  20  0.0000  0.0000  9.9574
 92  20  0.0000  0.0000 13.1222
100  20  0.0000  0.0000 14.8730
108  20  0.0000  0.0000 14.8081
116  20  0.0010 -0.0100 11.0526
124  20  0.0000  0.0000 10.7905
132  20  0.0000  0.0000 12.2599
140  20  0.0086 -0.0032 14.4384
148  20 -0.0759 -0.0039 17.5967
156  20 -0.0118  0.0027 15.9414
164  20  0.0000  0.0000 23.6741
172  20 -0.0308  0.0060 26.3435
180  20  0.1212 -0.4188 25.6183
188  20 -0.0185 -0.0223 22.7801
196  20  0.0156 -0.0448 15.8453
204  20  0.0047  0.0226 11.3058
212  20 -0.0302  0.1360 16.4457
220  20  0.0000  0.0000 19.5428
228  20  0.0000  0.0000 21.7541
236  20  0.0758  0.0341 16.7288
244  20  0.0000  0.0000 25.8095
252  20  0.0000  0.0000 20.8980
260  20  0.0000  0.0000 19.7990
268  20  0.0000  0.0000 17.3164
276  20  0.0000  0.0000 17.1488
284  20  0.0000  0.0000 11.6270
292  20  0.0000  0.0000 11.0805
  4  28  0.0007 -0.0186 14.6758
 12  28  0.0170 -0.0013 19.7534
 20  28 -0.0026  0.0019 19.4175
 28  28  0.0000  0.0000 10.5455
 36  28  0.0000  0.0000  9.5375
 44  28  0.0009 -0.0203  9.2668
 52  28  0.0130 -0.0099  9.1075
 60  28  0.0023  0.0005  8.5262
 68  28 -0.0000  0.0000 10.4501
 76  28 -0.0040 -0.0226  8.1928
 84  28  0.0000  0.0000  7.8289
 92  28  0.0000  0.0000  8.9972
100  28  0.0000  0.0000  9.9777
108  28 -0.0185 -0.0038  7.9886
116  28  0.0166 -0.0354  7.7483
124  28  0.0020  0.0429  7.4129
132  28  0.0142 -0.0450  6.8438
140  28  0.0016 -0.0204  7.1508
148  28  0.0005  0.0097 14.5398
156  28  0.0085 -0.0128 17.5405
164  28  0.0244  0.0002 17.4943
172  28  0.0222  0.0029 13.7778
180  28  0.0051  0.0028  6.9492
188  28 -0.0201 -0.0134  6.8018
196  28  0.0000  0.0000  6.9045
204  28  0.0000  0.0000  7.3625
212  28  0.0052  0.0019  7.1982
220  28  0.0062  0.0033  6.8228
228  28  0.0000  0.0000  6.9235
236  28 -0.0158 -0.0009  7.2369
244  28  0.0000  0.0000  9.5728
252  28  0.0000  0.0000  9.6498
260  28  0.0000  0.0000 11.3291
268  28  0.0000  0.0000  9.2739
276  28  0.0000  0.0000  8.1385
284  28  0.0000  0.0000  8.3710
292  28  0.0000  0.0000  8.3804
  4  36  0.0135  0.0064  8.1921
 12  36 -0.0077 -0.0796  6.7030
 20  36  0.0299 -0.0644  6.3349
 28  36  0.0000  0.0000 13.3114
 36  36  0.0000  0.0000 11.9011
 44  36  0.0581 -0.1537 17.0381
 52  36  0.0359  0.0129 17.4463
 60  36  0.0000  0.0000 15.1250
 68  36  0.0093 -0.0944 12.4051
 76  36  0.0000  0.0000 10.1958
 84  36 -0.0000  0.0000  7.8113
 92  36  0.0000  0.0000  8.4985
100  36  0.0000  0.0000 11.5768
108  36  0.0000  0.0000 11.9935
116  36 -0.1012 -0.0458 14.0274
124  36  3.3487  3.5000  6.0664
132  36  0.1538  0.4196 12.3286
140  36  0.0000  0.0000 14.7761
148  36 -0.0003  0.0002 14.6086
156  36  0.0434  0.0006 12.2865
164  36 -0.0182 -0.0073 10.8970
172  36  0.0014 -0.0109 11.5578
180  36  0.0000  0.0000  8.5891
188  36 -0.0153  0.0071 10.2062
196  36  0.0000  0.0000 10.6026
204  36  0.0000  0.0000 12.7205
212  36 -0.0119 -0.0679 13.5065
220  36  0.0000  0.0000 15.4368
228  36  0.0000  0.0000 13.7993
236  36  0.0000  0.0000 13.3851
244  36  0.0000  0.0000 12.5085
252  36  0.0000  0.0000 11.0903
260  36  0.0000  0.0000 11.3765
268  36  0.0000  0.0000 13.6341
276  36  0.0000  0.0000 13.7892
284  36  0.0000  0.0000 10.0827
292  36  0.0000  0.0000 16.1171
  4  44  0.0000  0.0000 19.1471
 12  44  0.0499  0.1559 15.4555
 20  44  0.0000  0.0000 14.5166
 28  44  0.0000  0.0000 10.3707
 36  44  0.0000  0.0000  8.9436
 44  44  0.0000  0.0000  8.2653
 52  44 -0.1333  0.0507  6.7623
 60  44 -0.2264  0.2174  8.1086
 68  44  0.0000  0.0000  0.0000
 76  44  0.0000  0.0000 11.1304
 84  44  0.0000  0.0000  0.0000
 92  44  0.0000  0.0000  9.2850
100  44  0.0000  0.0000 12.0628
108  44  0.0000  0.0000 20.7059
116  44 -1.3070 -0.0337 12.4709
124  44 -0.5000  0.0000 11.1304
132  44  0.0000  0.0000 11.1304
140  44  0.0000  0.0000  6.4580
148  44 -0.0025  0.0041 13.0919
156  44  0.0000  0.0000 10.8224
164  44 -0.0099  0.0021 11.2726
172  44  0.0000  0.0000  8.9065
180  44  0.4040  0.2685  7.3376
188  44  0.0000  0.0259 13.4737
196  44 -0.0826  0.0171 12.7354
204  44  0.0315 -0.0093 10.4336
212  44  0.0595 -0.0110 11.8908
220  44  0.0000  0.0000 12.4923
228  44 -0.0867 -0.0084 12.0592
236  44  0.0129  0.1171 12.7605
244  44  0.0000  0.0000 14.3415
252  44  0.0000  0.0000 12.0066
260  44  0.0000  0.0000 13.6594
268  44  0.0000  0.0000 17.6061
276  44  0.0000  0.0000 11.1278
284  44  0.0000  0.0000  6.8970
292  44  0.0000  0.0000 11.0903
  4  52  0.0824 -0.2461  8.5976
 12  52  0.0000  0.0000 11.1304
 20  52  0.0000  0.0000  0.0000
 28  52  0.0000  0.0000 11.1304
 36  52  0.0000  0.0000  0.0000
 44  52 -0.1960  0.0000 11.1304
 52  52  0.0000 -0.5000  8.8276
 60  52 -0.5000  0.0000  8.8276
 68  52  0.0000  0.0000 16.1088
 76  52  0.0000  0.0000  0.0000
 84  52  0.0000  0.0000  0.0000
 92  52  0.0000  0.0000 10.0729
100  52  0.0000  0.0000 10.9884
108  52  0.0000  0.0000 16.2922
116  52  0.3145 -0.0264 11.0777
124  52  0.0000  0.0000 11.9011
132  52 -0.5000  0.0000  8.8276
140  52  0.0000  0.0000 13.5722
148  52  0.0000  0.0000  8.3455
156  52  0.0000  0.0000  8.5995
164  52 -0.0412  0.0238  8.4253
172  52  0.0000  0.0000  9.9303
180  52  0.0000  0.0000 12.0342
188  52  0.0000  0.0000 16.1088
196  52  0.0000  0.0000  0.0000
204  52  0.0000  0.0000  0.0000
212  52  0.0000  0.0000 11.1304
220  52  0.0000  0.0000  7.8087
228  52  0.0216 -0.2705 10.2828
236  52 -0.0149  0.2749  9.0775
244  52  0.0000  0.0000 11.3315
252  52  0.0000  0.0000 13.2254
260  52  0.1176  0.5832  7.0075
268  52  0.0000  0.0000  8.8191
276  52  0.0000  0.0000 10.6826
284  52  0.0000  0.0000 12.1422
292  52  0.0000  0.0000 13.5758
  4  60  0.0000  0.0000  0.0000
 12  60  0.0000  0.0000 11.1304
 20  60  0.0000  0.0000  0.0000
 28  60  0.0000  0.0000  0.0000
 36  60  0.0000  0.0000 11.1304
 44  60 -0.0215  1.9520 10.6667
 52  60  0.0000  0.0000 11.9011
 60  60  0.0328  0.2156 15.3670
 68  60  0.1933  0.0162 19.2688
 76  60  0.0000  0.0000 18.4672
 84  60  0.0000  0.0000 14.3979
 92  60  0.0000  0.0000 13.1204
100  60  0.0000  0.0000 12.5315
108  60 -0.2439  0.6233  6.5052
116  60  0.0000  0.0000  9.4208
124  60  0.0000  0.0000 13.6456
132  60  0.0000  0.0000  9.2086
140  60  0.0000  0.0000 11.4015
148  60  0.0000  0.0000 13.5576
156  60  0.0000  0.0000 11.1304
164  60  0.1934 -0.0666 11.6364
172  60  0.0000  0.0000 11.7824
180  60  0.0000  0.0000 11.1304
188  60  0.1834 -0.0484 13.7039
196  60  0.0000  0.0000 17.0667
204  60  0.0000 -0.5000  8.8276
212  60  0.0000  0.0000  0.0000
220  60  0.0000  0.0000  0.0000
228  60  0.0000  0.0000 11.1304
236  60  0.0000  0.0000 11.1304
244  60  0.1195  1.0576  7.0137
252  60  0.0000  0.0000  9.4208
260  60 -0.2907 -0.0403 10.5761
268  60  0.0000  0.0000 16.6956
276  60  0.0000  0.0000 16.1088
284  60  0.0000  0.0000 12.0628
292  60  0.0000  0.0859 13.4737
  4  68  0.0000  0.0000  0.0000
 12  68  0.0000  0.0000  0.0000
 20  68  0.0000  0.0000 11.1304
 28  68  0.0000  0.0000  8.0000
 36  68  0.0000  0.0000  8.0000
 44  68  0.0000  0.0000  0.0000
 52  68  0.0000  0.0000 19.4783
 60  68  0.0867  0.1071  9.3967
 68  68  0.0000  0.0000 19.1045
 76  68  0.0000  0.0000 11.1304
 84  68 -0.1631 -0.0887  9.3244
 92  68  0.0000  0.0000 15.3942
100  68  0.0000  0.0000 20.7059
108  68  2.5000  0.0000  8.8276
116  68  0.0000  0.0000 12.1905
124  68 -0.1960  0.0000 11.1304
132  68     NaN  0.0000 17.0667
140  68  0.0000  0.0000 11.9011
148  68 -0.5000 -0.0696  9.9740
156  68 -0.1290  0.0106 12.7593
164  68  0.0000  0.0000 16.1088
172  68  0.0000  0.0000 16.1088
180  68 -0.3577 -0.5000 13.4737
188  68  1.5000  0.0000  8.2581
196  68  0.0000  0.0000  0.0000
204  68  0.0000  0.0000  0.0000
212  68  0.0000  0.0000 11.1304
220  68  0.0000  1.7251  8.5018
228  68  0.0000  0.0000 20.7059
236  68  0.0000  0.0000 11.1304
244  68 -0.5000  0.1588 10.5785
252  68  0.0000  0.0000 11.1304
260  68  0.0000 -0.5000  8.8276
268  68  0.0000  0.0000  0.0000
276  68  0.1073  0.0249 10.4837
284  68  0.0000  0.0000  0.0000
292  68  0.0000  0.0000 16.1088
  4  76  0.0000  0.0000 16.1088
 12  76  0.0000  0.0000 10.3623
 20  76 -0.0513 -0.1326  6.0730
 28  76  0.1000  0.2037  7.3977
 36  76  0.0000  0.0000 12.3186
 44  76  0.0000  0.0000 20.7059
 52  76  0.0320  0.3290 12.5902
 60  76     NaN     NaN  6.8903
 68  76 -0.1049  0.0310 12.4498
 76  76  0.0000  0.0000 13.8343
 84  76  0.0000  2.5000  8.8276
 92  76  0.0000  0.0000 11.1304
100  76  0.0000  0.0000  0.0000
108  76 -0.0647 -0.0771 14.4477
116  76  0.0000  0.0000 11.1304
124  76  0.0000  0.0000 14.5615
132  76  0.0000  0.0000 17.2183
140  76  0.0000  0.0000 11.1304
148  76  0.0000  0.0000  0.0000
156  76  0.0000  0.0000 11.1304
164  76  0.0000  0.0000  0.0000
172  76  2.5000  0.0000  8.8276
180  76  0.0000  0.5000 11.1304
188  76 -0.1313 -0.0812 16.9211
196  76  0.0000  0.0000  0.0000
204  76  0.0000  0.0000 11.1304
212  76  0.0000  0.0000 11.1304
220  76  0.0000  0.0000 16.1088
228  76  0.0000  0.0000 17.0667
236  76  0.0000  0.0000 12.0628
244  76 -0.1841  0.0418 12.3683
252  76  0.0000  0.0000 11.1304
260  76  0.0000  0.0000  0.0000
268  76  0.0000  0.0000 11.1304
276  76  0.0000  0.0000 16.1088
284  76  0.0000  0.0000 11.9011
292  76  0.0000  0.0000 11.9011
  4  84  0.0000  0.0000 12.0073
 12  84  0.0000  0.0000 10.5606
 20  84 -0.1728  0.1030 10.5898
 28  84 -0.0417 -0.1134  7.3143
 36  84  0.0000 -0.5000  8.8276
 44  84  0.3145 -0.0264 11.0777
 52  84 -0.1490  1.5781 10.6945
 60  84  0.0000  0.0000  8.0000
 68  84  0.0000  0.0000 22.2609
 76  84  0.0000  0.0000 17.0667
 84  84  0.0000  0.0000  8.0000
 92  84  0.1841 -0.0418 12.3683
100  84  0.0000  0.0000 12.0628
108  84  0.0000  0.0000  0.0000
116  84  0.0000  0.0000 11.1304
124  84  0.0591 -0.4669 11.7541
132  84 -0.0234 -0.0295  8.4253
140  84  0.0000  0.0000 12.1315
148  84  2.5000  0.0000  8.8276
156  84  0.0000  0.0000 13.0803
164  84  0.0000  0.0000 11.1304
172  84  0.0000  0.0000 19.4783
180  84  0.0000  0.0000  8.0000
188  84  0.0000  0.0000  0.0000
196  84 -1.3070  0.0337 12.4709
204  84  0.0000  0.0000  0.0000
212  84  0.0000  0.0000  0.0000
220  84  0.0000  0.0000 11.1304
228  84  0.1841  0.0418 12.3683
236  84  0.1146 -0.0101 17.4161
244  84  0.5000  0.0000  8.4768
252  84  0.0000  0.0000  0.0000
260  84  0.0000  0.0000  0.0000
268  84  0.0000  0.0000  0.0000
276  84  0.0000  0.0000  0.0000
284  84  0.0000  0.0000 16.1088
292  84  0.0418  0.1521 12.6567
  4  92 -0.0544  0.0000  9.8359
 12  92  0.0000  0.0000 11.1304
 20  92  1.6958  0.0000  6.5641
 28  92  0.0000  0.0000 20.7059
 36  92  0.4553 -1.8217 13.1517
 44  92 -0.5000  0.1180  9.2850
 52  92  0.0000  0.0000 11.1304
 60  92  0.0000  0.0000 16.1088
 68  92  0.0000  0.0000  0.0000
 76  92  0.0000  0.0000 11.1304
 84  92  0.0000  0.0000 16.1088
 92  92  0.0000  0.0000  0.0000
100  92  0.0000  0.0000  0.0000
108  92  0.0000  0.0000  0.0000
116  92  0.0000  0.0000 22.2609
124  92 -0.2925  1.0000  6.9828
132  92  0.0000  0.0000  0.0000
140  92 -0.5000  0.2012  9.9121
148  92  0.0000  0.0000  0.0000
156  92  0.0000  0.0000 14.5615
164  92  0.0000  0.0000  0.0000
172  92  0.0000  0.0000 11.1304
180  92  0.0264  0.3145 11.0777
188  92  0.0000  0.0000 11.1304
196  92  0.0000  0.0000 11.9011
204  92  0.0410 -0.0573  8.4160
212  92  0.0000  0.0000  0.0000
220  92  0.0000  0.0000  0.0000
228  92  0.0000  0.0000 11.1304
236  92  0.0000  0.0000 11.1304
244  92  0.0000  2.5000  8.8276
252  92  0.0000  0.0000 11.1304
260  92  0.0000  0.0000  0.0000
268  92  0.0000  0.0000  0.0000
276  92  0.0000  0.0000  0.0000
284  92  0.0000  0.0000 11.1304
292  92  0.0000  0.0000  0.0000
  4 100  0.0000  0.0000 12.1315
 12 100  0.0000  0.0000 12.1315
 20 100  0.0000  0.0000 16.1088
 28 100  0.2414  0.0000 11.1304
 36 100  0.0000  0.0000 11.1304
 44 100  0.0000  0.0000  0.0000
 52 100  0.0000  0.0000  0.0000
 60 100  0.0000  0.0000  0.0000
 68 100  0.0000  0.0000  0.0000
 76 100  0.0000 -0.5000  8.8276
 84 100  0.0000  0.0000  0.0000
 92 100  0.0000  0.0000  0.0000
100 100  0.0000  0.0000 16.1088
108 100  0.0000  0.0000 12.0628
116 100  0.5000  0.0000 11.1304
124 100  0.0000  0.0000  0.0000
132 100  0.0000  0.0000 16.6957
140 100  0.0000  0.0000  0.0000
148 100  0.0000  0.0000  0.0000
156 100  0.0000  0.0000 11.9011
164 100  0.0000  0.0000 11.1304
172 100  0.5000  0.0000 11.1304
180 100  0.0000  0.0000  0.0000
188 100  0.1184  0.2458  9.4323
196 100 -0.0260 -0.1571 14.5328
204 100  0.0000  0.0000 14.5615
212 100  0.0000  0.0000 11.1304
220 100  0.0000  0.0000 11.1304
228 100  0.0000  0.0000 11.1304
236 100  0.0000  0.0000  0.0000
244 100  0.0000  0.0000  0.0000
252 100  0.0000  0.0000 11.1304
260 100 -0.2727  0.0000 15.0980
268 100  0.0000  0.0000  0.0000
276 100 -0.5000  0.0000  8.8276
284 100  0.0000  2.5000  8.8276
292 100  0.0000  0.0000 16.1088
  4 108  0.0000  0.0000 11.0903
 12 108 -0.3290  2.8274  8.0000
 20 108  0.0000  0.0000 16.1088
 28 108  4.5000  0.1174 13.8795
 36 108  0.0000  0.0000  0.0000
 44 108  0.0000  0.0000  0.0000
 52 108  0.0000  0.0000 11.1304
 60 108  0.0000  0.0000  0.0000
 68 108  0.0000  0.0000  0.0000
 76 108  0.0000  0.0000  0.0000
 84 108  0.0000  0.0000  0.0000
 92 108 -0.0769 -0.0562 21.1848
100 108  0.0000  0.0000 13.7544
108 108  0.0000  0.0000 11.1304
116 108  0.0000  0.0000 11.1304
124 108  0.0000  0.0000 19.1387
132 108  0.2761  0.0806  9.3746
140 108  0.0000  0.0000 19.4783
148 108  0.0000  0.0000  0.0000
156 108  0.0000  0.0000 12.0628
164 108     NaN  0.0000 17.0667
172 108  0.0000  0.0000 11.1304
180 108  0.0000  0.0000  0.0000
188 108 -0.0113 -0.0329 13.2909
196 108  0.0000  0.0000 16.6957
204 108  0.5000  0.0000 11.1304
212 108  0.0000  0.0000 16.1088
220 108  0.0000  0.0000  0.0000
228 108  0.0000  0.0000  0.0000
236 108  0.0000  0.0000  0.0000
244 108  0.0000  0.0000  0.0000
252 108  0.0000  0.0000 13.3565
260 108 -0.0300  0.4631 13.0538
268 108  0.0000  0.0000  0.0000
276 108  0.0000  0.0000  0.0000
284 108  2.5000  0.0000  8.8276
292 108  0.0000  0.0000 16.1088
  4 116  0.0000  0.0000  0.0000
 12 116  0.0000  0.0000 11.1304
 20 116  0.0000  0.0000 12.7696
 28 116  0.0000  0.0000  8.0000
 36 116  0.0000  0.0000 13.0803
 44 116 -0.1125  0.0493  9.8826
 52 116  0.0000  0.0000 11.1304
 60 116  0.0000  0.0000 20.7059
 68 116  0.0000  0.0000 11.1304
 76 116  0.0000  0.0000 16.1088
 84 116 -0.2922  0.1116  8.1940
 92 116  0.0000  0.0000  8.2202
100 116  0.0000  0.0000  9.4208
108 116  0.0000  0.0000 11.1304
116 116  0.0000  0.0000  0.0000
124 116  0.0000  0.0000 11.2521
132 116  0.0000  0.0000 11.1304
140 116 -0.3290  0.0000  9.4815
148 116  0.0000  0.0000 11.7824
156 116  0.0000  0.0000 11.1304
164 116  0.0000  0.0000 13.5576
172 116  0.0000  0.0000 12.0455
180 116  0.0000  0.0000  0.0000
188 116  0.0000  0.0000 11.1304
196 116  0.0000  0.0000  0.0000
204 116  0.0000  0.0000 11.1304
212 116  0.0000  0.0000 11.1304
220 116  0.0000  0.0000 12.0628
228 116  0.0000  0.0000 12.0628
236 116  0.0000  0.0000 12.0628
244 116 -0.3145  0.0264 11.0777
252 116  0.0000  0.0000 11.1304
260 116  0.0000  0.0000  0.0000
268 116  0.0000  0.0000 11.1304
276 116 -0.5000 -0.1588 10.5785
284 116  0.0000  0.0000  0.0000
292 116  0.0000  0.0000 16.1088
  4 124  0.0000 -0.0264 10.8667
 12 124  0.0000  0.0000  0.0000
 20 124  0.0000  0.0000  0.0000
 28 124  0.1927 -0.0788 17.1842
 36 124  0.0000  0.0000 11.9011
 44 124  0.1123  0.0711 13.6764
 52 124  0.0000  0.0000  8.8276
 60 124  0.0000  0.0000  0.0000
 68 124  0.0000  0.0000 16.6957
 76 124  0.0000  0.0000  0.0000
 84 124  0.1960  2.5000 11.1304
 92 124  0.0000  0.0000 11.1304
100 124  0.0698 -0.2911 10.5124
108 124  0.0000  0.0000  0.0000
116 124  0.0000  0.0000 12.0455
124 124  0.0000  0.0000 12.0455
132 124  0.0000  0.0000  8.2581
140 124  0.0000  0.0000 12.0628
148 124  0.0000  0.0000 13.0803
156 124  0.0000  0.0000 13.5576
164 124  0.0000  0.0000  0.0000
172 124  0.0000  0.0000  9.4948
180 124  0.0000  0.0000 16.1088
188 124  0.0000  0.0000  0.0000
196 124  0.0000  0.0000 11.1304
204 124  0.0000  0.0000 11.1304
212 124  0.0000  0.0000  0.0000
220 124  0.0000  0.0000 11.1304
228 124  0.0000  0.0000 11.1304
236 124  0.0000  0.0000 11.1304
244 124  0.0000  0.0000 11.1304
252 124  0.0000  0.0000 11.1304
260 124  0.0000  0.0000  0.0000
268 124  0.0000  0.0000  0.0000
276 124  0.0000  2.5000  8.8276
284 124  0.0000  0.0000 11.1304
292 124  0.0000  0.0000 16.1088
  4 132  0.0000  0.0000 19.1045
 12 132  0.0000  0.0000  0.0000
 20 132  0.0000  0.0000  0.0000
 28 132  0.0000  0.0000 12.1905
 36 132  0.0000  0.0000 13.1641
 44 132  0.0000  0.0000 16.1088
 52 132  0.0000  0.0000 11.1304
 60 132  0.0000  0.0000 11.1304
 68 132  0.9260 -0.0421 13.4321
 76 132  0.0000  0.0000 20.7059
 84 132  0.0000  0.0000  9.4948
 92 132  0.0000  0.0000  0.0000
100 132  0.0000  0.0000 13.0803
108 132 -0.0596 -1.0000 13.1908
116 132  2.5000  0.0000  8.8276
124 132  0.0698 -0.2911 10.5124
132 132  0.0000  0.0000  0.0000
140 132  0.0000  0.0000 12.0628
148 132 -0.0298  0.2166 12.8357
156 132  0.0000  0.0000  0.0000
164 132  0.0000  0.0000  0.0000
172 132  0.0000  0.0000 11.1304
180 132  0.0000  0.0000 11.1304
188 132  0.0000  0.0000 11.1304
196 132  0.0000  0.0000 16.1088
204 132  0.0000  0.0000  0.0000
212 132  0.0000  0.0000 11.1304
220 132  0.0000  0.0000 11.1304
228 132  0.0000  0.0000  0.0000
236 132  0.0000  0.0000  0.0000
244 132  0.0000  0.0000  0.0000
252 132  0.0000  0.0000  0.0000
260 132  0.5000  0.0000  8.4768
268 132  0.0000  0.0000 11.1304
276 132  0.0000  0.0000  0.0000
284 132  0.0000  0.0000 16.1088
292 132  0.0000  0.0000 11.1304
  4 140  0.0000  0.0000 16.1088
 12 140  0.0000  0.0000 13.5576
 20 140  0.0000  0.0000 16.1088
 28 140  0.0000  0.0000  0.0000
 36 140  0.0000  0.0000  0.0000
 44 140  0.0000  0.0000  0.0000
 52 140  0.2414  0.0000 11.1304
 60 140  0.2057  0.0000  8.8514
 68 140  0.0000  0.0000 16.1088
 76 140  0.1147 -0.0186 12.5836
 84 140  0.0000  0.0000 11.9011
 92 140  0.0000  0.0000 16.1088
100 140  0.3577  0.0000 13.4737
108 140  0.0000  0.0000 11.1304
116 140  0.0000  0.0000 11.1304
124 140  1.0000  0.0000  9.2850
132 140  0.0000  0.0000 11.1304
140 140  0.0000  0.0000 11.1304
148 140  0.0000  0.0000  0.0000
156 140  0.0000  0.0000 11.1304
164 140  0.0000  0.0000 16.1088
172 140  2.3677  0.1145 12.8207
180 140 -0.3468  2.5000 10.2045
188 140  0.0000  0.0000 22.2609
196 140  0.0000  0.0000 22.2609
204 140  0.0000  0.0000 11.1304
212 140  0.0000  0.0000 16.1088
220 140  0.0000  0.0000  0.0000
228 140  0.0000  0.0000  0.0000
236 140  0.0000  0.0000  0.0000
244 140  0.0000  0.0000  0.0000
252 140  0.0000  0.0000  0.0000
260 140  0.0000  0.0000  0.0000
268 140  0.0000  0.0000  0.0000
276 140  0.0000  0.0000  0.0000
284 140  0.0000  0.0000 11.1304
292 140  0.0000  0.0000 11.1304
  4 148 -1.3070 -0.0337 12.4709
 12 148  0.0000  0.0000 16.1088
 20 148  0.0000  0.0000 11.1304
 28 148  0.0000  0.0000  0.0000
 36 148  0.0000  0.0000  8.0000
 44 148 -0.0552 -0.0252 12.8845
 52 148 -0.0604  0.0199 10.3660
 60 148  0.0000  0.0000 11.1304
 68 148  0.0000  0.0000 16.1088
 76 148  0.0000  0.0000 12.8600
 84 148  0.0000  0.1063  6.9728
 92 148  0.0000  0.0000 11.1304
100 148  0.1379 -0.3981  8.0000
108 148  0.0000  0.0000 15.5009
116 148  0.0000  0.0000 11.1304
124 148  0.0000  0.0000 12.0628
132 148 -1.5000  0.0000  8.2581
140 148  0.0000  0.0000 11.1304
148 148  0.0000  0.0000 11.1304
156 148  0.0000  0.0000  0.0000
164 148  0.0000  0.0000 12.0628
172 148  0.0000  0.0000  0.0000
180 148  0.0000 -0.5000  8.8276
188 148  0.0000 -0.1960 11.1304
196 148  0.0000  0.0000 19.4783
204 148  0.0000  0.0000  0.0000
212 148  0.0000  0.0000 11.1304
220 148  0.0000  0.0000 11.1304
228 148  0.0000  0.0000  0.0000
236 148  0.0000  0.0000  0.0000
244 148  0.0000  0.0000  0.0000
252 148  0.0000  0.0000 11.1304
260 148  0.0000  0.0000 11.1304
268 148  0.0000  0.0000  0.0000
276 148  0.0000  0.0000 16.1088
284 148  0.0000  0.0000 11.1304
292 148 -0.5000  0.0000  8.8276
  4 156  0.0000  0.0000 16.1088
 12 156  0.0000  0.0000 11.1304
 20 156  0.0000  0.0000 19.4783
 28 156  0.0000  0.0000 16.1088
 36 156  0.0000  0.0000 17.0667
 44 156  0.0000  0.0000  8.6413
 52 156 -0.0130  0.3637 14.1785
 60 156 -0.0986  0.2568  5.9535
 68 156  0.0934 -0.2052 10.5433
 76 156  0.3095 -0.2269  6.1440
 84 156  0.0000  0.0000 16.1088
 92 156  0.0000  0.0000 16.1088
100 156  0.0000  0.0000 11.1304
108 156  0.0000  0.0000  8.0000
116 156  0.0000  0.0000 11.1304
124 156 -0.5000  0.2012  9.9121
132 156  0.0000  0.0000 11.1304
140 156  0.0965  0.0000 20.1348
148 156  0.0000  0.0000  0.0000
156 156  0.0000  0.0000  0.0000
164 156  0.0000  0.0000 11.2521
172 156  0.0000  0.0000 11.1304
180 156  0.0000  0.0000 11.1304
188 156  0.0000  0.0000  0.0000
196 156 -0.1313 -0.0812 16.9211
204 156  0.0000  0.0000  0.0000
212 156  0.0000  0.0000 16.1088
220 156  0.0000  0.0000  0.0000
228 156  0.0000  0.0000 11.1304
236 156  0.0000  0.0000 11.1304
244 156  0.0000  0.0000 11.1304
252 156  0.0000  0.0000  0.0000
260 156  2.5000 -0.1588 10.5785
268 156  0.0000  0.0000 16.1088
276 156  0.0000  0.0000  0.0000
284 156  0.0000  0.0000 11.1304
292 156  0.0000  0.0000 16.1088
  4 164  0.0000 -0.1960 11.1304
 12 164  0.0000  0.0000 13.3565
 20 164  0.7920  0.3141  8.4131
 28 164  0.0000  0.0000 11.9011
 36 164  0.0000  0.0000 11.1304
 44 164  0.0000  0.0000 11.8583
 52 164  0.0000  0.0000 12.0628
 60 164  0.0000  0.0000 12.0455
 68 164  0.0000  0.0000 19.4783
 76 164  0.0000  0.0000 16.1088
 84 164  0.0000 -0.5000  8.8276
 92 164  0.0000  0.0000  0.0000
100 164  0.0000  0.0000 11.1304
108 164  1.0000  0.0000  9.2850
116 164  0.0000  0.0000 11.1304
124 164  0.0000  0.0000  8.2581
132 164  0.0000  0.0000 11.1304
140 164  0.0965  0.0000 20.1348
148 164  0.0000  0.0000  0.0000
156 164  0.0000  0.0000  0.0000
164 164  0.0000  0.0000 12.0628
172 164  0.0000  0.0000 11.1304
180 164  0.0000  0.0000 11.1304
188 164  0.0000  0.0000  0.0000
196 164 -0.3308 -0.1127 11.8471
204 164  2.5000 -0.1180  9.2850
212 164  0.0000  0.0000 11.1304
220 164  0.0000  0.0000 11.1304
228 164  0.0000  0.0000 11.1304
236 164  0.0000  0.0000 16.1088
244 164  0.0000  0.0000 11.1304
252 164  0.0000  0.0000  0.0000
260 164  0.0000  0.0000  0.0000
268 164  0.0000  0.0000  0.0000
276 164  0.0000  0.0000  0.0000
284 164  0.0000  0.0000 11.1304
292 164  0.0000  0.0000  0.0000
  4 172  0.0000  0.0000  0.0000
 12 172  0.0000  0.0000 16.1088
 20 172 -0.4043 -0.4043  8.0000
 28 172  0.0000  0.0000 11.1304
 36 172  0.0000  0.0000 11.1304
 44 172  0.1960  0.0000 11.1304
 52 172  0.0000  0.0000  0.0000
 60 172  0.0000  0.0000 11.1304
 68 172 -0.5000  0.1588 10.5785
 76 172  0.0000  0.0000 11.1304
 84 172  0.0000  0.0000 11.1304
 92 172  0.0000  0.0000  0.0000
100 172  0.0000  0.0000  0.0000
108 172  0.4043  0.4043  8.0000
116 172  0.0000  0.0000 11.1304
124 172  0.0000  0.0000 16.1088
132 172  0.0000  0.0000  8.2581
140 172  0.0000  0.0000 11.1304
148 172  0.0000  0.0000 11.1304
156 172  0.0000  0.0000 11.1304
164 172  0.5838 -0.3144  8.0688
172 172  0.0000  0.0000 11.1304
180 172  0.5000  0.0000 11.1304
188 172  0.0000  0.0000 11.1304
196 172  0.0000  0.0000 16.1088
204 172  0.0000  0.0000 16.1088
212 172  0.0000  0.0000  0.0000
220 172  0.0000  2.5000  8.8276
228 172  0.0000  0.0000 11.1304
236 172 -0.1151 -0.1151 16.5161
244 172  0.0000  0.0000 11.1304
252 172  0.0000  0.0000  0.0000
260 172  0.0000  0.0000  0.0000
268 172  0.0000  0.0000 11.1304
276 172  0.0000  0.0000 16.1088
284 172  0.0000  0.0000 11.1304
292 172  0.0000  0.0000  0.0000
  4 180  0.0000  0.0000  0.0000
 12 180 -0.0913 -0.2044 18.7317
 20 180  0.0000  0.0000  8.0000
 28 180  0.0000  0.0000 16.1088
 36 180  0.0000  0.0000 16.1088
 44 180  0.0000  0.0000 11.1304
 52 180  0.0000  0.0000  0.0000
 60 180  0.0000  0.0000 16.1088
 68 180  0.0000  0.0000 16.1088
 76 180  0.0000  0.0000 11.1304
 84 180 -0.0418  0.1521 12.6567
 92 180  0.0000  0.0000 11.1304
100 180  0.0000  0.0000 16.1088
108 180 -0.4043  0.4043  8.0000
116 180 -1.5000  0.0000  8.2581
124 180  0.0000  0.0000  0.0000
132 180  0.0000  0.0000 11.1304
140 180  0.0000  0.0000 11.1304
148 180  0.0000  0.0000 17.2183
156 180  0.0000  0.0000 16.1088
164 180  1.0000  0.0000  8.2581
172 180  0.0000  0.0000 19.1045
180 180  0.0000  0.0000 11.1304
188 180  0.0000  0.0000  0.0000
196 180  0.0000  0.0000  0.0000
204 180  0.0000  0.0000  0.0000
212 180  0.0000 -0.5000  8.8276
220 180  0.0000  0.0000  0.0000
228 180  0.0000  0.0000 16.1088
236 180  0.0000  0.0000  0.0000
244 180  0.0000  0.0000 16.1088
252 180  0.0000  0.0000 11.1304
260 180  0.0000  0.0000 11.1304
268 180  0.0000  0.0000 20.7059
276 180  0.0000  0.0000 16.1088
284 180  0.0000  0.0000 11.1304
292 180  0.0000  0.0000 11.1304
  4 188  0.0000  0.0000  0.0000
 12 188  0.0000  0.0000  0.0000
 20 188  0.0000  0.0000 13.6955
 28 188  0.0000  0.0000  0.0000
 36 188  0.0418  0.1521 12.6567
 44 188  0.0000  0.0000 11.1304
 52 188 -0.1960 -0.5000 11.1304
 60 188  0.0000  0.0000 13.7544
 68 188  0.0000  0.0000 11.1304
 76 188  0.0000  0.0000  8.0000
 84 188 -0.1798 -0.0246 17.0238
 92 188  0.0000  0.0000  0.0000
100 188  0.0000  0.0000 11.1304
108 188 -0.1760  0.0000 15.0588
116 188 -0.1960  0.0000 11.1304
124 188  1.5000  0.0000  8.2581
132 188  0.0000  0.0000 19.1045
140 188  0.0000  0.0000 12.0628
148 188     NaN     NaN  5.2245
156 188  0.0000 -0.5000  8.8276
164 188  0.0000 -0.5000  8.9154
172 188  0.0000  0.0000 11.7230
180 188  0.0000  0.0000 16.1088
188 188  0.0000  0.0000 11.1304
196 188  0.0000  0.0000  0.0000
204 188  0.0000  0.0000  0.0000
212 188  0.0000  0.0000 11.1304
220 188  0.0000  0.0000 13.0803
228 188  0.0000  0.0000 16.1088
236 188  1.4070  0.1518 10.3087
244 188  0.0000  0.0000 17.0667
252 188  0.0000  0.0000 16.1088
260 188  0.0000  0.0000 19.4783
268 188  0.0000  0.0000  0.0000
276 188  0.0000  0.0000 11.1304
284 188  0.0000  0.0000  0.0000
292 188  0.0000  0.0000 11.1304
  4 196  0.0000  0.0000  0.0000
 12 196  0.0000  0.0000 19.4783
 20 196 -0.4043 -0.4043  8.0000
 28 196  0.0000  0.0000  0.0000
 36 196  0.0000  0.0000 11.1304
 44 196  0.0000  0.3147  7.9175
 52 196  0.0561  0.2765  9.5419
 60 196  0.0561  0.2765  9.5419
 68 196  0.0000  0.0000 16.1088
 76 196  0.0000  0.0000 12.0455
 84 196  0.0000  0.0000  0.0000
 92 196  0.0000  0.0000  0.0000
100 196  0.0000  0.0000 11.1304
108 196  0.0000  0.0000 12.0628
116 196  0.0000  0.0000 12.0628
124 196  0.0000  0.0000 17.0667
132 196 -0.5000  0.0000 11.1304
140 196  0.0000  0.0000 12.0628
148 196  0.0000  0.0000 19.1045
156 196  0.0000  0.0000 12.0455
164 196  0.0000  0.0000  0.0000
172 196  0.0000  0.0000  9.4208
180 196  0.0000  0.0000 11.1304
188 196  0.0000  0.0000 11.1304
196 196  0.0000  0.0000  0.0000
204 196  2.5000  0.0000  8.8276
212 196  0.0000  0.0000  0.0000
220 196 -0.0418 -0.1521 12.6567
228 196  0.0000  0.0000 19.1045
236 196  0.0000  0.0000 12.0628
244 196  0.0000  0.0000  0.0000
252 196  0.0000  0.0000 16.1088
260 196  0.0000  0.0000 12.0628
268 196  0.0000  0.0000  0.0000
276 196  0.0000  0.0000  0.0000
284 196  0.0000  0.0000  0.0000
292 196  0.0000  0.0000 11.1304
  4 204  0.0131  0.0589  6.5740
 12 204  0.0000  0.0000 12.0455
 20 204  0.0000  0.0000 11.1304
 28 204  0.0000  0.0000  0.0000
 36 204 -0.2136  0.2159 14.8252
 44 204  0.0000  0.0000 12.0455
 52 204  1.0000 -0.0305  9.0241
 60 204  0.0000  0.0000 19.4783
 68 204  0.0000  0.0000 16.1088
 76 204  0.0000  0.0000 19.1045
 84 204  0.0000  0.0000  0.0000
 92 204  0.0000  0.0000  0.0000
100 204  0.0000  0.0000  0.0000
108 204 -0.4043 -0.4043  8.0000
116 204 -0.1960  0.0000 11.1304
124 204  0.1841 -0.0418 12.3683
132 204  0.0000  0.0000 11.1304
140 204 -0.1960 -0.5000 11.1304
148 204 -5.6949 -0.2733 12.5685
156 204  0.0000  0.0000 16.1088
164 204  0.0000  0.0000  0.0000
172 204  0.0000  0.0000  8.7810
180 204  0.0000  0.0000  0.0000
188 204  0.0000  0.0000  0.0000
196 204  0.0000  0.0000 11.1304
204 204  0.0000  0.0000 11.1304
212 204  0.0000  0.0000  0.0000
220 204  0.0000  2.5000  8.8276
228 204  0.0000  0.0000 16.1088
236 204  0.0000  0.0000 11.1304
244 204  0.0000  0.0000 11.1304
252 204  0.0000  0.0000  0.0000
260 204  0.0000  0.0000 12.0455
268 204  0.0000  0.0000  0.0000
276 204  0.0000  0.0000 11.1304
284 204  0.0000  0.0000  0.0000
292 204  1.7055 -4.1707 12.5618
  4 212 -0.2600  0.0542  7.0674
 12 212  0.0000  0.0000  8.0000
 20 212  0.0000  0.0000  0.0000
 28 212  0.0000  0.0000 16.1088
 36 212  0.0000  0.0000 12.8600
 44 212  0.1960 -0.5000 11.1304
 52 212  0.0000  0.0000 12.8600
 60 212  0.0000  0.0000  0.0000
 68 212  0.0000  0.0000 11.1304
 76 212  0.0000  0.0000  0.0000
 84 212  0.0000  0.0000 11.1304
 92 212  0.0000  0.0000  0.0000
100 212  0.0000  0.0000  0.0000
108 212  1.1733  0.0000  8.5333
116 212  1.5000  0.0000  8.2581
124 212  0.0000  0.0000  0.0000
132 212  0.0000  0.0000 11.1304
140 212  0.0000  0.0000  0.0000
148 212  0.0000  0.0000  0.0000
156 212  0.0000  0.0000  0.0000
164 212  0.0000  0.0000  0.0000
172 212 -0.0677 -0.2808  8.2399
180 212  0.0000  0.0000  0.0000
188 212  0.0000  0.0000  0.0000
196 212  0.0000  0.0000  0.0000
204 212  0.0000  0.0000  0.0000
212 212  0.0000  0.0000  0.0000
220 212  0.0000  0.0000  0.0000
228 212  0.0000  0.0000 11.1304
236 212  0.0000  0.0000 16.1088
244 212  0.0000  0.0000 16.1088
252 212  0.0000  0.0000 11.1304
260 212  0.0000  0.0000 12.0628
268 212  0.0000  0.0000 11.1304
276 212  0.0000  0.0000  0.0000
284 212  0.0000 -0.5000  8.8276
292 212 -1.3070 -0.0337 12.4709
  4 220  0.0000  0.0000 11.1304
 12 220  0.0000  0.0000  0.0000
 20 220  0.0000  0.0000  0.0000
 28 220  0.0000  0.0000 12.0628
 36 220  0.0000  0.0000 16.1088
 44 220  0.0000  0.0000 11.1304
 52 220  0.0000  0.0000 16.1088
 60 220 -0.4043  0.4043  8.0000
 68 220  0.0000  0.0000 11.1304
 76 220  0.0000  0.0000  0.0000
 84 220  0.0000  0.0000  0.0000
 92 220  0.0000  0.0000  0.0000
100 220  0.0000  0.0000  0.0000
108 220  0.1760  0.0000 15.0588
116 220  0.0000  0.0000  0.0000
124 220  0.0000  0.0000 16.1088
132 220  0.0000  0.0000  0.0000
140 220  0.0000  0.0000  0.0000
148 220  0.0000  0.0000  0.0000
156 220  0.0000  0.0000 11.1304
164 220  0.0000  0.0000 11.1304
172 220  0.0000  0.0000  9.2850
180 220  0.0000  0.0000  0.0000
188 220 -0.2780  0.1270 13.3759
196 220  0.0000  0.0000  0.0000
204 220  0.0000  0.0000  0.0000
212 220  0.0000  0.0000  0.0000
220 220  0.0000  0.0000  0.0000
228 220  0.0000  0.0000 11.1304
236 220  0.0000  0.0000  0.0000
244 220  0.4309 -0.4486  7.4745
252 220  0.0000  0.0000  1.0000
260 220  0.0000  0.0000 11.1304
268 220  0.0000  0.0000 11.1304
276 220  0.0000  0.0000 11.1304
284 220  0.0000  0.0000 11.1304
292 220  0.0000  0.0000  0.0000
