VARIABLES= "X pix", "Y pix", "U pix/dt", "V pix/dt", "CHC", ZONE I=28, J=37
  4   4  0.0488  0.0550 10.9394
 12   4  0.0000  0.0000 11.0456
 20   4  0.0000  0.0000 10.0099
 28   4 -0.0108  0.0858  9.5241
 36   4  0.0000  0.0000  9.9992
 44   4  0.0000  0.0146  9.8703
 52   4  0.0000  0.0000  9.9992
 60   4  0.0000  0.0000  9.9992
 68   4  0.0000  0.0000 11.0842
 76   4 -0.0013  0.0015 11.4588
 84   4 -0.0006  0.0341 11.4058
 92   4  0.0044 -0.0081 11.8154
100   4  0.0000  0.0000 12.1433
108   4  0.0000  0.0000 11.7378
116   4  0.0000  0.0000 12.9928
124   4  0.0000  0.0000 11.0388
132   4  0.0000  0.0000 11.7754
140   4  0.0000  0.0000 11.7754
148   4  0.0000 -0.0181 12.2458
156   4  0.0000  0.0000 11.7754
164   4  0.0087 -0.0049 11.9810
172   4  0.0000  0.0000 11.9577
180   4  0.0000  0.0000 11.7754
188   4  0.0000  0.0000 11.9483
196   4  0.0000  0.0000 11.9801
204   4  0.0000  0.0000 10.4799
212   4  0.0000  0.0000 10.1815
220   4  0.0000  0.0000 10.3348
228   4  0.0000  0.0000 12.4810
236   4  0.0000  0.0000 12.9293
244   4  0.0178 -0.0543 11.7387
252   4  0.0751 -0.0285 11.7258
260   4  0.0000 -0.0084 12.7464
268   4  0.0022 -0.0402 16.1492
276   4  0.0000  0.0164 12.3077
284   4  0.0000  0.0000 12.3152
292   4  0.0000  0.0000 12.3152
  4  12  0.0000  0.0000 10.3199
 12  12  0.0000  0.0000 10.8230
 20  12  0.0000  0.0000 11.6053
 28  12  0.0000  0.0000 11.6053
 36  12  0.0000  0.0000 13.0402
 44  12  0.0000  0.0000 11.6053
 52  12  0.0000  0.0000 11.6053
 60  12  0.0000 -0.1421 10.0974
 68  12  0.0235 -0.4680  7.6910
 76  12  0.0000  0.0000  9.8331
 84  12  0.0000  0.0000  8.7227
 92  12  0.0363 -0.0701 22.2339
100  12  0.0000  0.0000 19.8358
108  12  0.0000  0.0000  9.2379
116  12  0.0000  0.0000  8.6191
124  12 -0.0049  0.0124  7.6831
132  12 -0.0071  0.0432  7.7957
140  12 -0.0231  0.2679  7.2395
148  12  0.0000  0.0000  7.8595
156  12  0.0000  0.0000 39.7049
164  12  0.0095 -0.0078 30.9160
172  12 -0.0023 -0.0103  7.0038
180  12  0.0274  0.0164  7.1324
188  12  0.0000  0.0000  7.8250
196  12 -0.0093 -0.0014  8.6336
204  12  0.0000  0.0000  9.9261
212  12  0.0000  0.0000  9.4028
220  12  0.0000  0.0000  9.4035
228  12  0.0000  0.0000  8.8972
236  12  0.0000  0.0000  9.9573
244  12 -0.0019 -0.0408 10.8440
252  12  0.0593  0.1893 11.1010
260  12 -0.0060  0.0219 11.5020
268  12  0.0000  0.0000 12.2112
276  12  0.0000  0.0000 13.2546
284  12  0.1046  0.0042 12.4053
292  12 -0.0487 -0.2427 13.1072
  4  20  0.0000  0.0335 10.0346
 12  20  0.0000  0.0000  9.2611
 20  20 -0.0154  0.0020 10.7162
 28  20 -0.0471 -0.0048 11.6066
 36  20  0.0080  0.0137 12.8351
 44  20  0.0000  0.0000 18.7163
 52  20 -0.0237  0.0004 19.2804
 60  20  0.0000  0.0668 17.4810
 68  20 -0.0333 -0.0028 16.9491
 76  20  0.0000  0.0000 20.7871
 84  20  0.0012  0.0107 19.4009
 92  20  0.0201  0.0033 14.0617
100  20  0.0000  0.0000 14.9246
108  20  0.0000  0.0000 16.3518
116  20  0.0000  0.0000 15.6478
124  20  0.0000  0.0000 16.5654
132  20 -0.0014 -0.0108 18.1357
140  20  0.0032  0.0060 20.1284
148  20  0.0083  0.0010 27.1463
156  20 -0.0074  0.0026 21.4241
164  20  0.0000  0.0000 21.2595
172  20  0.0000  0.0000 25.9890
180  20  0.0000  0.0000 22.0049
188  20 -0.0109 -0.0025 25.1062
196  20  0.0000  0.0000 21.6065
204  20  0.0004 -0.0031 19.9129
212  20  0.0546 -0.0026 21.1171
220  20 -0.0070  0.0094 20.8923
228  20  0.0000  0.0000 18.2136
236  20  0.0000  0.0000 18.4802
244  20 -0.0268 -0.0143 12.7729
252  20  0.1202  0.0033 13.6779
260  20  0.0000  0.0000 10.6868
268  20  0.0148  0.0200 14.0285
276  20  0.0194 -0.0155 18.2125
284  20 -0.0114 -0.0049 17.3117
292  20  0.0186 -0.0236 16.5083
  4  28  0.0000  0.0000  9.8606
 12  28  0.0000  0.0000 13.7885
 20  28 -0.0023 -0.0171 13.0103
 28  28  0.0000  0.0000  8.3164
 36  28  0.0000  0.0000  7.9352
 44  28  0.0000  0.0000  7.9544
 52  28  0.0273  0.0544  7.6097
 60  28  0.0059  0.0120  7.6781
 68  28 -0.0067 -0.0090  8.3258
 76  28  0.0064  0.0012  7.6865
 84  28  0.0950 -0.0202  7.0370
 92  28 -0.0189  0.0089  7.7107
100  28  0.0000  0.0000  7.4195
108  28  0.0000  0.0000  8.0911
116  28  0.0158 -0.0026  9.3103
124  28  0.0606  0.0101  6.8196
132  28 -0.1039 -0.0052  6.6978
140  28  0.0586  0.0241  6.6163
148  28 -0.0034 -0.0003 11.6787
156  28 -0.0203  0.0182 17.1287
164  28  0.0000  0.0000 13.0495
172  28  0.0000 -0.0000 12.5281
180  28  0.0421 -0.0040  9.0573
188  28 -0.0646 -0.0042  8.2227
196  28  0.0019  0.0004  7.1358
204  28  0.0000  0.0000  6.9882
212  28  0.0110  0.0255  6.5569
220  28  0.0164  0.0062  6.6797
228  28  0.0000  0.0000  7.8984
236  28  0.0802  0.0067  6.5221
244  28  0.0241  0.0332  6.5095
252  28 -0.0019 -0.0351  6.6942
260  28  0.0000  0.0000  7.0450
268  28  0.0000  0.0000  7.2967
276  28 -0.0005  0.0885  6.7600
284  28 -0.0235 -0.0034  6.5224
292  28  0.0000  0.0000  6.4294
  4  36  0.0000  0.0000  8.9579
 12  36  0.0000  0.0000 11.3629
 20  36 -0.0520  0.2072 11.4040
 28  36 -0.1965 -0.0282 10.0909
 36  36  0.0000  0.0000 11.0903
 44  36  0.0000  0.0000 16.3973
 52  36  0.0000  0.0000 15.7614
 60  36  0.0000  0.0000 10.3707
 68  36 -0.0448 -0.0118  8.7919
 76  36  0.0000  0.0000  7.6269
 84  36  0.0860 -0.0393  7.8496
 92  36 -0.0323  0.8247 13.6170
100  36  0.0000  0.0000 16.1088
108  36  0.0000  0.0000 11.1304
116  36  0.0000  0.0000 11.1304
124  36 -1.5000  0.0000  4.0635
132  36  0.0000  0.0000  0.0000
140  36  0.1860  0.0225  9.8462
148  36  0.0000  0.0000 16.9875
156  36  0.0007  0.0056 13.7599
164  36  0.0000  0.0000 14.4216
172  36  0.0010 -0.0079 12.2094
180  36  0.1484  0.0500 11.5639
188  36  0.0000  0.0000  8.1735
196  36 -0.0278  0.0024  9.6897
204  36  0.0000  0.0000 10.2111
212  36  0.0000  0.0000 15.1250
220  36  0.0000  0.0000 15.4368
228  36  0.0000  0.0000 12.8227
236  36  0.0000  0.0000 16.2968
244  36  0.0000  0.0000 13.3851
252  36  0.0000  0.0000 13.7993
260  36  0.0000  0.0000 17.3190
268  36  0.0000  0.0000 11.9011
276  36  0.1211 -0.0254 14.6097
284  36  0.0000  0.0000 11.5672
292  36  0.0000  0.0000 11.9807
  4  44  0.0000 -0.0756 13.4451
 12  44  0.0950 -0.0047 11.1258
 20  44  0.0000  0.0000 12.4924
 28  44 -0.0753 -0.0298  8.1723
 36  44  0.0000  0.0000  6.8809
 44  44  0.0000  0.0000 13.8188
 52  44  0.0000  0.0000 17.0667
 60  44  0.0000  0.0000  0.0000
 68  44  0.0000  0.0000  0.0000
 76  44  0.0000  0.0000  0.0000
 84  44  0.0000  0.0000 11.1304
 92  44  0.0000  0.0000 12.0628
100  44  0.0000  0.0000  0.0000
108  44  0.0000  0.0000  0.0000
116  44  0.0000 -0.5000  8.8276
124  44  0.0000  0.0000 11.1304
132  44  0.0000  0.0000 16.1088
140  44  0.0210  0.0075  5.7434
148  44  0.0000  0.0000 12.6911
156  44  0.0000  0.0000  9.4366
164  44 -0.0000  0.0000 10.0993
172  44  0.0000  0.0000  7.8320
180  44  0.0000  0.0000 10.0068
188  44 -0.2645 -0.0585 13.3056
196  44 -0.0711  0.1313  8.4328
204  44 -0.0000  0.0000  9.8520
212  44  0.0000  0.0000 12.4923
220  44  0.0000  0.0000 14.4096
228  44  0.0000  0.0000 15.0536
236  44  0.0000  0.0000 10.3341
244  44  0.0000  0.0000 10.5809
252  44  0.0000  0.0000 11.8344
260  44  0.0000  0.0000 11.3991
268  44  0.0000  0.0000 10.4394
276  44  0.0000  0.0000 16.3332
284  44  0.0000  0.0000 13.8780
292  44  0.0000  0.0000  9.4762
  4  52  0.0000  0.0000 13.1736
 12  52 -0.5000  0.1588 10.5785
 20  52  0.0000  0.0000 15.5009
 28  52  0.0000  0.0000  0.0000
 36  52  0.0000  0.0000  0.0000
 44  52  0.0000  0.0000 16.1088
 52  52  0.2080  0.2715 12.3107
 60  52  0.0000  0.0000 11.1304
 68  52  0.0000  0.0000  0.0000
 76  52  0.0000  0.0000  0.0000
 84  52  0.0000  0.0000 11.1304
 92  52  0.0000  0.0000 12.1379
100  52  0.0000  0.0000 13.0274
108  52  0.0000  0.0000 16.7450
116  52  0.0000  0.0000 12.0628
124  52  0.2907  0.0403 10.5761
132  52  0.0000  0.0000 13.5576
140  52  0.0000  0.0000 12.0628
148  52  0.0000  0.0000 10.6090
156  52  0.0000  0.0000 11.4523
164  52  0.0000  0.0000 12.6402
172  52  0.0000  0.0000 10.2492
180  52  0.0000  0.0000 11.1304
188  52  2.8274 -0.3035  7.6077
196  52  0.0000  0.0000 19.1045
204  52  0.0000  0.0000  0.0000
212  52  0.0000  0.0000  0.0000
220  52  0.0000  0.0000 11.9011
228  52  0.0000  0.0000 11.0903
236  52  0.0000  0.0000  8.5951
244  52  0.0000  0.0000 12.0386
252  52  0.0000  0.0000 15.2216
260  52  0.0000  0.0000  8.0000
268  52  0.0000  0.0000  9.4762
276  52  0.0000  0.0000  8.4598
284  52  0.0000  0.0000 11.0062
292  52  0.0000  0.0000 13.6576
  4  60  0.0000  0.0000  0.0000
 12  60  0.0000  0.0000  0.0000
 20  60  0.0000  0.0000  0.0000
 28  60  0.0000  0.0000  0.0000
 36  60  0.0000  0.0000 16.1088
 44  60  0.0000  0.0000 13.7544
 52  60  0.0000  0.0000 13.3565
 60  60  0.0000  0.0000 13.5576
 68  60  0.0000 -0.1760 15.0588
 76  60  0.0000  0.0000 13.5581
 84  60  0.4101  0.0204 10.6551
 92  60 -0.0876 -0.4103 12.6482
100  60  0.0000  0.0000 12.5764
108  60  0.0000  0.0000  8.2581
116  60  0.1668  0.2427  8.7584
124  60  0.0656  0.0326 15.2216
132  60  0.0000  0.0000 11.9011
140  60  0.0000  0.0000 13.9636
148  60  0.0000  0.0000 11.1304
156  60  0.0000  0.0000 11.1304
164  60  0.0000  0.0000  9.4208
172  60  0.0000  0.0000  8.8167
180  60  0.0000  0.0000 11.1304
188  60  0.0000  0.0000 19.4783
196  60  0.0000  0.0000 20.7059
204  60  0.0000  0.0000  0.0000
212  60  0.0000  0.0000  0.0000
220  60  0.0000  0.0000 11.1304
228  60  0.0000  0.0000 11.1304
236  60  0.0000  0.0000 11.1304
244  60  0.0000  0.0000  9.2086
252  60  0.0000  0.0000  8.7227
260  60  0.0000  0.0000 12.0628
268  60  0.0000  0.0000 16.6956
276  60  0.0000  0.0000 11.1304
284  60  0.0000  0.0000  8.0000
292  60  0.0000  0.0000 15.2515
  4  68  0.0000  0.0000 17.0667
 12  68  0.0000  0.0000  0.0000
 20  68  0.0000  0.0000  0.0000
 28  68  0.0000  0.0000 11.1304
 36  68  0.0000  2.5000  8.8276
 44  68  0.0000  0.0000  0.0000
 52  68 -0.0557  0.0632 16.2106
 60  68  0.0000  0.0000 16.1088
 68  68  0.0000  0.0000 11.1304
 76  68  0.0000  0.0000 11.0617
 84  68  0.0000  0.0440 19.4473
 92  68  0.0000  0.0000 24.3712
100  68     NaN  0.0000 17.0667
108  68  0.0000  0.0000 11.1304
116  68  0.0000  0.0000 11.1304
124  68  0.0000  0.0000 12.0628
132  68  0.0000  0.0000 11.1304
140  68  0.0000  0.0000 11.9011
148  68  0.0000  0.0000 12.0628
156  68  0.0000  0.0000 12.1905
164  68  0.0000  0.0000 16.1088
172  68  0.0000  0.0000 16.1088
180  68  0.0000  0.0000  0.0000
188  68  0.0000  0.0000 12.0455
196  68  0.0000  0.0000  0.0000
204  68  2.5000 -0.1588 10.5785
212  68  0.0000  0.0000 16.1088
220  68  0.0000  0.0000 12.0628
228  68  0.0000  0.0000 11.1304
236  68  0.0000  0.0000  0.0000
244  68  0.0000  0.0000 16.1088
252  68  0.0000  0.0000 16.1088
260  68  0.0000  0.0000  0.0000
268  68  0.0000  0.0000  8.0000
276  68  0.0000  0.0000 11.0903
284  68  0.0000  0.0000 19.4783
292  68  0.0000  0.0000 11.1304
  4  76  0.0968  0.2055 14.3147
 12  76 -0.3147  0.7765  7.7576
 20  76  0.0000  0.0000  0.0000
 28  76  0.0170 -0.1037  9.7901
 36  76  0.0000  0.0000  9.2086
 44  76  0.0918  0.5000  6.4901
 52  76  0.0000  0.0000 12.0455
 60  76  0.0000  0.0000 20.7059
 68  76  0.0000  0.0000 12.3186
 76  76 -0.0548  0.1795 19.6402
 84  76  0.0000  0.0000  0.0000
 92  76  0.0000  0.0000  0.0000
100  76  0.1326  0.0000 10.6209
108  76  0.0000  0.0000  8.0000
116  76  0.0000  0.0000 11.1304
124  76  0.0000  0.0000  0.0000
132  76  0.0000  0.0000 12.0455
140  76  0.0000  0.0000 16.1088
148  76  0.0000  0.0000 11.1304
156  76  0.0000  0.0000  0.0000
164  76  0.0000  0.0000  0.0000
172  76  0.0000  0.0000 11.1304
180  76  0.0000  0.0000 22.2609
188  76  0.0000  0.0000 19.1045
196  76  1.5000  0.0000  8.2581
204  76  0.0000  0.0000  0.0000
212  76  0.0000  0.0000  8.0000
220  76  0.0000  0.0000 16.6956
228  76  0.0000  0.0000  0.0000
236  76  0.0000  0.0000  0.0000
244  76  0.0000  0.0000 11.1304
252  76  0.0000  0.0000 11.1304
260  76  0.0000  0.0000  0.0000
268  76  0.0000  0.0000  0.0000
276  76  0.0000  0.0000 11.1304
284  76  0.0000  0.0000 12.0455
292  76  0.0000  0.0000 16.1088
  4  84  0.0000  0.0000 12.1379
 12  84  0.0000  0.0000  9.8076
 20  84  0.0000  0.0000 12.0455
 28  84  0.0000  0.0000 12.5445
 36  84  0.0000  0.0000 16.6957
 44  84  0.1304  0.0000  7.2789
 52  84  0.0000  0.0000 17.0667
 60  84  0.0101  0.1146 17.4161
 68  84  0.0000  0.0000  0.0000
 76  84  0.0000  0.0000 11.1304
 84  84  0.0000  0.0000 11.1304
 92  84  0.0000 -0.1960 11.1304
100  84  0.0000  0.0000 16.1088
108  84  0.0000  0.0000 11.1304
116  84  0.0000  0.0000 16.1088
124  84  0.0610  0.0639  7.7171
132  84 -0.0656 -0.0100  6.5041
140  84  0.0000  0.0000 12.0455
148  84  1.3070 -0.0337 12.4709
156  84  0.0000  0.0000  0.0000
164  84  0.0000  0.0000 16.1088
172  84  0.0000  0.0000 19.4783
180  84  0.0000  0.0000 13.7190
188  84 -0.5000  0.0000 11.1304
196  84  0.0000  0.0000 16.1088
204  84  0.0000  0.0000  0.0000
212  84  0.0000  0.0000  0.0000
220  84  0.0000  0.0000  0.0000
228  84  0.0000  0.0000 11.9011
236  84  0.0000  0.0000 11.9011
244  84  0.0000  0.0000 11.1304
252  84  0.0000  0.0000  0.0000
260  84  0.0000  0.0000  0.0000
268  84  0.0000  0.0000  0.0000
276  84  0.0000  0.0000 11.1304
284  84  0.0000  0.0000 11.1304
292  84  0.0000  0.0000 16.1088
  4  92  0.0000  0.0000 16.1088
 12  92  0.0000  0.0000 13.1641
 20  92  0.0698 -0.2911 10.5124
 28  92  0.1445 -0.0549  8.8081
 36  92  0.1546  0.0660 18.6254
 44  92  0.0000  0.0000 16.1088
 52  92  0.0000  0.0000 16.1088
 60  92  0.0000  0.0000  0.0000
 68  92  0.0000  0.0000  0.0000
 76  92  0.0000  0.0000 16.1088
 84  92  0.0000  0.0000 11.1304
 92  92  0.0000  0.0000  0.0000
100  92  0.0000  0.0000 11.1304
108  92  0.0000  0.0000  0.0000
116  92 -0.1960 -0.5000 11.1304
124  92  0.0000  0.0000 11.9011
132  92  0.0000  0.0000 11.1304
140  92  0.0000  0.0000 11.1304
148  92  0.0000  0.0000 11.1304
156  92 -0.1215 -0.1200 17.1775
164  92  0.0000  0.0000 11.1304
172  92  0.0000  0.0000  0.0000
180  92  0.0000  0.0000 11.1304
188  92  0.0000  0.0000 20.7059
196  92  0.0000  0.0000 16.1088
204  92  0.4043 -0.4043  8.0000
212  92  0.0000  0.0000  0.0000
220  92  0.0000  0.0000  0.0000
228  92  0.0000  0.0000  0.0000
236  92  0.0000  2.5000  8.8276
244  92  0.0000  0.0000 12.0455
252  92  0.0000  0.0000 11.1304
260  92  0.0000  0.0000 11.1304
268  92  0.0000  0.0000 11.1304
276  92 -0.5000 -0.5000  4.0635
284  92  0.0000  0.0000  0.0000
292  92  0.0000  0.0000  0.0000
  4 100  0.0000  0.0000 16.2126
 12 100  0.0000  0.0000 16.1088
 20 100  5.0000 -2.7351  6.3772
 28 100  0.0000  0.0000 11.1304
 36 100  0.0000  0.0000  0.0000
 44 100  0.0000  0.0000 16.1088
 52 100  0.0000  0.0000  0.0000
 60 100  0.0000  0.0000  0.0000
 68 100  0.0000  0.0000 11.1304
 76 100  0.0000  0.0000 11.1304
 84 100  0.0000  0.0000  0.0000
 92 100  0.0000  0.0000  0.0000
100 100 -0.4165  0.0477 16.7063
108 100  0.0000  0.0000 11.1304
116 100  2.5000  0.0000  8.8276
124 100  0.0000  0.0000  0.0000
132 100 -0.1244  0.0375 16.8192
140 100  0.0000  0.0000  0.0000
148 100  0.0000  0.0000  0.0000
156 100  0.0000  0.0000 13.0803
164 100 -0.5000 -0.1588 10.5785
172 100  0.0000  0.0000 16.1088
180 100  0.0000  0.0000  0.0000
188 100  0.0000  0.0000 19.4783
196 100  0.0000  0.0000 22.2609
204 100  0.0000  0.0000 21.6135
212 100 -0.3936  0.0292  8.7325
220 100 -0.5000  0.0000  8.8276
228 100  0.0000  0.0000 11.1304
236 100  0.0000  0.0000  0.0000
244 100 -0.1050  2.5000  6.8903
252 100  0.0000  0.0000 11.1304
260 100  0.0000  0.0000 11.1304
268 100  0.0000  0.0000  0.0000
276 100  0.0000  0.0000  0.0000
284 100  0.0000  0.0000 11.1304
292 100  0.0000  0.0000  0.0000
  4 108  2.5000  0.0000  8.8276
 12 108  0.0000  0.0000  0.0000
 20 108  0.0000  0.0000 11.1304
 28 108  0.0000  0.0000  0.0000
 36 108  0.0000  0.0000  0.0000
 44 108  0.0000  0.0000 11.1304
 52 108  0.0000  0.0000  0.0000
 60 108  0.0000  0.0000 16.1088
 68 108  0.0000  0.0000 11.1304
 76 108  0.0000  0.0000  0.0000
 84 108  0.0000  0.0000 11.1304
 92 108 -0.0378  0.0868 15.2803
100 108  0.0654 -0.1274  8.0478
108 108 -0.5000  0.0000  8.8276
116 108  0.0000  0.0000  0.0000
124 108  0.0000  0.0000 21.6135
132 108  2.3162  0.1023  9.7439
140 108  0.0000  0.0000  0.0000
148 108  0.0000  0.0000  0.0000
156 108  0.0000  0.0000 12.0455
164 108  0.0000  0.0000  8.2581
172 108  0.0218  0.2266 12.8350
180 108  0.0000  0.0000  0.0000
188 108  0.0000  0.0000 13.0803
196 108  0.0000  0.0000 12.8600
204 108  0.0000  0.0000 16.7450
212 108  0.0000  0.0000 11.1304
220 108  0.0000  0.0000 16.1088
228 108  0.0000  0.0000  0.0000
236 108  0.0000  0.0000 11.1304
244 108  1.3070  0.0337 12.4709
252 108  0.0000  0.0000  0.0000
260 108  0.0000  0.0000  0.0000
268 108  0.0000  0.0000 13.7892
276 108  0.0000  0.0000 11.1304
284 108  0.0000  0.0000  0.0000
292 108  0.0000  0.0000  0.0000
  4 116  0.0000  0.0000  8.0000
 12 116 -0.2704 -0.3936  8.6050
 20 116  0.0000  0.0000  0.0000
 28 116  0.0000  0.0000  8.0000
 36 116  0.0000  0.0000 11.1304
 44 116  0.0000  0.0000  0.0000
 52 116  0.0000  0.0000 16.1088
 60 116  0.0000  0.0000  0.0000
 68 116  0.0000  0.0000  0.0000
 76 116  0.0000  0.0000  0.0000
 84 116 -0.0601  0.4139 17.3470
 92 116  0.0000  0.0000 11.1304
100 116  0.0630 -0.1897 10.8534
108 116  0.0000  0.0000  0.0000
116 116 -0.1798 -0.0246 17.0238
124 116  0.0000  0.0000 12.8600
132 116  0.0000  0.0000 11.1304
140 116  0.0000  0.0000 22.2609
148 116  0.0000  0.0000 11.1304
156 116  0.0000  0.0000 11.1304
164 116 -0.1848  0.0000 12.5039
172 116  0.3577  0.0000 13.4737
180 116  0.0000  0.0000 11.1304
188 116  0.0000  0.0000 19.4783
196 116  0.0000  0.0000 13.6955
204 116  0.0000  0.0000 11.1304
212 116  0.0000  0.0000  0.0000
220 116  0.0000  2.5000  8.8276
228 116  0.0000  0.0000 11.1304
236 116  0.0000  0.0000 11.1304
244 116  0.0000  0.0000 20.7059
252 116  0.0000  0.0000  0.0000
260 116  0.0000  0.0000  0.0000
268 116  0.0000  0.0000 11.1304
276 116  0.0000  0.0000  0.0000
284 116  0.0000  0.0000 16.1088
292 116  0.0000  0.0000 16.1088
  4 124  0.0000  0.0000 11.1304
 12 124  0.0000  0.0000  0.0000
 20 124  0.0000  0.0000  0.0000
 28 124  0.0000  0.0000 11.1304
 36 124 -0.2404  0.0190 14.2104
 44 124  0.0000  0.0000 11.9011
 52 124  0.0000  0.0000 11.1304
 60 124  0.0000  2.5000  8.8276
 68 124  0.0000  0.0000 16.1088
 76 124  0.0000  0.0000 13.7475
 84 124  0.0000  0.0000  8.3466
 92 124  0.0000  0.0000  8.2581
100 124  0.0000  0.0000  8.0000
108 124  0.0000  0.0000 12.0628
116 124  0.0000  0.0000 12.5445
124 124  0.0000  0.0000 12.0628
132 124  0.0000  0.0000 11.1304
140 124  0.0000  0.0000  8.7810
148 124  0.0000  0.0000 12.0628
156 124  0.0000  0.0000 11.1304
164 124  0.0000  0.0000 11.1304
172 124  0.0000  0.0000 12.0455
180 124  0.0000  0.0000  0.0000
188 124  0.0000  0.0000  0.0000
196 124  0.0000  0.0000  0.0000
204 124  0.0000  0.0000  0.0000
212 124  0.0000  0.0000  0.0000
220 124  0.0000  0.0000  0.0000
228 124  0.0000  0.0000  0.0000
236 124  0.0000  0.0000 11.1304
244 124  0.0000  0.0000 11.1304
252 124  0.0000  0.0000  0.0000
260 124  0.0000  0.0000  0.0000
268 124 -0.1960  2.5000 11.1304
276 124  0.0000  0.0000 11.1304
284 124  0.0000  0.0000 11.1304
292 124  0.0000  0.0000 16.1088
  4 132  0.0000  0.0000  0.0000
 12 132  0.0000  0.0000 16.1088
 20 132  0.0000  0.0000  0.0000
 28 132 -0.1151 -0.1151 16.5161
 36 132  0.0000  0.0000 12.0455
 44 132  0.0000  0.0000 11.1304
 52 132  0.0000  0.0000  0.0000
 60 132  0.0540 -0.2047 12.8294
 68 132 -0.2984 -0.3415 16.8934
 76 132  0.0000  0.0000 12.0342
 84 132  2.5000  0.0000  8.8276
 92 132 -0.1960  0.0000 11.1304
100 132  0.0000  0.0000 11.1304
108 132  0.0000  0.0000  0.0000
116 132  0.0000  0.0000 16.1088
124 132  0.0000  0.0000 13.0803
132 132  0.5000  0.0000  8.8276
140 132  0.0000  0.0000  8.7810
148 132  0.0000  0.0000  9.4208
156 132  0.0000  0.0000 11.1304
164 132  0.0000  0.0000  0.0000
172 132  0.0000  0.0000  8.0190
180 132  0.0000  0.0000 11.1304
188 132  0.0000  0.0000  8.0000
196 132  0.0000  0.0000 11.1304
204 132  0.0000  0.0000 11.1304
212 132  0.0000  0.0000 11.1304
220 132  0.0000  0.0000  0.0000
228 132  0.0000  0.0000 11.1304
236 132  0.0000  0.0000 16.1088
244 132  0.0000  0.0000  0.0000
252 132  0.0000  0.0000 17.0667
260 132  0.0000  0.0000  0.0000
268 132  0.0000  0.0000  0.0000
276 132  0.0000  0.0000 11.1304
284 132  0.0000  0.0000 17.0667
292 132  0.0000  0.0000 16.1088
  4 140  0.0000  0.0000  0.0000
 12 140  0.0000  0.0000  0.0000
 20 140  0.0308  0.1823 13.1845
 28 140  0.0000  0.0000 16.1088
 36 140  0.0000  0.0000  0.0000
 44 140  0.0000  0.0000 16.1088
 52 140  0.0000  0.0000 16.1088
 60 140  0.0000  0.0000 13.7544
 68 140  0.0000  0.0000 19.4783
 76 140  0.0000  0.0000 11.2521
 84 140  0.0000  0.0000  0.0000
 92 140  0.0000  0.0000 12.0628
100 140  0.0000  0.0000  0.0000
108 140  0.0000  0.0000 13.1641
116 140  0.0000  0.0000  8.0000
124 140  0.0000  0.0000  9.2850
132 140  0.0000  0.0000 10.1191
140 140  0.0080 -0.1856  8.3934
148 140  0.0000  0.0000  9.4208
156 140  0.0000  0.0000  0.0000
164 140  0.0000  0.0000  8.0000
172 140  0.0000  0.0000 11.9011
180 140  0.0000  0.0000 12.0628
188 140  0.0000  0.0000 12.0628
196 140  0.0000  0.0000 11.1304
204 140  0.0000  0.0000 11.1304
212 140  0.0000  0.0000 11.1304
220 140  0.0000  0.0000 16.1088
228 140  0.0000  0.0000 11.1304
236 140  0.0000  0.0000  0.0000
244 140  0.0000  0.0000 11.1304
252 140  0.0000  0.0000 11.1304
260 140  0.0000  0.0000 16.1088
268 140 -0.1841 -0.0418 12.3683
276 140  0.0000  0.0000 11.1304
284 140  0.0000  0.0000 11.1304
292 140  0.0000  0.0000 22.2609
  4 148  0.1960  2.5000 11.1304
 12 148  0.2907 -0.0403 10.5761
 20 148  0.0000  0.0000  9.2086
 28 148  0.0000  0.0000 11.1304
 36 148  0.0000  0.0000  0.0000
 44 148  0.0000  0.0000  0.0000
 52 148 -1.3070 -0.0337 12.4709
 60 148  0.0000 -0.5000  8.8276
 68 148  0.0000  0.0000 16.4760
 76 148  0.0000  0.0000 16.1088
 84 148  0.0000  0.0000  0.0000
 92 148  0.0000  0.0000 11.1304
100 148  0.0000  0.0000 16.1088
108 148  0.0000  0.0000 11.1304
116 148  0.0000  0.0000  0.0000
124 148  0.0000  0.0000  8.2581
132 148  0.0000  0.0000 12.0628
140 148  0.0710 -0.0764 10.7893
148 148  0.2193 -0.0923  7.5156
156 148  0.0000  0.0000 11.1304
164 148  0.0000  0.0000 11.1304
172 148  0.0000  0.0000 19.1045
180 148  0.0000  0.0000 11.1304
188 148  0.0000  0.0000 12.0628
196 148  0.0000  0.0000  0.0000
204 148  0.0000  0.0000  0.0000
212 148  0.0000  0.0000  0.0000
220 148  0.0000  0.0000 11.1304
228 148  0.0000  0.0000  0.0000
236 148  0.0000  0.5000 11.1304
244 148  2.5000  0.0000  8.8276
252 148  0.0000  0.0000 11.1304
260 148  0.0000  0.0000  8.2581
268 148  0.0000  0.0000  0.0000
276 148  0.0000  0.0000 16.1088
284 148  0.0000  0.0000 11.1304
292 148  0.0000  0.0000 11.1304
  4 156  0.0715  0.0642  9.5576
 12 156  0.0000  0.0000 11.1304
 20 156  0.0000  0.0000 16.1088
 28 156  0.0000  0.0000 11.1304
 36 156  0.0000  0.0000  0.0000
 44 156  0.0000  0.0000 16.1088
 52 156  0.0000  0.0000 16.1088
 60 156  0.0000  0.0000  0.0000
 68 156 -0.0596  0.0199  8.8730
 76 156  0.0000  0.0000 20.7059
 84 156 -0.5000  0.0000 11.1304
 92 156  0.0000  0.0000 11.1304
100 156  0.0000  0.0000 11.1304
108 156  0.0000  0.0000 16.1088
116 156  0.0000  0.0000 11.1304
124 156  0.0000  0.0000  0.0000
132 156  0.0000  0.0000 12.0628
140 156  0.0000  2.5000  8.8276
148 156  0.0000  0.0000 11.1304
156 156  0.0000  0.0000 11.1304
164 156  0.0000  0.0000  9.2850
172 156  0.0000  0.0000 11.1304
180 156 -1.0000  0.0000  8.2581
188 156 -0.2414  0.0000 11.1304
196 156  0.0000  0.0000 11.1304
204 156  0.0000  0.0000  0.0000
212 156  0.0000  0.0000 11.1304
220 156  0.0000  0.0000  0.0000
228 156  0.0000  0.0000 11.1304
236 156  0.0000  0.0000  0.0000
244 156  0.0000  0.0000  0.0000
252 156  0.0000  0.0000 16.1088
260 156  0.0000  0.0000 19.4783
268 156  0.0000  0.0000  0.0000
276 156  0.0000  0.0000  0.0000
284 156  0.0000  0.0000  0.0000
292 156  0.0000  0.0000 11.1304
  4 164  0.0000  0.0000 12.1905
 12 164  0.0000  0.0000 16.1088
 20 164  0.0000  0.0000 16.2126
 28 164 -0.0342 -0.0166 14.7997
 36 164  0.0000  0.0000 10.5857
 44 164  0.0000  0.0000 11.1304
 52 164  0.0000  0.0000 16.9590
 60 164  0.0000  0.0000 12.8600
 68 164  0.0000  0.0000  9.4948
 76 164  0.0561  0.2765  9.5419
 84 164  0.0000  0.0000 16.1088
 92 164  0.0000  0.0000 15.5009
100 164  0.0000  0.0000 11.1304
108 164  0.0000  0.0000  0.0000
116 164  0.0000  0.0000 12.0628
124 164  0.0000  0.0000  0.0000
132 164 -0.1760  0.0000 15.0588
140 164  0.0000  0.0000 11.1304
148 164  0.0000  0.0000 11.1304
156 164  0.0000  0.0000  0.0000
164 164  0.0000  0.0000  8.7810
172 164  0.0000  0.0000  0.0000
180 164  1.5000  0.0000  8.2581
188 164  0.0000  0.0000  0.0000
196 164  0.0000  0.0000 11.1304
204 164  0.0000  0.0000  0.0000
212 164  0.0000  0.0000  0.0000
220 164  0.0000  0.0000  0.0000
228 164  0.0000  0.0000  0.0000
236 164  0.0000  0.0000  0.0000
244 164  0.0000  0.0000  0.0000
252 164  0.0000  0.0000  0.0000
260 164  0.0000  0.0000  0.0000
268 164  0.0000  0.0000  0.0000
276 164  0.0000  0.0000  0.0000
284 164  0.0000  0.0000  0.0000
292 164  0.0000  0.0000  0.0000
  4 172     NaN  0.0000 17.0667
 12 172  0.0000  0.0000 17.0667
 20 172  0.0000  0.0000  0.0000
 28 172  0.0000  0.0000  9.3503
 36 172  0.0000 -0.0000  7.6149
 44 172  0.0000  0.0000  9.4208
 52 172  0.1960  0.0000 11.1304
 60 172 -0.0698  0.2911 10.5124
 68 172  0.0000  0.0000  0.0000
 76 172  0.0000  0.0000 12.0628
 84 172  0.0000  0.0000 11.1304
 92 172  0.0000  0.0000  0.0000
100 172  0.0000  0.0000  0.0000
108 172  0.0000  0.0000 11.1304
116 172  0.0000  0.0000 12.0628
124 172  0.0000  0.0000  0.0000
132 172  0.0000  0.0000 12.0628
140 172  0.0000  0.0000 19.1045
148 172  0.0000  0.0000  0.0000
156 172  0.0000  0.0000 11.1304
164 172  0.0000  0.0000 12.0628
172 172  0.0000  0.0000 11.1304
180 172  0.0000  0.0000 11.1304
188 172  0.1960  0.0000 11.1304
196 172  0.0000  0.0000  0.0000
204 172  0.0000  0.0000  0.0000
212 172  0.0000  0.0000 11.1304
220 172  0.0000  0.0000  0.0000
228 172  0.0000  0.0000  0.0000
236 172  0.0000  0.0000 11.1304
244 172  0.0000  0.0000  0.0000
252 172  0.2414  0.0000 11.1304
260 172 -0.2414  0.0000 11.1304
268 172  0.0000  0.0000 11.1304
276 172  0.0000  0.0000 11.1304
284 172  0.0000  0.0000  0.0000
292 172  0.0000  0.0000  0.0000
  4 180  0.0000  0.0000  0.0000
 12 180  0.0000  0.0000 11.1304
 20 180  0.0000  0.0000 12.0455
 28 180  0.0000  0.0000  8.0000
 36 180  0.0000  0.0000  0.0000
 44 180  0.0000  0.0000 16.6957
 52 180  0.0000  0.0000 12.1315
 60 180  0.0677  0.2414 11.7124
 68 180  0.0000  0.0000 11.9011
 76 180 -0.1151 -0.1151 16.5161
 84 180  0.0000  0.0000 16.1088
 92 180  0.0000  0.0000  0.0000
100 180  0.0000 -0.5000  8.8276
108 180 -0.3732 -0.3694 10.3318
116 180  0.0000  0.0000 12.0628
124 180 -1.5000  0.0000  8.2581
132 180  0.5000  0.0000 11.1304
140 180  0.0000  0.0000  0.0000
148 180  0.0000  0.0000 11.1304
156 180  0.0000  0.0000 11.1304
164 180  0.0000  0.0000 12.0628
172 180  0.0000  2.5000  8.8276
180 180  0.0000  0.0000  0.0000
188 180 -0.1556  0.0000 12.2969
196 180  0.0000  0.0000 11.1304
204 180  0.0000  0.0000 16.1088
212 180  0.0000  0.0000  0.0000
220 180  0.0000  0.0000  0.0000
228 180  0.0000  0.0000  0.0000
236 180  0.0000  0.0000 11.1304
244 180  0.0000  0.0000 11.1304
252 180  0.0000  0.0000 13.5576
260 180  0.0000  0.0000 19.1045
268 180  0.0000  0.0000  0.0000
276 180  0.0000  0.0000  0.0000
284 180  0.0000  0.0000 11.1304
292 180  0.0000  0.0000 11.1304
  4 188  0.0557 -0.0632 16.2106
 12 188  0.0610 -1.0000  8.9210
 20 188  0.0000  0.0000 16.1088
 28 188  0.0000  0.1960 11.1304
 36 188  0.2780 -0.1270 13.3759
 44 188  0.0000  0.0000 12.0455
 52 188  0.0000  0.0000 22.2609
 60 188  0.0000  0.0000 16.1088
 68 188  0.0000  0.0000 16.1088
 76 188  0.0000  0.0000 16.1088
 84 188  0.0000  0.0000 20.7059
 92 188  1.0000 -0.3517  7.6281
100 188  0.0000  0.0000 12.0628
108 188  0.0000  0.0000 11.1304
116 188  0.0000  0.0000 12.0628
124 188  0.0000  2.5000  8.8276
132 188  0.0000  0.0000 13.0803
140 188  0.0000  0.0000 11.1304
148 188  0.0000  0.0000 11.1304
156 188  0.0000  0.0000 11.1304
164 188  1.0000  0.0000  9.2850
172 188  0.0000  0.0000 11.1304
180 188  0.0000  0.0000  0.0000
188 188  0.0000  0.0000 16.1088
196 188  0.0000  0.0000  0.0000
204 188  0.0000  0.0000 22.2609
212 188  0.0000  0.0000 16.1088
220 188  0.0000  0.0000  8.2581
228 188  0.0000  0.0000 19.1045
236 188  0.0000  0.0000  0.0000
244 188  0.0000  0.0000 11.1304
252 188 -0.5000  0.0000  8.8276
260 188  0.0000  0.0000 12.0455
268 188  0.0000  0.0000  0.0000
276 188  0.0000  0.0000  0.0000
284 188  0.0000  0.0000  0.0000
292 188  0.0000  0.0000  0.0000
  4 196  0.0000  0.0000 10.6667
 12 196  0.0000  0.0000 16.1088
 20 196  0.0000  0.0000 11.1304
 28 196 -0.5000 -1.0000  4.0635
 36 196  0.0000  0.0000  0.0000
 44 196  0.0000  0.0000 12.0628
 52 196  0.0000  0.0000 11.1304
 60 196  0.0000  0.0000 20.7059
 68 196  0.0000  0.0000 11.1304
 76 196  0.0000  0.0000 11.1304
 84 196  0.0000  0.0000 11.1304
 92 196     NaN -1.7609  8.2581
100 196 -0.0578 -0.4337  9.0220
108 196  0.0000  0.0000 11.1304
116 196  1.0000  0.0000  8.2581
124 196  0.0000  0.0000 17.0667
132 196  0.0000  0.0000 13.0803
140 196  0.0000  0.0000 11.1304
148 196  0.0000  0.0000  0.0000
156 196  0.0000  0.0000 11.1304
164 196  0.0000  0.0000 11.1304
172 196  0.0000  0.0000 16.1088
180 196  2.5000  0.0000  8.8276
188 196  0.0000  0.0000 11.1304
196 196  0.0000  0.0000 16.1088
204 196  0.0000  0.0000 17.2183
212 196  0.0000  0.0000 11.1304
220 196  0.0000  0.0000 13.1641
228 196  0.2780 -0.1270 13.3759
236 196  0.0000  0.0000 16.1088
244 196  0.0000  0.0000 16.1088
252 196 -0.1960 -0.5000 11.1304
260 196  0.0000  0.0000 16.1088
268 196  0.0000  0.0000 16.1088
276 196  0.0000  0.0000 11.1304
284 196  0.0000  0.0000  0.0000
292 196  0.0000  0.0000  0.0000
  4 204  0.0000  0.0000 11.1304
 12 204  0.0000  0.0000 12.0628
 20 204  0.0000  0.0000 11.1304
 28 204  0.0000  0.0000 11.1304
 36 204  0.1174  4.1710 14.6131
 44 204  0.0000  0.0000 11.1304
 52 204  0.0000  0.0000  0.0000
 60 204  0.0000  0.0000 11.1304
 68 204  0.0000  0.0000 11.1304
 76 204  0.0000  0.0000 17.2183
 84 204  0.0000  0.0000 11.1304
 92 204  0.0000  0.0000 19.1045
100 204 -0.5000  0.0000  8.8276
108 204  0.0000  0.0000 11.1304
116 204  0.0000  0.0000  8.0688
124 204 -0.5000  0.0000  8.8276
132 204  0.0000  0.0000  0.0000
140 204  0.0000  0.0000 11.1304
148 204 -0.1960  0.0000 11.1304
156 204  0.0000  0.0000 16.1088
164 204  0.0000  0.0000 17.0667
172 204 -0.1556  0.0000 12.2969
180 204  0.0000  0.0000 11.1304
188 204  0.0000  0.0000  0.0000
196 204  0.0000  0.0000  0.0000
204 204  0.0000  0.0000  0.0000
212 204  0.0000  0.0000 11.1304
220 204  0.0000  0.0000 11.1304
228 204  0.0000  0.0000 17.0667
236 204  0.0000  0.0000 11.1304
244 204  0.0000  0.0000  0.0000
252 204  0.0000  0.0000 11.1304
260 204  0.0000  0.0000  8.2581
268 204  0.0000  0.0000  0.0000
276 204  0.0000  0.0000 11.1304
284 204  0.0000  0.0000  0.0000
292 204  0.0000  0.0000 11.1304
  4 212  0.0418 -0.1521 12.6567
 12 212  0.0000  0.0000  0.0000
 20 212  0.0000  0.0000  0.0000
 28 212  0.0000  0.0000  0.0000
 36 212  0.0000  0.0000 12.0455
 44 212  0.0000  0.0000 11.1304
 52 212  0.0000  0.0000 11.1304
 60 212  0.1841 -0.0418 12.3683
 68 212  0.0000  0.0000 16.6957
 76 212  0.0000  0.0000  0.0000
 84 212  0.0000  0.0000  0.0000
 92 212  0.0000  0.0000  0.0000
100 212  0.0000  0.0000 12.0628
108 212  0.0000  0.0000 16.1088
116 212  0.0000  0.0000 16.1088
124 212  0.0000  0.0000 19.1045
132 212  0.0000  0.0000 11.1304
140 212  0.0000  0.0000 11.1304
148 212  0.0000  0.0000 11.1304
156 212  0.1912  0.0000 12.4272
164 212  0.0000  0.0000 17.0667
172 212  0.1683  0.0604 12.2620
180 212  0.0000  0.0000  0.0000
188 212  0.0000  0.0000  0.0000
196 212  0.0000  0.0000  0.0000
204 212  0.0000  0.0000 11.1304
212 212  0.0000  0.0000  0.0000
220 212  0.0000  0.0000  0.0000
228 212  0.0000  0.0000 11.1304
236 212  0.0000  0.0000 11.1304
244 212  0.0000  0.0000 11.1304
252 212  0.0000  0.0000 11.1304
260 212  0.0000  0.0000  8.2581
268 212 -0.1960  0.0000 11.1304
276 212  0.0000  0.0000  0.0000
284 212  0.0000  0.0000  0.0000
292 212  0.0000  0.0000 16.1088
  4 220  0.0000  0.0000 11.1304
 12 220  0.0000  0.0000 11.1304
 20 220  0.0000  0.0000  0.0000
 28 220 -0.0832 -0.3131  9.8462
 36 220 -1.5000  0.0000  8.2581
 44 220  0.0000  0.0000 11.1304
 52 220  0.0000  0.0000 16.1088
 60 220  0.0000  2.5000  8.8276
 68 220  0.0000  0.0000 16.1088
 76 220  0.0000  0.0000  0.0000
 84 220  0.0000  0.0000  0.0000
 92 220  0.0000  0.0000  0.0000
100 220  0.0000  0.0000 19.1045
108 220  0.0000  0.0000 11.1304
116 220  0.0000  0.0000  0.0000
124 220  0.0000  0.0000  0.0000
132 220  0.0000  0.0000 16.1088
140 220  0.0000  0.0000 16.1088
148 220 -0.3696  0.2945  8.0000
156 220  0.0000  0.0000 11.1304
164 220  0.0000  0.0000  0.0000
172 220  0.0000  0.0000  9.4948
180 220  0.0000  0.0000 11.1304
188 220  0.0000  0.0000  0.0000
196 220  0.0000  0.0000  0.0000
204 220  0.0000  0.0000  0.0000
212 220  0.0000  0.0000 11.1304
220 220  0.0000  0.0000 11.1304
228 220  0.0000  0.0000 11.1304
236 220  0.0000  0.0000 11.1304
244 220  0.0000  0.0000 11.1304
252 220  0.0000  0.0000 13.3565
260 220  0.0000  0.0000  0.0000
268 220  0.0000  0.0000 12.0455
276 220  0.0000  0.0000 11.1304
284 220  0.0000  0.0000 11.1304
292 220  0.0000  0.0000 11.1304
