VARIABLES= "X pix", "Y pix", "U pix/dt", "V pix/dt", "CHC", ZONE I=28, J=37
  4   4 -0.0487 -0.0698 10.5108
 12   4  0.0000 -0.0796 10.4582
 20   4  0.0000  0.0092 10.0002
 28   4 -0.1167 -0.0574  9.3499
 36   4 -0.0133 -0.0932  9.0759
 44   4  0.0000 -0.0146  9.8703
 52   4  0.0000 -0.0916  9.1963
 60   4  0.0131  0.0010  9.8690
 68   4 -0.0015 -0.0030 11.0108
 76   4 -0.0027  0.0045 11.8084
 84   4  0.0006 -0.0425 11.3421
 92   4 -0.0072 -0.0346 11.3529
100   4 -0.0033 -0.0709 11.4831
108   4  0.0045  0.0011 11.7517
116   4  0.0000  0.0385 13.2548
124   4  0.0000 -0.0317 11.2951
132   4  0.0000  0.0000 11.7754
140   4  0.0000  0.0000 11.7754
148   4  0.0000 -0.0483 12.3473
156   4  0.0000  0.0000 11.7754
164   4 -0.0301 -0.0044 11.9426
172   4  0.0090 -0.0050 11.9340
180   4 -0.0536  0.0045 11.7451
188   4  0.0000  0.0000 11.9483
196   4 -0.0124 -0.0887 11.3176
204   4 -0.1139  0.0073 10.7208
212   4 -0.1102 -0.0623 10.1830
220   4 -0.0266  0.0286 10.3448
228   4  0.0116 -0.0373 12.1905
236   4  0.0076  0.0855 13.4333
244   4 -0.0141  0.0439 11.5628
252   4  0.0078  0.0258 11.5759
260   4  0.0049 -0.0509 12.2200
268   4  0.0000 -0.1738 14.0023
276   4  0.0000 -0.1291 11.0617
284   4  0.0000 -0.6353 11.3120
292   4  0.0000 -0.5447  9.2453
  4  12 -0.0845 -0.2111  8.2870
 12  12  0.0000 -0.6695 10.6298
 20  12  0.0000  0.0000 11.6053
 28  12  0.0000 -1.5000  9.4815
 36  12  0.0000 -0.3356 11.6053
 44  12  0.0920 -0.8530 10.0189
 52  12  0.0000 -0.1421 10.0974
 60  12  0.0145 -1.0177  9.2453
 68  12 -0.1030 -0.4299  7.9034
 76  12  0.0000 -0.1774  9.6954
 84  12 -0.0491  0.1365  8.3956
 92  12 -0.0930 -0.1306 33.1294
100  12  0.1667 -0.2377 21.6615
108  12 -0.0552 -0.3851  8.4548
116  12  0.1266 -0.3890  7.5303
124  12  0.0000 -0.7087  7.4283
132  12  0.1036 -0.9967  7.8309
140  12  0.0045 -0.9649  7.3704
148  12 -0.0290 -1.0869  7.4526
156  12 -0.0110 -0.5550 26.7651
164  12 -0.0103 -0.3925 20.7088
172  12  0.0166 -0.6658  7.1603
180  12 -0.0490 -0.5882  7.3526
188  12  0.0140 -0.2522  8.0513
196  12 -0.0570 -0.1463  8.9549
204  12  0.1506 -0.2827  9.2733
212  12  0.0418 -0.2165  9.6154
220  12  0.1207 -0.1481 10.1683
228  12  0.0000 -0.4561  9.3091
236  12 -0.0301 -0.3133 10.5148
244  12  0.0270 -0.5128 10.7069
252  12 -0.1047 -0.6720 11.8524
260  12 -0.3245 -0.4888 11.5763
268  12  0.0300 -0.4176 10.7964
276  12 -0.0674 -0.1579 14.0073
284  12 -0.0841 -0.3138 11.8533
292  12  2.8292  4.1866 11.4809
  4  20  0.0000  0.0000  1.0000
 12  20  0.0321 -0.0277  5.7668
 20  20 -0.0318 -0.2549 11.0903
 28  20 -0.0219 -0.4412 11.3279
 36  20 -0.1719 -0.1549 12.9287
 44  20  0.0220 -0.1860 17.9622
 52  20 -0.0345 -0.1851 17.9559
 60  20  0.0000 -0.1640 17.4132
 68  20 -0.0077 -0.0850 16.8888
 76  20 -0.0130 -0.1596 17.5513
 84  20  0.0051 -0.1462 17.9683
 92  20 -0.2303 -0.1913 12.4991
100  20 -0.0352 -0.1170  8.3431
108  20  0.0593 -0.0233 16.2170
116  20 -0.0321 -0.0379 15.1260
124  20  0.0171 -0.1244 14.7498
132  20  0.0729 -0.0599 16.5112
140  20 -0.0622 -0.0549 19.0043
148  20 -0.0514 -0.2104 24.7869
156  20 -0.0545 -0.2724 12.3260
164  20 -0.3730 -0.8459 14.3990
172  20 -0.1137 -0.0328 32.4767
180  20  0.0046 -0.0782 20.5991
188  20  0.0446 -0.1089 22.4939
196  20 -0.0035 -0.0329 21.0424
204  20  0.0619  0.0631 19.9943
212  20 -0.0545  0.0351 20.9032
220  20  0.0819 -0.0376 19.8042
228  20  0.0219  0.0279 18.9221
236  20 -0.0572  0.0467 19.1136
244  20 -0.0847 -0.0510 11.6228
252  20 -0.0168  0.0296 13.1081
260  20  0.2066 -0.1336  9.5316
268  20  0.0848  0.1303 16.2750
276  20  0.1272 -0.0230 17.6620
284  20  0.0289  0.0736 18.3841
292  20  0.0168  0.1331 18.8463
  4  28 -0.0127 -0.0866  9.3729
 12  28  0.0282 -0.0793 12.9412
 20  28 -0.0934 -0.1234 11.8474
 28  28 -0.0092 -0.1255  7.7745
 36  28  0.0004 -0.1258  7.5994
 44  28  0.0149 -0.0335  7.6943
 52  28  0.0183 -0.1396  7.3283
 60  28 -0.0369  0.0215  7.7195
 68  28  0.0460 -0.0797  7.6413
 76  28  0.0243 -0.0591  7.4741
 84  28  0.0111  0.2257  7.3925
 92  28  0.0229 -0.0230  7.4031
100  28 -0.0071 -0.0033  7.2143
108  28 -0.0330  0.0378  8.3008
116  28 -0.1419 -0.0609  9.0823
124  28 -0.0874 -0.9071  5.9564
132  28  0.2457 -0.6779  7.3196
140  28  0.2292 -1.4630  7.1655
148  28 -0.0997 -0.3575 11.5153
156  28  0.0001 -0.0678 15.0717
164  28  0.2167 -0.2863 11.2569
172  28  0.0307 -0.1472 12.2468
180  28 -0.1422  0.0532  9.7263
188  28  0.0399  0.0900  8.6554
196  28  0.0451  0.1029  7.9873
204  28  0.0000  0.0230  7.2554
212  28  0.0461  0.1219  6.9671
220  28 -0.1186  0.0890  6.6013
228  28  0.0812 -0.1602  6.9596
236  28  0.0458  0.0949  6.6628
244  28 -0.0418 -0.0595  6.0080
252  28  0.0143 -0.0926  6.0371
260  28  0.0078 -0.1218  6.5175
268  28 -0.0214 -0.0247  7.0640
276  28  0.0182 -0.2185  6.0859
284  28 -0.0182 -0.0722  6.1757
292  28  0.0070 -0.0424  5.9783
  4  36  0.3635 -0.0130  7.5574
 12  36  0.0000 -0.2720  9.0353
 20  36  0.0070 -0.1846 11.5091
 28  36  0.0000  0.0000 10.1740
 36  36 -0.0318  0.0253 10.8606
 44  36  0.0540 -0.1345 14.6667
 52  36 -0.0041 -0.1829 13.1048
 60  36  0.0000  0.0000 10.3707
 68  36 -0.0390 -0.3015  8.0809
 76  36  0.0682 -0.5861  7.1119
 84  36 -0.0261 -0.7389  7.3241
 92  36 -0.0618 -0.5000  9.8694
100  36  0.0000 -0.5000  8.8276
108  36 -0.5000 -0.5000  8.4476
116  36  0.0000  0.0000 11.1304
124  36  0.0000  0.0000  1.0000
132  36  0.0413  0.0000 13.2207
140  36 -0.2669 -0.1137 14.6506
148  36  0.0120  0.0067 16.3285
156  36 -0.2552 -0.3101  9.6335
164  36  0.1208 -0.2267 11.2494
172  36 -0.0072 -0.0297 12.1290
180  36 -0.2334 -0.0933 10.4260
188  36  0.0255 -0.3446  6.7899
196  36  0.0000 -0.0448  8.8636
204  36  0.0584 -0.0323  9.5945
212  36  0.1120 -0.0247 14.1010
220  36  0.0185 -0.1527 13.3305
228  36 -0.0854  0.0967 13.7077
236  36  0.0101 -0.1409 14.0895
244  36  0.0058  0.0376 14.4964
252  36  0.0578  0.0025 14.6145
260  36  0.1938 -0.1571 12.7402
268  36  0.0000  0.0000 11.9011
276  36 -0.0915 -0.1879 11.6619
284  36  0.0487 -0.2316 10.4636
292  36  0.2128  0.0590  9.5742
  4  44 -0.0209  0.0405 12.9799
 12  44 -0.0285 -0.0935 10.4290
 20  44 -0.1509 -0.1486 10.8324
 28  44  0.0753  0.0298  8.1723
 36  44  0.1507 -0.0391  6.9056
 44  44 -0.0364 -0.2387 11.3832
 52  44  0.0000  0.0000  0.0000
 60  44  0.0000  0.0000  0.0000
 68  44  0.0000  0.0000  0.0000
 76  44  0.0000  0.0000 11.1304
 84  44  4.5000  4.5000  4.0635
 92  44  0.0000  0.0000 12.0628
100  44  0.0000  0.0000  0.0000
108  44  0.0000  0.0000  0.0000
116  44  0.0000  2.5000  8.8276
124  44  0.0000  2.5000  8.8276
132  44  0.4043 -0.4043  8.0000
140  44 -0.0827 -0.1339  5.2269
148  44 -0.0508 -0.3309  9.6108
156  44 -0.0393 -0.3233  7.8194
164  44 -0.0065 -0.3447  7.9950
172  44 -0.0504 -0.1320  7.2837
180  44  0.3465  0.0617  9.9180
188  44  0.0000 -1.5713  8.0359
196  44  0.0711 -0.1313  8.4328
204  44  0.1009 -0.1192  8.8484
212  44 -0.0938 -0.2832  9.8725
220  44 -0.0063 -0.1098 13.1637
228  44  0.0000 -0.1244 13.6195
236  44 -0.2177 -0.0116  9.6942
244  44  0.3480 -0.1696  9.0422
252  44 -0.0717 -0.1252 10.6790
260  44  0.0466  0.0349 11.2471
268  44 -0.0616  0.0359 10.2540
276  44  0.1414 -0.2018 13.4013
284  44 -0.0054 -0.0809 13.5878
292  44 -0.3022  0.0771 10.6521
  4  52  0.1121 -0.5000  7.1111
 12  52  0.0000  0.0000  0.0000
 20  52  0.0000  0.0000 15.5009
 28  52  0.0000  0.0000  0.0000
 36  52  0.0000  0.0000  0.0000
 44  52 -1.1838 -0.5000  7.5779
 52  52 -0.2080 -0.2715 12.3107
 60  52  0.0000  0.0000 11.1304
 68  52  0.0000  0.0000  0.0000
 76  52  0.0000  0.0000  0.0000
 84  52  0.0000  0.0000 11.1304
 92  52  0.0125 -0.1143 10.6462
100  52  0.0767 -0.5695 10.5763
108  52  0.2529  4.5000 11.0256
116  52  0.0000 -0.1960 11.1304
124  52 -0.5000 -0.1180  9.2850
132  52  0.0000  0.0000  8.4768
140  52  0.2907 -0.0403 10.5761
148  52  0.0160 -0.0439  9.2721
156  52  0.0871 -0.0077 11.3013
164  52  0.1817  0.4618  7.3863
172  52  0.1888 -0.0815  6.9828
180  52  0.0000  0.0000 11.1304
188  52 -5.0000 -0.1063  6.9728
196  52 -0.3524 -0.2632 11.6476
204  52  0.0000  0.0000  0.0000
212  52  0.0000  0.0000  0.0000
220  52 -0.1841 -0.0418 12.3683
228  52 -0.0272  0.0238 11.1899
236  52  0.0000  0.0000  8.5951
244  52 -0.0780 -0.1058 11.3139
252  52 -0.0526 -0.5000  8.6646
260  52  0.1063  0.0000  6.9728
268  52 -0.0348  0.1421 10.8349
276  52 -0.0310 -0.0266  8.3573
284  52 -0.0091 -0.1132 10.0829
292  52  0.1946 -0.3128 10.9923
  4  60  0.0000  0.0000  0.0000
 12  60  0.0000  0.0000  0.0000
 20  60  0.0000  0.0000  0.0000
 28  60  0.0000  0.0000  0.0000
 36  60  0.0000  0.0000 16.1088
 44  60 -0.5000 -0.0430  9.8626
 52  60  0.0000  0.0000 13.3565
 60  60 -0.8707  0.2487 12.2105
 68  60  0.0244 -0.0340 12.0385
 76  60 -0.1285  0.1329 14.0375
 84  60 -3.4160  0.5591  8.4396
 92  60 -0.0553 -0.1750 10.1955
100  60 -0.1645 -0.0465  6.8530
108  60  0.0000  0.0000  6.8449
116  60 -0.1620 -0.4095  7.3143
124  60 -0.1171 -0.1083 14.6826
132  60  2.8288  0.0521 10.1243
140  60 -0.0049  0.0428 13.1592
148  60 -0.5000  0.0000  8.8276
156  60  0.0000  0.0000 11.1304
164  60     NaN  0.0519  9.3255
172  60  0.0140  0.0000  7.9175
180  60  0.1960  0.0000 11.1304
188  60 -0.1151 -0.1151 16.5161
196  60  2.5000 -0.1588 10.5785
204  60  0.0000  0.0000  0.0000
212  60  0.0000  0.0000  0.0000
220  60  0.0000  0.0000  0.0000
228  60  0.0000  0.0000 11.1304
236  60  0.0000  0.0000 11.1304
244  60  0.0417 -0.1134  7.3143
252  60  0.1430  0.1879  7.4464
260  60 -0.2811 -1.4066  7.6679
268  60  0.4641 -0.1104  9.1308
276  60  0.0000  2.5000  8.8276
284  60  1.0756  0.0431  7.0865
292  60 -0.0908 -0.3309 10.7940
  4  68  0.0000  0.0000  0.0000
 12  68  0.0000  0.0000  0.0000
 20  68  0.0000  0.0000  0.0000
 28  68  0.0000  0.0000 11.1304
 36  68  0.1960  2.5000 11.1304
 44  68  0.0000  0.0000  0.0000
 52  68 -0.0563 -0.1121 14.0746
 60  68  0.0000  0.0000 16.1088
 68  68 -0.5000  0.1588 10.5785
 76  68 -0.1941 -1.0000  9.7890
 84  68  0.0670 -0.0668 21.2729
 92  68 -2.2539 -0.3034 14.0351
100  68  0.0000  0.0000  0.0000
108  68  0.0391  2.5000  9.3822
116  68  0.0000  0.0000 11.1304
124  68  0.0264 -0.3145 11.0777
132  68  0.2756  0.1838  9.6052
140  68  0.1841 -0.0418 12.3683
148  68  0.0000  0.0000 12.0628
156  68  0.0000  0.0855 10.6035
164  68  0.0000  0.0000 16.1088
172  68  0.0000  0.0000 16.1088
180  68  0.0000  0.0000  0.0000
188  68 -0.0418 -0.1521 12.6567
196  68  0.0000  0.0000  0.0000
204  68  0.0000  0.0000  0.0000
212  68  5.0000 -0.1876  8.5995
220  68  0.0000  0.0000 12.0628
228  68  0.0000  0.0000 11.1304
236  68  0.0000  0.0000  0.0000
244  68  0.0000  0.0000  0.0000
252  68  2.5000  0.0000  8.8276
260  68  0.0000  0.0000  0.0000
268  68  0.0000  0.0000  0.0000
276  68 -0.0272  0.0238 11.1899
284  68  0.0608 -0.0608 17.5287
292  68  0.0000  2.5000  8.8276
  4  76  0.0000  0.2623 11.2379
 12  76  2.5000 -2.0000  8.8276
 20  76  0.0000  0.0000  0.0000
 28  76 -0.2821  0.2101 13.0651
 36  76  0.0000 -0.1853  6.9276
 44  76 -0.2246  0.1162 14.0985
 52  76  0.0000  0.0000 12.0455
 60  76  0.0000  0.0000 20.7059
 68  76  0.0000  0.0000 12.3186
 76  76  0.0548 -0.1795 19.6402
 84  76  0.0000  0.0000  0.0000
 92  76 -3.5000  0.0000  8.2581
100  76 -0.2568 -0.0627  8.5469
108  76  0.0000  0.0000  8.0000
116  76 -0.5000  0.0000  8.8276
124  76  0.0000  0.0000  0.0000
132  76 -0.0645 -0.5000 10.4200
140  76  0.0418 -0.1521 12.6567
148  76 -0.5000  0.1588 10.5785
156  76  0.0000  0.0000  0.0000
164  76  0.0000  0.0000  0.0000
172  76  0.1960  2.5000 11.1304
180  76  4.5000  0.2391  8.2581
188  76 -0.5000  0.0000 11.1304
196  76  0.0000  0.0000 11.1304
204  76  0.0000  0.0000  0.0000
212  76  0.1063  0.0000  6.9728
220  76  0.0839 -0.8020 10.5600
228  76  0.0000  0.0000  0.0000
236  76  0.0000  0.0000  0.0000
244  76  0.0000  0.0000 11.1304
252  76  0.0000  0.0000  0.0000
260  76  0.0000  0.0000  0.0000
268  76  0.0000  0.0000  0.0000
276  76  0.0000  0.0000  0.0000
284  76  0.0832 -0.3131  9.8462
292  76  0.0000  0.0000 16.1088
  4  84 -0.0112 -0.1626 11.1791
 12  84  0.0483 -0.0467  9.3091
 20  84  0.0000 -0.6757 10.3282
 28  84  0.0000  0.0000 12.5445
 36  84 -0.1012  0.0458 14.0274
 44  84  0.0601  0.2928  7.5080
 52  84  0.0000  0.0000 17.0667
 60  84  0.0000  0.0000 16.6957
 68  84  0.0000  0.0000  0.0000
 76  84  4.5000  2.5000  4.0635
 84  84  0.0000  0.0000  0.0000
 92  84  0.0000  0.0000 11.1304
100  84  0.0000  0.0000 16.1088
108  84  0.0000  0.0000 11.1304
116  84  0.0000  0.0000 16.1088
124  84  0.0137 -0.1042  8.0540
132  84  0.0889 -0.0054  6.1452
140  84  0.0083 -0.0418 11.2576
148  84 -1.5000 -0.5000  7.4357
156  84  0.0000  4.5000  4.0635
164  84  0.0000  2.5000  8.8276
172  84  0.0000  0.0000 19.4783
180  84  0.5000 -0.0135 10.6667
188  84  0.0000  0.0000 11.1304
196  84  0.0000  0.0000 16.1088
204  84  0.0000  0.0000  0.0000
212  84  0.0000  0.0000  0.0000
220  84  0.0000  0.0000  0.0000
228  84 -0.1841 -0.0418 12.3683
236  84  0.0000  0.0000 11.9011
244  84 -0.5000  0.1588 10.5785
252  84  0.0000  0.0000  0.0000
260  84  0.0000  0.0000  0.0000
268  84  0.0000  0.0000  0.0000
276  84  0.0000  0.0000  0.0000
284  84  0.0000  0.0000 11.1304
292  84  0.0000  0.0000 16.1088
  4  92  0.0000  0.0000 16.1088
 12  92 -1.0492  0.0305 12.6667
 20  92 -0.0618  2.5000  9.8694
 28  92 -0.0530  0.1085  7.1508
 36  92 -0.5000  0.0391  9.3822
 44  92  2.5000  0.0000  8.8276
 52  92  0.0000  0.0000 16.1088
 60  92  0.0000  0.0000  0.0000
 68  92  0.0000  0.0000  0.0000
 76  92  0.0000  0.0000 16.1088
 84  92  0.0000  0.0000 11.1304
 92  92  0.0000  0.0000  0.0000
100  92  0.0000  0.0000 11.1304
108  92 -0.1960  2.5000 11.1304
116  92  0.1960  2.5000 11.1304
124  92  0.0000  0.0000 11.9011
132  92  0.3309 -0.0637  7.1846
140  92  0.0000  2.5000  8.8276
148  92  0.0000  0.0000  0.0000
156  92  0.0685 -0.3367 12.7421
164  92  0.0000  0.0000 11.1304
172  92  0.0000  0.0000  0.0000
180  92  0.0000  0.0000 11.1304
188  92 -0.5000  2.7933 12.8000
196  92 -0.5000  0.0000  8.8276
204  92 -0.4337  0.0578  8.8276
212  92  0.0000  0.0000  0.0000
220  92  0.0000  0.0000  0.0000
228  92  0.0000  0.0000  0.0000
236  92  0.0000  0.0000 16.1088
244  92  0.0418  0.1521 12.6567
252  92  0.0000  0.0000 11.1304
260  92  0.0000  0.0000 11.1304
268  92  0.0000  0.0000 11.1304
276  92  4.5000  4.5000  4.0635
284  92  0.0000  0.0000  0.0000
292  92  0.0000  0.0000  0.0000
  4 100  0.1739 -0.0059 15.0123
 12 100  0.0000  0.0000 16.1088
 20 100  0.0000  0.0000 10.2729
 28 100  0.0000  0.0000 11.1304
 36 100  0.0000  0.0000  0.0000
 44 100  0.0000  0.0000 16.1088
 52 100  0.0000  0.0000  0.0000
 60 100  0.0000  0.0000  0.0000
 68 100  0.0000  2.5000  8.8276
 76 100  0.1203     NaN  5.4468
 84 100  0.0000  0.0000  0.0000
 92 100  0.0000  0.0000  0.0000
100 100 -0.2505 -0.1710 11.6737
108 100 -0.1960 -0.5000 11.1304
116 100 -0.5000  0.0000  8.8276
124 100  0.0000  0.0000  0.0000
132 100 -0.0138 -0.2082 12.3423
140 100  0.0000  0.0000  0.0000
148 100  0.0000  0.0000  0.0000
156 100  0.1556  0.0000 12.2969
164 100  2.5000  0.1588 10.5785
172 100  2.5000  0.0000  8.8276
180 100  0.0000  0.0000  0.0000
188 100  0.0913 -0.2044 18.7317
196 100  0.0000  0.0000 22.2609
204 100 -0.0198  0.0093 20.0153
212 100  0.0000  0.0000  9.2086
220 100  0.0000  0.0000 16.1088
228 100  0.0000  0.0000 11.1304
236 100  0.0000  0.0000  0.0000
244 100  0.0000  0.0000  0.0000
252 100  0.5000 -0.5000  4.0635
260 100  0.0000  0.0000  0.0000
268 100  0.0000  0.0000  0.0000
276 100  0.0000  0.0000  0.0000
284 100 -0.5000  4.5000  4.0635
292 100  0.0000  0.0000  0.0000
  4 108 -0.5000  0.0000  8.8276
 12 108  0.0000  0.0000  0.0000
 20 108  0.0000  0.0000 11.1304
 28 108  0.0000  0.0000  0.0000
 36 108  0.0000  0.0000  0.0000
 44 108  0.0000  0.0000 11.1304
 52 108  0.0000  0.0000  0.0000
 60 108  0.0000  0.0000 16.1088
 68 108  0.0000  0.0000 11.1304
 76 108  0.0000  0.0000  0.0000
 84 108  0.0000  0.0000 11.1304
 92 108  0.0378 -0.0868 15.2803
100 108  0.0000  0.0000  9.2086
108 108  0.0000  0.0000  0.0000
116 108  0.0000  0.0000  0.0000
124 108 -0.1261 -0.0116 18.2740
132 108  0.0000  0.0000 16.1088
140 108  0.0000  0.0000  0.0000
148 108  0.0000  0.0000  0.0000
156 108  0.0000  0.0000 12.0455
164 108  1.5000  0.0000  8.2581
172 108 -0.0218 -0.2266 12.8350
180 108  0.0000  0.0000  0.0000
188 108  0.0000  0.3120 13.1657
196 108  0.2665 -0.0090 11.8309
204 108  0.3385  0.3106 13.2342
212 108  2.5000 -0.0391  9.3822
220 108 -4.5000 -0.1174 13.8795
228 108  0.0000  0.0000  0.0000
236 108  0.1063  0.0000  6.9728
244 108  0.0000  0.0000  0.0000
252 108  0.0000  0.0000  0.0000
260 108  0.0000  0.0000  0.0000
268 108  1.1876  0.5000  7.1263
276 108  0.0000  2.5000  8.8276
284 108  0.0000  0.0000  0.0000
292 108  0.0000  0.0000  0.0000
  4 116 -0.3471 -0.3580  7.7576
 12 116  0.2704  0.3936  8.6050
 20 116  0.0000  0.0000  0.0000
 28 116  0.0000  0.0000  0.0000
 36 116  0.0000  0.0000 11.1304
 44 116  0.0000  0.0000  0.0000
 52 116  0.0000  0.0000 16.1088
 60 116  0.0000  0.0000  0.0000
 68 116  0.0000  0.0000  0.0000
 76 116  0.0000  0.0000  0.0000
 84 116 -0.0899 -0.2095 18.2172
 92 116 -1.7459  0.0660 12.5203
100 116  0.0083 -0.0418 11.2576
108 116  0.0000  0.0000  0.0000
116 116  0.1151  0.1151 16.5161
124 116  0.0000  0.0000 12.8600
132 116  0.5000  0.0000  8.4768
140 116  0.1960 -0.5000 11.1304
148 116  0.0000  0.0000  0.0000
156 116  0.0000  0.0000 11.1304
164 116 -0.1048 -0.1906  8.0433
172 116  0.1960  0.0000 11.1304
180 116  0.0000  0.0000 11.1304
188 116  0.1140  0.1079 19.3902
196 116  0.0000  0.2029 11.3947
204 116     NaN  0.2391  8.2581
212 116  0.0000  0.0000  0.0000
220 116  0.0000 -0.5000  8.8276
228 116  2.5000  0.0000  8.8276
236 116 -0.1067  2.5000  7.8528
244 116  2.5000  0.1588 10.5785
252 116  0.0000  0.0000  0.0000
260 116  0.0000  0.0000  0.0000
268 116  0.0000  0.0000 11.1304
276 116  0.0000  0.0000  0.0000
284 116  0.0000  0.0000 16.1088
292 116 -0.1174  4.1710 14.6131
  4 124  0.0000  0.0000  0.0000
 12 124  0.0000  0.0000  0.0000
 20 124 -0.5000  0.0000  8.8276
 28 124  0.0000 -0.5000  8.8276
 36 124 -0.2136  0.1397 13.0892
 44 124  0.0000  0.0000 11.9011
 52 124  0.0000  0.0000  0.0000
 60 124 -0.5000  0.0000  8.8276
 68 124 -0.1841  0.0418 12.3683
 76 124 -1.0594  0.4636  9.3374
 84 124  0.0556  0.0470  8.5998
 92 124 -1.5000  0.0000  8.2581
100 124  0.0000  0.0000  8.0000
108 124  0.0000  0.0000 12.0628
116 124  0.0000  0.1853  6.9276
124 124  0.0000  0.0000 12.0628
132 124  0.0000  0.0000 11.1304
140 124 -0.3290  0.0000  9.4815
148 124 -0.1960  0.0000 11.1304
156 124  0.0000  0.0000  0.0000
164 124 -0.5000  0.0000  8.8276
172 124  0.4681  0.0000  9.5738
180 124  0.0000  0.0000  0.0000
188 124  0.0000  0.0000  0.0000
196 124  0.0000  0.0000  0.0000
204 124  0.0000  0.0000  0.0000
212 124  0.0000  0.0000  0.0000
220 124  0.0000  0.0000  0.0000
228 124  0.0000  0.0000 11.1304
236 124  0.0000  0.0000 11.1304
244 124  0.0000  0.0000  0.0000
252 124  0.0000  0.0000  0.0000
260 124  0.0000  0.0000  0.0000
268 124  0.0000  0.0000  0.0000
276 124  0.0000  0.0000 11.1304
284 124  0.0000  0.0000  0.0000
292 124  0.0000  0.0000 16.1088
  4 132  0.0000  0.0000  0.0000
 12 132  0.0000  0.0000  0.0000
 20 132  0.0000  0.0000  0.0000
 28 132  0.0418 -0.1521 12.6567
 36 132 -0.0418  0.1521 12.6567
 44 132  0.0000  0.0000  0.0000
 52 132  0.0000  0.0000  0.0000
 60 132 -0.2081  0.1864  9.6241
 68 132  0.0677  0.2414 11.7124
 76 132  0.1699  1.6715 12.5559
 84 132  0.0000  0.0000  0.0000
 92 132  0.0698 -0.2911 10.5124
100 132  0.0000  0.0000 11.1304
108 132  0.0000  0.0000  0.0000
116 132  0.0000  0.0000 16.1088
124 132 -0.1556  0.0000 12.2969
132 132 -0.5000  0.0000  8.8276
140 132  0.0000  0.0000  8.7810
148 132 -0.1421  0.0000  8.9363
156 132  0.0000  0.0000  0.0000
164 132  0.0000  0.0000  0.0000
172 132  0.0000  0.2033  7.8435
180 132  0.0000  0.0000 11.1304
188 132  0.0000  0.0000  0.0000
196 132  0.0000  0.0000  0.0000
204 132  0.0000  0.0000  0.0000
212 132 -0.1063  0.0000  6.9728
220 132  0.1063  0.0000  6.9728
228 132  0.0000  0.0000 11.1304
236 132 -0.5000  0.0000  8.8276
244 132  0.0000  0.0000  0.0000
252 132  0.0000  0.0000  0.0000
260 132  0.0000  0.0000  0.0000
268 132  4.5000 -0.5000  4.0635
276 132 -0.5000 -0.5000  4.0635
284 132  0.1203     NaN  5.4468
292 132 -0.2283  0.1876 10.3892
  4 140  0.0000  0.0000  0.0000
 12 140  0.0000  0.0000  0.0000
 20 140 -0.0308 -0.1823 13.1845
 28 140  0.0000  0.0000 16.1088
 36 140  0.0000  0.0000  0.0000
 44 140  0.0000  0.0000  0.0000
 52 140  0.0000 -0.5000  8.8276
 60 140 -1.0000  0.0640 12.3173
 68 140  0.1546 -0.0660 18.6254
 76 140 -0.0554 -0.1892  9.6158
 84 140  0.0000  0.0000  0.0000
 92 140  0.0698 -0.2911 10.5124
100 140  0.0000  0.0000  0.0000
108 140  0.0000  0.0000  0.0000
116 140  0.0000 -0.1063  6.9728
124 140 -0.0610  0.5000  7.7665
132 140  0.0000  0.0000 10.1191
140 140 -0.2058 -0.0074  9.4307
148 140  0.0788 -0.2077  9.6936
156 140  0.0000  0.0000  0.0000
164 140  0.0000  0.0000  0.0000
172 140  0.3127  0.1061  9.8739
180 140  0.0000  0.0000 12.0628
188 140  0.1180 -0.5000  9.2850
196 140  0.0000  0.0000 11.1304
204 140  0.0000  0.0000 11.1304
212 140  0.0000  0.0000 11.1304
220 140  0.0000  0.0000 16.1088
228 140  0.0000  0.0000  0.0000
236 140  0.0000  0.0000  0.0000
244 140  0.0000  0.0000  0.0000
252 140  0.0000  0.0000  0.0000
260 140  0.0000  2.5000  8.8276
268 140 -0.2907 -0.0403 10.5761
276 140  0.0000  0.0000 11.1304
284 140  0.0000  0.0000  0.0000
292 140 -0.2040  0.1382 10.7735
  4 148  0.0000  0.0000  0.0000
 12 148  0.0000  0.0000 11.9011
 20 148  0.0000  0.0000  9.2086
 28 148     NaN -5.1203  5.4468
 36 148  0.0000  0.0000  0.0000
 44 148  0.0000  0.0000  0.0000
 52 148  1.5000 -1.0000  7.4357
 60 148  0.0000  2.5000  8.8276
 68 148 -0.1014 -0.0633 14.0729
 76 148  0.0000 -0.5000  8.8276
 84 148  0.0000  0.0000  0.0000
 92 148 -0.5000  0.0000 11.1304
100 148  0.3468 -0.5000 10.2045
108 148  0.0000  0.0000 11.1304
116 148  0.0000  0.0000  0.0000
124 148  1.5000  0.0000  8.2581
132 148  0.0000  0.0000 12.0628
140 148  0.0180  0.0520  9.5553
148 148 -0.1823  0.0852 10.3403
156 148  0.0000  0.0000  0.0000
164 148  0.0000 -0.5000  8.8276
172 148  0.3468 -0.5000 10.2045
180 148  0.0000 -0.5000  8.8276
188 148  0.0000  0.0000 12.0628
196 148  0.0000  0.0000  0.0000
204 148  0.0000  0.0000  0.0000
212 148  0.0000  0.0000  0.0000
220 148  2.5000  0.0000  8.8276
228 148  0.0000  0.0000  0.0000
236 148  0.1063  0.0000  6.9728
244 148  0.0000  0.0000  0.0000
252 148  0.0000  0.0000  0.0000
260 148 -1.5000  0.0000  8.2581
268 148  0.0000  0.0000  0.0000
276 148 -0.5000 -0.3468 10.2045
284 148  1.5000  0.0448  8.9013
292 148  5.0000  0.0000 11.1304
  4 156 -0.3080 -0.2486  8.8856
 12 156  0.0000  0.0000 11.1304
 20 156  0.0000  0.0000 16.1088
 28 156  0.0000  0.0000  0.0000
 36 156  0.0000  0.0000  1.0000
 44 156 -0.1841  0.0418 12.3683
 52 156  0.0000  0.0000  0.0000
 60 156  0.0000  0.0000  0.0000
 68 156 -0.2220  0.1529  9.0549
 76 156  2.0761 -0.1459 14.3598
 84 156  0.5000  0.0000 11.1304
 92 156  0.0000  2.5000  8.8276
100 156  0.0000  0.0000 11.1304
108 156  0.0000 -0.5000  8.8276
116 156  0.0000  2.5000  8.8276
124 156  0.0000  0.0000  0.0000
132 156  0.0000  0.0000 12.0628
140 156  0.0000 -0.5000  8.8276
148 156  0.0000  0.0000  0.0000
156 156  0.0000  0.0000 11.1304
164 156 -1.0000  0.0000  9.2850
172 156  0.0000  0.0000 11.1304
180 156  0.0000  0.0000  0.0000
188 156  0.1203     NaN  5.4468
196 156 -0.5000  0.0000  8.8276
204 156  0.0000  0.0000  0.0000
212 156  0.0000  0.0000  0.0000
220 156  0.0000  0.0000  0.0000
228 156  0.0000  0.0000  0.0000
236 156  0.0000  0.0000  0.0000
244 156  0.0000  0.0000  0.0000
252 156 -0.5000  0.0000  8.8276
260 156  2.5000  0.0391  9.3822
268 156  0.0000  0.0000  0.0000
276 156  0.0000  0.0000  0.0000
284 156  0.0000  0.0000  0.0000
292 156  0.0000  0.0000 11.1304
  4 164  0.0182 -0.0134  9.7149
 12 164  2.5000 -0.1180  9.2850
 20 164 -0.1688  0.5315  9.2984
 28 164  0.1050  0.4640  8.1184
 36 164 -0.3510  0.0926  8.1480
 44 164  0.5000 -0.5000  4.0635
 52 164  0.0000  0.0000  5.0196
 60 164  0.1937  0.0000 12.5685
 68 164 -1.5821  0.2691  6.9945
 76 164  0.1138  0.0000  7.2997
 84 164  2.5000  0.0000  8.8276
 92 164 -0.2080  0.2715 12.3107
100 164  0.0000 -0.5000  8.8276
108 164  0.0000  0.0000  0.0000
116 164  0.0000  0.0000 12.0628
124 164  0.0000  0.0000  0.0000
132 164  0.0000  0.0000 19.1045
140 164  0.0000  0.0000 11.1304
148 164  0.0000  0.0000  0.0000
156 164  0.0000  0.0000  0.0000
164 164 -0.3290  0.0000  9.4815
172 164  0.0000  0.0000  0.0000
180 164  0.0000  0.0000  0.0000
188 164  0.0000  0.0000  0.0000
196 164  2.5000  0.0000  8.8276
204 164  0.0000  0.0000  0.0000
212 164  0.0000  0.0000  0.0000
220 164  0.0000  0.0000  0.0000
228 164  0.0000  0.0000  0.0000
236 164  0.0000  0.0000  0.0000
244 164  0.0000  0.0000  0.0000
252 164  0.0000  0.0000  0.0000
260 164  0.0000  0.0000  0.0000
268 164  0.0000  0.0000  0.0000
276 164  0.0000  0.0000  0.0000
284 164  0.0000  0.0000  0.0000
292 164  0.0000  0.0000  0.0000
  4 172     NaN  0.0000  5.4468
 12 172  0.0000  0.0000  0.0000
 20 172  0.0000  0.0000  0.0000
 28 172  0.2256  0.4585 10.4070
 36 172  0.1181  0.1341  7.4412
 44 172 -0.5000  3.5000  4.0635
 52 172 -0.1180  2.5000  9.2850
 60 172 -0.0418  0.1521 12.6567
 68 172  0.5000 -0.5000  4.0635
 76 172  0.1180 -0.5000  9.2850
 84 172  0.0000  0.0000 11.1304
 92 172  0.0000  0.0000  0.0000
100 172  0.0000  0.0000  0.0000
108 172  0.0000  0.0000 11.1304
116 172  0.0000  0.0000 12.0628
124 172  0.0000  0.0000  0.0000
132 172  0.0000  0.0000  0.0000
140 172  0.0000  0.0000  0.0000
148 172  0.0000  0.0000  0.0000
156 172  0.0000  0.0000  0.0000
164 172  0.0000  0.0000 12.0628
172 172 -0.1960  0.0000 11.1304
180 172  0.0000  0.0000 11.1304
188 172  0.0000  0.0000 11.1304
196 172  0.0000  0.0000  0.0000
204 172  0.0000  0.0000  0.0000
212 172  0.0000  0.0000  0.0000
220 172  0.0000  0.0000  0.0000
228 172  0.0000  0.0000  0.0000
236 172  0.0000 -5.0000 11.1304
244 172  0.0000  0.0000  0.0000
252 172  0.0000  0.0000  0.0000
260 172  0.0000  0.0000  0.0000
268 172  0.0000  0.0000  0.0000
276 172  0.0000  0.0000  0.0000
284 172  0.0000  0.0000  0.0000
292 172  0.0000  0.0000  0.0000
  4 180  0.0000  0.0000  0.0000
 12 180  0.0000  0.0000  0.0000
 20 180 -0.0540  0.2047 12.8294
 28 180 -1.0000 -0.0440  5.5480
 36 180  0.0000  0.0000  0.0000
 44 180 -0.5000 -5.0255  9.7158
 52 180  0.0770 -0.1740 10.2774
 60 180 -0.3290  2.8274  8.0000
 68 180 -0.1867  2.5000  6.4178
 76 180  0.0391  2.5000  9.3822
 84 180  0.0000  0.0000 16.1088
 92 180  0.0000  0.0000  0.0000
100 180 -0.5000  0.0000  8.8276
108 180  0.0000  0.0000 11.1304
116 180  0.0000  0.0000 12.0628
124 180  1.5000 -1.0000  7.4357
132 180  0.0000  0.0000 11.1304
140 180  0.0000  0.0000  0.0000
148 180  0.0000  0.0000  0.0000
156 180  0.0000  0.0000 11.1304
164 180  0.0000  0.0000 12.0628
172 180  0.0000 -0.5000  8.8276
180 180  0.0000  0.0000  0.0000
188 180  0.1556  0.0000 12.2969
196 180  0.0000  0.0000  0.0000
204 180  0.0000 -4.6564 12.4564
212 180  0.0000  0.0000  0.0000
220 180  0.0000  0.0000  0.0000
228 180  0.0000  0.0000  0.0000
236 180  2.5000  0.0000  8.8276
244 180  2.5000  0.0000  8.8276
252 180  0.0000  0.1174  9.1793
260 180  0.3468  2.5000 10.2045
268 180  0.0000  0.0000  0.0000
276 180  0.0000  0.0000  0.0000
284 180  0.0000  0.0000  0.0000
292 180  0.0000  0.0000 11.1304
  4 188 -2.5000  0.0694  9.0523
 12 188 -0.0610  1.0000  8.9210
 20 188  0.0000  0.0000 16.1088
 28 188  0.0000  0.0000  0.0000
 36 188 -0.2780  0.1270 13.3759
 44 188 -0.1138  0.1378 11.4627
 52 188 -2.9228  4.5000  8.8276
 60 188  0.0000  0.0000 16.1088
 68 188  0.0000  0.0000 16.1088
 76 188  0.0000  0.0000 16.1088
 84 188 -0.4342  0.1409  8.7273
 92 188  0.0000  0.0000  0.0000
100 188 -0.1960  0.0000 11.1304
108 188  0.5000  0.0000 11.1304
116 188 -0.1399  0.0593  7.3827
124 188  0.0000 -0.5000  8.8276
132 188  0.2917  0.0000 11.1304
140 188  0.0000  0.0000 11.1304
148 188  0.0000  0.0000 11.1304
156 188  0.0000  0.0000  0.0000
164 188 -1.0000  0.0000  9.2850
172 188  0.0000  0.0000 11.1304
180 188  0.0000  0.0000  0.0000
188 188  0.0000  0.0000 16.1088
196 188  0.0000  0.0000  0.0000
204 188 -0.3577  2.5000 13.4737
212 188  0.0000  0.0000  0.0000
220 188  0.0000  0.0000  0.0000
228 188 -0.5000  0.0000 11.1304
236 188  0.0000  0.0000  0.0000
244 188  0.0000  2.5000  8.8276
252 188  2.5000  0.0000  8.8276
260 188  0.4681  0.0000  9.5738
268 188  0.0000  0.0000  0.0000
276 188  0.0000  0.0000  0.0000
284 188  0.0000  0.0000  0.0000
292 188  0.0000  0.0000  0.0000
  4 196  1.7756 -1.2559 11.0143
 12 196  0.0000  2.5000  8.8276
 20 196  0.0000  0.0000 11.1304
 28 196  0.0000  5.0000 11.1304
 36 196  0.0000  0.0000  0.0000
 44 196 -0.0264 -0.3145 11.0777
 52 196  0.5000  0.0000  8.4768
 60 196 -0.0382  0.1028 16.6166
 68 196  0.0000 -0.5000  8.8276
 76 196 -0.1960 -0.5000 11.1304
 84 196  4.5000 -0.5000  4.0635
 92 196  0.1960  2.5000 11.1304
100 196 -1.3007 -0.0486  7.7151
108 196  0.1960  0.0000 11.1304
116 196  0.0000  0.0000  0.0000
124 196  0.0000  0.0000  0.0000
132 196  0.2917  0.0000 11.1304
140 196  0.0000  0.0000  0.0000
148 196  0.0000  0.0000  0.0000
156 196  0.0000  0.0000  0.0000
164 196  0.0000  2.5000  8.8276
172 196  0.0000  0.0000 16.1088
180 196  0.0000  0.0000  0.0000
188 196  0.0000  0.0000  0.0000
196 196  0.0000 -0.5000  8.8276
204 196  0.0696  0.0812 10.9765
212 196  0.0000  0.0000 11.1304
220 196 -1.3070  0.0337 12.4709
228 196 -0.3732 -0.3694 10.3318
236 196  0.0000  0.0000 16.1088
244 196  0.2780 -0.1270 13.3759
252 196  0.0000  0.0000  0.0000
260 196  0.0000  0.0000 16.1088
268 196 -0.0418 -0.1521 12.6567
276 196  0.0000  0.0000 11.1304
284 196  0.0000  0.0000  0.0000
292 196  0.0000  0.0000  0.0000
  4 204 -4.8566 -0.5000  8.3934
 12 204  0.0000  0.0000 12.0628
 20 204  0.0000 -0.5000  8.8276
 28 204  0.0000  0.0000  0.0000
 36 204  0.3577 -1.5000  9.3659
 44 204  0.0000 -0.5000  8.8276
 52 204  2.5000 -0.5000  4.0635
 60 204 -0.5000 -0.5000  4.0635
 68 204  0.0000  0.0000  0.0000
 76 204  0.0000  0.0000  0.0000
 84 204  0.0000  0.0000 11.1304
 92 204 -0.3927     NaN  8.9363
100 204  0.0000  0.0000  0.0000
108 204  0.0000  0.0000 11.1304
116 204  0.0000 -0.5000  8.8276
124 204  0.0000  2.5000  8.8276
132 204  0.0000  0.0000  0.0000
140 204  5.1203 -0.5000  5.4468
148 204 -0.2375 -0.3586 11.7728
156 204 -0.5000  0.0000  8.8276
164 204  0.0000  0.0000  0.0000
172 204 -0.1760  0.0000 15.0588
180 204  0.0000  0.0000  0.0000
188 204  0.0000  0.0000  0.0000
196 204  4.5000  4.5000  4.0635
204 204  0.0000  0.0000  0.0000
212 204  0.0000  0.0000 11.1304
220 204 -0.5000  0.0000  8.8276
228 204  3.5000 -0.1203  5.4468
236 204  4.5000  4.5000  4.0635
244 204  0.0000  0.0000  0.0000
252 204  4.5000  4.5000  4.0635
260 204 -1.5000  0.0000  8.2581
268 204  0.0000  0.0000  0.0000
276 204 -0.5000  4.5000  4.0635
284 204  0.0000  0.0000  0.0000
292 204  4.5000  4.5000  4.0635
  4 212 -0.0418  0.1521 12.6567
 12 212  0.0000  0.0000  0.0000
 20 212  0.0000  0.0000  0.0000
 28 212  0.0000  0.0000  0.0000
 36 212  0.0545  0.0652 12.4746
 44 212 -2.5000  0.0000 11.1304
 52 212  0.0000  5.0000 11.1304
 60 212 -0.1841  0.0418 12.3683
 68 212 -0.0378  0.0868 15.2803
 76 212  0.0000  0.0000  0.0000
 84 212  0.0000  0.0000  0.0000
 92 212  0.0000  0.0000  0.0000
100 212 -0.1960  0.0000 11.1304
108 212  0.0000  2.5000  8.8276
116 212 -0.5000  0.0000  8.8276
124 212  0.3468 -0.5000 10.2045
132 212  0.0000  0.0000 11.1304
140 212  0.0000  0.0000 11.1304
148 212  0.0000  0.0000 11.1304
156 212 -0.2965 -0.2632 10.8887
164 212  2.5000  4.5000  4.0635
172 212 -0.0475  2.6078  9.5482
180 212  0.0000  0.0000  0.0000
188 212  0.0000  0.0000  0.0000
196 212  0.0000  0.0000  0.0000
204 212  0.0000  0.0000  0.0000
212 212  0.0000  0.0000  0.0000
220 212  0.0000  0.0000  0.0000
228 212  0.0000  0.0000 11.1304
236 212  4.5000  4.5000  4.0635
244 212  4.5000  4.5000  4.0635
252 212  0.0000  0.0000  0.0000
260 212  0.0000  0.0000  0.0000
268 212  0.0367  0.2637 10.8805
276 212  4.5000 -0.5000  4.0635
284 212  0.0000  0.0000  0.0000
292 212  0.0000  2.5000  8.8276
  4 220  0.0000  0.0000 11.1304
 12 220  4.5000  4.5000  4.0635
 20 220  0.0000  0.0000  0.0000
 28 220  0.0000  0.0000 11.1304
 36 220  1.5000  0.0000  8.2581
 44 220  0.0000  0.0000 11.1304
 52 220  0.0000  0.0000 16.1088
 60 220  0.0000  0.0000 11.1304
 68 220 -0.2568 -0.0627  8.5469
 76 220  0.0000  0.0000  0.0000
 84 220  0.0000  0.0000  0.0000
 92 220  0.0000  0.0000  0.0000
100 220 -1.3420 -0.5000  8.3212
108 220  0.0000 -0.5000  8.8276
116 220  0.0000  0.0000  0.0000
124 220  0.0000  0.0000  0.0000
132 220  2.5000  0.0000  8.8276
140 220  0.0000  0.0000 16.1088
148 220 -2.8274 -0.3035  7.6077
156 220  0.1960  0.0000 11.1304
164 220  0.0000  0.0000  0.0000
172 220  0.0567 -0.0184  9.0869
180 220  0.0000  0.0000  0.0000
188 220  0.0000  0.0000  0.0000
196 220  0.0000  0.0000  0.0000
204 220  0.0000  0.0000  0.0000
212 220  0.0000  0.0000  0.0000
220 220  0.0000  0.0000  0.0000
228 220  0.0000  0.0000 11.1304
236 220  3.5000 -0.1203  5.4468
244 220  0.0000  0.0000 11.1304
252 220 -0.0666 -3.4179 10.9194
260 220  0.0000  0.0000  0.0000
268 220  0.0568 -0.3064  9.4208
276 220  0.0000  0.0000 11.1304
284 220  0.0000  0.0000 11.1304
292 220  0.0000 -0.5000  8.8276
