VARIABLES= "X pix", "Y pix", "U pix/dt", "V pix/dt", "CHC", ZONE I=28, J=37
  4   4  0.0295  0.0073  8.7679
 12   4  0.0745 -0.0610  8.5557
 20   4  0.0000  0.0000  8.6243
 28   4  0.0000  0.0067  8.7436
 36   4 -0.0154 -0.0832  9.3618
 44   4  0.0000  0.0841  9.3326
 52   4  0.0000  0.0000 10.3427
 60   4  0.0000  0.1248  9.0014
 68   4  0.0000 -0.0121  9.4701
 76   4  0.0000  0.0146  9.8703
 84   4  0.0598 -0.0148 10.2247
 92   4 -0.0112 -0.0083 10.3271
100   4  0.0000  0.0000 11.1505
108   4  0.0006  0.0062 11.7969
116   4  0.0000  0.0000 11.7754
124   4  0.0000  0.0000 10.1847
132   4  0.0000  0.0000 11.9483
140   4  0.0000  0.0000 11.9483
148   4  0.0000 -0.0307 12.4320
156   4 -0.0028 -0.0058 11.9963
164   4  0.0359 -0.0015 11.7619
172   4  0.0005 -0.0090 10.5109
180   4 -0.0151  0.0165 10.8857
188   4  0.0539  0.0158 10.4045
196   4  0.0149 -0.0091 11.1208
204   4  0.0000  0.0000 12.3913
212   4  0.1159 -0.1636  9.7933
220   4 -0.1024 -0.0984 13.2305
228   4  0.0000 -0.0721 12.9910
236   4  0.0000  0.0736  9.7300
244   4 -0.1855 -0.2100 10.7893
252   4 -0.1287 -0.0287 10.9495
260   4 -0.1162  0.0048 12.0052
268   4  0.0000  0.0000 12.9293
276   4 -0.1187 -0.0110 12.1521
284   4  0.0000  0.0000 17.4387
292   4  0.0000  0.5000  9.4815
  4  12  0.2192 -0.4767 10.0742
 12  12  0.0000 -0.2603 10.3199
 20  12  0.0000  0.0000 10.4065
 28  12  0.0000  0.5000 10.2884
 36  12  0.2107 -0.0200 10.4379
 44  12  0.0000  0.0000  9.3279
 52  12  0.0000  1.0000  7.3143
 60  12  0.0000  0.5000  7.6506
 68  12 -0.0287 -0.0475 10.8908
 76  12  0.1622  0.1532  8.9642
 84  12  0.0000  0.0000  7.4054
 92  12  0.0000  0.0000 27.8388
100  12  0.0375  0.1074 21.9948
108  12  0.0000  0.0000  9.7054
116  12  0.0000 -0.1363  7.5724
124  12  0.0000  0.0000  7.6220
132  12 -0.0081 -0.1739  8.0975
140  12 -0.0504  0.0085  8.0611
148  12  0.0185  0.0129  7.9079
156  12  0.0070  0.0123 21.1161
164  12  0.0001  0.0002 29.7974
172  12  0.0000  0.0000  8.8086
180  12  0.0000  0.0000  9.6305
188  12 -0.0463  0.0116 10.6166
196  12 -0.0044  0.0128 11.9180
204  12 -0.0461  0.0780 11.5888
212  12  0.0029  0.0045 14.6008
220  12  0.0788 -0.0639 15.8769
228  12  0.0111 -0.2121 15.1262
236  12  0.1010 -0.0489 17.7960
244  12 -0.0034  0.0028 16.0333
252  12 -1.4999 -0.0329 15.1967
260  12  0.0321  0.0106 15.7377
268  12  0.0052  0.0254 18.2857
276  12  0.0000  0.0000 10.8072
284  12 -0.0426 -0.1201  9.1957
292  12  0.0000  0.0000 13.6510
  4  20  0.0000  0.0000 19.7693
 12  20  0.0257  0.0120 15.1211
 20  20  0.0000  0.0000 20.1916
 28  20 -0.0008  0.0016 18.2182
 36  20  0.0000  0.0000 16.2720
 44  20  0.0000  0.0000 14.0868
 52  20  0.0012 -0.0170 14.0778
 60  20 -0.0224  0.0224 15.1419
 68  20  0.0019  0.0226 14.4928
 76  20  0.0024  0.0047 13.7903
 84  20  0.0124 -0.0021 13.9910
 92  20 -0.0039 -0.0080 13.0435
100  20  0.0000  0.0000 11.7792
108  20  0.0031 -0.0430 15.0321
116  20 -0.0127 -0.0008 13.1021
124  20  0.0091 -0.0097 12.1613
132  20  0.0089 -0.0181 13.0157
140  20  0.0000  0.0000 15.5072
148  20  0.0034 -0.0069 26.8349
156  20 -0.0014  0.0510 23.1954
164  20  0.0340  0.0037 24.2593
172  20  0.0071  0.0038 45.4451
180  20  0.0053  0.0027 15.5884
188  20  0.0000  0.0000 16.1931
196  20  0.0000  0.0000 17.0602
204  20  0.0068  0.0002 18.2749
212  20 -0.0157  0.0001 18.7851
220  20 -0.0019  0.0039 16.0417
228  20 -0.0109 -0.0006 16.5386
236  20 -0.0072 -0.0004 17.6602
244  20  0.0037 -0.0058 19.1009
252  20  0.0056 -0.0054 15.7684
260  20  0.0090 -0.0315 13.1529
268  20 -0.0163 -0.0100 17.2680
276  20  0.0207  0.0007 22.8150
284  20 -0.0010  0.0434 21.9472
292  20 -0.0053  0.0040 21.5583
  4  28  0.0034 -0.0325  7.6516
 12  28 -0.0034  0.0266 10.5162
 20  28  0.0157 -0.0012  8.9411
 28  28  0.0011 -0.0837  6.9949
 36  28 -0.0217  0.0125  6.9191
 44  28  0.0065 -0.0245  7.1844
 52  28 -0.0119 -0.0228  7.1173
 60  28  0.0000 -0.0587  7.3402
 68  28  0.0380  0.0431  7.0960
 76  28 -0.0584  0.0156  8.4180
 84  28  0.0000 -0.0387 10.0316
 92  28  0.0000  0.0000  8.3314
100  28  0.0000  0.0000  7.6685
108  28  0.0790 -0.0491  9.7650
116  28  0.0259  0.0678  8.2026
124  28  0.0375 -0.2282  6.9166
132  28 -0.0207 -0.8581  9.7002
140  28  0.0523 -0.2140 11.8358
148  28  0.0018 -0.0100 12.2245
156  28 -0.0177  0.0179 14.1888
164  28 -0.0111  0.0040 11.3038
172  28  0.0000  0.0000 13.9818
180  28  0.0813 -0.0698 11.7602
188  28  0.0118 -0.0036 11.5446
196  28  0.0000  0.0000  9.8011
204  28  0.0841  0.0485 11.3794
212  28  0.0000 -0.1789  9.6663
220  28 -0.0152 -0.1021 10.5474
228  28 -0.1256  0.1764 10.0691
236  28  0.0755 -0.0188  9.1959
244  28 -0.0186 -0.0113  6.1609
252  28  0.0000  0.0000  6.1279
260  28 -0.0224 -0.0253  6.1090
268  28 -0.0765  0.0123  7.1485
276  28 -0.1178  0.0727  7.1501
284  28 -0.0850 -0.0235  6.2802
292  28 -0.0048  0.0958  6.3128
  4  36  0.0000  0.0000 20.7059
 12  36  0.0000  0.0000  9.4208
 20  36 -0.3503 -0.0472 10.0552
 28  36  0.0000  0.0000 17.0015
 36  36 -0.0843 -0.0268 15.9257
 44  36 -0.0554 -0.0048 12.2127
 52  36 -0.0074 -0.1252  9.7352
 60  36  0.0952  0.0044  8.8163
 68  36  0.0000  0.0000  7.6858
 76  36  0.0000  0.0000  6.8809
 84  36 -0.4260 -0.7603  9.7439
 92  36  0.0000  0.0000 12.0067
100  36  0.0000  0.0000 11.1304
108  36  0.0000  0.1063  6.9728
116  36  0.0000  0.0000 11.1304
124  36  0.0000  0.0000 16.1088
132  36  0.0000  0.0000 17.0667
140  36 -0.2067  0.0326 12.0268
148  36 -0.0022  0.0195 13.8579
156  36 -0.0098 -0.0177 17.0623
164  36  0.0133  0.0029 17.2470
172  36  0.0026  0.0027 15.5718
180  36 -0.0066  0.1288  9.7026
188  36  0.0000  0.0000  7.1381
196  36  0.0819 -0.0929  7.1111
204  36  0.0000  0.0000  7.9667
212  36  0.0777  0.0081 11.8254
220  36  0.0073  0.0235 12.9555
228  36  0.0000  0.0000 11.7813
236  36 -0.0044  0.1077 13.8396
244  36 -0.1354  0.0163 13.2841
252  36  0.0000 -0.0846 16.2417
260  36  0.0000  0.0000 11.0903
268  36  0.0651  0.1150 14.5523
276  36  0.0000  0.0000  9.9881
284  36  0.0000  0.0000 15.3483
292  36  0.0000  0.1457 12.7205
  4  44  0.0000  0.0000 13.5632
 12  44  0.0025 -0.1493  9.3496
 20  44 -0.1643  0.0054  7.7260
 28  44 -0.1097  0.8797  8.1270
 36  44     NaN -0.1110  8.4253
 44  44  0.0000  0.0000 11.1304
 52  44  0.0000  0.0000  0.0000
 60  44  0.0000  0.0000  0.0000
 68  44  0.0000  0.0000  0.0000
 76  44  0.0000  0.0000  8.8276
 84  44  0.0000  0.0000 17.0667
 92  44  0.0000  0.0000 12.0628
100  44  0.0000  0.0000 11.1304
108  44  0.0000  0.0000  0.0000
116  44  0.3732  0.5000  9.6402
124  44  0.0000  0.0000 16.1088
132  44  0.0000  0.0000 10.2045
140  44  0.0000  0.0000  5.7315
148  44 -0.0050  0.0002  9.5770
156  44  0.0024  0.0043  8.7861
164  44  0.0053  0.0023  8.1432
172  44 -0.0078 -0.0015  8.7041
180  44 -0.0666  0.0199  9.5547
188  44  0.0000  0.0000 12.0628
196  44  0.2826  0.4149  6.8392
204  44 -0.1441 -0.0195  8.4160
212  44  0.0000  0.0000  9.0038
220  44  0.0000  0.0000 12.2639
228  44  0.0255 -0.2641 12.0682
236  44  0.0730  0.0229 13.5665
244  44  0.0000  0.1568  8.3519
252  44 -0.0209  0.0097  9.9364
260  44  0.0000  0.0000 12.2557
268  44 -0.0060  0.0097 10.7616
276  44  0.0174 -0.1093 13.2186
284  44  0.0600  0.0220 16.1257
292  44  0.0000  0.0000 24.6996
  4  52  0.1546  0.0660 18.6254
 12  52 -0.0186 -0.3393 11.2234
 20  52  0.0000  0.0000 11.1304
 28  52  0.0000  0.0000  0.0000
 36  52  0.0000  0.0000 11.1304
 44  52  0.0000  0.0000  0.0000
 52  52  0.0000  0.0000  0.0000
 60  52  0.0000  0.0000  0.0000
 68  52  0.0000  0.0000  0.0000
 76  52  0.0000  0.0000 11.1304
 84  52  0.0000  0.0000 11.1304
 92  52  0.0000  0.0000 10.8959
100  52  0.0170  0.1156 13.1099
108  52  0.0276 -0.0719 11.7508
116  52  0.0000  0.0000 11.9011
124  52 -0.5000  0.0000  8.8276
132  52  0.0000  0.0000 11.1304
140  52  0.0680  0.0793 15.1761
148  52 -0.0067  0.0157  9.9006
156  52  0.0000  0.0000 12.8600
164  52  0.0000  0.0000  8.0000
172  52  0.3139 -0.1204  7.7310
180  52  0.0000  0.0000 16.1088
188  52  0.0000  0.0000  0.0000
196  52  0.0000  0.0000  0.0000
204  52  0.0000  0.0000  0.0000
212  52  0.0000  0.0000  0.0000
220  52  0.0000  0.5000 11.1304
228  52  0.0000  0.0000  9.7047
236  52  0.0000  0.0000  9.9881
244  52  0.0000  0.0000 10.8982
252  52  0.0000  0.0000 16.6956
260  52 -0.5000  0.0000  9.9740
268  52  0.0000 -0.1122  9.2364
276  52  0.0000  0.0000  8.8038
284  52  0.1210 -0.0191  8.4253
292  52  0.0000  0.0000 10.3707
  4  60  0.0000  0.0000  0.0000
 12  60  0.0000  0.0000  0.0000
 20  60  0.0000  0.0000  0.0000
 28  60  0.0000  0.0000 11.1304
 36  60  0.0000  0.0000 11.1304
 44  60  0.0000  0.0000 11.1304
 52  60  0.0000  0.0000  0.0000
 60  60  0.2246 -0.1162 14.0985
 68  60  0.0000  0.0000 15.4912
 76  60 -0.2217 -0.0798 14.6543
 84  60  0.0000  0.0000  8.9379
 92  60 -0.1073  0.1644  9.3961
100  60  0.0505 -0.0040 11.1926
108  60  0.0000  0.0000  6.8970
116  60  0.0000  0.0000 10.1740
124  60  0.0000  0.0000 11.9011
132  60  0.0000  0.0000  9.4208
140  60 -0.0145  0.2368  9.5252
148  60  0.0000  0.0000  0.0000
156  60  0.0000  0.0000  0.0000
164  60 -0.2010  0.0000 16.0505
172  60  0.0000  0.0000 10.0729
180  60  0.0000  0.0000 16.1088
188  60 -1.5000  0.0000  8.2581
196  60  0.0000  0.0000 11.1304
204  60  0.0000  0.0000  0.0000
212  60  0.0000  0.0000  4.0635
220  60  0.0000  0.0000  0.0000
228  60  0.0000  0.0000  0.0000
236  60  0.0000 -0.5000  8.8276
244  60  0.5000  0.0000 11.1304
252  60  0.0000  0.0000  7.6402
260  60 -0.1632 -0.3003  9.1318
268  60  1.5684  0.0232 11.2407
276  60  0.0000  0.0000 16.1088
284  60  0.0000  0.0000 16.1088
292  60 -0.1841 -0.0418 12.3683
  4  68  0.0000  0.0000  0.0000
 12  68  0.0000  0.0000  0.0000
 20  68  0.0000  0.0000 11.1304
 28  68  0.0000  0.0000 11.1304
 36  68  0.0000  0.0000 22.2609
 44  68  0.0000  0.0000 21.6135
 52  68  0.0000  0.0000 13.1641
 60  68 -0.5000  0.3134  7.5779
 68  68  0.0941  0.0647  7.9034
 76  68 -0.1199  0.0404  9.4331
 84  68  0.0821  0.1806 16.6957
 92  68  0.0000  0.0000  0.0000
100  68  0.0000  0.0000 11.1304
108  68  0.0000  0.0000 22.2609
116  68  0.0978 -0.0707 15.7377
124  68 -0.1960  0.0000 11.1304
132  68  0.0000 -0.5000  8.8276
140  68  0.0000  0.0000 11.0903
148  68  0.0000  0.0000 11.9011
156  68  0.0000  0.0000 12.0628
164  68  0.0000  0.0000 11.1304
172  68  0.1151  0.1151 16.5161
180  68  1.0000 -0.0305  9.0241
188  68  0.0832 -0.3131  9.8462
196  68  0.0000  0.0000  0.0000
204  68  0.0000  0.0000  0.0000
212  68  0.0000  0.0000  0.0000
220  68  0.0000  0.0000 11.1304
228  68  0.0000  0.0000 11.1304
236  68  1.5000  0.0000  8.2581
244  68  0.0000  0.0000  0.0000
252  68  0.0000  0.0000 11.1304
260  68 -0.5000  0.0000  8.8276
268  68  0.0000  0.0000 11.1304
276  68  0.0000  0.0000 16.1088
284  68  0.0000  0.0000 12.8600
292  68  0.0000  0.0000 16.1088
  4  76  0.0000  0.0000 17.0667
 12  76 -0.2875  0.1417 10.3838
 20  76  0.0000  0.0000 18.8048
 28  76  0.0313  0.3301 10.0044
 36  76 -0.1490  1.5781 10.6945
 44  76  0.2008  0.0390 10.2753
 52  76  0.0000  0.0000 16.1088
 60  76  0.0000  0.0000 11.1304
 68  76  0.3073  0.1556 11.0000
 76  76  0.1767  0.5000 13.2079
 84  76  0.0000  0.0000  7.3911
 92  76 -0.2430 -1.5000  8.2933
100  76 -0.1068  0.5000 14.1617
108  76  1.1733  0.0000  8.5333
116  76  1.5000  0.0000  8.2581
124  76  0.0000  0.0000  8.0147
132  76  0.1439 -0.0853 11.4193
140  76  0.0000  0.0000 16.1088
148  76  0.0000  0.0000 12.0628
156  76  0.0000 -0.7765  9.0353
164  76  0.0000  0.2662  6.7780
172  76  0.0000  0.0000  9.7047
180  76 -0.1960  0.0000 11.1304
188  76  0.0000  0.0000 11.1304
196  76  0.0000  0.0000  0.0000
204  76  0.0000  0.0000  0.0000
212  76  0.0000  0.0000 16.1088
220  76  0.0000  0.0000 11.1304
228  76  0.0000  0.0000  0.0000
236  76  0.0000  0.0000 11.1304
244  76  0.0000  0.0000  0.0000
252  76  0.0000  0.0000 11.1304
260  76 -2.3677 -0.1145 12.8207
268  76  0.0000  0.0000 11.1304
276  76  0.0000  0.0000  0.0000
284  76  0.0000 -0.1063  6.9728
292  76  0.0000  0.0000 11.9011
  4  84  0.0000  0.0000 13.1641
 12  84  0.0000  0.0000  9.4208
 20  84 -0.2761 -0.0806  9.3746
 28  84  0.0000  0.1996  9.7215
 36  84 -0.1151 -0.1151 16.5161
 44  84  0.0000  0.0000  0.0000
 52  84  0.0000  0.0000  9.2086
 60  84  0.0000  0.0000 12.5464
 68  84  0.0000  0.0000 16.2126
 76  84  0.0264  0.0553  9.0724
 84  84  0.0000  0.0000  0.0000
 92  84 -0.0557 -0.0193 15.2661
100  84  0.0000  0.0000  9.2086
108  84  0.0000  0.0000 17.0667
116  84  0.1589  0.0764  7.0932
124  84 -0.2875  0.1417 10.3838
132  84  0.0000  0.0000  0.0000
140  84  0.0000  0.0000 10.1191
148  84  0.0000  0.0000  0.0000
156  84  0.0000  0.0000 10.2400
164  84  2.5000  0.0000  8.8276
172  84  0.0000 -0.2435 12.7023
180  84  0.0000  0.0000 16.2025
188  84  0.0000  0.0000  0.0000
196  84  0.0000  0.0000  8.8276
204  84  0.0000  0.0000  0.0000
212  84  0.0000  0.0000  0.0000
220  84  4.5000 -0.5000  4.0635
228  84  0.0000  0.0000 16.1088
236  84  0.0000  0.0000 19.4783
244  84  0.0000  0.0000 11.1304
252  84  0.0000  0.0000 11.1304
260  84  0.0000  0.0000  0.0000
268  84  0.0000  0.0000  0.0000
276  84  0.0000  0.0000  0.0000
284  84  0.0000  0.0000  0.0000
292  84  0.0000  0.0000  0.0000
  4  92  0.0000  0.0000  0.0000
 12  92  0.0000  0.0000 11.1304
 20  92  0.0000  0.0000 13.3565
 28  92  0.0000  0.0000 11.1304
 36  92  0.0000  0.0000  0.0000
 44  92 -0.0417 -0.1134  7.3143
 52  92  0.0000  0.0000 22.2609
 60  92  0.0000  0.0000  8.0000
 68  92  0.0000  0.0000  0.0000
 76  92  0.0000  0.0000  0.0000
 84  92  0.0000  0.0000 16.1088
 92  92  0.0000  0.0000  0.0000
100  92  0.0000  0.0000 11.1304
108  92  0.0000  0.0000  0.0000
116  92  0.0000  0.0000 11.1304
124  92 -0.0365  0.0821  7.0919
132  92  0.0671  0.0048  6.6575
140  92 -0.8442 -0.5000  7.5025
148  92  0.0000  0.0000 11.1304
156  92  0.1068  0.5000 14.1617
164  92  0.0000  0.0000 11.1304
172  92  0.0000  0.0000  0.0000
180  92 -0.0868 -0.0378 15.2803
188  92  0.0000  0.0000  0.0000
196  92  0.0000  0.0000  0.0000
204  92  0.0000  0.0000  8.8276
212  92  0.0000  0.0000  0.0000
220  92  0.0000  0.0000  0.0000
228  92  0.0000  0.0000  0.0000
236  92  0.0000  0.0000 16.1088
244  92  0.1841  0.0418 12.3683
252  92 -0.5000  0.0000  8.8276
260  92  0.0000  0.0000  0.0000
268  92  0.0000  0.0000  0.0000
276  92  0.0000  0.0000  0.0000
284  92  0.0000  0.0000 16.1088
292  92  0.0000  0.0000 11.1304
  4 100 -0.0295 -0.1889 17.8337
 12 100  0.0000  0.0000 10.7558
 20 100  0.0519  0.3982 16.2025
 28 100  0.0000  0.0000  0.0000
 36 100  0.0000  0.0000 11.1304
 44 100  0.0000  0.0000  0.0000
 52 100  0.0000  0.0000  0.0000
 60 100  0.0000  0.0000  0.0000
 68 100  0.0000  0.0000 16.1088
 76 100 -0.5000  0.0000  8.8276
 84 100  0.0000  0.0000 16.1088
 92 100  0.0000  0.0000 12.0628
100 100  0.0000  0.0000 11.1304
108 100 -0.0698  0.2911 10.5124
116 100  0.0000  0.0000 11.1304
124 100  0.0000  0.0000  7.3911
132 100  0.0000  0.0000 14.5615
140 100  0.0000  0.0000 13.1641
148 100  0.0000  0.0000  0.0000
156 100  0.0000  0.0000  9.4208
164 100  0.0000  0.0000  0.0000
172 100  0.0000  0.0000  0.0000
180 100  0.0000  0.0000 11.1304
188 100  0.0000  0.0000  8.2581
196 100  0.0000  0.0000 11.1304
204 100 -0.0378 -0.0868 15.2803
212 100  0.1138  0.0000  7.2997
220 100  0.0000  0.0000  0.0000
228 100  0.0000  0.0000  0.0000
236 100  0.0000  0.0000  0.0000
244 100  0.0000  0.0000 11.1304
252 100  0.0000  0.0000 12.8600
260 100  0.0000  0.0000 16.1088
268 100  0.0000  0.0000  0.0000
276 100  0.0000  0.0000  0.0000
284 100  0.0000  0.0000 11.1304
292 100  0.0000  0.0000 12.0628
  4 108  0.0000  0.0000 10.2729
 12 108  0.0000  0.0000 11.1304
 20 108  0.0000  0.0000 11.1304
 28 108  0.0000  0.0000 11.1304
 36 108  0.0000  0.0000  0.0000
 44 108  0.0000  0.0000  0.0000
 52 108  0.0000  0.0000  0.0000
 60 108  0.0000  0.0000  8.8276
 68 108  3.5000 -0.1203  5.4468
 76 108 -0.5000  0.0000 11.1304
 84 108  0.0000  0.0000  8.0000
 92 108  0.0000  0.0000  0.0000
100 108  0.4256  0.1293  7.2484
108 108  0.0000  0.0000 12.9293
116 108  0.0000  0.0000  0.0000
124 108  0.0000  0.0000  0.0000
132 108 -0.1138  0.1378 11.4627
140 108  0.0000  0.0000  0.0000
148 108  0.0000  0.0000  7.5779
156 108 -0.2730  0.0000 10.6474
164 108  0.0000  0.0000 11.1304
172 108 -0.1151  0.1151 16.5161
180 108  0.0000  0.0000  0.0000
188 108  0.0000  0.0000 16.1088
196 108  0.0000  0.0000  0.0000
204 108  0.0000  0.0000  0.0000
212 108  0.1341 -0.0819 16.9583
220 108  0.2057  0.0000  8.8514
228 108  0.0000  0.0000  0.0000
236 108  0.0000  0.0000  0.0000
244 108  0.0000  0.0000 11.1304
252 108 -0.2081  0.1864  9.6241
260 108  0.0000  0.0000  0.0000
268 108  0.0000  0.0000  0.0000
276 108  0.0000  0.0000  0.0000
284 108  0.0000  0.0000 11.1304
292 108 -0.0557  0.0193 15.2661
  4 116  0.0000  0.0000 13.3565
 12 116  0.0000  0.0000  0.0000
 20 116  0.0000  0.0000  0.0000
 28 116  0.0000  0.0000  0.0000
 36 116  0.0000 -0.5000  8.8276
 44 116  0.0000  0.0000 11.1304
 52 116 -0.1546  0.0660 18.6254
 60 116 -0.2665 -0.0090 11.8309
 68 116  0.0000  0.0000 16.1088
 76 116  0.0000  0.0000 19.1045
 84 116 -0.1151 -0.1151 16.5161
 92 116  0.5000  0.0339  9.3626
100 116 -0.1981  0.2330 13.3504
108 116  0.0000  0.0000 16.1088
116 116  0.0000  0.0000  8.8276
124 116  0.0000  0.0000 12.0455
132 116  0.0000  0.0000 16.1088
140 116  0.0000  0.0000  0.0000
148 116  0.0000  0.0000  0.0000
156 116 -0.4130 -0.3679  7.6027
164 116  0.1401  0.2399 12.1506
172 116 -0.4681  0.0000  9.5738
180 116  0.0000  0.0000 11.1304
188 116  0.0000  0.0000 11.1304
196 116  1.1499 -0.0773  8.0106
204 116  0.0000  0.0000 18.5922
212 116  0.0000  0.0000  0.0000
220 116  0.0000  0.0000 16.1088
228 116  0.0000  0.0535 10.0787
236 116  0.0000  0.5000 11.1304
244 116 -0.1841 -0.0418 12.3683
252 116  0.3011  0.0513 11.5958
260 116  0.0000  0.0000  0.0000
268 116  0.0000  0.0000  0.0000
276 116  0.0000  0.0000  0.0000
284 116 -0.5000  0.0000  8.8276
292 116  0.0000  0.0000 12.0455
  4 124  0.0000  0.0000 11.1304
 12 124 -0.0561  0.2765  9.5419
 20 124  0.0000  0.0000  0.0000
 28 124  0.0000  0.0000  0.0000
 36 124  0.0000  0.0000  0.0000
 44 124 -0.5000  0.0000  8.8276
 52 124  0.0000  0.0000 11.1304
 60 124  0.0000  0.0000 16.1088
 68 124  0.0677 -0.2414 11.7124
 76 124  0.0000  0.0000 11.1304
 84 124  0.0000  0.0000 12.0455
 92 124  0.0698 -0.2911 10.5124
100 124  0.0000  0.0000 11.1304
108 124  0.0000  0.0000  0.0000
116 124 -0.1140  0.1079 19.3902
124 124  0.0000  0.0000 12.8600
132 124  0.0000  0.0000  0.0000
140 124  0.0000  0.0000  0.0000
148 124  0.0000  0.0000  0.0000
156 124 -0.4681  0.0000  9.5738
164 124  0.0000  0.0000 12.5445
172 124  0.0000  0.0000  8.2581
180 124  0.0000  0.0000 11.1304
188 124  0.0000  0.0000 11.1304
196 124  0.0000  0.0000 14.5615
204 124 -0.5463  0.0107  9.4727
212 124  0.0000  0.0000  0.0000
220 124  0.0000  0.0000  0.0000
228 124  0.0000  0.0000 11.1304
236 124  0.0000  0.0000  0.0000
244 124  0.0000  0.0000  0.0000
252 124  0.0000  0.0000  0.0000
260 124  0.0000  0.0000  0.0000
268 124  0.0000  0.0000  8.9154
276 124  0.0000  0.0000  0.0000
284 124  0.0000  0.0000 11.1304
292 124  0.1960  0.0000 11.1304
  4 132  0.0000  0.0000 11.1304
 12 132  0.0000  0.0000 19.4783
 20 132  0.0000  0.0000 13.3565
 28 132  0.0000  0.0000 11.1304
 36 132  0.0000  0.0000 11.1304
 44 132  0.0000  0.0000  0.0000
 52 132  0.0000  0.0000  0.0000
 60 132  0.0000  0.0000  0.0000
 68 132  1.3628 -1.0000  8.2202
 76 132 -0.5000  0.0000  8.8276
 84 132 -2.5000 -0.1067  7.3143
 92 132  0.3290  0.0000  9.4815
100 132  0.0000  0.0000  0.0000
108 132 -0.0913  0.2044 18.7317
116 132 -0.0418  0.1521 12.6567
124 132  1.3070  0.0337 12.4709
132 132  0.0000  0.0000 11.1304
140 132  0.5000  0.0000 11.1304
148 132  0.0000  0.0000 11.1304
156 132  0.1960  0.0000 11.1304
164 132 -0.5000  0.0000  8.8276
172 132 -0.5000  0.0000  8.8276
180 132  0.0000  0.0000  0.0000
188 132  0.0000  0.0000  0.0000
196 132  0.0000  0.0000 11.1304
204 132  0.0000 -0.3577 13.4737
212 132  0.0000  0.0000  0.0000
220 132  0.0000  0.0000  0.0000
228 132  0.0000  0.0000 11.1304
236 132 -0.5000  0.0000  8.8276
244 132  0.0000  0.0000  0.0000
252 132  0.0000  0.0000  0.0000
260 132  0.0000  0.0000  0.0000
268 132  0.0000  0.0000  0.0000
276 132  0.0000  0.0000  0.0000
284 132  0.0000  0.0000 16.1088
292 132  0.0000 -0.0855 10.6035
  4 140  0.0000  0.0000 11.1304
 12 140  0.0000  0.0000  0.0000
 20 140 -0.0101 -0.1146 17.4161
 28 140  0.0000  0.0000 16.1088
 36 140  0.0000  0.0000  0.0000
 44 140  0.0000  0.0000 11.1304
 52 140  0.0000  0.0000 16.1088
 60 140  0.0000  0.0000 16.7031
 68 140  0.0257 -0.1179  8.8422
 76 140  0.0000  0.0000 13.1641
 84 140  0.0000  0.0000  8.2581
 92 140  0.0000  0.0000 11.1304
100 140  0.0000  0.0000  8.1086
108 140  0.0000  0.0000 16.1088
116 140  0.0000  0.0000 11.1304
124 140  0.0000  0.0000 11.1304
132 140  0.1960  0.0000 11.1304
140 140 -0.5000  0.0000 11.1304
148 140  0.0000  0.0000 11.1304
156 140  0.0000  0.0000 11.1304
164 140  0.0000  0.0000  0.0000
172 140  1.2596 -0.3479  7.1968
180 140  0.0000  0.0000 11.1304
188 140  0.0000  0.0000 16.1088
196 140  0.1841 -0.0418 12.3683
204 140  0.0000  0.0000 12.0628
212 140  0.2907  0.0403 10.5761
220 140  0.0000  0.0000  4.0635
228 140  0.0000  0.0000 16.1088
236 140  0.0000  0.0000 11.1304
244 140  0.0000  0.0000  0.0000
252 140  0.0000  0.0000  0.0000
260 140  0.0000  0.0000 11.1304
268 140  0.0000  0.0000 11.1304
276 140  0.0000  0.0000  0.0000
284 140  0.0000  0.0000  8.2581
292 140  0.0000  0.0000  0.0000
  4 148  0.0000  0.0000  0.0000
 12 148  0.0000  0.0000 12.0455
 20 148  0.0000  0.0000 16.1088
 28 148  0.0000  0.0000 11.1304
 36 148  0.0000  0.0000  0.0000
 44 148  0.0000  0.0000 16.1088
 52 148  1.5000  0.0000  8.2581
 60 148  0.0000  0.0000 13.6955
 68 148  0.0453  0.2055  8.0994
 76 148  0.0000  0.0000  4.0635
 84 148  0.0000  0.0000 16.1088
 92 148  0.0000  0.0000 11.1304
100 148  0.0000  0.0000  0.0000
108 148  0.0000  0.0000 11.1304
116 148  0.0000  0.0000  0.0000
124 148  0.0000  0.0000  8.2581
132 148  0.3577  0.0000 13.4737
140 148 -0.0561 -0.2765  9.5419
148 148  0.0000  0.0000 16.1088
156 148  0.0000  0.0000  0.0000
164 148  0.0000  0.0000 11.1304
172 148  0.0000  0.0000 11.1304
180 148 -0.1556  0.0000 12.2969
188 148  0.0000  0.0000 12.0455
196 148  0.0000  0.0000  0.0000
204 148  0.0000  0.0000  0.0000
212 148  0.0000  0.0000  0.0000
220 148  0.0000  0.0000  0.0000
228 148  0.0000  0.0000  0.0000
236 148  0.0000  0.0000 16.1088
244 148  0.0000  0.0000 11.1304
252 148  0.0000  0.0000  0.0000
260 148  0.0000  0.0000  0.0000
268 148  0.0000  0.0000  0.0000
276 148  0.0000  0.0000 16.1088
284 148  2.5000  0.1588 10.5785
292 148 -0.1180 -0.5000  9.2850
  4 156  0.0000  0.0000 16.1088
 12 156  0.4681  0.0000  9.5738
 20 156  0.0000  0.0000  0.0000
 28 156  0.0000  0.0000 11.1304
 36 156  0.0000  0.0000  0.0000
 44 156  0.0000  0.0000 12.5445
 52 156  0.0000  0.0000  0.0000
 60 156  0.0868 -0.0378 15.2803
 68 156  0.0000  0.0000 11.1304
 76 156  0.0000 -0.5000  8.8276
 84 156  0.0000  0.0000 11.1304
 92 156  0.0000  0.0000  0.0000
100 156  0.0000  0.0000  0.0000
108 156  0.0000  0.0000 11.1304
116 156  0.0000  0.0000 16.1088
124 156 -0.5000  0.0000  8.2581
132 156 -0.3577  0.0000 13.4737
140 156 -0.0421  0.1634 12.8457
148 156 -0.0387  0.0778  8.6401
156 156  0.0000  0.0000  0.0000
164 156  0.0000  0.0000  9.2850
172 156  0.0000  0.0000 11.1304
180 156  0.0000  0.0000 12.0628
188 156  0.0000  0.0000 16.1088
196 156  0.0000  0.0000  0.0000
204 156  0.0000  0.0000  0.0000
212 156  0.0000  0.0000  0.0000
220 156  0.0000  0.0000  0.0000
228 156  0.0000  0.0000 11.1304
236 156  0.0000  0.0000 11.1304
244 156 -0.1841 -0.0418 12.3683
252 156  0.0000  0.0000  0.0000
260 156  0.4043 -0.4043  8.0000
268 156  0.0000  0.0000 11.1304
276 156  0.0000  0.0000 16.1088
284 156  2.5000  0.0000  8.8276
292 156  0.0000  0.0000  0.0000
  4 164 -1.5000  0.0000  8.2581
 12 164  0.1328  0.0709 16.0000
 20 164     NaN  0.1203  5.4468
 28 164  0.0000  0.0000 11.1304
 36 164  0.0000 -0.5000  8.8276
 44 164  0.0000  0.0000  8.0000
 52 164  0.0000  0.0000 11.1304
 60 164 -0.2220  0.1529  9.0549
 68 164  0.0000  0.0000  0.0000
 76 164  0.5000  0.0000 11.1304
 84 164  4.5000 -0.5000  4.0635
 92 164  0.0000  0.0000  0.0000
100 164  0.0000  0.0000  0.0000
108 164  0.0000  0.0000 11.1304
116 164  0.0000  0.0000 12.0628
124 164  0.0000  0.0000 17.0667
132 164  0.0000  0.0000 12.0455
140 164  0.0396 -0.1230 17.9892
148 164  0.0218  0.2266 12.8350
156 164  0.0000  0.0000 11.1304
164 164  0.6907  0.2991  8.0688
172 164  0.0000  0.0000  0.0000
180 164  0.0000  0.0000 12.0628
188 164 -0.1912  0.0000 12.4272
196 164  0.0000  0.0000  0.0000
204 164  0.0000  0.0000  0.0000
212 164  0.0000  0.0000  0.0000
220 164  0.0000  0.0000  0.0000
228 164  0.0000  0.0000  0.0000
236 164  0.0000  0.0000  0.0000
244 164  0.0000  0.0000 11.1304
252 164 -0.5000  0.0000  8.8276
260 164 -0.3468 -1.0000 10.2045
268 164  0.0000  0.0000  0.0000
276 164  0.0000  0.0000  0.0000
284 164  0.0000  0.0000  0.0000
292 164  0.0000  0.0000 11.1304
  4 172  0.0000 -0.5000  8.8276
 12 172  0.0000  0.0000  5.4468
 20 172 -0.4043  0.4043  8.0000
 28 172  0.0000  0.0000 11.1304
 36 172  0.0000  0.0000  0.0000
 44 172  0.0000  0.0000  0.0000
 52 172 -0.1246  0.0734 16.6488
 60 172  0.0000  0.0000  6.8903
 68 172  0.0000  0.0000 11.1304
 76 172  0.0000  0.0000 12.0455
 84 172 -0.2414  0.0000 11.1304
 92 172  0.0000  0.0000  8.8276
100 172  0.0000  0.0000  0.0000
108 172  0.0000  0.0000 11.1304
116 172  0.0000  0.0000 12.0628
124 172  0.0000  0.0000 13.1641
132 172  0.0000 -0.5000  8.8276
140 172  0.0000  0.0000 13.0803
148 172  0.0698 -0.2911 10.5124
156 172  2.5000  0.0000 11.1304
164 172  0.0000  0.0000 12.0628
172 172  0.0000  0.0000  0.0000
180 172  0.0000  0.0000  8.2581
188 172 -0.4043  0.4043  8.0000
196 172  0.1151 -0.1151 16.5161
204 172  0.0000  0.0000 11.1304
212 172  0.0000  0.0000  0.0000
220 172  0.0000  0.0000  0.0000
228 172  0.0000  0.0000  0.0000
236 172  0.0000  0.0000  0.0000
244 172  0.0000  0.0000 11.1304
252 172  0.0000  0.0000 11.1304
260 172  0.0000  0.0000  0.0000
268 172  0.0000  0.0000  0.0000
276 172  0.0000  0.0000  0.0000
284 172  0.0000  0.0000  0.0000
292 172  0.0000  0.0000  0.0000
  4 180  0.0000  0.0000 13.7544
 12 180  0.0000  0.0000 11.1304
 20 180  0.0218 -0.2266 12.8350
 28 180  0.0000  0.0000  0.0000
 36 180  0.0000  0.0000  0.0000
 44 180 -0.0078  0.0596 19.5884
 52 180  0.0000  0.0000  9.2086
 60 180  0.0000  0.0000  4.0635
 68 180 -0.0418  0.1521 12.6567
 76 180  0.1556  0.0000 12.2969
 84 180  0.0000  0.0000  0.0000
 92 180  0.0000  0.0000 11.1304
100 180  0.0000  0.0000  0.0000
108 180  0.0000  0.0000 16.1088
116 180  0.0000  0.0000 16.1088
124 180  0.0000  0.0000  9.2850
132 180  0.0000  0.0000 11.1304
140 180  0.2965 -0.2632 10.8887
148 180  0.0000 -0.5000  8.8276
156 180  0.0000  0.0000  0.0000
164 180  0.0000  0.0000 19.1045
172 180  0.0000  0.0000  0.0000
180 180  0.0000  0.0000  0.0000
188 180  0.0000  0.0000  0.0000
196 180 -0.6907  0.2991  8.0688
204 180  0.0000  0.0000 11.1304
212 180  0.0000  0.0000  0.0000
220 180  0.0000  0.0000  0.0000
228 180  0.0000  0.0000  0.0000
236 180  0.0000  0.0000  0.0000
244 180  0.0000  0.0000  0.0000
252 180  0.0000  0.0000  0.0000
260 180  0.0000  0.0000  0.0000
268 180  0.0000  0.0000  0.0000
276 180  0.0000  0.0000  0.0000
284 180  0.0000  0.0000  0.0000
292 180  0.0000  0.0000 11.1304
  4 188  0.0000  0.0000 19.4783
 12 188  0.0000  0.0000 11.0903
 20 188  0.0000  0.0000 20.7059
 28 188  0.0000  0.0000 11.1304
 36 188  0.0000  0.0000  0.0000
 44 188  0.0091  0.0068 11.1304
 52 188  0.0000  0.0000  0.0000
 60 188  0.0000  0.0000  0.0000
 68 188  0.0000  0.0000 11.1304
 76 188  0.0000  0.0000 16.1088
 84 188  0.0000  0.0000 16.1088
 92 188  0.0000  0.0000  0.0000
100 188  0.0000  0.0000 11.1304
108 188  0.0000  0.0000 12.0455
116 188  0.0000  0.0000  0.0000
124 188  0.0000  0.0000 11.2521
132 188  0.0000  0.0000  0.0000
140 188  0.0418  0.1521 12.6567
148 188  0.0000  0.0000  0.0000
156 188 -1.3070  0.0337 12.4709
164 188  0.1068  0.3135 15.1963
172 188  0.0000  0.0000 11.1304
180 188  0.0000  0.0000  0.0000
188 188  0.0000  0.0000 11.1304
196 188 -0.5000 -0.5000  4.0635
204 188 -0.1151  0.1151 16.5161
212 188  0.0000  0.0000  0.0000
220 188  0.0000  0.0000 11.1304
228 188  0.0000  0.0000  0.0000
236 188  0.0000  0.0000  0.0000
244 188  0.0000  0.0000  0.0000
252 188  0.0000  0.0000  0.0000
260 188  0.0000  0.0000 11.1304
268 188  0.0000  0.0000  0.0000
276 188  0.0000  0.0000  0.0000
284 188  0.0000  0.0000  0.0000
292 188  0.0000  0.0000  0.0000
  4 196  0.0000  0.0000 12.0455
 12 196  0.0000  0.0000  0.0000
 20 196  0.0000  0.0000  0.0000
 28 196  0.0000  0.0000  0.0000
 36 196  0.0000  0.0000 16.1088
 44 196  0.0000  0.0000 10.1191
 52 196 -0.5000  0.0000  8.8276
 60 196  0.0000  0.0000 16.1088
 68 196  0.0000  0.0000 11.1304
 76 196 -0.2568 -0.0627  8.5469
 84 196  0.0000  0.0000  0.0000
 92 196  0.0000  0.0000 11.1304
100 196  0.0000 -0.5000  8.8276
108 196 -0.0264  0.3145 11.0777
116 196  0.0000  0.0000  0.0000
124 196 -0.0367  0.2637 10.8805
132 196  0.0000  0.0000  0.0000
140 196 -0.5000  0.0000 11.1304
148 196  0.0000  0.0000 22.2609
156 196  0.0000  0.0000 16.1088
164 196  1.0492  0.0305 12.6667
172 196  0.0000  0.0000 19.1045
180 196  0.0000  0.0000 11.1304
188 196  0.0000  0.0000 11.1304
196 196  0.0000  0.0000  8.0000
204 196 -0.9239 -0.1505  7.9742
212 196  0.0000  0.0000 11.1304
220 196  0.0000  0.0000  0.0000
228 196  0.0000  0.0000 11.1304
236 196  0.0000  0.0000  0.0000
244 196  0.0000  0.0000  0.0000
252 196  0.0000  0.0000  0.0000
260 196  0.0000  0.0000  0.0000
268 196  0.0000  0.0000  0.0000
276 196  0.0000  0.0000  0.0000
284 196  0.0000  0.0000  0.0000
292 196  0.0000  0.0000 11.1304
  4 204  0.1589  0.0764  7.0932
 12 204  0.0000  0.0000  0.0000
 20 204  0.0000  0.0000  0.0000
 28 204  0.0000  0.0000  0.0000
 36 204 -0.0279 -0.0785 14.8866
 44 204  0.0000  0.0000 12.0342
 52 204  0.0000  0.0000  8.5018
 60 204  0.0000  0.0000 11.9011
 68 204  0.2081 -0.1864  9.6241
 76 204  0.0696  0.0812 10.9765
 84 204  0.0000  0.0000 17.2183
 92 204 -1.0000  0.1353  7.1263
100 204  0.0000  0.0000 16.1088
108 204  0.0000  0.0000 12.0455
116 204  0.0000  0.0000  0.0000
124 204  0.0000  0.0000 13.0803
132 204  0.0000  0.0000 11.1304
140 204  0.0000  0.0000 11.1304
148 204  0.0000 -0.5000  8.8276
156 204  0.0000  0.0000 11.1304
164 204  0.0000  0.0000 11.1304
172 204  0.0000  0.0000 19.1045
180 204  0.0000  0.0000  0.0000
188 204  0.0000  0.0000  0.0000
196 204  0.0000 -0.5000  8.8276
204 204  0.0000  0.0000  0.0000
212 204  0.0000  0.0000 11.1304
220 204  0.0000  0.0000 16.1088
228 204  0.0000  0.0000  0.0000
236 204  0.0000  0.0000 11.1304
244 204  0.0000  0.0000  0.0000
252 204  0.0000  0.0000  0.0000
260 204  0.0000  0.0000  0.0000
268 204  0.0000  0.0000  0.0000
276 204  0.0000  0.0000  0.0000
284 204  0.0000  0.0000 11.1304
292 204 -0.5000  0.0000  8.8276
  4 212  1.5000  0.0000  4.8917
 12 212  0.0000  0.0000 11.1304
 20 212  0.0000  0.0000  0.0000
 28 212  0.1244 -0.0375 16.8192
 36 212 -0.3320  0.2373  7.0330
 44 212  2.5000  0.0000  8.8276
 52 212  0.0000  0.0000 16.1088
 60 212 -0.1841  0.0418 12.3683
 68 212  0.1151  0.1151 16.5161
 76 212  0.0000  0.0000  0.0000
 84 212  0.0000  0.0000 19.1045
 92 212  1.5000  0.0000  8.2581
100 212  0.0000  0.0000 11.1304
108 212 -0.1960  0.0000 11.1304
116 212  0.5000  0.0000  8.4768
124 212  0.0000  0.0000 11.1304
132 212  0.0000  0.0000 11.1304
140 212  0.0696 -0.0812 10.9765
148 212  0.0000  0.0000  8.8276
156 212  0.0000  0.0000  0.0000
164 212  0.0000  0.0000 11.1304
172 212  0.0000  0.0000 11.1304
180 212  0.0000  0.0000  0.0000
188 212  0.0000  0.0000  0.0000
196 212  0.0000  0.0000 11.1304
204 212  0.0000  0.0000  0.0000
212 212  0.0000  0.0000  0.0000
220 212 -0.5000  0.0000  8.8276
228 212 -0.1313 -0.0812 16.9211
236 212  0.0000  0.0000 11.1304
244 212  0.0000  0.0000  0.0000
252 212  0.0000  0.0000  0.0000
260 212  0.0000  0.0000  0.0000
268 212  0.0000  0.0000  0.0000
276 212  0.0000  0.0000  0.0000
284 212  0.0000  0.0000 11.1304
292 212  0.0000  0.0000  0.0000
  4 220 -1.3070  0.0337 12.4709
 12 220  0.0000  0.0000 11.1304
 20 220 -0.1798 -0.0246 17.0238
 28 220  0.0554  0.1892  9.6158
 36 220  0.0000  0.0000  0.0000
 44 220  0.0000  0.0000 11.1304
 52 220  0.0000  0.0000 16.1088
 60 220  0.2780 -0.1270 13.3759
 68 220  0.0000  0.0000  0.0000
 76 220  0.0000  0.0000  0.0000
 84 220  0.0000  0.0000 19.1045
 92 220 -0.5000  0.0000  8.8276
100 220  0.0000  0.0000  0.0000
108 220  0.0000  0.0000 11.1304
116 220  0.0000  0.0000  0.0000
124 220  0.0000  0.0000  0.0000
132 220  0.1960  0.0000 11.1304
140 220 -0.4143  0.1291 15.8584
148 220  0.0000  0.0000  0.0000
156 220  0.0000  0.0000 11.1304
164 220 -1.0000  0.0000  9.2850
172 220  0.0000  0.0000 19.1045
180 220  0.0000  0.0000  0.0000
188 220  0.0000  0.0000 11.1304
196 220  0.0000  0.0000 11.1304
204 220  0.0000  0.0000  0.0000
212 220  0.0000  0.0000 11.1304
220 220  0.0000  0.0000  0.0000
228 220  0.0000  0.0000 16.1088
236 220  0.0000  0.0000  0.0000
244 220  0.0000  0.0000  0.0000
252 220  0.0000  0.0000  0.0000
260 220  0.0000  0.0000  0.0000
268 220  0.0000  0.0000 11.1304
276 220  0.0000  0.0000  0.0000
284 220  0.0000  0.0000 11.1304
292 220  0.0000  0.0000  0.0000
