VARIABLES= "X pix", "Y pix", "U pix/dt", "V pix/dt", "CHC", ZONE I=28, J=37
  4   4  0.0609  0.1629  9.8247
 12   4  0.0527  0.2021  9.4976
 20   4 -0.0108  0.0683  9.1188
 28   4  0.0000  0.0319  9.3075
 36   4 -0.0451 -0.0068  9.7415
 44   4  0.0000 -0.0281  9.9740
 52   4 -0.0125  0.0402 10.6958
 60   4 -0.0126 -0.0644 10.1441
 68   4 -0.1150  0.1169  9.7399
 76   4  0.0000  0.0680 10.4320
 84   4  0.0186 -0.0081 10.9936
 92   4  0.0265 -0.0076 10.9650
100   4 -0.0470  0.0707 11.9490
108   4  0.0069  0.0313 11.2774
116   4  0.0000  0.0460 10.9856
124   4  0.0000  0.0803 10.8572
132   4  0.0432 -0.0167 11.8783
140   4  0.0000 -0.0162 11.8572
148   4  0.0000  0.0405 11.2966
156   4  0.0000 -0.0162 11.8572
164   4  0.0000 -0.0183 12.1072
172   4  0.0300  0.0651 11.0116
180   4 -0.0022  0.1114 10.8051
188   4 -0.0112  0.1052 10.9654
196   4  0.0179 -0.0052 10.9782
204   4  0.1785  0.1109 11.5633
212   4  0.0552 -0.2043 10.1832
220   4 -0.1109 -0.0414 10.8430
228   4  0.0000 -0.1153 10.9681
236   4  0.0000 -0.1397 11.0345
244   4  0.0261 -0.0037 10.8401
252   4 -0.0232  0.1396 10.8158
260   4  0.0228  0.0407 12.5572
268   4  0.1158  0.0633 12.3722
276   4  0.0000  0.2895 11.6152
284   4  0.0000  0.5000 10.6474
292   4  0.0909  0.5932  9.5644
  4  12  0.0622 -2.2625 10.3034
 12  12  0.0000  3.2005 12.5902
 20  12  0.1522  2.2465  9.2328
 28  12 -0.0803  2.0283  8.6343
 36  12  0.0000  2.2356  9.3996
 44  12  0.0000  1.5000  6.5641
 52  12 -0.1067  1.5984  9.6604
 60  12  0.0000  2.2440 10.8404
 68  12  0.0708  1.5502  9.8583
 76  12  0.0000  1.2101  8.0215
 84  12  0.1771  1.3302  8.1949
 92  12 -0.5000 -4.4184  9.1892
100  12  3.0122 -4.2510 11.8710
108  12 -0.0868  1.9329  8.0215
116  12  0.0000  2.7831  7.8807
124  12  0.0000  2.2547  7.2723
132  12  0.0000  2.6003  7.5748
140  12  0.0668  2.4933  7.4250
148  12 -0.0753  2.1321  7.3414
156  12 -0.1109  0.9055 16.7681
164  12  0.2921  1.3159 24.0896
172  12 -0.0129  2.2577  7.7192
180  12 -0.1622  1.7699  7.1179
188  12 -0.0236  1.5438  6.8968
196  12  0.0256  0.8353  8.1900
204  12 -0.2932  0.7069  8.6011
212  12  0.0000  1.7334  7.7283
220  12 -0.0995  1.6082  7.6061
228  12  0.1116  1.6352  8.1601
236  12  0.0181  1.5065  8.3529
244  12 -0.0671  0.8403  9.5766
252  12  0.1688  0.6769  9.8800
260  12  0.0037  0.5211 10.4737
268  12 -0.0260  0.8831 11.6741
276  12  0.0454  0.6330 10.8268
284  12  0.1114  0.3521  9.5595
292  12 -3.0000 -3.9917  7.3397
  4  20  0.0000  0.0000 13.5776
 12  20  0.0000  0.0000  7.5586
 20  20 -0.1405 -6.3749 10.7350
 28  20  0.0000  0.0000 10.6526
 36  20 -0.1657 -6.1604 10.5360
 44  20  0.0561 -5.9666 10.9888
 52  20 -0.0483 -6.0377 10.1905
 60  20  0.0000 -6.1380 10.4490
 68  20 -0.0363 -6.0030 11.8838
 76  20  0.0031 -6.0106 10.0479
 84  20  0.0394 -5.8932 11.4009
 92  20  1.9359 -5.2738  7.9262
100  20  0.2564 -5.0606 10.0379
108  20 -0.1592  0.2021 14.6819
116  20  0.0221  0.1351 13.3136
124  20 -0.0061  0.2250 13.7620
132  20 -0.1615  0.1700 14.3708
140  20  0.0572  0.0560 13.8749
148  20 -0.0508  0.0839 15.9252
156  20  4.5221 -4.5017 15.7032
164  20 -4.4014 -4.3434 15.8231
172  20  0.0000  0.0000 12.1826
180  20  0.1566  0.2530 15.9473
188  20 -0.2501  0.3143 15.1078
196  20  0.2493 -0.0216 20.8830
204  20  0.1687  0.0352 20.0519
212  20  0.0693  0.0504 18.3854
220  20  0.0396  0.0847 19.3590
228  20 -0.1049 -0.0451 18.9425
236  20  0.0390 -0.1684 16.9756
244  20  0.2570  0.0140 15.7070
252  20 -0.1140  0.1788 12.0109
260  20  3.5926 -0.1231 10.6790
268  20 -0.3987 -0.1098 12.1843
276  20 -0.3129 -0.3854 11.8074
284  20  1.9517 -0.1201 17.8087
292  20  0.1900 -0.0305 13.4617
  4  28  0.0503  0.3101  9.9826
 12  28 -0.3489  0.1106  8.9098
 20  28  0.2979  0.1637 10.6022
 28  28  0.0217  0.2859  8.2741
 36  28 -0.0272  0.2310  7.7340
 44  28  0.0133  0.1988  8.0591
 52  28  0.0052  0.1895  7.6673
 60  28  0.0000 -0.0562  7.7188
 68  28 -0.0996  0.1484  8.3255
 76  28 -0.0163 -0.0978  7.7600
 84  28  0.0027 -0.1211  7.8258
 92  28 -0.1299 -0.0562  8.0385
100  28  0.0767  0.2233  7.7574
108  28  0.0263 -0.0800  7.7847
116  28  0.0401  0.0496  8.4520
124  28  0.3856  0.4418  5.8213
132  28 -0.3826  1.0981  6.0497
140  28 -0.3617  1.8257  6.9054
148  28  0.1195  1.1998 10.0789
156  28 -0.0351  0.4158  9.7152
164  28 -0.5128  0.2503 10.3571
172  28 -0.0036  0.8059  9.2442
180  28 -0.1052 -0.2084  8.3728
188  28  0.0955 -0.2588  7.5446
196  28  0.0971 -0.2837  6.9839
204  28  0.0005 -0.3123  6.7531
212  28 -0.0066 -0.2987  7.0425
220  28 -0.0030 -0.1644  6.1909
228  28  0.1701 -0.2631  6.5214
236  28  0.1616 -0.2544  6.3952
244  28  0.0421  0.0760  6.1206
252  28  0.0527 -0.0067  6.4606
260  28 -0.0044  0.2344  6.5405
268  28 -0.0173  0.1846  7.3802
276  28 -0.0632 -0.0446  6.7790
284  28  0.0346  0.0526  6.5456
292  28 -0.0022  0.1175  6.1746
  4  36 -0.1879 -0.1310  8.1896
 12  36 -0.0288 -0.2469  6.3626
 20  36 -0.1238 -0.3035  7.3869
 28  36  0.0140  0.2015 14.5907
 36  36 -0.0540 -0.1472 11.8597
 44  36 -0.1864 -0.0962 14.1421
 52  36  0.1876  0.0627 12.4235
 60  36  0.1060  0.2315 11.2591
 68  36 -0.0090  0.2556  9.7736
 76  36  0.1325  0.4592  7.4760
 84  36 -0.0255  1.8513  6.2584
 92  36  0.2069  0.2388  9.6613
100  36  0.4340  2.5000  6.4039
108  36     NaN  5.5000  4.0635
116  36 -0.0526  1.5000  7.5496
124  36  0.0000  0.0000  0.0000
132  36 -0.4047 -0.1809  5.5429
140  36 -0.0559 -5.6110  7.5227
148  36 -0.0180 -0.0468 12.1793
156  36  0.4122  1.8138  9.0038
164  36 -0.0037  1.8175 10.2162
172  36 -0.0187  0.9509  7.6025
180  36 -0.0419  1.2242  6.1100
188  36 -0.1975  0.4515  7.4461
196  36 -0.0625  0.2878  7.9128
204  36  0.0772  0.3939  9.0863
212  36 -0.0678  0.0130 12.0146
220  36 -0.0185  0.1527 13.3305
228  36 -0.2134  0.1227 12.5137
236  36  0.1066  0.1365 13.0272
244  36  0.1717 -0.2553 12.9293
252  36 -0.1857 -0.2611 11.1548
260  36  0.0000  0.0000 13.7993
268  36 -0.0657 -0.1115 11.7826
276  36  0.2046  0.2685  8.2581
284  36 -0.2667  0.2151 14.3647
292  36 -0.2120  0.2613  7.3550
  4  44 -0.0989 -0.2058 12.3229
 12  44  0.2296  0.3008 11.5875
 20  44  0.0148  0.0718  9.3648
 28  44 -0.1654 -0.0332  8.7458
 36  44 -0.0875 -0.0487  5.8563
 44  44  0.0000 -1.8102  7.3143
 52  44  0.0000  0.0000  0.0000
 60  44  0.0000  0.0000  0.0000
 68  44  0.0000  0.0000  0.0000
 76  44  0.0000  0.0000  0.0000
 84  44  4.5000 -0.5000  4.0635
 92  44 -0.0868  0.0378 15.2803
100  44 -0.3468  2.5000 10.2045
108  44  2.5000  0.0000  8.8276
116  44  0.0585  0.2413 13.6170
124  44 -0.5000  0.0000 11.1304
132  44  0.0000  2.5000  8.8276
140  44  0.1528  0.0749  4.9512
148  44  0.1862  1.5309  5.3100
156  44  0.5041 -2.7008  7.3685
164  44 -0.2228 -2.9203  6.8549
172  44 -0.0850 -1.9940  8.2235
180  44  0.2596 -0.1099  6.3940
188  44  0.1841 -0.0418 12.3683
196  44  0.3145 -0.0264 11.0777
204  44 -0.1543  0.1727 10.9859
212  44 -0.1116  0.2291 11.3034
220  44  0.0033 -0.1355 11.2402
228  44  0.0881  0.0296  9.8726
236  44  0.2438  0.0368 12.7437
244  44  0.1316 -0.0710 12.7309
252  44 -0.1963  0.2098 11.0814
260  44 -0.0080 -0.1476 11.2165
268  44 -0.0153  0.3746 11.3378
276  44 -0.2178  0.2287 12.3864
284  44 -0.0964  0.1531 15.8732
292  44  2.2731 -2.1156  7.5041
  4  52 -0.1998  2.8170  8.6050
 12  52  0.1043  2.8857  8.8684
 20  52  0.0000  0.0000 11.1304
 28  52  0.0000  0.0000  0.0000
 36  52  0.0000  0.0000  0.0000
 44  52  0.0000  0.0000  0.0000
 52  52  0.0000  0.0000  0.0000
 60  52  0.0000  0.0000  0.0000
 68  52  0.0000  0.0000  0.0000
 76  52  0.0000  0.0000  0.0000
 84  52  0.0000  0.0000 16.1088
 92  52     NaN     NaN  7.1078
100  52  1.6769  0.0365 13.3387
108  52  0.0000  0.6704  7.0670
116  52 -0.2264  0.4118  7.5294
124  52 -0.0157 -0.0464 10.0728
132  52 -0.5000  0.0000  8.8276
140  52 -0.0936 -0.2100  6.4971
148  52  0.1921 -0.4351  6.3710
156  52 -0.2613 -0.3362  6.3208
164  52 -0.3300 -0.1101  4.6655
172  52 -0.3021  1.8930  6.0044
180  52 -1.7338  1.5000  7.1263
188  52  0.0000  0.0000 16.1088
196  52  0.0000  0.0000  0.0000
204  52  0.0000  0.0000  0.0000
212  52  0.0000  0.0000  0.0000
220  52 -0.1990  0.0692 10.1096
228  52 -0.0793  0.8632  8.8790
236  52  0.0174  0.4555  6.5197
244  52 -0.2035  0.0372 11.0580
252  52 -0.2336 -0.0229  9.6358
260  52  1.7246  0.7383  8.1578
268  52  0.0867  2.4412  7.6962
276  52  0.0819 -0.0735  8.0331
284  52 -0.1598  0.1711 10.0432
292  52 -0.1089  0.1465 11.8457
  4  60  0.0000  0.0000  0.0000
 12  60  0.0000  0.0000 11.1304
 20  60  0.0000  0.0000  0.0000
 28  60  0.0000  0.0000  0.0000
 36  60  0.0000  0.0000  0.0000
 44  60  0.0000  0.0000  0.0000
 52  60  0.0000  0.0000  0.0000
 60  60  0.0000  0.0000  0.0000
 68  60  3.5000  0.1896 13.5929
 76  60     NaN  0.0812 10.1857
 84  60  2.9728  0.4204  8.2512
 92  60  0.6715  1.8464  8.1645
100  60 -4.1604 -3.1722  7.1578
108  60  0.0155  0.0258 10.4943
116  60  0.0000 -0.2917 11.1304
124  60  0.0000  0.0000 16.1088
132  60  0.0000  0.0000  0.0000
140  60  0.1099 -0.2391 16.2482
148  60  0.0000  0.0535 10.0787
156  60  2.5000  0.1180  9.2850
164  60  0.0000  0.1960 11.1304
172  60 -0.1551 -0.3059 10.7930
180  60  0.0000  0.0000 16.1088
188  60  0.0000  0.1063  6.9728
196  60  0.0000  0.0000  0.0000
204  60  0.0000 -0.5000  8.8276
212  60 -0.5000 -0.5000  4.0635
220  60  0.0000  0.0000  0.0000
228  60  0.4043 -0.4043  8.0000
236  60  0.0000  0.0000 11.1304
244  60  0.2780  0.1270 13.3759
252  60  0.0645 -0.5000 10.4200
260  60 -0.5000 -3.5394  6.5146
268  60  5.0258 -0.2665 13.8915
276  60  2.5000  0.0000  8.8276
284  60  0.0377 -2.3850 12.5315
292  60 -0.1977 -0.3092 10.6190
  4  68  0.0000  0.0000  0.0000
 12  68  0.0000  0.0000 11.1304
 20  68  0.0000  0.0000  0.0000
 28  68 -2.3677  0.1145 12.8207
 36  68  2.5000 -0.5000  4.0635
 44  68 -0.1258 -0.5000  6.9398
 52  68 -0.5000  1.8680  7.6539
 60  68  0.0156  0.0534  7.4346
 68  68 -0.0373  0.3227  5.5499
 76  68  0.2417  2.6877  6.5013
 84  68 -0.0563  1.6148  9.7803
 92  68  0.0000  0.0000  0.0000
100  68  0.0000  0.1063  6.9728
108  68     NaN  5.1203  5.4468
116  68  3.4085 -0.0222 13.1058
124  68  0.2675  2.5000  6.5641
132  68 -0.5000  0.5000  6.9040
140  68 -0.0643 -0.4263  8.1769
148  68 -1.0492 -0.0305 12.6667
156  68  0.0000  0.0000  0.0000
164  68  0.0418 -0.1521 12.6567
172  68  2.5000  0.0000  8.8276
180  68  0.0000  0.0000  0.0000
188  68 -0.1960  0.0000 11.1304
196  68  0.0000  0.0000  0.0000
204  68  0.0000  0.0000  0.0000
212  68  0.0000  0.0000  0.0000
220  68  0.0000  0.0000  0.0000
228  68  0.0000  0.0000  0.0000
236  68 -0.3732 -0.3694 10.3318
244  68  0.0000  0.0000  0.0000
252  68  0.0000  0.0000 11.1304
260  68  0.0000  0.0000  0.0000
268  68  0.3321  0.1276 10.3409
276  68 -0.2761  0.0806  9.3746
284  68  1.5000 -1.5320  7.1937
292  68  0.1841  0.0418 12.3683
  4  76  0.0000  0.0000  0.0000
 12  76  0.0000  0.0000  9.8462
 20  76  0.1349  0.5000  7.2226
 28  76 -0.1766 -4.8681  6.3957
 36  76  0.0000  0.0000 11.1304
 44  76  0.0000  0.0000 12.8600
 52  76  0.0000  0.5000 11.1304
 60  76  0.0000  0.0000  0.0000
 68  76 -0.1282  2.5457  8.6029
 76  76 -4.6360 -5.5000 14.5455
 84  76 -0.1990 -0.0692 10.1096
 92  76  0.5000  0.1654 13.8575
100  76 -0.5000  0.0000 11.1304
108  76  0.0000  0.0000 13.1641
116  76  1.3070 -0.0337 12.4709
124  76  0.0418  0.1521 12.6567
132  76  0.1138 -0.1378 11.4627
140  76  0.0000  0.0000 16.1088
148  76  0.0000  0.1960 11.1304
156  76  0.0000 -1.0000  7.7853
164  76  2.5000 -0.1180  9.2850
172  76  0.1841 -0.0418 12.3683
180  76  2.1248 -0.0981 18.7530
188  76  0.0000  0.0000  0.0000
196  76  0.0000  0.1063  6.9728
204  76  0.0000  0.0000  0.0000
212  76 -0.2711  0.3770  8.7691
220  76  5.0000  0.0000  8.0688
228  76  0.3056 -0.2986  7.5740
236  76 -0.5000 -0.0391  9.3822
244  76  2.5000  0.0000  8.8276
252  76  0.0000  0.0000 11.1304
260  76  0.0000  0.0000  0.0000
268  76  0.0000  0.0000  0.0000
276  76  0.0000  0.0000 11.1304
284  76 -0.2067  3.5000 14.9489
292  76  0.3309  0.0637  7.1846
  4  84 -3.3067 -5.6733  8.1253
 12  84  0.2080  0.9421  9.7796
 20  84 -1.1711  0.0215 11.8291
 28  84  0.0000  0.0000  0.0000
 36  84  0.1014  0.0633 14.0729
 44  84  2.3162  0.1023  9.7439
 52  84 -0.1867  2.5000  6.4178
 60  84  1.1270  0.1317  6.7144
 68  84  0.0479  0.2988 11.0287
 76  84 -0.1317 -3.9625 11.0641
 84  84  0.0000  0.0000  0.0000
 92  84 -0.2090 -0.5000  5.1690
100  84 -0.0381  0.0162  8.6413
108  84  0.0000  0.0000  0.0000
116  84  0.7379 -0.5000  7.2172
124  84 -0.0564  2.3793 11.1304
132  84 -0.0610  0.5000  7.7665
140  84 -0.0540  0.2047 12.8294
148  84  0.0000  0.0000  0.0000
156  84  0.0000  0.0000  0.0000
164  84  0.0000  1.0000 11.1304
172  84  0.0000  3.1667 11.4413
180  84 -0.2199  2.2207  8.2581
188  84  0.0000  0.0000  0.0000
196  84  0.0000  0.0000  0.0000
204  84  0.0000  0.0000 11.1304
212  84  0.0000  0.0000  0.0000
220  84  0.0000  0.0000  0.0000
228  84 -0.5000 -0.2675  6.7138
236  84  0.0000  0.0000  0.0000
244  84  0.0000  0.0000 11.1304
252  84  0.0000  0.0000  0.0000
260  84  0.0000  0.0000  0.0000
268  84  0.0000  0.0000  0.0000
276  84  0.0000  0.0000  0.0000
284  84  0.0000  0.0000  0.0000
292  84  0.0000  0.0000  0.0000
  4  92 -0.3212 -1.5000  8.2444
 12  92 -0.5000  1.8890  8.4253
 20  92 -0.3321 -0.1276 10.3409
 28  92  0.2539  0.4673  9.8903
 36  92  0.0000  0.0000  0.0000
 44  92 -0.0581 -0.3208  5.6651
 52  92  2.7055  0.2089  6.3783
 60  92  3.2066  0.4801  7.0037
 68  92 -0.1066  0.0593  6.7456
 76  92  0.0000  0.0000  0.0000
 84  92     NaN  5.1203  5.4468
 92  92 -0.5000  0.0000  8.8276
100  92  0.0000  0.0000 11.1304
108  92  0.0000  0.0000  0.0000
116  92 -0.2289 -0.2697  6.8019
124  92 -0.1073  2.3758  7.4452
132  92  0.0000 -0.1726  5.0593
140  92 -0.2992  0.2835  7.0137
148  92  2.5000  0.0000  8.8276
156  92  0.1372 -0.1067  9.7710
164  92  0.1867 -0.5000  6.4178
172  92  0.0000 -0.3517 11.1304
180  92 -3.4179 -0.0666 10.9194
188  92  0.0000  0.0000  0.0000
196  92  0.0000  0.0000  0.0000
204  92  0.1841  0.0418 12.3683
212  92  0.0000  0.0000  0.0000
220  92  0.0000  0.0000  0.0000
228  92  0.0000  0.0000  0.0000
236  92  0.0000  2.5000  8.8276
244  92  0.0418  0.1521 12.6567
252  92  0.0000  0.0000  0.0000
260  92  0.0000  0.0000  0.0000
268  92  0.0000  0.0000  0.0000
276  92  0.0000  0.0000  0.0000
284  92 -1.1838 -0.5000  7.5779
292  92  0.0000  0.0000  0.0000
  4 100  0.0000  0.0000  0.0000
 12 100  0.1745 -0.0438 13.2006
 20 100  0.0000  0.0000  0.0000
 28 100  0.0000  0.0000  0.0000
 36 100  2.5000  0.0000  8.8276
 44 100  0.0000  0.0000  0.0000
 52 100  0.0000  0.0000  0.0000
 60 100  0.0000  0.0000  0.0000
 68 100  0.0000  0.0000  0.0000
 76 100  4.5000 -0.5000  4.0635
 84 100  0.0000  0.0000 16.1088
 92 100  0.0000  0.0000 16.1088
100 100  0.0000  0.0000  0.0000
108 100  0.0000  0.0000  0.0000
116 100  0.5000 -0.0761  5.7506
124 100 -0.1279 -4.6109  5.5131
132 100 -0.0422 -0.2040  7.0911
140 100  2.3162  0.1023  9.7439
148 100  0.0000  0.0000  0.0000
156 100 -0.1860 -0.5000 10.5392
164 100  0.0000  0.0000  0.0000
172 100  0.0000  0.0000  0.0000
180 100  0.0000  0.0000 16.1088
188 100  0.0000  0.0000  0.0000
196 100  0.0000  0.0000  0.0000
204 100  0.0000  0.0000  0.0000
212 100 -0.1717  0.4043 10.4490
220 100  0.0000  0.0000  0.0000
228 100  0.0000  0.0000  0.0000
236 100  0.0000  0.0000  0.0000
244 100 -0.1399 -0.0593  7.3827
252 100 -0.1121 -0.5000  8.0842
260 100  0.3309  0.0637  7.1846
268 100  0.0000  0.0000  0.0000
276 100  0.0000  0.0000  0.0000
284 100  0.0000  0.0000  0.0000
292 100  0.0000  0.0000  0.0000
  4 108  2.0756 -0.6922  6.3150
 12 108 -0.2264  3.2174  8.1086
 20 108  0.0000  0.0000  0.0000
 28 108  4.5000 -0.5000  4.0635
 36 108  0.0000  0.0000  0.0000
 44 108  0.0000  0.0000  0.0000
 52 108  0.0000  0.0000  0.0000
 60 108  0.2901 -0.2055 12.5519
 68 108  0.0000  0.0000 11.1304
 76 108  0.0000  0.0000  0.0000
 84 108  0.0000  2.5000  8.8276
 92 108  0.0000  0.0000  0.0000
100 108  0.3753  3.1033  6.9710
108 108  0.0391  2.5000  9.3822
116 108 -0.0382  0.1028 16.6166
124 108  0.0000  0.0000  0.0000
132 108 -0.0083  0.0418 11.2576
140 108  0.0000  0.0000  0.0000
148 108  0.0000  0.0000  0.0000
156 108 -0.0568  0.3064  9.4208
164 108  0.0000  0.0000  0.0000
172 108  0.0000  0.0000 11.1304
180 108  0.0000  0.0000  0.0000
188 108  0.0000  2.5000  8.8276
196 108     NaN  0.0000  5.4468
204 108  0.0000  0.0000  0.0000
212 108  0.0000  0.0000  0.0000
220 108 -0.4681  0.0000  9.5738
228 108  0.0000  0.0000  0.0000
236 108  0.0000  2.5000 11.1304
244 108  0.0000  0.0000  0.0000
252 108  0.0000  0.0000  0.0000
260 108  0.0000  0.0000 16.1088
268 108  0.0000  0.0000 11.1304
276 108  0.0000  0.0000 11.1304
284 108  0.0000  0.0000 11.1304
292 108  0.0000  0.0000  0.0000
  4 116  0.2617 -1.0595  7.8528
 12 116  0.0000  0.0000  0.0000
 20 116  0.0000  0.0000  0.0000
 28 116 -0.5000  4.5000  4.0635
 36 116  0.0000  0.0000  0.0000
 44 116  0.0000  0.0000  0.0000
 52 116  0.0391  2.5000  9.3822
 60 116 -0.1533  1.5000  8.0910
 68 116  0.0000  0.0000  0.0000
 76 116 -0.5000  0.0000  8.8276
 84 116  0.1180 -0.5000  9.2850
 92 116  0.0000  0.0000  0.0000
100 116  0.7920  0.3141  8.4131
108 116  0.0000  0.0000  0.0000
116 116  0.0000  0.0000  0.0000
124 116 -2.8270 -0.5000 10.6035
132 116 -0.4130  0.3679  7.6027
140 116  0.0000  0.0000  0.0000
148 116  0.0000  0.0000  0.0000
156 116  0.0788 -0.2077  9.6936
164 116  0.0000  0.0000  0.0000
172 116  0.0000  0.0000  0.0000
180 116  0.0000  0.0000  0.0000
188 116  0.0000  0.0000  0.0000
196 116  0.0000  0.0000  0.0000
204 116  0.0000  0.0000  0.0000
212 116  0.0000  0.0000  0.0000
220 116 -0.0378 -0.0868 15.2803
228 116 -0.5000  0.0135 10.6667
236 116  2.5000  0.0000  8.8276
244 116 -4.9639 -0.0613 10.5546
252 116  0.0000  0.0000  0.0000
260 116  1.1838  2.5000  7.5779
268 116  0.0000  0.0000 11.1304
276 116  0.0000  2.5000  8.8276
284 116  0.0000  0.0000 16.1088
292 116  0.0000  0.0000  0.0000
  4 124  0.0000  0.0000  0.0000
 12 124  0.0000  0.0000  0.0000
 20 124  1.5000 -1.0000  7.4357
 28 124  0.0000  0.0000  8.4768
 36 124  0.0000  2.5000  8.8276
 44 124  0.3223  2.5000  5.4468
 52 124  0.0897 -0.5000  8.2581
 60 124  0.5000 -5.0000  8.4768
 68 124  2.5000 -5.0000  8.8276
 76 124 -0.5000  0.0000  8.2581
 84 124 -0.0083  0.0418 11.2576
 92 124 -0.2319  0.2616  8.7254
100 124  0.0000  0.0000  0.0000
108 124  0.9502  2.5000  5.8707
116 124  0.0000  0.0000  0.0000
124 124 -0.0418  0.1521 12.6567
132 124  0.0000  2.5000  8.8276
140 124  0.0000  0.0000  0.0000
148 124  0.0000  0.0000  0.0000
156 124  0.0548  0.0000 10.1947
164 124 -0.3103  0.1925  7.4960
172 124 -2.3162  0.1023  9.7439
180 124  0.0000  0.0000 11.1304
188 124  0.0000  0.0000  0.0000
196 124  0.0000  0.0000  0.0000
204 124  0.1174  4.1710 14.6131
212 124  0.0000  0.0000  0.0000
220 124  0.3127 -0.1061  9.8739
228 124  0.0000  0.0000 16.1088
236 124  0.5000  0.0000  8.4768
244 124  0.0000  0.0000 11.1304
252 124  0.0000  0.0000 11.1304
260 124  2.5000  0.0391  9.3822
268 124  0.0000  0.0000  0.0000
276 124  0.0000  0.0000  0.0000
284 124  0.0000  0.0000  0.0000
292 124  1.3070 -0.0337 12.4709
  4 132  0.0000  0.0000  0.0000
 12 132  3.5000 -0.1203  5.4468
 20 132  0.9246  0.1538 14.1070
 28 132  0.0000  0.0000  0.0000
 36 132  0.2565 -3.5000 11.0504
 44 132  5.0000 -0.1876  8.5995
 52 132 -0.5000  5.0000  8.8276
 60 132  2.5000  5.1588 10.5785
 68 132  5.5000  4.5000  4.0635
 76 132  0.0000 -0.5000  8.8276
 84 132  0.9239 -0.1505  7.9742
 92 132  0.1180 -0.5000  9.2850
100 132  0.0000  0.0000  0.0000
108 132     NaN     NaN  8.5333
116 132  0.0000  0.0000  0.0000
124 132  0.0000  0.0000 16.1088
132 132 -0.5000 -0.5000  4.0635
140 132  0.0000  0.0000 11.1304
148 132  0.0000  0.0000 11.1304
156 132  0.0000  0.0000 11.1304
164 132  0.0000  0.0000  0.0000
172 132  1.0000  0.5000  8.5333
180 132 -0.0832  0.3131  9.8462
188 132  0.0000  0.0000  0.0000
196 132  0.0000  0.0000  0.0000
204 132  0.0000  0.0000  0.0000
212 132 -0.1174 -0.0944 13.2161
220 132  5.5000 -0.5000  4.0635
228 132 -0.2675 -0.5000  6.5641
236 132  2.5000  0.0000  8.8276
244 132  0.0000  0.0000  0.0000
252 132  0.0000  0.0000  0.0000
260 132  0.0000  0.0000  0.0000
268 132     NaN  0.1203  5.4468
276 132  0.0000  0.0000 11.1304
284 132  0.0000  0.0000  0.0000
292 132  0.0000  0.0000  0.0000
  4 140  0.0000  0.0000  0.0000
 12 140  0.0000 -0.1960 11.1304
 20 140     NaN     NaN  5.4468
 28 140 -2.2581  0.0000 11.9353
 36 140  0.0000  0.0000  0.0000
 44 140  0.0000  0.0000  0.0000
 52 140  0.0000 -0.5000  8.8276
 60 140 -3.1838  2.5000  7.5779
 68 140  2.5000  0.0391  9.3822
 76 140 -0.1123 -0.0711 13.6764
 84 140  0.0000 -0.5000  8.8276
 92 140  0.0000 -0.5000  8.8276
100 140  0.0000  0.0000  0.0000
108 140  0.0000  0.0000  0.0000
116 140 -0.0418  0.1521 12.6567
124 140  0.0000  2.5000  8.8276
132 140  0.0000  0.0000 11.1304
140 140  0.0000  0.0000 11.1304
148 140  0.3468 -0.5000 10.2045
156 140 -0.1960  0.0000 11.1304
164 140  0.3290 -2.8274  8.0000
172 140  2.5000 -0.1180  9.2850
180 140  0.0000 -0.5000  8.8276
188 140  0.0000  2.5000  8.8276
196 140  0.1121  0.0284 10.3784
204 140  2.5000  0.2299  9.6291
212 140  0.2787  4.9226  9.2134
220 140  0.0000  0.0000  0.0000
228 140  0.0000  0.0000  0.0000
236 140  0.0000  0.0000  0.0000
244 140  0.0000  0.0000  0.0000
252 140  0.0000  0.0000  0.0000
260 140  0.0000  0.0000  0.0000
268 140  0.0000  0.0000  0.0000
276 140  0.0000  0.0000  0.0000
284 140  0.1313  0.0812 16.9211
292 140  0.0000  0.0000  0.0000
  4 148  0.0000  0.0000  0.0000
 12 148 -0.5000 -5.0000  8.8276
 20 148  0.2021 -0.2860 10.7438
 28 148  0.0000  0.0000  0.0000
 36 148  0.0000  0.0000  0.0000
 44 148  0.0000  0.0000 11.1304
 52 148  0.0000  0.0000  0.0000
 60 148 -0.0359  2.4126  8.5385
 68 148  0.3149  0.0000 10.8667
 76 148  0.0000  0.0000  0.0000
 84 148  0.0000  0.0000 11.1304
 92 148  0.0000 -0.5000  8.8276
100 148  0.0000  0.0000  0.0000
108 148  0.3524 -0.2632 11.6476
116 148  0.0000  0.0000 16.1088
124 148  0.0000  0.0000  0.0000
132 148  0.5000  0.0000 11.1304
140 148  0.0000  0.0000  0.0000
148 148  0.0000  2.5000  8.8276
156 148  0.0000  0.0000 11.1304
164 148 -0.4642 -3.5000  8.0856
172 148  0.0000  0.0000  0.0000
180 148  0.0000  0.0000 11.1304
188 148 -0.0418  0.1521 12.6567
196 148  0.0000  0.0000  0.0000
204 148  0.0000  0.0000  0.0000
212 148  0.0000  0.0000  0.0000
220 148  0.0000  0.0000  0.0000
228 148  0.0000  0.0000  0.0000
236 148  2.5000  0.3468 10.2045
244 148 -0.5000 -0.1180  9.2850
252 148  0.0000  0.0000  0.0000
260 148  0.0000  0.0000  0.0000
268 148  0.0000  0.0000  0.0000
276 148  0.0000  0.0000  0.0000
284 148  0.0000  0.0000  0.0000
292 148  0.0000 -0.5000  8.8276
  4 156  0.0000  0.0000  0.0000
 12 156  0.2976 -0.5000  5.4468
 20 156  4.5000 -4.8102  6.3471
 28 156  0.0000  0.0000  0.0000
 36 156  4.5000 -0.5000  4.0635
 44 156 -0.0832 -0.3131  9.8462
 52 156 -0.1101  0.1469  7.1968
 60 156  0.2804 -1.3407  6.7790
 68 156  0.2241  0.2450  7.4950
 76 156  0.0000  0.0000 16.1088
 84 156  0.0000  2.5000  8.8276
 92 156  0.0000  0.0000  0.0000
100 156  5.1096 -0.2402 12.8000
108 156 -0.0458  3.4085 10.6667
116 156  0.0000  0.0000 11.1304
124 156  0.1050  2.5000  6.8903
132 156  0.0000  0.0000  0.0000
140 156  0.3732  0.3694 10.3318
148 156  0.0000  0.0000 16.1088
156 156  0.0000  0.0000  0.0000
164 156 -1.5000  0.0000  9.1133
172 156  0.0000  0.0000  0.0000
180 156 -0.0698 -0.2911 10.5124
188 156  0.1068 -0.3135 15.1963
196 156  0.0000  0.0000  0.0000
204 156  0.0000  0.0000  0.0000
212 156  0.0000  0.0000  0.0000
220 156  0.0000  0.0000 11.1304
228 156  0.0000  0.0000 11.1304
236 156  0.0000  0.0000 11.1304
244 156 -0.5000  0.0000  8.8276
252 156  2.5000  0.1180  9.2850
260 156  0.0000  0.0000  0.0000
268 156 -0.5000  0.0000  8.8276
276 156  0.0000  0.0000 16.1088
284 156  0.0000  0.0000 11.1304
292 156  0.0000  0.0000 11.1304
  4 164 -1.4070  0.1518 10.3087
 12 164  0.0000  0.0000  0.0000
 20 164  0.0000  0.0000  0.0000
 28 164  0.0000  0.0000 16.1088
 36 164  0.0000  2.5000  8.8276
 44 164  5.1203 -0.5000  5.4468
 52 164 -5.5672 -0.4055  9.9377
 60 164  0.2657  0.2474  7.7772
 68 164  0.0000  0.0000  0.0000
 76 164 -0.2780  0.1270 13.3759
 84 164  0.0000  0.0000  0.0000
 92 164  0.0000  0.0000  0.0000
100 164  0.3309 -0.0637  7.1846
108 164  0.0000 -0.1063  6.9728
116 164  0.0000 -0.5000  8.8276
124 164  0.0000 -0.5000  8.9154
132 164 -0.3577 -0.5000 13.4737
140 164 -0.1008 -0.0843 14.9901
148 164 -0.0832  0.3131  9.8462
156 164  0.0000  0.0000  0.0000
164 164 -1.0000  0.0000  9.2850
172 164  0.0000  0.0000  0.0000
180 164 -0.6907  0.2991  8.0688
188 164  0.5000  0.0000 11.1304
196 164  0.0000  0.0000  0.0000
204 164  0.0000  0.0000  0.0000
212 164  0.0000  0.0000  0.0000
220 164  0.0000  0.0000  0.0000
228 164  0.0000  0.0000  0.0000
236 164  0.0000  0.0000  0.0000
244 164  0.0000  0.0000  0.0000
252 164  0.0000  0.0000  0.0000
260 164  0.0000  0.0000 16.1088
268 164  0.3468 -0.5000 10.2045
276 164  0.0000  0.0000  0.0000
284 164  0.0000  0.0000 11.1304
292 164  0.0000  0.0000  0.0000
  4 172  1.1838 -0.5000  7.5779
 12 172 -0.5000 -2.1588 10.5785
 20 172  0.0000  2.5000  8.8276
 28 172  0.0000  0.0000  0.0000
 36 172  0.0000  0.0000  0.0000
 44 172  0.0000  0.0000  0.0000
 52 172  0.0323  2.5000 11.4040
 60 172  0.0000  0.0000  0.0000
 68 172  0.0000  0.0000  0.0000
 76 172  0.0418 -0.1521 12.6567
 84 172  0.0000  0.0000  0.0000
 92 172  0.0000  0.0000 11.1304
100 172  0.4043 -0.4043  8.0000
108 172  0.0000  0.0000 11.1304
116 172  0.3524 -0.2632 11.6476
124 172  0.0000  0.0000  8.2581
132 172  0.1960  0.0000 11.1304
140 172  0.1855 -0.2994 15.8169
148 172 -0.0698 -0.2911 10.5124
156 172  0.0000  0.0000  0.0000
164 172  0.1180  2.5000  9.2850
172 172  0.0000  0.0000  0.0000
180 172  0.0000  0.0000 11.1304
188 172 -0.0418 -0.1521 12.6567
196 172  0.0000  0.0000  0.0000
204 172  0.0000  0.0000  0.0000
212 172  0.0000  0.0000  0.0000
220 172  0.0000  0.0000  0.0000
228 172  0.0000  0.0000  0.0000
236 172  0.0000  0.0000  0.0000
244 172  0.0000  0.0000  0.0000
252 172  0.0000  0.0000  0.0000
260 172  0.0000  0.0000  0.0000
268 172  0.0000  0.0000  0.0000
276 172  0.0000  0.0000  0.0000
284 172  0.0000  0.0000  0.0000
292 172  0.0000  0.0000  0.0000
  4 180  2.5000  4.5000  4.0635
 12 180  3.5000  4.9056  8.7605
 20 180 -0.1180  2.5000  9.2850
 28 180  0.0000  0.0000  0.0000
 36 180  0.0000  0.0000  0.0000
 44 180 -0.5000  4.5000  4.0635
 52 180  0.9270  0.2962  7.3775
 60 180  0.0000  0.0000  0.0000
 68 180  0.0666 -3.4179 10.9194
 76 180 -0.3577  2.5000 13.4737
 84 180  0.0000  0.0000  0.0000
 92 180  0.0000  0.0000  0.0000
100 180 -0.1960  0.0000 11.1304
108 180  0.1960  0.0000 11.1304
116 180  0.0000  2.5000  8.8276
124 180 -0.0610  0.5000  7.7665
132 180  0.0000  2.5000  8.8276
140 180  0.2122 -0.0545 14.9489
148 180  0.2271  2.5000  9.5143
156 180  0.0000  0.0000  0.0000
164 180  0.0255  1.5000  9.7158
172 180  0.0000  0.0000  0.0000
180 180  0.0000  0.0000 11.1304
188 180 -0.1960  0.0000 11.1304
196 180  0.0000  0.0000  0.0000
204 180  0.0000  0.0000  0.0000
212 180  0.0000  0.0000  0.0000
220 180  0.0000  0.0000  0.0000
228 180  0.0000  0.0000  0.0000
236 180  0.0000  0.0000  0.0000
244 180  0.0000  0.0000  0.0000
252 180  0.0000  0.0000  0.0000
260 180  0.0000  0.0000  0.0000
268 180  0.0000  0.0000  0.0000
276 180  0.0000  0.0000  0.0000
284 180  0.0000  0.0000  0.0000
292 180  0.0000  0.0000  0.0000
  4 188  0.0000  0.0000  0.0000
 12 188  0.1735 -3.2872 10.8983
 20 188  0.0000 -0.1063  6.9728
 28 188  0.0000  0.0000  0.0000
 36 188 -0.5000 -0.5000  4.0635
 44 188  0.0218 -0.2266 12.8350
 52 188 -2.7620 -2.5000  9.9740
 60 188  0.0000  0.0000 16.1088
 68 188  0.1180 -0.5000  9.2850
 76 188  4.5000 -0.5000  4.0635
 84 188     NaN  0.0000  5.4468
 92 188  0.0000  0.0000  0.0000
100 188  0.0000  0.0000 16.1088
108 188  0.0000  3.0000  9.9826
116 188  1.5000  0.0000  8.2581
124 188  0.6352  0.1933  8.2835
132 188  0.0000  0.0000  8.2581
140 188  0.0000  0.0000  1.0000
148 188  0.0000  0.0000  0.0000
156 188 -1.1363  0.1769  5.9535
164 188  0.0757 -0.3391 13.0464
172 188  0.0000  0.0000  0.0000
180 188  0.0000  0.0000  0.0000
188 188 -0.1960  0.0000 11.1304
196 188  0.5000  0.0000 11.1304
204 188  0.0000  0.0000  0.0000
212 188  0.0000  0.0000  0.0000
220 188  0.0000  0.0000  0.0000
228 188  0.0000  0.0000  0.0000
236 188  0.0000  0.0000  0.0000
244 188  0.0000  0.0000  0.0000
252 188  0.0000  0.0000  0.0000
260 188  0.0000  0.0000  0.0000
268 188  0.0000  0.0000  0.0000
276 188  0.0000  0.0000  0.0000
284 188  0.0000  0.0000  0.0000
292 188  0.0000  0.0000  0.0000
  4 196  0.0000  0.0000  0.0000
 12 196  0.0698 -0.2911 10.5124
 20 196  0.0000  0.0000  0.0000
 28 196  0.0000  0.0000  0.0000
 36 196  0.2439 -3.6962 12.2714
 44 196  0.0554  0.1892  9.6158
 52 196  0.0000  0.0000  0.0000
 60 196 -0.0832 -0.3131  9.8462
 68 196  0.0000  2.5000  8.8276
 76 196  0.0000  0.0000  0.0000
 84 196  0.0000  0.0000  0.0000
 92 196  0.0000  0.0000  0.0000
100 196  4.5000 -0.5000  4.0635
108 196  0.0000 -0.5000  8.8276
116 196  2.5000  0.0000 11.1304
124 196  0.3702  0.3139 11.3733
132 196  1.5000  0.0000  8.2581
140 196 -0.5000  0.0000 11.1304
148 196  2.0000  0.1867  6.5641
156 196  0.0000  0.0000  0.0000
164 196  0.0000  0.0000  0.0000
172 196  0.0000  0.0000  0.0000
180 196  0.0000  0.0000  0.0000
188 196  0.0000  2.5000  8.8276
196 196 -0.0418 -0.1521 12.6567
204 196 -0.5000 -0.5000  4.0635
212 196  0.0000  0.0000  0.0000
220 196  0.0000  0.0000  0.0000
228 196  0.0000  0.0000  0.0000
236 196  0.0000  0.0000  0.0000
244 196  0.0000  0.0000  0.0000
252 196  0.0000  0.0000  0.0000
260 196  0.0000  0.0000  0.0000
268 196  0.0000  0.0000  0.0000
276 196  0.0000  0.0000  0.0000
284 196  0.0000  0.0000  0.0000
292 196  0.0000  0.0000  0.0000
  4 204  0.0000  0.0000 16.1088
 12 204  0.1399 -0.0593  7.3827
 20 204  2.5000  0.0000  8.8276
 28 204  0.1776 -4.1729  9.7086
 36 204  0.1683  0.0604 12.2620
 44 204 -1.2596 -0.3479  7.1968
 52 204  0.0000  0.0000  0.0000
 60 204 -0.2271  2.5000  9.5143
 68 204  0.0000  0.0000  0.0000
 76 204  0.0000  0.0000  0.0000
 84 204  0.1960  2.5000 11.1304
 92 204  0.0000  0.5000  8.0688
100 204  0.0000  0.0000  0.0000
108 204  0.0000  0.0000 11.1304
116 204  0.0000 -3.5000  6.7172
124 204     NaN     NaN 11.3677
132 204  0.0000  0.0000  0.0000
140 204  0.2965 -0.2632 10.8887
148 204  4.5000 -0.5000  4.0635
156 204  0.0000  0.0000  0.0000
164 204  0.0000  0.0000  0.0000
172 204  4.5000 -0.5000  4.0635
180 204  0.0000  0.0000  0.0000
188 204  0.0000  0.0000  0.0000
196 204 -0.1960  0.0000 11.1304
204 204  4.5000  4.5000  4.0635
212 204  0.0000  0.0000  0.0000
220 204  0.0000  0.0000  0.0000
228 204  0.0000  0.0000  0.0000
236 204  0.0000  0.0000  0.0000
244 204  0.0000  0.0000  0.0000
252 204  0.0000  0.0000  0.0000
260 204  0.0000  0.0000  0.0000
268 204  0.0000  0.0000  0.0000
276 204  0.0000  0.0000  0.0000
284 204  0.0000  2.5000  8.8276
292 204  0.0000  0.0000  0.0000
  4 212  0.0000  0.0000 11.1304
 12 212  0.0000  0.0000  0.0000
 20 212  0.0000  0.0000 20.7059
 28 212  0.0000  0.0000 12.0455
 36 212  0.0000  0.0000 12.0455
 44 212  0.0000  0.0000  0.0000
 52 212  0.3095 -0.2269  6.1440
 60 212 -0.2565 -3.5000 11.0504
 68 212  0.0000  0.0000  0.0000
 76 212  0.0000  0.0000  0.0000
 84 212  0.0000  0.0000  0.0000
 92 212  0.0000  2.5000  8.8276
100 212  0.0000  0.0000  0.0000
108 212 -0.1960  0.0000 11.1304
116 212  0.0000  0.0000  0.0000
124 212  0.0000  0.0000 11.1304
132 212  1.5000  0.0000  8.2581
140 212 -0.5000  0.0000 11.1304
148 212  0.0000  0.0000  0.0000
156 212 -0.2847 -0.5000 11.1304
164 212 -0.0391 -0.5000  9.3822
172 212 -2.5000  0.0000 11.1304
180 212  0.0000  0.0000  0.0000
188 212  0.0000  0.0000  0.0000
196 212  0.0000  2.5000  8.8276
204 212  0.0000  0.0000  0.0000
212 212  2.5000  0.0000  8.8276
220 212  0.0000  0.0000  0.0000
228 212  0.0000  0.0000  0.0000
236 212  0.0000  0.0000  0.0000
244 212  0.0000  0.0000  0.0000
252 212  0.0000  0.0000  0.0000
260 212  0.0000  0.0000  0.0000
268 212  0.0000  0.0000  0.0000
276 212  0.0000  0.0000  0.0000
284 212  0.0832  0.3131  9.8462
292 212  0.0000  0.0000  0.0000
  4 220  0.0000  2.5000  8.8276
 12 220  0.0391  2.5000  9.3822
 20 220  0.0000  0.0000 19.1045
 28 220  0.0000  0.0000 12.0455
 36 220  2.5000 -0.0391  9.3822
 44 220  0.0000  0.0000  0.0000
 52 220 -1.3139 -0.3311  8.0688
 60 220 -0.1867  2.5000  6.4178
 68 220  0.0000  0.0000  0.0000
 76 220  0.0000  0.0000  0.0000
 84 220 -0.5000  0.0000  8.8276
 92 220  1.1838 -0.5000  7.5779
100 220  0.0000  0.0000  0.0000
108 220  0.0000  0.0000 11.1304
116 220  0.0000  0.0000  0.0000
124 220  4.5000 -0.5000  4.0635
132 220  0.0000  0.0000 11.1304
140 220  0.0000  0.0000 11.1304
148 220  0.0000  0.0000  0.0000
156 220  0.0000  0.0000  0.0000
164 220  0.0000  0.0000  0.0000
172 220  0.0000  0.0000 11.1304
180 220  0.0000  0.0000  0.0000
188 220  0.0000  0.0000  0.0000
196 220  0.0000  0.0000 11.1304
204 220 -0.1858  3.5000  6.6866
212 220 -5.2952  0.1511 15.1864
220 220  0.0000  0.0000  0.0000
228 220  0.0000  0.0000  0.0000
236 220  0.0000  0.0000  0.0000
244 220  0.0000  0.0000  0.0000
252 220  0.0000  0.0000  0.0000
260 220  0.0000  0.0000  0.0000
268 220  0.0000  0.0000  0.0000
276 220  0.0000  0.0000  0.0000
284 220  0.0000 -4.6564 12.4564
292 220  0.0000  0.0000  0.0000
