VARIABLES= "X pix", "Y pix", "U pix/dt", "V pix/dt", "CHC", ZONE I=28, J=37
  4   4  0.0223  0.0000 10.9708
 12   4  0.1163  0.0000 10.9708
 20   4  0.1717  0.0000 10.9708
 28   4  0.1531  0.0000 11.0456
 36   4  0.0510  0.0000 11.0456
 44   4  0.0000  0.0592 10.5699
 52   4  0.0010  0.0000 10.9734
 60   4  0.0000 -0.0269 10.6526
 68   4 -0.0428  0.0457 10.3557
 76   4 -0.0605 -0.0012  9.9968
 84   4  0.0000 -0.0055 11.0328
 92   4  0.0109  0.0123 10.9952
100   4 -0.0431  0.0047 11.6940
108   4  0.0403 -0.0683 12.2879
116   4  1.4397  0.0000 11.0388
124   4  1.5655  0.0000 11.7754
132   4  0.7999  0.0000 11.7754
140   4  0.0000 -0.0875 12.5438
148   4  0.0401  0.0113 11.8269
156   4  0.0161  0.0000 11.0388
164   4 -0.0155  0.0000 11.5974
172   4 -0.0210  0.0000 11.3316
180   4  0.0000  0.0000 10.8925
188   4 -0.0067  0.0000 10.2871
196   4 -0.0063  0.0454 10.8624
204   4  0.0360  0.0000 11.9025
212   4  0.0715 -0.0029 12.4471
220   4  0.0360  0.0204 12.0786
228   4  0.0072 -0.0166 10.7840
236   4  0.0547  0.0000  9.0038
244   4  0.0924 -0.0180 11.1695
252   4  0.1056  0.0060 10.6547
260   4  0.0026  0.0042 11.9508
268   4 -0.0111  0.0000 13.0803
276   4  0.0000 -0.1402 14.4374
284   4  0.0063  0.0000 13.2965
292   4  0.0094  0.0000 13.5727
  4  12  0.0202  0.2013 13.6037
 12  12 -0.0333  0.0781 11.2490
 20  12  0.0000  0.3356 11.6053
 28  12  0.1764  0.0000 12.0628
 36  12  0.6160  0.0000 11.1304
 44  12  1.5000 -0.2302  9.0724
 52  12  1.0062  0.0000 17.0667
 60  12  0.4956  0.0000 11.0617
 68  12  0.0798  0.2676 13.2454
 76  12  0.0152  0.0000  9.8331
 84  12  0.0000 -0.0279  8.9690
 92  12 -0.0086  0.0000  7.4487
100  12  0.0000 -0.0339  7.2292
108  12  0.0051  0.0000  7.7916
116  12  0.0000  0.1730  8.2244
124  12  0.0003  0.0000  9.0353
132  12  0.0036  0.0000  7.7916
140  12  0.0206  0.0000  9.0353
148  12  0.0000  0.0239  9.0353
156  12  0.0305  0.0000  9.0353
164  12  0.0000  0.1506  9.3475
172  12  0.0114  0.0000  7.7916
180  12  0.0304  0.0000  9.1874
188  12 -0.0015  0.0000  9.0396
196  12 -0.0115  0.0000 11.1077
204  12 -0.0101 -0.0858 14.7948
212  12 -0.0005  0.0000 11.6835
220  12  0.0051 -0.0158 10.6433
228  12  0.0000 -0.1380 11.6315
236  12  0.1897 -0.0505  8.3274
244  12  0.0146 -0.1264  8.7362
252  12  0.0313  0.0000  8.7069
260  12  0.0616  0.0000  9.0638
268  12 -0.0339  0.0054  8.9926
276  12 -0.0107  0.1364  6.8387
284  12  0.0789 -0.1033  7.1839
292  12  0.0125 -0.1588  7.5156
  4  20  0.0000  0.0455 10.4065
 12  20  0.0000 -0.0510  9.5223
 20  20  0.0140 -0.0100 10.2012
 28  20  0.0793 -0.0356  9.6842
 36  20  0.0230  0.0000  9.7042
 44  20  0.0010  0.0000 10.6111
 52  20  0.0027  0.0000  9.4862
 60  20 -0.0269  0.0000 10.0830
 68  20  0.0100 -0.0071 10.8888
 76  20  0.0000  0.0000 10.2036
 84  20 -0.0155  0.0884  8.9258
 92  20 -0.0818  0.0193  8.6762
100  20 -0.0614 -0.0394 13.0737
108  20 -0.0129  0.0021 11.9582
116  20  0.0042 -0.0166 11.8651
124  20 -0.0005  0.0000 11.9663
132  20 -0.0054  0.0000 12.2061
140  20 -0.0042  0.0000 12.3850
148  20 -0.0033  0.0000 12.4257
156  20 -0.0034  0.0146 12.4605
164  20  0.0000  0.0000 15.0942
172  20 -0.0038 -0.0327 13.6926
180  20 -0.0148  0.0000 17.3183
188  20 -0.0368 -0.0049 17.1608
196  20  0.0069  0.0237 22.1528
204  20 -0.0027  0.0803 24.7952
212  20  0.0189 -0.0108 19.0868
220  20  0.0168  0.0047 13.8571
228  20 -0.0194  0.0000 15.2615
236  20  0.0068  0.0000 14.7692
244  20  0.0402 -0.0177 12.0827
252  20  0.0000  0.0160  8.6884
260  20 -0.0379  0.0571 19.9094
268  20 -0.0199  0.0047 17.3233
276  20  0.0169  0.0213 11.6534
284  20 -0.0637  0.1098  6.3916
292  20  0.0422 -0.0309 12.1121
  4  28  0.0000 -0.0448 12.2915
 12  28 -0.2535  0.0000 12.4337
 20  28 -0.1762  0.0000 13.9993
 28  28 -0.0690  0.0000 12.7374
 36  28 -0.0039 -0.0117 12.3204
 44  28  0.0203  0.0000 10.8048
 52  28  0.0123  0.0000 10.7739
 60  28  0.0002  0.0000 10.9939
 68  28 -0.0049 -0.0029 10.8016
 76  28 -0.0110  0.0000  9.8434
 84  28 -0.0125  0.0137 10.0478
 92  28  0.0145 -0.0017 11.0636
100  28  0.0029  0.0044 16.7287
108  28  0.0126  0.0008 10.4704
116  28 -0.0007 -0.0012  9.4534
124  28  0.0557  0.0000  8.6307
132  28  0.0781  0.0000  8.8122
140  28  0.0722  0.0000  9.5291
148  28  0.0000  0.0000 16.7815
156  28  0.0000  0.0000 20.1075
164  28  0.0064  0.0000 17.0324
172  28 -0.0128  0.0061 14.5605
180  28 -0.0530  0.0000  9.7272
188  28 -0.0575  0.0000  8.6605
196  28  0.0120  0.0013  9.2393
204  28  0.0097 -0.0018  9.5839
212  28 -0.0387  0.0000  9.5277
220  28  0.0005 -0.0025  8.8983
228  28  0.0598  0.0000  8.6825
236  28 -0.5997  0.0000  8.9709
244  28 -0.3057  0.0000 11.5771
252  28 -0.0627  0.0000 12.9889
260  28 -0.0000  0.0000 15.3694
268  28  0.0307 -0.0052 17.1113
276  28  0.0156  0.0000 11.4017
284  28  0.0000 -0.0165 10.3716
292  28  0.0015  0.0076 11.9166
  4  36 -0.0110  0.0000  7.3843
 12  36 -0.0099  0.0000  7.5332
 20  36  0.0017  0.0000  6.8538
 28  36 -0.0099  0.0000  6.5701
 36  36 -0.0186  0.0000  7.4083
 44  36 -0.0090  0.0000  8.3723
 52  36  0.0995  0.0391  8.3037
 60  36  0.1832  0.0000 13.0803
 68  36  0.2293  0.0000  9.5988
 76  36  0.1420  0.0000 11.2960
 84  36  0.0833  0.0000 11.2792
 92  36  0.0621  0.0000  9.5395
100  36  0.0392 -0.0169  9.7206
108  36 -0.0831  0.0000  7.3867
116  36 -0.1299  0.0000  6.5049
124  36 -0.0997  0.0000 19.5669
132  36 -0.0713  0.0000 25.7482
140  36 -0.0349  0.0000 14.2612
148  36  0.0539  0.0000 11.5993
156  36  0.1654  0.0000 12.2305
164  36 -0.9651  0.0000 11.0345
172  36 -0.4509  0.0000 16.5476
180  36 -0.0300  0.0112  8.7937
188  36  0.0290  0.0000 12.0176
196  36  0.0052 -0.0138 13.4530
204  36  0.0011  0.0000 14.5653
212  36 -0.0117  0.0000 12.2639
220  36 -0.0248  0.0297 13.4174
228  36 -0.0206  0.0000  9.4208
236  36 -0.0056  0.0000  9.4208
244  36  0.0012  0.0000 11.0125
252  36 -0.0205  0.0000 14.3673
260  36 -0.0607  0.0000 11.7363
268  36 -0.0843  0.0223  8.8730
276  36  0.0360  0.0788  7.7283
284  36  0.2084  0.0000 11.1304
292  36  0.3517  0.0411 10.9508
  4  44  0.2280  0.0000 12.0628
 12  44  0.1222  0.0000  9.4208
 20  44  0.0866  0.0000 16.2968
 28  44  0.0848 -0.0023 15.0423
 36  44 -0.0886 -0.0155 11.0697
 44  44 -0.1348 -0.1554  9.4718
 52  44 -0.1271 -0.0146  8.9541
 60  44 -0.1273  0.4357  7.1991
 68  44 -0.0624  0.0000  8.6486
 76  44  0.0822  0.0000 11.1304
 84  44  0.1878  0.0000  0.0000
 92  44 -1.1942  0.0000 16.6957
100  44 -0.6107  0.0000  0.0000
108  44 -0.1492  0.0000 16.9590
116  44  0.0092  0.0000 11.1304
124  44  0.0242  0.0000 17.0667
132  44  0.0123  0.0000 11.1304
140  44  0.0002  0.0000 17.0667
148  44 -0.0009 -0.0079 11.8339
156  44 -0.0044 -0.0035 19.0117
164  44  0.0230  0.0000 13.8348
172  44  0.0340  0.0000 16.6604
180  44  0.0085  0.0000  6.4761
188  44 -0.0454  0.0000 12.5902
196  44 -0.0759  0.0000  9.5231
204  44 -0.0140  0.0000 10.0410
212  44  0.0962  0.0000  9.0870
220  44  0.1773  0.0000 12.4923
228  44  0.1299  0.0000  9.5295
236  44  0.0527  0.0000 11.0668
244  44  0.0288  0.0000 12.3010
252  44  0.0794  0.0000 13.2196
260  44  0.0831  0.0000 13.3851
268  44  0.1799 -0.0867  9.4891
276  44  0.2208 -0.1192  7.0932
284  44 -0.0996  0.0000  7.5529
292  44 -0.1818  0.0290 11.5343
  4  52  0.0039  0.1341  8.8661
 12  52  0.0000  0.0000  7.4680
 20  52 -1.0230  0.0000  7.8087
 28  52 -0.5000  0.0000  8.8276
 36  52 -0.0574  0.0000 11.1304
 44  52  0.0623  0.0000  0.0000
 52  52  0.0554  0.0000  0.0000
 60  52  0.0227  0.0000  0.0000
 68  52  0.0043  0.0000  0.0000
 76  52  0.0054  0.0000  0.0000
 84  52  0.0415  0.0000 16.1088
 92  52  0.0784  0.0000 11.1304
100  52  0.0957  0.0000 11.9011
108  52  0.0674  0.0000 12.0628
116  52 -0.0133  0.0000 12.0455
124  52 -0.0736  0.0000 15.5009
132  52 -0.0743  0.0000 19.1045
140  52 -0.0365  0.0000  5.6992
148  52  0.0011 -0.0048  8.0988
156  52  0.0266  0.0000  8.6146
164  52 -0.0010  0.0038  8.4719
172  52 -0.0041  0.0132  8.3053
180  52  0.0868  0.0000  7.4052
188  52  0.0866  0.0000 12.0628
196  52  0.0000  0.1960 11.1304
204  52 -0.3329 -0.0842  7.1879
212  52 -0.5082  0.0000  9.5231
220  52 -0.6416  0.0000 13.3851
228  52 -0.4531  0.0000 10.9824
236  52 -0.3791  0.0000 10.9824
244  52 -0.3366  0.0000 14.3074
252  52  0.4853  0.0000  8.6010
260  52  0.4243  0.0000  9.7852
268  52  0.1989  0.0000 11.9665
276  52  0.0612  0.0028 11.1565
284  52  0.0090  0.0000  9.1874
292  52  0.0000  0.0000 10.0513
  4  60  0.0000 -0.5000  7.3143
 12  60  0.0796  0.0629 11.0322
 20  60  0.1259  0.0000  0.0000
 28  60  0.1565  0.0000  0.0000
 36  60  0.1306  0.0000 11.1304
 44  60 -0.0027  0.0000 11.1304
 52  60 -0.0919  0.0000 20.7059
 60  60 -0.1228  0.0000 16.1088
 68  60 -0.1098  0.0000  0.0000
 76  60 -0.0353  0.0000  0.0000
 84  60  0.0645  0.0000 19.5669
 92  60  0.1702  0.0000 10.5407
100  60  0.2801  0.0000 12.7068
108  60  0.2469  0.0000 13.3497
116  60  0.1562  0.0000 11.1304
124  60  0.0000  0.1960 11.1304
132  60 -0.2565  0.0000 12.1905
140  60 -0.5632  0.0000 17.2183
148  60 -0.9601  0.0000 11.5270
156  60 -0.7085  0.0000 11.0903
164  60 -0.5000 -0.0265 11.4627
172  60  0.1861 -0.1037  9.3615
180  60  1.5000  0.0000  8.2581
188  60  0.6790  0.0000 11.1304
196  60  0.1301  0.0000  0.0000
204  60 -0.1562 -0.2821  7.0932
212  60 -0.0452  0.0000  0.0000
220  60  0.0137  0.0000 11.1304
228  60  0.0242  0.0000 11.3350
236  60  0.0663  0.0000 11.1304
244  60  0.1223  0.0000  9.2086
252  60  0.1711  0.0000  9.9944
260  60  0.1546  0.0660 18.6254
268  60 -0.0716  0.0000 17.2183
276  60 -0.1477 -0.3080  6.9728
284  60 -0.1496  0.0000 11.0903
292  60 -0.1356  0.0498  7.9211
  4  68 -0.0208  0.0000  9.2850
 12  68  0.1069  0.0000  0.0000
 20  68  0.2755  0.0000 11.1304
 28  68  0.5000  0.0000  8.4768
 36  68  0.3535  0.0000  6.1440
 44  68  0.2902  0.0000 11.1304
 52  68  0.2969  0.0000 16.1088
 60  68  0.2410  0.0000 18.9370
 68  68  0.0000 -0.2662  7.5124
 76  68 -0.4831  0.0000 11.5903
 84  68 -0.4674  0.0000  9.3955
 92  68  0.0000  0.0000 13.4814
100  68  0.7195  0.0000  9.8462
108  68  0.8331  0.0000  6.8970
116  68  0.0000 -0.1469 10.3584
124  68 -0.0998  0.0000 16.1088
132  68 -0.0506  0.0000 12.0628
140  68  0.0830 -0.6978 10.0932
148  68  0.1005  0.0000 11.1304
156  68  0.0529  0.0000  0.0000
164  68  0.0295  0.0000 19.4783
172  68  0.0727  0.0000  9.2086
180  68  0.1003  0.0000 16.1088
188  68 -0.0124  0.0000 11.1304
196  68 -0.3041  0.0000 10.9491
204  68 -0.2645  0.0000 11.1304
212  68 -0.1110  0.0000  0.0000
220  68 -0.0273  0.0000  0.0000
228  68  0.0393  0.0000 16.9590
236  68  0.0470  0.0000 16.1088
244  68  0.0263  0.0000  0.0000
252  68  0.0219  0.0000 11.1304
260  68  0.0800  0.0000  9.7512
268  68  0.2847  0.0000 12.0580
276  68  0.6420  0.0000 11.1304
284  68  0.8945  0.0000 16.1088
292  68  0.7079  0.0000 11.1304
  4  76 -0.0490  0.0000  0.0000
 12  76 -0.3960  0.0000 11.1304
 20  76 -0.5000  0.0000 11.1304
 28  76  0.8046  0.0000 11.1304
 36  76  0.5140  0.0000  0.0000
 44  76  0.0471  0.0000 12.0067
 52  76 -0.0126  0.0000  9.2850
 60  76  0.1168 -0.1069  8.2903
 68  76  0.1012  0.0000 10.7416
 76  76  0.1574  0.1890  9.4940
 84  76  0.0767  0.0000 24.3712
 92  76 -0.0104  0.0000 11.1304
100  76  0.0542  0.0000 11.1304
108  76  0.1232  0.0000 17.0667
116  76 -0.0096  0.0000 14.4198
124  76 -0.5000  0.0000 11.1304
132  76 -0.3076  0.0000 16.1088
140  76  0.0092  0.1620 11.9202
148  76  0.1225  0.0000 13.1641
156  76  0.1422  0.0000 16.1088
164  76 -0.0003  0.0000  8.0000
172  76 -0.2414  0.0000 11.1304
180  76 -0.5000  0.0000  8.8276
188  76 -0.2781  0.0000 11.1304
196  76  0.1607  0.0000 12.0628
204  76  0.9361  0.0000  0.0000
212  76  1.6123  0.0000  8.0000
220  76  1.5821  0.0000 11.1304
228  76  0.1698  0.0000 19.1045
236  76 -0.3478  0.0000 13.8277
244  76 -0.4285  0.0000 17.0667
252  76  0.5813  0.0000 11.1304
260  76  0.3332  0.0000  0.0000
268  76  0.1078  0.0000  8.2581
276  76  0.0422  0.0000 16.1088
284  76  0.0543  0.0000 11.1304
292  76 -0.0374  0.0000  0.0000
  4  84  0.1533  0.0000 16.1088
 12  84  0.1804  0.0000 22.2609
 20  84  0.0272  0.0238 11.1899
 28  84  0.1279  0.0000 16.1088
 36  84  0.3068  0.0000 16.6957
 44  84  0.3936  0.0292  8.7325
 52  84 -0.0722  0.0000 11.1304
 60  84 -0.1181  0.0000 13.7544
 68  84  0.0872  0.0000 19.4783
 76  84  0.2331  0.0000 19.1045
 84  84  0.2761  0.0806  9.3746
 92  84  0.0669  0.0000 19.1045
100  84 -0.2042  0.0000 22.2609
108  84 -0.4191  0.0000 16.1088
116  84 -0.3605  0.0000 10.3926
124  84  0.0000  0.0000 12.3458
132  84  1.0618  0.0000 12.8600
140  84  2.1253  0.0000 16.1088
148  84  2.5000  0.1588 10.5785
156  84  0.0000  0.3042 13.4737
164  84 -0.3340  0.0000 12.0628
172  84 -0.0579 -0.2001 13.7634
180  84  0.2278  0.0000 19.4783
188  84  0.1546  0.0000  0.0000
196  84  0.1151 -0.1151 16.5161
204  84  0.1328  0.0000  8.0000
212  84  0.1780 -0.2756  7.6418
220  84  0.0000  0.0000 11.8583
228  84  0.5199  0.0000 17.0667
236  84  0.7073  0.0000 11.1304
244  84  0.4929  0.0000 11.1304
252  84  0.3077  0.0000  0.0000
260  84  0.3252  0.0000 11.1304
268  84  0.2634  0.0000  0.0000
276  84  0.0493  0.0000  0.0000
284  84  0.0000 -0.5000  8.8276
292  84  0.1608  0.0000  0.0000
  4  92  0.2680  0.0000 21.6135
 12  92  0.2698  0.0000  6.5164
 20  92  0.1202  0.0000  0.0000
 28  92 -0.0654  0.0000 21.6135
 36  92 -0.1854 -0.1854  7.8578
 44  92 -0.2199  0.0000 11.1304
 52  92  0.0778  0.0000  8.8167
 60  92  0.8827  0.0000 20.1250
 68  92  1.6637  0.0000 17.2183
 76  92  1.7478  0.0000 11.1304
 84  92  0.4310  0.0000 15.5009
 92  92 -0.0465  0.0000 20.1250
100  92 -0.0628  0.0000  9.4208
108  92 -0.1028  0.0000  0.0000
116  92 -0.0264 -0.3145 11.0777
124  92 -0.0685  0.3367 12.7421
132  92  0.3056  0.0000 11.1304
140  92  0.6572  0.0000 12.0455
148  92  0.9689  0.0000 11.1304
156  92  1.5445  0.0000  0.0000
164  92  1.6447  0.0000  0.0000
172  92  1.1118  0.0000  7.3911
180  92  0.5000  0.3889  6.6693
188  92  0.3369  0.0000  0.0000
196  92  0.0509  0.0000 11.1304
204  92  0.0596  0.0000  9.2850
212  92  0.2209  0.0000  0.0000
220  92  0.2780  0.0000 11.1304
228  92  0.2819  0.0000 16.1088
236  92  0.2341  0.0000 11.9011
244  92  0.1245  0.0000 11.1304
252  92  0.0013  0.0000  0.0000
260  92 -0.0984  0.0000  0.0000
268  92 -0.1698  0.0000  0.0000
276  92 -0.0301  0.0000  0.0000
284  92  0.5058  0.0000  8.2581
292  92  1.0044  0.0000  0.0000
  4 100  1.0444  0.0000 11.1304
 12 100  0.4805  0.0000  0.0000
 20 100  0.1456  0.0000 14.0146
 28 100  0.0119  0.0000  9.2086
 36 100 -0.2886  0.0000  8.8276
 44 100  0.1457  0.0150  9.8922
 52 100  0.4105  0.0000 17.2405
 60 100  0.8268  0.0000 11.0903
 68 100  1.2762  0.0000  7.3911
 76 100  1.8152  0.0000  0.0000
 84 100  2.5000  0.0000  8.8276
 92 100  2.5000  0.0000  8.8276
100 100  1.6335  0.0000  0.0000
108 100  0.8230  0.0000 11.1304
116 100  0.4043 -0.4043  8.0000
124 100 -0.2761 -0.0806  9.3746
132 100 -0.0595  0.0000  0.0000
140 100  0.3476  0.2927  7.3438
148 100  0.2858  0.0000  0.0000
156 100  0.2114  0.0000 11.7824
164 100  0.1412  0.0000 11.1304
172 100  0.0662  0.0000 11.1304
180 100  0.0059  0.0000 16.1088
188 100 -0.0409  0.0000  0.0000
196 100 -0.1499  0.0000  0.0000
204 100 -0.2080 -0.2715 12.3107
212 100  0.1556  0.0000 11.9011
220 100  0.4622  0.0000 11.1304
228 100  0.5187  0.0000 11.1304
236 100  0.3512  0.0000 11.4939
244 100  0.2575  0.0000 16.1088
252 100  0.2560  0.0000 16.1088
260 100 -0.4423  0.0000  0.0000
268 100  0.3103  0.0000  0.0000
276 100  0.9188  0.0000 16.1088
284 100  1.3302  0.0000 11.1304
292 100  1.6048  0.0000 11.1304
  4 108  1.8968  0.0000 16.6957
 12 108  2.2110  0.0000  7.8087
 20 108  2.0725  0.0000  0.0000
 28 108  1.3482  0.0000 11.1304
 36 108  0.4968  0.0000 12.0455
 44 108 -0.2093 -0.0299 13.0089
 52 108 -0.5006  0.0000 22.2609
 60 108 -0.3123  0.0000  0.0000
 68 108 -0.0231  0.0000  0.0000
 76 108  0.0000 -0.5000  8.8276
 84 108  0.0006  0.0000  0.0000
 92 108 -0.0309  0.0000  0.0000
100 108 -0.0693  0.0000 11.1304
108 108 -0.0726  0.0000 11.1304
116 108 -0.0070  0.0597  7.5229
124 108 -0.0236 -0.0022  8.0293
132 108  0.0047  0.0121 11.1851
140 108  0.0579  0.0000 13.1641
148 108  0.1354  0.0000  0.0000
156 108  0.1556  0.0000 12.2969
164 108  0.1963  0.0000  0.0000
172 108  0.3462  0.0000 11.1304
180 108  0.6378  0.0000  0.0000
188 108 -0.5000  0.0000  8.8276
196 108  0.4898  0.0000  0.0000
204 108  1.4303  0.0000  0.0000
212 108  1.7261  0.0000 11.1304
220 108  1.6162  0.0000 13.0803
228 108  1.4693  0.0000  8.2581
236 108  1.4716  0.0000  0.0000
244 108  1.2913  0.0000  8.2581
252 108  0.7689  0.0000  0.0000
260 108  0.1093  0.0000 16.1088
268 108 -0.4220  0.0000 16.1088
276 108 -0.6096  0.0000  9.3822
284 108 -0.4954  0.0000 11.1304
292 108 -0.3035  0.0000  0.0000
  4 116 -0.2234  0.0000 17.0667
 12 116 -0.1959  0.0000 11.1304
 20 116 -0.2135  0.0000 11.1304
 28 116 -0.2607  0.0000 16.1088
 36 116 -0.3114  0.0000 20.7059
 44 116 -0.3215  0.0000  8.8276
 52 116 -0.2193 -0.0923  7.5156
 60 116 -0.0712  0.0000 11.1304
 68 116 -0.0488  0.0000 16.1088
 76 116 -0.0660  0.0000 11.1304
 84 116 -0.0610  1.0000  8.9210
 92 116  0.0676  0.0000 11.1304
100 116  0.3994  0.0000  9.2850
108 116  1.0570  0.0000 11.1304
116 116 -0.2679  0.0000 20.7059
124 116  0.5710  0.0000 15.2515
132 116  2.0046  0.0000  9.2850
140 116  2.0285  0.0000  8.2581
148 116  1.3982  0.0000 11.1304
156 116  0.7660  0.0000  9.4208
164 116  0.6584  0.0000  0.0000
172 116  0.5685  0.0000 11.1304
180 116  0.2477  0.0000  0.0000
188 116 -0.2070  0.0000 11.1304
196 116 -0.5286  0.0000  0.0000
204 116 -0.6260  0.0000 11.1304
212 116 -0.5486  0.0000  0.0000
220 116 -0.4203  0.0000 16.1088
228 116 -0.3394  0.0000 20.7059
236 116 -0.3056  0.0000  0.0000
244 116 -0.3141  0.0000  0.0000
252 116 -0.3594  0.0000  0.0000
260 116 -0.4363  0.0000  0.0000
268 116 -0.5000  0.0000  8.8276
276 116 -0.1892  0.0000 16.1088
284 116  0.0068  0.0000 11.1304
292 116 -0.0551  0.0000  0.0000
  4 124 -0.1649  0.0000 17.0667
 12 124 -0.1862  0.0000  0.0000
 20 124 -0.0443  0.0000  0.0000
 28 124  0.3468 -0.5000 10.2045
 36 124  1.3070 -0.0337 12.4709
 44 124 -0.1546  0.0660 18.6254
 52 124  0.1802  0.1949  7.7576
 60 124  2.5000  0.0000  8.8276
 68 124  2.0810  0.0000  0.0000
 76 124  1.0425  0.0000 11.1304
 84 124  0.0418 -0.1521 12.6567
 92 124  0.1148  0.0000  0.0000
100 124  0.2159  0.0000 12.0455
108 124  0.0507  0.0000  0.0000
116 124 -0.3142  0.0000 13.7892
124 124 -0.4696  0.0000  0.0000
132 124 -0.4919  0.0000 16.1088
140 124 -0.4396  0.0000  0.0000
148 124 -0.3694  0.0000 11.1304
156 124 -0.3212  0.0000  9.4208
164 124 -0.2958  0.0000  0.0000
172 124 -0.2807  0.0000 11.1304
180 124 -0.2577  0.0000  0.0000
188 124 -0.2009  0.0000  0.0000
196 124 -0.0556  0.0000  0.0000
204 124  0.2655  0.0000  0.0000
212 124  0.3861  0.0000  0.0000
220 124  0.0624  0.0000 11.1304
228 124 -0.1980  0.0000 16.1088
236 124 -0.2494  0.0000 11.1304
244 124 -0.0962  0.0000  0.0000
252 124  0.2798  0.0000  0.0000
260 124  0.9610  0.0000  0.0000
268 124 -0.6913  0.0000  0.0000
276 124 -0.0698 -0.2911 10.5124
284 124  1.1446  0.0000 11.1304
292 124  1.2637  0.0000  0.0000
  4 132  0.7568  0.0000 11.1304
 12 132  0.2373  0.0000 11.1304
 20 132  0.3066  0.0000 11.1304
 28 132  0.4925  0.0000  0.0000
 36 132  0.4125  0.0000  0.0000
 44 132 -0.0418  0.1521 12.6567
 52 132 -0.1014  0.0000  0.0000
 60 132 -0.1287  0.0000 11.1304
 68 132 -0.1496  0.0000 13.7892
 76 132 -0.1673  0.0000 16.7450
 84 132 -0.1853  0.0000 22.2609
 92 132 -0.1926  0.0000 16.1088
100 132 -0.1656  0.0000 16.9590
108 132 -0.0728  0.0000 20.7059
116 132  0.1181  0.0000 19.1045
124 132  0.4387  0.0000  0.0000
132 132  0.8486  0.0000 16.1088
140 132  0.9690  0.0000  0.0000
148 132  0.1620  0.0000  0.0000
156 132 -0.2494  0.0599  9.5231
164 132 -0.2934  0.0000  0.0000
172 132 -0.1352  0.0000  0.0000
180 132  0.1420  0.0000 11.1304
188 132  0.5243  0.0000  0.0000
196 132 -1.2163  0.0000  0.0000
204 132 -0.6241  0.0000  0.0000
212 132 -0.0677 -0.2414 11.7124
220 132  0.5009  0.0000 11.1304
228 132  0.5505  0.0000 16.1088
236 132  0.5089  0.0000  0.0000
244 132  0.7903  0.0000  0.0000
252 132  1.2254  0.0000 11.1304
260 132  1.4429  0.0000 11.1304
268 132  1.0484  0.0000 11.1304
276 132  0.7214  0.0000 12.0628
284 132  0.4763  0.0000 19.4783
292 132  0.2876  0.0000  0.0000
  4 140  0.1377  0.0000 11.1304
 12 140  0.0206  0.0000  0.0000
 20 140 -0.0529  0.0000  0.0000
 28 140 -0.0549  0.0000  0.0000
 36 140  0.0506  0.0000 12.0455
 44 140  0.2802  0.0000 16.1088
 52 140  0.6489  0.0000 11.1304
 60 140  1.1371  0.0000  0.0000
 68 140  1.5000 -1.0000  7.4357
 76 140  0.0218 -0.2266 12.8350
 84 140 -0.3290  0.0000 11.1304
 92 140 -0.2972  0.0000 11.1304
100 140 -0.1165  0.0000 19.1045
108 140  0.0462  0.0000 11.1304
116 140  0.2678  0.0000 16.1088
124 140 -1.3568  0.0000  0.0000
132 140 -0.7617  0.0000  0.0000
140 140 -0.2278  0.0000  0.0000
148 140  0.3456  0.0000  0.0000
156 140  0.5012  0.0000  9.4948
164 140  0.6474  0.0000 16.1088
172 140  1.1373  0.0000  0.0000
180 140  1.8716  0.0000 16.1088
188 140  2.5000  0.0000  8.8276
196 140  2.0320  0.0000 16.1088
204 140  1.5063  0.0000  0.0000
212 140  1.0773  0.0000 11.1304
220 140  0.7367  0.0000  0.0000
228 140  0.4606  0.0000 16.1088
236 140  0.2372  0.0000 16.1088
244 140  0.0735  0.0000  0.0000
252 140 -0.0036  0.0000 11.1304
260 140  0.0452  0.0000 11.1304
268 140  0.1804  0.0000 11.1304
276 140  0.3464  0.0000 11.1304
284 140  0.4603  0.0000 11.1304
292 140  0.6247  0.0000  0.0000
  4 148 -0.0283  0.0000 13.5576
 12 148 -0.2807  0.0000  0.0000
 20 148 -0.2189  0.0000  0.0000
 28 148  0.0000 -0.5000  8.8276
 36 148  0.0698 -0.2911 10.5124
 44 148  0.3150  0.0000 11.1304
 52 148 -1.1207  0.0000  0.0000
 60 148 -0.6679  0.0000  0.0000
 68 148 -0.1809  0.2148 14.5223
 76 148  0.4043  0.4043  8.0000
 84 148  0.3792  0.0000 11.1304
 92 148  0.4541  0.0000  0.0000
100 148  1.0133  0.0000  0.0000
108 148  1.7840  0.0000 11.1304
116 148  2.3617  0.0000 11.1304
124 148  2.2453  0.0000 16.1088
132 148  1.8706  0.0000  0.0000
140 148  1.4566  0.0000  0.0000
148 148  1.0708  0.0000  0.0000
156 148  0.7254  0.0000 11.1304
164 148  0.4226  0.0000 19.1045
172 148  0.1722  0.0000  0.0000
180 148  0.0000 -0.5000  8.8276
188 148 -0.0273  0.0000  9.2850
196 148 -0.0164  0.0000  0.0000
204 148 -0.0685  0.3367 12.7421
212 148 -0.4043  0.4043  8.0000
220 148 -0.1507  0.0000 21.6135
228 148 -0.2391  0.0000  0.0000
236 148 -0.2915  0.0000 16.1088
244 148 -0.2074  0.0000 16.1088
252 148  0.0000 -0.5000  8.8276
260 148  0.4043 -0.4043  8.0000
268 148  0.6109  0.0000  0.0000
276 148 -0.6862  0.0000  0.0000
284 148 -0.5548  0.0000 11.1304
292 148 -0.2768  0.0000  0.0000
  4 156  0.0043  0.0000 11.1304
 12 156 -0.0445  0.0000  0.0000
 20 156 -0.0568 -0.0811  8.9245
 28 156  0.5812  0.0000  0.0000
 36 156  1.3543  0.0000  0.0000
 44 156  1.9293  0.0000 11.1304
 52 156  2.0600  0.0000  0.0000
 60 156  1.8960  0.0000  0.0000
 68 156  1.5964  0.0000 12.0455
 76 156  1.2504  0.0000  8.0000
 84 156  0.8982  0.0000 12.0455
 92 156  0.5608  0.0000 11.1304
100 156  0.2632  0.0000 11.1304
108 156  0.0456  0.0000 13.3565
116 156 -0.0685  0.0000 16.1088
124 156 -0.1473  0.0000  0.0000
132 156 -0.2612  0.0000  0.0000
140 156 -0.4341  0.0000 11.1304
148 156 -0.3104  0.0000 11.1304
156 156 -0.2804  0.0000 11.1304
164 156 -0.2597  0.0000 13.0803
172 156 -0.1786  0.0000  0.0000
180 156 -0.0111  0.0000 11.1304
188 156  0.2780 -0.1270 13.3759
196 156  0.6146  0.0000 11.1304
204 156 -0.2849 -0.5000 13.1959
212 156 -0.5000  0.0000  8.8276
220 156 -0.4002  0.0000 12.0455
228 156 -0.2927  0.0000 11.1304
236 156 -0.3274  0.0000  0.0000
244 156 -0.2652  0.0000 11.1304
252 156  0.2235  0.0000 22.2609
260 156  0.9069  0.0000 20.7059
268 156  1.4712  0.0000 16.1088
276 156  1.7368  0.0000 11.1304
284 156  1.7361  0.0000 11.1304
292 156  1.5623  0.0000  0.0000
  4 164  1.2921  0.0000 11.1304
 12 164  0.9720  0.0000 11.1304
 20 164  0.6307  0.0000 13.1641
 28 164  0.3057  0.0000 22.2609
 36 164  0.0696  0.0000 11.1304
 44 164 -0.0761  0.0000 11.1304
 52 164 -0.1730  0.0000 20.7059
 60 164 -0.2525  0.0000 16.1088
 68 164 -0.2942  0.0000 17.0667
 76 164 -0.1927  0.0788 17.1842
 84 164 -0.1845  0.0000 16.1088
 92 164 -0.1721  0.0000 11.1304
100 164 -0.1288  0.0000 11.1304
108 164 -0.0404  0.0000 12.0455
116 164  0.1307  0.0000 11.1304
124 164  0.4433  0.0000  0.0000
132 164 -0.2369  0.0000  0.0000
140 164 -0.4357  0.0000 16.1088
148 164 -0.4467  0.0000 11.1304
156 164 -0.4385  0.0000 11.1304
164 164 -0.5222  0.0000 12.0455
172 164 -0.4940  0.0000  0.0000
180 164 -0.1323  0.0000 11.1304
188 164  0.5109  0.0000 11.1304
196 164  1.0691  0.0000 11.1304
204 164  1.3974  0.0000 17.0667
212 164  1.4964  0.0000 11.1304
220 164  1.4202  0.0000 11.1304
228 164  1.2255  0.0000  0.0000
236 164  0.9515  0.0000  0.0000
244 164  0.6189  0.0000  0.0000
252 164  0.2602  0.0000 16.1088
260 164  0.0443  0.0000 20.7059
268 164 -0.0788  0.0000 19.1045
276 164 -0.1499  0.0000  0.0000
284 164 -0.1877  0.0000  0.0000
292 164 -0.1817  0.0000  0.0000
  4 172 -0.1161  0.0000 16.1088
 12 172 -0.0849  0.0000  0.0000
 20 172 -0.0661  0.0000 11.1304
 28 172 -0.0552  0.0000 11.1304
 36 172 -0.0580  0.0000  0.0000
 44 172 -0.0471 -1.0000 12.9293
 52 172  0.1883 -0.0335  7.2166
 60 172 -0.3671  0.0000 12.0455
 68 172 -0.4677  0.0000 11.1304
 76 172 -0.4822  0.0000 16.1088
 84 172 -0.5000 -0.0391  9.3822
 92 172 -0.6810  0.0000  0.0000
100 172 -0.7671  0.0000  0.0000
108 172 -0.5315  0.0000  8.8276
116 172  0.1919  0.0000  0.0000
124 172  0.7458  0.0000  0.0000
132 172  1.0851  0.0000  0.0000
140 172  1.2284  0.0000 11.1304
148 172  1.2104  0.0000 16.1088
156 172  1.0694  0.0000  0.0000
164 172  0.8362  0.0000 12.0628
172 172  0.5142  0.0000  0.0000
180 172  0.0690  0.0000 11.1304
188 172 -0.0467  0.0000  8.8276
196 172 -0.0937  0.0000  0.0000
204 172 -0.1135  0.0000 11.1304
212 172 -0.1155  0.0000 11.1304
220 172 -0.0910  0.0000  0.0000
228 172 -0.0358  0.0000  0.0000
236 172  0.0156  0.0000 11.1304
244 172  0.0524  0.0000 11.1304
252 172  0.0573  0.0000  0.0000
260 172  0.0039  0.0000 16.1088
268 172 -0.1247  0.0000  0.0000
276 172 -0.1708  0.0000  0.0000
284 172 -0.5921  0.0000  0.0000
292 172 -0.5752  0.0000 11.1304
  4 180 -0.5615  0.0000  0.0000
 12 180 -0.6161  0.0000  0.0000
 20 180 -0.8086  0.0000 12.0628
 28 180 -0.9976  0.0000 16.1088
 36 180 -0.9428 -0.2816 11.3262
 44 180 -0.0096  0.0115 10.7953
 52 180  0.4861  0.0000 10.7581
 60 180  0.7969  0.0000 20.7059
 68 180  0.9496  0.0000 16.1088
 76 180  0.9544  0.0000  8.2581
 84 180  0.8289  0.0000  0.0000
 92 180  0.5988  0.0000 11.1304
100 180  0.2780 -0.1270 13.3759
108 180 -0.3721  0.0000 11.1304
116 180 -0.1765  0.0000  0.0000
124 180 -0.1049  0.0000 11.1304
132 180 -0.0648  0.0000  0.0000
140 180 -0.0434  0.0000 11.7230
148 180 -0.0167  0.0000 11.1304
156 180  0.0343  0.0000  0.0000
164 180  0.1025  0.0000 12.0628
172 180  0.1579  0.0000 11.1304
180 180  0.1623  0.0000 16.1088
188 180  0.0698  0.2911 10.5124
196 180 -0.2420  0.0000  0.0000
204 180 -0.5519  0.0000  0.0000
212 180 -0.8391  0.0000  0.0000
220 180 -0.6803  0.0000  0.0000
228 180 -0.5851  0.0000  0.0000
236 180 -0.5932  0.0000 11.1304
244 180 -0.7312  0.0000  0.0000
252 180 -0.9056  0.0000  0.0000
260 180 -0.8806  0.0000  0.0000
268 180 -0.2983  0.0000 11.1304
276 180  0.1819  0.0000  0.0000
284 180  0.5053  0.0000  0.0000
292 180  0.6738  0.0000  0.0000
  4 188  0.6877  0.0000  0.0000
 12 188  0.5360  0.0000 17.2183
 20 188  0.1922  0.0000 16.1088
 28 188 -0.3961  0.0000  0.0000
 36 188 -1.1130  0.0553 17.0667
 44 188 -0.1997  0.0612  8.3380
 52 188 -0.0603 -0.2396  7.8163
 60 188  0.0184  0.0000 11.1304
 68 188  0.0345  0.0000 16.1088
 76 188  0.0393  0.0000 16.1088
 84 188  0.0770  0.0000 11.1304
 92 188  0.1598  0.0000 11.1304
100 188  0.2233  0.0000 14.6131
108 188  0.1927  0.0000 11.1304
116 188  0.0000 -0.5000  8.8276
124 188 -0.4432  0.0000 13.0803
132 188 -0.9158  0.0000 11.1304
140 188 -1.0346  0.0000 19.1045
148 188 -0.7231  0.0000 12.0628
156 188 -0.5085  0.0000  0.0000
164 188 -0.4152  0.0000 12.0628
172 188 -0.4752  0.0000  0.0000
180 188 -0.6726  0.0000 11.1304
188 188 -0.8474  0.0000 12.0628
196 188 -0.4703  0.0000  0.0000
204 188 -0.0457  0.0000  0.0000
212 188  0.2680  0.0000  0.0000
220 188  0.4486  0.0000  0.0000
228 188  0.4928  0.0000  0.0000
236 188  0.3846  0.0000  0.0000
244 188  0.1259  0.0000  0.0000
252 188 -0.2916  0.0000  0.0000
260 188 -0.5954  0.0000  0.0000
268 188 -0.1189  0.0000  0.0000
276 188  0.1121  0.0000  0.0000
284 188  0.1622  0.0000  0.0000
292 188  0.1197  0.0000  0.0000
  4 196  0.0712  0.0000 11.1304
 12 196  0.0832  0.3131  9.8462
 20 196  0.1960 -0.5000 11.1304
 28 196  0.2785  0.0000  0.0000
 36 196  0.2104  0.0000  0.0000
 44 196 -0.0944  0.0000 12.8600
 52 196 -0.6306 -0.1105 11.2757
 60 196 -1.1414  0.0000 16.1088
 68 196 -1.1037  0.0000 11.1304
 76 196 -0.6704  0.0000  0.0000
 84 196 -0.3349  0.0000  0.0000
 92 196 -0.1228  0.0000  0.0000
100 196 -0.0886  0.0000 12.0628
108 196 -0.3371  0.0000 11.1304
116 196 -0.9595  0.0000  8.2581
124 196 -0.5550  0.0000 19.1045
132 196 -0.1678  0.0000 11.1304
140 196  0.1068 -0.3135 15.1963
148 196  0.2840  0.0000 12.0628
156 196  0.3705  0.0000  0.0000
164 196  0.3359  0.0000 22.2609
172 196  0.2629  0.0000 11.9208
180 196  0.0814  0.0000  0.0000
188 196  0.0000 -0.5000  8.8276
196 196  0.1912  0.0000 12.4272
204 196  0.3676  0.0000  0.0000
212 196  0.3114  0.0000  0.0000
220 196  0.1763  0.0000  0.0000
228 196  0.0676  0.0000  0.0000
236 196  0.0656  0.0000  0.0000
244 196  0.2389  0.0000  0.0000
252 196  0.3730  0.0000  0.0000
260 196  0.3168  0.0000 11.1304
268 196 -0.0254  0.0000  0.0000
276 196 -0.5483  0.0000  0.0000
284 196 -1.0921  0.0000 11.1304
292 196 -0.9702  0.0000 11.1304
  4 204 -0.5000  0.0000  8.8276
 12 204 -0.0910  0.0000  8.8276
 20 204  0.1983  0.0000  0.0000
 28 204  0.3261  0.0000  0.0000
 36 204  0.1313 -0.0812 16.9211
 44 204 -1.2596 -0.3479  7.1968
 52 204 -0.5000  0.0000  8.8276
 60 204 -0.1960 -0.5000 11.1304
 68 204 -0.0025  0.0000 11.1304
 76 204  0.1459  0.0000 11.1304
 84 204  0.2686  0.0000 11.1304
 92 204  0.2202  0.0000  0.0000
100 204  0.2557  0.0000 16.1088
108 204  0.3308  0.0000 16.1088
116 204  0.5000  0.0000  8.4768
124 204  0.3608  0.0000 11.1304
132 204  0.5000 -0.2012  9.9121
140 204  0.3245  0.0000 11.1304
148 204  0.1356  0.0000 13.0803
156 204  0.0061  0.0000  0.0000
164 204  0.0000 -0.5000  8.8276
172 204  0.2919  0.0000 14.4198
180 204  0.4887  0.0000  0.0000
188 204  0.4702  0.0000  0.0000
196 204  0.0812  0.0000 12.0628
204 204 -0.4316  0.0000  0.0000
212 204 -0.9262  0.0000 11.1304
220 204 -0.5776  0.0000  0.0000
228 204 -0.1346  0.0000 11.1304
236 204  0.2139  0.0000 11.1304
244 204  0.4292  0.0000  0.0000
252 204  0.4420  0.0000  0.0000
260 204  0.1236  0.0000  0.0000
268 204 -0.6436  0.0000  0.0000
276 204 -0.4538  0.0000  0.0000
284 204 -0.2595  0.0000 16.1088
292 204 -0.1169  0.0000  0.0000
  4 212  0.0000 -0.5000  8.8276
 12 212  0.1841  0.0418 12.3683
 20 212  0.0000  0.1960 11.1304
 28 212  0.0415  0.0000 11.1304
 36 212  0.0856  0.0000 12.0455
 44 212  0.0578  0.0000 11.1304
 52 212 -0.1841  0.0418 12.3683
 60 212 -0.0068  0.0000 11.1304
 68 212  0.0048  0.0000 11.1304
 76 212 -0.0482  0.0000 11.1304
 84 212 -0.0649  0.0000  0.0000
 92 212  0.0486  0.0000 11.1304
100 212  0.3900  0.0000 12.0628
108 212  0.5217  0.0000 16.1088
116 212  0.5000  0.0000  8.4768
124 212  0.0320  0.0000 11.1304
132 212 -0.4314  0.0000  8.7810
140 212 -0.8153  0.0000 11.1304
148 212 -0.0035  0.0000 11.9803
156 212  0.3413  0.0000 11.1304
164 212  0.5880  0.0000 12.0628
172 212  0.6863  0.0000 11.1304
180 212  0.5816  0.0000  0.0000
188 212  0.2444  0.0000 11.1304
196 212 -0.2266  0.0000  8.0000
204 212 -0.3196  0.0000 16.1088
212 212 -0.2731  0.0000 11.1304
220 212 -0.1811  0.0000  0.0000
228 212 -0.0786  0.0000  0.0000
236 212  0.0074  0.0000  0.0000
244 212 -0.1020  0.0000  0.0000
252 212 -0.1702  0.0000  0.0000
260 212 -0.2495  0.0000  0.0000
268 212 -0.3762  0.0000  0.0000
276 212 -0.5330  0.0000  0.0000
284 212 -0.4654  0.0000 17.0667
292 212 -0.3817  0.0000 19.1045
  4 220 -0.3000  0.0000  0.0000
 12 220 -0.1876  0.0000  0.0000
 20 220  0.0000 -0.5000  8.8276
 28 220  0.4121  0.0000 13.4737
 36 220  0.2293  0.0000 19.4783
 44 220 -0.1841  0.0418 12.3683
 52 220 -0.4053  0.0000 16.1088
 60 220 -0.6369  0.0000  0.0000
 68 220 -0.8331  0.0000  0.0000
 76 220  0.6588  0.0000 11.1304
 84 220  0.9098  0.0000  0.0000
 92 220  1.0728  0.0000 11.1304
100 220  1.0650  0.0000 16.1088
108 220  0.8416  0.0000 11.1304
116 220  0.4391  0.0000 11.1304
124 220  0.0065  0.0000 16.1088
132 220 -0.2478  0.0000  8.4687
140 220 -0.3094  0.0000 11.1304
148 220 -0.2407  0.0000 16.1088
156 220 -0.1274  0.0000 16.1088
164 220 -0.0698  0.2911 10.5124
172 220 -0.1820  0.0000  0.0000
180 220 -0.3648  0.0000  0.0000
188 220 -0.5828  0.0000  0.0000
196 220 -0.8059  0.0000 16.1088
204 220 -0.9590  0.0000 12.0628
212 220 -0.9405  0.0000  0.0000
220 220 -0.7966  0.0000  0.0000
228 220 -0.5727  0.0000  0.0000
236 220 -0.2842  0.0000 11.1304
244 220  0.0440  0.0000  0.0000
252 220  0.2853  0.0000  0.0000
260 220 -0.0036  0.0000  0.0000
268 220 -0.5223  0.0000  0.0000
276 220 -0.7993  0.0000  8.0000
284 220 -0.9010  0.0000 13.5576
292 220 -0.9268  0.0000  8.2581
