VARIABLES= "X pix", "Y pix", "U pix/dt", "V pix/dt", "CHC", ZONE I=28, J=37
  4   4  0.0000  0.0000 10.9708
 12   4  0.0000  0.0000 10.9708
 20   4  0.0000  0.0000 10.9708
 28   4  0.0000 -0.0127 11.0049
 36   4  0.0000 -0.0127 11.0049
 44   4  0.0000 -0.0127 11.0049
 52   4 -0.0437  0.0128 10.9762
 60   4  0.0000  0.0269 10.6526
 68   4  0.0428 -0.0457 10.3557
 76   4  0.0605  0.0012  9.9968
 84   4 -0.0119  0.0537 11.4110
 92   4 -0.0103 -0.0059 11.0201
100   4  0.0442  0.0435 11.5496
108   4 -0.0335  0.0925 11.8119
116   4  0.0000  0.0000 11.0388
124   4  0.0000  0.0000 11.7754
132   4  0.0000  0.0000 11.7754
140   4  0.0000  0.0000 11.7754
148   4 -0.0401 -0.0113 11.8269
156   4  0.0000 -0.0317 11.2951
164   4 -0.0081  0.0094 11.7218
172   4 -0.0328  0.0035 11.4757
180   4 -0.0500  0.0599 11.2143
188   4 -0.0095  0.0315 10.5779
196   4 -0.0177  0.0495 11.4870
204   4  0.0477  0.0059 11.8386
212   4 -0.0361  0.0036 12.3663
220   4 -0.0586  0.0284 12.6574
228   4 -0.0302  0.0758 10.2013
236   4 -0.0030  0.0457  8.4877
244   4  0.0171 -0.1228  9.8787
252   4 -0.0575  0.0522 10.3407
260   4 -0.0203  0.0629 11.8154
268   4 -0.0063 -0.0093 12.9727
276   4  0.0267  0.1194 14.1339
284   4 -0.0183  0.0179 13.3241
292   4  0.0932  0.0051 13.3056
  4  12 -0.0611 -0.2810 13.9869
 12  12  0.0000  0.0000 11.6053
 20  12  0.0000 -0.5000 11.9626
 28  12  0.0000  0.0000 12.0628
 36  12  0.0000 -1.0000  8.8276
 44  12 -0.3168  0.4686  7.3405
 52  12  0.0000  0.5000  9.4815
 60  12  0.1089 -0.0458  9.3036
 68  12 -0.2005 -0.3137 11.7444
 76  12  0.0000 -0.4001  9.2582
 84  12  0.0000  0.0950  8.7493
 92  12  0.0000 -0.3938  7.8168
100  12 -0.0293 -0.0066  7.5821
108  12  0.0000  0.0000  7.7916
116  12  0.0000  0.0000  9.0353
124  12  0.0000 -0.1730  8.2244
132  12  0.0000  0.0000  7.7916
140  12  0.0000  0.0000  9.0353
148  12  0.0000  0.1187  9.3996
156  12  0.0000 -0.1730  8.2244
164  12  0.0000  0.0000  9.9740
172  12  0.0000  0.1652  7.8528
180  12 -0.0941  0.2450  9.0582
188  12  0.2363  0.4239  7.3029
196  12 -0.0979  0.4835  9.8343
204  12  0.0381  0.3136 15.0789
212  12 -0.0132  0.1317 11.0654
220  12 -0.0446  0.4338  8.7605
228  12  0.0000  0.7759  9.4749
236  12  0.1061  0.9466  8.5629
244  12 -0.1661  0.1583  7.9327
252  12  0.2058  0.2340  8.4131
260  12  0.0232  0.5965  8.3273
268  12  0.3007  0.2354  8.1735
276  12 -0.0830  0.9606  7.2769
284  12 -0.1804  0.8607  7.1629
292  12 -0.0098  0.7969  7.4075
  4  20  0.0099  0.0372  9.8069
 12  20 -0.0036  0.0293  9.5221
 20  20 -0.0140  0.0100 10.2012
 28  20 -0.0768 -0.0780  9.3775
 36  20  0.0000 -0.0924  9.3265
 44  20  0.0118 -0.0114 10.6254
 52  20 -0.0110 -0.0988  9.7347
 60  20  0.0000 -0.0457 10.4867
 68  20 -0.0149  0.0000 10.9964
 76  20  0.0000  0.0795  9.9860
 84  20  0.0010 -0.0797  8.8842
 92  20  0.0116  0.0443  8.3383
100  20  0.0626  0.1328 13.0090
108  20 -0.0218  0.0000 11.9550
116  20  0.0380  0.0081 11.5924
124  20  0.0000  0.0278 11.6402
132  20  0.0294  0.0523 11.7297
140  20 -0.0687  0.0241 12.2710
148  20 -0.0026  0.0294 12.2193
156  20  0.1316  0.0261 12.4392
164  20  0.2210  0.1908 14.7355
172  20  0.0835  0.0951 13.0501
180  20  0.0389  0.0462 16.4124
188  20  0.0610  0.0543 16.3991
196  20  0.0018 -0.0010 21.6478
204  20 -0.0145  0.1266 20.4199
212  20 -0.1369 -0.0169 20.9836
220  20  0.3985  0.1479  7.0325
228  20 -0.3384  0.0000  8.9797
236  20     NaN     NaN 11.9686
244  20 -0.0151  0.0956 10.1230
252  20  0.3620  0.3050  6.6991
260  20  0.0270  0.0294 15.7808
268  20 -0.0624  0.1811 16.3500
276  20  0.1197  0.2583 11.1600
284  20 -0.0887  0.0000  7.0830
292  20  0.0963  0.1459 13.0861
  4  28  0.0000  0.0291 12.2559
 12  28 -0.0117 -0.0310 11.8240
 20  28  0.0333  0.0514 14.1386
 28  28 -0.0015 -0.0125 12.4825
 36  28  0.0023  0.0027 12.2058
 44  28 -0.0017 -0.0012 10.8030
 52  28 -0.0025  0.0023 10.6458
 60  28 -0.0118 -0.0152 10.8747
 68  28  0.0317  0.0215 10.8151
 76  28 -0.0182  0.0000  9.8428
 84  28  0.0109 -0.0146 10.0298
 92  28 -0.0295  0.0003 11.0020
100  28 -0.0811  0.0068 16.7726
108  28  0.0288  0.0456 10.6833
116  28 -0.0456 -0.0224  9.3878
124  28  0.0487  0.0370  8.8138
132  28 -0.0035 -0.0115  8.8204
140  28  0.0145  0.0186  9.6387
148  28  0.0148  0.0323 16.9536
156  28  0.2720  0.1976 19.2790
164  28  0.1770  0.3032 16.6465
172  28  0.1918  0.0128 13.2376
180  28  0.0817  0.0196 10.1007
188  28  0.0136  0.0410  8.7608
196  28 -0.0224  0.0306  9.4003
204  28 -0.0090  0.0658  9.8728
212  28  0.0150  0.0754  9.8134
220  28 -0.0093  0.0891  9.2881
228  28 -0.0117  0.0795  8.7989
236  28 -0.0279  0.0696  9.2290
244  28  0.0157  0.0963 11.8598
252  28 -0.0072  0.1140 14.0888
260  28  0.0505  0.0575 16.2736
268  28  0.0102  0.0688 17.7249
276  28  0.0091  0.1121 11.8769
284  28  0.0091  0.0931 10.8956
292  28 -0.0040  0.0995 12.3567
  4  36 -0.0004  0.0536  7.2260
 12  36 -0.0181  0.0018  7.5416
 20  36 -0.0185 -0.0018  6.6317
 28  36 -0.0181 -0.1572  6.3450
 36  36  0.0000  0.0000  7.4083
 44  36  0.0511  0.2096  6.8110
 52  36 -0.2007  0.1155 10.2226
 60  36  0.1141 -0.1733 12.1297
 68  36  0.0251 -0.0533  8.9501
 76  36  0.2155  0.0944 12.3010
 84  36  0.0992 -0.0047 11.4191
 92  36 -0.0394 -0.0449  9.4217
100  36 -0.1247 -0.0254  9.2962
108  36  0.0873  0.1707  7.3478
116  36  0.0000  0.0000  6.5049
124  36 -0.0452  6.3711  8.1270
132  36 -0.3630  2.5000 10.5361
140  36  0.0823  0.0042 15.0228
148  36  0.0355  0.0120 11.5126
156  36  0.1123  0.3047 11.8213
164  36  0.0426  0.1805 10.4246
172  36  0.1438  0.2039 15.5993
180  36  0.1201 -0.0651  8.4292
188  36  0.0413  0.0937 12.4127
196  36 -0.0868  0.0181 13.6482
204  36  0.0204 -0.0661 13.2294
212  36  0.0432  0.0602 12.4107
220  36  0.0248 -0.0297 13.4174
228  36  0.0000  0.0736  9.7300
236  36 -0.2019  0.0975  9.6976
244  36 -0.2198  0.2180 11.9818
252  36  0.2139  0.1211 13.4590
260  36  0.4176 -0.0066  9.7645
268  36  0.1727  0.1317  9.4937
276  36  0.2186  0.0279  7.4667
284  36  0.2683 -0.2691 11.8154
292  36  0.0000  0.0000 12.5445
  4  44  0.0000 -0.0855 10.6035
 12  44  0.2693  0.0982  9.7086
 20  44  0.0301 -0.2489 12.2622
 28  44  0.0377  0.0955 13.8563
 36  44 -0.0386 -0.0495 10.1372
 44  44  0.0995  0.0000  8.8782
 52  44  0.1256 -0.2650  7.7576
 60  44  0.0820 -0.2006  6.5696
 68  44  2.8961 -0.0787  6.6651
 76  44  0.0000 -3.0000  8.8276
 84  44  0.0000  0.0000  0.0000
 92  44 -0.0812  1.5000 10.1857
100  44  0.0000  0.0000  0.0000
108  44  0.0000  0.0000  0.0000
116  44  0.0000  0.0000  0.0000
124  44  0.0000  0.0000  0.0000
132  44  0.0000  0.0000  0.0000
140  44 -2.7933  2.5000 13.4737
148  44  0.0161  0.0201 11.6890
156  44  0.1037  0.1139 19.2687
164  44  0.0155  0.1026 14.6933
172  44 -0.0035  0.0203 15.6250
180  44  0.0024  0.0118  6.3957
188  44  0.0000  0.0000  0.0000
196  44  0.0000 -3.8084  6.6646
204  44 -0.0781 -0.0554  8.6373
212  44 -0.0804  0.0259  9.0075
220  44  0.1509 -0.1486 10.8324
228  44  0.0165 -0.1634  9.6271
236  44 -0.1280  0.2751 11.2752
244  44  0.0315  0.1740 13.5792
252  44 -0.0754 -0.0878 12.5503
260  44 -0.0070 -0.1846 11.5091
268  44 -0.6393  0.0043  9.4007
276  44 -0.1614  0.1116  7.3143
284  44  0.0674  1.1364  7.2483
292  44  0.0100 -0.1176 11.5740
  4  52  0.0179  0.0373  9.0211
 12  52  0.0703  0.3324  7.5054
 20  52  0.0175  1.6307  7.8026
 28  52  0.2269 -2.0609  8.2581
 36  52  0.0000  0.0000  0.0000
 44  52  0.0000  0.0000  0.0000
 52  52  0.0000  0.0000  0.0000
 60  52  0.0000  0.0000  0.0000
 68  52  0.0000  0.0000  0.0000
 76  52  0.0000  0.0000  0.0000
 84  52  0.0000  0.0000 16.1088
 92  52  0.0000  2.5000  8.8276
100  52 -0.1200  0.1695 12.6175
108  52  0.0000 -0.1960 11.1304
116  52  0.0000  0.0000  0.0000
124  52  0.0000  0.0000  0.0000
132  52  0.0000  0.0000  0.0000
140  52 -0.0693 -0.0617  5.2050
148  52  0.0113  0.1659  8.2739
156  52  0.0036  0.1557  8.4498
164  52 -0.0084  0.1520  7.8166
172  52  0.0310  0.0594  8.3448
180  52 -0.0366  0.1310  6.2377
188  52  0.1897 -0.0728 10.6871
196  52  0.2936 -1.5732  7.8909
204  52  0.0000  0.0000  7.3911
212  52  0.3130 -0.2068  6.5864
220  52  0.0452 -0.3513  9.5391
228  52  0.0544  0.0159 10.3530
236  52  0.1261  0.0254 10.4723
244  52 -0.0287  0.0565 14.5663
252  52 -0.1709  0.4456  7.1782
260  52 -0.0248  0.0332  9.7427
268  52 -0.0169 -0.1142 11.0542
276  52 -0.0816 -0.1025  9.7081
284  52  0.0021  0.1214  9.6441
292  52 -0.0653  0.3736 10.4653
  4  60 -0.1230  0.7774 12.7023
 12  60  0.0474 -0.0104 10.8936
 20  60  0.0000  0.0000  0.0000
 28  60  0.0000  0.0000  0.0000
 36  60 -0.5000  4.5000  4.0635
 44  60  0.0000  0.0000 11.1304
 52  60  2.5000 -0.1588 10.5785
 60  60  2.5000  0.0000  8.8276
 68  60  0.0000  0.0000  0.0000
 76  60  0.0000  0.0000  0.0000
 84  60 -2.7690  0.1142  6.4229
 92  60  0.0445  0.0040  9.7934
100  60 -0.0318 -0.0371 11.8400
108  60  0.0000 -0.2525 10.8936
116  60 -0.2637 -0.0367 10.8805
124  60  0.0000  0.0000 12.0628
132  60  0.0000  0.0000 12.1905
140  60 -2.8241  0.2581 11.0940
148  60  1.7682  0.1695 12.1393
156  60  0.0272  0.0238 11.1899
164  60  4.5000 -0.1174 13.8795
172  60 -0.0083 -0.0418 11.2576
180  60 -1.5000  0.0000  8.2581
188  60  0.0000  0.0000 11.1304
196  60  0.0000  0.0000  0.0000
204  60  0.0000  0.0000  0.0000
212  60  0.0000  0.0000  0.0000
220  60  0.0000  0.0000  0.0000
228  60  0.0530  0.0000  9.2850
236  60  0.0000  0.0000  0.0000
244  60 -0.1195 -1.0576  7.0137
252  60 -0.3310  0.1776 10.4112
260  60 -0.0382 -0.1028 16.6166
268  60  0.2108  1.6008 10.8988
276  60 -0.1798 -1.0000  6.7923
284  60  0.0235 -0.3939  8.7892
292  60  0.0080  0.3923  9.0661
  4  68  0.0000  0.0000  0.0000
 12  68 -0.5000  4.5000  4.0635
 20  68  0.0000  0.0000 11.1304
 28  68  4.5000 -0.5000  4.0635
 36  68  0.0000 -0.5000  4.0635
 44  68  0.0000  0.0000 11.1304
 52  68  1.1838  2.5000  7.5779
 60  68 -0.1695 -0.0783 16.2025
 68  68  2.5000  2.0000  8.8276
 76  68 -0.0603  0.1628 12.6524
 84  68  0.3017  0.3416  8.3934
 92  68  0.1473  0.1605 11.0404
100  68 -0.1112  0.4469  5.2880
108  68 -0.3471  0.4337  7.3143
116  68  0.0000  0.0000  9.8462
124  68  0.0000  0.0000 16.1088
132  68  0.0000 -0.1960 11.1304
140  68 -0.2271  2.5000  9.1201
148  68  0.5000  0.0533  9.4473
156  68  0.0000  0.0000  0.0000
164  68 -0.0391 -0.5000  9.3822
172  68  0.0000 -0.1151  9.2086
180  68  0.0418  0.1521 12.6567
188  68  0.1960  2.5000 11.1304
196  68  0.0000  0.0000  0.0000
204  68  0.0000  0.0000 11.1304
212  68  0.0000  0.0000  0.0000
220  68  0.0000  0.0000  0.0000
228  68  0.0000  0.0000  0.0000
236  68  0.0000  0.0000 16.1088
244  68  0.0000  0.0000  0.0000
252  68 -0.0832  0.3131  9.8462
260  68  0.6340  1.8751  7.1855
268  68  0.2831  0.2139 11.7405
276  68 -0.1232  0.3672 10.4867
284  68  0.0000  0.0000 16.1088
292  68 -0.3127  0.1061  9.8739
  4  76  0.0000  0.0000  0.0000
 12  76 -0.5000 -0.5000  4.0635
 20  76  0.0000 -0.5000  8.8276
 28  76  0.0000  0.0000  0.0000
 36  76  0.0000  0.0000  0.0000
 44  76 -0.0217  0.8256 10.8489
 52  76  0.0000  1.5000  6.5641
 60  76 -0.1530  0.1840  5.4880
 68  76 -0.7209 -0.2031  8.1958
 76  76 -0.2576 -0.2343  9.0094
 84  76  0.0407 -0.0330 23.9866
 92  76  0.0000  0.0000  0.0000
100  76  0.0000  0.0000  0.0000
108  76     NaN  5.1203  5.4468
116  76  0.1431 -0.2146 10.1768
124  76  0.3468  2.5000 10.2045
132  76 -0.5000  0.0000  8.8276
140  76  0.2521 -0.2082 11.8997
148  76  1.5000  0.0448  8.9013
156  76  0.0000  0.0000  0.0000
164  76  0.0000  0.0000  0.0000
172  76  0.0000  0.0000  0.0000
180  76  2.5000  0.0000  8.8276
188  76  0.0000  0.0000 11.1304
196  76  0.0000  0.0000  0.0000
204  76  0.0000  0.0000  0.0000
212  76  0.1063  0.0000  6.9728
220  76  0.0000  0.0000  0.0000
228  76  0.0000  0.0000  0.0000
236  76  0.0000  0.5000  6.9189
244  76  0.0000  0.0000  0.0000
252  76  0.0000  0.0000 11.1304
260  76  0.0000  0.0000  0.0000
268  76  0.0000  0.0000  0.0000
276  76  2.5000  0.0000  8.8276
284  76 -0.3127  0.1061  9.8739
292  76 -0.3127  0.1061  9.8739
  4  84  2.5000  0.0000  8.8276
 12  84 -0.1960 -0.5000 11.1304
 20  84  0.1841 -0.0418 12.3683
 28  84  0.0000  0.0000 16.1088
 36  84 -0.1012  0.0458 14.0274
 44  84 -0.0646 -0.2061  8.3608
 52  84  0.0000  0.2888  8.3718
 60  84 -2.0743  1.8223 10.1677
 68  84  0.0000  0.0000 19.4783
 76  84  2.5000 -0.3577 12.8000
 84  84 -3.1698  0.1837 11.6364
 92  84  0.0000  0.0000  0.0000
100  84 -0.1960 -0.5000 11.1304
108  84 -0.5000  0.0000  8.8276
116  84 -0.4363  0.4002  8.0688
124  84 -0.0493 -0.0231 10.9073
132  84  0.1123  0.0711 13.6764
140  84  0.0418 -0.1521 12.6567
148  84 -3.5000 -0.0711 12.2169
156  84  0.0000 -0.3042 10.2400
164  84  0.0000 -0.1960 11.1304
172  84  3.4179 -0.0666 10.9194
180  84  0.0000  0.0000  0.0000
188  84  0.0000  0.0000  0.0000
196  84 -0.5000  0.0391  9.3822
204  84  0.0000  0.0000  0.0000
212  84  0.0000  0.0000  0.0000
220  84  0.0000  0.0000  0.0000
228  84  0.0000  0.0000  0.0000
236  84  0.0000  0.0000 11.1304
244  84 -0.5000  0.0000  8.8276
252  84  0.0000  0.0000  0.0000
260  84  0.0000  0.0000  0.0000
268  84  0.0000  0.0000  0.0000
276  84  0.0000  0.0000  0.0000
284  84  0.0000  0.0000 11.1304
292  84  0.0000  0.0000  0.0000
  4  92 -0.1990  0.1141 17.3949
 12  92 -0.2016  2.0000  7.9427
 20  92 -2.5000  0.0000 11.1304
 28  92 -0.1722  0.2908 19.4902
 36  92  0.1138  0.0000  7.2997
 44  92  2.5000 -0.1588 10.5785
 52  92 -0.1101 -0.0925  9.0443
 60  92  0.0383 -0.0202 19.3509
 68  92 -0.3732  0.3694 10.3318
 76  92 -0.2264  3.2174  8.1086
 84  92 -0.1078  0.2325  8.5090
 92  92     NaN  0.0000  9.1680
100  92  2.1562 -0.0174  9.0724
108  92 -0.0832  0.3131  9.8462
116  92  0.0000  0.0000  0.0000
124  92  0.0000  0.0000  0.0000
132  92 -0.1533  1.5000  8.0910
140  92 -0.2611 -0.1783  7.6338
148  92  0.0000  0.0000  0.0000
156  92  0.0000  0.0000  0.0000
164  92  0.0000  0.0000  0.0000
172  92  0.0000  0.0000  0.0000
180  92  0.0000  0.0000  0.0000
188  92  0.0000  0.0000  0.0000
196  92  0.0000  0.0000  0.0000
204  92  0.0000 -4.6564 12.4564
212  92  0.0000  0.0000  0.0000
220  92  0.0000  2.5000  8.8276
228  92  0.0000  0.0000 16.1088
236  92 -0.1867 -1.5000  6.4178
244  92  0.0000  0.0000 11.1304
252  92  0.0000  0.0000  0.0000
260  92  0.0000  0.0000  0.0000
268  92  0.0000  0.0000  0.0000
276  92  0.0000  0.0000  0.0000
284  92 -1.5000  0.0000  8.2581
292  92  0.0000  0.0000  0.0000
  4 100 -0.5000  0.1588 10.5785
 12 100  0.0000  0.0000  0.0000
 20 100  0.3259 -0.1386 12.8180
 28 100 -0.0417 -0.1134  7.3143
 36 100  0.0000 -0.1063  6.9728
 44 100 -0.3103 -0.1899 10.0797
 52 100  0.2318  0.0170 18.3415
 60 100  0.2141  0.0341 12.3209
 68 100 -0.0426  1.6572  6.6603
 76 100  0.0000  0.0000  0.0000
 84 100 -0.5000  0.0000  8.8276
 92 100 -0.1841  0.0418 12.3683
100 100  0.0000  0.0000  0.0000
108 100  1.6882  0.3471  6.6888
116 100 -0.4043  0.4043  8.0000
124 100  0.0000 -0.1151  9.2086
132 100  0.0000  0.0000  0.0000
140 100     NaN  0.2738  6.8137
148 100  0.0000  0.0000  0.0000
156 100 -0.0811 -0.4442 12.0144
164 100  0.0000  0.0000 11.1304
172 100  0.0000  0.0000 11.1304
180 100 -0.5000  0.0000  8.8276
188 100  0.0000  0.0000  0.0000
196 100  0.0000  0.0000  0.0000
204 100  0.2080  0.2715 12.3107
212 100  0.1841  0.0418 12.3683
220 100  0.0000  0.0000 11.1304
228 100  0.0000  0.0000  0.0000
236 100 -2.3429  2.5000 10.3199
244 100  0.0000  0.0000 16.1088
252 100  0.0000  0.0000 16.1088
260 100  0.0000  0.0000  0.0000
268 100  0.0000  0.0000  0.0000
276 100  2.5000  0.0000  8.8276
284 100  0.0000  0.0000 11.1304
292 100  0.0000  0.0000 11.1304
  4 108  0.1146  0.0101 17.4161
 12 108  0.0000  1.5713  8.0359
 20 108  0.0000  0.0000  0.0000
 28 108  0.0000  0.0000 11.1304
 36 108 -0.1263 -0.0969 14.7403
 44 108 -0.3127 -0.1061  9.8739
 52 108 -1.7753  1.6140 10.9519
 60 108  0.0000  0.0000  0.0000
 68 108  0.0000  0.0000  0.0000
 76 108  0.0000  0.0000 11.1304
 84 108  0.0000  0.0000  0.0000
 92 108  0.0000  0.0000  0.0000
100 108  0.0000  0.0000  0.0000
108 108  0.0000  0.0000 11.1304
116 108 -0.3586  0.0904  7.8965
124 108  0.0330  0.8370  5.1598
132 108 -0.4164 -0.2796  7.0929
140 108  1.5000 -1.0000  7.4357
148 108  0.0000  0.0000  0.0000
156 108 -0.3577  0.0000 13.4737
164 108  0.0000  0.0000  0.0000
172 108  0.0000  0.0000 11.1304
180 108  0.0000  0.0000  0.0000
188 108  0.0000  0.0000  0.0000
196 108  0.0000  0.0000  0.0000
204 108  0.0000  0.0000  0.0000
212 108  2.5000  0.0000  8.8276
220 108 -0.2271 -0.5000  9.5143
228 108  0.0000  0.0000  0.0000
236 108  0.0000  0.0000  0.0000
244 108  0.0000  0.0000  0.0000
252 108 -0.5000  0.0000  8.8276
260 108  0.0000  0.0000 16.1088
268 108  0.0000  0.0000  0.0000
276 108  0.0000  0.0000  0.0000
284 108 -0.5000  0.0000  8.8276
292 108  0.0000  0.0000  0.0000
  4 116  0.2788 -2.0000  7.5294
 12 116  0.0000 -0.2917 11.1304
 20 116 -0.5000  0.0000  8.8276
 28 116  0.0000  0.0000  0.0000
 36 116  0.0000  0.0000  0.0000
 44 116  0.0000  0.0000  0.0000
 52 116  0.0000  0.1063  6.9728
 60 116  0.0000  0.1960 11.1304
 68 116 -0.1841  0.0418 12.3683
 76 116  2.5000  0.0000  8.8276
 84 116 -0.3127 -0.1061  9.8739
 92 116  0.0000  0.0000 11.1304
100 116 -0.5000  0.0000  8.8276
108 116  0.0000  0.0000 11.1304
116 116 -0.5000  0.0265  9.4815
124 116 -0.2939 -1.8628  7.1608
132 116  0.0901  2.5000  5.8344
140 116  0.5000  4.5000  4.0635
148 116  0.0000  0.0000 11.1304
156 116  0.0000  0.0000  0.0000
164 116  0.0000  0.0000  0.0000
172 116  0.0000  2.5000  8.8276
180 116  0.0000  0.0000  0.0000
188 116  0.0000 -0.5000  8.8276
196 116  0.0000  0.0000  0.0000
204 116 -0.5000  5.0000  8.8276
212 116  0.0000  0.0000  0.0000
220 116  0.0000  2.5000  8.8276
228 116  4.8566  2.5000  8.3934
236 116  0.0000  0.0000  0.0000
244 116  0.0000  0.0000  0.0000
252 116  0.0000  0.0000  0.0000
260 116  0.0000  0.0000  0.0000
268 116 -0.1151  0.1151 16.5161
276 116  0.0000  0.0000  0.0000
284 116 -0.5000 -0.5000  4.0635
292 116  4.5000  4.5000  4.0635
  4 124  0.0000 -0.5000  4.0635
 12 124  0.0000  0.0000  0.0000
 20 124  0.0000  0.0000  0.0000
 28 124  0.0000  0.0000  0.0000
 36 124 -4.5000  4.5000 10.2230
 44 124  0.0000  0.0000 20.7059
 52 124  0.0513  0.2822  8.3417
 60 124 -0.5000  0.0000  8.8276
 68 124  0.0000  0.0000  0.0000
 76 124  4.5000 -0.5000  4.0635
 84 124 -0.0418  0.1521 12.6567
 92 124  0.0000  0.0000  0.0000
100 124  0.0832  0.3131  9.8462
108 124  0.0000  0.0000  0.0000
116 124 -0.5000  2.5000  8.4476
124 124  0.0000  0.0000  0.0000
132 124  0.0000 -0.5000  8.8276
140 124  0.0000  0.0000  0.0000
148 124  0.0000  0.0000  0.0000
156 124  0.0000  0.0000  1.0000
164 124  0.0000  0.0000  0.0000
172 124  0.0000  0.0000 11.1304
180 124  0.0000  0.0000  0.0000
188 124  0.0000  0.0000  0.0000
196 124  0.0000  0.0000  0.0000
204 124  0.0000  0.0000  0.0000
212 124  0.0000  0.0000  0.0000
220 124  4.5000  4.5000  4.0635
228 124  0.0000  0.0000 16.1088
236 124  0.0000  0.0000  0.0000
244 124  0.0000  0.0000  0.0000
252 124  0.0000  0.0000  0.0000
260 124  0.0000  0.0000  0.0000
268 124  0.0000  0.0000  0.0000
276 124  0.1180  2.5000  9.2850
284 124  0.0000  0.0000  0.0000
292 124  0.0000  0.0000  0.0000
  4 132  0.0000  0.0000 11.1304
 12 132  0.0000  0.0000  0.0000
 20 132  2.5000  0.0000  8.8276
 28 132  0.0000  0.0000  0.0000
 36 132  0.0000  0.0000  0.0000
 44 132  0.0418 -0.1521 12.6567
 52 132  0.0000  0.0000  0.0000
 60 132  0.0000  0.0000  0.0000
 68 132  0.0000  0.0000  0.0000
 76 132 -0.3732 -0.5000  9.6402
 84 132 -0.3290  2.8274  8.0000
 92 132  0.2587  0.1868 11.1614
100 132  5.5000 -0.1151  4.1694
108 132  0.0000  0.0000  0.0000
116 132 -0.5000 -1.0000  4.0635
124 132  0.0000  0.0000  0.0000
132 132  0.0000  0.0000  0.0000
140 132  0.0000  0.0000  0.0000
148 132  0.0000  0.0000  0.0000
156 132  0.0844 -0.1990 10.2665
164 132  0.0000  0.0000  0.0000
172 132  0.0000  0.0000  0.0000
180 132 -0.0255  1.5000  9.7158
188 132  0.0000  0.0000  0.0000
196 132  0.0000  0.0000  0.0000
204 132  0.0000  0.0000  0.0000
212 132  4.5000 -4.7609  8.2581
220 132  0.0000 -2.0000 11.1304
228 132  0.2780  0.1270 13.3759
236 132  0.0000  0.0000  0.0000
244 132  0.0000  0.0000  0.0000
252 132  0.0000  0.0000 11.1304
260 132  0.0000  0.0000 11.1304
268 132 -0.5000  0.0000  8.8276
276 132  0.0000  0.0000  0.0000
284 132  0.0391  2.5000  9.3822
292 132  0.0000  0.0000  0.0000
  4 140 -0.5000  0.0000  8.8276
 12 140  0.0000  0.0000  0.0000
 20 140  0.0000  0.0000  0.0000
 28 140  0.0000  0.0000  0.0000
 36 140  0.1378  0.2063 14.4972
 44 140 -0.4043 -0.4043  8.0000
 52 140  0.0000 -0.5000  8.8276
 60 140  0.0000  0.0000  0.0000
 68 140  0.0000  0.0000  0.0000
 76 140  0.0000  0.0000 13.0803
 84 140  1.2596  0.3479  7.1968
 92 140  0.0000 -0.5000  8.8276
100 140  0.0000  0.0000  0.0000
108 140  0.0000  0.0000 11.1304
116 140  0.0000  0.0000  0.0000
124 140  0.0000  0.0000  0.0000
132 140  0.0000  0.0000  0.0000
140 140  0.0000  0.0000  0.0000
148 140  0.0000  0.0000  0.0000
156 140  0.1151  0.0000  9.4118
164 140  0.0000  0.0000  0.0000
172 140  0.0000  0.0000  0.0000
180 140 -0.1180 -0.5000  9.2850
188 140  0.0000  0.0000  0.0000
196 140  0.0000  0.0000  0.0000
204 140 -0.5000  2.5000  8.4476
212 140     NaN     NaN  9.3822
220 140  0.0000  0.0000  0.0000
228 140  0.0000  0.0000  0.0000
236 140  0.0000  0.0000 16.1088
244 140  0.0000  0.0000 11.1304
252 140  0.0000  0.0000 11.1304
260 140  0.0000 -0.1960 11.1304
268 140 -0.5000  0.0000  8.8276
276 140  4.5000 -0.5000  4.0635
284 140  0.0000  0.0000 11.1304
292 140  0.0000  0.0000  0.0000
  4 148  0.0000  0.0000  0.0000
 12 148  0.0000  0.0000  0.0000
 20 148  0.0000  0.0000  0.0000
 28 148  0.1960  2.5000 11.1304
 36 148 -0.7389  0.5000  8.0688
 44 148  0.0000  0.0000  0.0000
 52 148  0.0000  0.0000  0.0000
 60 148  0.0000  0.0000  0.0000
 68 148  0.0000  0.0000  0.0000
 76 148 -0.2181 -4.0000  8.9418
 84 148  0.0000 -0.5000  8.8276
 92 148  0.0000  0.0000  0.0000
100 148  0.0000  0.0000  0.0000
108 148  0.0000  0.0000  0.0000
116 148  0.0000  0.0000 11.1304
124 148  0.1151  0.1151 16.5161
132 148  0.0000  0.0000  0.0000
140 148  0.0000  0.0000  0.0000
148 148  0.0000  0.0000  0.0000
156 148 -0.0844  0.1990 10.2665
164 148  0.5000  0.0000 11.1304
172 148     NaN  5.1203  5.4468
180 148 -0.0387  4.2567 12.9537
188 148  0.0000  0.0000  0.0000
196 148  0.0000  0.0000  0.0000
204 148 -0.5000 -4.5000  4.0635
212 148  0.0000 -0.5000  8.8276
220 148  3.5000  0.0944  8.7605
228 148  0.0000  0.0000  0.0000
236 148 -0.5000  0.0000  8.8276
244 148 -0.5000  0.0000  8.8276
252 148  0.0000  0.0000  0.0000
260 148 -0.5000  0.0000  8.8276
268 148  0.0000  0.0000  0.0000
276 148  0.0000  0.0000  0.0000
284 148  0.0000  0.0000 11.1304
292 148  0.0000  0.0000  0.0000
  4 156  0.0000  0.0000  0.0000
 12 156  0.0000  0.0000  0.0000
 20 156  0.0000  0.0000  0.0000
 28 156  0.0000  0.0000  0.0000
 36 156  0.0000 -0.5000  8.8276
 44 156  0.0000  0.0000  0.0000
 52 156  0.0000  0.0000  0.0000
 60 156  0.0000  0.0000  0.0000
 68 156  0.0000  0.0000 12.0455
 76 156 -0.4043 -0.4043  8.0000
 84 156  0.0418 -0.1521 12.6567
 92 156  0.0000  0.0000  0.0000
100 156  0.0000  0.0000  0.0000
108 156  0.0000  0.0000  0.0000
116 156  0.0000  0.0000 16.1088
124 156  0.0000  0.0000  0.0000
132 156  0.0000  0.0000  0.0000
140 156  0.0000  0.0000  0.0000
148 156  0.2917  0.0000 11.1304
156 156  0.0000  0.0000  9.8462
164 156  0.2271  2.5000  9.5143
172 156  0.0000  0.0000  0.0000
180 156 -0.0832 -0.3131  9.8462
188 156  2.7620  2.5000  9.9740
196 156     NaN     NaN  5.4468
204 156  0.0000  0.0000  0.0000
212 156  0.0000  0.0000  0.0000
220 156  0.0000  0.0000  0.0000
228 156  0.0000  0.0000  0.0000
236 156  0.0000  0.0000  0.0000
244 156  0.0000  0.0000  0.0000
252 156  0.0000  0.0000  0.0000
260 156  2.5000 -0.1588 10.5785
268 156  2.5000  5.0000  8.8276
276 156  0.0000  0.0000  0.0000
284 156  0.0000  0.0000  0.0000
292 156  0.0000  0.0000  0.0000
  4 164  0.0000  0.0000 11.1304
 12 164  0.0000  0.0000  0.0000
 20 164  0.0000  0.0000  0.0000
 28 164 -0.1960 -0.5000 11.1304
 36 164  4.5000 -0.5000  4.0635
 44 164  0.0000  0.0000  0.0000
 52 164  0.0000  0.0000  0.0000
 60 164 -0.5000  0.0000  8.8276
 68 164  1.5000 -0.0825  7.4357
 76 164  0.3732  0.5000  9.6402
 84 164  0.0000 -0.5000  8.8276
 92 164  0.0000  0.0000  0.0000
100 164  0.0000  0.0000  0.0000
108 164 -0.0418  0.1521 12.6567
116 164  0.0000  2.5000  8.8276
124 164  0.0000  0.0000  0.0000
132 164  0.0000  0.0000  0.0000
140 164  0.0000  0.0000  0.0000
148 164  0.3461  0.0000 11.1304
156 164  0.5000  0.0000  8.8276
164 164  0.1969  0.1094  9.7099
172 164  0.0000  0.0000  0.0000
180 164 -0.1960 -0.5000 11.1304
188 164 -0.5000  0.0000  8.8276
196 164  0.0000  0.0000  0.0000
204 164  0.0000  0.0000  0.0000
212 164  0.0000  0.0000 11.1304
220 164  0.0000  0.0000  0.0000
228 164  0.0000  0.0000  0.0000
236 164  0.0000  0.0000  0.0000
244 164  0.0000  0.0000  0.0000
252 164  0.0000  2.5000  8.8276
260 164  0.0000  0.0000  0.0000
268 164  0.0000  0.0000  0.0000
276 164  0.0000  0.0000  0.0000
284 164  0.0000  0.0000  0.0000
292 164  0.0000  0.0000  0.0000
  4 172  0.0000 -0.5000  8.8276
 12 172  0.0000  0.0000  0.0000
 20 172  4.5000 -0.5000  4.0635
 28 172  0.0000  2.5000  8.8276
 36 172  0.0000  0.0000  0.0000
 44 172  0.0000  0.0000  0.0000
 52 172  0.0000  0.0000  0.0000
 60 172  0.0000  0.0000 12.0455
 68 172  0.4363  0.4002  8.0688
 76 172  0.0000  0.0000  0.0000
 84 172  0.0000  0.0000  0.0000
 92 172  0.0000  0.0000  0.0000
100 172  0.0000  0.0000  0.0000
108 172  0.0418 -0.1521 12.6567
116 172  0.0000  0.0000  0.0000
124 172  0.0000  0.0000  0.0000
132 172  0.0000  0.0000  0.0000
140 172  0.0000  0.0000  0.0000
148 172  0.0000  2.5000  8.8276
156 172  0.0000  0.0000  0.0000
164 172  0.0000  0.0000 12.0628
172 172  0.0000  0.0000  0.0000
180 172  0.0000  2.5000  8.8276
188 172  0.0000  2.5000  8.8276
196 172  0.0000  0.0000  0.0000
204 172  0.0000  0.0000  0.0000
212 172  0.0000  0.0000  0.0000
220 172  0.0000  0.0000  0.0000
228 172  0.0000  0.0000  0.0000
236 172  0.0000  0.0000  0.0000
244 172  0.0000  0.0000 11.1304
252 172  0.0000  0.0000  0.0000
260 172  0.0000  2.5000  8.8276
268 172  0.0000  0.0000  0.0000
276 172  0.0000  0.0000  0.0000
284 172  0.0000  0.0000  0.0000
292 172  0.0000  0.0000  0.0000
  4 180  0.0000  0.0000  0.0000
 12 180  0.0000  0.0000  0.0000
 20 180 -0.1960  0.0000 11.1304
 28 180  0.0000 -0.5000  8.8276
 36 180  0.0875 -4.5737  6.5963
 44 180  0.0157 -0.2191  5.1002
 52 180 -0.0127  0.0714 11.0788
 60 180 -0.2414  0.0000 11.1304
 68 180 -0.1174  0.0944 13.2161
 76 180  0.0000  0.0000  0.0000
 84 180  0.0000  0.0000  0.0000
 92 180  0.0000  0.0000  0.0000
100 180 -0.3732 -0.3694 10.3318
108 180  0.1960  0.0000 11.1304
116 180  0.0000  0.0000  0.0000
124 180  0.0000  0.0000 11.1304
132 180  0.0000  0.0000  0.0000
140 180  0.0000  0.0000  0.0000
148 180  0.0000  0.0000 11.1304
156 180  0.0000  0.0000  0.0000
164 180  0.1960  0.0000 11.1304
172 180  0.0000  0.0000  0.0000
180 180  0.0000 -0.5000  8.8276
188 180  0.0832 -0.3131  9.8462
196 180  0.0000  0.0000  0.0000
204 180  0.0000  0.0000  0.0000
212 180  0.0000  0.0000  0.0000
220 180  0.0000  0.0000  0.0000
228 180  0.0000  0.0000  0.0000
236 180  0.0000  0.0000  0.0000
244 180  0.0000  0.0000  0.0000
252 180  0.0000  0.0000  0.0000
260 180  0.0000  0.0000  0.0000
268 180  0.0000  0.0000  0.0000
276 180  0.0000  0.0000  0.0000
284 180  0.0000  0.0000  0.0000
292 180  0.0000  0.0000  0.0000
  4 188  0.0000  0.0000  0.0000
 12 188 -0.2780  0.1270 13.3759
 20 188 -0.2587 -0.1868 11.1614
 28 188  0.0000  0.0000  0.0000
 36 188 -0.1426  0.2947  9.4480
 44 188  0.2226 -0.0783  8.9600
 52 188 -0.1008  0.4090  7.4266
 60 188  0.0000  0.0000 11.1304
 68 188 -0.1180  2.5000  9.2850
 76 188  0.0000  0.0000  0.0000
 84 188  0.0000  0.0000  0.0000
 92 188  0.0000  5.0000 11.1304
100 188  0.2179  4.5000 11.0504
108 188  0.0000  0.1063  6.9728
116 188  0.0000  0.0000  0.0000
124 188  0.2917  0.0000 11.1304
132 188  0.0000  2.5000  8.8276
140 188  0.0000  0.0000  0.0000
148 188  0.0000 -0.5000 12.0628
156 188  0.0000  0.0000  0.0000
164 188  0.0000  0.0000  0.0000
172 188  0.0000  0.0000  0.0000
180 188  0.0000  0.0000  0.0000
188 188  0.1960  0.0000 11.1304
196 188 -0.5000  0.0000 11.1304
204 188  0.0000  0.0000  0.0000
212 188  0.0000  0.0000  0.0000
220 188  0.0000  0.0000  0.0000
228 188  0.0000  0.0000  0.0000
236 188  0.0000  0.0000  0.0000
244 188  0.0000  0.0000  0.0000
252 188  0.0000  0.0000  0.0000
260 188  0.0000  0.0000  0.0000
268 188  0.0000  0.0000  0.0000
276 188  0.0000  0.0000  0.0000
284 188  0.0000  0.0000  0.0000
292 188  0.0000  0.0000  0.0000
  4 196  0.0000  0.0000 11.1304
 12 196 -0.0832 -0.3131  9.8462
 20 196 -0.1313 -0.0812 16.9211
 28 196  0.0000  0.0000  0.0000
 36 196  0.0000  0.0000  0.0000
 44 196  0.0986 -0.2892  9.3450
 52 196 -1.0000  0.2638  7.7264
 60 196 -0.0418  0.1521 12.6567
 68 196 -0.5000  0.0000  8.8276
 76 196  0.0000  0.0000  0.0000
 84 196  0.0000  0.0000  0.0000
 92 196  0.0000  0.0000  0.0000
100 196  0.3577  0.0000 13.4737
108 196  0.0000  0.0000 11.1304
116 196  0.0000  0.0000  0.0000
124 196  0.3468 -0.5000 10.2045
132 196 -0.0832 -0.3131  9.8462
140 196  0.0000  0.0000  0.0000
148 196 -0.1180 -0.5000  9.2850
156 196  0.0000  0.0000  0.0000
164 196  0.1960  2.5000 11.1304
172 196  0.0000  0.0000  0.0000
180 196  0.0000  0.0000  0.0000
188 196  0.0000  2.5000  8.8276
196 196  0.0832 -0.3131  9.8462
204 196  0.0000  0.0000 11.1304
212 196  0.0000  0.0000  0.0000
220 196  0.0000  0.0000  0.0000
228 196  0.0000  0.0000  0.0000
236 196  0.0000  0.0000  0.0000
244 196  0.0000  0.0000  0.0000
252 196  0.0000  0.0000  0.0000
260 196     NaN     NaN  4.0635
268 196  0.0000  0.0000  0.0000
276 196  0.0000  0.0000  0.0000
284 196  0.0000  0.0000 11.1304
292 196 -0.5000  4.5000  4.0635
  4 204  4.5000 -0.5000  4.0635
 12 204  0.0000  0.0000  0.0000
 20 204  0.0000  0.0000  0.0000
 28 204  0.0000  0.0000  0.0000
 36 204 -0.1313  0.0812 16.9211
 44 204  1.0000  0.3491  6.8150
 52 204  1.3070  0.0337 12.4709
 60 204  0.1313 -0.0812 16.9211
 68 204  0.0000  0.0000  0.0000
 76 204  0.0000  0.0000 11.1304
 84 204  0.0000  0.0000 11.1304
 92 204  0.0000  0.0000  0.0000
100 204  0.0000 -0.5000  8.8276
108 204  0.0000 -0.5000  8.8276
116 204  2.5000 -0.5000  4.0635
124 204  0.0000  0.0000 11.1304
132 204 -1.5000  2.5000  7.0718
140 204     NaN     NaN  5.4468
148 204 -0.2917  0.0000 11.1304
156 204  0.0000  0.0000  0.0000
164 204  0.2038  4.9107 10.6667
172 204  2.5000  4.9269  8.9510
180 204  0.0000  0.0000  0.0000
188 204  0.0000  0.0000  0.0000
196 204  0.1960  0.0000 11.1304
204 204  0.0000  0.0000  0.0000
212 204  0.0000  0.0000  0.0000
220 204  0.0000  0.0000  0.0000
228 204  0.0000  0.0000  0.0000
236 204  0.0000  0.0000  0.0000
244 204  0.0000  0.0000  0.0000
252 204  0.0000  0.0000  0.0000
260 204  0.0000  0.0000  0.0000
268 204  0.0000  0.0000  0.0000
276 204  0.0000  0.0000  0.0000
284 204  0.0000 -0.5000  8.8276
292 204  0.0000  0.0000  0.0000
  4 212  0.3468  2.5000 10.2045
 12 212  0.3468  2.5000 10.2045
 20 212  0.0000  5.0000 11.1304
 28 212  0.0000  0.0000 11.1304
 36 212  0.0000  0.0000 12.0455
 44 212  0.0000  0.0000 11.1304
 52 212  0.0000  0.0000 16.1088
 60 212  0.0000  0.0000  0.0000
 68 212  0.0000  0.0000  0.0000
 76 212  0.0000  0.0000  0.0000
 84 212  0.0000  0.0000  0.0000
 92 212  0.0000  0.0000  0.0000
100 212 -0.1960  0.0000 11.1304
108 212  0.1180  2.5000  9.2850
116 212  0.0000  0.0000  0.0000
124 212  0.0000  0.0000 11.1304
132 212 -0.1589 -0.5000  8.8808
140 212  0.0000  0.0000  0.0000
148 212  0.0000 -0.5000  8.8276
156 212  0.0832 -0.3131  9.8462
164 212  0.1960  0.0000 11.1304
172 212  0.0000  0.0000 11.1304
180 212  0.0000  0.0000  0.0000
188 212  0.0000  0.0000 11.1304
196 212  0.0000 -0.1063  6.9728
204 212  0.0000  0.0000  0.0000
212 212  0.0000  0.0000  0.0000
220 212  0.0000  0.0000  0.0000
228 212  0.0000  0.0000  0.0000
236 212  0.0000  0.0000  0.0000
244 212  0.0000  0.0000  0.0000
252 212  0.0000  0.0000  0.0000
260 212  0.0000  0.0000  0.0000
268 212  0.0000  0.0000  0.0000
276 212  0.0000  0.0000  0.0000
284 212 -2.5000  0.0000 11.1304
292 212  5.5000  0.0000 11.1304
  4 220  0.0000  0.0000  0.0000
 12 220  0.0000  0.0000  0.0000
 20 220 -0.5000  0.0000  8.8276
 28 220 -0.4121  0.0000 13.4737
 36 220 -0.1151  0.1151 16.5161
 44 220  0.0000  0.0000 16.1088
 52 220  0.0000  0.0000  0.0000
 60 220  0.0000  0.0000  0.0000
 68 220  0.0000  0.0000  0.0000
 76 220  0.0000  0.0000  0.0000
 84 220  0.0000  0.0000  0.0000
 92 220  0.0000  0.0000  0.0000
100 220  0.0868 -0.0378 15.2803
108 220  0.0000  0.0000  0.0000
116 220  0.0000  0.0000  0.0000
124 220  0.0000  2.5000  8.8276
132 220 -0.2338  0.0188  6.7016
140 220  0.5000  0.0000 11.1304
148 220  0.0000  2.5000  8.8276
156 220 -1.1041  4.7367 10.6667
164 220  0.1960  0.0000 11.1304
172 220  0.0000  0.0000  0.0000
180 220  0.0000  0.0000  0.0000
188 220  0.0000  0.0000  0.0000
196 220  0.0000 -0.5000  8.8276
204 220  0.0000  0.0000  0.0000
212 220  0.0000  0.0000  0.0000
220 220  0.0000  0.0000  0.0000
228 220  0.0000  0.0000  0.0000
236 220  0.0000  0.0000  0.0000
244 220  0.0000  0.0000  0.0000
252 220  0.0000  0.0000  0.0000
260 220  0.0000  0.0000  0.0000
268 220  0.0000  0.0000  0.0000
276 220  0.1063  0.0000  6.9728
284 220  2.7322  5.0000  7.6040
292 220  0.0000  0.0000  0.0000
