VARIABLES= "X pix", "Y pix", "U pix/dt", "V pix/dt", "CHC", ZONE I=28, J=37
  4   4  0.0000  0.0000 11.0456
 12   4  0.0481 -0.2141  9.9623
 20   4  0.0000 -0.2693  9.8017
 28   4 -0.1118  0.0049 10.0177
 36   4  0.0000  0.0422  8.6094
 44   4  0.0000  0.0647  9.7184
 52   4  0.0000  0.0888  9.3942
 60   4 -0.0101 -0.0322  9.9113
 68   4 -0.0108  0.0593 10.5152
 76   4  0.0000  0.0145 11.0935
 84   4  0.0000 -0.0085 10.9507
 92   4 -0.0106  0.0048 11.8003
100   4 -0.0050 -0.0050 11.0967
108   4 -0.0066  0.0575 11.6708
116   4  0.0000  0.0712 12.2069
124   4  0.0000  0.1033 11.1398
132   4  0.0000  0.0499 11.3344
140   4  0.0000  0.0162 11.8572
148   4  0.0000  0.0286 12.1954
156   4  0.0000  0.0209 11.8613
164   4 -0.0443 -0.0146 11.8794
172   4  0.0000 -0.0432 11.9346
180   4  0.0000 -0.0025 11.9694
188   4  0.0087  0.0000 10.8734
196   4 -0.0028  0.0030 11.9713
204   4 -0.0646 -0.0612 10.7063
212   4 -0.0604  0.1561  9.6623
220   4  0.1771 -0.0826 10.6458
228   4  0.0000  0.0438 12.5902
236   4  0.0081  0.0322 12.6278
244   4  0.0000  0.0000 12.4405
252   4  0.0000  0.0044 12.0465
260   4  0.0096 -0.0796 11.8186
268   4 -0.0098  0.1195 11.9007
276   4  0.0000 -0.1068 12.2969
284   4  0.0000  0.0631 11.9959
292   4  0.0000 -0.0035 12.2152
  4  12  0.0000  1.5000  8.2581
 12  12 -0.2617 -0.3260 11.8911
 20  12  0.0000 -0.7528 11.4627
 28  12  0.0000  0.0000 13.0402
 36  12  0.0000 -0.2603 10.3199
 44  12 -0.0186 -0.3032  9.7607
 52  12  0.0000  0.0000 11.6053
 60  12  0.0000 -0.6788  8.9704
 68  12 -0.0254 -1.1779  7.0002
 76  12  0.0000 -0.4452  7.6077
 84  12 -0.0652 -0.8299 10.3935
 92  12  0.0929  0.5302  9.6783
100  12  0.1749 -0.2752 15.2912
108  12  0.0954 -0.6082  8.1196
116  12  0.0000 -0.8148  7.2523
124  12  0.0000 -0.8109  7.8528
132  12  0.0000 -0.8199  7.9067
140  12  0.0494 -1.5207  7.6840
148  12 -0.1114 -1.3168  7.5738
156  12  0.0836 -1.1892 28.2959
164  12  0.1688 -1.1364 29.0937
172  12  0.0816 -1.2732  7.4010
180  12 -0.0302 -0.5148  7.4711
188  12  0.0671 -0.5938  7.4754
196  12 -0.0354 -0.2868  8.4410
204  12  0.1665 -0.2692  9.5545
212  12 -0.0489 -0.6057  8.2960
220  12  0.2217 -0.5163  8.9672
228  12  0.0000 -0.5516  9.3450
236  12 -0.0993 -0.3826  9.5958
244  12 -0.0265 -0.4589  9.6133
252  12 -0.0445 -0.6384 11.8162
260  12 -0.2061 -0.5531  9.9876
268  12 -0.1011 -0.7654 11.4168
276  12  0.0836 -0.5031  9.3378
284  12 -0.0357 -0.3577 13.4737
292  12  0.2725 -0.4527  6.9436
  4  20  0.0000  0.0000  1.0000
 12  20  0.0000  0.0000  1.0000
 20  20  0.0000  0.0000  1.0000
 28  20  0.0377  6.2440  9.5651
 36  20  0.0000  0.0000  1.0000
 44  20 -0.0989 -0.4675 13.1924
 52  20  0.0470 -0.3449 14.5011
 60  20 -0.0101 -0.1870 13.3141
 68  20 -0.0199 -0.1685 14.4868
 76  20 -0.0166 -0.2180 16.6379
 84  20 -0.1035 -0.2455 14.7431
 92  20 -0.2308 -0.2653 14.1987
100  20 -0.3707  5.8276  8.0748
108  20  0.1126 -0.0635 17.9475
116  20  0.0027 -0.0919 15.4348
124  20  0.0971 -0.1128 14.5992
132  20  0.0554 -0.0660 14.9120
140  20  0.0057  0.0112 18.6170
148  20  0.1207 -0.0892 28.9769
156  20 -0.9683 -1.3823 13.4666
164  20 -0.0628 -0.4367  9.4832
172  20  0.0281 -1.2388 22.8455
180  20  0.0299 -0.0575 28.3141
188  20  0.1149 -0.1490 23.3209
196  20 -0.1326 -0.0979 23.0366
204  20 -0.0159 -0.0470 21.1463
212  20 -0.0689  0.0173 23.0426
220  20  0.2548 -0.0355 19.9220
228  20  0.1557  0.1386 18.9300
236  20  0.1068  0.1665 17.9663
244  20  0.0731  0.1118 19.1643
252  20  0.0264 -0.0935 11.8486
260  20 -0.3295  0.1271 12.7459
268  20  0.2696 -0.1842 10.4175
276  20 -0.0239  0.1766 14.1990
284  20 -0.1320 -0.0890 17.9432
292  20  0.0049 -0.0828 18.2319
  4  28 -0.0157 -0.1526  9.9864
 12  28  0.0617 -0.2978 15.7348
 20  28 -0.1430 -0.1790 11.0267
 28  28 -0.0356 -0.1661  7.9502
 36  28  0.0408 -0.0484  7.7841
 44  28  0.0446 -0.0709  7.5724
 52  28 -0.0066 -0.1252  7.1207
 60  28  0.0000  0.0192  7.3131
 68  28  0.0501 -0.1035  7.7475
 76  28 -0.0141  0.0648  7.3216
 84  28  0.0000  0.1823  7.3169
 92  28  0.0393 -0.0022  7.5613
100  28  0.0359 -0.0326  7.4898
108  28  0.0371 -0.0619  7.7974
116  28 -0.0180 -0.1552  9.3522
124  28 -0.1896 -0.0914  6.8134
132  28  0.0000 -0.2018  5.4928
140  28  0.1126 -1.1718  6.2287
148  28  0.0278 -0.2836  9.0256
156  28  0.1794 -0.3830 14.2990
164  28  0.1969 -1.0699 22.5300
172  28  0.1415 -0.2563 12.0226
180  28  0.1000 -0.1798  7.2863
188  28 -0.0784  0.1998  8.3660
196  28 -0.1283  0.3224  7.5238
204  28  0.0142  0.2061  6.9159
212  28  0.0335  0.3418  6.3999
220  28  0.0550  0.1099  6.5138
228  28 -0.1476  0.3748  6.1293
236  28  0.0250  0.1965  6.5739
244  28  0.0751 -0.1029  6.1339
252  28 -0.0118 -0.0614  6.3951
260  28  0.0117 -0.2484  6.3438
268  28  0.0379 -0.3031  6.7971
276  28 -0.1302 -0.0163  7.1410
284  28  0.0048  0.0642  6.7634
292  28  0.0171 -0.0991  6.2986
  4  36 -0.2029 -0.4935  8.1086
 12  36 -0.2195  0.0477  5.8586
 20  36  0.1912 -0.1252  8.3189
 28  36 -0.0738 -0.0665 16.8840
 36  36  0.1568 -0.1636 14.1487
 44  36 -0.0198 -0.0247 15.7992
 52  36 -0.0914 -0.0859 15.6022
 60  36 -0.1556 -0.2257 11.0915
 68  36 -0.0882 -0.1742  9.1770
 76  36  0.0000 -0.0514  8.6326
 84  36 -0.2332 -0.3528  8.6194
 92  36 -0.2152 -0.1508  8.8276
100  36  0.0000 -0.5000  8.8276
108  36  0.0000  0.0000  0.0000
116  36  0.0000  0.0000  0.0000
124  36  0.0000  0.0000  0.0000
132  36  0.0000  0.0000  0.0000
140  36  0.0000  0.0000  0.0000
148  36  0.1565  0.0471 10.3865
156  36  0.2992 -0.8480 10.0563
164  36 -0.0365 -0.9853 10.5616
172  36  0.2904 -0.4461 11.5545
180  36  0.0935 -0.0991  6.9006
188  36  0.0000 -0.0790  6.6722
196  36  0.0539 -0.0996  8.3700
204  36  0.0403 -0.3072 10.0526
212  36  0.0160 -0.0450 13.0957
220  36  0.0073  0.2186 11.6846
228  36  0.0088 -0.0179 12.5766
236  36 -0.0864 -0.0981 13.4345
244  36  0.0106 -0.2269 11.3584
252  36 -0.0661 -0.2195 15.1488
260  36  0.0000  0.0000 11.0903
268  36 -0.5000  0.0994  7.0932
276  36  0.0611 -0.0269 13.4058
284  36  0.2141 -0.0341 12.3209
292  36 -0.0663 -0.1747  9.5701
  4  44  0.0000 -0.0899 15.7160
 12  44 -0.1335 -0.1271 10.6788
 20  44  0.0075 -0.1342  9.4536
 28  44  0.0496 -0.0053  8.3381
 36  44  0.1507 -0.0391  6.9056
 44  44 -0.0891 -0.1362  7.4409
 52  44  0.0000  0.0000  0.0000
 60  44  0.0000  0.0000  0.0000
 68  44  0.0000  0.0000  0.0000
 76  44  0.0000  0.0000  0.0000
 84  44  0.0418 -0.1521 12.6567
 92  44 -0.1960  0.0000 11.1304
100  44  0.5000  0.0000 11.1304
108  44  0.0000  0.0000  0.0000
116  44  0.0000  0.0000  0.0000
124  44  0.0000  0.0000 11.1304
132  44  0.0000  0.0000  0.0000
140  44  0.0190  0.0323  4.8669
148  44  0.1325 -0.4526 12.1122
156  44  0.0910 -1.0328 15.4498
164  44  0.0787 -1.2754 10.7473
172  44  0.0588 -1.3313 16.2723
180  44  0.0514  0.0645  6.4458
188  44  0.0000  0.0000 11.9011
196  44  0.2216  0.0551  9.4415
204  44  0.0308 -0.1395 11.3717
212  44 -0.1260  0.0075 12.0979
220  44 -0.0033  0.1355 11.2402
228  44  0.0224  0.0052 10.8291
236  44  0.0000  0.0000 13.3851
244  44  0.1414 -0.1039  7.9977
252  44  0.1454 -0.0624  9.7512
260  44  0.0261 -0.0182 12.6600
268  44  0.0511  0.0548 14.0806
276  44  0.2362 -0.2395 15.5005
284  44  0.1140 -0.1284 19.0701
292  44 -0.1125  0.2450 10.9436
  4  52  0.0385 -0.7808  7.5696
 12  52  0.0000  0.0000  0.0000
 20  52  0.0000  0.0000  0.0000
 28  52  0.0000  0.0000  0.0000
 36  52  0.0000  0.0000  0.0000
 44  52  0.0000  0.0000  0.0000
 52  52  0.0000  0.0000  0.0000
 60  52     NaN -5.1203  5.4468
 68  52  0.0000  0.0000 11.1304
 76  52  0.0000  0.0000  0.0000
 84  52  0.0698  0.2911 10.5124
 92  52  0.0569 -0.0176 17.8000
100  52  0.0051 -0.2180 11.5016
108  52  2.5000 -0.1588 10.5785
116  52  0.0593  0.1399  7.3827
124  52 -0.2693  0.0982  9.7086
132  52  3.5000  0.0944  8.7605
140  52  0.2833 -0.1334  8.4817
148  52  0.1930  0.2212  6.0756
156  52  0.1553  0.0188  5.5551
164  52  0.1469 -0.0849  5.7939
172  52  0.4027 -0.9029  6.1798
180  52  0.8412  0.9388  5.4438
188  52  0.0000  0.0000 11.1304
196  52  0.0000  0.0000  0.0000
204  52  0.0000  0.0000  0.0000
212  52  0.0000  0.0000 11.1304
220  52  0.0000  0.0000 11.1304
228  52 -0.0984  1.9294  8.1445
236  52  0.0000  0.0000  9.5231
244  52 -0.0668  0.0213 12.2702
252  52  0.1018  0.1729 15.2661
260  52  0.0571 -0.0258 11.2757
268  52  0.1024 -0.2848  8.5112
276  52 -0.0306 -0.0457  9.3800
284  52 -0.0200 -0.1518  9.7842
292  52  0.0683 -0.0200 13.2557
  4  60 -0.5000  0.0000  8.8276
 12  60  4.5000 -0.5000  4.0635
 20  60 -0.5000  0.0000  8.8276
 28  60  0.0000  0.0000 11.1304
 36  60 -0.5000  0.0000  8.8276
 44  60  0.0000  0.0000  0.0000
 52  60  0.1876 -5.0000  8.5995
 60  60 -0.4342  0.1409  8.7273
 68  60  0.0000  0.0000 11.1304
 76  60  0.0000  0.0000  0.0000
 84  60 -0.2093 -0.0299 13.0089
 92  60 -0.0410 -1.5000  8.8958
100  60 -0.0688  0.0279 10.4785
108  60 -0.2325 -0.5000  7.7576
116  60  0.0000  0.0000 11.1304
124  60  0.0000  0.0000  0.0000
132  60  0.0000  0.0000 11.1304
140  60  0.0000  0.0000 16.1088
148  60 -0.5000 -0.0825 10.4642
156  60  0.2907 -0.0403 10.5761
164  60  0.0000 -0.1162  9.1257
172  60 -0.1960  2.5000 11.1304
180  60  0.0561 -0.2765  9.5419
188  60  0.0000  0.0000  0.0000
196  60  0.0000  0.0000  0.0000
204  60  0.0000  0.0000  0.0000
212  60  0.0000  0.0000  0.0000
220  60  0.5000  0.0000 11.1304
228  60  0.0000 -0.5000  8.8276
236  60  0.0000  0.0000  0.0000
244  60  0.0000  0.0000 16.1088
252  60 -0.8314 -0.0189  8.9320
260  60  0.3128 -0.1450 13.2048
268  60  0.0000  0.0000  9.4948
276  60 -0.5000 -0.0391  9.3822
284  60  0.0000  0.0000  0.0000
292  60 -0.3145  0.0264 11.0777
  4  68  0.0000 -0.5000  4.0635
 12  68     NaN     NaN  5.4468
 20  68  0.0000  0.0000  0.0000
 28  68 -0.5000 -0.3577 12.8000
 36  68  0.3681 -0.3881  9.7710
 44  68  0.0000  0.0000  0.0000
 52  68  0.0000  0.0000 11.1304
 60  68 -2.2215  0.5000  9.8210
 68  68  0.0088  0.0639 11.0268
 76  68  0.0897 -1.0000  8.4385
 84  68  0.0697 -0.2408 10.0586
 92  68 -0.1205 -0.4082  7.9714
100  68  0.3329  0.0842  7.1879
108  68  0.0000  0.0000  9.2086
116  68 -0.2779 -0.0819  7.0459
124  68 -0.2907 -0.0403 10.5761
132  68  0.0000 -0.5000 11.1304
140  68  0.0000  0.0264 10.8667
148  68  2.5000  0.0000 11.1304
156  68  0.0000  0.0000  0.0000
164  68 -0.1070  0.1082 24.6405
172  68  0.0000  0.0000 11.5903
180  68  0.0000  0.0000 22.2609
188  68  0.0000  0.0000  0.0000
196  68  0.0000  0.0000 11.1304
204  68     NaN  0.1203  5.4468
212  68  0.0000  0.0000 11.1304
220  68  0.1151 -0.1151 16.5161
228  68  0.0000  0.0000  0.0000
236  68  0.0000  0.0000 11.1304
244  68  0.0000  0.0000  0.0000
252  68  0.0000  0.0000 11.1304
260  68  0.0000 -0.1063  6.9728
268  68  0.0696  0.1934  6.0057
276  68  0.2106  0.0928  4.8239
284  68  2.5000 -0.1588 10.5785
292  68  0.0000  0.0000 16.1088
  4  76  0.0000  0.0000  0.0000
 12  76  0.0000 -0.2027 10.8667
 20  76  0.0000  0.0000 16.1088
 28  76  0.0000  0.0000  0.0000
 36  76  0.0000  0.0000 11.1304
 44  76  1.5000 -0.5000  7.3143
 52  76 -1.1734 -0.1891 11.1396
 60  76 -1.9726 -0.0811  8.2581
 68  76  0.1468 -1.9516 10.0478
 76  76  0.3681  0.3881  9.7710
 84  76  0.0000  0.0000  0.0000
 92  76  0.0000  0.0000  0.0000
100  76  0.0000  0.0000  0.0000
108  76  0.0000  0.0000  0.0000
116  76 -2.5000  0.0000 11.1304
124  76  0.0000  0.0000 11.1304
132  76  0.0000 -0.5000  8.8276
140  76 -0.0557  0.0632 16.2106
148  76  0.5000  0.0696  9.9740
156  76  0.0000  0.2027 10.8667
164  76  0.1152 -0.3764  8.7605
172  76  0.0000  0.0000  0.0000
180  76  0.0000  0.0000  0.0000
188  76 -0.5000  4.5000  4.0635
196  76  0.0000  0.0000  0.0000
204  76 -0.0382 -0.1028 16.6166
212  76  0.0000 -0.5000  8.8276
220  76  2.5000  0.1588 10.5785
228  76  0.0000  0.0000  0.0000
236  76  0.0000  0.0000  0.0000
244  76  0.0000  0.0000  0.0000
252  76  0.0000  0.0000 11.1304
260  76  0.0000  0.0000 11.1304
268  76 -0.2780 -0.1270 13.3759
276  76  2.5000  0.0000  8.8276
284  76  0.0000  0.0000  0.0000
292  76 -0.5000 -0.5000  4.0635
  4  84 -0.1780  0.3757 17.7572
 12  84  0.0000  0.0000 11.0903
 20  84  0.1211 -0.9236  8.0688
 28  84  0.0000 -0.5000  8.8276
 36  84 -0.7445  0.2214  9.9377
 44  84  0.0000  0.0000  9.2086
 52  84 -0.2733 -0.1052  8.7482
 60  84 -0.3585 -0.1909  9.9186
 68  84     NaN  0.1303 12.8000
 76  84  0.0203 -0.9203 15.8428
 84  84 -0.0287 -0.7692 13.4385
 92  84  0.0000  0.0000  0.0000
100  84  0.0000  0.0000 16.6957
108  84  0.0000  0.0000 20.7059
116  84  0.0000  0.0000 19.1045
124  84 -0.1290 -0.0106 12.7593
132  84  0.3936  0.0292  8.7325
140  84  0.2271 -1.5000  9.1201
148  84  0.0000  0.0000 11.1304
156  84  0.0000  0.0000 12.0628
164  84  0.0000  0.0000 11.1304
172  84  0.0000 -0.5000 11.1304
180  84  2.5000  0.0000  8.8276
188  84  0.0000  0.0000  0.0000
196  84  0.0000  0.0000  0.0000
204  84  2.5000  4.5000  4.0635
212  84  0.0000  0.0000 22.2609
220  84  0.3127  0.1061  9.8739
228  84  0.1960  0.0000 11.1304
236  84 -0.5000  0.0000  8.8276
244  84  0.0000  0.0000  0.0000
252  84  0.0000  0.0000  0.0000
260  84  0.0000  0.0000 16.1088
268  84  0.0000  0.0000 12.9293
276  84  0.0000  0.0000  8.4768
284  84  0.0000  0.0000 16.1088
292  84  0.0000  0.0000  0.0000
  4  92 -0.0525 -0.6446 11.1160
 12  92  0.0000  0.0000  0.0000
 20  92  0.0383 -0.0202 19.3509
 28  92 -0.2353 -0.4244  7.7576
 36  92     NaN     NaN  5.4468
 44  92 -0.0917 -0.7965  8.2064
 52  92  2.4350 -1.8925 10.5205
 60  92  0.0000  0.0000  0.0000
 68  92  0.0000  0.0000 16.1088
 76  92  0.0000  0.0000  1.0000
 84  92 -0.5000  0.0000 11.1304
 92  92  0.0000  0.0000 21.6135
100  92  0.4043  0.4043  8.0000
108  92 -0.1276  0.3321 10.3409
116  92  0.0000  0.0000  0.0000
124  92  0.0000  0.0000 13.0803
132  92  0.0000  0.0000  0.0000
140  92  0.0000  0.0000 16.1088
148  92  2.5000  0.0000  8.8276
156  92  0.1799  0.5000 12.6674
164  92  0.0000  0.0000  0.0000
172  92  0.0000  0.0000 11.1304
180  92  1.5000 -1.8157  8.2581
188  92  0.0000  0.0000 11.1304
196  92  0.0000  0.0000  0.0000
204  92  0.0000  0.0000  0.0000
212  92  0.2965 -0.2632 10.8887
220  92  0.0000  0.0000  0.0000
228  92  0.1960  0.0000 11.1304
236  92  0.0000  0.0000 11.1304
244  92 -0.5000 -0.5000  4.0635
252  92  0.1562 -0.2821  7.0932
260  92  0.0000  0.0000  0.0000
268  92 -0.2984 -0.3415 16.8934
276  92  0.0000  0.0000 11.1304
284  92  0.1151  0.1151 16.5161
292  92  0.0000  0.0000  0.0000
  4 100  4.5000  4.5000  4.0635
 12 100  0.0854  0.0638 20.9591
 20 100  0.1138 -0.0458  7.4935
 28 100 -0.8263 -0.2356  6.1906
 36 100  0.0388 -0.1988 12.1930
 44 100 -0.1644  0.1620 12.2336
 52 100  0.2582 -0.0839 13.5293
 60 100  0.0000  0.2662  6.7780
 68 100  0.0000  0.0000 19.4783
 76 100  0.0000  0.0000 16.1088
 84 100  0.0000  0.0000 11.1304
 92 100 -0.5000  0.0000  8.8276
100 100  0.0000  0.0000  0.0000
108 100  0.0000  2.5000  8.8276
116 100  0.0000  0.0000 16.1088
124 100  0.0000  0.0000 17.2183
132 100  0.0000  0.0000  0.0000
140 100  0.0000  0.0000 10.1191
148 100  0.0000  0.0000  0.0000
156 100  0.1068 -0.3135 15.1963
164 100  4.5000  4.5000  4.0635
172 100  0.0000  2.5000  8.8276
180 100  0.0000  0.0000  0.0000
188 100  0.0000  0.0000  0.0000
196 100  0.0000  0.0000  0.0000
204 100  0.0000  0.0000  0.0000
212 100  0.0000  0.0000 16.1088
220 100  4.5000  0.1174 13.8795
228 100  0.0000  0.0000  0.0000
236 100  0.0000  0.0000  0.0000
244 100  0.0000  0.0000  0.0000
252 100  1.3070 -0.0337 12.4709
260 100  0.0000  0.0000 16.1088
268 100  0.0000  0.0000  0.0000
276 100  0.0000  0.0000  0.0000
284 100  0.0000  0.0000  0.0000
292 100  0.0000  2.5000  8.8276
  4 108  0.0000  0.0000 10.1261
 12 108  0.2840  0.0000  9.0964
 20 108  0.0000  0.0000  8.0000
 28 108 -0.2645 -0.0585 13.3056
 36 108  0.0000  0.0000  0.0000
 44 108  0.0000 -0.5000  8.8276
 52 108  4.7303  0.0000  4.2602
 60 108  0.0000  0.0000 16.1088
 68 108 -0.5000 -0.1588 10.5785
 76 108  0.0000  0.0000 16.1088
 84 108 -2.3677 -0.1145 12.8207
 92 108  0.0000  0.0000  0.0000
100 108  0.0000  0.0000  0.0000
108 108  0.0000  0.0000 11.1304
116 108 -0.0668  0.0638  7.7207
124 108  0.0030  0.0419  6.5275
132 108 -0.2849  0.0847 13.8710
140 108 -1.5000  0.0000  8.2581
148 108  0.0000  0.0000  0.0000
156 108  0.0000  0.0000 12.0628
164 108  0.0000  0.0000 11.1304
172 108  0.0000 -0.5000  8.8276
180 108  0.0000  0.0000 11.1304
188 108  0.0000  0.0000 11.1304
196 108  0.0000  0.0000  0.0000
204 108  0.0000  0.0000  0.0000
212 108  0.0000  0.0000  0.0000
220 108  0.0000 -0.5000  8.8276
228 108  0.0000  0.0000  0.0000
236 108  0.0000  0.0000 11.1304
244 108  0.0000  0.0000  0.0000
252 108  0.0000  0.0000  0.0000
260 108 -0.5000 -0.5000  7.8168
268 108  0.2067 -3.5000 14.9489
276 108  0.0000  0.0000  0.0000
284 108  0.0000  0.0000  0.0000
292 108  0.0000  0.0000  0.0000
  4 116  0.1146  0.0101 17.4161
 12 116  0.0000  0.0000  0.0000
 20 116  0.0391  2.5000  9.3822
 28 116  0.0000  0.0000  0.0000
 36 116  0.0000  0.0000  0.0000
 44 116  0.0000  0.0000  0.0000
 52 116 -0.9246 -0.1538 14.1070
 60 116  0.0000  0.0000 16.1088
 68 116 -0.5000  0.0000  8.8276
 76 116  0.0000  0.0000 16.1088
 84 116 -0.3127 -0.1061  9.8739
 92 116  0.2907 -0.0403 10.5761
100 116  0.0000  2.5000 12.0628
108 116  0.0000  0.0000  0.0000
116 116  0.0306  0.5583  6.1745
124 116  0.0385  0.0195  7.1732
132 116  0.0000  0.0000 12.8600
140 116  0.0000  0.0000 11.1304
148 116  0.0000  0.0000 11.1304
156 116  0.0000  0.0000 12.0628
164 116  0.0000  0.0000  0.0000
172 116  0.0000  0.0000  0.0000
180 116  0.0000  0.0000  0.0000
188 116  0.0000  0.0000  0.0000
196 116  0.0000 -0.5000  4.0635
204 116  0.0000  0.0000  0.0000
212 116  0.0000  0.0000  0.0000
220 116 -0.5000  0.0000  8.8276
228 116  2.5000  0.0000  8.8276
236 116  0.0000  0.0000  0.0000
244 116  0.0000  0.0000  0.0000
252 116  0.0000  0.0000  0.0000
260 116  0.0000  0.0000 17.0667
268 116  0.0000  0.2662  6.7780
276 116 -0.0563  0.1121 14.0746
284 116  0.0000 -0.5000  8.8276
292 116  0.0000  0.0000  0.0000
  4 124  0.0000  0.0000  0.0000
 12 124  0.0000  0.0000  0.0000
 20 124  0.0000  0.0000  0.0000
 28 124  0.0000  0.0000  0.0000
 36 124  0.0000  0.0000  0.0000
 44 124 -0.1140  0.1079 19.3902
 52 124  0.4043  0.4043  8.0000
 60 124  0.0000 -0.5000  8.8276
 68 124 -0.5000  4.5000  4.0635
 76 124  1.3628  1.0000  8.2202
 84 124  0.0000  0.0000 11.1304
 92 124  1.5000  2.5000  7.4357
100 124 -0.0769 -0.0903 15.2155
108 124 -0.5000  0.0000  8.8276
116 124 -0.0940  1.0523  8.7802
124 124  0.0000  0.1960 11.1304
132 124  0.0000 -0.5000  8.8276
140 124  0.0000  0.0000  0.0000
148 124  0.0000  0.0000 11.1304
156 124  0.0521  3.0402 10.3584
164 124  0.0000  0.0000  0.0000
172 124  4.5000  4.5000  4.0635
180 124  0.0000  0.0000 11.1304
188 124  0.0000  0.0000  0.0000
196 124  0.0000  0.0000 11.1304
204 124  0.0000  0.0000 16.1088
212 124 -0.0593 -0.1399  7.3827
220 124  0.0000  0.0000  0.0000
228 124  0.0000  0.0000 16.1088
236 124  0.0000  0.0000 11.1304
244 124  0.0000  0.0000  0.0000
252 124  0.0000  0.0000  0.0000
260 124  0.0000  0.0000  0.0000
268 124  0.0000  0.0000  0.0000
276 124 -0.0610 -0.5000  7.7665
284 124  0.0000 -0.5000  8.8276
292 124  0.0000  0.0000  0.0000
  4 132  0.0000  0.0000  0.0000
 12 132  0.0000  0.0000  0.0000
 20 132  0.0000  0.0000  0.0000
 28 132  0.0000  0.0000  0.0000
 36 132  0.0000  0.0000 12.0455
 44 132  0.0000  0.0000 16.1088
 52 132  0.0000  0.0000  0.0000
 60 132  0.0000  0.0000 11.1304
 68 132  0.0000 -0.5000  8.8276
 76 132  0.0000 -0.5000  8.8276
 84 132  0.0000  0.0000  0.0000
 92 132 -0.4681  0.0000  9.5738
100 132  0.0000  0.0000  0.0000
108 132  0.5000  0.0000 11.1304
116 132 -0.5000  0.0000  8.8276
124 132     NaN     NaN  5.4468
132 132  0.0000  0.0000  0.0000
140 132  0.0000  0.0000  0.0000
148 132  0.0000  0.0000  0.0000
156 132 -0.2749  0.0000  8.5018
164 132  0.0000  0.0000  0.0000
172 132  0.0000 -0.5000  8.8276
180 132  0.0000  0.0000 11.1304
188 132  0.0000  0.0000  0.0000
196 132  0.0000  0.0000  0.0000
204 132 -0.0391 -0.5000  9.3822
212 132  0.0000  0.0000  0.0000
220 132  0.0000  0.0000  0.0000
228 132  0.2645 -0.0585 13.3056
236 132  0.0000  0.0000 16.1088
244 132  0.0000  0.0000  0.0000
252 132  0.0000  0.0000  0.0000
260 132 -0.5000  0.0000  8.8276
268 132  0.0000  0.0000  0.0000
276 132  0.0000  0.0000 16.1088
284 132 -0.1960 -0.5000 11.1304
292 132  0.0000  0.0000  0.0000
  4 140  0.0000  0.0000  0.0000
 12 140  0.0000  0.0000  0.0000
 20 140  0.0000  0.0000  0.0000
 28 140 -0.5000  0.0000  8.8276
 36 140 -0.0561 -0.2765  9.5419
 44 140  0.0000  0.0000  0.0000
 52 140  0.0000  0.0000 11.1304
 60 140  0.0000  0.0000  0.0000
 68 140 -0.1960 -0.5000 11.1304
 76 140  2.5000  0.0000  8.8276
 84 140  1.6882 -0.3471  6.6888
 92 140  0.0913 -0.2044 18.7317
100 140  0.0000  0.0000  0.0000
108 140  0.0000  0.0000  0.0000
116 140 -0.5000  0.0000 11.1304
124 140  0.0000  0.0000 11.1304
132 140  0.0000  0.0000  0.0000
140 140  0.0000  0.0000  0.0000
148 140  0.0000  0.0000  0.0000
156 140  0.5838 -0.3144  8.0688
164 140  0.0000  0.0000  0.0000
172 140  0.0000  0.0000  0.0000
180 140  0.0000  0.0000 11.1304
188 140 -0.3916  0.0000  8.0000
196 140  0.0000  0.0000  0.0000
204 140  0.0000  0.5000 11.1304
212 140  0.0000  0.0000  0.0000
220 140  0.0000  0.0000  0.0000
228 140  0.0000  0.0000  0.0000
236 140  0.1841  0.0418 12.3683
244 140 -0.1848 -0.5000  4.9841
252 140  2.5000  0.0391  9.3822
260 140  0.0000 -0.5000  8.9154
268 140  0.0000  0.0000  0.0000
276 140 -0.5000  4.5000  4.0635
284 140  0.0000  0.0000  0.0000
292 140  0.0000  0.0000  0.0000
  4 148  0.0000  0.0000  0.0000
 12 148  0.0000  0.0000  0.0000
 20 148  0.0000  0.0000 11.1304
 28 148  0.3047  0.0611 10.5284
 36 148  0.0000  0.0000  0.0000
 44 148  0.0000  0.0000  0.0000
 52 148  2.5000  0.0000  8.8276
 60 148  0.0000  0.0000  0.0000
 68 148  0.1469  0.0000 10.3584
 76 148  0.0000  0.0000  0.0000
 84 148 -0.1151 -0.1151 16.5161
 92 148 -0.5000  2.5000  4.0635
100 148  2.5000  4.5000  4.0635
108 148  0.0000  0.0000  0.0000
116 148  0.0000  0.0000  0.0000
124 148  4.5000 -0.5000  4.0635
132 148  0.0000  0.0000  0.0000
140 148 -0.1180  2.5000  9.2850
148 148  0.1180  2.5000  9.2850
156 148  1.0000  0.0000  9.2850
164 148  0.5000  0.0000 11.1304
172 148  0.0000  0.0000  0.0000
180 148  0.0000  0.0000 11.1304
188 148  0.2917  0.0000 11.1304
196 148  0.0000  0.0000  0.0000
204 148  0.0000  0.0000  0.0000
212 148  4.5000  4.5000  4.0635
220 148  0.0000  2.5000  8.8276
228 148  0.0000  0.0000  0.0000
236 148  0.0000  0.0000  0.0000
244 148  0.1841  0.0418 12.3683
252 148 -0.2080 -0.2715 12.3107
260 148  0.0000  0.0000  0.0000
268 148  0.0000  0.0000  0.0000
276 148  0.0000  0.0000  0.0000
284 148  0.0000  0.0000  0.0000
292 148  0.0000  0.0000 11.1304
  4 156  0.0000  0.0000  0.0000
 12 156  0.0000  0.0000  0.0000
 20 156  0.2965  0.2632 10.8887
 28 156  0.0000  0.0000 11.1304
 36 156  0.0000  0.0000  0.0000
 44 156  0.0000  0.0000  0.0000
 52 156  0.0000  0.0000  0.0000
 60 156  0.0000  0.0000  0.0000
 68 156  0.4681  0.0000  9.5738
 76 156  0.4130 -0.3679  7.6027
 84 156  0.0000  0.0000  0.0000
 92 156 -0.5000 -0.5000  4.0635
100 156  2.5000  0.0000  8.8276
108 156  0.0000  0.0000  0.0000
116 156  0.1180 -0.5000  9.2850
124 156  4.5000  4.5000  4.0635
132 156  0.0000  0.0000  0.0000
140 156  0.0000 -0.5000  8.8276
148 156  0.0000  0.0000  0.0000
156 156  0.5000  0.0000  8.8276
164 156  0.2917  0.0000 11.1304
172 156  0.0000  0.0000  0.0000
180 156  0.7379  2.5000  7.2172
188 156  0.1960  0.0000 11.1304
196 156  0.0000  0.0000  0.0000
204 156  0.0000  0.0000  0.0000
212 156  0.0000  0.0000  0.0000
220 156  0.0000  0.0000  0.0000
228 156  0.0000  0.0000 11.1304
236 156 -0.5000 -0.5000  4.0635
244 156  0.0000  0.0000  0.0000
252 156  0.0000  0.0000 16.1088
260 156  0.0000  0.0000  0.0000
268 156  0.0000  0.0000  0.0000
276 156  0.0000  0.0000  0.0000
284 156  0.0000  0.0000 11.1304
292 156  2.5000  0.1588 10.5785
  4 164  0.0000  0.0000 16.1088
 12 164  0.0000  0.0000  0.0000
 20 164  0.1151 -0.1151 16.5161
 28 164  0.0000  0.0000  8.0000
 36 164  0.0000  0.0000 11.1304
 44 164  0.0000  0.0000  0.0000
 52 164  0.0000  0.0000  0.0000
 60 164  0.1573  0.1542 14.0000
 68 164  0.0000  0.0000  0.0000
 76 164  0.0000  0.0000 21.6135
 84 164  0.0000  0.0000  0.0000
 92 164  0.0000  2.5000  8.8276
100 164  0.0000  0.0000  0.0000
108 164  0.0000  0.0000  0.0000
116 164  0.0000  0.0000  0.0000
124 164  0.0000  0.0000  0.0000
132 164  0.0000  0.0000  0.0000
140 164  0.0000  0.0000 16.1088
148 164  0.2625  0.0485  7.4854
156 164  1.6882  0.3471  6.6888
164 164  0.2917  0.0000 11.1304
172 164  0.0000  0.0000  0.0000
180 164  0.7379 -0.5000  7.2172
188 164  0.5000  0.0000 11.1304
196 164  0.0000  0.0000  0.0000
204 164  0.0000  0.0000  0.0000
212 164  0.0000  0.0000  0.0000
220 164  0.0000  0.0000  0.0000
228 164  0.0418  0.1521 12.6567
236 164  0.0000  0.0000  0.0000
244 164  0.0000  0.0000  0.0000
252 164  0.0000  0.0000  0.0000
260 164  0.0000  0.0000  0.0000
268 164  0.0000  0.0000  0.0000
276 164  0.0000  0.0000  0.0000
284 164  0.0000  0.0000  0.0000
292 164  0.0000  0.0000  0.0000
  4 172  0.0000  0.0000  0.0000
 12 172  0.0000  0.0000  0.0000
 20 172  0.0000  0.0000 11.1304
 28 172 -0.0698  0.2911 10.5124
 36 172  2.5000  4.5000  4.0635
 44 172  0.0000  0.0000  0.0000
 52 172  0.0000  0.0000 16.1088
 60 172  0.0000  0.0000  9.4208
 68 172 -0.0561 -0.2765  9.5419
 76 172  0.0000  0.0000  0.0000
 84 172  0.0000  0.0000  0.0000
 92 172  0.0000  0.0000  0.0000
100 172  0.0000  0.0000  0.0000
108 172  0.0000  0.0000 16.1088
116 172  0.0000  0.0000  0.0000
124 172  0.0000  0.0000  0.0000
132 172  0.0000  0.0000 11.1304
140 172  0.0000  0.0000 11.1304
148 172 -0.1960  0.0000 11.1304
156 172 -1.0000 -0.5000  8.5333
164 172  0.1960  0.0000 11.1304
172 172  0.0000  0.0000  0.0000
180 172  0.0000  2.5000  8.8276
188 172  0.0000  2.5000  8.8276
196 172  0.0000  0.0000  0.0000
204 172  0.0000  0.0000  0.0000
212 172  0.0000 -0.5000  8.8276
220 172  0.1841  0.0418 12.3683
228 172  0.0391  2.5000  9.3822
236 172  0.0000  2.5000  8.8276
244 172  0.0000  0.0000  0.0000
252 172  0.0000  0.0000  0.0000
260 172  0.0000  0.0000 11.1304
268 172  0.0000  0.0000  0.0000
276 172 -0.5000  4.5000  4.0635
284 172  0.0000  0.0000 11.1304
292 172  0.0000  0.0000  0.0000
  4 180  0.0000  0.0000  0.0000
 12 180  0.0000  0.0000  0.0000
 20 180  0.1912  0.0000 12.4272
 28 180  0.0000  0.0000 11.1304
 36 180  0.0000  0.0000 11.1304
 44 180  0.0000  0.0000 11.1304
 52 180  0.1912  0.0000 12.4272
 60 180  0.3290 -2.8274  8.0000
 68 180 -0.2802 -0.0546 12.7691
 76 180  0.0000  0.0000  0.0000
 84 180  0.0000  0.0000  0.0000
 92 180  0.0000  0.0000  0.0000
100 180  0.0000  0.0000  0.0000
108 180  0.0000  0.0000 11.1304
116 180  0.0000  0.0000  0.0000
124 180  0.0000  0.0000 11.1304
132 180  0.0000  0.0000 11.1304
140 180  0.0000  0.0000 19.4783
148 180  0.0000  0.0000 12.0455
156 180  1.5000  2.5000  7.4357
164 180  0.0000  0.0000 12.0628
172 180  0.0000  0.0000  0.0000
180 180  4.5000  4.5000  4.0635
188 180  0.0418  0.1521 12.6567
196 180  0.0000  0.0000  0.0000
204 180  0.0000  0.0000  0.0000
212 180  0.0000  0.0000  0.0000
220 180  0.0000  0.0000 11.1304
228 180  0.0000  0.0000 11.1304
236 180  0.0000  0.0000 11.1304
244 180     NaN  0.0000 17.0667
252 180  0.0000  0.0000  0.0000
260 180  0.0000  0.0000  0.0000
268 180  0.0000  0.0000  0.0000
276 180  0.0000  0.0000  0.0000
284 180  0.0000  0.0000  0.0000
292 180  0.0000  0.0000  0.0000
  4 188  0.0000  0.0000  0.0000
 12 188  0.0000  0.0000  0.0000
 20 188 -0.1180 -0.5000  9.2850
 28 188 -0.5000 -0.0265 11.4627
 36 188 -0.1680  0.1348  7.3416
 44 188  0.0308  0.1823 13.1845
 52 188 -1.6882  0.3471  6.6888
 60 188 -1.5000  0.0000  8.2581
 68 188  0.0000  0.0000  0.0000
 76 188  0.0000  0.0000  0.0000
 84 188  0.0000  0.0000  0.0000
 92 188  0.0000  0.0000  0.0000
100 188 -0.1180  2.5000  9.2850
108 188  1.5000  0.0000  8.2581
116 188  0.0000  0.0000  0.0000
124 188  0.0000  0.0000 11.1304
132 188  1.5000 -1.0000  7.4357
140 188  0.0000  0.0000  0.0000
148 188  0.0000  0.0000 12.0628
156 188  0.0000  0.0000  0.0000
164 188 -0.1696  0.0000 12.5902
172 188  0.0000  0.0000  0.0000
180 188  0.0000  0.0000  0.0000
188 188  1.7328  2.5000  7.8736
196 188  0.0000  0.0000  0.0000
204 188  0.0000  0.0000  0.0000
212 188  0.0000  0.0000  0.0000
220 188  0.0000  0.0000  0.0000
228 188  0.0000  0.0000  0.0000
236 188  0.0000  0.0000  0.0000
244 188  0.0000  0.0000  0.0000
252 188  0.0000  0.0000  0.0000
260 188  0.0000  0.0000  0.0000
268 188  0.0000  0.0000  0.0000
276 188  0.0000  0.0000  0.0000
284 188  0.0000  0.0000  0.0000
292 188  0.0000  0.0000  0.0000
  4 196  0.0000  0.0000 11.1304
 12 196 -0.1151 -0.1151 16.5161
 20 196 -1.5000 -0.0380 10.6722
 28 196  0.1809  0.1019  6.5164
 36 196 -0.0957 -0.1031 10.4220
 44 196  0.7389 -0.5000  8.0688
 52 196  0.0000  0.0000  0.0000
 60 196  0.1008  0.0843 14.9901
 68 196  0.0000  0.0000  0.0000
 76 196  0.0000  0.0000  0.0000
 84 196  0.0000  0.0000  0.0000
 92 196  0.0000  0.0000  0.0000
100 196  0.0000  0.0000 12.0628
108 196  0.0000  0.0000 11.1304
116 196  0.0000  0.0000  0.0000
124 196  0.0000  0.0000 11.1304
132 196  1.5000  2.5000  7.4357
140 196  0.0000  0.0000 19.1045
148 196 -0.0698 -0.2911 10.5124
156 196  0.0000  0.0000  0.0000
164 196  0.0000  0.0000 13.0803
172 196  0.0000  0.0000  0.0000
180 196  0.0000  0.0000  0.0000
188 196  0.0000  0.0000 16.1088
196 196  0.0418  0.1521 12.6567
204 196  0.0000  0.0000  0.0000
212 196  0.0000  0.0000  0.0000
220 196  0.0000  0.0000  0.0000
228 196  0.0000  0.0000  0.0000
236 196  0.0000  0.0000  0.0000
244 196  0.0000  0.0000  0.0000
252 196  0.0000  0.0000  0.0000
260 196  0.0000  0.0000  0.0000
268 196  0.0000  0.0000 11.1304
276 196  0.0000  0.0000  0.0000
284 196  0.0000  0.0000 11.1304
292 196  2.5000  0.0000  8.8276
  4 204  0.0000  0.0000 16.1088
 12 204  0.0000  3.6073 11.3993
 20 204 -1.3725  1.7142  7.4487
 28 204 -0.0223  0.3318 11.9626
 36 204 -0.2191 -0.1082  7.7568
 44 204 -1.0000  0.0000  6.5641
 52 204 -0.4025 -0.5000  7.3745
 60 204  4.5000 -0.5000  4.0635
 68 204  0.0000  0.0000  0.0000
 76 204  0.0000  0.0000  0.0000
 84 204  0.0000  0.0000  0.0000
 92 204  0.0000  0.0000  0.0000
100 204  1.3139 -0.3311  8.0688
108 204  0.0000  0.0000 11.1304
116 204  0.0000  0.0000  0.0000
124 204  0.0000  0.0000 11.1304
132 204  0.4079 -3.5936  7.6826
140 204  0.0000  0.0000  0.0000
148 204 -0.0418 -0.1521 12.6567
156 204  0.0000  0.0000 11.1304
164 204  0.3577  0.0000 13.4737
172 204  2.5000  0.0000  8.8276
180 204  0.0000  0.0000 11.1304
188 204  0.0000  0.0000 11.1304
196 204  0.0000  0.0000 12.0455
204 204  0.0000  0.0000  0.0000
212 204  0.0000  0.0000  0.0000
220 204  0.0000  0.0000  0.0000
228 204  0.0000  0.0000  0.0000
236 204  0.0000  0.0000  0.0000
244 204  0.0000  0.0000  0.0000
252 204  0.0000  0.0000  0.0000
260 204  0.0000  0.0000  0.0000
268 204  0.0000  0.0000  0.0000
276 204  0.0000 -2.0000 11.1304
284 204 -0.0825 -0.0825  9.2850
292 204     NaN     NaN  5.4468
  4 212  0.0000  0.0000 16.1088
 12 212  0.0000  0.0000 11.1304
 20 212     NaN  0.2391  8.2581
 28 212 -0.0611 -0.0273 10.0674
 36 212  0.0832  0.3131  9.8462
 44 212 -0.5000  0.1180  9.2850
 52 212  0.0000  0.0000 16.1088
 60 212  0.0000  0.0000  0.0000
 68 212  0.0000  0.0000  0.0000
 76 212  0.0000  0.0000 11.1304
 84 212  0.0000  0.0000 11.1304
 92 212  0.0000  0.0000  0.0000
100 212  0.5000  0.0000  8.8276
108 212  0.0000  0.0000 11.1304
116 212  0.0000  0.0000  0.0000
124 212  0.0000  0.0000 11.1304
132 212 -0.1421  0.0000  8.9363
140 212  0.0000  0.0000  0.0000
148 212 -0.1180 -0.5000  9.2850
156 212  0.0000  0.0000 11.1304
164 212  0.0000 -0.5000 12.0628
172 212  0.0000  0.0000  0.0000
180 212  0.0000  0.0000  0.0000
188 212  0.0000  0.0000 11.1304
196 212 -0.1960 -0.5000 11.1304
204 212  0.2780  0.1270 13.3759
212 212  0.0000  0.0000  0.0000
220 212  0.0000  0.0000  0.0000
228 212  0.0000  0.0000  0.0000
236 212 -0.5000 -0.5000  4.0635
244 212  0.0000  0.0000  0.0000
252 212  0.0000  0.0000  0.0000
260 212  0.0000  0.0000  0.0000
268 212 -0.1960  0.0000 11.1304
276 212  0.0000  0.0000  0.0000
284 212  0.0000  0.0000  0.0000
292 212 -0.5000  0.0000  8.8276
  4 220  0.0000  0.0000  0.0000
 12 220  0.0000  0.0000  0.0000
 20 220 -0.2780  0.1270 13.3759
 28 220  0.0000 -0.5000  8.8276
 36 220  0.0000 -0.5000  8.9154
 44 220  4.5000 -0.5000  4.0635
 52 220  0.0000  0.0000  0.0000
 60 220  0.0000  0.0000  0.0000
 68 220  0.0000  0.0000  0.0000
 76 220  0.0000  0.0000  0.0000
 84 220  0.0000  0.0000  0.0000
 92 220  0.0000  0.0000  0.0000
100 220 -0.1960  0.0000 11.1304
108 220  0.0000 -0.5000  8.8276
116 220  0.0000  0.0000  0.0000
124 220 -0.5000  0.0000  8.8276
132 220 -0.2488 -0.3400  9.1467
140 220  0.0000  0.0000  0.0000
148 220  0.0000  2.5000  8.8276
156 220 -1.5000  0.0000  8.2581
164 220  0.0000  0.0000 11.1304
172 220  0.0000  0.0000  0.0000
180 220  0.0000  0.0000  0.0000
188 220  0.0000  0.0000  0.0000
196 220 -1.3737  0.3471  8.2581
204 220  0.0000  0.0000  0.0000
212 220  0.0000  0.0000  0.0000
220 220  0.0000  0.0000  0.0000
228 220  0.0000  0.0000  0.0000
236 220  0.0000  0.0000  0.0000
244 220  0.0000  0.0000  0.0000
252 220  0.0000  0.0000  0.0000
260 220  0.0000  0.0000  0.0000
268 220 -0.5000  0.0000 11.1304
276 220  0.0000  0.0000  0.0000
284 220  0.0000  0.0000  0.0000
292 220  0.0000  0.0000  0.0000
