VARIABLES= "X pix", "Y pix", "U pix/dt", "V pix/dt", "CHC", ZONE I=28, J=37
  4   4 -0.0579 -0.0620 10.4809
 12   4  0.0000  0.0093  9.4815
 20   4  0.0000  0.0426  9.2559
 28   4  0.1065  0.0446  9.6354
 36   4  0.0605  0.0132  8.6343
 44   4  0.0000 -0.0586  8.8910
 52   4  0.0000 -0.1142  9.1429
 60   4  0.0000  0.0647  9.3475
 68   4 -0.0641 -0.0414 10.3881
 76   4  0.0000 -0.0048 11.0451
 84   4 -0.0426 -0.0067 10.8435
 92   4  0.0441 -0.0117 10.8846
100   4  0.0073 -0.0556 12.1088
108   4  0.0069 -0.0275 11.2960
116   4  0.0000 -0.0512 12.3336
124   4  0.0000 -0.0039 11.9332
132   4  0.0000 -0.0166 11.5214
140   4  0.0000  0.0000 11.9483
148   4  0.0000  0.0000 11.7754
156   4 -0.0095 -0.0365 12.2274
164   4  0.0000  0.0000 11.9577
172   4  0.0000  0.0000 11.9577
180   4  0.0531  0.0168 12.2631
188   4  0.0000 -0.0328 11.4627
196   4 -0.0176 -0.1205 10.8959
204   4  0.1425  0.0380 11.0206
212   4 -0.0135  0.0147  9.5704
220   4 -0.0048  0.0414 10.1634
228   4  0.0081 -0.0080 12.8517
236   4 -0.0081 -0.0436 12.4363
244   4  0.0000  0.0000 10.6057
252   4  0.0000  0.0000 12.1260
260   4  0.1047 -0.1493 11.8923
268   4  0.0000 -0.0918 12.5902
276   4  0.0000  0.0130 12.4272
284   4  0.0000  0.0525 12.2880
292   4  0.0000  0.0467 12.4878
  4  12  0.0000  0.1421  8.9363
 12  12 -0.0220  0.0228 10.4577
 20  12  0.0000  0.1421 10.0974
 28  12 -0.0298 -0.2675 10.4212
 36  12  0.0000  0.0000  9.9740
 44  12  0.0186  0.3032  9.7607
 52  12  0.1911 -0.6844  7.8253
 60  12  0.0000 -0.3764  9.3279
 68  12  0.1276  0.2181  7.3204
 76  12  0.0367  0.0780  8.5648
 84  12  0.0079  0.0507 11.3472
 92  12 -0.0859  0.2661  8.4723
100  12  0.1996  0.0061 26.1551
108  12 -0.0612 -0.4872  8.7346
116  12  0.0000 -0.0291  8.5760
124  12  0.0000 -0.3522  7.6457
132  12  0.0000 -0.1282  8.0958
140  12 -0.0000  0.0000  7.9481
148  12 -0.0019  0.0986  7.7550
156  12  0.0001  0.0117 23.3764
164  12 -0.0315 -0.0180 26.0555
172  12  0.0166  0.0080  7.5215
180  12 -0.0024 -0.0486  8.2727
188  12  0.0000  0.0000  8.6752
196  12  0.0313 -0.1107  9.8459
204  12 -0.0141  0.1032 11.0080
212  12  0.0587  0.0304 10.8549
220  12  0.0084 -0.0478 11.2934
228  12  0.0000 -0.3325 11.0254
236  12  0.1315 -0.1755 11.6137
244  12 -0.0773 -0.0240 12.6135
252  12 -0.0231 -0.1669 15.8460
260  12 -0.0214  0.2210 12.7331
268  12 -0.0132 -0.0271 15.5609
276  12  0.0773  0.0000 14.2388
284  12  0.0184 -0.0468 18.7002
292  12 -0.0300 -0.0430 12.1710
  4  20  0.0000  0.0000 20.1348
 12  20 -0.0074 -0.0556 11.5789
 20  20  0.0491 -0.0591 20.5599
 28  20  0.0084 -0.0544 21.4183
 36  20 -0.0272 -0.0094 20.0672
 44  20  0.0276 -0.0236 19.0958
 52  20  0.0040  0.0043 17.5079
 60  20  0.0000  0.0000 18.5654
 68  20 -0.0193 -0.0023 17.7863
 76  20  0.0000  0.0000 15.3041
 84  20 -0.0165  0.0003 15.6184
 92  20  0.0000  0.0000 14.4017
100  20  0.0188  0.0446 13.2623
108  20  0.0254 -0.0036 18.3920
116  20  0.0290 -0.0281 14.3045
124  20 -0.0293  0.0023 13.6689
132  20  0.0000  0.0191 13.9675
140  20 -0.0117  0.0066 18.5188
148  20  0.0204  0.0143 25.9236
156  20 -0.0096 -0.0180 16.8143
164  20 -0.0020  0.0396 17.4287
172  20 -0.0170 -0.0216 31.7774
180  20 -0.0188 -0.0037 26.3167
188  20  0.0312 -0.0096 21.6101
196  20  0.0283  0.0204 21.7702
204  20  0.0167  0.0005 21.7630
212  20  0.0271  0.0020 23.6131
220  20 -0.0339 -0.0164 19.0816
228  20 -0.0165 -0.0092 21.1986
236  20 -0.0272 -0.0078 23.6503
244  20 -0.0281  0.0047 23.2367
252  20  0.0678 -0.0207 10.5394
260  20 -0.0647 -0.0041 14.3270
268  20  0.0316 -0.0578  9.9948
276  20  0.0754  0.0005 16.7901
284  20 -0.0524 -0.0094 21.3479
292  20  0.0180  0.0406 16.7769
  4  28 -0.0080 -0.0085  9.3623
 12  28 -0.0032 -0.0173 13.6900
 20  28 -0.0206  0.0138 10.5872
 28  28  0.0461  0.0450  7.6861
 36  28 -0.0764  0.0474  7.1762
 44  28 -0.0135  0.0438  7.5980
 52  28  0.0015 -0.1268  6.9612
 60  28  0.0126 -0.1542  6.9481
 68  28 -0.0893  0.0041  7.5064
 76  28 -0.0682 -0.1307  7.1554
 84  28 -0.0223 -0.0069  8.2287
 92  28  0.0583  0.0583  8.0585
100  28 -0.0231  0.0165  7.3826
108  28  0.0404 -0.0075  7.8749
116  28  0.0344  0.0423  9.4028
124  28  0.1284  0.0242  6.5521
132  28  0.0000  0.8873  6.2307
140  28  0.1735  0.2456  6.7683
148  28  0.0064  0.0015  9.2479
156  28  0.0084  0.0007 15.9611
164  28  0.0072 -0.0332 24.4070
172  28  0.0038  0.0035 12.9051
180  28  0.0004  0.0564  7.4811
188  28 -0.0374  0.0540 10.6506
196  28  0.1063 -0.0653  9.4798
204  28  0.0136  0.0760  8.0519
212  28  0.1360  0.0065  7.3300
220  28  0.0073 -0.1013  7.1428
228  28  0.0055 -0.0631  9.1139
236  28 -0.0810  0.0073  7.7602
244  28 -0.0414 -0.0035  6.0710
252  28  0.0000  0.0000  6.3264
260  28  0.0371  0.0228  6.1820
268  28 -0.0043  0.0024  6.5846
276  28  0.0325  0.0095  7.4877
284  28 -0.0593 -0.0303  6.7777
292  28 -0.0092  0.0267  6.1157
  4  36  0.0000  0.0322 10.1507
 12  36  0.1068  0.2489 10.0055
 20  36 -0.2907  0.0403 10.5761
 28  36  0.0000  0.0000 14.0146
 36  36 -0.0211  0.1092 13.8279
 44  36  0.0875  0.0229 15.5408
 52  36 -0.1489 -0.1787 12.8019
 60  36 -0.0816 -0.2133 11.2165
 68  36  0.1009  0.0381  8.7319
 76  36 -0.0113 -0.2120  7.8021
 84  36  1.0848 -0.5741  8.4005
 92  36 -0.0736  1.7226 13.2161
100  36  0.0000  0.0000  0.0000
108  36  0.0000  0.0000  0.0000
116  36  0.0000  0.0000  0.0000
124  36  0.0000  0.0000  0.0000
132  36  0.0000 -0.5000  8.8276
140  36  0.0000  0.0000  0.0000
148  36 -0.0133  0.0041  9.7947
156  36  0.0054  0.0194 12.8379
164  36  0.0101 -0.0025 11.5507
172  36  0.0179 -0.0181 13.9680
180  36 -0.0045  0.0340  7.1373
188  36  0.1291  0.0301  6.7965
196  36 -0.0252  0.0369  8.0953
204  36 -0.0324  0.0185  9.0698
212  36 -0.0415 -0.1510 12.6118
220  36  0.0920 -0.1943 11.8021
228  36  0.0000  0.0000 12.4405
236  36  0.2581  0.0968 13.3406
244  36  0.0372  0.3093 12.3083
252  36  0.0000  0.0000 15.5414
260  36 -0.2536  0.2888 12.1168
268  36  0.2347  0.1290 12.5384
276  36  0.1005  0.0124 12.8162
284  36  0.0922  0.1648 12.1741
292  36 -0.0412  0.0254 10.9568
  4  44 -0.0988 -0.1113 13.3065
 12  44  0.0345 -0.1028  9.2303
 20  44  0.0239 -0.2589  8.0741
 28  44 -0.0223  0.1620  8.1576
 36  44  0.0000  0.0000  9.0168
 44  44 -0.5000 -2.0000  8.8276
 52  44  0.0000  0.0000  0.0000
 60  44  0.0000  0.0000  0.0000
 68  44  0.0000  0.0000  0.0000
 76  44  0.0000  0.0000  0.0000
 84  44  0.0000  0.0000 16.1088
 92  44  0.1960  0.0000 11.1304
100  44  0.0000  0.0000  0.0000
108  44  0.0000  0.0000  0.0000
116  44  0.0000  0.0000  0.0000
124  44  0.0000  0.0000  0.0000
132  44  0.0000  0.0000  0.0000
140  44 -0.0367  0.2627  5.1812
148  44 -0.0026 -0.0291 13.7548
156  44  0.0123  0.0260 14.8420
164  44  0.0075  0.0036 11.8685
172  44  0.0052 -0.0059 16.2281
180  44  0.0068 -0.0170  6.7376
188  44  0.0000  0.0000 11.9011
196  44  0.0000  0.0000 13.3565
204  44  0.2124 -0.2671  9.1998
212  44 -0.0122 -0.0924 11.1554
220  44  0.0149 -0.0100 12.3083
228  44  0.0985  0.1588 11.0660
236  44 -0.0737 -0.1973 11.4315
244  44 -0.0070 -0.1846 11.5091
252  44 -0.0663  0.0000 10.0302
260  44  0.1032 -0.0115 11.8992
268  44 -0.0033 -0.0102 15.8038
276  44 -0.0651 -0.0691 11.8086
284  44  0.0000 -0.1303 16.5161
292  44  0.1676  0.0461 16.2333
  4  52  0.0000  0.0000  0.0000
 12  52  4.8438  2.5000  6.3281
 20  52  0.0000  0.0000  0.0000
 28  52  0.0000  0.0000  0.0000
 36  52  0.0000  0.0000  0.0000
 44  52  0.0000  0.0000  0.0000
 52  52  0.0000  0.0000  0.0000
 60  52  0.0000  0.0000  0.0000
 68  52  2.5000  0.0000  8.8276
 76  52  0.0000  0.0000  0.0000
 84  52  0.4792  0.1018  9.0549
 92  52 -0.1830  0.0131 18.1453
100  52  0.1179 -0.0256 14.6202
108  52  2.5000  0.0391  9.3822
116  52 -0.2907 -0.0403 10.5761
124  52  0.2693 -0.0982  9.7086
132  52 -0.5000 -0.0944  8.7605
140  52  0.1279 -0.2931 12.4514
148  52 -0.0159 -0.2277  6.3595
156  52  0.1198  0.1024  5.8163
164  52 -0.1451  0.0883  6.3462
172  52 -0.0408  0.1571 10.9796
180  52  0.1540 -0.0675  6.8941
188  52  2.5000  0.0000  8.8276
196  52  0.0000  0.0000  0.0000
204  52  0.0000  0.0000  0.0000
212  52  0.0000  0.0000  0.0000
220  52  0.0000  0.0000 11.1304
228  52  0.2625 -0.0566 13.9176
236  52  0.0459  0.1308  8.4268
244  52  0.2200 -0.1205 10.0752
252  52  0.0561 -0.0650 13.7708
260  52 -3.1701 -0.1429 10.6733
268  52  0.0000  0.0000  7.9027
276  52 -0.0595 -0.5756  7.5548
284  52  0.1046  0.0221  9.0353
292  52  0.0250 -0.0093 12.2311
  4  60  0.0000  0.0000 11.1304
 12  60  0.0000  0.0000 11.1304
 20  60  0.0000  0.0000 11.1304
 28  60  2.5000  0.0000  8.8276
 36  60  0.0000  0.0000 11.1304
 44  60  0.0000  0.0000  0.0000
 52  60  0.0000  2.5000  8.8276
 60  60 -0.0413  0.0000 13.2207
 68  60  0.0000  0.1151  9.2086
 76  60  0.0000  0.0000 11.1304
 84  60  0.2200  0.0838  9.1871
 92  60  0.0610 -0.2711 11.9750
100  60 -0.1247 -0.0660  9.9945
108  60  0.0000  0.0000  9.9881
116  60  0.0000  0.0000 11.1304
124  60  2.3677 -0.1145 12.8207
132  60  0.0000  0.0000 11.1304
140  60 -0.5000  0.0000  8.8276
148  60  0.0000  0.0000 13.1641
156  60  0.0000 -0.0535 10.0787
164  60  0.0000  0.0000 16.1088
172  60  0.3732  0.3694 10.3318
180  60 -0.0418 -0.1521 12.6567
188  60  0.0000  0.0000  0.0000
196  60  0.0000  0.0000  0.0000
204  60  0.0000  0.0000  0.0000
212  60  0.0000  0.0000  0.0000
220  60  0.0000  0.0000 19.1045
228  60 -1.1838 -0.5000  7.5779
236  60  4.5000 -0.5000  4.0635
244  60 -0.1174 -4.1710 14.6131
252  60  0.1841  0.0418 12.3683
260  60  1.2058 -0.0138 12.9019
268  60  0.1151  0.0000  9.4118
276  60 -0.2414  0.0000 11.1304
284  60  0.0000  0.0000  0.0000
292  60  0.0000  0.0000 12.0628
  4  68  0.0000  0.0000  0.0000
 12  68  0.0000  0.0000 11.1304
 20  68  0.0000  0.0000  0.0000
 28  68  0.0000 -0.1960 11.1304
 36  68  0.0000  0.0000 16.2126
 44  68  0.0000  0.0000  0.0000
 52  68 -0.0328 -0.2156 15.3670
 60  68 -0.9257  0.5744 10.4212
 68  68  0.0000  0.0000 13.8188
 76  68  0.0000  0.0000  9.7515
 84  68  0.0190  0.2859 10.2249
 92  68  0.0000  0.0000  9.7159
100  68 -0.3329 -0.0842  7.1879
108  68  0.0000 -1.6236  7.0459
116  68  0.3263  0.4144  7.3143
124  68 -0.2093  0.0299 13.0089
132  68  0.0000  0.0000 11.1304
140  68 -0.1656  0.0786 10.7522
148  68 -1.0492  0.0305 12.6667
156  68  0.0000  0.0000  0.0000
164  68  0.1215 -0.1200 17.1775
172  68  0.2637 -1.6269  7.6786
180  68     NaN  4.7609  8.2581
188  68  0.0000  0.0000  0.0000
196  68  0.5000  0.0000 11.1304
204  68  0.0000  0.0000 11.1304
212  68  0.0000  0.0000  8.4768
220  68 -0.5000 -0.0448  8.9013
228  68  0.0000  0.0000  0.0000
236  68  0.0000  0.0000 11.1304
244  68  0.0000  0.0000  0.0000
252  68 -1.5000  0.0000  8.2581
260  68  0.0000 -0.5000  8.8276
268  68 -0.0615  0.1403  7.4966
276  68  0.0000  0.0000  5.4468
284  68  0.3145  0.0264 11.0777
292  68  2.5000  0.1180  9.2850
  4  76  0.0000  0.0000  0.0000
 12  76  0.0000  0.0000 11.9011
 20  76  0.0417 -0.1134  7.3143
 28  76  0.0000  0.0000  0.0000
 36  76  0.0000  0.0000 16.1088
 44  76  0.0000  2.5000  8.8276
 52  76     NaN  0.2391  8.2581
 60  76  0.0000 -0.1799  6.6114
 68  76  0.1167  0.3028  8.1601
 76  76  0.0000  0.0000 11.1304
 84  76  0.0000  0.0000  0.0000
 92  76  0.0000  0.0000  0.0000
100  76  0.0000  0.0000  0.0000
108  76  0.0000  0.0000  0.0000
116  76     NaN  0.0000  9.5908
124  76  0.0000 -0.5000  8.8276
132  76  0.0000  2.5000  8.8276
140  76  0.0197 -0.1449 15.3090
148  76  0.0000  0.0855 10.6035
156  76  0.0000  0.1960 11.1304
164  76 -0.2193  0.0923  7.5156
172  76  0.0000  0.0000  0.0000
180  76  0.0000  0.0000  0.0000
188  76  2.5000  0.0000  8.8276
196  76  0.0000  0.0000  0.0000
204  76  2.5000  0.0000  8.8276
212  76 -0.5000  0.0000  8.8276
220  76  0.0000 -0.1960 11.1304
228  76  0.0000  0.0000  0.0000
236  76  0.0000  0.0000 11.1304
244  76  0.0000  0.0000  0.0000
252  76  0.0000  0.0000 11.1304
260  76  0.0000  0.0000 11.1304
268  76  0.5000  0.0000 11.1304
276  76  0.0000  0.0000  0.0000
284  76  0.0000  0.0000  0.0000
292  76  0.0000  0.0000 11.1304
  4  84 -0.0933 -0.1820 21.0362
 12  84  0.0000  0.0000 11.0903
 20  84  0.1680  0.1348  7.3416
 28  84  0.1936  2.5000 10.4490
 36  84 -0.0395  0.4274  8.2950
 44  84 -1.5853  0.7413  8.2581
 52  84 -0.5000  0.0790  6.7838
 60  84 -0.0340  0.0976 12.6189
 68  84  0.2554  0.0391 13.5219
 76  84 -0.0470  0.2952  9.6766
 84  84 -0.1819  0.0253 12.9422
 92  84  0.0000  0.0000  0.0000
100  84 -0.2093 -0.0299 13.0089
108  84 -0.5000  0.0825 10.4642
116  84  0.0000  0.0000  0.0000
124  84  0.0000  0.0000 13.3565
132  84  0.0000  0.0000 11.8583
140  84  0.1518  0.1518  9.9026
148  84 -0.5000 -0.1588 10.5785
156  84 -0.2907 -0.0403 10.5761
164  84  0.0000  0.0000 11.1304
172  84  0.0000  0.0000 11.1304
180  84 -0.2780  0.1270 13.3759
188  84  0.0000  0.0000  0.0000
196  84  0.0000  0.0000  8.4768
204  84  0.0000  0.0000  0.0000
212  84  0.0000  0.0000 22.2609
220  84  0.0000  0.0855 10.6035
228  84  0.2136  0.2159 14.8252
236  84  0.0000  0.0000  0.0000
244  84  0.0000  0.0000  0.0000
252  84  0.0000  0.0000 11.1304
260  84  0.0000  0.0000 16.1088
268  84 -0.0677  0.2414 11.7124
276  84  2.5000  0.0000  8.8276
284  84  0.0000  0.0000  0.0000
292  84  0.0000  0.0000  0.0000
  4  92 -0.5000  0.0000  9.9740
 12  92  0.0000  0.0000  0.0000
 20  92  0.0000  0.0000 20.1250
 28  92  0.0000  0.0000  7.4054
 36  92  0.0000  0.0000 17.0667
 44  92  0.0000  0.0000 10.6514
 52  92 -0.1057  0.3909  6.6232
 60  92  0.0000  0.0000  1.0000
 68  92  3.5000 -0.1896 13.5929
 76  92  0.0000  0.0000  0.0000
 84  92  0.0298  0.0496 10.5666
 92  92 -0.0198 -0.0093 20.0153
100  92 -4.5000  0.0830 13.8795
108  92  0.8247  0.0000  7.8596
116  92  0.0000  0.0000  0.0000
124  92  0.0000  0.0000 19.1045
132  92  0.0000  0.0000  0.0000
140  92  0.0000  0.0000 16.1088
148  92 -0.1113 -1.6014 11.9803
156  92  0.2780  0.1270 13.3759
164  92  0.0000  2.5000 11.1304
172  92     NaN  0.5000  8.4476
180  92  0.0000  0.0000  0.0000
188  92  0.0000  0.0000  0.0000
196  92  0.0000  0.0000  0.0000
204  92  0.0000  0.0000  0.0000
212  92  0.0000  2.5000  8.8276
220  92  0.0000  0.0000 11.1304
228  92  0.0000  0.0000 11.1304
236  92  0.0000  0.0000 11.1304
244  92  0.0000  0.0000 16.1088
252  92  0.0000  0.0000 13.7892
260  92  0.0000  0.0000  0.0000
268  92  0.0000  0.0000  0.0000
276  92  0.0000  0.0000 11.1304
284  92  0.0000  0.0000  0.0000
292  92  0.0000  0.0000  0.0000
  4 100  0.0000  0.0000 11.1304
 12 100 -0.1151 -0.1151 16.5161
 20 100  0.1188  0.1176 11.7230
 28 100  1.5821 -0.2691  6.9945
 36 100 -0.0192  0.1864 11.8154
 44 100  0.0000  0.0000 13.2207
 52 100 -0.1798 -0.0246 17.0238
 60 100  0.0000  1.7251  8.5018
 68 100  0.0391 -2.5000  9.3822
 76 100 -0.0418  0.1521 12.6567
 84 100  0.0000  0.0000 11.1304
 92 100  2.5000  0.0000  8.8276
100 100  0.0000  0.0000  0.0000
108 100  0.0000  0.0000 16.1088
116 100 -0.1151  0.1151 16.5161
124 100  0.1859 -0.0183 15.8584
132 100  0.0000  2.5000  8.8276
140 100  0.2587  0.1868 11.1614
148 100  0.0000  0.0000  0.0000
156 100  0.0000  0.0000 17.2183
164 100 -0.5000 -0.5000  4.0635
172 100  0.0000  0.0000 11.1304
180 100  0.0000  0.0000  0.0000
188 100  0.0000  0.0000  0.0000
196 100  0.0000  0.0000  0.0000
204 100  0.0000  0.0000  0.0000
212 100 -0.5000  0.0000  8.8276
220 100  0.0000  0.0000 16.1088
228 100  0.0000  0.0000  0.0000
236 100  0.0000  0.0000  0.0000
244 100  0.0000  0.0000 11.1304
252 100  0.0000  0.0000 16.1088
260 100 -0.1140 -0.1079 19.3902
268 100  0.0000  0.0000  0.0000
276 100  0.0000  0.0000  0.0000
284 100  0.0000  0.0000  0.0000
292 100  0.0000  0.0000  0.0000
  4 108  0.1762  0.8316  6.8956
 12 108 -0.1681  2.1069 12.3107
 20 108  2.5000 -0.0590  9.4815
 28 108  0.0000  0.0000 19.4783
 36 108  0.0000  0.0000 11.1304
 44 108 -0.1174  4.1710 14.6131
 52 108 -2.8920  2.2621  7.1697
 60 108     NaN  0.0000  4.0635
 68 108  0.0000  0.0000 20.7059
 76 108  0.4043  0.4043  8.0000
 84 108 -0.5000  0.0000  8.8276
 92 108  0.0000  0.0000  0.0000
100 108  0.5000  0.0000  8.4768
108 108  0.0000  0.0000 11.1304
116 108 -0.3302  0.0393  7.4712
124 108 -0.0574 -0.1866  6.7496
132 108  0.1740  0.1011 10.5700
140 108  1.5000  0.0000  8.2581
148 108  0.0000  0.0000  0.0000
156 108 -0.1556  0.0000 12.2969
164 108  0.0000  0.0000 11.1304
172 108  0.0000  0.0000 16.1088
180 108  0.0000  0.0000 11.1304
188 108  2.5000  0.0000  8.8276
196 108  0.0000  0.0000  0.0000
204 108  0.0000  0.0000  0.0000
212 108  0.0000  0.0000  0.0000
220 108  0.0000  2.5000  8.8276
228 108  0.0000  0.0000  0.0000
236 108  0.0000  0.0000  0.0000
244 108  0.0000  0.0000  0.0000
252 108  0.0000  0.0000  0.0000
260 108  0.0000  2.5000  8.8276
268 108  0.0000  0.0000 11.1304
276 108  0.0000  0.0000  0.0000
284 108  0.0000  0.0000  0.0000
292 108  0.0000  0.0000  0.0000
  4 116  0.1012 -0.0458 14.0274
 12 116  0.0000  0.0000 11.1304
 20 116  0.0000  0.0000 11.1304
 28 116  0.0000  0.0000  0.0000
 36 116  0.0000  0.0000  0.0000
 44 116  0.0000  0.0000  0.0000
 52 116  0.1834 -0.0484 13.7039
 60 116 -0.5000  0.0000  8.8276
 68 116  2.5000  0.0000  8.8276
 76 116 -0.5000  0.0000  8.8276
 84 116  0.0000  0.0000 11.1304
 92 116  0.1841 -0.0418 12.3683
100 116  0.0000  2.5000 12.0628
108 116  0.0000  0.0000  0.0000
116 116  0.0000  0.0000  7.6026
124 116 -0.1102 -0.0046  7.2751
132 116  0.0000  0.0000 12.8600
140 116  0.0000  0.0000 11.1304
148 116  0.0000  0.0000 11.1304
156 116 -0.1696  0.0000 12.5902
164 116  0.0000  0.0000  0.0000
172 116  0.0000  0.0000  0.0000
180 116  0.0000  0.0000  0.0000
188 116  0.0000  0.0000  0.0000
196 116  0.0000  0.0000  0.0000
204 116  0.0000  0.0000  0.0000
212 116  0.0000  0.0000  0.0000
220 116  2.5000  0.0000  8.8276
228 116 -0.5000  0.0000  8.8276
236 116  0.0000  0.0000  0.0000
244 116  0.0000  0.0000  0.0000
252 116  0.0000  0.0000  0.0000
260 116  0.0000  0.0000 17.0667
268 116 -0.3329  0.0842  7.1879
276 116 -0.0557 -0.0632 16.2106
284 116  0.0000  0.0000  0.0000
292 116  0.0000  0.0000  0.0000
  4 124  0.0000  0.0000  0.0000
 12 124  0.0000  0.0000  0.0000
 20 124  0.0000  0.0000  0.0000
 28 124  0.0000  0.0000  0.0000
 36 124  4.5000 -0.5000  4.0635
 44 124  0.2080 -0.2715 12.3107
 52 124  2.3162  0.1023  9.7439
 60 124 -0.5000  0.0000  8.8276
 68 124  4.5000 -0.5000  4.0635
 76 124 -0.4284 -1.5000  9.9810
 84 124  2.5000  0.0000  8.8276
 92 124 -0.5000 -0.1819  5.7949
100 124  0.1063 -0.1637 17.2251
108 124 -0.5000  0.0000  8.8276
116 124  0.0000  0.0000 11.9011
124 124  0.0000  1.7251  8.5018
132 124  0.1960 -0.5000 11.1304
140 124  0.0000  0.0000  0.0000
148 124  0.0000  0.0000 11.1304
156 124 -0.0083 -0.0418 11.2576
164 124  0.0000  0.0000  0.0000
172 124  0.0000  0.0000 11.1304
180 124  0.0000  0.0000  0.0000
188 124  0.0000  0.0000  0.0000
196 124  0.0000  0.0000 11.1304
204 124  1.1733  0.0000  8.5333
212 124  0.0000  0.0000 11.9011
220 124  0.0000  0.0000 11.1304
228 124  0.0000  0.0000 16.1088
236 124  2.5000  0.0000  8.8276
244 124  0.0000  0.0000  0.0000
252 124  0.0000  0.0000  0.0000
260 124  0.0000  0.0000  0.0000
268 124  0.0000  0.0000  0.0000
276 124  0.0000  0.0000  9.2850
284 124  0.0000  2.5000  8.8276
292 124  0.0000  0.0000  0.0000
  4 132  0.0000  0.0000  0.0000
 12 132  0.0000  0.0000  0.0000
 20 132  0.0000  0.0000  0.0000
 28 132  0.0000  0.0000  0.0000
 36 132  0.0000  0.0000 12.0455
 44 132  0.0000  0.0000 16.1088
 52 132  0.0000  0.0000  0.0000
 60 132  0.0000  0.0000  0.0000
 68 132  0.0000  0.0000 11.1304
 76 132  0.0000  0.0000 11.1304
 84 132  0.0000  2.5000  8.8276
 92 132  0.4681  0.0000  9.5738
100 132  0.0000  0.0000  0.0000
108 132  0.0000  0.0000 11.1304
116 132  0.0000  0.0000 11.1304
124 132  0.0000  0.0000  0.0000
132 132  0.0000  0.0000  0.0000
140 132  0.0000  0.0000  0.0000
148 132  0.0000  0.0000  0.0000
156 132  0.0000  0.0000  8.7810
164 132  0.0000  0.0000  0.0000
172 132  0.0000  0.0000  0.0000
180 132  0.0000  0.0000 11.1304
188 132 -0.0832 -0.3131  9.8462
196 132  0.0000  0.0000  0.0000
204 132  0.0000  0.0000 19.4783
212 132  0.0000  0.0000  0.0000
220 132  0.0000  0.0000  0.0000
228 132  0.0000  0.0000 16.1088
236 132  0.0000  0.0000 16.1088
244 132  2.5000  0.0000  8.8276
252 132 -0.5000  0.0000  8.8276
260 132  2.5000  0.0000  8.8276
268 132  0.0000  0.0000  0.0000
276 132  0.0000  0.0000 16.1088
284 132  1.7338  1.5000  7.1263
292 132  0.0000  0.0000  0.0000
  4 140  0.0000  0.0000 11.1304
 12 140  0.0000  0.0000  0.0000
 20 140  0.0000  0.0000  0.0000
 28 140  2.5000  0.0000  8.8276
 36 140  0.0578  0.4337  9.0220
 44 140  0.0000  0.0000  0.0000
 52 140  0.0000  0.0000  0.0000
 60 140  0.0000  0.0000  0.0000
 68 140  0.0000  2.5000  8.8276
 76 140  0.0000  0.1063  6.9728
 84 140 -1.1733  0.0000  8.5333
 92 140  0.0000  0.0000 19.4783
100 140  0.0000  0.0000  0.0000
108 140  0.0000  0.0000  0.0000
116 140  0.0000  0.0000  0.0000
124 140  0.0000 -0.5000  8.8276
132 140  0.0000  0.0000  0.0000
140 140  0.0000  0.0000 16.1088
148 140 -2.8274 -0.3035  7.6077
156 140  0.0000  0.0000  9.2850
164 140  0.0000  0.0000 11.1304
172 140  0.0000  0.0000  0.0000
180 140  0.0000  0.0000 11.1304
188 140  0.0000  0.0000 19.1045
196 140  0.0000  0.0000  0.0000
204 140  0.0000  0.0000  0.0000
212 140  0.0000  0.0000  0.0000
220 140  0.0000  0.0000  0.0000
228 140  0.0000  0.0000  0.0000
236 140 -0.5000  0.0000  8.8276
244 140 -0.0417  0.1134  7.3143
252 140  0.0000  0.0000  0.0000
260 140  0.0000  0.0000  8.4768
268 140  0.0000  0.0000  0.0000
276 140  0.1313 -0.0812 16.9211
284 140  0.0000  0.0000  0.0000
292 140  0.0000  0.0000 11.1304
  4 148  0.0000  0.0000  0.0000
 12 148  0.0000  0.0000  0.0000
 20 148  0.0000  0.0000 11.1304
 28 148  0.1138 -0.1378 11.4627
 36 148  0.0000  0.0000  0.0000
 44 148  0.0000  0.0000  0.0000
 52 148  0.0000  2.5000  8.8276
 60 148  0.0000  0.0000  0.0000
 68 148 -0.0698  0.2911 10.5124
 76 148  0.0000  0.0000  0.0000
 84 148  0.1151  0.1151 16.5161
 92 148  0.0000  0.0000  0.0000
100 148  0.0000  0.0000 11.1304
108 148  0.0000  0.0000  0.0000
116 148  0.0000  0.0000  0.0000
124 148  0.0000  0.0000  0.0000
132 148  0.0000  0.0000  0.0000
140 148  0.1180 -0.5000  9.2850
148 148 -0.5000  0.0000 11.1304
156 148 -1.0752 -0.2913  6.3772
164 148  0.0000  0.0000 11.1304
172 148  0.0000  0.0000  0.0000
180 148  0.5000  0.0000  8.8276
188 148  0.0000  0.0000  0.0000
196 148  0.0000  0.0000  0.0000
204 148  0.0000  0.0000  0.0000
212 148  0.0000  0.0000 11.1304
220 148  2.5000  0.0000  8.8276
228 148  0.0000  0.0000  0.0000
236 148  0.0000  0.0000  0.0000
244 148  2.5000  0.0000  8.8276
252 148 -0.5000  0.0000  8.8276
260 148  0.0000  0.0000  0.0000
268 148  0.0000  0.0000 11.1304
276 148  0.0000  0.0000  0.0000
284 148  0.0000  0.0000  0.0000
292 148  0.0000  0.0000 11.1304
  4 156  0.0000  0.0000  0.0000
 12 156  0.0000  0.0000 16.1088
 20 156  0.0218 -0.2266 12.8350
 28 156  0.0000  0.0000 11.1304
 36 156  0.0000  0.0000  0.0000
 44 156  0.0000  0.0000  0.0000
 52 156  0.0000  0.0000  0.0000
 60 156  0.0000  0.0000  0.0000
 68 156  0.3476  0.2927  7.3438
 76 156  0.0000  0.0000 12.0455
 84 156  0.0000  0.0000  0.0000
 92 156  0.0000  0.0000  0.0000
100 156  0.0000  0.0000  0.0000
108 156  2.5000  0.0000  8.8276
116 156 -0.0418  0.1521 12.6567
124 156  0.0000  0.0000 11.1304
132 156 -1.5000  0.0000  8.2581
140 156  0.0000  0.0000 11.1304
148 156  0.1556  0.0000 12.2969
156 156  0.0000  0.0000  8.2581
164 156 -0.1960  0.0000 11.1304
172 156 -0.3577  2.5000 13.4737
180 156  0.0610  0.5000  7.7665
188 156  0.0000  0.0000  0.0000
196 156  0.0000  0.0000  0.0000
204 156  0.0000  0.0000  0.0000
212 156  0.0000  0.0000  0.0000
220 156  0.0000  0.0000  0.0000
228 156  0.0000  0.0000 11.1304
236 156  0.0000  0.0000  0.0000
244 156  0.0000  0.0000 11.1304
252 156  2.5000  0.0000  8.8276
260 156  2.5000  4.5000  4.0635
268 156  0.0000  0.0000  0.0000
276 156  0.0000  0.0000  0.0000
284 156  0.0000  0.1960 11.1304
292 156  0.0000  0.0000 11.1304
  4 164  0.0000  0.0000 16.1088
 12 164  0.0000  0.0000 16.1088
 20 164 -0.1798  0.0246 17.0238
 28 164  0.2611 -0.1783  7.6338
 36 164  0.0000  0.0000 11.1304
 44 164  0.0000  0.0000  0.0000
 52 164  0.0000  0.0000  0.0000
 60 164  0.0000  0.0000 16.6957
 68 164 -1.0756  0.0431  7.0865
 76 164  0.3468 -0.5000 10.2045
 84 164  0.0000  0.0000  0.0000
 92 164 -1.5000  0.0000  8.2581
100 164  0.0000  0.0000  0.0000
108 164  0.0000  2.5000  8.8276
116 164  0.4025  2.5000  7.3745
124 164  0.0000  0.0000  0.0000
132 164  0.0000  2.5000  8.8276
140 164  0.0000  0.0000 16.1088
148 164  0.1556  0.0000 12.2969
156 164  0.0000  0.0000  8.2581
164 164 -0.0832  0.3131  9.8462
172 164  0.0000  0.0000  0.0000
180 164  0.0000  0.0000 10.3926
188 164 -0.1960  2.5000 11.1304
196 164  0.0000  0.0000  0.0000
204 164  0.0000  0.0000  0.0000
212 164  0.0000  0.0000 11.1304
220 164  0.0000  0.0000  0.0000
228 164  0.0000  2.5000  8.8276
236 164  0.0000  0.0000  0.0000
244 164  0.0000  0.0000  0.0000
252 164  0.0000  0.0000  0.0000
260 164  0.0000  0.0000  0.0000
268 164  0.0000  0.0000  0.0000
276 164  0.0000  0.0000  0.0000
284 164  0.0000  0.0000  0.0000
292 164  0.0000  0.0000  0.0000
  4 172  0.0000  0.0000  0.0000
 12 172  0.0000  0.0000  0.0000
 20 172  0.0000  0.0000 11.1304
 28 172  0.0000  0.0000 12.0455
 36 172  4.5000 -0.5000  4.0635
 44 172  0.0000  0.0000  0.0000
 52 172  0.0000  0.0000 16.1088
 60 172 -1.0756  0.0431  7.0865
 68 172 -0.1872  0.1873 11.1304
 76 172 -0.5000  4.5000  4.0635
 84 172  0.0000  0.0000  0.0000
 92 172  0.0000  0.0000  0.0000
100 172  0.0000  0.0000  0.0000
108 172  0.0000  0.0000 16.1088
116 172  0.0000  0.0000 11.1304
124 172  0.0000  0.0000  0.0000
132 172  0.0000  0.0000 11.1304
140 172 -0.5000  0.0000 11.1304
148 172  0.2011  0.1988 14.8099
156 172  0.0000  0.0000  8.2581
164 172  0.0000  0.0000 12.0628
172 172  0.0000  0.0000  0.0000
180 172  0.0000  0.0000 11.1304
188 172  0.0000  0.0000 11.1304
196 172  0.0000  0.0000  0.0000
204 172  0.0000  0.0000  0.0000
212 172  0.0000  0.0000 16.1088
220 172  0.0000  0.0000 16.1088
228 172  0.0000  0.0000  0.0000
236 172  0.0000  0.0000 16.1088
244 172  0.0000  0.0000  0.0000
252 172  0.0000  0.0000  0.0000
260 172  0.0000  0.0000  0.0000
268 172  0.0000  0.0000  0.0000
276 172  0.0000 -0.5000  8.8276
284 172  0.0000  0.0000 11.1304
292 172  0.0000  0.0000 11.1304
  4 180  0.0000  0.0000 11.1304
 12 180  0.0000  0.0000  0.0000
 20 180  0.0000  0.0000 16.1088
 28 180  0.0000  0.0000 11.1304
 36 180  4.5000  4.5000  4.0635
 44 180  0.0000  0.0000  0.0000
 52 180  0.0000  0.0000 12.0455
 60 180 -1.0756  0.0431  7.0865
 68 180  0.0000  0.0000  0.0000
 76 180  0.0000  0.0000  0.0000
 84 180  0.0000  0.0000  0.0000
 92 180  0.0000  0.0000  0.0000
100 180  0.0000  0.0000 11.1304
108 180  0.0000  2.5000  8.8276
116 180  0.0000  0.0000  0.0000
124 180  0.0000  0.0000 11.1304
132 180  1.5000 -1.0000  7.4357
140 180  0.0000  0.0000  0.0000
148 180  0.1912  0.0000 12.4272
156 180  0.0000  0.0000  0.0000
164 180  0.0698  0.2911 10.5124
172 180  0.0000  0.0000  0.0000
180 180  0.0000  0.0000  0.0000
188 180  0.0000 -0.5000  8.8276
196 180  0.0000  0.0000  0.0000
204 180  0.0000  0.0000  0.0000
212 180  0.0000  0.0000  0.0000
220 180  0.0000  0.0000 11.1304
228 180  0.0000  0.0000 11.1304
236 180  0.0000 -0.5000  8.8276
244 180  0.0000  0.0000  0.0000
252 180  0.0000  0.0000  0.0000
260 180  0.0000  0.0000  0.0000
268 180  0.0000  0.0000 11.1304
276 180  0.0000  0.0000  0.0000
284 180  0.0000  0.0000  0.0000
292 180  0.0000  0.0000  0.0000
  4 188  0.0000  0.0000  0.0000
 12 188  0.0000  0.0000 11.1304
 20 188  0.1151 -0.1151 16.5161
 28 188  0.0000  0.0855 10.6035
 36 188  0.2249 -0.1385  7.8691
 44 188  0.2367 -0.1562 14.2321
 52 188  1.5000 -1.0000  7.4357
 60 188  0.1556  0.0000 12.2969
 68 188  0.0000  0.0000  0.0000
 76 188  0.0000  0.0000  0.0000
 84 188  0.0000  0.0000  0.0000
 92 188  0.0000  0.0000 11.1304
100 188 -0.2375 -0.3586 11.7728
108 188  0.0000  0.0000 11.1304
116 188  0.0000  0.0000  0.0000
124 188  0.0000 -0.5000  8.8276
132 188  0.1050  2.5000  6.8903
140 188  0.0000  0.0000  0.0000
148 188  0.0000  0.0000 12.0628
156 188  0.0000  0.0000  0.0000
164 188 -0.1469  0.0000 10.3584
172 188  0.0000  0.0000  0.0000
180 188  0.0000  0.0000  0.0000
188 188 -0.5000  0.0000  8.8276
196 188  0.0000  0.0000  0.0000
204 188  0.0000  0.0000  0.0000
212 188  0.0000  0.0000  0.0000
220 188  0.0000  0.0000  0.0000
228 188  0.0000  0.0000  0.0000
236 188  0.0000  0.0000  0.0000
244 188  0.0000  0.0000  0.0000
252 188  0.0000  0.0000  0.0000
260 188  0.0000  0.0000  0.0000
268 188  0.0000  0.0000  0.0000
276 188  0.0000  0.0000  0.0000
284 188  0.0000  0.0000  0.0000
292 188  0.0000  0.0000  0.0000
  4 196  0.0000  0.0000  0.0000
 12 196  0.0000  2.5000  8.8276
 20 196  0.0000  0.0000 12.1905
 28 196 -0.0732 -0.2205  8.4628
 36 196 -0.0938  0.1802  9.3191
 44 196  0.0000  0.0000 12.0628
 52 196  0.5000  0.0000  8.4768
 60 196  0.1258 -0.2366 13.9760
 68 196  0.0000  0.0000  0.0000
 76 196  0.0000  0.0000  0.0000
 84 196  0.0000  0.0000  0.0000
 92 196  0.0000  0.0000  0.0000
100 196 -0.1960  0.0000 11.1304
108 196  1.5000  0.0000  8.2581
116 196  0.0000  0.0000  0.0000
124 196  0.0000  0.0000 11.1304
132 196  2.3677 -0.1145 12.8207
140 196  0.0000  0.0000  0.0000
148 196  0.0698  0.2911 10.5124
156 196  0.5000  5.0000  8.4768
164 196  0.2021  0.2860 10.7438
172 196  0.0000  0.0000  0.0000
180 196  0.0000  0.0000  0.0000
188 196  0.0000  0.0000 16.1088
196 196  0.1960 -0.5000 11.1304
204 196  0.0000  0.0000  0.0000
212 196  0.0000  0.0000  0.0000
220 196  0.0000  0.0000  0.0000
228 196  0.0000  0.0000  0.0000
236 196  0.0000  0.0000  0.0000
244 196  0.0000  0.0000  0.0000
252 196  0.0000  0.0000  0.0000
260 196  0.0000  0.0000  0.0000
268 196  0.0000  0.0000  0.0000
276 196  0.0000  0.0000  0.0000
284 196  0.0000  0.0000  0.0000
292 196 -0.5000  0.0000  8.8276
  4 204  0.0000  0.0000  0.0000
 12 204 -0.1682 -0.1463  9.1264
 20 204 -0.1344 -0.2459  6.2729
 28 204 -0.1624 -0.0217 14.3937
 36 204 -0.0299 -0.0914 10.1354
 44 204 -1.0000  2.5000  6.9531
 52 204 -0.0578 -0.4337  9.0220
 60 204  0.0000 -0.1960 11.1304
 68 204  0.0000  0.0000  0.0000
 76 204  0.0000  0.0000  0.0000
 84 204  0.0000  0.0000  0.0000
 92 204  0.0000  0.0000  0.0000
100 204  0.1180  2.5000  9.2850
108 204  0.0000  0.0000  0.0000
116 204  0.0000  0.0000  0.0000
124 204  0.0000  0.0000  0.0000
132 204  2.1763 -0.0612  8.3212
140 204 -0.5000  0.0000  8.8276
148 204  0.0418  0.1521 12.6567
156 204  0.0000  0.0000 11.1304
164 204  0.0000  0.0000 12.0628
172 204 -0.5000  0.0000  8.8276
180 204  0.0000  0.0000 11.1304
188 204  0.0000  2.5000  8.8276
196 204  0.0000  0.0000 12.0455
204 204  0.0000  0.0000  0.0000
212 204  0.0000  0.0000  0.0000
220 204  0.0000  0.0000  0.0000
228 204  0.0000  0.0000 11.1304
236 204  0.0000  0.0000  0.0000
244 204  0.0000  0.0000  0.0000
252 204  0.0000  0.0000 11.1304
260 204  0.0000  0.0000  0.0000
268 204  0.0000  0.0000  0.0000
276 204  0.0000  0.0000 11.1304
284 204  4.5000 -0.4032  6.1440
292 204  0.0000  0.0000  0.0000
  4 212  0.0000  2.5000  8.8276
 12 212  0.3321 -0.1276 10.3409
 20 212  0.1455 -0.2291 17.9596
 28 212  0.0255  0.0534 10.2299
 36 212 -0.0264 -0.3145 11.0777
 44 212 -0.5000  0.1588 10.5785
 52 212  0.0000  2.5000  8.8276
 60 212  0.0000  0.0000  0.0000
 68 212  0.0000  0.0000 11.1304
 76 212 -0.5000  0.0000  8.8276
 84 212  2.5000  0.0000  8.8276
 92 212  0.0000  0.0000  0.0000
100 212 -0.2917  0.0000 11.1304
108 212  0.0000  0.0000  0.0000
116 212  0.0000  0.0000  0.0000
124 212  0.0000  0.0000  0.0000
132 212  0.0000  0.0000 11.2521
140 212  0.0000  0.0000  0.0000
148 212  0.0868  0.0378 15.2803
156 212  0.0000  0.0000  0.0000
164 212  0.1960  0.0000 11.1304
172 212  0.0000  0.0000  0.0000
180 212  0.0000  0.0000  0.0000
188 212  0.0000  0.0000  0.0000
196 212 -0.0832  0.3131  9.8462
204 212  0.0000  0.0000 11.1304
212 212  0.0000  0.0000  0.0000
220 212  0.0000  0.0000  0.0000
228 212  0.0000  0.0000  0.0000
236 212  0.0000  0.0000  0.0000
244 212  0.0000  0.0000  0.0000
252 212  0.0000  0.0000  0.0000
260 212  0.0000  0.0000  0.0000
268 212  0.1960  0.0000 11.1304
276 212  0.0000  0.0000  0.0000
284 212  0.0000  0.0000  0.0000
292 212  0.0000  0.0000  0.0000
  4 220  0.0000  0.0000  0.0000
 12 220  0.0000  0.0000  0.0000
 20 220  0.0000  0.0000 16.1088
 28 220  0.0418 -0.1521 12.6567
 36 220  0.0000  0.0000  0.0000
 44 220  2.5000  0.0000  8.8276
 52 220  0.0000  0.0000 11.1304
 60 220  0.0000  0.0000  0.0000
 68 220  0.0000  0.0000 11.1304
 76 220  0.0000  0.0000  0.0000
 84 220  0.0000  0.0000  0.0000
 92 220  0.0000 -0.5000  8.8276
100 220  0.3732 -0.3694 10.3318
108 220  0.0000  0.0000  0.0000
116 220  0.0000  0.0000  0.0000
124 220  0.0000  0.0000  0.0000
132 220 -0.4032  0.0000 11.1304
140 220  0.0000  0.0000  0.0000
148 220  0.0000  0.0000 11.1304
156 220  0.0000  0.0000 11.1304
164 220  0.0000  0.0000 11.1304
172 220  0.0000  0.0000 11.1304
180 220  0.0000  0.0000  0.0000
188 220  0.0000  0.0000  0.0000
196 220  0.1276 -0.3321 10.3409
204 220  0.0000  0.0000  0.0000
212 220  0.0000  0.0000  0.0000
220 220  0.0000  0.0000  0.0000
228 220  0.0000  0.0000  0.0000
236 220  0.0000  0.0000  0.0000
244 220  0.0000  0.0000  0.0000
252 220  0.0000  0.0000  0.0000
260 220  0.0000  0.0000  0.0000
268 220  0.0000  0.0000 19.1045
276 220  0.0000  0.0000 11.1304
284 220  0.0000  0.0000 11.1304
292 220  0.0000  0.0000  0.0000
