VARIABLES= "X pix", "Y pix", "U pix/dt", "V pix/dt", "CHC", ZONE I=28, J=37
  4   4  0.0000  0.0000 10.1015
 12   4  0.0000  0.0000  9.1613
 20   4  0.0000  0.0000 10.2151
 28   4  0.0078 -0.0005  9.4907
 36   4  0.0000  0.0426  8.4261
 44   4  0.0000  0.0426  8.4261
 52   4  0.0000 -0.0242  8.2031
 60   4  0.0000 -0.0641  9.5516
 68   4 -0.0651 -0.0119 10.1987
 76   4  0.0000  0.0048 11.0451
 84   4  0.0490 -0.0023 10.9549
 92   4  0.0236  0.0465 10.4346
100   4 -0.0298 -0.0259 11.9421
108   4  0.0000  0.0000 11.0388
116   4  0.0000  0.0000 11.7754
124   4  0.0000  0.0152 11.1766
132   4  0.0000  0.0000 11.2712
140   4  0.0000  0.0000 11.9483
148   4  0.0000  0.0000 11.7754
156   4  0.0000  0.0000 11.7754
164   4  0.0387  0.0167 12.2531
172   4  0.0000  0.0000 11.9577
180   4  0.0000  0.0000 11.2402
188   4  0.0000  0.0000 10.1847
196   4  0.0000  0.0000 10.1640
204   4  0.0000  0.0000 10.4799
212   4  0.0000  0.0000  8.8660
220   4  0.0000  0.0000 10.1360
228   4  0.0000  0.0000 11.6112
236   4  0.0000  0.1182 13.3616
244   4  0.0000  0.0000 11.8297
252   4  0.0000  0.0000 10.5606
260   4  0.0000  0.0000 11.7813
268   4 -0.2155  0.0240 12.0702
276   4  0.0000 -0.1027 13.2920
284   4  0.0000  0.0000 12.9293
292   4  0.0306  0.0624 13.1209
  4  12  0.0000  0.0000  9.6935
 12  12  0.0000  0.0000 11.6053
 20  12  0.0000  0.0000 11.6053
 28  12  0.0000  0.0000 11.6053
 36  12  0.0000  0.0000  9.9740
 44  12  0.0000 -0.0618  8.3799
 52  12  0.0000  0.0000 11.1304
 60  12  0.0000  0.5000  9.4815
 68  12  0.0000  0.0000 12.3492
 76  12  0.0000  0.0000  6.8970
 84  12  0.0000  0.8849  9.4815
 92  12 -0.1174 -1.0000  5.2483
100  12 -0.1863  0.0121 23.5468
108  12 -0.5275  0.0795  7.8597
116  12  0.0143  0.2505  7.6724
124  12 -0.0016 -0.0130  7.3435
132  12  0.0000  0.1047  7.6243
140  12  0.0000  0.0678  7.8132
148  12  0.0000  0.0000  8.1915
156  12 -0.0090  0.0176 14.7027
164  12 -0.0017 -0.0250 18.7212
172  12  0.0000  0.0000  7.7558
180  12  0.0000  0.0000  8.7428
188  12  0.0000  0.0000  8.8427
196  12 -0.0297 -0.0343 10.5860
204  12  0.0019 -0.0570 11.1904
212  12  0.0000  0.0000 14.1052
220  12  0.0000  0.0000 12.6801
228  12  0.0000  0.0000 14.2222
236  12  0.0180  0.0151  9.2380
244  12  0.0000  0.0000 15.3846
252  12 -0.1288 -0.0379 13.9288
260  12  0.0000  0.0000 12.9654
268  12 -0.0285  0.2012 14.8958
276  12 -0.1235  0.1861  8.8516
284  12  0.0000  0.0000 18.4425
292  12  0.0000  0.0000 13.8991
  4  20  0.0648 -0.0051 17.6592
 12  20 -0.0027  0.0218 16.9013
 20  20  0.0075 -0.0850 19.9458
 28  20  0.0006  0.0595 20.4032
 36  20  0.0297 -0.0054 20.0081
 44  20  0.0270  0.0075 17.8973
 52  20 -0.0042 -0.0041 16.9661
 60  20  0.0000  0.0000 17.3189
 68  20 -0.0131  0.0073 17.2026
 76  20 -0.0463 -0.0003 14.5784
 84  20 -0.0015 -0.0008 15.2760
 92  20  0.0000  0.0000 14.2905
100  20 -0.0080 -0.0305 13.6710
108  20 -0.0170 -0.0061 17.5432
116  20  0.0000  0.0000 13.7200
124  20  0.0000  0.0000 12.4521
132  20  0.0000  0.0000 13.0561
140  20  0.0000  0.0000 16.6188
148  20 -0.0092  0.0116 21.2955
156  20 -0.0030 -0.0025 18.7496
164  20 -0.0225  0.0089 12.9786
172  20  0.0000  0.0000 26.5420
180  20  0.0000  0.0000 25.3781
188  20 -0.0005  0.0034 17.6346
196  20 -0.0015 -0.0091 19.8612
204  20  0.0000  0.0000 20.4105
212  20  0.0000  0.0000 21.1465
220  20  0.0015 -0.0115 17.8104
228  20 -0.0050  0.0022 18.6105
236  20  0.0060 -0.0193 20.2292
244  20 -0.0360 -0.0016 19.7781
252  20  0.0000  0.0034 10.2704
260  20 -0.0117  0.0016 21.3589
268  20  0.0000  0.0000 10.2483
276  20 -0.0019 -0.0012 21.2176
284  20 -0.0168  0.0031 21.4313
292  20  0.0146 -0.0274 20.3934
  4  28  0.0279  0.0021  9.0839
 12  28  0.0013 -0.0225 13.4414
 20  28  0.0079  0.0001 11.1476
 28  28  0.0194  0.0449  7.7238
 36  28  0.0000  0.0000  7.5358
 44  28  0.0000  0.0000  7.4331
 52  28 -0.0136 -0.0263  7.1298
 60  28  0.0035  0.0686  6.9480
 68  28  0.0000  0.0000  7.3043
 76  28  0.0000  0.0000  7.7924
 84  28  0.0000  0.0000  9.9531
 92  28  0.0000  0.0000  8.6091
100  28  0.0000  0.0000  7.4317
108  28  0.0052 -0.0704  8.3493
116  28 -0.0825 -0.0097 10.3677
124  28  0.0000  0.0000  7.2820
132  28  0.1333 -0.0507  6.7623
140  28  0.0000  0.0000  8.2581
148  28  0.0000  0.0000  7.7124
156  28  0.0000  0.0000 14.1049
164  28  0.0067  0.0186 21.8363
172  28 -0.0027  0.0000 12.1963
180  28 -0.0008 -0.0530  8.7407
188  28  0.0000  0.0000 12.8830
196  28  0.0000  0.0000  9.3589
204  28 -0.0071  0.1422  7.1231
212  28 -0.1314 -0.0247  8.4277
220  28  0.0405  0.0091  8.9127
228  28  0.1451 -0.0150  9.1532
236  28  0.0000  0.0000  7.6107
244  28 -0.0265  0.0512  7.7041
252  28 -0.0604 -0.0378  5.9896
260  28 -0.0135  0.0179  6.4255
268  28  0.0000  0.0000  6.3918
276  28  0.0051 -0.0038  8.4343
284  28  0.0000 -0.0126  7.4141
292  28  0.0000  0.0000  6.0674
  4  36  0.0000  0.0000 10.4446
 12  36  0.0000  0.0000  6.8970
 20  36  0.0000  0.0000  9.2086
 28  36  0.0331 -0.0616 15.5635
 36  36  0.0150  0.0399 15.8229
 44  36 -0.0166 -0.1132 13.1636
 52  36  0.0000  0.0000 15.9971
 60  36  0.0000  0.0000 11.7772
 68  36  0.0000  0.0000  8.9436
 76  36  0.0000  0.0000  7.4680
 84  36  0.0000  0.0000  8.9379
 92  36  0.0000  0.0000 12.0455
100  36  0.0000  0.0000 16.1088
108  36  0.0000  0.0000  0.0000
116  36  0.0000  0.0000  0.0000
124  36  0.0000  0.0000 11.1304
132  36  0.0000  0.0000  0.0000
140  36  0.0000  0.0000  0.0000
148  36  0.0000  0.0000  8.3143
156  36  0.0000  0.0000 14.0238
164  36  0.0000  0.0000 11.8106
172  36 -0.0027 -0.0052 14.1944
180  36  0.0022 -0.0157  8.6581
188  36  0.0000  0.0000  8.7889
196  36  0.0000  0.0000  7.4823
204  36 -0.0053  0.0194  7.8940
212  36 -0.0154  0.0597  9.0451
220  36  0.0232 -0.0009 11.4232
228  36 -0.1152  0.0696 13.2058
236  36  0.0000  0.0000 13.3851
244  36  0.0248 -0.0297 13.4174
252  36  0.0000  0.0000 11.0903
260  36 -0.1765 -0.0164 13.3612
268  36 -0.0298 -0.0972 10.7370
276  36  0.0000  0.0000 12.5203
284  36  0.0000  0.0000 13.2265
292  36  0.0000  0.0000 11.6700
  4  44  0.0000  0.0000 15.8485
 12  44 -0.0651 -0.0378 10.1097
 20  44  0.0080 -0.1716  8.1696
 28  44  0.0000  0.0000  7.6474
 36  44  0.2177 -0.1339  9.6283
 44  44  0.0000  0.0000 11.1304
 52  44  0.0000  0.0000 11.0617
 60  44  0.0000  0.0000 11.1304
 68  44  0.0000  0.0000 11.1304
 76  44  0.0000  0.0000  0.0000
 84  44  0.0000  0.0000 13.5576
 92  44  0.0000  0.0000  9.2850
100  44 -0.1960  0.0000 11.1304
108  44  0.0000  0.0000  0.0000
116  44  0.0000  0.0000  0.0000
124  44  0.0000  0.0000  0.0000
132  44  0.0000  0.0000  0.0000
140  44  0.0000  0.0000  8.4985
148  44  0.0000  0.0000 11.6601
156  44  0.0000  0.0000 14.8883
164  44  0.0000  0.0000 10.7070
172  44 -0.0010 -0.0004 14.2489
180  44  0.0000  0.0000  7.4710
188  44  0.0000  0.0000 16.1088
196  44  0.0000  0.0000 13.0803
204  44  0.0000  0.0000 10.1740
212  44  0.0000  0.0000 10.6057
220  44  0.0308  0.1268 11.5198
228  44 -0.0308 -0.1268 11.5198
236  44  0.0000  0.0000 13.3851
244  44  0.0641 -0.0727 10.9536
252  44 -0.1210  0.0191  8.4253
260  44  0.0000  0.0000 13.5632
268  44  0.0000  0.0000 16.2968
276  44  0.0000  0.0000 12.4405
284  44  0.0000  0.0000 16.5320
292  44  0.0000  0.0000 17.6453
  4  52  0.0000  0.0000 17.7968
 12  52  0.0000  0.0000  0.0000
 20  52  0.0000  0.0000 11.1304
 28  52  0.0000  0.0000  0.0000
 36  52  0.0000  0.0000  0.0000
 44  52  0.0000  0.0000  0.0000
 52  52  0.0000  0.0000  9.4208
 60  52  0.0000  0.0000 11.1304
 68  52  0.0000  0.0000  0.0000
 76  52  0.0000  0.0000  0.0000
 84  52  0.0000  0.0000 11.1304
 92  52  0.2635  0.2172 10.4212
100  52  0.0915 -0.0519 13.1800
108  52  0.0000  0.0000 11.1304
116  52  0.0000  0.0000 11.1304
124  52  0.0000  0.0000 11.1304
132  52  0.0000  0.0000 11.1304
140  52  0.0000  0.0000 19.4783
148  52  0.0000  0.0000  7.5331
156  52  0.0000  0.0000  7.1420
164  52  0.0000  0.0000  7.4203
172  52  0.0021  0.0655 10.6031
180  52  0.2667  0.0104  6.1462
188  52  0.0000  0.0000 11.1304
196  52  0.0000  0.0000  0.0000
204  52  0.0000  0.0000  0.0000
212  52  0.0000  0.0000  0.0000
220  52  0.0000  0.0000 11.1304
228  52  0.0000  0.0000 17.7968
236  52  0.0000  0.0000  8.6413
244  52  0.0000  0.0000 11.0202
252  52 -0.2093  0.0299 13.0089
260  52  0.0000  0.0000 16.1088
268  52  0.0000  0.0000  8.8979
276  52  0.0000  0.0000  9.2585
284  52  0.0000  0.0000 12.2639
292  52  0.0000  0.0000 10.6057
  4  60  0.0000  0.0000 16.1088
 12  60  0.0000  0.0000 11.1304
 20  60  0.0000 -0.5000  8.8276
 28  60 -1.1363 -0.1769  5.9535
 36  60  0.0000  0.0000  0.0000
 44  60  0.0000  0.0000  0.0000
 52  60  0.0000  0.0000 16.1088
 60  60  0.0000  0.0000 18.9370
 68  60  0.0000  0.0000  7.3911
 76  60  0.0000  0.0000 12.1905
 84  60 -0.0436 -0.1894 10.8444
 92  60 -0.1944 -0.0432 10.1502
100  60 -0.0045 -0.1645 10.7778
108  60  0.2689  0.0419  9.7710
116  60  0.1935 -0.5724  9.4657
124  60  0.3127 -0.1061  9.8739
132  60  0.0000  0.0000 12.0628
140  60  0.0000  0.0000  9.7047
148  60  0.0000  0.0000 11.8583
156  60  0.0000  0.0000 11.9011
164  60  0.0000  0.0000 17.7968
172  60 -0.3091  0.0000 15.7112
180  60  0.0000  0.0000 10.1078
188  60  0.0000  0.0000  0.0000
196  60  0.0000  0.0000  0.0000
204  60  0.0000  0.0000  0.0000
212  60  0.0000  0.0000  0.0000
220  60  0.0000  0.0000  0.0000
228  60  0.0000  0.0000  0.0000
236  60  0.0000  0.0000  0.0000
244  60  0.0000  0.0000 16.1088
252  60  2.5000  0.0000  8.8276
260  60  0.0000  0.0000 16.1088
268  60  0.0000  0.0000 16.6956
276  60  0.0000  0.0000 16.1088
284  60  0.0000  0.0000 11.1304
292  60  0.0000  0.0000  9.4208
  4  68  0.0000  0.0000 16.1088
 12  68  0.0000  0.0000  0.0000
 20  68  0.0000  0.0000  0.0000
 28  68  0.0000  0.0000 11.1304
 36  68  0.0000  0.0000 11.1304
 44  68  0.0000 -0.0158 17.0667
 52  68  0.0000  0.0000 13.3565
 60  68  0.0000  0.0000  9.8547
 68  68  0.0000  0.0000  7.6255
 76  68  0.9531 -0.9242 10.8782
 84  68 -0.1749  0.1554  7.7951
 92  68  0.0000  0.0000  9.6760
100  68  0.0000  0.0000 11.1304
108  68  0.2936  1.5732  7.8909
116  68  0.0000  0.0000 13.3565
124  68  0.0000  0.0000 16.1088
132  68  0.0000  0.0000 11.1304
140  68  0.0000  0.0000 16.1088
148  68  0.0000  0.0000 16.1088
156  68  0.0000  0.0000  0.0000
164  68 -0.5000  0.0000  8.8276
172  68  0.0000  0.0000 11.1304
180  68  0.0000  0.0000 22.2609
188  68  0.0000  0.0000  0.0000
196  68  0.0000  0.0000  0.0000
204  68  0.0000  0.0000 11.1304
212  68  0.0000  0.0000 20.7059
220  68  0.0000  0.0000  0.0000
228  68  0.0000  0.0000  0.0000
236  68  0.0000  0.0000  0.0000
244  68  0.0000  0.0000 11.1304
252  68     NaN     NaN  9.3822
260  68  0.0000  0.0000 11.1304
268  68  0.0000  0.0000 10.2729
276  68  0.0000  0.0000  9.5231
284  68  0.0000  0.0000 12.0628
292  68  0.0548  0.1795 19.6402
  4  76  0.0000  0.0000  0.0000
 12  76  0.0000  0.0000 11.1304
 20  76  0.0000  0.0000  0.0000
 28  76  0.0000  0.0000 22.2609
 36  76  0.0000  0.0000 16.1088
 44  76  0.0000  0.0000  0.0000
 52  76  0.0000  0.0000 11.1304
 60  76  0.0000  0.0000 10.7778
 68  76 -0.2559 -0.0579 11.3778
 76  76  0.0000  0.0000  0.0000
 84  76  0.0000  0.0000  0.0000
 92  76  0.0000  0.0000  0.0000
100  76  0.0000  0.0000 11.1304
108  76  0.0000  0.0000 11.1304
116  76 -1.5000  0.0000  8.2581
124  76  0.0000  0.0000 19.1045
132  76  0.0000  0.0000 19.4783
140  76  0.0000  0.0000 12.8600
148  76  0.0000  0.0000 11.1304
156  76  0.0000  0.0000 11.1304
164  76  0.0000  0.0000  0.0000
172  76  0.0000  0.0000  0.0000
180  76  0.0000  0.0000 11.1304
188  76  0.0000  0.0000  0.0000
196  76  0.0000  0.0000  0.0000
204  76  0.0000  0.0000  0.0000
212  76  0.0000  0.0000 11.1304
220  76  0.0000  0.0000 11.1304
228  76  0.0000  0.0000  0.0000
236  76  0.0000  0.0000 11.1304
244  76  0.0000  0.0000  0.0000
252  76  0.0000  0.0000 13.7892
260  76  0.0000  0.0000 11.1304
268  76  0.0000  0.0000  0.0000
276  76  0.0000  0.0000  0.0000
284  76  0.0000  0.0000  0.0000
292  76  0.0000  0.0000 16.1088
  4  84 -0.1000 -0.2037  7.3977
 12  84  0.0000  2.5000  8.8276
 20  84  0.0000  0.0000 19.4783
 28  84  0.1824 -1.6838  7.3143
 36  84  0.9378 -0.1699 10.2423
 44  84  0.0000  0.0000 15.2515
 52  84  0.0000  0.0000 17.0667
 60  84  0.0000  0.0000 13.8343
 68  84  0.0000  0.0000 11.1304
 76  84  0.2907 -0.0403 10.5761
 84  84  0.0000  0.0000 19.4783
 92  84  0.0000  0.0000  0.0000
100  84  0.0000  0.0000  0.0000
108  84  0.0000  0.0000  0.0000
116  84  0.0000  0.0000 16.1088
124  84  0.0000  0.0000 12.5445
132  84  0.0000  0.0000 16.1088
140  84  0.0000  0.0000 11.9011
148  84  0.0000  0.0000 11.1304
156  84  0.0000  0.0000 12.0628
164  84  0.0000  0.0000 12.0628
172  84  0.0000  0.1960 11.1304
180  84  0.0000  0.0000 11.1304
188  84  0.0000  0.0000  0.0000
196  84  0.0000  0.0000  0.0000
204  84  0.0000  0.0000 11.1304
212  84  0.0000  0.0000  0.0000
220  84  0.0000  0.0000 11.1304
228  84  0.0000  0.0000  0.0000
236  84  0.0000  0.0000 11.1304
244  84  0.0000  0.0000 11.1304
252  84 -0.5000  0.0000  8.8276
260  84  0.0000  0.0000  0.0000
268  84  0.0000  0.0000  0.0000
276  84  0.0000  0.0000  0.0000
284  84  0.0000  0.0000  0.0000
292  84  0.0000  0.0000  0.0000
  4  92 -0.1195  1.0576  7.0137
 12  92 -1.2572 -1.7999 11.1304
 20  92  0.1113  1.6014 11.9803
 28  92  0.0000  0.0000 16.1088
 36  92  0.0000  0.0000 19.4783
 44  92  0.0000  0.0000 16.6957
 52  92  0.0000  0.0000 11.1304
 60  92  0.0000  0.0000  0.0000
 68  92  0.0000  0.0000 16.1088
 76  92  0.0000  0.0000 11.1304
 84  92  0.0000  0.0000 11.1304
 92  92 -0.1068  0.5000 14.1617
100  92  0.0000  0.0855 10.6035
108  92  0.0000  0.0000 11.1304
116  92  1.3070 -0.0337 12.4709
124  92  0.0000  0.0000 11.1304
132  92  0.0000  0.0000 11.1304
140  92  0.0000  0.0000 13.1641
148  92  0.0000  0.0000 16.1088
156  92  0.0000  0.0000 11.1304
164  92  0.0000  0.0000  0.0000
172  92  0.0000  0.0000  0.0000
180  92  0.0000  0.0000  0.0000
188  92  0.0000  0.0000 11.1304
196  92  0.0000  0.0000  0.0000
204  92  0.0000  0.0000  0.0000
212  92  0.0000  0.0000 11.1304
220  92  0.0000  0.0000  0.0000
228  92  0.0000  0.0000  0.0000
236  92 -0.4043  0.4043  8.0000
244  92  0.0000  0.0000 16.1088
252  92  0.0000 -0.5000  8.8276
260  92  0.0000  0.0000 11.1304
268  92  0.0000  0.0000  0.0000
276  92  0.0000  0.0000  0.0000
284  92  0.0000  0.0000 11.1304
292  92  0.0000  0.0000  0.0000
  4 100  0.0000  0.0000 19.1045
 12 100  0.0000  0.0000 16.1088
 20 100  0.0000  0.0000 16.1088
 28 100 -0.5000  0.0000  8.8276
 36 100  0.0000  0.0535 10.0787
 44 100  0.0000  0.0000  0.0000
 52 100  0.0000  0.0000 16.1088
 60 100  0.0000  0.0000 12.0628
 68 100  0.0000  0.0000 11.1304
 76 100  0.0000  0.0000  0.0000
 84 100  0.0000  0.0000  0.0000
 92 100  0.2761  0.0806  9.3746
100 100  0.0000  0.0000  0.0000
108 100  0.0000  0.0000  0.0000
116 100  0.0000  0.0000  8.2581
124 100  0.0000  0.0000  0.0000
132 100  0.0000  0.0000 11.1304
140 100  0.0000  2.5000  8.8276
148 100  0.0000  0.0000  0.0000
156 100  0.0000  0.0000 16.1088
164 100  0.0000  0.0000 11.1304
172 100 -0.5000  0.0000  8.8276
180 100  0.0000  0.0000 11.1304
188 100  0.0000  0.0000  0.0000
196 100  0.0000  0.0000  0.0000
204 100  0.0000  0.0000 11.1304
212 100  0.1841  0.0418 12.3683
220 100  0.0000  2.5000  8.8276
228 100  0.0000  0.0000 11.1304
236 100  0.0000  0.0000  0.0000
244 100  0.0000  0.0000 11.1304
252 100  1.3070 -0.0337 12.4709
260 100  0.0000  0.0000 19.4783
268 100  0.0000  0.0000 11.1304
276 100  0.0000  0.0000  0.0000
284 100  0.0000  0.0000  0.0000
292 100  0.0000  0.0000  0.0000
  4 108  0.0000  0.0000 11.1304
 12 108  0.0000  0.0000  0.0000
 20 108  0.0000  0.0000  0.0000
 28 108  0.0000  0.0000 11.1304
 36 108  2.5000  0.0000  8.8276
 44 108  0.0000  0.0000  0.0000
 52 108  0.0000  0.0000 11.1304
 60 108  0.0000  0.0000 11.1304
 68 108  0.0000  0.0000  0.0000
 76 108  0.0000  0.0000 16.1088
 84 108  0.0000  0.0000 16.1088
 92 108  0.0000  0.0000  0.0000
100 108  0.0000  0.0000 11.1304
108 108  0.0000  0.0000 11.1304
116 108  0.0000  0.0000 16.1088
124 108  0.0000  0.0000 11.2095
132 108  0.0869  0.0000 13.6426
140 108  0.0000  0.0000  0.0000
148 108  0.0000  0.0000 11.1304
156 108  0.0000  0.0000 11.1304
164 108  0.0000  0.0000  0.0000
172 108  0.0000  0.0000 11.1304
180 108  0.0000  0.0000 11.1304
188 108  0.0000  0.0000  0.0000
196 108  0.0000  0.0000  0.0000
204 108  0.0000  2.5000  8.8276
212 108  0.0000  0.0000 19.1045
220 108  0.0000  0.0000 16.1088
228 108  0.0000  0.0000 11.1304
236 108  0.0000  0.0000 11.1304
244 108  0.0000  0.0000 11.1304
252 108  0.0000  0.0000  0.0000
260 108  0.0000  0.0000  8.0000
268 108  0.0000  0.0000 16.1088
276 108  0.0000  0.0000 11.1304
284 108  0.0000  0.0000  0.0000
292 108  0.0000  0.0000  8.2581
  4 116  0.0000  0.0000 11.1304
 12 116  0.0000  0.0000 11.1304
 20 116  0.0000  0.0000 11.1304
 28 116  0.0000  0.0000  0.0000
 36 116  0.0000  0.0000  0.0000
 44 116  0.0000  0.0000 11.1304
 52 116  0.0000  0.0000  0.0000
 60 116  0.0000  0.0000 16.1088
 68 116  0.0000  0.0000 16.1088
 76 116  0.0000  0.0000 16.1088
 84 116  0.0000  0.0000  0.0000
 92 116  0.0000  0.0000 11.1304
100 116  0.0000  0.0000  0.0000
108 116  0.0000  0.0000 19.1045
116 116 -0.0407  0.2966  6.8703
124 116  0.0169  0.0509  7.6695
132 116  0.0000  0.0000  8.8167
140 116  0.0000  0.0000  0.0000
148 116  0.0000  0.0000  0.0000
156 116  0.0000  0.0000 12.0628
164 116  0.0000  0.0000 11.1304
172 116  0.0000  0.0000 11.1304
180 116  0.0000  0.0000 22.2609
188 116  0.0000  0.0000 11.1304
196 116  0.0000  0.0000 12.0628
204 116  0.0961  0.2917  8.4628
212 116  0.0000  0.0000  0.0000
220 116  0.0000  0.0000 16.1088
228 116  0.0000  0.0000 16.1088
236 116  0.0000  0.0000 13.7544
244 116  0.0000  0.0000  8.2581
252 116  0.0000  0.0000  0.0000
260 116  0.0000  0.0000  0.0000
268 116  0.0000  0.0000 22.2609
276 116  0.0000  0.0000 16.1088
284 116  0.0000  0.0000 11.1304
292 116  0.0000  0.0000  8.2581
  4 124  0.0000  0.0000  0.0000
 12 124  0.0000  0.0000  0.0000
 20 124  0.0000  0.0000  0.0000
 28 124  0.0000  0.0000  0.0000
 36 124  0.0000  0.0000  0.0000
 44 124  0.0000  0.0000  0.0000
 52 124  0.0000  0.0000 19.4783
 60 124  0.0000  0.0000  8.0000
 68 124  0.0000  0.0000  0.0000
 76 124  0.0000  0.0000 11.1304
 84 124  0.0000  0.0000 11.1304
 92 124  0.0000  0.0000  0.0000
100 124  0.0000  0.0000 11.1304
108 124  0.0000  0.0000  0.0000
116 124  0.2907 -0.0403 10.5761
124 124  0.0000  0.0000 11.1304
132 124  0.0000  0.0000 11.1304
140 124  0.0000  0.0000  0.0000
148 124  0.0000  0.0000  0.0000
156 124  0.0000  0.0000 11.1304
164 124  0.0000  0.0000  0.0000
172 124  0.0000  0.0000 11.1304
180 124  0.0000  0.0000 11.1304
188 124  0.0000  0.0000  0.0000
196 124  0.0000  0.0000 19.1045
204 124  1.0000  0.0000  8.2581
212 124  0.0000  0.0000  0.0000
220 124  0.0000  0.0000  0.0000
228 124  0.0000  0.0000 19.4783
236 124  0.0000  0.0000 16.1088
244 124  0.0000  0.0000 11.1304
252 124  0.0000  0.0000  0.0000
260 124  0.0000  0.0000 11.1304
268 124  0.0000  0.0000 20.7059
276 124  0.0000  0.0000 11.1304
284 124  0.0000  0.0000 16.1088
292 124  0.0000  0.0000 16.1088
  4 132  0.0000  0.0000  0.0000
 12 132  0.0000  0.0000  0.0000
 20 132  0.0000  0.0000  0.0000
 28 132  0.0000  0.0000  0.0000
 36 132  0.0000  0.0000 16.1088
 44 132  0.0000  0.0000 16.1088
 52 132  0.0000  0.0000  8.0000
 60 132  0.0000  0.0000  0.0000
 68 132  0.0000  0.0000  0.0000
 76 132  0.0000  0.0000  0.0000
 84 132  0.0000  0.0000  0.0000
 92 132  0.0000  0.0000 16.1088
100 132  0.0000  0.0000  0.0000
108 132  0.0000  0.0000 16.1088
116 132  0.0000  0.0000  0.0000
124 132  0.0000  0.0000  0.0000
132 132  0.0000  0.0000  0.0000
140 132  0.0000  0.0000  0.0000
148 132  0.0000  0.0000  0.0000
156 132  0.0000  0.0000 11.1304
164 132  0.0000  0.0000  0.0000
172 132  0.0000  0.0000 11.1304
180 132  0.0000  0.0000 19.1045
188 132  0.0000  0.0000  0.0000
196 132  0.0000  0.0000 11.1304
204 132  0.0000  0.0000 11.1304
212 132  0.0000  0.0000 11.1304
220 132  0.0000  0.0000 11.1304
228 132  0.0000  0.0000  0.0000
236 132  0.0000  0.0000 19.4783
244 132  2.3677 -0.1145 12.8207
252 132 -0.1841  0.0418 12.3683
260 132  0.0000  0.0000 12.0628
268 132  2.5000  0.1588 10.5785
276 132  0.0000  0.0000  0.0000
284 132  0.0000  0.0000 11.1304
292 132  0.0000  0.0000 11.1304
  4 140  0.0000  0.0000 12.0628
 12 140  0.0000  0.0000 11.1304
 20 140  0.0000  0.0000 11.1304
 28 140  0.0000  0.0000 11.1304
 36 140  0.0000  0.0000 11.1304
 44 140  0.1960 -0.5000 11.1304
 52 140  2.5000  0.0000  8.8276
 60 140  0.0000  0.0000  0.0000
 68 140  0.0000  0.0000  0.0000
 76 140  0.0000  0.0000 16.1088
 84 140  0.0000  0.0000 11.1304
 92 140  0.0000  0.0000  0.0000
100 140  0.0000  0.0000  0.0000
108 140  0.0000  0.0000  0.0000
116 140  0.0000  0.0000 11.1304
124 140  0.0000  0.0000 11.1304
132 140  0.0000  0.0000  0.0000
140 140  0.0000  0.0000  0.0000
148 140  0.0000  0.0000  0.0000
156 140 -0.8231 -0.4203  7.1776
164 140  0.0000  0.0000 16.1088
172 140  0.0000  0.0000 12.0628
180 140  0.0000  0.0000 11.1304
188 140  0.0000 -0.5000  8.8276
196 140  0.0000  0.0000 11.1304
204 140  0.0000  0.0000  0.0000
212 140  0.0000  0.0000  0.0000
220 140  0.0000  0.0000 11.1304
228 140  0.0000  0.0000 11.1304
236 140  0.0000  0.0000 16.1088
244 140  0.0000  0.0000 11.1304
252 140  0.0000  0.0000  0.0000
260 140  0.0000  0.0000 11.1304
268 140  0.0000  0.0000  0.0000
276 140  0.0000  0.0000  0.0000
284 140  0.0000  0.0000 11.1304
292 140  0.0000  0.0000 11.1304
  4 148  0.0000  0.0000 11.1304
 12 148  0.0000  0.0000 16.1088
 20 148  0.0000  0.0000 16.1088
 28 148  0.0000  0.0000 11.1304
 36 148  0.0000  0.0000 11.1304
 44 148  0.0000  0.0000  0.0000
 52 148 -0.2483 -0.1160  9.3535
 60 148  0.0000  0.0000  0.0000
 68 148  0.0000 -0.5000  8.8276
 76 148  0.0000  0.0000  0.0000
 84 148  2.5000  0.0000  8.8276
 92 148  0.0000  0.0000  0.0000
100 148  0.0000  0.0000  0.0000
108 148  0.0000  0.0000  0.0000
116 148  0.0000  0.0000  0.0000
124 148  0.0000  0.0000 11.1304
132 148  0.0000  0.0000  0.0000
140 148  0.0000  0.0000  0.0000
148 148  0.0000  0.0000  0.0000
156 148 -1.5000  0.0000  8.2581
164 148  0.1960  0.0000 11.1304
172 148  0.0000  0.0000  0.0000
180 148  0.0000  0.0000 11.1304
188 148  0.0000  0.0000 11.1304
196 148  0.0000  0.0000  0.0000
204 148  0.0000  0.0000  0.0000
212 148  0.0000  0.0000 11.1304
220 148  0.0000  0.0000  0.0000
228 148  0.0000  0.0000  0.0000
236 148  0.0000  0.0000 11.1304
244 148  0.0000  0.0000 11.1304
252 148  0.0000  0.0000  0.0000
260 148  0.0000  0.0000  0.0000
268 148  0.0000  0.0000 11.1304
276 148  0.0000  0.0000 11.1304
284 148  0.0000  0.0000  0.0000
292 148  0.0000  0.0000 11.1304
  4 156  0.0000  0.0000  0.0000
 12 156  0.0000  0.0000 11.9011
 20 156  0.0000  0.0000 11.1304
 28 156  0.0000  0.0000 16.1088
 36 156  0.0000  0.0000 11.1304
 44 156  0.0000  0.0000  0.0000
 52 156  0.0000  0.0000 11.1304
 60 156  0.0000  0.0000  0.0000
 68 156  0.0000  0.0000 11.1304
 76 156  0.0000  0.0000 11.1304
 84 156  0.0000  0.0000  0.0000
 92 156  0.0000  0.0000  0.0000
100 156  0.0000  0.0000  0.0000
108 156  0.0000  0.0000  0.0000
116 156  0.0000  0.0000 11.1304
124 156  0.0000 -0.5000  8.8276
132 156  0.0000  0.0000  8.2581
140 156  0.0000  0.0000 11.1304
148 156  0.0000  0.0000  0.0000
156 156  0.0000  0.0000  8.2581
164 156  0.0000  0.0000 11.1304
172 156  0.0000  0.0000  0.0000
180 156  0.0000  0.0000 16.1088
188 156  0.0000  0.0000 16.1088
196 156  0.0000  0.0000 11.1304
204 156  0.0000  0.0000  0.0000
212 156  0.0000  0.0000  0.0000
220 156  0.0000  0.0000  0.0000
228 156  0.0000  0.0000  0.0000
236 156  0.0000  0.0000 16.1088
244 156  0.0000  0.0000 12.0628
252 156  0.0000  0.0000 16.1088
260 156  0.0000  0.0000  0.0000
268 156  0.0000  0.0000  0.0000
276 156  0.0000  0.0000  0.0000
284 156  0.1063  0.0000  6.9728
292 156  0.0000  0.0000 20.7059
  4 164  0.0000  0.0000  0.0000
 12 164 -0.1960  0.0000 11.1304
 20 164  0.0000  0.0000 11.1304
 28 164  0.0000  0.0000 16.1088
 36 164  0.0000  0.0000  0.0000
 44 164  0.0000  0.0000 11.1304
 52 164  0.0000  0.0000 16.1088
 60 164  0.0000  0.0000 11.1304
 68 164  0.0000  0.0000  0.0000
 76 164 -0.1068  0.3135 15.1963
 84 164  0.0000  0.0000  0.0000
 92 164  0.0000  0.0000  0.0000
100 164  0.0000  0.0000 11.1304
108 164  0.0000  0.0000  0.0000
116 164  0.0000  0.0000 11.1304
124 164  1.5000  0.0000  8.2581
132 164  1.5000  0.0000  8.2581
140 164  0.0000  0.0000  0.0000
148 164  0.0000  0.0000  0.0000
156 164  0.0000  0.0000 17.0667
164 164  0.0000  0.0000 13.3565
172 164  0.0000  0.0000  0.0000
180 164  0.0000  0.0000  8.8276
188 164  0.0000  0.0000 11.1304
196 164  0.0000  0.0000  0.0000
204 164  0.0000  0.0000 16.1088
212 164  0.0000  0.0000 11.1304
220 164  0.0000  0.0000  0.0000
228 164  0.0000  0.0000  0.0000
236 164  0.0000  0.0000 11.1304
244 164  0.0000  0.0000  0.0000
252 164  0.0000  0.0000  0.0000
260 164  0.0000  0.0000 11.1304
268 164  0.0000  0.0000  0.0000
276 164  0.0000  0.0000  0.0000
284 164 -0.5000  0.0000 11.1304
292 164  0.0000  0.0000  0.0000
  4 172  0.0000  0.0000  0.0000
 12 172  0.0000  0.0000 16.1088
 20 172  0.0000  0.0000 16.1088
 28 172  0.0000  0.0000 11.1304
 36 172  0.0000  0.0000  0.0000
 44 172  0.0000  0.0000  0.0000
 52 172  0.0000  0.0000 16.1088
 60 172  0.1174 -4.1710 14.6131
 68 172  0.0000  0.0000 11.1304
 76 172  0.0000  0.0000 11.1304
 84 172  0.0000  0.0000 16.1088
 92 172  0.0000  0.0000  0.0000
100 172 -0.5000  0.0000  8.8276
108 172  0.0000  0.0000 16.1088
116 172 -0.1960  2.5000 11.1304
124 172  0.0000  0.0000 17.0667
132 172  0.0000  0.0000 11.1304
140 172  0.0000  0.0000 11.1304
148 172  0.0000  0.0000  0.0000
156 172  0.0000  0.0000  0.0000
164 172  0.0000  2.5000  8.8276
172 172  0.0000  0.0000 17.2183
180 172  0.0000 -0.5000  8.9154
188 172  0.0000  0.0000 16.1088
196 172  0.0000  0.0000 11.1304
204 172  0.0000  0.0000  0.0000
212 172  0.0000  0.0000 11.1304
220 172  0.0000  0.0000 11.1304
228 172  0.0000  0.0000  0.0000
236 172  0.0000  0.0000 11.1304
244 172  0.0000  0.0000 13.5576
252 172  0.0000  0.0000 17.2183
260 172  0.0000  0.0000  0.0000
268 172  0.0000  0.0000  0.0000
276 172  0.0000  0.0000  0.0000
284 172  0.0000  0.0000 16.1088
292 172  0.0000  0.0000  0.0000
  4 180  0.0000  0.0000 16.1088
 12 180  0.0000  0.0000 14.7761
 20 180  0.0000  0.0000 16.1088
 28 180  0.0000  0.0000 16.1088
 36 180  0.0000  0.0000 11.1304
 44 180  0.0000  0.0000 16.1088
 52 180  0.0000  0.0000 16.1088
 60 180  0.0000  0.0000  0.0000
 68 180  0.0000  0.0000 16.1088
 76 180 -1.3070 -0.0337 12.4709
 84 180  0.0000  0.0000  0.0000
 92 180  0.0000  0.0000 16.1088
100 180  0.0000  0.0000  0.0000
108 180  0.0000  0.0000  8.2581
116 180  0.5000  0.0000 11.1304
124 180  0.0000  0.0000  0.0000
132 180  0.0000  0.0000 11.1304
140 180  0.0000  0.0000 11.1304
148 180  0.0000  0.0000  0.0000
156 180  0.0000  0.0000 17.0667
164 180  0.1960  0.0000 11.1304
172 180 -0.5000  0.0000 11.1304
180 180  0.0000  0.0000  0.0000
188 180  0.0000  0.0000 11.1304
196 180  0.0000  0.0000  0.0000
204 180  0.0000  0.0000  0.0000
212 180  0.0000  0.0000  0.0000
220 180  0.0000  0.0000 16.1088
228 180  0.0000  0.0000  0.0000
236 180  0.0000  0.0000 11.1304
244 180  0.0000  2.5000  8.9154
252 180  0.0000  0.0000 11.1304
260 180  0.0000  0.0000  0.0000
268 180  0.0000  0.0000  0.0000
276 180  0.0000  0.0000  0.0000
284 180  0.0000  0.0000 11.1304
292 180  0.0000  0.0000  0.0000
  4 188  0.0000  0.0000 17.0667
 12 188  0.0000  0.0000 11.1304
 20 188  0.0000  0.0000  0.0000
 28 188  0.0000  0.0000 16.1088
 36 188  0.0000  0.0000 19.4783
 44 188  0.0000  0.0000 12.0628
 52 188  0.0000  0.0000  0.0000
 60 188  0.0000  2.5000  8.8276
 68 188  0.0000  0.0000 16.1088
 76 188  0.0000  0.0000 11.1304
 84 188  0.0000  0.0000 11.1304
 92 188  0.0000  0.0000 22.2609
100 188  0.0000  0.0000 11.1304
108 188 -0.1960 -0.5000 11.1304
116 188 -0.5000  0.0000  8.8276
124 188  0.0000  0.0000  0.0000
132 188  0.0000  0.0000 11.1304
140 188  0.0000  0.0000  0.0000
148 188  0.0000  0.0000  0.0000
156 188  0.0000  0.0000  0.0000
164 188  0.0000  0.0000 12.0628
172 188  1.3070 -0.0337 12.4709
180 188  0.0000  0.0000  0.0000
188 188  0.0000  0.0000 11.1304
196 188  0.0000  0.0000  0.0000
204 188  2.5000  0.0000  8.8276
212 188  0.0000  0.0000  0.0000
220 188  0.0000  0.0000 11.1304
228 188  0.0000  0.0000  0.0000
236 188  0.0000  0.0000  0.0000
244 188  0.0000  0.0000  0.0000
252 188  0.0000  0.0000  8.0000
260 188  0.0000  0.0000 11.1304
268 188  0.0000  0.0000 11.1304
276 188 -1.1838 -0.5000  7.5779
284 188  0.0000  0.0000  0.0000
292 188  0.0000  0.0000  0.0000
  4 196  0.0000  0.0000  0.0000
 12 196  0.0000  0.0000 11.1304
 20 196  0.0000  0.0000 11.1304
 28 196  0.0000  0.0000  0.0000
 36 196  0.1556  0.0000 12.2969
 44 196  0.0000  0.0000 16.1088
 52 196  0.0000  0.0000  0.0000
 60 196  0.0000  0.0000 11.1304
 68 196  0.0000  0.0000 11.1304
 76 196  0.0000  0.0000  0.0000
 84 196  0.0000  0.0000 11.1304
 92 196  0.0000  0.0000  0.0000
100 196  0.0000  0.0000  8.2581
108 196  0.0000  0.0000 11.1304
116 196  0.0000  0.0000  0.0000
124 196  0.0000  0.0000  0.0000
132 196  0.0000  0.0000 11.1304
140 196  0.0000  0.0000  0.0000
148 196  0.0000  0.0000 11.1304
156 196 -1.0000  0.0640 12.3173
164 196  0.0000  0.0000 12.0628
172 196  0.0000  0.0000  0.0000
180 196  0.0000  0.0000 16.1088
188 196  0.0000  0.0000 11.1304
196 196  0.0000  0.0000 11.1304
204 196  0.0000  0.0000  0.0000
212 196  0.0000  0.0000  0.0000
220 196  0.0000  0.0000 11.1304
228 196  0.0000  0.0000  0.0000
236 196  0.0000  0.0000  0.0000
244 196  0.0000  0.0000  0.0000
252 196  0.0000  0.0000 16.1088
260 196  0.0000  0.0000  0.0000
268 196  0.0000  0.0000  0.0000
276 196  0.0000  0.0000 11.1304
284 196  0.0000  0.0000  0.0000
292 196  0.0000  0.0000  0.0000
  4 204  0.0000  0.0000 11.1304
 12 204  0.0000  0.0000 11.1304
 20 204 -0.0703 -0.0259  7.8056
 28 204  0.0775 -0.2324  6.8048
 36 204  0.0000  0.0000 12.0455
 44 204  0.0000  0.0000  8.2581
 52 204  0.0000  0.0000  0.0000
 60 204  0.0000  0.0000 11.1304
 68 204  0.0000  0.0000 11.1304
 76 204  0.0000  0.0000  0.0000
 84 204  0.0000  0.0000 17.2183
 92 204  0.0000  0.0000  0.0000
100 204  1.5000  0.0000  8.2581
108 204  0.0913  0.2044 18.7317
116 204  0.0000  0.0000  0.0000
124 204  0.0000  0.0000 11.1304
132 204  0.0000  0.0000  0.0000
140 204  0.0000  0.0000 11.1304
148 204  0.0000  0.0000 11.1304
156 204  0.0000  0.0000 11.1304
164 204  0.0000  2.5000  8.8276
172 204  0.0000  0.0000  0.0000
180 204  0.0000  0.0000 16.1088
188 204  0.0000  0.0000  0.0000
196 204  0.0000  0.0000 11.1304
204 204  0.0000  0.0000  0.0000
212 204  0.0000  0.0000  0.0000
220 204  0.0000  0.0000  0.0000
228 204  0.0000  0.0000  0.0000
236 204  0.0000  0.0000  0.0000
244 204  0.0000  0.0000  0.0000
252 204  0.0000  0.0000  0.0000
260 204  0.0000  0.0000  8.2581
268 204  0.0000  0.0000 11.1304
276 204 -0.5000 -0.1588 10.5785
284 204  0.0000  0.0000 11.1304
292 204  0.0000  0.0000  0.0000
  4 212  0.0000  0.0000 13.1641
 12 212  1.5000  0.0000  8.2581
 20 212  0.1321 -0.0810 15.1880
 28 212 -0.0131  0.0878 11.6648
 36 212  0.0000  0.0000 13.1641
 44 212  0.0000  0.0000 11.1304
 52 212  2.5000  0.0000  8.8276
 60 212  0.0000  0.0000 16.1088
 68 212 -0.1151 -0.1151 16.5161
 76 212  0.0000  0.0000  0.0000
 84 212  0.5000  0.0000 11.1304
 92 212  0.0000  0.0000  0.0000
100 212  0.0000  0.0000 11.1304
108 212  0.0000  0.0000  0.0000
116 212  0.0000  0.0000  0.0000
124 212  0.0000  0.0000 11.1304
132 212  0.0000  0.0000  0.0000
140 212     NaN  0.0000  5.4468
148 212  0.0000  0.0000 11.1304
156 212  0.0000  0.0000  0.0000
164 212  0.0000  0.0000 11.1304
172 212  0.0000  0.0000  0.0000
180 212  0.0000  0.0000 16.1088
188 212  0.0000  0.0000  0.0000
196 212  0.0000  0.0000 11.1304
204 212  0.0000  0.0000  0.0000
212 212  0.0000  0.0000  0.0000
220 212  0.0000  0.0000 16.1088
228 212  0.0000  0.0000 11.1304
236 212  0.0000  0.0000 11.1304
244 212  0.0000  0.0000 11.1304
252 212  0.0000  0.0000  0.0000
260 212  0.0000  0.0000  0.0000
268 212  0.0000  0.0000 11.1304
276 212  0.0000  0.0000 11.1304
284 212  0.0000  0.0000  0.0000
292 212  0.0000  0.0000 11.1304
  4 220  0.0000  0.0000  0.0000
 12 220 -0.8395 -0.0193  8.7655
 20 220 -0.0890  0.0056  8.2993
 28 220  0.0000  0.0000 12.7414
 36 220  0.0000  0.0000 11.1304
 44 220  0.0000  0.0000 16.1088
 52 220  0.0000  0.0000 16.1088
 60 220  0.0000  0.0000 11.1304
 68 220     NaN  0.0000 17.0667
 76 220  0.0000  0.0000  0.0000
 84 220  0.0000  0.0000 11.1304
 92 220  0.0000 -0.5000  8.8276
100 220  0.0000  0.0000 11.1304
108 220  0.0000  0.0000 11.1304
116 220  0.0000  0.0000 11.1304
124 220  0.0000  0.0000 11.1304
132 220  0.0000  0.0000 11.1304
140 220  0.0000  0.0000 11.1304
148 220  0.0000  0.0000 16.1088
156 220  0.0000  0.0000  0.0000
164 220  0.0000  0.0000 11.1304
172 220  0.0000  0.0000  0.0000
180 220  0.0000  0.0000 16.1088
188 220  0.0000  0.0000 11.1304
196 220  0.0000  0.0000 13.0803
204 220  0.0000  0.0000 11.1304
212 220  0.0000  0.0000  0.0000
220 220  0.0000  0.0000 16.1088
228 220  0.0000  0.0000  0.0000
236 220  4.5000  4.5000  4.0635
244 220  0.0000  0.0000  0.0000
252 220  0.0000  0.0000  0.0000
260 220  0.0000  0.0000  0.0000
268 220  0.0000  0.0000 11.1304
276 220  0.0000  0.0000  0.0000
284 220  0.0000  0.0000 11.1304
292 220  0.0000  0.0000 20.7059
