VARIABLES= "X pix", "Y pix", "U pix/dt", "V pix/dt", "CHC", ZONE I=28, J=37
  4   4  0.0000  0.0000 11.7274
 12   4  0.0000  0.0000 10.0321
 20   4  0.0000  0.0000 10.0321
 28   4  0.0000  0.0000 10.0321
 36   4  0.0000  0.0779  9.6262
 44   4  0.0000  0.0000  9.9992
 52   4  0.0000  0.0000  9.9992
 60   4  0.0000  0.0000  9.9992
 68   4  0.0067  0.0084 10.1348
 76   4  0.0437 -0.0128 10.9762
 84   4  0.0000  0.0000 10.9734
 92   4  0.0000  0.0000 10.8767
100   4  0.0000  0.0000 10.9734
108   4  0.0000  0.0129 11.0312
116   4  0.0041 -0.0402 11.9138
124   4  0.0109  0.0280 12.1500
132   4 -0.0041 -0.0125 11.0515
140   4 -0.0405 -0.0162 11.5943
148   4  0.0000  0.0000 11.4532
156   4  0.0000  0.0000 11.5553
164   4 -0.0091  0.0448 11.0798
172   4  0.0000  0.0000 11.9483
180   4  0.0000  0.0000 12.2644
188   4  0.0000 -0.0101 11.5348
196   4  0.0098 -0.0324 11.4434
204   4  0.0000 -0.0328 11.4627
212   4  0.0118  0.0684 11.4547
220   4 -0.0676 -0.0161 10.7470
228   4 -0.0380 -0.0455 12.3338
236   4  0.0034 -0.0063 14.2664
244   4 -0.0051 -0.0079 10.6035
252   4 -0.0155 -0.0881 13.1809
260   4  0.0000 -0.0216 12.6497
268   4 -0.0039 -0.0955 12.8682
276   4  0.0000  0.0584 12.8494
284   4  0.0000  0.0000 13.1785
292   4 -0.2083  0.0122 11.8362
  4  12  0.3444  0.2089 12.5902
 12  12  0.0000  0.0000 11.0617
 20  12  0.0000  0.0000 11.6053
 28  12  0.0000  0.0000  9.2086
 36  12  0.0000 -0.3960  9.4815
 44  12  0.1592  0.0331  9.4473
 52  12  0.0000  0.0000  9.2086
 60  12  0.0000  0.0000  9.6034
 68  12  0.0000  0.0000 11.9626
 76  12  0.0000  0.2207  7.1903
 84  12  0.0000  0.0000  6.8970
 92  12  0.0000  0.0000 12.0628
100  12  0.1528 -0.0216 13.6012
108  12  0.0000  0.0000 11.9762
116  12  0.0000  0.0000  7.7372
124  12  0.0000  0.0000  8.5247
132  12  0.0000 -0.1069  9.6517
140  12  0.0000  0.0000  9.7380
148  12  0.0000  0.0000  7.6401
156  12 -0.0302 -0.4027 11.3260
164  12  0.2158 -0.0077 22.3793
172  12  0.1068 -0.2127  7.4336
180  12 -0.0263 -0.0367  6.8523
188  12 -0.0072  0.0786  6.8907
196  12  0.0057  0.0435  7.6618
204  12  0.0548 -0.0069  8.8101
212  12  0.0932 -0.0748  9.9069
220  12  0.0162 -0.0081  9.0674
228  12  0.0000  0.0000  8.3289
236  12 -0.0567  0.0088  9.1788
244  12  0.0985  0.0000 10.0467
252  12 -0.1146 -0.0783 10.1129
260  12 -0.1120 -0.3120 11.1575
268  12  0.0114  0.0196 11.5063
276  12  0.0656  0.1687 13.1991
284  12  0.0164  0.1053 14.3143
292  12  0.0000  0.0000 18.7497
  4  20  0.0000  0.0000 11.9887
 12  20  0.0083 -0.0040  9.2549
 20  20 -0.0356  0.0226 12.3618
 28  20  0.0298 -0.0067 11.3000
 36  20 -0.0013 -0.0225 10.3302
 44  20 -0.0652 -0.0020  9.0768
 52  20  0.0373 -0.0325 10.6803
 60  20 -0.0491 -0.0031 13.4937
 68  20  0.0417 -0.1259 14.7489
 76  20 -0.0305 -0.0278 18.5665
 84  20 -0.0588 -0.0826 16.8560
 92  20  0.0000  0.0000 18.0093
100  20 -0.0399  0.0087 12.2584
108  20 -0.0299 -0.0350 15.9551
116  20 -0.0015 -0.0235 17.0329
124  20  0.0201 -0.0115 15.8851
132  20 -0.0001 -0.0035 15.5134
140  20  0.0389 -0.0107 19.5269
148  20  0.0093 -0.0235 24.4560
156  20  0.1113 -0.0304 22.9600
164  20  0.2236 -0.0103 25.3892
172  20  0.3884 -0.0086 27.0993
180  20  0.0513 -0.0752 46.9791
188  20 -0.0050 -0.0040 24.3400
196  20  0.0205  0.0162 27.6588
204  20  0.0295 -0.0102 22.7018
212  20 -0.0387  0.0009 23.1378
220  20 -0.0378 -0.0038 21.4603
228  20  0.0151  0.0202 20.3066
236  20  0.0882  0.0095 19.8754
244  20  0.0018 -0.0114 17.5603
252  20 -0.0943 -0.0364 11.7928
260  20  0.0123  0.0008 13.4456
268  20  0.0250 -0.0109 10.7914
276  20 -0.0297  0.0042 12.9094
284  20  0.0468 -0.0767 14.9188
292  20  0.0909 -0.0074 19.0767
  4  28  0.0212  0.0219 12.6059
 12  28  0.0093 -0.0123 19.0027
 20  28  0.0136  0.0166 15.6969
 28  28  0.0184  0.0242  9.3557
 36  28  0.0204 -0.0285  8.6855
 44  28  0.0003  0.0058  8.2906
 52  28  0.0044 -0.0114  7.9031
 60  28 -0.0112 -0.0166  7.4477
 68  28  0.0134  0.0300  8.6528
 76  28  0.0174  0.0119  8.2457
 84  28  0.0000  0.0075  7.1316
 92  28  0.0289 -0.0027  7.2960
100  28 -0.0165 -0.0021  8.5924
108  28 -0.0050 -0.0164  7.5184
116  28  0.0113  0.0335  9.1500
124  28  0.0139  0.0092  7.7133
132  28  0.0613 -0.0616  6.1839
140  28  0.0167  0.0058  5.7426
148  28  0.0458  0.0445  7.8821
156  28  0.0982 -0.0018 20.3221
164  28  0.0132 -0.0132 15.0297
172  28  0.1932 -0.0577 17.6027
180  28  0.0883  0.0123 11.5821
188  28 -0.0519  0.0033  7.6328
196  28 -0.0432 -0.0006  6.9647
204  28  0.0014 -0.0043  6.2070
212  28  0.0290 -0.0048  6.3598
220  28 -0.0370  0.0409  6.2766
228  28  0.0000  0.0000  6.5999
236  28 -0.0010 -0.0294  6.7418
244  28  0.0266 -0.0309  6.6493
252  28 -0.0092  0.0021  6.7219
260  28  0.0093  0.0096  6.7230
268  28 -0.0072 -0.0389  7.8958
276  28  0.0265  0.0038  7.6191
284  28 -0.0168  0.0098  7.1493
292  28  0.0292 -0.0001  6.4431
  4  36  0.3293 -0.3345  5.8964
 12  36  0.0390  0.0081  5.8383
 20  36  0.0929 -0.0821  5.8573
 28  36 -0.2323  0.3063 12.4211
 36  36  0.0982  0.0387 13.3612
 44  36 -0.1765  0.0164 13.3612
 52  36  0.0000  0.0000 15.9971
 60  36  0.0000  0.0000 14.7761
 68  36  0.0000  0.0000 11.7811
 76  36  0.0274  0.0054  8.9755
 84  36  0.0000 -0.1073  7.9788
 92  36  0.0242  0.2009  9.1320
100  36 -0.5000  0.0155 12.0089
108  36  0.0000  0.0000  0.0000
116  36  0.0000  0.0000  0.0000
124  36  0.0000  0.0000 11.1304
132  36 -0.5000  0.0000  8.8276
140  36  0.1960  2.5000 11.1304
148  36  0.0002  0.0179  6.8004
156  36  0.0561 -0.0029 10.8842
164  36  0.0704  0.0010 12.2817
172  36  0.2504 -0.0068  9.5503
180  36  0.0699 -0.0469 12.1009
188  36  0.0000  0.0000  7.6858
196  36  0.0162 -0.0863  9.1806
204  36  0.0709 -0.0053 10.3922
212  36 -0.0000  0.0000 13.1400
220  36  0.0000  0.0000 15.4368
228  36  0.0000  0.0000 12.8227
236  36 -0.1857 -0.2611 11.1548
244  36  0.0000  0.0000 13.7993
252  36  0.0000  0.0000 11.0903
260  36 -0.1403 -0.0164 12.9293
268  36 -0.0276 -0.0047  9.2053
276  36  0.0000  0.0000 10.0731
284  36  0.0000  0.0000 19.1471
292  36 -0.2080 -0.2715 12.3107
  4  44 -0.2076 -0.0667  9.6020
 12  44  0.1216  0.1318 13.6536
 20  44 -0.1096  0.1250 11.5534
 28  44  0.0231  0.1426  9.5229
 36  44 -0.2259  0.1877  7.5735
 44  44  0.3286  0.4810  6.2379
 52  44  0.5000  0.5000  7.6510
 60  44  0.0000  0.0000  0.0000
 68  44  0.0000  0.0000  0.0000
 76  44  0.0000  0.0000  0.0000
 84  44  0.2483  0.1160  9.3535
 92  44  0.0000  0.0000 12.0455
100  44 -1.5000  0.0000  8.2581
108  44  0.0000  0.0000  0.0000
116  44  0.0000  0.0000  0.0000
124  44  0.0000  0.0000  0.0000
132  44  0.0000  0.0000  0.0000
140  44 -0.4742  0.0000  4.6446
148  44  0.0137 -0.0542  7.5036
156  44  0.0377  0.0643 21.7502
164  44  0.0498  0.0792 11.0840
172  44  0.0714  0.0865 15.2445
180  44  0.0678  0.0092 10.4454
188  44  1.3070  0.0337 12.4709
196  44  0.1960  2.5000 11.1304
204  44  0.1355 -0.0507 12.4474
212  44 -0.0088  0.0179 12.5767
220  44 -0.0185  0.0936 13.8207
228  44  0.0000  0.0000 10.6057
236  44  0.1368 -0.0022  9.8331
244  44  0.0000  0.0000  7.1381
252  44  0.0543 -0.0430 11.3170
260  44 -0.0115  0.1171 14.2850
268  44  0.0080 -0.1524 15.2409
276  44  0.0000  0.0000 12.5823
284  44  0.0000  0.0000 21.6846
292  44 -0.2281  0.2950 12.2412
  4  52  0.1614  0.2372  6.1880
 12  52 -0.0983  0.6879  9.3209
 20  52  0.0000  0.0000  0.0000
 28  52  0.0000  0.0000  0.0000
 36  52 -0.5000 -1.0000  4.0635
 44  52  0.0000  0.0000  0.0000
 52  52  0.0000  0.0000 11.1304
 60  52  0.0000  0.0000 11.1304
 68  52  0.0000  0.0000  0.0000
 76  52  0.0000  0.0000  0.0000
 84  52  0.0000  0.0000 12.0455
 92  52  0.4043 -0.4043  8.0000
100  52  0.1593 -0.1531 15.0287
108  52  0.0000  0.0000 12.0628
116  52 -0.5000 -0.1180  9.2850
124  52  0.0000  0.1469 10.3584
132  52 -0.3948  0.2334 10.6291
140  52 -0.4466  0.3975  5.4212
148  52 -0.0194  0.0300  6.0688
156  52  0.0090  0.0320  5.8172
164  52 -0.0207 -0.0422  5.6611
172  52  0.0251 -0.0324  5.8520
180  52  0.0189  0.0068  5.7924
188  52 -0.2962  0.0994  8.2247
196  52  0.1766  0.0909  6.9494
204  52 -4.0000  0.5000  7.9681
212  52  0.0000  0.0000  9.4815
220  52  0.1008 -0.2923  9.8592
228  52  0.1234  0.0000 14.0924
236  52 -0.1626  0.1413  8.5312
244  52  0.0000  0.0000  9.5208
252  52  0.0000  0.0000  9.9952
260  52 -0.1636 -0.1912  8.5031
268  52  0.0309  0.0030 12.5358
276  52 -0.0316  0.1749  8.6916
284  52  0.0590  0.2190 11.3406
292  52  0.1511  0.0146  9.0724
  4  60 -0.5000  0.1872  8.9510
 12  60  0.3681  0.3881  9.7710
 20  60  4.5000 -0.5000  4.0635
 28  60 -0.5000  4.5000  4.0635
 36  60  0.0000  0.0000 11.1304
 44  60  0.0000  0.0000  0.0000
 52  60  0.0000  0.0000  0.0000
 60  60  0.0000 -0.5000 11.1304
 68  60  0.0000  0.0000  0.0000
 76  60  0.0000  0.0000  0.0000
 84  60 -0.3574 -0.0447 15.3252
 92  60  0.0000  0.0000  9.4249
100  60  0.0945 -0.2155 10.5397
108  60 -0.3127 -0.1061  9.8739
116  60  0.0000  0.0000 11.1304
124  60  0.0000  0.0000 11.1304
132  60  0.0000  0.0000 16.1088
140  60  0.0000  0.0000 16.1088
148  60 -0.0770  0.1740 10.2774
156  60  0.0000  0.0000 11.2634
164  60  0.0000  0.0000 16.1088
172  60 -0.5000  0.0000  8.8276
180  60  0.0000 -0.5000  8.8276
188  60 -0.1841 -0.0418 12.3683
196  60  0.0000  0.0000  0.0000
204  60  0.0000  0.0000  0.0000
212  60  0.0000  0.0000 11.1304
220  60  0.0000  0.0000 11.1304
228  60  0.0000  2.0000 11.1304
236  60  0.5000  0.0000 11.1304
244  60  0.1960  2.5000 11.1304
252  60  0.0000  0.0000 16.1088
260  60  0.0000  0.0000 11.9011
268  60 -0.2093  0.0299 13.0089
276  60 -0.0255  1.5000  9.7158
284  60  0.0000  0.0000  0.0000
292  60 -0.5000 -0.1891  7.1434
  4  68 -0.5000 -0.5000  4.0635
 12  68  0.0000  0.0000 11.1304
 20  68  0.0000  0.0000  0.0000
 28  68  0.0000  0.0000 11.1304
 36  68  0.0000  0.0000 11.1304
 44  68  0.0000  0.0000  0.0000
 52  68  0.0000  0.0000  0.0000
 60  68  2.5000  0.0000  8.8276
 68  68  0.1146  0.0101 17.4161
 76  68  0.0000  0.3764  7.3143
 84  68  0.2582 -0.0565  6.6847
 92  68  0.0740  0.0509 10.6724
100  68 -0.1656 -0.0786 10.7522
108  68  0.0000  0.0000  9.4208
116  68 -0.3060  0.0814  9.4577
124  68  1.3070 -0.0337 12.4709
132  68  0.0000  0.2016 10.1661
140  68  0.1656 -0.0786 10.7522
148  68  0.0000  0.0000 13.1641
156  68  0.0000  0.0000 12.5445
164  68  0.0000 -2.0000 11.1304
172  68  0.0000  0.0000  0.0000
180  68  0.0000  0.0000  0.0000
188  68  0.0000  0.0000  0.0000
196  68  0.2875  0.1417 10.3838
204  68  0.5000  0.0000  8.4768
212  68 -0.5000  0.0000  8.8276
220  68  0.0000  0.0000 11.1304
228  68  0.0000  0.0000 22.2609
236  68  0.2414  0.0000 11.1304
244  68  0.0000  0.0000  0.0000
252  68  0.0000  0.0000  0.0000
260  68  0.0000  0.0000 11.1304
268  68 -0.1071  0.0280  6.2361
276  68 -0.0419 -0.0592 10.0051
284  68  0.1735 -0.2311  9.1578
292  68  0.0000  0.0000 12.0628
  4  76  0.0000  0.0000  0.0000
 12  76  0.0000  0.0000 16.1088
 20  76  0.0000  0.0000  0.0000
 28  76  0.0000  0.0000  0.0000
 36  76  0.0465  0.0993 11.5678
 44  76  0.0000  0.1876  8.6893
 52  76  0.1175  0.0949  8.6851
 60  76  0.0342  0.4601  8.7795
 68  76  0.2894 -0.7385  7.9754
 76  76  0.0922 -0.1648 12.1741
 84  76  0.1445 -0.0929 19.1045
 92  76  2.5000  0.0000  8.8276
100  76  0.0000  0.0000  0.0000
108  76  0.0000 -0.5000 11.1304
116  76  0.2177 -0.0831 11.2165
124  76  0.0000  2.5000  8.8276
132  76  0.0000  0.0000 16.1088
140  76  0.0000  0.0000 11.1304
148  76  0.0755 -0.0653 11.8819
156  76  2.8274 -0.3035  7.6077
164  76  0.0000  0.0000  0.0000
172  76  0.0000  0.0000  0.0000
180  76  0.0000  0.0000  0.0000
188  76  0.0000  0.0000  0.0000
196  76  0.0000  2.5000  8.8276
204  76 -0.2907 -0.0403 10.5761
212  76  0.0000  0.0000  0.0000
220  76 -0.3321  0.1276 10.3409
228  76 -0.2697 -0.4384  9.7439
236  76  0.0000  0.0000  0.0000
244  76  2.5000  0.0000  8.8276
252  76  0.0000  0.0000  0.0000
260  76  0.0000  0.0000  0.0000
268  76  0.0418  0.1521 12.6567
276  76  0.0000  0.0000  0.0000
284  76  0.0000  0.0000  0.0000
292  76  2.5000  0.0000  8.8276
  4  84  0.0000  0.0000  0.0000
 12  84  0.0000  0.0000 12.0628
 20  84  0.0000  0.0000 11.1304
 28  84  0.0000  0.0000 16.1088
 36  84  0.0418 -0.1521 12.6567
 44  84  0.0000  0.0000  0.0000
 52  84  0.0000  0.0000  0.0000
 60  84  0.0000  0.0000  8.3912
 68  84 -0.0992 -0.1049 14.5155
 76  84  0.0000  0.0000 19.4783
 84  84  0.0000  0.0000 20.7059
 92  84  0.0000  0.0000 16.9590
100  84  2.5000  0.0000  8.8276
108  84  0.0000  0.0000 11.1304
116  84  0.0000  0.0000 13.7892
124  84  0.6907 -0.2991  8.0688
132  84  0.5255 -0.0139 10.6059
140  84 -0.2907 -1.6239  7.4662
148  84 -2.3677 -0.1145 12.8207
156  84 -0.5000  0.0000  8.8276
164  84  0.0000  0.0000 11.1304
172  84  0.0000  0.0000  0.0000
180  84  0.0000  0.0000  0.0000
188  84  0.0000  0.0000  0.0000
196  84  0.0000  0.0000  0.0000
204  84  0.3468  2.5000 10.2045
212  84  0.0000  0.0000  0.0000
220  84  0.0763  0.0931  9.8953
228  84  0.3681  0.3881  9.7710
236  84  0.0000  0.0000  0.0000
244  84  2.5000 -0.2271  9.5143
252  84  2.5000  0.0000  8.8276
260  84  2.5000  0.0000  8.8276
268  84  0.0000  0.0000  0.0000
276  84 -0.5000 -4.5000  4.0635
284  84  0.0000  0.0000  0.0000
292  84  0.0000  0.0000  0.0000
  4  92 -0.0929  0.5669  9.4738
 12  92  0.0000 -2.0000 11.1304
 20  92 -0.5000  0.0000 11.1304
 28  92  0.4681  0.0000  9.5738
 36  92  0.0000  0.0000  0.0000
 44  92  0.0761  1.1304  7.2288
 52  92  0.1318 -0.0214 11.1304
 60  92  0.1149  0.4439  9.8973
 68  92  0.3222  0.6342  7.5912
 76  92  0.0000  0.0000  9.4815
 84  92 -0.0418  0.1521 12.6567
 92  92  0.2565 -3.5000 11.0504
100  92  0.0000  0.0000 11.1304
108  92  0.0000  0.0000  0.0000
116  92  0.0000  0.0000 11.1304
124  92  2.5000  0.1588 10.5785
132  92  3.5000 -2.3180  6.4755
140  92  0.1305 -0.0669 17.8865
148  92  0.2907 -0.0403 10.5761
156  92  0.0000  0.0000 11.0903
164  92  0.0000  0.2730 10.6474
172  92  0.0000  0.0000 13.3260
180  92  0.0000  0.0000 13.3260
188  92 -0.0310  0.2139 18.6320
196  92  0.0000  0.0000  0.0000
204  92  0.0000  0.0000 11.1304
212  92  0.0000  0.0000 16.1088
220  92  0.0000  0.0000  0.0000
228  92  0.0000  0.0000  0.0000
236  92  0.3524  0.2632 11.6476
244  92 -0.5000  0.0000 11.1304
252  92  0.0000  0.0000  0.0000
260  92  0.0000  0.0000  0.0000
268  92  0.0000  0.0000  0.0000
276  92  0.0000  0.0000  0.0000
284  92  0.0000  0.0000  0.0000
292  92  0.0000  0.0000  0.0000
  4 100  0.0000  0.0000 11.1304
 12 100  0.0000  0.0000 11.1304
 20 100 -0.5000  0.2012  9.9121
 28 100  0.0000  0.0000  0.0000
 36 100  0.4431 -0.8288  8.3138
 44 100  0.0000  0.0000 16.6957
 52 100  0.0000  0.0000  0.0000
 60 100  0.0000  0.0000  0.0000
 68 100  0.0000  0.0000  0.0000
 76 100  0.0000  0.0000  0.0000
 84 100  0.0000  0.0000  0.0000
 92 100  0.0000  0.0000 16.1088
100 100  0.0000  0.0000  0.0000
108 100 -0.5000  0.0000 11.1304
116 100  0.0000  0.0000  0.0000
124 100  0.0000  0.0000  0.0000
132 100  0.0000  0.0000  0.0000
140 100  0.2256  0.1915 10.2915
148 100  0.0000  0.0000  0.0000
156 100 -0.0582  0.0292 15.7491
164 100  0.0000  0.0000 11.1304
172 100 -0.3321  0.1276 10.3409
180 100  0.0000  1.5000  7.3143
188 100  0.0101  0.1146 17.4161
196 100  0.0000  0.0000  0.0000
204 100  0.0000  0.0000  0.0000
212 100  2.5000  0.0000  8.8276
220 100  0.0418  0.1521 12.6567
228 100  0.0000  2.5000 11.1304
236 100  1.1838  2.5000  7.5779
244 100 -0.5000 -0.1588 10.5785
252 100  0.0000  0.0000 11.9011
260 100  2.0000  0.1867  6.5641
268 100 -2.5000  0.0000 11.1304
276 100  0.0000  0.0000  0.0000
284 100  0.0000  0.0000  0.0000
292 100  0.0000  0.0000 11.1304
  4 108 -0.2093 -0.0299 13.0089
 12 108  0.2761  0.0806  9.3746
 20 108  0.0000  0.0000  0.0000
 28 108 -0.0988 -0.1823 10.2301
 36 108  0.0000  0.0000  0.0000
 44 108  0.0000  0.0000 16.1088
 52 108 -0.1717 -0.4043 10.4490
 60 108  0.0000  0.0000  0.0000
 68 108  0.0000  0.0000  0.0000
 76 108  0.0000  0.0000  0.0000
 84 108  0.0000  0.0000 11.1304
 92 108  0.0000  0.0000  0.0000
100 108  0.0000  0.0000  0.0000
108 108  0.0000  0.0000  0.0000
116 108  0.0000  0.0000 11.1304
124 108 -0.5000  0.0000  8.8276
132 108  0.0000  0.0000 16.1088
140 108  0.0000  0.0000 10.1191
148 108  4.8566 -0.5000  8.3934
156 108  0.0000  0.0000  9.4208
164 108  0.0000  0.0000  0.0000
172 108  0.0000  0.0000 11.1304
180 108  0.0000  0.0000  0.0000
188 108  0.0000  0.0000 16.1088
196 108  0.0000  0.0000  0.0000
204 108  0.0000  0.0000  0.0000
212 108  0.0000  0.0000  0.0000
220 108  0.0000  0.0000 16.1088
228 108  0.0000 -0.5000  8.8276
236 108 -0.5000 -4.9269  8.9510
244 108  0.0000  0.0000  0.0000
252 108 -0.5000  4.5000  4.0635
260 108  0.0000  0.0000 16.1088
268 108  0.0000  0.0000 16.1088
276 108  0.0000  0.0000 11.1304
284 108  0.0000  0.0000  0.0000
292 108  0.0000  0.0000  0.0000
  4 116  0.0000  0.0000 11.1304
 12 116  0.0000  0.0000 11.1304
 20 116 -0.1151 -0.1151 16.5161
 28 116 -0.0413  0.0000 13.2207
 36 116  0.0000  0.0000 16.1088
 44 116  0.0000  0.0000  0.0000
 52 116  0.0000  0.0000  0.0000
 60 116  0.0000  0.0000  0.0000
 68 116  0.0000  0.0000 11.1304
 76 116  0.0000  2.5000  8.8276
 84 116  0.0000  0.0000  0.0000
 92 116  0.0000  0.0000 19.4783
100 116  0.1834  0.0484 13.7039
108 116  0.0000  0.0000 11.1304
116 116 -0.1230  0.0726  5.2981
124 116 -0.0202  0.5697  5.4143
132 116  0.2046  0.2548 10.6433
140 116 -0.1050  2.5000  6.8903
148 116  2.5000  4.5000  4.0635
156 116  0.0000  0.0000 12.0628
164 116  0.0000  0.0000  0.0000
172 116  0.0000  0.0000 11.1304
180 116  0.0000  0.0000  0.0000
188 116  0.0000  0.0000  0.0000
196 116  0.0000  0.0000 11.1304
204 116 -0.5000  0.0000  8.8276
212 116  0.0000  0.0000  0.0000
220 116  0.0000  0.0000  0.0000
228 116  0.0000  0.0000 11.1304
236 116  2.5000  0.0000  8.8276
244 116  0.0000  0.0000  0.0000
252 116  0.0000  0.0000  0.0000
260 116  0.0000  0.0000  0.0000
268 116  0.0000 -0.5000  8.8276
276 116 -0.1177  0.4446 10.1096
284 116  0.0000  0.0000  0.0000
292 116  0.0000  0.0000 11.1304
  4 124  0.0000  0.0000  0.0000
 12 124  0.0000  0.0000 11.1304
 20 124  0.0000  0.0000  0.0000
 28 124  0.0000  0.0000  0.0000
 36 124  0.0000  0.0000  0.0000
 44 124  0.0000  0.0000 11.1304
 52 124  0.1960  2.5000 11.1304
 60 124  0.0000  0.0000 16.1088
 68 124  0.0000  0.0000 11.1304
 76 124  0.2080 -0.2715 12.3107
 84 124  0.0000  0.0000 11.9011
 92 124  0.0000  0.0000  8.0000
100 124 -0.1912  0.0000 12.4272
108 124  0.0000  0.0000  0.0000
116 124  0.0513  0.3460  6.1569
124 124 -0.0751  0.2773  5.8304
132 124  0.0303  0.2149 13.1628
140 124 -0.4043 -0.4043  8.0000
148 124  0.0000  0.0000  0.0000
156 124  0.0000  0.0000 12.0455
164 124  0.0000  0.0000  0.0000
172 124  0.0000  0.0000  0.0000
180 124  0.0000  0.0000  0.0000
188 124  0.0000  0.0000  0.0000
196 124  0.0000  0.0000  0.0000
204 124  0.0000  0.0000  0.0000
212 124  0.0000  0.0000 11.1304
220 124  0.0000  0.0000 11.1304
228 124  0.0000  0.0000 11.1304
236 124  2.5000  0.0000  8.8276
244 124  0.0000  0.0000  0.0000
252 124  0.0000  0.0000  0.0000
260 124  0.0000  0.0000 11.1304
268 124  0.0000  0.0000  0.0000
276 124  0.3577 -0.5000  9.3659
284 124 -0.0944 -0.1174 13.2161
292 124  0.0000  0.0000  0.0000
  4 132  0.0000  0.0000  0.0000
 12 132  0.0000  0.0000  0.0000
 20 132  0.0000  0.0000  0.0000
 28 132  0.0000  0.0000  0.0000
 36 132  0.0000  0.0000 11.1304
 44 132  0.0000  0.0000 16.1088
 52 132  0.0000  0.0000 16.1088
 60 132  0.0000  0.0000  0.0000
 68 132  0.0391  2.5000  9.3822
 76 132  0.1063  0.0000  6.9728
 84 132  1.5000  0.0000  8.2581
 92 132  0.0000  0.0000 16.1088
100 132 -0.0647  0.1801 16.2775
108 132  0.0000  0.0000  0.0000
116 132  0.0000  0.0000 16.6957
124 132  0.0000  0.0000 12.0628
132 132  0.2029  0.0000 10.6371
140 132  0.0000  0.0000  0.0000
148 132  0.0000  0.0000  0.0000
156 132  0.0000  0.0000 12.0628
164 132  0.1151 -0.1151 16.5161
172 132  0.0000  0.0000  0.0000
180 132  0.0000  0.0000  0.0000
188 132  0.0000  0.0000 16.1088
196 132 -0.0951  0.0000 12.2969
204 132  0.8304 -0.0581  8.2581
212 132  0.0377  2.3850 12.5315
220 132  0.0000  0.0000 11.1304
228 132  2.5000  0.0000  8.8276
236 132  0.0000  0.0000 11.1304
244 132  0.0000 -0.5000  8.8276
252 132  0.0000  0.0000  0.0000
260 132     NaN  0.0000  5.4468
268 132  0.0418  0.1521 12.6567
276 132  0.0000  0.0000  0.0000
284 132  0.0000  0.0000  0.0000
292 132 -0.2965  0.2632 10.8887
  4 140  0.0000  0.0000  0.0000
 12 140  0.0000  0.0000  0.0000
 20 140  0.0000  0.0000  0.0000
 28 140  0.0000  0.0000 19.4783
 36 140  0.0000  0.0000 11.9011
 44 140  0.0000  0.0000 16.1088
 52 140  2.5000 -0.5000  4.0635
 60 140  0.0000  0.0000  0.0000
 68 140  0.0000 -0.1063  6.9728
 76 140  0.0000  0.0000 11.1304
 84 140  3.5000 -0.5000  4.0635
 92 140 -0.1151 -0.1151 16.5161
100 140  0.0000  0.0000  0.0000
108 140 -0.0610  1.0000  8.9210
116 140  0.0000  0.0000 16.1088
124 140  0.0000  0.0000 11.1304
132 140 -0.5000  0.1588 10.5785
140 140  0.0000  1.5000  5.4468
148 140  0.0000  0.0000  0.0000
156 140  0.1960  0.0000 11.1304
164 140  0.5000  0.0000 11.1304
172 140  0.0000  0.0000  0.0000
180 140  0.0000  0.0000  0.0000
188 140  0.0000  0.0000 16.1088
196 140  0.0391  2.5000  9.3822
204 140  0.0000  0.0000  0.0000
212 140  0.0000  0.0000  0.0000
220 140  0.0000  0.0000  0.0000
228 140  0.0000  0.0000  0.0000
236 140  0.0000  0.0000  0.0000
244 140  1.5000  0.1462  9.1963
252 140  2.5000  0.0000  8.8276
260 140  0.0000  0.0000  0.0000
268 140  2.5000  0.1180  9.2850
276 140  0.0000 -0.5000  8.8276
284 140  0.0000  0.0000  0.0000
292 140 -0.1960  0.0000 11.1304
  4 148  0.0000  0.0000  0.0000
 12 148  0.0000  0.0000  0.0000
 20 148  0.1960  2.5000 11.1304
 28 148  0.0000  0.0000 12.0455
 36 148 -0.5000  4.5000  4.0635
 44 148  0.0000  0.0000  0.0000
 52 148  0.0000  0.0000 11.1304
 60 148  0.0000  0.0000  0.0000
 68 148  2.5000 -0.5000  4.0635
 76 148 -1.1838 -0.5000  7.5779
 84 148 -0.0186 -0.3409  9.6358
 92 148  0.0000  0.0000  0.0000
100 148  0.0000  0.0000  0.0000
108 148 -0.1151  0.1151 16.5161
116 148 -0.1968 -0.0852  9.8302
124 148  0.0139  0.0000 10.0932
132 148  0.0000  0.0000  0.0000
140 148  0.0000  0.0000  0.0000
148 148  0.0000  0.0000  0.0000
156 148  1.4070 -0.1518 10.3087
164 148  0.5000  0.0000 11.1304
172 148  0.0000  0.0000  0.0000
180 148  0.0000  0.0000  0.0000
188 148  0.0000  0.0000 11.1304
196 148  0.0000  0.0000  0.0000
204 148  0.0000  0.0000  0.0000
212 148  0.0000  0.0000  0.0000
220 148  0.0000  0.0000  0.0000
228 148  0.0000  0.0000  0.0000
236 148  0.0000  0.0000  0.0000
244 148  0.0000  0.0000  0.0000
252 148  0.0000  0.0000 11.1304
260 148  0.0000  0.0000  0.0000
268 148  0.0000  0.0000  0.0000
276 148  0.0000  0.0000  0.0000
284 148  0.0000  0.0000  0.0000
292 148 -0.5000 -0.0391  9.3822
  4 156  0.0000  0.0000  0.0000
 12 156  0.0000  0.0000  0.0000
 20 156  0.1180 -0.5000  9.2850
 28 156  0.0000 -0.1063  6.9728
 36 156  0.0000  0.0000 11.1304
 44 156  0.0000  0.0000  0.0000
 52 156  0.0000  0.0000 11.1304
 60 156 -0.1556  1.5000 12.2969
 68 156  0.0000  0.0000  0.0000
 76 156  1.7362  0.0000  6.8449
 84 156  0.0000  0.0000 19.4783
 92 156  0.0000  0.0000  0.0000
100 156  0.0000  0.0000  0.0000
108 156  0.0000  0.0000  0.0000
116 156  0.0000  0.0000  0.0000
124 156  0.0000  0.0000 11.1304
132 156  0.0000  0.0000  0.0000
140 156  0.0000  0.0000  0.0000
148 156  0.0000  0.0000 11.1304
156 156  1.5000  0.0000  8.2581
164 156 -0.1960  0.0000 11.1304
172 156  0.0000  0.0000  0.0000
180 156  0.0000  0.0000  0.0000
188 156  0.0000  0.0000 11.1304
196 156  0.0000  0.0000  0.0000
204 156  0.0000  0.0000  0.0000
212 156  0.0000  0.0000  0.0000
220 156  0.0000  0.0000  0.0000
228 156  0.0000  0.0000  0.0000
236 156  0.0000  0.0000  0.0000
244 156  0.0000  0.0000  0.0000
252 156  0.0000  0.0000 16.1088
260 156  0.0000  0.0000  0.0000
268 156 -0.1313 -0.0812 16.9211
276 156  0.0000  0.0000  0.0000
284 156  0.0000  0.0000  0.0000
292 156  0.0000  0.0000  0.0000
  4 164  0.0000  2.5000  8.8276
 12 164  0.0000  2.5000  8.8276
 20 164  0.0000  0.0000 12.0455
 28 164  0.0000  0.0000  0.0000
 36 164  0.0000  0.0000  0.0000
 44 164  0.0000  0.0000 11.1304
 52 164  0.0000  0.0000  0.0000
 60 164 -0.1401 -0.2399 12.1506
 68 164  0.0000  0.0000 11.1304
 76 164 -0.2587 -0.1868 11.1614
 84 164  0.0000  0.0000  0.0000
 92 164  0.0000  2.5000  8.8276
100 164  0.0000  0.0000 12.0628
108 164  0.0000  0.0000  0.0000
116 164  1.5000  0.0000  8.2581
124 164  0.0000  2.5000  8.8276
132 164  0.0000  0.0000  0.0000
140 164 -0.1841  0.0418 12.3683
148 164  0.0000  0.0000 11.1304
156 164  0.0000  0.0000  0.0000
164 164 -0.2917  0.0000 11.1304
172 164  4.5000  4.5000  4.0635
180 164  0.0000  0.0000  0.0000
188 164 -0.5000  0.0000 11.1304
196 164  0.0000  0.0000 11.1304
204 164  0.0000  0.0000  0.0000
212 164  0.0000  0.0000  0.0000
220 164  4.5000  4.5000  4.0635
228 164  0.0000  0.0000  0.0000
236 164  0.0000  0.0000  0.0000
244 164  0.0000  0.0000  0.0000
252 164  0.0000  0.0000  0.0000
260 164  2.5000 -0.1588 10.5785
268 164 -0.5000 -0.1588 10.5785
276 164  4.5000  4.5000  4.0635
284 164  0.0000  0.0000  0.0000
292 164  4.5000 -0.5000  4.0635
  4 172  0.0000  0.0000 11.1304
 12 172 -0.0418  0.1521 12.6567
 20 172  0.0000  0.0000 11.1304
 28 172  0.0000  0.0000 11.1304
 36 172  0.0000  0.0000 11.1304
 44 172  0.0000  0.0000  0.0000
 52 172  0.5000  0.0000 11.1304
 60 172  0.0000  0.0000 13.3565
 68 172  0.0000  0.0000 12.0455
 76 172  0.0000  0.0000  0.0000
 84 172  0.0000  0.0000  0.0000
 92 172 -0.1113  1.6014 11.9803
100 172 -0.0418  0.1521 12.6567
108 172  0.0000  0.0000  0.0000
116 172  0.3732  0.3694 10.3318
124 172  0.0000  0.0000 11.1304
132 172  1.5000  0.0000  8.2581
140 172  0.0000 -0.1063  6.9728
148 172  0.0000  0.0000  0.0000
156 172  1.5000  0.0000  8.2581
164 172 -0.1556  0.0000 12.2969
172 172  0.0000  2.5000  8.8276
180 172 -0.5000  4.5000  4.0635
188 172  0.0000  0.0000 16.1088
196 172  0.0000  0.0000 11.1304
204 172  0.0000  0.0000  0.0000
212 172  0.0000  0.0000  0.0000
220 172  0.0000  0.0000  0.0000
228 172  0.0000  0.0000  0.0000
236 172  0.0000  0.0000  1.0000
244 172  0.0000  0.0000  0.0000
252 172  0.0000  0.0000  0.0000
260 172  0.0000  0.0000 11.1304
268 172  0.0000  0.0000  0.0000
276 172  0.0000  0.0000  0.0000
284 172  0.0000  0.0000  0.0000
292 172  0.0000  0.0000  0.0000
  4 180  0.0000  0.0000 11.1304
 12 180  0.0418  0.1521 12.6567
 20 180  0.0000  2.5000  8.8276
 28 180  0.0000  0.0000  0.0000
 36 180  0.0000  0.0000  0.0000
 44 180  0.0000  0.0000 11.1304
 52 180  0.1008  0.0843 14.9901
 60 180  0.0000  0.0000  0.0000
 68 180  0.0000  0.0000 12.0455
 76 180  0.0000  0.0000  0.0000
 84 180  0.0000  0.0000  0.0000
 92 180  0.0000  0.0000  0.0000
100 180  0.0000  0.0000  0.0000
108 180  0.0000  0.0000 11.1304
116 180  0.0000  0.0000 19.1045
124 180  0.0000  0.0000  0.0000
132 180  0.0000  0.0000 11.1304
140 180  0.1638  3.0000 12.9740
148 180  0.0000  2.7933 10.2400
156 180  0.0000  2.5000  8.9154
164 180  0.0685 -0.3367 12.7421
172 180  0.0000  0.0000  0.0000
180 180 -0.4043  0.4043  8.0000
188 180 -1.5000  2.5000  7.4357
196 180  0.0000  0.0000  0.0000
204 180  0.0000  0.0000  0.0000
212 180  0.0000  0.0000  0.0000
220 180  0.0000  0.0000  0.0000
228 180 -3.5000  0.0000  8.2581
236 180  0.0000  0.0000  0.0000
244 180  0.0000  0.0000  0.0000
252 180  0.0000  0.0000  0.0000
260 180  0.0000  0.0000  0.0000
268 180  0.0000  0.0000  0.0000
276 180 -0.5000  4.5000  4.0635
284 180  0.0000  0.0000  0.0000
292 180  0.0000  0.0000  0.0000
  4 188  0.0000  0.0000 11.1304
 12 188  0.0000 -0.5000  8.8276
 20 188 -0.1180 -0.5000  9.2850
 28 188  0.0000  0.0000  0.0000
 36 188  0.0000  0.0000  0.0000
 44 188  0.0000  0.0000 11.1304
 52 188  0.0832  0.3131  9.8462
 60 188  0.0561  0.2765  9.5419
 68 188  0.0000  0.0000  0.0000
 76 188  0.0000  0.0000  0.0000
 84 188  0.0000  0.0000  0.0000
 92 188 -2.7620  2.5000  9.9740
100 188  0.0000  0.0000  0.0000
108 188 -0.0868  0.0378 15.2803
116 188  0.0000  0.0000 16.1088
124 188  0.0000  0.0000  0.0000
132 188  0.0000  0.0000 11.1304
140 188  0.0000  2.5000  8.8276
148 188     NaN  0.0000 17.0667
156 188  0.0000  0.0000  8.2581
164 188 -0.2164 -0.1333 14.6667
172 188  0.0000  2.5000  8.8276
180 188  4.5000 -4.8102  6.3471
188 188  0.0000 -0.5000  8.8276
196 188  0.0000  0.0000  0.0000
204 188  0.0000  0.0000  0.0000
212 188  0.0000  0.0000  0.0000
220 188  0.0000  0.0000  0.0000
228 188  0.0000  0.0000  0.0000
236 188  4.5000  4.5000  4.0635
244 188  0.0000  0.0000  0.0000
252 188  0.0000  0.0000  0.0000
260 188  4.5000 -0.5000  4.0635
268 188  0.0000  0.0000 11.1304
276 188  0.0000  0.0000 17.0667
284 188  0.0000  0.0000  0.0000
292 188  0.0000  0.0000  0.0000
  4 196  0.0000  0.0000 11.1304
 12 196  0.0000  0.0000 16.1088
 20 196  0.0000  2.5000  8.8276
 28 196  0.0000  0.0000  0.0000
 36 196  0.0000  2.5000  8.8276
 44 196  0.0000  0.0000 16.1088
 52 196  0.0000  0.0000 20.7059
 60 196  0.0101  0.1146 17.4161
 68 196  0.0000  0.0000  0.0000
 76 196  0.0000  0.0000  0.0000
 84 196  0.0000  0.0000  0.0000
 92 196  0.0000  0.0000  0.0000
100 196  0.0000  0.0000 11.1304
108 196 -0.4681  0.0000  9.5738
116 196  0.0000  0.0000  0.0000
124 196  0.0000  0.0000  0.0000
132 196  1.0000  0.0000  8.2581
140 196  0.0000  0.0000 11.1304
148 196  0.2131 -0.5000 13.8915
156 196  1.1733  0.0000  8.5333
164 196 -0.3885  0.0000  9.4815
172 196 -0.4043 -0.4043  8.0000
180 196  0.0000  0.0000  0.0000
188 196  0.0000  0.0000  0.0000
196 196  0.5000  0.0000 11.1304
204 196  0.0000  0.0000  0.0000
212 196  0.0000  0.0000  0.0000
220 196  0.0000  0.0000  0.0000
228 196  0.0000  0.0000  0.0000
236 196  0.0000  0.0000  0.0000
244 196  0.0000  0.0000  0.0000
252 196  0.0000  0.0000  0.0000
260 196  0.0000  0.0000  0.0000
268 196  0.0000  0.0000  0.0000
276 196  0.0382  0.1028 16.6166
284 196  0.0000 -0.5000  8.8276
292 196  0.0000  0.0000  0.0000
  4 204  4.5000 -0.5000  4.0635
 12 204  0.0000  0.0000 12.0628
 20 204  0.0000  0.0000  0.0000
 28 204  0.0000  0.0000  0.0000
 36 204  0.0000  0.0000 11.1304
 44 204  0.0677  0.2414 11.7124
 52 204  0.0000  0.0000 16.1088
 60 204  0.0000  2.5000  8.8276
 68 204  0.0000  0.0000  0.0000
 76 204  0.0000  0.0000  0.0000
 84 204  0.0000  0.0000  0.0000
 92 204  0.0000  0.0000  0.0000
100 204  0.0000  0.0000 12.0628
108 204 -1.5000  0.0000  8.2581
116 204  0.0000  0.0000  0.0000
124 204  4.5000  4.5000  4.0635
132 204 -0.1180  2.5000  9.2850
140 204  0.0000  0.0000  0.0000
148 204 -0.1180  2.6623 11.8819
156 204  0.0000  0.1063  6.9728
164 204  0.2429  2.1390  8.3148
172 204  0.0000 -0.5000  8.8276
180 204  4.6011  0.0740 12.1125
188 204  0.0000  0.0000  0.0000
196 204  4.5000  4.5000  4.0635
204 204  0.0000  0.0000  0.0000
212 204  0.0000  0.0000  0.0000
220 204  0.0000  0.0000  0.0000
228 204  0.0000  0.0000  0.0000
236 204  0.0000  0.0000  0.0000
244 204  0.0000  0.0000  0.0000
252 204  0.0000  0.0000  0.0000
260 204  0.0000  0.0000  0.0000
268 204 -0.5000  4.5000  4.0635
276 204  0.0000  0.0000  0.0000
284 204  0.0000  0.0000  0.0000
292 204  5.2144 -0.1297 12.6657
  4 212  0.0000  0.0000  0.0000
 12 212  0.0000  0.0000 16.1088
 20 212  0.0000  0.0000 11.1304
 28 212  0.0000  0.0000  0.0000
 36 212  0.0000  0.0000 11.1304
 44 212  0.0000  0.0000 11.1304
 52 212  0.0000 -0.5000  8.8276
 60 212  0.0000  0.0000 16.1088
 68 212  0.0000  0.0000  0.0000
 76 212  0.0000  0.0000  0.0000
 84 212  0.0000  0.0000  0.0000
 92 212  0.0000  0.0000  0.0000
100 212 -0.0698  0.2911 10.5124
108 212  0.0000  0.0000 11.1304
116 212  0.0000  0.0000  0.0000
124 212  0.0000  0.0000 11.1304
132 212 -0.0832 -0.3131  9.8462
140 212  0.0000  0.0000 11.1304
148 212  0.0000  0.0000  0.0000
156 212  0.0000  2.5000  8.8276
164 212  0.1528  2.5000  8.5906
172 212  0.0000  0.0000  0.0000
180 212  4.5000  4.5000  4.0635
188 212  0.0000  0.0000  0.0000
196 212  0.0000  0.0000  0.0000
204 212  0.0000  0.0000  0.0000
212 212  0.0000  0.0000  0.0000
220 212  0.0000  0.0000  0.0000
228 212  0.0000  0.0000  0.0000
236 212  0.0000  0.0000 11.1304
244 212  2.5000  0.0000  8.8276
252 212  0.0000  0.0000 11.1304
260 212  0.0000  0.0000  0.0000
268 212 -0.3732 -0.3694 10.3318
276 212  0.0000  0.0000  0.0000
284 212  0.0000  0.0000 11.1304
292 212  0.0000  0.0000  0.0000
  4 220  0.0000  0.0000  0.0000
 12 220  0.0000  0.0000 11.1304
 20 220  0.0578 -0.4337  9.0220
 28 220 -0.1401  0.2399 12.1506
 36 220  0.0000  0.0000 16.1088
 44 220  0.0000  0.0000 16.1088
 52 220  0.0000  0.0000  0.0000
 60 220  0.0000  0.0000 16.1088
 68 220  0.0000  0.0000  0.0000
 76 220  0.0000  0.0000  0.0000
 84 220  0.0000  0.0000  0.0000
 92 220  0.0000  0.0000 11.1304
100 220  0.1180  2.5000  9.2850
108 220  0.0000  2.5000  8.8276
116 220 -0.5000  0.0000  8.8276
124 220  0.0000  0.0000 16.1088
132 220  0.0000  0.0000 11.1304
140 220  0.0000  0.0000 11.1304
148 220  0.1960  0.0000 11.1304
156 220  0.0000 -0.5000  8.8276
164 220  0.1589 -0.5000  8.8808
172 220  0.0000  0.0000  0.0000
180 220  0.0000  0.0000  0.0000
188 220  0.0000  0.0000  0.0000
196 220  0.0000  2.5000  8.8276
204 220  0.0000 -0.5000  8.8276
212 220  0.0000  0.0000  0.0000
220 220  0.0000  0.0000  0.0000
228 220  0.0000  0.0000  0.0000
236 220  0.0000  0.0000  0.0000
244 220  0.0000  0.0000  0.0000
252 220  0.0000  3.5000  7.3143
260 220  0.0000  0.0000  0.0000
268 220  0.0000  0.0000  0.0000
276 220  0.0000  0.0000  0.0000
284 220  0.0000  0.0000  0.0000
292 220  0.0000  0.1960 11.1304
