VARIABLES= "X pix", "Y pix", "U pix/dt", "V pix/dt", "CHC", ZONE I=28, J=37
  4   4  0.0000  0.0000 11.7274
 12   4  0.0000  0.0000 10.0321
 20   4  0.0000  0.0000 10.0321
 28   4  0.0000  0.0000 10.0321
 36   4  0.0000  0.0000 10.0099
 44   4  0.0000  0.0000  9.9992
 52   4  0.0000  0.0000  9.9992
 60   4  0.0000  0.0000  9.9992
 68   4  0.0000  0.0000 10.0099
 76   4  0.0000  0.0000 11.0456
 84   4  0.0000  0.0000 10.9734
 92   4  0.0000  0.0000 10.8767
100   4  0.0142  0.0010 10.8830
108   4  0.0000  0.0000 11.1472
116   4 -0.0005 -0.0600 12.0471
124   4  0.0000  0.0000 11.9747
132   4 -0.0027  0.0082 10.5151
140   4  0.0040  0.0289 11.1888
148   4  0.0000  0.0000 11.4532
156   4  0.0000  0.0000 11.5553
164   4 -0.0006  0.0280 11.5499
172   4  0.0000  0.0000 11.9483
180   4  0.0000  0.0000 12.2644
188   4  0.0000  0.0101 11.5348
196   4  0.0000  0.0000 11.0358
204   4  0.0414  0.0346 11.0434
212   4  0.0000  0.0000 11.2820
220   4  0.0000  0.0000 11.1106
228   4  0.0000  0.0000 12.4272
236   4  0.0000  0.0000 14.1759
244   4  0.0000  0.0000 10.5581
252   4 -0.0000  0.0000 11.1841
260   4  0.0000  0.0000 14.4416
268   4  0.0000  0.0000 11.6006
276   4  0.0000  0.0000 12.3618
284   4  0.0000  0.0000 13.0803
292   4  0.0000  0.0000 12.3152
  4  12  0.0000  0.0000 15.0588
 12  12 -0.0000  0.0000 10.3288
 20  12  0.0000  0.0000 11.6139
 28  12  0.0000  0.0000  9.2086
 36  12  0.0000  0.1809  8.2581
 44  12  0.0000  0.0000  9.2086
 52  12  0.0000  0.0000  9.2086
 60  12  0.0000  0.0000  9.6034
 68  12  0.0315  0.0000 10.3859
 76  12  0.0000  0.0000  7.3454
 84  12  0.0000  0.0000  7.3454
 92  12  0.0000  0.0000 12.0628
100  12  0.1528 -0.0216 13.6012
108  12 -0.0629  0.2891 11.6476
116  12  0.0000  0.0000  7.7372
124  12  0.0000  0.1652  7.8022
132  12  0.0000  0.0000 10.4890
140  12  0.0000  0.0000  7.9368
148  12  0.0000  0.0000  7.6401
156  12  0.0815  0.0188 10.4490
164  12 -0.0005  0.0012 22.3031
172  12  0.0225 -0.2055  7.2626
180  12  0.0191  0.0148  6.2962
188  12 -0.0607  0.0052  6.9191
196  12  0.0000  0.0000  7.6307
204  12  0.0000  0.0000  8.6593
212  12  0.0000  0.0000 10.1711
220  12  0.0000  0.0000  9.1919
228  12  0.0000 -0.0159  8.4235
236  12 -0.0567  0.0088  9.1788
244  12  0.0000  0.0000  9.8802
252  12  0.0000  0.0000 10.9133
260  12  0.0000  0.0000 12.8694
268  12  0.0000  0.0000 11.5090
276  12  0.0000  0.0000 14.2561
284  12  0.0000  0.0000 14.7825
292  12 -0.0055 -0.0586 16.0133
  4  20  0.0000  0.0000 11.9887
 12  20  0.0000  0.0000  8.8649
 20  20  0.0000  0.0000  9.9527
 28  20  0.0000  0.0000 11.6152
 36  20  0.0108 -0.0276 10.8181
 44  20  0.0000  0.0137  8.9768
 52  20  0.0000  0.0000 11.4732
 60  20  0.0000  0.0023 14.1484
 68  20 -0.0153 -0.0030 14.3055
 76  20  0.0000  0.0000 19.8051
 84  20  0.0000  0.0000 16.4116
 92  20  0.0000  0.0000 18.0093
100  20  0.0000  0.0000 12.4575
108  20  0.0000  0.0000 15.5254
116  20  0.0000  0.0000 16.5754
124  20  0.0024 -0.0144 15.5908
132  20  0.0000  0.0000 15.3927
140  20  0.0027 -0.0084 18.8449
148  20  0.0000  0.0000 24.7324
156  20  0.0013  0.0072 22.3950
164  20  0.0348 -0.0058 25.7172
172  20 -0.0695 -0.0067 26.4641
180  20  0.0006  0.0000 45.1034
188  20  0.0000  0.0000 24.1956
196  20 -0.0153  0.0010 27.8767
204  20  0.0000  0.0000 22.5698
212  20  0.0588  0.0035 23.2267
220  20  0.0019  0.0161 20.4941
228  20  0.0142  0.0031 21.1430
236  20  0.0662 -0.0228 20.8045
244  20  0.0000  0.0000 17.0391
252  20  0.0056  0.0101 12.4319
260  20  0.0000 -0.0318 14.1513
268  20  0.0007 -0.0043 10.8929
276  20  0.0000  0.0000 12.5309
284  20  0.0000  0.0000 15.1853
292  20  0.0000  0.0000 19.5276
  4  28  0.0000  0.0000 12.7563
 12  28  0.0000  0.0000 19.1601
 20  28  0.0000  0.0000 15.9109
 28  28  0.0000  0.0000  9.3869
 36  28  0.0008 -0.0005  8.5994
 44  28  0.0086  0.0014  8.3268
 52  28 -0.0000  0.0000  7.8748
 60  28  0.0000  0.0129  7.5415
 68  28 -0.0076  0.0099  8.5862
 76  28 -0.0046 -0.0338  8.3181
 84  28  0.0000  0.0000  7.1987
 92  28  0.0000  0.0000  7.2816
100  28  0.0000  0.0000  8.5896
108  28  0.0000  0.0000  7.5318
116  28 -0.0378 -0.0006  9.2209
124  28  0.0000  0.0000  7.8424
132  28  0.0000  0.0000  6.0476
140  28  0.0000  0.0000  5.8232
148  28  0.0038  0.0106  7.8373
156  28  0.0358  0.0053 20.2280
164  28  0.0000 -0.0000 15.7975
172  28  0.0000  0.0000 17.5096
180  28  0.0000  0.0000 12.0112
188  28 -0.0062 -0.0070  7.6773
196  28 -0.0370 -0.0025  6.9946
204  28  0.0000  0.0000  6.0310
212  28  0.0000  0.0000  6.3513
220  28  0.0000  0.0000  6.3515
228  28  0.0000  0.0000  6.5329
236  28  0.0201 -0.0117  6.6700
244  28 -0.0672  0.0077  6.8377
252  28 -0.0064 -0.0025  6.7068
260  28  0.0000  0.0000  6.7063
268  28  0.0000  0.0000  7.9378
276  28  0.0000  0.0000  7.7443
284  28  0.0000  0.0000  7.1280
292  28  0.0000  0.0000  6.5121
  4  36  0.0000  0.0000  7.9289
 12  36  0.0000  0.0000  6.5131
 20  36  0.0000  0.0000  7.5372
 28  36  0.0000  0.0000 19.1471
 36  36 -0.0982 -0.0387 13.3612
 44  36 -0.0106 -0.2269 11.3584
 52  36  0.0000  0.0000 17.6698
 60  36  0.0000  0.0000 14.7761
 68  36  0.0195  0.0074 11.7546
 76  36 -0.0143  0.0033  9.0264
 84  36  0.0000  0.0000  8.1554
 92  36  0.0000  0.0000 11.3765
100  36  0.0000  0.0000 13.8277
108  36  0.0000  0.0000  0.0000
116  36  0.0000  0.0000  0.0000
124  36  0.0000  0.0000  0.0000
132  36  0.0000  0.0000  0.0000
140  36  0.0000  0.0000  0.0000
148  36  0.0000  0.0000  6.8466
156  36  0.0062 -0.0051 11.0958
164  36  0.0000  0.0000 12.2785
172  36  0.0000  0.0000  9.5383
180  36  0.0000  0.0000 12.4127
188  36  0.0000  0.0000  7.6858
196  36  0.0000  0.0000  9.1323
204  36  0.0000  0.0000 10.2728
212  36 -0.0000  0.0000 13.1400
220  36  0.0000  0.0000 15.0536
228  36  0.0000  0.0000 12.8227
236  36  0.0000  0.0000 11.0903
244  36  0.0000  0.0000  9.5231
252  36  0.0000  0.0000 11.0903
260  36  0.0000  0.0000 13.9950
268  36  0.0000  0.0000 13.7993
276  36  0.0000  0.0000 10.0731
284  36  0.0000  0.0000 19.1471
292  36  0.0000  0.0000 16.1088
  4  44  0.0000  0.0000  9.4208
 12  44  0.0000  0.0000 15.9971
 20  44  0.0000  0.0000 13.2378
 28  44  0.0000  0.0000 10.5606
 36  44  0.0000  0.0000  7.9027
 44  44  0.0000  0.0000  8.6413
 52  44  3.2188 -0.1286  7.3775
 60  44  0.0000  0.0000  0.0000
 68  44  0.0000  0.0000  0.0000
 76  44  0.0000  0.0000  0.0000
 84  44 -0.0366  0.0937  9.8622
 92  44  0.0000  0.0000 12.0455
100  44  0.0000  0.0000 11.1304
108  44  0.0000  0.0000  0.0000
116  44  0.0000  0.0000  0.0000
124  44  0.0000  0.0000  0.0000
132  44  0.0000  0.0000  0.0000
140  44  0.0000  0.0000  9.8462
148  44  0.0000  0.0000  7.5434
156  44  0.0000  0.0000 22.4115
164  44  0.0001  0.0211 11.0802
172  44 -0.0036  0.0034 14.6469
180  44 -0.0010  0.0046 10.9278
188  44  0.0000  0.0000 13.1641
196  44  0.0000  0.0000 22.2609
204  44  0.0000  0.0000 12.7570
212  44  0.0000  0.0000 12.8227
220  44  0.0000  0.0000 16.2968
228  44  0.0000  0.0000 10.6057
236  44  0.0000  0.0000 10.0093
244  44  0.0000  0.0000  7.4479
252  44  0.0543 -0.0430 11.3170
260  44  0.0000  0.0000 15.9971
268  44  0.0198  0.1100 14.7842
276  44  0.0000  0.0000 15.8075
284  44  0.0000  0.0000 21.6846
292  44  0.0000  0.0000 15.2397
  4  52  0.0000  0.0000  7.3454
 12  52  0.0000  0.0000 12.5445
 20  52  0.0000  0.0000  0.0000
 28  52  0.0000  0.0000  0.0000
 36  52  0.0000  0.0000  0.0000
 44  52  0.0000  0.0000  0.0000
 52  52  0.0000  0.0000 11.1304
 60  52  0.0000  0.0000 11.1304
 68  52  0.0000  0.0000  0.0000
 76  52  0.0000  0.0000  0.0000
 84  52  0.0000  0.0000 12.0455
 92  52  0.1477  0.3080  6.9728
100  52  0.1037 -0.0203 11.6303
108  52  0.0000  0.0000  7.3911
116  52  0.0000  0.0000 11.9011
124  52  0.0000 -0.1556 12.2969
132  52  0.0000  0.0000 15.6775
140  52  0.0000  0.0000 10.5352
148  52 -0.0039 -0.0150  6.1562
156  52  0.0000 -0.0248  5.8649
164  52  0.0000  0.0000  5.7238
172  52  0.0199 -0.0032  5.8542
180  52 -0.0013 -0.0095  5.7982
188  52  0.0000  0.0000  8.6413
196  52  0.0000  0.0000  7.3911
204  52  0.0000  0.0000  9.4815
212  52 -0.1824 -0.6476  8.1940
220  52  0.0000  0.0000 11.9011
228  52  0.0000  0.0000 17.6251
236  52  0.0000  0.0000 10.1897
244  52  0.1351  0.0248  8.8969
252  52 -0.0204  0.1311  9.5275
260  52  0.0564 -0.0494 11.1199
268  52  0.0000  0.0000 12.8656
276  52 -0.1480  0.1450  8.7747
284  52  0.0659 -0.0168 12.9195
292  52  0.0000  0.0000  9.0038
  4  60  0.0000  0.0000 19.1045
 12  60  0.2080 -0.2715 12.3107
 20  60  0.0000  0.0000 11.1304
 28  60  0.0000  0.0000  0.0000
 36  60  0.0000  0.0000 11.1304
 44  60  0.0000  0.0000 11.1304
 52  60  0.0000  0.0000  0.0000
 60  60  0.0000  0.5000 11.1304
 68  60     NaN  0.0000  5.4468
 76  60  0.0000  0.0000  0.0000
 84  60  0.0000  0.0000 20.7059
 92  60  0.1745  0.3355  9.2760
100  60  0.0000  0.0000 11.2680
108  60  0.0000 -0.5000 11.1304
116  60  0.0000  0.0000 11.1304
124  60  0.0000  0.0000 11.1304
132  60  0.0000  0.0000 16.1088
140  60  0.0000  0.0000 16.1088
148  60 -0.4681  0.0000  9.5738
156  60  0.0000  0.0000 11.2634
164  60  2.5000  0.0000  8.8276
172  60  0.0000  0.5000 11.1304
180  60  0.0000  0.0000 12.0455
188  60  0.0000  0.0000 16.1088
196  60  0.0000  0.0000  0.0000
204  60  0.0000  0.0000 11.1304
212  60 -0.1151  0.1151 16.5161
220  60  0.0000  0.0000 11.1304
228  60  0.0000  0.0000 11.1304
236  60  0.0000  0.0000 11.1304
244  60  0.0000  0.0000 11.1304
252  60  0.1063  0.0000  6.9728
260  60  0.0000  0.0000 11.9011
268  60  0.2188  0.0540 12.5368
276  60     NaN     NaN 10.1857
284  60  0.0000  0.0000  0.0000
292  60  0.0000  0.0000 11.1304
  4  68  0.0000  0.0000 11.1304
 12  68  0.0000  0.0000 11.1304
 20  68  0.0000  0.0000  0.0000
 28  68  0.0000  0.0000 11.1304
 36  68  2.5000  0.0000  8.8276
 44  68  0.0000  0.0000 11.1304
 52  68  0.0000  0.0000  0.0000
 60  68 -0.5000  0.0000  8.8276
 68  68  0.0000  0.0000 19.4783
 76  68  0.0000  0.0000  9.4208
 84  68  0.0000  0.0000  8.1025
 92  68  0.0000  0.0000 11.3696
100  68  0.0000  0.0000 12.3458
108  68  0.0000  0.0000 11.0903
116  68  0.0000 -0.3042 13.4737
124  68  0.0000  0.0000 16.1088
132  68  0.0000  0.0000 12.0628
140  68 -0.1656  0.0786 10.7522
148  68  0.0000  0.0000 13.1641
156  68  0.0000  0.0000 12.5445
164  68  0.0000  0.0000 11.1304
172  68  0.0000  0.0000  0.0000
180  68  0.0000  0.0000  0.0000
188  68  0.0000  0.0000  0.0000
196  68  0.2780  0.1270 13.3759
204  68  0.0000  0.0000 11.1304
212  68  0.0000  0.0000 11.1304
220  68  0.0000  0.0000 13.5576
228  68  0.1151 -0.1151 16.5161
236  68  0.0000  0.0000  0.0000
244  68 -0.5000 -0.5000  4.0635
252  68  0.0000  0.0000  0.0000
260  68  0.0000  0.0000  0.0000
268  68 -0.0610 -0.5000  7.7665
276  68  0.0622 -0.0174 10.2770
284  68  0.0000  0.0000  8.9799
292  68  0.0000  0.0000 12.0628
  4  76  0.2780  0.1270 13.3759
 12  76  0.0000  0.0000 16.1088
 20  76  0.0000  0.0000  0.0000
 28  76  0.0000  0.0000  0.0000
 36  76 -0.0308 -0.1823 13.1845
 44  76  0.0000  0.0000  6.8970
 52  76  0.0000  0.1189  7.0995
 60  76 -0.0693  0.0000 11.8112
 68  76  0.0000 -0.0930  8.6158
 76  76 -0.3572 -0.0424 12.3243
 84  76  0.1275  0.0412 21.1729
 92  76  4.5000 -0.1174 13.8795
100  76  0.0000  0.0000  0.0000
108  76  0.0000  0.0000 11.1304
116  76  0.0000 -0.0791 16.7549
124  76  0.0000  0.0000 11.1304
132  76  0.0000  2.5000  8.8276
140  76  0.0000  0.0000 11.1304
148  76  0.0000  0.0000 13.1641
156  76  0.0000  0.0000  8.0000
164  76  0.0000  0.0000  0.0000
172  76  0.0000  0.0000  0.0000
180  76  0.0000  0.0000  0.0000
188  76  0.0000  0.0000 11.1304
196  76  0.0000  0.0000 11.1304
204  76  0.0000  0.0000 12.0628
212  76  0.0000  0.0000  0.0000
220  76  0.0000  0.0000 11.1304
228  76  0.0000  0.0000 22.2609
236  76  0.0000  0.0000  0.0000
244  76  0.0000  0.0000 11.1304
252  76  0.0000  0.0000  0.0000
260  76  0.0000  0.0000  0.0000
268  76  0.0000  2.5000  8.8276
276  76  0.0000  0.0000  0.0000
284  76  0.0000  0.0000  0.0000
292  76  0.0000  0.0000 11.1304
  4  84  0.0000  0.0000  0.0000
 12  84 -0.0544  0.0000  9.8359
 20  84  0.0000  0.0000 11.1304
 28  84  0.0000  0.0000 16.1088
 36  84  0.0000  0.0000  9.4948
 44  84  0.0000  0.0000  0.0000
 52  84  0.0000  0.0000  0.0000
 60  84 -0.3078 -0.1021  7.6998
 68  84 -0.0916  0.0050 16.2140
 76  84  0.0000  0.0000 16.1088
 84  84  0.0000  0.0000 20.7059
 92  84  0.0000  0.0000  0.0000
100  84  0.0000  0.0000 16.1088
108  84  0.0000  0.0000 11.1304
116  84  0.0000  0.0000 13.7892
124  84 -0.1270 -0.0946  9.7532
132  84 -0.0281 -0.1928 12.1937
140  84 -0.1968 -1.5648  6.9454
148  84  0.0000  0.0000 11.1304
156  84  0.0000  0.0000 16.1088
164  84  0.0000  0.0000 11.1304
172  84  0.0000  0.0000 11.1304
180  84  0.0000  0.0000  0.0000
188  84  0.0000  0.0000  0.0000
196  84  0.0000  0.0000  0.0000
204  84 -0.3468 -1.0000 10.2045
212  84  0.0000  0.0000  0.0000
220  84  0.0000  0.0000 11.4743
228  84 -0.3147  0.1030 10.3164
236  84  0.0000  0.0000  0.0000
244  84  0.0000  0.2917 11.1304
252  84  0.0000  0.0000 11.1304
260  84  0.0000  0.0000 11.1304
268  84  0.0000  0.0000  0.0000
276  84  0.0000  0.0000 19.1045
284  84  0.0000  0.0000  0.0000
292  84  0.0000  0.0000  0.0000
  4  92  0.0824 -0.2461  8.5976
 12  92  0.0000  0.5000  7.8528
 20  92 -0.5000  0.0000  8.8276
 28  92  0.0000  0.0000 14.5615
 36  92  0.0000  0.0000  0.0000
 44  92  0.0000  0.0000 16.1088
 52  92  0.2841 -0.3627  7.7511
 60  92  0.0156 -0.4076 12.3031
 68  92  0.0824 -0.2461  8.5976
 76  92  0.0000  0.0000 10.2729
 84  92  0.0000  0.0000 12.0455
 92  92  0.3732 -0.3694 10.3318
100  92  0.0000  0.0000 11.1304
108  92  0.0000  0.0000  0.0000
116  92  0.0000  0.0000 11.1304
124  92  0.0000  0.0000 13.3565
132  92  1.1309 -0.5816  8.3079
140  92  0.0913 -0.2044 18.7317
148  92  0.0000  0.0000 11.9011
156  92 -0.2076  0.0667  9.6020
164  92  0.0000  0.0000 13.6955
172  92  0.0000  0.0000 13.0803
180  92  0.0000  0.0000 13.0803
188  92  0.0000  0.0000 24.3712
196  92  0.0000  0.0000 11.1304
204  92  0.0000  0.0000  0.0000
212  92  0.2780  0.1270 13.3759
220  92  0.0000  0.0000  0.0000
228  92  0.0000  0.0000  0.0000
236  92  0.0000  0.0000 12.0455
244  92  0.0000  0.0000 11.1304
252  92  0.0000  0.0000  0.0000
260  92  0.0000  0.0000 11.1304
268  92  0.0000  0.0000  0.0000
276  92  0.0000  0.0000 11.1304
284  92  0.0000  0.0000  0.0000
292  92  0.0000  0.0000  0.0000
  4 100  0.0000  0.0000 11.1304
 12 100  0.0000  0.0000 11.1304
 20 100  0.0000  0.0000 13.1641
 28 100  0.0000  0.0000  0.0000
 36 100  0.0000  0.0000  9.7047
 44 100  0.0000  0.0000 16.6957
 52 100  0.0000  0.0000  0.0000
 60 100  0.0000  0.0000  0.0000
 68 100 -0.5000  0.0000  6.5641
 76 100  0.0000  0.0000  0.0000
 84 100  0.0000  0.0000  0.0000
 92 100  0.0000  0.0000 16.1088
100 100  0.0000  0.0000  0.0000
108 100  0.0000  0.0000 19.1045
116 100  0.0000  0.0000 11.1304
124 100  0.0000  0.0000  0.0000
132 100  0.0000  0.0000  0.0000
140 100  0.0000  0.0000 11.2521
148 100  0.0000  0.0000 11.1304
156 100  0.0000  0.0000 22.2609
164 100  0.0000  0.1960 11.1304
172 100  0.0000  0.0000 11.1304
180 100  0.0000 -1.7251  8.5018
188 100  0.0000  0.0000 13.5576
196 100  0.0000  0.0000  0.0000
204 100  0.0000  0.0000  0.0000
212 100  0.2780  0.1270 13.3759
220 100  0.0000  0.0000 12.0455
228 100  0.0000  0.0000 17.0667
236 100 -1.5000  0.0000  8.2581
244 100 -0.5000 -0.1588 10.5785
252 100  0.0000  0.0000 12.8600
260 100  0.0000  0.0000 11.1304
268 100 -0.5000  0.0000 11.1304
276 100  0.0000  0.0000 11.1304
284 100  0.0000  0.0000 11.1304
292 100  0.0000  0.0000 11.1304
  4 108 -0.0360  0.1854 12.6331
 12 108 -0.2761 -0.0806  9.3746
 20 108  0.0000  0.0000  8.8276
 28 108  0.0000  0.0000 11.9011
 36 108  0.0000  0.0000  0.0000
 44 108  0.0000  0.0000 16.1088
 52 108  0.0610 -1.0000  8.9210
 60 108  0.0979 -0.5557  8.7428
 68 108  0.0000  0.0000  0.0000
 76 108  0.0000  0.0000  0.0000
 84 108  0.0000  0.0000 11.1304
 92 108  0.0000  0.0000  0.0000
100 108  0.0000  0.0000  0.0000
108 108  0.0000  0.0000 11.1304
116 108  0.0000  0.0000 11.1304
124 108  0.0000  0.0000 11.1304
132 108  0.0000  0.0000 16.1088
140 108  0.0000  0.0000  8.0190
148 108  0.0000  0.0000 11.1304
156 108  0.0000  0.0000  9.4208
164 108  0.0000  0.0000  0.0000
172 108  0.0000  0.0000 11.1304
180 108  0.0000  0.0000  0.0000
188 108  0.0000  0.0000 16.1088
196 108  0.0000  0.0000  0.0000
204 108  0.0000  0.0000 11.1304
212 108  0.0000  0.0000 11.1304
220 108  0.0000  0.0000 16.1088
228 108  0.0000  0.0000 16.1088
236 108  0.5000  0.0418 12.4022
244 108  0.0000  0.0000  0.0000
252 108  0.0000  0.0000 11.1304
260 108  0.0000  0.0000 16.1088
268 108  0.0000  0.0000 16.1088
276 108  0.0000  0.0000 11.1304
284 108  0.0000  0.0000  0.0000
292 108  0.0000  0.0000  0.0000
  4 116  0.0000  0.0000 11.1304
 12 116  0.0000  0.0000  0.0000
 20 116  0.0000  0.0000 19.4783
 28 116 -0.1326  0.0000 10.6209
 36 116 -0.1594  0.3697  8.2380
 44 116  0.0000  0.0000  0.0000
 52 116 -0.5000  0.0836  9.2702
 60 116  0.0449  0.2432 10.2400
 68 116  0.0000  0.0000  0.0000
 76 116  0.0000  0.0000 16.1088
 84 116  0.0000  0.0000  0.0000
 92 116  0.1140 -0.1079 19.3902
100 116  0.0000  0.0000 14.4198
108 116  0.0000  0.0000 11.1304
116 116  0.0000  0.0000  8.3399
124 116  0.0000  0.0000  6.8767
132 116  0.0000  0.0000  8.0000
140 116  0.0000  0.0000  8.2581
148 116  0.0000  0.0000 17.0667
156 116  0.0000  0.0000 12.0628
164 116  0.0000  0.0000  0.0000
172 116  0.0000  0.0000 11.1304
180 116  0.0000  0.0000  0.0000
188 116  0.0000  0.0000 17.0667
196 116  0.0000  0.0000 11.1304
204 116  0.0000  0.0000 16.1088
212 116  0.0000  0.0000  0.0000
220 116  0.0000  0.0000  0.0000
228 116  0.0000  0.0000 11.1304
236 116  0.0000  0.0000 16.1088
244 116  0.0000  0.0000  0.0000
252 116  0.0000  0.0000  0.0000
260 116  0.0000  0.0000  0.0000
268 116  0.0000  0.0000 11.1304
276 116  0.0000  0.0000 12.0455
284 116  0.0000  0.0000  0.0000
292 116  0.0000  0.0000 11.1304
  4 124  0.0000  0.0000  0.0000
 12 124  0.0000  0.0000 11.1304
 20 124  0.0000  0.0000  0.0000
 28 124  0.0000  0.0000 16.1088
 36 124  0.0000  0.0000  0.0000
 44 124  0.0000  0.0000  0.0000
 52 124  0.0000  0.0000 22.2609
 60 124  0.0000  0.0000 11.1304
 68 124  0.0000  0.0000  0.0000
 76 124  0.0000  2.5000  8.8276
 84 124  0.0000  0.0000 11.9011
 92 124  0.0000  0.0000  8.0000
100 124  0.0000  0.0000 12.0455
108 124  0.0000  0.0000  0.0000
116 124  0.0000  0.0000  8.8848
124 124  0.0000  0.0000  6.6808
132 124  0.0000  0.0000 17.2534
140 124  0.0000  0.0000  8.0000
148 124  0.0000  0.0000  0.0000
156 124  0.0000  0.0000 12.0455
164 124  0.0000  0.0000  0.0000
172 124  0.0000  0.0000  0.0000
180 124  0.0000  0.0000  0.0000
188 124  0.0000  0.0000 11.1304
196 124  0.0000  0.0000  0.0000
204 124  0.0000  0.0000  0.0000
212 124  0.0000  0.0000 11.1304
220 124  0.0000  0.0000 11.1304
228 124  0.0000  0.0000 11.1304
236 124  0.0000  0.0000 16.1088
244 124  0.0000  0.0000  0.0000
252 124  0.0000  0.0000  0.0000
260 124  0.0000  0.0000  0.0000
268 124  0.0000  0.0000 11.1304
276 124  0.0582  0.0292 15.7491
284 124  0.3309  0.0637  7.1846
292 124  0.0000  0.0000 11.1304
  4 132  0.0000  0.0000  0.0000
 12 132  0.0000  0.0000  0.0000
 20 132  0.0000  0.0000  0.0000
 28 132  0.0000  0.0000 11.1304
 36 132  0.0000  0.0000 19.1045
 44 132  0.0000  0.0000 16.1088
 52 132  0.0000  0.0000 16.1088
 60 132  0.0000  0.0000  0.0000
 68 132  0.0000  0.0000 19.4783
 76 132  2.5000  2.0000  8.8276
 84 132  0.0000  0.0000 11.1304
 92 132  0.0000  0.0000 16.1088
100 132 -0.0818  0.2234 16.7411
108 132  0.0000  0.0000 11.1304
116 132  0.0000  0.0000 19.4783
124 132  0.0000  0.0000 12.0628
132 132 -0.1802 -0.1071 10.9096
140 132  0.0000  0.0000  0.0000
148 132  0.0000  0.0000  0.0000
156 132  0.0000  0.0000 12.0628
164 132  0.0000  0.0000 16.1088
172 132  0.0000  0.0000  0.0000
180 132  0.0000  0.0000  0.0000
188 132  0.0000 -0.5000  8.8276
196 132  0.0000  0.0000 11.1304
204 132  0.0000  0.0000  8.0000
212 132  0.0000  0.0000 12.0628
220 132  0.0000  0.0000 11.1304
228 132  0.0000  0.0000 16.1088
236 132  4.5000  0.2391  8.2581
244 132  0.0000  0.0000 16.1088
252 132  0.0000  0.0000  0.0000
260 132  0.0000  0.0000  0.0000
268 132  0.0000  0.0000 11.1304
276 132  0.0000  0.0000  0.0000
284 132  0.0000  0.0000 11.1304
292 132  0.0000  0.0000 14.5615
  4 140  0.0000  0.0000  0.0000
 12 140  0.0000  0.0000  0.0000
 20 140  0.0000  0.0000  0.0000
 28 140  0.0000  0.0000 19.4783
 36 140  0.0000  0.0000 11.9011
 44 140  0.0000  0.0000 16.1088
 52 140  0.0000  0.0000  0.0000
 60 140  0.0000  0.0000  0.0000
 68 140  0.0000  0.0000 11.1304
 76 140  0.0000  2.5000  8.8276
 84 140  0.0000  0.0000 17.0667
 92 140  0.0000  0.0000 19.4783
100 140  0.0000  0.0000  0.0000
108 140  0.1146  0.0101 17.4161
116 140  2.3162  0.1023  9.7439
124 140  0.0000  0.0000  0.0000
132 140  3.8247 -5.1858  7.4357
140 140  0.0000  0.0000 11.1304
148 140  0.0000  0.0000  0.0000
156 140  0.0000  0.0000 11.1304
164 140  0.3577  0.0000 13.4737
172 140  0.0000  0.0000  0.0000
180 140  0.0000  0.0000  0.0000
188 140  0.0000 -0.5000  8.8276
196 140  0.0000  0.0000  0.0000
204 140  0.0000  0.0000  0.0000
212 140  0.0000  0.0000  0.0000
220 140  0.0000  0.0000  0.0000
228 140  0.0000  0.0000 11.1304
236 140  0.0000  0.0000  0.0000
244 140  0.0000  0.0000 13.1641
252 140  0.0000  0.0000 11.1304
260 140  0.0000  0.0000  0.0000
268 140  0.0000  0.0000 16.1088
276 140  0.0000  0.0000 16.1088
284 140  0.4043 -0.4043  8.0000
292 140  0.0000  0.0000 12.0628
  4 148  0.0000  0.0000 11.1304
 12 148  0.0000  0.0000 11.1304
 20 148  0.0000  0.0000 22.2609
 28 148  0.0418 -0.1521 12.6567
 36 148  0.0000  0.0000  0.0000
 44 148  0.0000  0.0000  0.0000
 52 148  0.0000  0.0000  0.0000
 60 148  0.0000  0.0000  0.0000
 68 148  0.0000  0.0000 11.1304
 76 148 -1.5000  0.0000  8.2581
 84 148  0.0000  0.0000 11.2521
 92 148  0.0000  0.0000  0.0000
100 148  0.0000  0.0000  0.0000
108 148  0.1151 -0.1151 16.5161
116 148  0.0000 -0.1960 11.1304
124 148 -0.0811  0.4442 12.0144
132 148  0.0000  0.0000 17.0667
140 148  0.0000  0.0000  0.0000
148 148  0.0000  0.0000 16.1088
156 148  0.0000  0.0000 13.1641
164 148  0.0000  2.5000  8.8276
172 148  0.0000  0.0000 11.1304
180 148  0.0000  0.0000  0.0000
188 148  0.0000  0.0000 11.1304
196 148  0.0000  0.0000  0.0000
204 148  0.0000  0.0000  0.0000
212 148  0.0000  0.0000  0.0000
220 148  0.0000  0.0000  0.0000
228 148  0.0000  0.0000  0.0000
236 148  0.0000  0.0000  0.0000
244 148  0.0000  0.0000 11.1304
252 148  0.0000  0.0000 11.1304
260 148  0.0000  0.0000  8.2581
268 148  0.0000  0.0000 16.1088
276 148  0.0000  0.0000 19.4783
284 148  0.0000  0.0000 13.7892
292 148  0.0000  0.0000 19.4783
  4 156  0.0000  0.0000  0.0000
 12 156  0.0000  0.0000  0.0000
 20 156  0.0000  0.0000 12.0628
 28 156  0.0000  0.0000 11.1304
 36 156  0.0000  0.0000 11.1304
 44 156  0.0000  0.0000  0.0000
 52 156  0.0000  0.0000 11.1304
 60 156 -0.1960 -0.5000 11.1304
 68 156  0.0000  0.0000 11.1304
 76 156  0.0000  0.0000 11.1304
 84 156  0.0078 -0.0596 19.5884
 92 156  0.0000  0.0000  0.0000
100 156  0.0000  0.0000  0.0000
108 156  0.0000  0.0000 11.1304
116 156  0.0000  0.0000  0.0000
124 156  0.0000  0.0000 11.1304
132 156  0.0000  0.0000 11.1304
140 156  0.0000  0.0000  0.0000
148 156  0.0000  0.0000 11.1304
156 156  0.0000  0.0000  8.2581
164 156  0.0000  0.0000 12.0628
172 156  0.0000  0.0000  0.0000
180 156  0.0000  0.0000  0.0000
188 156  0.0000  0.0000 11.1304
196 156  0.0000  0.0000  0.0000
204 156  0.0000  0.0000  0.0000
212 156  0.0000  0.0000  0.0000
220 156  0.0000  0.0000  0.0000
228 156  0.0000  0.0000  0.0000
236 156  0.0000  0.0000  0.0000
244 156  0.0000  0.0000  0.0000
252 156  0.0000  0.0000 16.1088
260 156  0.0000  0.0000 20.7059
268 156  0.0000  0.0000 22.2609
276 156  0.0000  0.0000  0.0000
284 156  0.0000  0.0000 11.1304
292 156  0.0000  0.0000  0.0000
  4 164  0.0000  0.0000 11.1304
 12 164  0.0000  0.0000 16.1088
 20 164  0.0000  0.0000 12.0455
 28 164  0.0000  0.0000  0.0000
 36 164  0.0000  0.0000  0.0000
 44 164  0.0000  0.0000 11.1304
 52 164  0.0000  0.0000 13.5576
 60 164  0.0000  0.0000 12.0628
 68 164  0.0000  0.0000 11.1304
 76 164  0.0000  0.0000 16.1088
 84 164     NaN  0.0000 17.0667
 92 164  0.0000 -0.5000  8.8276
100 164  0.0000  0.0000 12.0628
108 164  0.0000  0.0000  0.0000
116 164  0.0000  0.0000 11.1304
124 164  0.0000 -0.5000  8.8276
132 164  0.0000  0.0000  0.0000
140 164  0.0000  0.0000 11.1304
148 164  0.0000  0.0000  0.0000
156 164  0.0000  0.0000  0.0000
164 164  0.0000  0.0000 13.0803
172 164  0.0000  0.0000 11.1304
180 164  0.0000  0.0000  0.0000
188 164  0.0000  0.0000 19.1045
196 164  0.0000  0.0000 11.1304
204 164  0.0000  0.0000  0.0000
212 164  0.0000  0.0000 11.1304
220 164  0.0000  0.0000  0.0000
228 164  0.0000  0.0000 11.1304
236 164  0.0000  0.0000  0.0000
244 164  0.0000  0.0000  0.0000
252 164  0.0000  0.0000 11.1304
260 164  0.0000  0.0000 20.7059
268 164  0.0000  0.0000 20.7059
276 164  0.0000  0.0000 11.1304
284 164  0.0000  0.0000  0.0000
292 164  0.0000  0.0000 11.1304
  4 172  0.0000  0.0000 11.1304
 12 172  0.0000  0.0000 16.1088
 20 172  0.0000  0.0000 11.1304
 28 172  0.0000  0.0000 11.1304
 36 172  0.0000  0.0000 11.1304
 44 172  0.0000  0.0000  0.0000
 52 172  0.0000  0.0000 19.1045
 60 172  0.0000  0.0000 12.0628
 68 172  0.0000  0.0000 12.0455
 76 172  0.0000  0.0000  0.0000
 84 172  0.0000  0.0000  0.0000
 92 172 -0.1113  1.6014 11.9803
100 172  0.0308  0.1823 13.1845
108 172  0.0000  0.0000  0.0000
116 172  0.1068 -0.3135 15.1963
124 172  0.0000  0.0000 11.1304
132 172  0.0000  0.0000  8.2581
140 172  0.0000  0.0000 16.1088
148 172  0.0000  0.0000  0.0000
156 172  0.0000  0.0000  8.2581
164 172  0.0000  0.0000 13.0803
172 172  0.0000  0.0000 11.1304
180 172  0.0000  0.0000  0.0000
188 172  0.0000  0.0000 16.1088
196 172  0.0000  0.0000 11.1304
204 172  0.0000  0.0000 11.1304
212 172  0.0000  0.0000  0.0000
220 172  0.0000  0.0000  0.0000
228 172 -1.5000  0.0000  8.2581
236 172  0.0000  0.0000  0.0000
244 172  0.0000  0.0000  0.0000
252 172  0.0000  0.0000  0.0000
260 172  0.0000  0.0000 11.1304
268 172  0.0000  0.0000  0.0000
276 172  0.0000  0.0000  0.0000
284 172  0.0000  0.0000  0.0000
292 172  0.0000  0.0000  0.0000
  4 180  0.0000  0.0000 11.1304
 12 180  0.0000  0.0000 12.0455
 20 180  0.0000 -0.5000  8.8276
 28 180  0.0000  0.0000 11.1304
 36 180  0.0000  0.0000 11.1304
 44 180  0.0000  0.0000 11.1304
 52 180  0.0000  0.0000 16.1088
 60 180  0.0000  0.0000 17.0667
 68 180  0.1912  0.0000 12.4272
 76 180  0.0000  0.0000  0.0000
 84 180  0.0000  0.0000  0.0000
 92 180  0.0000  0.0000  0.0000
100 180  0.0000  0.0000 11.1304
108 180  0.0000  0.0000 11.1304
116 180  0.0000  0.0000 19.1045
124 180  0.0000  0.0000  0.0000
132 180  0.0000  0.0000 11.1304
140 180  0.0000  0.0000 12.5445
148 180  0.0000  0.0000 17.0667
156 180  0.0000  0.0000 17.0667
164 180  0.0000  0.0000 13.0803
172 180  0.0000  0.0000 11.1304
180 180  0.0000  0.0000 11.1304
188 180  0.0000  0.0000 11.1304
196 180  0.0000  0.0000  0.0000
204 180  0.0000  0.0000  0.0000
212 180  0.0000  0.0000  0.0000
220 180  0.0000  0.0000  0.0000
228 180  0.0000  0.0000 11.1304
236 180  0.0000  0.0000  0.0000
244 180  0.0000  0.0000  0.0000
252 180  0.0000  0.0000  0.0000
260 180  0.0000  0.0000  0.0000
268 180  0.0000  0.0000  0.0000
276 180  0.0000  0.0000 11.1304
284 180  0.0000  0.0000  0.0000
292 180  0.0000  0.0000 11.1304
  4 188  0.0000  0.0000 11.1304
 12 188  0.0000  0.0000 16.1088
 20 188 -1.3070  0.0337 12.4709
 28 188  0.0000  0.0000  0.0000
 36 188  0.0000  0.0000  0.0000
 44 188  0.0000  0.0000 11.1304
 52 188  0.0000  0.0000 12.0455
 60 188  0.0000  0.0000  9.4948
 68 188  0.0000  0.0000 19.4783
 76 188  0.0000  0.0000  0.0000
 84 188  0.0000  0.0000  0.0000
 92 188  0.0000  0.0000 16.1088
100 188  0.0000  0.0000  0.0000
108 188  0.0000  0.0000 16.1088
116 188  0.0000  0.0000 11.1304
124 188  0.5000  0.0000  8.4768
132 188  0.0000  0.0000 11.1304
140 188  0.0000  0.0000 11.1304
148 188     NaN  0.0000 17.0667
156 188  0.0000  0.0000  8.2581
164 188  0.0000  0.0000 17.2183
172 188  0.0418  0.1521 12.6567
180 188 -0.1357 -0.2503 11.6825
188 188  0.0000  0.0000 11.1304
196 188  0.0000  0.0000  0.0000
204 188  0.0000  0.0000  0.0000
212 188  0.0000  0.0000  0.0000
220 188  0.0000  0.0000  0.0000
228 188  0.0000  0.0000 17.0667
236 188  0.0000  0.0000 11.1304
244 188  0.0000  0.0000  0.0000
252 188  0.0000  0.0000  0.0000
260 188  0.0000  0.0000  0.0000
268 188  0.0000  0.0000 11.1304
276 188  0.0000  0.0000  0.0000
284 188  0.0000  0.0000 11.1304
292 188  0.0000  0.0000  0.0000
  4 196  0.0000  0.0000 11.1304
 12 196 -0.0868  0.0378 15.2803
 20 196  1.3070  0.0337 12.4709
 28 196  0.0000  0.0000  0.0000
 36 196  0.0000  0.0000 11.1304
 44 196  0.0000  0.0000 16.1088
 52 196  0.0000  0.0000 20.7059
 60 196  0.0000  0.0000 16.6957
 68 196  0.0000  0.0000  0.0000
 76 196  0.0000  0.0000  0.0000
 84 196  0.0000  0.0000  0.0000
 92 196  0.0000  0.0000  0.0000
100 196  0.0000  0.0000 11.1304
108 196  0.0000  0.0000 12.0455
116 196  0.0000  0.0000 11.1304
124 196  0.0000  0.0000 11.1304
132 196  0.0000  0.0000 11.1304
140 196  0.0000  0.0000 11.1304
148 196  0.0000  0.0000  0.0000
156 196  0.0000  0.0000 16.1088
164 196  0.0000  0.0000 12.0628
172 196  0.0000  2.5000  8.8276
180 196  0.0000  0.0000 11.1304
188 196  0.0000  0.0000  0.0000
196 196  0.0000  0.0000 11.1304
204 196  0.0000  0.0000  0.0000
212 196  0.0000  0.0000  0.0000
220 196  0.0000  0.0000  0.0000
228 196  0.0000  0.0000 11.1304
236 196  0.0000  0.0000  0.0000
244 196  0.0000  0.0000  0.0000
252 196  0.1546  0.0660 18.6254
260 196  0.0000  0.0000  0.0000
268 196  4.9386 -4.8642 16.2025
276 196  0.0000  0.0000 16.1088
284 196  0.0000  0.0000 16.1088
292 196  0.0000  0.0000 11.1304
  4 204  0.0000  0.0000 11.1304
 12 204  0.0264  0.3145 11.0777
 20 204  0.0000  0.0000  0.0000
 28 204  0.0000  0.0000  0.0000
 36 204  0.0000  0.0000 11.1304
 44 204  0.0000  0.0000 11.1304
 52 204  0.0000  0.0000 16.1088
 60 204  0.0000  0.0000 11.1304
 68 204  0.0000  0.0000  0.0000
 76 204  0.0000  0.0000  0.0000
 84 204  0.0000  0.0000 11.1304
 92 204  0.0000  0.0000 11.1304
100 204  0.0000  0.0000 12.0628
108 204  0.0000  0.0000  8.2581
116 204  0.0000  0.0000 11.1304
124 204  0.0000  0.0000 11.1304
132 204  0.0000  0.0000 19.1045
140 204  0.0000  0.0000 22.2609
148 204  0.0000  0.0000 14.5615
156 204  0.0000  0.0000  0.0000
164 204 -0.2220 -0.1529  9.0549
172 204  0.0000  0.0000 11.1304
180 204  0.1326  0.0000 10.6209
188 204  0.0000  0.0000  0.0000
196 204  0.0000  0.0000 16.1088
204 204  0.0000  0.0000 16.1088
212 204  0.0000  0.0000 11.1304
220 204  0.0000  0.0000 11.1304
228 204  0.0000  0.0000  0.0000
236 204  0.0000  0.0000  0.0000
244 204  0.0000  0.0000  0.0000
252 204  0.0000  0.0000 11.1304
260 204  0.0000  0.0000  0.0000
268 204 -0.5000  0.0000 11.1304
276 204  0.0000  0.0000  0.0000
284 204  0.0000  0.0000 11.1304
292 204  0.0000  0.0000  0.0000
  4 212  0.0000  0.0000  0.0000
 12 212  0.0000  0.0000 11.1304
 20 212  0.0000  0.0000 11.1304
 28 212  0.0000  0.0000  0.0000
 36 212  0.0000  0.0000 11.1304
 44 212  0.0000  0.0000 11.1304
 52 212  0.0000  0.0000 16.1088
 60 212  0.0000  0.0000 16.1088
 68 212  0.0000  0.0000  0.0000
 76 212  0.0000  0.0000  0.0000
 84 212  0.0000  0.0000  0.0000
 92 212  0.0000  0.0000 11.1304
100 212  0.0000  0.0000 12.0455
108 212  0.0000  0.0000 11.1304
116 212  0.0000  0.0000 11.1304
124 212  0.0000  0.0000 11.1304
132 212  0.0000  0.0000 12.0455
140 212  0.0000  0.0000 11.1304
148 212  0.0000  0.0000 17.2183
156 212  0.0000  0.0000 11.1304
164 212  0.0000  0.0000  8.7810
172 212  0.5000  0.0000 11.1304
180 212  0.0000  0.0000  0.0000
188 212  0.0000  0.0000  0.0000
196 212  0.0000  0.0000 11.1304
204 212  0.0000  0.0000  0.0000
212 212  0.1960 -0.5000 11.1304
220 212  0.0000  0.0000  0.0000
228 212  0.0000  0.0000  0.0000
236 212  0.0000  0.0000 11.1304
244 212  0.0000  0.0000 11.1304
252 212  0.0000  0.0000  0.0000
260 212  0.0000  0.0000  0.0000
268 212 -0.1068  0.3135 15.1963
276 212  2.5000  0.0000  8.8276
284 212  0.0000  0.0000 11.1304
292 212  0.0000  0.0000  0.0000
  4 220  0.0000  0.0000 11.1304
 12 220  0.0000  0.0000 11.1304
 20 220  0.0000  0.0000 16.1088
 28 220  0.0000  0.0000 12.0628
 36 220  0.0000  0.0000 11.1304
 44 220  0.0000  0.0000 16.1088
 52 220  0.0000  0.0000  0.0000
 60 220  0.0000  0.0000 11.1304
 68 220  0.0000  0.0000 20.7059
 76 220  0.0000  0.0000 11.1304
 84 220  0.0000  0.0000  0.0000
 92 220  0.0000  0.0000 11.1304
100 220  0.0000  0.0000 12.0628
108 220  0.0000  0.0000 11.1304
116 220  0.0000  0.0000 13.1641
124 220  0.0000  0.0000 16.1088
132 220  0.0000  0.0000 22.2609
140 220  0.0000  0.0000 11.1304
148 220  0.0000  0.0000 13.0803
156 220  0.0000  0.0000 11.1304
164 220  0.0000  0.0000  8.7810
172 220  0.0000  0.0000 19.1045
180 220  0.0000  0.0000  0.0000
188 220  0.0000  0.0000 11.1304
196 220  0.0000  0.0000 16.1088
204 220  0.4043  0.4043  8.0000
212 220  0.0000  0.0000  0.0000
220 220  0.0000  0.0000  0.0000
228 220  0.0000  0.0000  0.0000
236 220  0.0000  0.0000  0.0000
244 220  0.0000  0.0000  0.0000
252 220  0.0000  0.0000  0.0000
260 220  0.0000  0.0000 17.0667
268 220 -0.1960  0.0000 11.1304
276 220  0.0000  0.0000  0.0000
284 220  0.0000  0.0000  0.0000
292 220  0.0000  0.0000 11.1304
