VARIABLES= "X pix", "Y pix", "U pix/dt", "V pix/dt", "CHC", ZONE I=28, J=37
  4   4 -0.0039  0.0000 11.0767
 12   4  0.0000 -0.0054 10.2654
 20   4  0.0000  0.0911  9.9450
 28   4  0.0000  0.0000 10.1793
 36   4 -0.0101  0.0585  9.8462
 44   4 -0.0000  0.0446  9.8462
 52   4  0.0049  0.0000  9.7565
 60   4  0.0000  0.0564  9.4869
 68   4  0.0058 -0.0180  9.6930
 76   4  0.0000  0.0214 10.0339
 84   4  0.0003  0.0000 11.0456
 92   4  0.0025  0.0000 10.9734
100   4 -0.0403 -0.0005 10.9053
108   4  0.0000  0.0148 11.2180
116   4  0.0090  0.0000 13.5605
124   4  0.0021  0.0000 13.4541
132   4  0.0000 -0.0299 12.9019
140   4  0.0000 -0.0619 11.5214
148   4  0.0438 -0.0390 11.4298
156   4 -0.0731  0.0000 11.5553
164   4 -0.0110  0.0352 11.4930
172   4  0.0000  0.0424 11.6284
180   4  0.0469 -0.0006 11.9779
188   4  0.0000  0.0286 12.4969
196   4 -0.0048 -0.0027 11.4563
204   4 -0.0031  0.0716 10.8394
212   4 -0.0132  0.0000 10.3311
220   4 -0.0222  0.0059 12.3219
228   4  0.0000  0.0156 12.6826
236   4  0.0017  0.0000 12.4810
244   4 -0.0127  0.0061 12.0979
252   4  0.0063  0.1098 13.1637
260   4  0.0051 -0.0267 14.4426
268   4 -0.0030  0.0000 11.9696
276   4  0.0094  0.0000 10.4867
284   4 -0.0250  0.0000 10.1360
292   4 -0.0886  0.0000 10.0354
  4  12 -0.0916 -0.8461 10.0661
 12  12 -0.0307  0.0000 11.6053
 20  12  0.0000  0.3212  8.9704
 28  12 -0.0210  0.0000  9.3279
 36  12  0.0025  0.0000  9.6865
 44  12  0.0056  0.0000  9.2086
 52  12 -0.0024  0.0000 11.1304
 60  12  0.0000 -0.5000  8.0842
 68  12  0.0770 -0.6756 10.4235
 76  12 -0.3404 -0.0586  7.6194
 84  12 -0.2448 -0.1804  7.8825
 92  12  0.0000  1.5000  8.8276
100  12 -0.0522 -0.0097 27.3608
108  12 -0.0104 -0.1072  9.8949
116  12 -0.0731 -0.0058  8.0313
124  12 -0.0909  0.0108  7.1145
132  12 -0.0478  0.0000  7.1578
140  12 -0.0214  0.0000  7.4648
148  12 -0.0066  0.0236  7.2227
156  12  0.0078 -0.1797  7.0655
164  12  0.0091  0.0132 17.7985
172  12 -0.0403 -0.1118  7.7490
180  12  0.0041  0.0049  8.2027
188  12  0.0343  0.1035  8.6594
196  12 -0.0035  0.0066  9.4749
204  12  0.0359  0.0551 10.7473
212  12 -0.0021  0.1212 11.8468
220  12 -0.0675 -0.1812 11.4511
228  12  0.1379  0.0000 11.6846
236  12  0.0111  0.0000 12.9910
244  12 -0.1259 -0.0204 14.3793
252  12 -0.0660 -0.2084 14.0322
260  12  0.0045  0.0000 14.2073
268  12  0.0080  0.0000 16.8122
276  12  0.0059  0.0924 18.0120
284  12  0.0386  0.0000 14.6166
292  12  0.1247  0.0000 10.1072
  4  20  0.0590 -0.0719 18.1002
 12  20  0.0043  0.0066 15.7891
 20  20  0.0004 -0.0012 26.1388
 28  20 -0.0109  0.0000 20.9281
 36  20  0.0000  0.0128 21.6188
 44  20 -0.0661  0.0000 18.4103
 52  20 -0.0528  0.0000 16.4531
 60  20 -0.0233  0.0000 16.6418
 68  20 -0.0041  0.0000 17.1453
 76  20  0.0203  0.0231 14.5808
 84  20  0.0347  0.0000 14.9468
 92  20  0.0073  0.0023 14.4604
100  20 -0.0428 -0.0014 13.3605
108  20  0.0049 -0.0095 14.9363
116  20  0.0140  0.0002 13.5073
124  20  0.0280  0.0045 12.8347
132  20 -0.0013 -0.0377 12.8890
140  20 -0.0278  0.0034 16.1052
148  20 -0.0162 -0.0180 19.0728
156  20  0.0038 -0.0375 19.0085
164  20  0.0238 -0.0050 22.5858
172  20  0.0096 -0.0349 19.7057
180  20 -0.0043  0.0000 39.8447
188  20  0.0143 -0.0004 18.1922
196  20 -0.0066 -0.0036 20.6643
204  20 -0.0358  0.0000 20.6479
212  20 -0.0135  0.0000 19.9416
220  20  0.0453 -0.0002 18.9327
228  20 -0.0105  0.0138 18.6405
236  20 -0.0037  0.0000 20.0613
244  20  0.0062 -0.0060 20.4740
252  20  0.0188 -0.0010 12.9653
260  20  0.0373 -0.0064 19.6586
268  20 -0.0570 -0.0097  9.7025
276  20  0.0111 -0.0003 19.2762
284  20  0.0212  0.0189 23.7227
292  20  0.0115  0.0038 23.6981
  4  28  0.0105 -0.0175  9.1517
 12  28  0.0013 -0.0040 13.6155
 20  28 -0.0019  0.0038 11.6193
 28  28  0.0094  0.0001  7.9370
 36  28 -0.0044  0.0000  7.4761
 44  28 -0.0016  0.0000  7.2070
 52  28  0.0000 -0.0000  7.1967
 60  28  0.0000 -0.0000  7.2789
 68  28  0.0508  0.0303  6.9573
 76  28  0.0093  0.0330  7.3883
 84  28  0.0968  0.0000  8.4056
 92  28  0.1087 -0.0866  7.9699
100  28  0.0081  0.0327  7.3606
108  28  0.0245  0.0000  7.5146
116  28  0.0433  0.0000 10.3368
124  28 -0.0247  0.0000  7.3687
132  28 -0.0885 -0.1478  6.5199
140  28 -0.0706  0.0000  9.2768
148  28 -0.0151 -0.0143  6.7916
156  28  0.0304 -0.0104 14.9348
164  28  0.0084  0.0281 15.7112
172  28 -0.0102  0.0008 12.6294
180  28 -0.0502  0.0024 11.4472
188  28  0.0000 -0.0739  9.9325
196  28  0.0000  0.0976 10.0901
204  28  0.0229  0.0000  8.9406
212  28  0.0270  0.0000  7.7329
220  28  0.0090  0.0221  7.6048
228  28  0.0096 -0.0028  8.2884
236  28 -0.1413  0.0000  8.8760
244  28 -0.1917  0.0815  6.7289
252  28  0.1251 -0.0152  6.1156
260  28 -0.0011 -0.0029  5.9711
268  28 -0.0099 -0.0073  6.2647
276  28 -0.0375  0.0154  7.1607
284  28  0.0037  0.0568  8.8007
292  28  0.0163  0.0000  6.4961
  4  36  0.0000  0.9233  8.2993
 12  36  0.1585  0.0000 14.5524
 20  36  0.0418  0.0000 17.7968
 28  36  0.0103  0.0000 14.0146
 36  36  0.0880  0.0000 17.6152
 44  36  0.1598  0.0000 12.8227
 52  36  0.0133  0.0000 13.2196
 60  36 -0.0667  0.0000 11.7813
 68  36 -0.0729  0.0000  8.9436
 76  36 -0.0033  0.0675  7.6235
 84  36  0.2842 -0.0159  8.3273
 92  36  0.1626  0.0000 10.1661
100  36  0.0580  0.0000 12.0628
108  36 -0.0073  0.0000  0.0000
116  36 -0.0013  0.0000  0.0000
124  36  0.0048  0.0000  0.0000
132  36  0.0141  0.0000 20.7059
140  36  0.0332  0.0000  0.0000
148  36  0.0089  0.0000  6.6623
156  36 -0.0094 -0.0035 12.1709
164  36 -0.0138  0.0006 11.4351
172  36 -0.0352 -0.0127 11.5416
180  36  0.0034  0.0226 12.9615
188  36  0.0049  0.0000 11.3765
196  36 -0.0024  0.0000  8.9436
204  36 -0.0222  0.0000  8.1683
212  36 -0.0083  0.0000 10.6904
220  36 -0.0009  0.0000 14.5166
228  36  0.0025  0.0000 13.2196
236  36  0.0106 -0.2269 11.3584
244  36 -0.1377 -0.0457 13.4104
252  36 -0.0270 -0.4480  8.4554
260  36  0.1857  0.2611 11.1548
268  36  0.4199  0.0000 13.3851
276  36  0.0816 -0.0735  9.9361
284  36 -0.0149 -0.0728 14.4488
292  36 -0.0317  0.0000 19.1471
  4  44  0.0058 -0.0376 14.4964
 12  44  0.1332  0.0000 10.7789
 20  44  0.1094  0.0000 10.5606
 28  44  0.0612  0.0000  8.3451
 36  44  0.0162  0.0000  8.2581
 44  44  0.0095  0.0000  9.7047
 52  44  0.0051  0.0000 11.1304
 60  44 -0.0009  0.0000  0.0000
 68  44  0.0718  0.0000  0.0000
 76  44  0.0279  0.0000 11.1304
 84  44  0.3058  0.1191 13.0746
 92  44  0.0498  0.0000 12.0628
100  44  0.0418 -0.1521 12.6567
108  44  0.1096  0.0000  0.0000
116  44  0.0935  0.0000  0.0000
124  44  0.0420  0.0000  0.0000
132  44 -0.0003  0.0000  0.0000
140  44 -0.0071  0.2108  9.5624
148  44  0.0032  0.0068  8.5240
156  44  0.0289  0.0067 24.9011
164  44 -0.0124  0.0047 11.3679
172  44 -0.0070 -0.0003 15.8762
180  44 -0.0084  0.0018 11.2850
188  44  0.3426  0.0117 13.3420
196  44  0.8280  0.0668 10.2774
204  44  0.2051 -0.1943 11.4214
212  44  0.0000  0.0156 12.6826
220  44  0.0208 -0.1588 13.8016
228  44  0.0629 -0.0131 10.5168
236  44  0.0048  0.0940 12.1955
244  44  0.0145  0.1321 10.6586
252  44  0.0319  0.0806 10.3457
260  44  0.0215 -0.0137 13.8717
268  44  0.0291  0.0000 16.2968
276  44  0.0155 -0.0996 11.8704
284  44 -0.0282  0.0116 17.8339
292  44  0.1764  0.0000 17.2526
  4  52 -0.1853  0.0000  9.2086
 12  52 -0.2142  0.0000  0.0000
 20  52 -0.0391  0.0000 11.1304
 28  52  0.1898  0.0000  0.0000
 36  52  0.2726  0.0000  0.0000
 44  52  0.1786  0.0000  0.0000
 52  52  0.0625  0.0000  0.0000
 60  52 -0.0043  0.0000  0.0000
 68  52 -0.0099  0.0000  0.0000
 76  52  0.0375  0.0000  0.0000
 84  52  0.0640  0.0000 12.0455
 92  52  0.0322  0.2107  7.5508
100  52 -0.0111  0.0000 14.9564
108  52  0.0000 -0.5000  7.8528
116  52  0.1561  0.0000 13.0803
124  52  0.3436  0.0000  9.4208
132  52  0.1238  0.0000 16.2126
140  52  0.0365  0.0000 15.2515
148  52  0.0141 -0.0143  6.4771
156  52  0.0000  0.0140  5.8289
164  52  0.0371 -0.0016  6.4466
172  52 -0.0055  0.0000  6.0032
180  52 -0.0138  0.0669  5.9908
188  52  0.0548 -0.1110  8.4253
196  52  0.0746  0.0000  0.0000
204  52  0.0138  0.0000  0.0000
212  52  0.0000 -0.5000  6.9189
220  52  0.5000  0.0000 11.1304
228  52 -0.3471 -0.5000  7.8006
236  52  0.0916 -0.0550  8.2380
244  52 -0.5160  0.0000  8.5951
252  52  0.0067  0.0943 10.7675
260  52  0.2044 -0.2037 14.3106
268  52  0.0986  0.0000 13.5722
276  52 -0.0195  0.0258  9.7268
284  52 -0.0699  0.0000 10.8982
292  52 -0.0592  0.0000  8.7453
  4  60  0.0647  0.0771 14.4477
 12  60  0.1368  0.0000 16.1088
 20  60  0.0000  2.5000  8.8276
 28  60 -0.0765  0.0000 11.1304
 36  60 -0.2021  0.0000  0.0000
 44  60 -0.1990  0.0000  0.0000
 52  60 -0.1960  2.5000 11.1304
 60  60 -0.1391  0.0000  0.0000
 68  60  0.0000 -0.5000  8.8276
 76  60  0.0758  0.0000  0.0000
 84  60  0.1833  0.0000 22.1609
 92  60  0.1112  0.0000 10.9776
100  60  0.0109  0.0000 12.3032
108  60 -0.0360  0.1854 12.6331
116  60  0.1658  0.0000 11.1304
124  60  0.2041  0.0000 11.1304
132  60  0.1060  0.0000 16.1088
140  60  0.0874  0.0000 16.1088
148  60  0.1435  0.0000  8.3912
156  60  0.0000  0.2895  9.0176
164  60  2.5000  0.0000  8.8276
172  60 -1.1391  0.0000 11.1304
180  60 -1.5000  0.0000  8.2581
188  60 -0.5000 -0.5000  4.0635
196  60 -0.2188  0.0000  0.0000
204  60 -0.1802  0.0000  0.0000
212  60 -0.1609  0.0000  0.0000
220  60 -0.1793  0.0000 16.1088
228  60  0.0000 -1.0000 11.1304
236  60  0.5097  0.0000 11.1304
244  60  0.5145  0.0000 11.1304
252  60  0.1751  0.0000 16.1088
260  60 -0.2743  0.0236 10.8782
268  60 -0.3653  0.0000 11.9011
276  60 -0.4526  0.0000 13.3565
284  60 -0.4231  0.0000 16.1088
292  60 -0.2816  0.0000 11.1304
  4  68  0.0298  0.2166 12.8357
 12  68  0.4971  0.0000  0.0000
 20  68  0.2196  0.0000  0.0000
 28  68  0.1131  0.0000 12.0628
 36  68  0.1974  0.0000 11.1304
 44  68  0.4064  0.0000 11.1304
 52  68  0.3091  0.0000 15.7112
 60  68  0.1490 -1.5781 10.6945
 68  68  0.2508 -0.0156 14.5049
 76  68  0.3178  0.0000  6.8970
 84  68  0.7517  0.0000  8.9561
 92  68  2.7035  0.0000 10.8205
100  68 -0.0182 -0.0134  9.7149
108  68  0.0000  0.1189  7.0995
116  68 -0.0061  0.0000 12.0628
124  68 -0.1537  0.0000 16.1088
132  68 -0.1994  0.0000 13.3565
140  68 -0.1032  0.0000 12.3458
148  68 -0.2265  0.0000 13.1641
156  68  0.0000 -0.5000  8.8276
164  68  1.3099  0.0000  0.0000
172  68  1.4035  0.0000  0.0000
180  68  0.7506  0.0000  0.0000
188  68 -0.0627  0.0000 11.1304
196  68 -0.2390  0.0000 16.1088
204  68 -0.5000  0.0448  8.9013
212  68 -0.5538  0.0000 16.1088
220  68 -0.5000  0.0000  8.8276
228  68 -0.1960  2.5000 11.1304
236  68  1.1316  0.0000  0.0000
244  68  0.1296  0.0000  0.0000
252  68  0.0000  2.5000  8.8276
260  68  0.2114  0.0000 12.0628
268  68  0.4443 -2.3187 10.0460
276  68 -0.1659 -0.0028  9.0924
284  68 -0.0796  0.0000  9.5641
292  68  0.1170  0.0000 13.3565
  4  76  0.2780  0.1270 13.3759
 12  76  0.8878  0.0000  8.0000
 20  76  2.2250  0.0000  0.0000
 28  76  0.3694  0.0000 12.3458
 36  76  0.1147 -0.1901  9.3835
 44  76  0.4034  0.0000  8.6413
 52  76  0.0169  0.2809  8.2829
 60  76 -0.1125 -0.1796 10.9188
 68  76  0.1906  0.0272  9.9452
 76  76 -0.0899  0.0000 15.5297
 84  76  0.1274  0.1193 13.8026
 92  76  2.5000 -0.1588 10.5785
100  76  2.4164  0.0000  0.0000
108  76  1.4003  0.0000 11.1304
116  76  0.0000  1.5000 10.7088
124  76  0.0000 -0.5000  8.8276
132  76 -0.3485  0.0000 16.1088
140  76 -0.3509  0.0000 11.1304
148  76  0.0300  0.0000 13.1641
156  76  0.9813  0.0000  0.0000
164  76  2.5000  0.0000  8.8276
172  76 -0.5000  0.1588 10.5785
180  76 -0.5698  0.0000  0.0000
188  76 -0.1452  0.0000  0.0000
196  76  0.0616  0.0000  0.0000
204  76 -0.0418 -0.1521 12.6567
212  76 -0.0662  0.0000  0.0000
220  76 -0.0180 -0.1317 12.5039
228  76 -0.5000  4.5000  4.0635
236  76  0.7053  0.0000  0.0000
244  76  1.6845  0.0000 11.1304
252  76  0.8226  0.0000 11.1304
260  76  0.8875  0.0000 16.1088
268  76  1.3070 -0.0337 12.4709
276  76  0.5980  0.0000 11.1304
284  76  0.1879  0.0000  0.0000
292  76  0.2414  0.0000 11.1304
  4  84  0.1860  0.0000 11.1304
 12  84  0.7272  0.0000 12.0455
 20  84  2.3300  0.0000 11.1304
 28  84  2.7538  0.0000 19.4783
 36  84  2.0116  0.0000  8.0000
 44  84  0.0291  0.0000 11.1304
 52  84 -0.4900  0.0000  0.0000
 60  84 -0.6246  0.0000  9.7512
 68  84 -0.4364  0.0000 17.0667
 76  84 -0.1146 -0.0101 17.4161
 84  84  0.0451  0.0000 17.0667
 92  84 -0.3308 -0.1127 11.8471
100  84 -0.9902  0.0000 16.1088
108  84 -0.7075  0.0000 16.1088
116  84 -0.2080 -0.2715 12.3107
124  84 -0.1532 -0.1783  8.7957
132  84  0.0257 -0.3118 11.4627
140  84  0.0335  0.0000  7.3911
148  84  0.5000  0.0000  8.4768
156  84  2.5000  0.0000  8.8276
164  84  1.7715  0.0000  0.0000
172  84  1.2936  0.0000  0.0000
180  84  0.9389  0.0000  0.0000
188  84  0.9422  0.0000  0.0000
196  84  0.9720  0.0000  0.0000
204  84  0.4174  0.0000 17.2183
212  84 -0.0135  0.0000 13.5576
220  84 -0.1159  0.0000  0.0000
228  84  0.0786  0.0000 11.1304
236  84  0.6782  0.0000  0.0000
244  84  1.9001  0.0000 16.1088
252  84  2.6859  0.0000 11.1304
260  84  2.5000  0.0000  8.8276
268  84 -0.5000 -0.0930 14.1070
276  84 -1.0292  0.0000 11.1304
284  84 -0.9723  0.0000 11.1304
292  84 -0.5319  0.0000  0.0000
  4  92 -0.0615 -0.1404  7.4966
 12  92 -0.1439  0.0000  0.0000
 20  92 -0.5616  0.0000 11.1304
 28  92 -0.7314  0.0000  9.4948
 36  92 -0.3870  0.0000  0.0000
 44  92  0.0448 -0.0796  8.8684
 52  92  0.1026  0.1564 10.3102
 60  92  0.1078  0.5865 12.7785
 68  92 -0.1872  0.0000 11.1304
 76  92 -0.2179  0.0000  0.0000
 84  92  0.1401  0.2399 12.1506
 92  92  0.8030  0.0000 11.3350
100  92  0.2411  0.0000 11.1304
108  92  0.6792  0.0000 11.1304
116  92  0.6823  0.0000 11.1304
124  92  0.5200  0.0000  7.3911
132  92  0.0000 -2.0000 11.1304
140  92 -0.3622  0.0000 16.1088
148  92 -0.5000  0.1180  9.2850
156  92 -0.1140  0.0000 11.9011
164  92  0.2554  0.0391 13.5219
172  92  1.1262  0.0000 13.0803
180  92  1.7152  0.0000 19.1045
188  92  1.4383  0.0000 19.4783
196  92 -0.2179  0.0000  0.0000
204  92 -0.8934  0.0000  0.0000
212  92 -1.0749  0.0000 16.1088
220  92 -0.5453  0.0000 16.1088
228  92  0.0292  0.0000 11.1304
236  92  0.0418  0.1521 12.6567
244  92 -0.2438  0.0000  0.0000
252  92 -0.2840  0.0000 16.1088
260  92  0.0583  0.0000 11.1304
268  92  0.5000  0.0000  8.4768
276  92  0.1554  0.0000  0.0000
284  92 -0.1998  0.0000  0.0000
292  92 -0.4193  0.0000  0.0000
  4 100 -0.3135  0.0000  0.0000
 12 100  0.0645  0.5000 10.4200
 20 100  0.9886  0.0000 11.1304
 28 100 -0.5000  0.1588 10.5785
 36 100  0.2925 -1.0000  6.9828
 44 100  0.5004  0.0000 16.6957
 52 100  0.3887  0.0000  8.2581
 60 100 -0.0454  0.0000 12.5902
 68 100 -0.3289  0.0000  0.0000
 76 100 -0.3110  0.0000  0.0000
 84 100  0.2568 -0.0627  8.5469
 92 100  0.3738  0.0000 16.1088
100 100  0.5779  0.0000  0.0000
108 100  0.8282  0.0000 11.1304
116 100  0.6341  0.0000 11.1304
124 100 -0.0925  0.0000  0.0000
132 100 -0.4519  0.0000  0.0000
140 100 -1.0000  0.0000  9.2850
148 100 -0.3920  0.0000  0.0000
156 100  0.2769  0.0575 10.2185
164 100  0.1918  0.0000 16.1088
172 100 -0.0456  0.0000 12.0628
180 100 -0.1072  0.0000 11.9011
188 100  0.0465  0.0000 19.4783
196 100  0.1670  0.0000  0.0000
204 100 -0.1665  0.0000  0.0000
212 100 -0.5484  0.0000 11.1304
220 100 -0.4250  0.0000 12.0455
228 100  0.2230  0.0000 11.1304
236 100  1.2777  0.0000 19.1045
244 100  2.5000  0.1588 10.5785
252 100  0.1138  0.1378 11.4627
260 100  0.1151 -0.1151 16.5161
268 100  0.6142  0.0000  0.0000
276 100  0.6899  0.0000  0.0000
284 100  0.3477  0.0000  0.0000
292 100  0.0199  0.0000 11.1304
  4 108  0.0272  0.0238 11.1899
 12 108  0.8062  0.0000 10.2729
 20 108  0.6755  0.0000 13.1641
 28 108  0.2780 -0.1270 13.3759
 36 108  0.3087  0.0000  0.0000
 44 108  0.1992  0.0000 16.1088
 52 108  0.0000 -0.1960 11.1304
 60 108  0.4043  0.4043  8.0000
 68 108 -0.1664  0.0000  0.0000
 76 108 -0.0489  0.0000  0.0000
 84 108  0.2972  0.0000 11.1304
 92 108  0.1087  0.0000  0.0000
100 108 -0.0939  0.0000  0.0000
108 108 -0.1694  0.0000 11.1304
116 108 -0.1115  0.0000  0.0000
124 108 -0.0770  0.0000 11.1304
132 108 -0.2460  0.0000 11.1304
140 108 -0.5000  0.2012  9.9121
148 108  0.0000 -0.5000  8.8276
156 108  0.5722  0.0000 11.5903
164 108  1.1494  0.0000  0.0000
172 108  1.5070  0.0000  0.0000
180 108  0.4849  0.0000  0.0000
188 108  0.3996  0.0000 16.1088
196 108  1.0327  0.0000  0.0000
204 108  1.3215  0.0000 11.1304
212 108  0.9485  0.0000  0.0000
220 108  0.6070  0.0000 16.1088
228 108  0.9481  0.0000 16.1088
236 108  1.8253 -0.0931 13.0169
244 108  1.2608  0.0000  0.0000
252 108  0.5914  0.0000 11.1304
260 108  0.2725  0.0000 11.1304
268 108  0.0649  0.0000 16.1088
276 108 -0.0594  0.0000  0.0000
284 108  0.0895  0.0000 16.1088
292 108 -0.1340  0.0000 11.1304
  4 116 -0.0767  0.0000 11.1304
 12 116  0.2611  0.1783  7.6338
 20 116 -0.1151 -0.1151 16.5161
 28 116 -0.2695  0.0000 21.6135
 36 116 -0.3207  0.0000  9.9672
 44 116 -0.2192  0.0000 19.1045
 52 116 -0.0160  0.0000  0.0000
 60 116  0.3830  0.0000 11.1304
 68 116  1.1601  0.0000  0.0000
 76 116  2.5000  0.0000  8.8276
 84 116  1.1093  0.0000  0.0000
 92 116  0.6030  0.0000 19.4783
100 116  0.3541  0.0221 14.8033
108 116  0.0488  0.0000  0.0000
116 116  0.5118  0.0000 13.5576
124 116  1.4324  0.0000 12.5445
132 116  2.0511  0.0000 16.7450
140 116  1.3318  0.0000 17.0667
148 116  0.6116  0.0000  8.2581
156 116  0.9266  0.0000 12.0628
164 116  1.4267  0.0000  0.0000
172 116  1.1469  0.0000 11.1304
180 116  0.6539  0.0000  0.0000
188 116  0.3224  0.0000  0.0000
196 116  0.0598  0.0000 11.1304
204 116 -0.2185  0.0000 16.1088
212 116 -0.3052  0.0000 11.1304
220 116 -0.4616  0.0000  0.0000
228 116 -0.5000  0.0000  8.8276
236 116 -0.1465  0.0000 16.1088
244 116 -0.2043  0.0000 11.1304
252 116 -0.3674  0.0000  0.0000
260 116 -0.4507  0.0000  0.0000
268 116 -0.2864  0.0000 11.1304
276 116 -0.0308  0.1823 13.1845
284 116  0.4665  0.0000  0.0000
292 116  0.9990  0.0000  0.0000
  4 124  1.1925  0.0000  0.0000
 12 124 -0.1960 -0.5000 11.1304
 20 124 -0.2306  0.0000  0.0000
 28 124 -0.1507  0.0000  0.0000
 36 124 -0.2193  0.0000 20.7059
 44 124  0.1806  0.0000 17.0667
 52 124  1.3641  0.0000 22.2609
 60 124  2.5000  0.0000  8.8276
 68 124  1.2133  0.0000 11.1304
 76 124  0.0000 -0.5000  8.8276
 84 124  0.5000  0.0000  8.4768
 92 124  0.8617  0.0000  8.0000
100 124  0.7720  0.0000 12.0455
108 124  0.5189  0.0000  0.0000
116 124  0.4381  0.0000  7.1756
124 124  0.3380  0.0000  8.1664
132 124 -0.0867 -0.1071  9.3967
140 124 -0.3875  0.0000 16.1088
148 124 -0.5438  0.0000 11.1304
156 124 -0.4684  0.0000 12.0455
164 124 -0.1887  0.0000  0.0000
172 124 -0.1109  0.0000 11.1304
180 124 -0.3525  0.0000  0.0000
188 124 -0.5000  4.5000  4.0635
196 124 -0.1969  0.0000 11.1304
204 124  0.1163  0.0000 11.1304
212 124  0.3600  0.0000  0.0000
220 124  0.4837  0.0000  0.0000
228 124  0.2998  0.0000 11.1304
236 124 -0.3114  0.0000 11.1304
244 124 -0.2947  0.0000 16.1088
252 124 -0.0651  0.0000  0.0000
260 124  0.0638  0.0000 16.1088
268 124 -0.0952  0.0000 11.1304
276 124  0.2459  0.0000 12.0628
284 124  0.7329  0.0000  0.0000
292 124  0.3974  0.0000  0.0000
  4 132 -0.0272  0.0000  0.0000
 12 132  0.2658  0.0000  0.0000
 20 132  0.5153  0.0000  8.2581
 28 132  0.4513  0.0000 11.1304
 36 132  0.3076  0.0000 11.1304
 44 132  0.6821  0.0000 11.1304
 52 132  1.1817  0.0000 16.1088
 60 132  1.1680  0.0000  0.0000
 68 132 -0.0378  0.0868 15.2803
 76 132 -0.4145  0.0000  8.0000
 84 132 -0.2832  0.0000 11.1304
 92 132 -0.0501  0.0000 11.1304
100 132  0.1068 -0.5000 14.1617
108 132 -0.2477  0.0000 11.1304
116 132 -0.3008  0.0000 19.4783
124 132  0.0000  0.1960 11.1304
132 132  0.2494  0.0599  9.5231
140 132  0.2118  0.0000  0.0000
148 132  0.0834  0.0000  0.0000
156 132 -0.1469  0.0000 10.3584
164 132 -0.1960  2.5000 11.1304
172 132  0.0088  0.0000  0.0000
180 132  0.4127  0.0000  0.0000
188 132  0.8392  0.0000 16.1088
196 132  1.2807  0.0000 11.1304
204 132  0.0000 -2.7305  8.0000
212 132 -0.1960  2.5000 11.1304
220 132  0.0176  0.0000  1.0000
228 132  0.1068  0.3135 15.1963
236 132  0.3767  0.0000  0.0000
244 132  0.5540  0.0000 16.1088
252 132  0.3823  0.0000 11.1304
260 132  0.0000 -0.5000  8.8276
268 132  0.7647  0.0000  0.0000
276 132  1.8799  0.0000 11.1304
284 132  2.5000  0.0000  8.8276
292 132 -0.1434 -0.5000  8.3934
  4 140 -0.3169  0.0000 11.1304
 12 140 -0.0381  0.0000  0.0000
 20 140 -0.0373  0.0000 11.1304
 28 140 -0.1841  0.0418 12.3683
 36 140 -0.4043 -0.4043  8.0000
 44 140 -0.3225  0.0000 11.1304
 52 140 -0.1458  0.0000  0.0000
 60 140 -0.0237  0.0000  0.0000
 68 140 -0.0616  0.0000 16.1088
 76 140 -0.1491  0.0000  0.0000
 84 140 -0.1997  0.0000  0.0000
 92 140 -0.0418  0.1521 12.6567
100 140  0.4009  0.0000  0.0000
108 140  1.0116  0.0000 19.4783
116 140  1.7569  0.0000 16.1088
124 140  4.8863  0.0000 11.1304
132 140  3.8247 -5.1858  7.4357
140 140  1.8018  0.0000 11.1304
148 140  0.8789  0.0000 16.1088
156 140  0.6298  0.0000 11.1304
164 140  0.7823  0.0000 19.1045
172 140  0.9859  0.0000  0.0000
180 140  0.8293  0.0000  0.0000
188 140  0.0000 -0.5000  8.8276
196 140  0.4793  0.0000  0.0000
204 140  1.3479  0.0000  0.0000
212 140  1.6751  0.0000 13.7892
220 140  0.4652  0.0000  0.0000
228 140  0.2542  0.0000  0.0000
236 140  0.5000  0.0000  8.4768
244 140  0.1960 -0.5000 11.1304
252 140  0.0437  0.0000 11.1304
260 140  0.0000  2.5000  8.8276
268 140 -0.2527  0.0000 22.2609
276 140 -0.3512  0.0000 10.9491
284 140 -0.3608  0.0000 11.1304
292 140 -0.3614  0.0000  0.0000
  4 148 -0.3210  0.0000  0.0000
 12 148 -0.1661  0.0000  0.0000
 20 148  0.1930 -0.1867 15.3090
 28 148  0.7583  0.0000 16.1088
 36 148  1.4718  0.0000 11.1304
 44 148  2.3228  0.0000  0.0000
 52 148  6.1441  0.0000  0.0000
 60 148  4.1822  0.0000 11.1304
 68 148  2.3675  0.0000 11.1304
 76 148  1.2815  0.0000 11.1304
 84 148  0.9010  0.0000 14.5615
 92 148  1.0297  0.0000  0.0000
100 148  1.3764  0.0000  0.0000
108 148  1.5000 -0.1110  8.4253
116 148  0.0000 -0.0855 10.6035
124 148  0.0430  0.0000 12.5445
132 148  0.5526  0.0000  8.2581
140 148  0.8169  0.0000  0.0000
148 148  0.4734  0.0000 16.1088
156 148  0.3951  0.0000 13.1641
164 148  0.4886  0.0000 11.1304
172 148  0.3092  0.0000  0.0000
180 148  0.0706  0.0000  0.0000
188 148 -0.2780  0.1270 13.3759
196 148 -0.4727  0.0000  0.0000
204 148 -0.6700  0.0000  0.0000
212 148 -0.7214  0.0000  0.0000
220 148 -0.6621  0.0000  0.0000
228 148 -0.5026  0.0000  0.0000
236 148 -0.1949  0.0000  0.0000
244 148  0.3055  0.0000  0.0000
252 148  0.8532  0.0000 16.1088
260 148  1.5000  0.0000  8.2581
268 148  2.0473  0.0000 19.4783
276 148  4.9052  0.0000 14.2338
284 148  3.1025  0.0000  0.0000
292 148  1.7528  0.0000 11.1304
  4 156  0.9047  0.0000  0.0000
 12 156  0.5843  0.0000 11.1304
 20 156  0.6804  0.0000 12.0628
 28 156  0.8950  0.0000 11.1304
 36 156  0.7854  0.0000 11.1304
 44 156 -0.1289  0.0000  0.0000
 52 156 -0.3932  0.0000 16.1088
 60 156 -0.1597  0.0000 11.1304
 68 156  0.1122  0.0000 16.1088
 76 156  0.1693  0.0000 16.1088
 84 156  0.2465  0.0000 19.1045
 92 156  0.3607  0.0000  0.0000
100 156  0.3428  0.0000  0.0000
108 156  0.2523  0.0000 11.1304
116 156  0.1050  2.5000  6.8903
124 156 -0.5037  0.0000 12.0455
132 156 -0.9684  0.0000 11.1304
140 156 -1.0408  0.0000  0.0000
148 156 -0.9181  0.0000  0.0000
156 156 -0.6919  0.0000  8.2581
164 156 -0.3331  0.0000 11.1304
172 156  0.2383  0.0000 17.0667
180 156  0.4683  0.0000 11.1304
188 156  0.5690  0.0000 11.1304
196 156  0.7352  0.0000  0.0000
204 156  2.3106  0.0000  0.0000
212 156  1.2897  0.0000  0.0000
220 156  0.5256  0.0000  0.0000
228 156  0.0206  0.0000  0.0000
236 156 -0.1611  0.0000  0.0000
244 156 -0.0213  0.0000  0.0000
252 156  0.1476  0.0000 11.1304
260 156  0.0058  0.0000 11.1304
268 156 -0.5988  0.0000 11.1304
276 156 -0.9511  0.0000  0.0000
284 156 -0.7664  0.0000  0.0000
292 156 -0.4154  0.0000  0.0000
  4 164 -0.1695  0.0000 11.1304
 12 164  0.0000 -0.5000  8.8276
 20 164  0.1639  0.0000 12.0628
 28 164  0.2057  0.0000  0.0000
 36 164  0.0871  0.0000  0.0000
 44 164 -0.1938  0.0000 11.1304
 52 164 -0.7795  0.0000 17.2183
 60 164 -1.3070 -0.0337 12.4709
 68 164 -1.2457  0.0000 11.1304
 76 164 -1.0298  0.0000 16.1088
 84 164 -0.7857  0.0000  0.0000
 92 164 -0.5000  0.0000  8.8276
100 164  0.1960 -0.5000 11.1304
108 164 -0.0051  0.0000  1.0000
116 164 -0.5000  0.0000  8.8276
124 164 -0.7503  0.0000 11.1304
132 164 -0.2182  0.0000  0.0000
140 164 -0.5000  0.0000  8.8276
148 164 -0.6922  0.0000 11.1304
156 164 -0.9089  0.0000  8.2581
164 164 -0.9846  0.0000 11.1304
172 164 -0.7065  0.0000  0.0000
180 164 -0.4516  0.0000  8.2581
188 164 -0.5000  0.0000 11.1304
196 164 -1.0051  0.0000 11.1304
204 164 -1.4613  0.0000  0.0000
212 164 -1.1404  0.0000  0.0000
220 164 -0.6630  0.0000  0.0000
228 164 -0.3452  0.0000 20.7059
236 164 -0.1514  0.0000  0.0000
244 164 -0.0216  0.0000  0.0000
252 164  0.0000  2.5000  8.8276
260 164 -0.1901  0.0000  0.0000
268 164 -0.5022  0.0000  0.0000
276 164 -0.9111  0.0000  0.0000
284 164 -1.2015  0.0000  0.0000
292 164 -1.1183  0.0000 11.1304
  4 172 -0.8610  0.0000 11.1304
 12 172 -0.5804  0.0000 16.1088
 20 172 -0.3370  0.0000  0.0000
 28 172 -0.0491  0.0000  0.0000
 36 172 -0.2859  0.0000 11.1304
 44 172 -0.8270  0.0000  0.0000
 52 172 -1.4732  0.0000 19.1045
 60 172 -1.5398  0.0000  8.2581
 68 172 -1.2481  0.0000 12.0455
 76 172 -1.2585  0.0000  0.0000
 84 172 -1.4000  0.0000  0.0000
 92 172 -1.5000  0.0000  8.2581
100 172 -1.0326  0.0000 12.0628
108 172 -0.6640  0.0000  0.0000
116 172 -0.5883  0.0000 17.2183
124 172 -0.9022  0.0000  0.0000
132 172 -1.5000  2.5000  7.4357
140 172 -0.9780  0.0000 12.0455
148 172 -0.5000  0.0000  8.8276
156 172 -0.2995  0.0000  8.2581
164 172 -0.2158  0.0000 12.0455
172 172 -0.2017  0.0000  0.0000
180 172 -0.2823  0.0000 17.0667
188 172 -0.4943  0.0000 19.1045
196 172 -0.7566  0.0000 11.1304
204 172 -0.9694  0.0000  0.0000
212 172 -1.0367  0.0000  0.0000
220 172 -0.8674  0.0000 11.1304
228 172 -0.5570  0.0000 11.1304
236 172 -0.2524  0.0000  0.0000
244 172 -0.1350  0.0000  0.0000
252 172 -0.0944  0.0000  0.0000
260 172 -0.3357  0.0000  0.0000
268 172 -0.8154  0.0000 16.1088
276 172 -1.4844  0.0000  0.0000
284 172 -1.6441  0.0000  0.0000
292 172 -1.2384  0.0000 11.1304
  4 180 -1.1651  0.0000 11.1304
 12 180 -1.1816  0.0000 16.1088
 20 180 -1.0938  0.0000 11.1304
 28 180 -0.7069  0.0000 16.1088
 36 180 -0.3847  0.0000 11.1304
 44 180 -0.1287  0.0000  0.0000
 52 180  0.1912  0.0000 12.4272
 60 180  0.5000 -0.5000  7.4357
 68 180  0.1008  0.0843 14.9901
 76 180 -0.0202  0.0000  0.0000
 84 180 -0.1081  0.0000  0.0000
 92 180 -0.2037  0.0000 11.1304
100 180 -0.3214  0.0000 16.1088
108 180 -0.4973  0.0000 11.1304
116 180 -0.7387  0.0000 12.0628
124 180 -0.9590  0.0000 16.1088
132 180 -1.0000  0.0000  9.2850
140 180 -0.8979  0.0000 16.1088
148 180 -0.6470  0.0000 17.2183
156 180 -0.3038  0.0000  8.2581
164 180  0.0218 -0.2266 12.8350
172 180 -0.0234  0.0000 16.1088
180 180 -0.0677  0.2414 11.7124
188 180 -0.2479  0.0000 16.1088
196 180 -0.5946  0.0000  0.0000
204 180 -1.0677  0.0000 11.1304
212 180 -0.9764  0.0000  0.0000
220 180 -0.7338  0.0000  0.0000
228 180 -0.7009  0.0000 11.1304
236 180 -0.6600  0.0000  0.0000
244 180 -0.4683  0.0000  0.0000
252 180 -0.1292  0.0000  0.0000
260 180 -0.0377  0.0000  0.0000
268 180  0.0330  0.0000  0.0000
276 180  0.2479  0.0000 11.1304
284 180  0.6144  0.0000 11.1304
292 180  0.5010  0.0000 11.1304
  4 188  0.2971  0.0000 11.1304
 12 188  0.0631  0.0000 16.1088
 20 188 -0.1598  0.0000  0.0000
 28 188 -0.3596  0.0000  0.0000
 36 188 -0.5901  0.0000 11.1304
 44 188 -0.8553  0.0000 11.1304
 52 188 -1.0756  0.0431  7.0865
 60 188 -0.9832  0.0000 12.0455
 68 188 -0.7827  0.0000  0.0000
 76 188 -0.5277  0.0000  0.0000
 84 188 -0.2880  0.0000  0.0000
 92 188 -0.1581  0.0000  0.0000
100 188 -0.2152  0.0000  0.0000
108 188 -0.1508  0.0000 11.1304
116 188 -0.1339  0.0000 12.0628
124 188 -0.2995  0.0000  0.0000
132 188 -0.5273  0.0000 11.1304
140 188 -0.1446  0.0000 11.1304
148 188 -0.1068 -0.3135 15.1963
156 188 -0.2187  0.0000 17.0667
164 188 -0.2107  0.0000 13.0803
172 188  0.0000 -0.5000  8.8276
180 188  0.3732 -0.3694 10.3318
188 188  0.1837  0.0000  8.2581
196 188  0.0024  0.0000 19.1045
204 188 -0.0532  0.0000  0.0000
212 188  0.4809  0.0000  0.0000
220 188  0.6665  0.0000  0.0000
228 188  0.5149  0.0000  0.0000
236 188  0.2033  0.0000 11.1304
244 188 -0.1015  0.0000 11.1304
252 188 -0.3075  0.0000  0.0000
260 188 -0.5295  0.0000  0.0000
268 188 -0.7513  0.0000  0.0000
276 188 -0.8857  0.0000  0.0000
284 188 -0.8052  0.0000  0.0000
292 188 -0.6144  0.0000  0.0000
  4 196 -0.4089  0.0000 16.1088
 12 196 -0.2923  0.0000 11.1304
 20 196 -0.3513  0.0000 11.1304
 28 196 -0.5000  0.0000  8.8276
 36 196 -0.2552  0.0000 19.1045
 44 196  0.0000 -0.5000  8.8276
 52 196 -0.0309  0.0000  8.0000
 60 196 -0.1151 -0.1151 16.5161
 68 196  0.3307  0.0000  0.0000
 76 196  0.1333  0.0000  0.0000
 84 196 -0.0260  0.0000 11.1304
 92 196 -0.0728  0.0000  0.0000
100 196 -0.0077  0.0000 11.1304
108 196  0.1151  0.1151 16.5161
116 196  0.1808  0.0000 16.1088
124 196  0.2411  0.0000  0.0000
132 196  0.0544  0.0000  9.8359
140 196  0.9092  0.0000 16.1088
148 196  1.1256  0.0000 19.1045
156 196  0.8504  0.0000  8.2581
164 196  0.3755  0.0000 12.0628
172 196 -0.0420  0.0000 11.1304
180 196 -0.1788  0.0000  8.4768
188 196 -0.3764  0.0000  0.0000
196 196 -0.5607  0.0000 16.1088
204 196 -0.6463  0.0000  0.0000
212 196 -0.5772  0.0000  0.0000
220 196 -0.4086  0.0000  0.0000
228 196 -0.2329  0.0000  0.0000
236 196 -0.1693  0.0000 11.1304
244 196 -0.3302  0.0000 16.1088
252 196 -0.4928  0.0000 17.0667
260 196 -0.2654  0.0000  0.0000
268 196  0.0680  0.0000 11.1304
276 196  0.1509  0.0000 16.1088
284 196  0.0058  0.0000 11.1304
292 196  0.4651  0.0000 11.1304
  4 204  0.1910  0.0000 11.1304
 12 204 -0.0050  0.0000 11.1304
 20 204 -0.0767  0.0000  0.0000
 28 204 -0.1273  0.0000  0.0000
 36 204 -0.1912  0.0000 12.4272
 44 204  0.3932  0.0000 22.2609
 52 204  1.5715  0.0000 16.1088
 60 204  2.7128  0.0000 11.1304
 68 204  2.6032  0.0000  0.0000
 76 204  2.0555  0.0000  0.0000
 84 204  1.3504  0.0000 11.1304
 92 204  0.6085  0.0000  0.0000
100 204  0.0000 -0.5000  8.8276
108 204  0.0000 -0.5000  8.8276
116 204 -0.2194  0.0000  0.0000
124 204 -0.3942  0.0000  0.0000
132 204 -0.4582  0.0000 11.1304
140 204 -0.3940  0.0000 16.1088
148 204 -0.2376  0.0000 19.1045
156 204 -0.0600  0.0000  0.0000
164 204  0.0218 -0.2266 12.8350
172 204 -0.2459  0.0000  0.0000
180 204 -0.5426  0.0000  0.0000
188 204 -0.2284  0.0000  0.0000
196 204  0.2904  0.0000  5.4468
204 204  0.4405  0.0000  0.0000
212 204 -0.0492  0.0000  0.0000
220 204  0.4189  0.0000  0.0000
228 204  0.1880  0.0000  0.0000
236 204  0.0000  2.5000  8.8276
244 204 -0.0007  0.0000 16.1088
252 204  0.0000  2.5000  8.8276
260 204 -0.1142  2.0732  5.4468
268 204  0.3290  2.8274  8.0000
276 204  2.1209  1.0400  5.4468
284 204  4.5000  0.0000  4.0635
292 204  3.4590  0.0000  0.0000
  4 212  2.5114  0.0000 11.1304
 12 212  1.6914  0.0000  0.0000
 20 212  0.9146  0.0000  0.0000
 28 212  0.2780 -0.1270 13.3759
 36 212  0.0154  0.0000 11.1304
 44 212 -0.1951  0.0000 11.1304
 52 212 -0.3349  0.0000 16.1088
 60 212 -0.3773  0.0000  0.0000
 68 212 -0.3208  0.0000  0.0000
 76 212 -0.1899  0.0000  0.0000
 84 212 -0.0353  0.0000  0.0000
 92 212  0.0379  0.0000 16.1088
100 212 -0.1872  0.0000 12.0628
108 212 -0.7709  0.0000  0.0000
116 212 -0.1250  0.0000  0.0000
124 212  0.8159  0.0000 11.1304
132 212  1.1257  0.0000 12.0455
140 212 -0.0443  0.0000 16.1088
148 212  0.3348  0.0000 13.0803
156 212  0.2485  0.0000  0.0000
164 212  0.1912  0.0000 12.4272
172 212  0.1665  0.0000 11.1304
180 212  0.0974  0.0000 15.0588
188 212 -0.1000  0.0000  0.0000
196 212 -0.2375  0.0000  0.0000
204 212 -0.2302  0.0000 11.1304
212 212 -0.2780 -0.1270 13.3759
220 212  1.2422  0.0000  0.0000
228 212  1.8074  0.0000  0.0000
236 212  1.6659  0.0000  0.0000
244 212  1.1389  0.0000 11.1304
252 212  0.5123  0.0000  0.0000
260 212  0.0305 -0.2123  8.9248
268 212 -0.2314  0.0000 11.1304
276 212 -0.3669  0.0000  0.0000
284 212 -0.4012  0.0000 11.1304
292 212 -0.3665  0.0000 11.1304
  4 220 -0.2842  0.0000 11.1304
 12 220 -0.1652  0.0000 11.1304
 20 220 -0.0157  0.0000  0.0000
 28 220  0.0418  0.1521 12.6567
 36 220 -1.0492 -0.0305 12.6667
 44 220  0.2474  0.0000 16.1088
 52 220  1.7792  0.0000 11.1304
 60 220  2.5000  0.0000  8.8276
 68 220  0.5000  0.0000  8.4768
 76 220  0.2489  0.0000 11.1304
 84 220  0.3144  0.0000 11.1304
 92 220  0.3816  0.0000 11.1304
100 220  0.4177  0.0000 12.0628
108 220  0.3581  0.0000  0.0000
116 220  0.0986  0.0000  0.0000
124 220 -0.5000  0.0000  8.8276
132 220 -1.8215  0.0000 11.1304
140 220 -1.9421  0.0000 11.1304
148 220  0.3577  2.5000 13.4737
156 220  1.6151  0.0000 11.1304
164 220  1.9017  0.0000  8.7810
172 220  1.4839  0.0000 19.1045
180 220  0.7523  0.0000 11.1304
188 220  0.0766  0.0000 11.1304
196 220 -0.3244  0.0000  0.0000
204 220 -0.4828  0.0000  0.0000
212 220 -0.5000  2.5000  4.0635
220 220 -0.4952  0.0000  0.0000
228 220 -0.5068  0.0000  0.0000
236 220 -0.5380  0.0000  0.0000
244 220 -0.5000  0.0000  8.8276
252 220 -0.0918  0.0000  0.0000
260 220  0.1960  0.0000 11.1304
268 220  1.3835  0.0000  0.0000
276 220  3.0732  0.0000 11.1304
284 220  3.8689  0.0000  0.0000
292 220  2.8545  0.0000  0.0000
