VARIABLES= "X pix", "Y pix", "U pix/dt", "V pix/dt", "CHC", ZONE I=28, J=37
  4   4 -0.0554  0.0690 10.0265
 12   4  0.0000 -0.0716  9.3519
 20   4  0.0000 -0.0691  9.1429
 28   4  0.0145 -0.0899  9.3452
 36   4  0.0122 -0.0390  9.0863
 44   4  0.0000 -0.0819  9.2748
 52   4  0.0000 -0.0711  8.8895
 60   4  0.0000  0.0088  9.7360
 68   4  0.1148  0.0649 10.0722
 76   4  0.0000  0.0092 10.0002
 84   4  0.0475  0.0140 10.9471
 92   4  0.0015  0.0051 10.9960
100   4 -0.0142  0.0022 11.1256
108   4  0.0040  0.0021 11.0811
116   4  0.0109  0.0109 11.7418
124   4  0.0000 -0.0520 11.9600
132   4  0.0000  0.0491 11.1505
140   4  0.0000  0.0320 11.0935
148   4  0.0000  0.0328 11.4627
156   4  0.0112 -0.0583 11.1882
164   4  0.0050 -0.0120 11.4696
172   4 -0.0039 -0.0023 10.8139
180   4  0.0030 -0.0233 11.0659
188   4 -0.0661 -0.1438 10.4074
196   4 -0.0588 -0.0833 10.5147
204   4 -0.0050  0.0004 10.4602
212   4  0.0526 -0.0238  9.8907
220   4  0.0248  0.0475 12.1411
228   4  0.0000 -0.1291 11.0617
236   4 -0.1193 -0.2304 11.5417
244   4  0.0128 -0.1227 11.1276
252   4 -0.0282  0.0168 12.2480
260   4  0.0073 -0.2361 11.8719
268   4  0.0000 -0.2279 11.3013
276   4  0.0000 -0.5000  8.9195
284   4  0.0000 -0.7104  9.5071
292   4  0.0141 -0.2898  8.3074
  4  12  0.2183 -0.1553  9.4815
 12  12  0.0000 -1.8379 12.3209
 20  12  0.0000 -0.8124 10.3034
 28  12  0.0000 -0.8579 10.0974
 36  12  0.0000 -1.1793  7.8528
 44  12  0.0000 -1.3585 10.3034
 52  12  0.0000 -1.5000  9.4815
 60  12  0.0000 -0.8579  8.9363
 68  12  0.1860 -0.6614  8.7325
 76  12  0.0000  0.1297 10.1168
 84  12  0.0907  0.6351  8.3365
 92  12  0.2558  1.2185  6.4888
100  12 -0.0939 -1.3580 19.1487
108  12  0.1056 -0.9779 10.1436
116  12 -0.0757 -0.7321  8.0741
124  12  0.0158 -0.4155  7.3942
132  12  0.0000 -0.2498  7.6040
140  12 -0.0824 -0.2913  7.6189
148  12  0.0042 -0.4607  7.1035
156  12 -0.1081 -0.8542  7.5184
164  12  0.4221 -1.5499 14.7382
172  12 -0.0885 -0.3406  7.8195
180  12 -0.0379 -0.3715  8.5016
188  12  0.0447 -0.3806  9.1951
196  12 -0.1116 -0.1631 10.1599
204  12  0.0009 -0.1206 11.0177
212  12 -0.0662 -0.5695 11.7726
220  12 -0.2547 -0.3702 13.8583
228  12  0.0000 -0.6615 12.8000
236  12 -0.0112 -0.4417 10.6824
244  12 -0.3919 -0.3913  7.7050
252  12 -0.0227 -0.4332 10.4170
260  12  0.0959 -0.2762  6.5312
268  12 -0.0324 -0.1259 10.0758
276  12 -0.1447 -0.0661  9.5081
284  12 -0.0712  0.0000  1.0000
292  12  0.0727  0.1189  8.8587
  4  20  0.0044 -0.0464 14.0525
 12  20 -0.0183 -0.4105 11.7431
 20  20  0.0098 -0.3589 16.5266
 28  20  0.0079 -0.2300 16.1575
 36  20  0.0317 -0.2537 15.9309
 44  20 -0.0333 -0.2143 14.5649
 52  20  0.0310 -0.1134 13.7411
 60  20  0.0000 -0.1391 14.2309
 68  20 -0.0568 -0.1796 13.8957
 76  20  0.0197 -0.1174 12.7039
 84  20  0.0058 -0.1113 13.1763
 92  20 -0.0696 -0.1460 12.1400
100  20  0.0229  0.0028 10.7349
108  20  0.0350 -0.1077 14.6908
116  20  0.0008 -0.1451 11.9902
124  20  0.0065 -0.1080 11.7132
132  20  0.0418 -0.1504 11.5494
140  20  0.0245 -0.1653 13.7599
148  20 -0.0064 -0.2065 15.2571
156  20  0.0504 -1.2131 18.9192
164  20 -0.0146 -1.2055 23.3981
172  20  0.1952 -1.1461 17.0319
180  20  0.0646 -0.2175 33.1486
188  20 -0.0029 -0.2633 14.1328
196  20  0.0006 -0.2243 16.0459
204  20  0.0440 -0.2561 16.1836
212  20 -0.0294 -0.1959 17.0901
220  20 -0.0416 -0.1542 16.3303
228  20  0.0210 -0.1931 15.3916
236  20  0.0157 -0.2135 15.7128
244  20 -0.0319 -0.2309 16.9321
252  20 -0.0725  0.0671 14.2838
260  20 -0.0375 -0.0395 19.1541
268  20 -0.2148 -0.0189 12.6451
276  20  0.4801 -0.0870 16.9393
284  20 -0.0064 -0.0857 21.5743
292  20  0.1280 -0.0765 20.8132
  4  28 -0.0017 -0.1173  8.1757
 12  28 -0.0040 -0.2170 10.7510
 20  28 -0.1315 -0.2756  9.5111
 28  28 -0.0102 -0.1547  7.6424
 36  28  0.0314  0.1468  7.4210
 44  28  0.0805 -0.0680  6.8792
 52  28 -0.0036  0.0093  6.8103
 60  28 -0.0553  0.1910  7.6842
 68  28  0.1017 -0.0905  6.6525
 76  28  0.0440  0.0328  7.1621
 84  28  0.0000  0.3021  8.0279
 92  28  0.0892 -0.0192  9.4048
100  28 -0.0145 -0.0091  7.3180
108  28  0.0663 -0.0208  7.4978
116  28 -0.0115 -0.1818  9.9403
124  28  0.0000 -0.1563  6.3183
132  28 -3.6935 -0.9409  7.4582
140  28  0.2642 -1.2491  8.9865
148  28  0.0293 -0.2906  6.4224
156  28  0.0754 -0.7982 12.8355
164  28  0.1115  0.1244 14.7851
172  28  0.7197 -0.3542  9.6976
180  28  0.1503 -0.0968 12.0172
188  28  0.0000 -0.0116 11.2297
196  28  0.0756  0.1104 11.2983
204  28  0.1423  0.0792 10.0563
212  28  0.0000  0.0192  7.8316
220  28 -0.0106  0.0620  9.2283
228  28 -0.0249  0.0778  9.7959
236  28 -0.1391  0.3968  9.4126
244  28  0.1377  0.2429  9.3500
252  28 -0.0927  0.2456  6.0456
260  28 -0.1059  0.2124  6.5918
268  28 -0.0312 -0.0849  5.9985
276  28 -0.0284  0.0546  6.9159
284  28 -0.0897  0.0013  8.2850
292  28 -0.1105  0.1124  6.5926
  4  36  0.0000  2.0000 11.1304
 12  36 -0.0972 -0.0751  9.2648
 20  36  0.1770 -0.3015 11.7124
 28  36 -0.0234 -0.1568 11.9112
 36  36  0.0398  0.0379 16.6519
 44  36  0.1564  0.0402 16.0460
 52  36  0.3922  0.0000 12.1260
 60  36  0.0241 -0.1492  9.4656
 68  36 -0.0708 -0.0072  8.7340
 76  36 -0.0087 -0.1348  7.4537
 84  36 -0.3438 -0.4569  7.8822
 92  36  0.1289  1.2576 13.5652
100  36  0.1180  2.5000  9.2850
108  36 -0.0717  0.0000  0.0000
116  36 -0.1632  0.0000  0.0000
124  36 -0.1104  0.0000  0.0000
132  36  0.0390  0.0000  0.0000
140  36  0.2373  0.0000  0.0000
148  36 -0.0100 -0.0178  6.6316
156  36  0.0446 -0.6305 11.2497
164  36  0.0400 -0.7547 11.6697
172  36  0.3455 -0.3051 11.9792
180  36  0.0868 -0.0269 13.1589
188  36  0.1205 -0.1461  9.4378
196  36  0.1103 -0.2969  7.1704
204  36 -0.0093 -0.0526  8.0370
212  36  0.0551 -0.1131  9.4747
220  36  0.0685  0.0154 12.3039
228  36 -0.0055 -0.0064 12.2467
236  36  0.0151 -0.1299 15.5284
244  36 -0.1306  0.0233 15.4077
252  36 -0.0646 -0.0598 12.6524
260  36  0.0000  0.2730 10.6474
268  36 -0.0318 -0.0253 10.8606
276  36 -0.1636 -0.1885 11.7582
284  36 -0.0508 -0.0431 14.0624
292  36  0.2809 -0.2042 20.0983
  4  44 -0.2731 -0.2611 10.9159
 12  44  0.0469 -0.2816  8.8932
 20  44  0.1271  0.0967  8.2465
 28  44  0.2918  0.0401  6.2439
 36  44 -0.0834 -0.0176 10.8377
 44  44 -0.2262  0.0000  0.0000
 52  44 -0.2110 -3.0189 14.4906
 60  44  0.2948  0.0000  0.0000
 68  44  1.7578  0.0000  0.0000
 76  44  4.5000 -0.5000  4.0635
 84  44 -0.1562  0.2821  7.0932
 92  44 -0.0873  0.0000 12.0628
100  44  0.3309 -0.0637  7.1846
108  44  0.1576  0.0000  0.0000
116  44 -0.0388  0.0000  0.0000
124  44 -0.3393  0.0000  0.0000
132  44 -0.6882  0.0000  0.0000
140  44 -0.1749  0.1417  6.4171
148  44 -0.0508 -0.3005  8.3966
156  44 -0.0098 -0.9542 13.7734
164  44 -0.0072 -1.0749  9.9374
172  44  0.0114 -0.9844 10.8744
180  44  0.0025  0.0385 10.1083
188  44 -0.2743 -0.0236 10.8782
196  44  0.0000  0.1556 12.2969
204  44 -0.1045  0.0000  9.4208
212  44  0.1379 -0.1538 10.9333
220  44  0.0088 -0.0179 12.5766
228  44  0.0162  0.0042 12.1201
236  44  0.0385 -0.0504 11.3720
244  44 -0.0248  0.0297 13.4174
252  44 -0.2741  0.1648  9.3293
260  44  0.0916 -0.1389 12.4245
268  44  0.0153 -0.1758 13.5923
276  44 -0.2410  0.1705 12.1717
284  44  0.1794 -0.1284 15.2031
292  44 -0.2309 -0.1333 15.4178
  4  52  1.6015  0.0000  0.0000
 12  52 -0.2661  0.0000  0.0000
 20  52 -0.4757  0.0000 11.1304
 28  52  0.0224  0.0000  0.0000
 36  52  0.0255  0.0000  0.0000
 44  52 -0.1964  0.0000  0.0000
 52  52 -0.6155  0.0000  0.0000
 60  52 -1.5000 -0.1898  6.3471
 68  52 -0.4563  0.0000  0.0000
 76  52  0.1236  0.0000  0.0000
 84  52  0.2030  1.5000  4.0635
 92  52  0.1983  0.3167  7.6418
100  52 -0.4035 -0.2443 11.8900
108  52 -0.0558  0.0000  0.0000
116  52  0.3147 -0.1622 11.3947
124  52 -0.0519  0.0000  9.4208
132  52  0.0000 -0.1960 11.1304
140  52 -0.2365  0.0327 14.1847
148  52  0.1291  0.1210  6.6914
156  52 -0.0464 -0.2587  5.2278
164  52 -0.0388  0.1818  6.3708
172  52  0.1525 -0.2522  6.4459
180  52  0.2594  0.0916  5.6724
188  52  0.0000  2.0000 11.1304
196  52  1.0615  0.0000  0.0000
204  52  1.6835  0.0000  0.0000
212  52  4.5000  1.5000  4.0635
220  52  0.0000 -0.5000  8.8276
228  52  0.0853  0.0000 11.1304
236  52 -0.1863 -0.0104  8.2169
244  52 -0.1944  0.0104  8.3163
252  52  0.0000 -0.0614 10.3685
260  52  0.0187  0.1617 14.8458
268  52 -0.0358  0.0555  8.9866
276  52  0.1478 -0.1666  7.5382
284  52 -0.4938  0.0000 10.8982
292  52  0.1876  0.1451  9.3033
  4  60  0.6796  0.0000 16.1088
 12  60  0.2566  0.0000 11.1304
 20  60  0.0391  2.5000  9.3822
 28  60 -0.3321  0.1276 10.3409
 36  60 -0.2523  0.0000 11.1304
 44  60 -0.1500  0.0000  0.0000
 52  60  0.0000 -0.5000  8.8276
 60  60  2.5000  5.1588 10.5785
 68  60  0.0000  0.1063  6.9728
 76  60  0.0000  2.5000  8.8276
 84  60 -0.3998 -0.2258 10.5163
 92  60 -0.2430 -1.0000 10.7533
100  60 -0.1467 -0.0983  9.9835
108  60 -0.2761 -0.0806  9.3746
116  60  0.3828  0.0000 11.1304
124  60  1.5000 -0.0255  9.7158
132  60 -0.3309 -0.0637  7.1846
140  60  1.6697  0.0000 16.1088
148  60 -0.1147  0.0456  8.8110
156  60  0.0000 -0.0855 10.6035
164  60  2.5000  0.0000  8.8276
172  60  1.8965 -0.3276  8.6617
180  60  0.3032  0.0000 10.6474
188  60  0.0000 -0.5000  8.8276
196  60 -0.0006  0.0000  0.0000
204  60  0.0394  0.0000  0.0000
212  60 -0.5097  0.0000  0.0000
220  60 -0.3194  0.0000  0.0000
228  60  1.2458  0.0000  0.0000
236  60  0.0341  0.0000  0.0000
244  60  0.0161  0.0000 11.1304
252  60  0.1063  0.0000  6.9728
260  60 -0.1841 -0.0418 12.3683
268  60 -0.3394 -0.0216  8.7863
276  60 -0.0632 -0.0557 16.2106
284  60  1.4320  0.0000 16.1088
292  60  0.1529  0.0000  0.0000
  4  68 -0.9834  0.0000  0.0000
 12  68 -0.6496  0.0000  0.0000
 20  68  0.3743  0.0000  0.0000
 28  68  0.6259  0.0000  9.8462
 36  68  0.5000  0.0000  8.4768
 44  68  0.1453  0.0000  0.0000
 52  68  0.0208 -0.0797 17.5452
 60  68 -0.2697 -2.9377  8.3068
 68  68  0.0174 -0.0561 18.6099
 76  68 -2.4139  0.0705  8.1238
 84  68 -0.0973 -0.9505  7.1130
 92  68 -0.1436 -0.1407  6.6051
100  68 -4.3034 -0.1090  9.2252
108  68  0.0778 -0.3485  9.1399
116  68  0.0000 -0.1469 10.3584
124  68  0.0418  0.1521 12.6567
132  68  0.0000 -0.1960 11.1304
140  68 -0.7692  0.0000 12.3458
148  68 -1.3070 -0.0337 12.4709
156  68  2.5000  0.0000  8.8276
164  68 -0.5000  0.0000  8.8276
172  68  0.3039  0.0000  0.0000
180  68  1.1073  0.0000  0.0000
188  68 -0.1274  0.0000  0.0000
196  68 -0.3999  0.0000 11.1304
204  68  0.0699  0.0000  0.0000
212  68  1.0297  0.0000 16.1088
220  68  0.1507  0.0000  0.0000
228  68 -2.6664  0.0000  0.0000
236  68 -1.0932  0.0000  0.0000
244  68  1.3868  0.0000  0.0000
252  68  1.3886  0.0000  0.0000
260  68  0.7558  0.0000 11.1304
268  68  0.0000  2.5000  8.8276
276  68 -0.0698  0.1408  7.2529
284  68  0.0000  0.0354  9.0815
292  68 -0.5000  0.0613  9.4895
  4  76 -1.5627  0.0000  0.0000
 12  76 -0.8135  0.0000  0.0000
 20  76 -1.1729  0.0000  0.0000
 28  76 -0.1841  0.0418 12.3683
 36  76  0.0272  0.0238 11.1899
 44  76  0.0235  0.3939  8.7892
 52  76  0.4447  0.5000  6.4052
 60  76 -0.2388  0.1657  8.8276
 68  76  0.0468 -0.2105  9.2428
 76  76 -0.1282 -0.1703 19.4595
 84  76  1.3345  0.0000  0.0000
 92  76  0.4311  0.0000  0.0000
100  76  1.2205  0.0000  0.0000
108  76  2.5000  0.1588 10.5785
116  76 -0.3787 -0.0688 12.4746
124  76 -0.5166  0.0000 16.1088
132  76  0.0418 -0.1521 12.6567
140  76  1.1959  0.0000 16.1088
148  76  0.9597  0.0748 13.1100
156  76 -4.8879  3.5000  8.0842
164  76 -1.5120  0.0000  0.0000
172  76  2.5000  0.0000 11.1304
180  76  1.5152  0.0000  0.0000
188  76  0.7445  0.0000  0.0000
196  76  0.1468  0.0000  0.0000
204  76 -0.1792  0.0000  0.0000
212  76  0.0677 -0.2414 11.7124
220  76  0.3308 -0.1127 11.8471
228  76 -0.4698  0.0000  0.0000
236  76 -0.7090  0.0000  0.0000
244  76 -1.3650  0.0000  0.0000
252  76  4.5200  0.0000  0.0000
260  76  4.5000  4.5000  4.0635
268  76 -0.1841 -0.0418 12.3683
276  76  0.1313  0.0812 16.9211
284  76  0.9770  0.0000  0.0000
292  76  0.4723  0.0000  0.0000
  4  84 -0.0438  0.0000  0.0000
 12  84  0.4795  0.0000 11.1304
 20  84  0.1913  0.0000 16.1088
 28  84  0.1200  0.1695 12.6175
 36  84  0.0000  0.1154 11.8154
 44  84  0.0832  0.3131  9.8462
 52  84 -0.1288  0.0000  0.0000
 60  84 -0.0985 -0.1531  9.3459
 68  84  0.5783  0.0000  0.0000
 76  84  0.3028  0.0000 16.1088
 84  84 -1.5000  0.0000  8.2581
 92  84 -0.8116  0.0000  0.0000
100  84 -0.1841  0.0418 12.3683
108  84 -0.5000  0.0000  8.8276
116  84  0.0418  0.1521 12.6567
124  84  0.0000  2.5000  8.8276
132  84 -0.6893  0.0000 12.3186
140  84 -0.3329 -0.0842  7.1879
148  84  0.0000 -0.5000  8.8276
156  84 -0.1202  0.0000 11.1304
164  84 -0.4106  0.0000  0.0000
172  84 -1.2097  0.0000  0.0000
180  84  2.9234  0.0000  0.0000
188  84  2.2772  0.0000  0.0000
196  84  0.3340  0.0000  0.0000
204  84  0.9199  0.0000  0.0000
212  84  2.5000  0.1180  9.2850
220  84  0.6422  0.0000 22.2609
228  84 -0.0382 -0.1028 16.6166
236  84  0.3759  0.0000  0.0000
244  84  0.1350  0.0000 11.1304
252  84 -0.1394  0.0000 11.1304
260  84 -0.1222  0.0000 11.1304
268  84 -0.1151 -0.1151 16.5161
276  84  0.1960  2.5000 11.1304
284  84  0.1274  0.0000 11.1304
292  84  0.0811  0.0000  0.0000
  4  92 -0.6874  0.0000  0.0000
 12  92 -0.8849  0.0000  0.0000
 20  92  0.0000  2.5000  8.8276
 28  92 -0.5000  0.0000  8.8276
 36  92 -0.5000  0.2274  6.6693
 44  92  0.1884 -0.7748  8.0594
 52  92 -0.2189 -0.0422 11.7675
 60  92 -1.2041  0.9858 11.4401
 68  92  0.2104  0.5000 10.0392
 76  92  0.0000 -2.7305  8.0000
 84  92  0.0677 -0.5000  5.7252
 92  92 -0.0260 -0.0513  9.1934
100  92 -0.9733  0.0000 11.1304
108  92 -0.5000 -0.5000  4.0635
116  92  0.0000 -0.5000  8.8276
124  92  0.0000  0.3961  8.7605
132  92  0.1056  1.5746 10.0855
140  92 -0.5000  0.0000  8.8276
148  92 -0.5000  0.0000  8.8276
156  92  2.5000  0.0000  8.8276
164  92  1.3799  0.0000 11.1304
172  92  0.4611  0.0000 11.1304
180  92  0.0000 -0.1960 11.1304
188  92  0.4414 -0.3038 10.9194
196  92  0.3316  0.0000  0.0000
204  92  0.3595  0.0000  0.0000
212  92  0.3047  0.0000  0.0000
220  92  0.0000 -4.7893 14.0767
228  92 -1.5000 -0.5000  7.4357
236  92 -1.3438  0.0000 16.1088
244  92 -0.5000 -0.5000  4.0635
252  92  4.5000 -0.5000  4.0635
260  92  3.0165  0.0000 16.1088
268  92  2.5000  0.1588 10.5785
276  92  0.7186  0.0000  0.0000
284  92 -0.3268  0.0000  0.0000
292  92 -0.0735  0.0000  0.0000
  4 100 -0.1825  0.0000  0.0000
 12 100 -0.1848  1.5000 11.9305
 20 100  0.0776  0.0000  0.0000
 28 100 -0.5000  2.1588 10.5785
 36 100  0.0754  0.0000 12.8600
 44 100  2.5000  0.0391  9.3822
 52 100  2.5039  0.0000  0.0000
 60 100  2.2195  0.0000 11.1304
 68 100  0.5253  0.0000  0.0000
 76 100 -0.5807  0.0000  0.0000
 84 100 -0.1603 -0.1082 13.9738
 92 100  0.0772  0.0000 16.1088
100 100  0.1817  0.0000  0.0000
108 100  0.1822  0.0000  0.0000
116 100  0.0374  0.0000  0.0000
124 100  0.3713  0.0000  0.0000
132 100  0.3569  0.0000  0.0000
140 100  0.4606  0.0000  0.0000
148 100  0.0000 -0.5000  8.8276
156 100  1.1836 -0.5000  7.2874
164 100 -0.2280  0.0000  0.0000
172 100 -1.1044  0.0000  0.0000
180 100 -0.4087 -0.0535  7.8528
188 100  1.5248  0.0000  0.0000
196 100  2.3866  0.0000  0.0000
204 100  0.5102  0.0000  0.0000
212 100  0.0795  0.0000  0.0000
220 100 -0.1825 -0.2174 12.5315
228 100 -0.1793  0.0000  0.0000
236 100  0.1372  0.0000 11.1304
244 100  0.9355  0.0000  0.0000
252 100  1.5007  0.0000 16.1088
260 100  0.0000 -0.5000  8.8276
268 100  2.4431  0.0000  0.0000
276 100  3.7318  0.0000  0.0000
284 100  4.5000  1.5000  4.0635
292 100  2.0517  0.0000 11.1304
  4 108  0.0378 -0.0868 15.2803
 12 108  0.0751 -2.2876 10.5451
 20 108 -0.5000 -0.0825 10.4642
 28 108  0.2259  0.0134 13.2809
 36 108  0.8001  0.0000  0.0000
 44 108 -0.2780  0.1270 13.3759
 52 108  0.5000  0.0000  8.4768
 60 108  0.3228  0.0000 16.1088
 68 108  1.4848  0.0000  0.0000
 76 108  1.2061  0.0000  0.0000
 84 108  1.2236  0.0000 16.1088
 92 108  0.1905  0.0000  0.0000
100 108 -0.6477  0.0000  0.0000
108 108 -0.7045  0.0000 11.1304
116 108  0.8172  0.0000  0.0000
124 108  2.5000  0.0000  8.8276
132 108 -0.5000  0.0000 11.1304
140 108  0.4337  0.0578  8.8276
148 108  0.0261  0.0000  0.0000
156 108 -0.0677  0.2807  8.2399
164 108  0.4205  0.0000 11.1304
172 108  1.9789  0.0000  0.0000
180 108  3.5119  0.0000  0.0000
188 108 -0.3980  0.0000  0.0000
196 108  1.3436  0.0000  0.0000
204 108  2.5000  0.0000 11.1304
212 108  3.2826  0.0000  0.0000
220 108  1.8869  0.0000  0.0000
228 108 -0.3560  0.2060  4.0635
236 108 -1.3934  0.0000  0.0000
244 108 -0.8348  0.0000  0.0000
252 108  0.5650  0.0000  0.0000
260 108  2.5000  0.0000  8.8276
268 108  1.3070 -0.0337 12.4709
276 108  0.1625  0.0000  0.0000
284 108 -0.5000  4.5000  4.0635
292 108  2.5000 -0.5000  4.0635
  4 116  1.6413  0.0000  0.0000
 12 116  0.7137  0.0000 16.1088
 20 116  0.1085  0.0000  0.0000
 28 116 -0.1798 -0.0246 17.0238
 36 116 -0.7272  0.0000  0.0000
 44 116 -0.5000  0.0000 11.1304
 52 116  0.5841  0.0000  0.0000
 60 116 -0.0644  0.0000 11.1304
 68 116  0.5419  0.0000  0.0000
 76 116  0.0000 -0.5000  8.8276
 84 116 -0.1692  0.0000  0.0000
 92 116  0.1930 -0.1867 15.3090
100 116  2.5000  0.0731  8.9510
108 116  4.0641  0.0000  0.0000
116 116 -1.2141  0.0000  0.0000
124 116  0.0000  0.5000  7.8528
132 116  0.1960  2.5000 11.1304
140 116  2.2026  0.0000  0.0000
148 116  2.1284  0.0000  0.0000
156 116 -0.3290  0.0000  9.4815
164 116 -3.0693  0.0000  0.0000
172 116 -1.2929  0.0000  0.0000
180 116 -0.5000  0.0000  8.8276
188 116  0.8566  0.0000 11.1304
196 116  0.7057  0.0000 11.1304
204 116  0.0000  2.5000  8.8276
212 116  0.0000  4.5000  4.0635
220 116  1.1968  0.0000  0.0000
228 116  0.4446  0.0000  0.0000
236 116 -0.5000  0.0000  8.8276
244 116 -0.5437  0.0000  0.0000
252 116 -0.4612  0.0000  0.0000
260 116 -0.3143  0.0000 11.1304
268 116  0.6809  0.0000  0.0000
276 116  0.0418  0.1521 12.6567
284 116  0.2200  0.0000  0.0000
292 116  1.1838  2.5000  7.5779
  4 124  0.5533  0.0000  0.0000
 12 124  0.0697  0.0000  0.0000
 20 124 -0.0066  0.0000  0.0000
 28 124  1.0618  0.0000  0.0000
 36 124  2.2356  0.0000  0.0000
 44 124 -1.7147  0.0000 16.1088
 52 124  0.0000  2.5000  8.8276
 60 124  2.5000  0.0000  8.8276
 68 124  3.6411  0.0000  0.0000
 76 124  4.6601  0.0000  0.0000
 84 124  4.5000 -0.2391  8.2581
 92 124 -3.7362  0.1450  7.9834
100 124  0.0418 -0.1521 12.6567
108 124  0.0063  0.0000  0.0000
116 124 -0.0993 -0.0057  5.9050
124 124  0.2273  0.4192  5.4871
132 124  0.3327 -4.7486 12.3130
140 124  0.4065 -5.3162  8.8646
148 124  0.4804  0.0000  0.0000
156 124 -0.3279 -0.5000  8.7950
164 124 -0.5872  0.0000  0.0000
172 124 -0.6387  0.0000 11.1304
180 124 -0.5292  0.0000  0.0000
188 124 -0.1063  0.0000  6.9728
196 124  2.5000  0.0000  8.8276
204 124 -0.5000  0.0000  8.8276
212 124 -0.2731  0.0000  0.0000
220 124  0.4941  0.0000  0.0000
228 124  0.4200  0.0000 11.1304
236 124  0.0951  0.0000 12.2969
244 124 -0.5000 -0.1588 10.5785
252 124 -0.5000  4.5000  4.0635
260 124 -0.1933  2.5941  5.2245
268 124 -1.4916  0.0000  0.0000
276 124 -0.4025 -0.5000  7.3745
284 124  0.0000 -0.5000  8.8276
292 124  2.6675  0.0000  0.0000
  4 132  3.4834  0.0000  0.0000
 12 132  2.3295  0.0000  0.0000
 20 132 -1.0316  0.0000  0.0000
 28 132  0.0481  0.0000  0.0000
 36 132  0.1173  0.0000 11.1304
 44 132  0.0000  2.5000  8.8276
 52 132  0.0000 -0.5000  8.8276
 60 132 -0.6633  0.0000 11.1304
 68 132 -2.3677 -0.1145 12.8207
 76 132  0.0391  2.5000  9.3822
 84 132  0.3127  0.1061  9.8739
 92 132  0.1313  0.0812 16.9211
100 132 -0.2143  0.0000  0.0000
108 132 -0.1173  0.0000  0.0000
116 132  0.0000 -0.5000 11.1304
124 132  1.1247  0.0000  0.0000
132 132 -0.1225  0.0000 10.1191
140 132 -0.2697  0.0000  0.0000
148 132  0.0874  0.0000  0.0000
156 132  0.1597  0.0000  9.2850
164 132 -0.0175  0.0000  0.0000
172 132 -0.3328  0.0000  0.0000
180 132 -0.5906  0.0000 11.1304
188 132 -1.4239  0.0000  0.0000
196 132 -0.5192  0.0000  0.0000
204 132  1.4404  0.0000  0.0000
212 132  5.0000 -3.0000  4.2602
220 132  4.0216  0.0000  0.0000
228 132  2.4293  0.0000  0.0000
236 132  0.0000  4.5000  4.0635
244 132  0.0000  2.5000  8.8276
252 132  0.2081  0.0000  0.0000
260 132  0.0727  0.0000  0.0000
268 132  0.0440  0.0000  0.0000
276 132  0.8157  0.0000  0.0000
284 132  1.6816  0.0000 11.1304
292 132  2.5000  2.5000  7.6040
  4 140  1.8843  0.0000  0.0000
 12 140  1.0353  0.0000  0.0000
 20 140  0.3974  0.0000 11.1304
 28 140  0.0000 -0.5000  8.8276
 36 140  0.4070 -0.5000  6.9060
 44 140  0.0000 -0.5000  8.8276
 52 140  0.3043  0.0000  0.0000
 60 140 -0.0670  0.0000  0.0000
 68 140 -0.2191  0.0000  8.2581
 76 140  0.0000 -0.5000  8.8276
 84 140  0.1432 -5.1203  5.4468
 92 140  0.0418 -0.1521 12.6567
100 140  0.1272  0.0000  0.0000
108 140  0.1867 -0.5000  6.4178
116 140 -1.4356  0.0000 11.1304
124 140 -0.3309 -0.0637  7.1846
132 140 -0.1101  0.1469  7.1968
140 140  2.3783  0.0000  0.0000
148 140  2.5107  0.0000  0.0000
156 140  1.6005 -0.1773  7.1968
164 140 -0.0685  0.5000 11.8819
172 140 -0.2670  0.0000  0.0000
180 140  0.0000 -0.5000  8.8276
188 140 -0.1864  0.5000  6.9398
196 140 -0.2040 -0.1382 10.7735
204 140  1.2594  0.0000  0.0000
212 140  2.5000  0.0000  8.8276
220 140  2.9435  0.0000  0.0000
228 140  2.0745  0.0000  0.0000
236 140  0.9308  0.0000  0.0000
244 140  0.3256  0.0000  0.0000
252 140  0.1425  0.0000  0.0000
260 140  0.3495  0.0000  0.0000
268 140  0.1324  0.0000  0.0000
276 140  0.0133  0.0000  0.0000
284 140  0.0000  2.5000  8.8276
292 140 -0.1823  0.0000  0.0000
  4 148  0.1379  0.0000  0.0000
 12 148  0.6585  0.0000  8.4768
 20 148  0.1121 -0.5000  8.0842
 28 148  0.4337  0.0578  8.8276
 36 148  1.6870  0.0000  0.0000
 44 148 -0.5000  0.1588 10.5785
 52 148 -0.6667  0.0000  0.0000
 60 148 -0.5000 -0.5000  4.0635
 68 148  0.0288  0.0000 15.7166
 76 148  0.4224  0.0000  0.0000
 84 148 -0.2802 -0.0546 12.7691
 92 148 -0.8069  0.0000  0.0000
100 148 -0.9295  0.0000  0.0000
108 148 -0.5466  0.0000  0.0000
116 148 -0.5000  0.0448  8.9013
124 148  0.4251  0.0000 17.2183
132 148  1.5000  0.0000  8.2581
140 148  1.6557  0.0000  0.0000
148 148  2.0423  0.0000  0.0000
156 148  1.3070  0.0337 12.4709
164 148  0.1825 -0.2174 12.5315
172 148 -0.0576  0.0000  0.0000
180 148  0.0206  0.0000  0.0000
188 148  0.2780 -0.1270 13.3759
196 148  0.2136  0.0000  0.0000
204 148 -0.2254  0.0000 11.1304
212 148  0.1699  0.0000  0.0000
220 148 -0.1500  0.0000  0.0000
228 148  0.5941  0.0000  0.0000
236 148  3.0474  0.0000  0.0000
244 148  5.1203 -0.5000  5.4468
252 148 -0.5000  0.0000  8.8276
260 148  3.5000  0.5000  4.0635
268 148  2.0699  0.0000  0.0000
276 148 -0.6164  0.0000  0.0000
284 148 -0.4599  0.0000  0.0000
292 148 -0.1673  0.0000  0.0000
  4 156  0.3220  0.0000  0.0000
 12 156  0.3911  0.0000 11.1304
 20 156 -0.0698  0.2911 10.5124
 28 156 -0.7354  0.0000  0.0000
 36 156  0.3994  0.0000  0.0000
 44 156  1.7966  0.0000  0.0000
 52 156  1.9114  0.0000  0.0000
 60 156  1.3368  0.0000  0.0000
 68 156  0.2965  0.2632 10.8887
 76 156  1.1838  2.5000  7.5779
 84 156  0.6504  0.0000  0.0000
 92 156 -0.1335  0.0000  0.0000
100 156 -0.2395  0.0000  0.0000
108 156 -0.1840  0.0000 11.1304
116 156  0.0000 -0.5000  8.9154
124 156  0.2917  0.0000 11.1304
132 156 -0.5000  4.5000  4.0635
140 156  1.2424  0.0000  0.0000
148 156  0.0000 -0.5000  4.0635
156 156 -0.0391 -0.5000  9.3822
164 156  2.4325  0.0000 11.1304
172 156  3.9544  0.0000  0.0000
180 156  1.5000  0.0000  8.2581
188 156 -0.5000  0.0000 11.1304
196 156  0.4842  0.0000  0.0000
204 156 -0.0622  0.0000  0.0000
212 156 -0.1262  0.0000  0.0000
220 156  0.1916  0.0000  0.0000
228 156  1.0844  0.0000  0.0000
236 156  2.3590  0.0000  0.0000
244 156  3.5000 -0.1203  5.4468
252 156  0.0000 -0.5000  8.8276
260 156  1.6489  0.0000 11.1304
268 156  4.5000 -0.5000  4.0635
276 156  3.5922  0.0000  0.0000
284 156  2.0168  0.0000  0.0000
292 156  0.7366  0.0000  0.0000
  4 164  0.6492  0.0000  0.0000
 12 164  0.2783  0.0000 11.1304
 20 164 -0.1960  0.0000 11.1304
 28 164 -0.0287  0.0000  0.0000
 36 164 -0.2466  0.0000  0.0000
 44 164 -0.3811  0.0000  0.0000
 52 164 -0.3732  0.3694 10.3318
 60 164 -0.0832 -0.3131  9.8462
 68 164  4.1358 -5.1765  9.8918
 76 164  2.3677  0.1145 12.8207
 84 164  0.9814  0.0000  0.0000
 92 164  1.6703  0.0000  0.0000
100 164  2.1352  0.0000  0.0000
108 164  0.8371  0.0000  0.0000
116 164 -0.4680  0.0000  0.0000
124 164  0.1960  0.0000 11.1304
132 164  0.6841  0.0000  0.0000
140 164  0.0000  2.5000  8.8276
148 164  0.0928  0.0000  0.0000
156 164  0.8245  0.0000  0.0000
164 164  1.7294  0.0000 11.1304
172 164  2.0086  0.9873  5.4468
180 164  0.3983  0.0000  0.0000
188 164  1.3376  0.0000 11.1304
196 164  3.8996  0.0000  0.0000
204 164  3.4518  0.0000  0.0000
212 164  2.0040  0.0000  0.0000
220 164  0.9337  0.0000  0.0000
228 164  0.5819  0.0000  0.0000
236 164  0.5896  0.0000  0.0000
244 164  0.9213  0.0000  0.0000
252 164  1.0620  0.0000  0.0000
260 164  0.0333  0.0000  0.0000
268 164 -0.4120  0.0000  0.0000
276 164 -0.4045  0.0000  0.0000
284 164  0.0040  0.0000  0.0000
292 164  1.5268  0.0000  0.0000
  4 172  0.0000  2.5000  8.8276
 12 172  0.0273  0.0000 11.1304
 20 172  0.5937 -0.2391  8.2581
 28 172  0.7336  0.0000  0.0000
 36 172  0.0000  2.5000  8.8276
 44 172 -0.5139  0.0000  0.0000
 52 172 -0.3577  2.5000 13.4737
 60 172  1.1363  0.1769  5.9535
 68 172 -0.5000  0.5000  7.8168
 76 172 -0.4613  0.0000  0.0000
 84 172  0.0000  2.5000  8.8276
 92 172  0.3770  0.0000  0.0000
100 172  0.1180  2.5000  9.2850
108 172 -0.6252  0.0000  0.0000
116 172 -0.3468  2.5000 10.2045
124 172  2.7620  2.5000  9.9740
132 172  2.3112  0.0000  0.0000
140 172  1.1838  2.5000  7.5779
148 172  0.6980  0.0000  0.0000
156 172  0.4586  0.0000  0.0000
164 172  0.8572  0.0000 11.1304
172 172  2.1740  0.0000  0.0000
180 172  2.5000 -0.5000  4.0635
188 172  0.1760  0.0000 15.0588
196 172 -0.2718  0.0000 11.1304
204 172 -0.1322  0.0000  0.0000
212 172 -0.1862  0.0000  0.0000
220 172  0.1972  0.0000  0.0000
228 172 -0.4509  0.0000  0.0000
236 172 -0.3358  0.0000  0.0000
244 172  0.1324  0.0000  0.0000
252 172  0.1732  0.0000  0.0000
260 172 -0.1192  0.0000  0.0000
268 172 -0.5000  0.0000  8.8276
276 172 -0.7762  0.0000  0.0000
284 172  0.6577  0.0000  0.0000
292 172 -0.3540  0.0000 11.1304
  4 180 -0.5803  0.0000 11.1304
 12 180 -0.5000  0.0000  8.8276
 20 180 -0.3218  0.0000 11.1304
 28 180 -0.5202  0.0000 16.1088
 36 180 -0.9329  0.0000  0.0000
 44 180 -1.0843  0.0000  0.0000
 52 180 -0.1912  0.0000 12.4272
 60 180  0.3124  0.0000  0.0000
 68 180  0.1151  0.1151 16.5161
 76 180  0.5358  0.0000  0.0000
 84 180  0.1605  0.0000  0.0000
 92 180  0.5000  0.0000  8.4768
100 180  2.9151  0.0000  0.0000
108 180  2.4138  0.0000  0.0000
116 180  0.0000  2.5000  8.8276
124 180  0.1335  0.0000  0.0000
132 180  0.7758  0.0000  0.0000
140 180  0.0000 -0.5000  8.8276
148 180  0.0000 -5.0000 11.1304
156 180 -0.4271  0.0000  0.0000
164 180 -0.2920  0.0000  0.0000
172 180  0.2936  0.0000  0.0000
180 180  0.0356  0.0000  0.0000
188 180 -0.0418 -0.1521 12.6567
196 180 -0.5000 -0.5000  4.0635
204 180 -0.5418  0.0000  0.0000
212 180  0.2714  0.0000  0.0000
220 180 -0.1712  0.0000  0.0000
228 180 -0.3197  0.0000  0.0000
236 180 -0.2612  0.0000 11.1304
244 180 -0.2332  0.0000  0.0000
252 180 -0.2526  0.0000  0.0000
260 180 -0.2249  0.0000  0.0000
268 180 -0.7009  0.0000 11.1304
276 180 -0.5676  0.0000  0.0000
284 180 -0.1423  0.0000  0.0000
292 180  0.5088  0.0000  0.0000
  4 188  1.3070  0.0337 12.4709
 12 188  0.0842  0.0000  0.0000
 20 188  0.0000  2.7305  8.0000
 28 188  4.5000  4.5000  4.0635
 36 188  2.9977  0.0000  0.0000
 44 188  0.0000 -0.5000  8.8276
 52 188  0.8156  0.0000  0.0000
 60 188  2.5000 -0.1867  6.5641
 68 188  1.2854  0.0000  0.0000
 76 188  0.3527  0.0000  0.0000
 84 188 -0.3468  0.0000  0.0000
 92 188 -0.2213  0.0000 11.1304
100 188  1.0413  0.0000  0.0000
108 188 -0.1960  0.0000 11.1304
116 188 -0.2686  0.0000 16.1088
124 188  0.0000  5.0000 11.1304
132 188  0.7728  0.0000  0.0000
140 188  0.1782  0.0000 11.1304
148 188  0.0000  4.5000  4.0635
156 188 -0.0380  0.0000 13.5576
164 188  0.0832 -0.3131  9.8462
172 188  0.0000 -0.5000  8.8276
180 188  0.2780  0.1270 13.3759
188 188  1.5000  2.5000  7.4357
196 188  0.4929  2.5000  5.2245
204 188  0.0000  2.5000  8.8276
212 188 -0.1828  0.0000  0.0000
220 188  0.5742  0.0000  0.0000
228 188  1.3125  0.0000  0.0000
236 188  0.0819  0.0000  0.0000
244 188  0.1960 -0.5000 11.1304
252 188  4.6083  0.0000  0.0000
260 188  3.6300  0.0000  0.0000
268 188  1.1787  0.0000  0.0000
276 188  0.7985  0.0000  0.0000
284 188  1.6117  0.0000  0.0000
292 188  1.1795  0.0000  0.0000
  4 196  0.3863  0.0000 16.1088
 12 196 -0.4540  0.0000  0.0000
 20 196 -0.5000  0.0391  9.3822
 28 196  2.5000 -0.1588 10.5785
 36 196 -0.3916  0.0000  8.0000
 44 196 -0.0841  0.0000 16.1088
 52 196  1.4206  0.0000  0.0000
 60 196  2.6786  0.0000  0.0000
 68 196  0.2965  0.0000  0.0000
 76 196  0.1100  0.0000  0.0000
 84 196 -0.0470  0.0000  0.0000
 92 196 -0.2289  0.0000  0.0000
100 196 -0.5357  0.0000  0.0000
108 196 -0.1960  0.0000 11.1304
116 196  4.5000 -0.5000  4.0635
124 196  2.9374  0.0000  0.0000
132 196  0.9535  0.0000  0.0000
140 196 -0.5000  2.5000  8.4476
148 196  0.0000  4.5000  4.0635
156 196  1.1363 -0.1769  5.9535
164 196  0.1556  0.0000 12.2969
172 196  1.7622  0.0000 11.1304
180 196  5.8766 -1.5000  8.4321
188 196  3.6775  0.0000  0.0000
196 196  1.1684  0.0000 19.1045
204 196  0.0000  2.5000  8.8276
212 196  0.5490  0.0000  0.0000
220 196  0.7197  0.0000  0.0000
228 196  0.4722  0.0000  0.0000
236 196 -0.1256  0.0000  0.0000
244 196  0.0000  2.5000  8.8276
252 196  0.9643  0.0000  0.0000
260 196 -0.3511  0.0000  0.0000
268 196 -0.0279  0.0000  0.0000
276 196  2.5000  0.0000  8.8276
284 196  3.2615  0.0000 11.1304
292 196  0.4659  0.0000  0.0000
  4 204  0.2130  0.0000 11.1304
 12 204 -0.0030  0.0000  0.0000
 20 204 -0.2346  0.0000  0.0000
 28 204 -0.4032  3.5000  6.1440
 36 204 -0.1912  0.0000 12.4272
 44 204  3.0979  0.0000  0.0000
 52 204  3.0493  0.0000 16.1088
 60 204  1.2520  0.0000 11.1304
 68 204 -0.7967  0.0000  0.0000
 76 204 -2.1754  0.0000  0.0000
 84 204 -3.5000  0.0000  8.2581
 92 204 -1.4065  0.0000  0.0000
100 204 -0.3217  0.0000  0.0000
108 204  0.4043  0.4043  8.0000
116 204  0.5990  0.0000  0.0000
124 204  0.0000 -0.5000  8.8276
132 204 -0.5000 -5.0000  8.8276
140 204  0.0000 -0.5000  8.8276
148 204  0.3421  0.0000  0.0000
156 204  0.5000  0.0000 11.1304
164 204 -0.0685  0.3367 12.7421
172 204  0.0000  4.6564 12.4564
180 204 -0.1158  3.5000  7.0637
188 204 -0.9691  0.0000  0.0000
196 204 -1.5000  0.0000  8.2581
204 204  0.5000 -5.0000  8.4768
212 204  1.1953  0.0000  0.0000
220 204  0.5029  0.0000  0.0000
228 204  0.2636  0.0000  0.0000
236 204  0.0956 -0.1021  5.4468
244 204 -0.0602  0.1203  5.4468
252 204  0.0000  2.5000  8.8276
260 204  0.5986  0.0000 16.1088
268 204  2.4723  0.0000  0.0000
276 204  2.9150  0.0000  0.0000
284 204  1.3881  0.0000 11.1304
292 204 -0.4729  0.0000  0.0000
  4 212 -1.3926  0.0000 11.1304
 12 212 -1.1154  0.0000  0.0000
 20 212  0.9013  0.0000  0.0000
 28 212 -0.1825  0.2174 12.5315
 36 212  0.1960  0.0000 11.1304
 44 212 -0.5000  0.0000  8.8276
 52 212  0.0000  2.5000  8.8276
 60 212 -0.2481  0.0000  0.0000
 68 212 -0.1090  0.0000  0.0000
 76 212 -0.2083  0.0000  0.0000
 84 212 -0.5000 -0.5000  4.0635
 92 212  0.0000  2.5000  8.8276
100 212 -0.0832 -0.3131  9.8462
108 212 -0.1865  0.0000  0.0000
116 212 -0.2779  0.0000  0.0000
124 212  0.0000 -0.5000  8.8276
132 212 -0.5000  0.0000 11.1304
140 212  0.0000  2.5000  8.8276
148 212  0.2399 -4.7609  8.2581
156 212  0.1180 -0.5000  9.2850
164 212  0.0832 -0.3131  9.8462
172 212  0.0000 -0.5000  8.8276
180 212  0.1512  0.0000  0.0000
188 212  0.7258  0.0000  0.0000
196 212  1.8262  0.0000 11.1304
204 212  2.5000  4.5000  4.0635
212 212  1.0309  0.0000  0.0000
220 212 -0.5000 -0.5000  4.0635
228 212 -0.5222  0.0000  0.0000
236 212  1.2993  0.0000  0.0000
244 212  4.5000  4.5000  4.0635
252 212 -0.5000  4.5000  4.0635
260 212 -0.1960  0.0000 11.1304
268 212 -0.6160  0.0000  0.0000
276 212 -0.4542  0.0000 11.1304
284 212 -0.3022  0.0000  0.0000
292 212  0.0000  4.5000  4.0635
  4 220 -0.1853  0.0000 11.1304
 12 220 -0.3929  0.0000  0.0000
 20 220 -0.2140  0.0000  0.0000
 28 220 -0.2917  0.0000 11.1304
 36 220 -0.3069  0.0000 20.7059
 44 220 -0.1841  0.0418 12.3683
 52 220  0.0000  0.1960 11.1304
 60 220  1.0760  0.2391  8.2581
 68 220  3.5000 -0.1203  5.4468
 76 220 -0.3656  0.0000 11.1304
 84 220 -0.5000  0.0000  8.8276
 92 220 -0.2917  0.0000 11.1304
100 220 -0.1986  0.0000 16.1088
108 220 -0.1174 -4.1710 14.6131
116 220  0.0795  0.0000  0.0000
124 220  0.0000  2.5000  8.8276
132 220 -0.5000  4.5000  4.0635
140 220 -0.5000  4.5000  4.0635
148 220 -1.4221  0.0000 11.1304
156 220 -1.7298  0.0000 11.1304
164 220 -0.5000  0.0000  8.8276
172 220  3.4243  0.0000 11.1304
180 220  2.6102  0.0000  0.0000
188 220  2.5000  0.0000  8.8276
196 220 -0.1960  2.5000 11.1304
204 220 -0.9708  0.0000  0.0000
212 220 -0.7107  0.0000  0.0000
220 220 -0.2299  0.0000  0.0000
228 220 -0.1379  0.0000  0.0000
236 220 -0.2183  0.0000 11.1304
244 220 -0.2568  0.0627  8.5469
252 220 -0.4927  0.0000  0.0000
260 220 -0.6144  0.0000 11.1304
268 220 -0.3804  0.0000  0.0000
276 220  0.5000  0.0000 11.1304
284 220  2.5461  0.0000  0.0000
292 220  5.7961  0.0000  0.0000
