VARIABLES= "X pix", "Y pix", "U pix/dt", "V pix/dt", "CHC", ZONE I=28, J=37
  4   4  0.0383 -0.0247  9.7118
 12   4 -0.1469  0.0000  8.5320
 20   4 -0.1375  0.0000  8.5320
 28   4  0.0111  0.0163  8.6332
 36   4  0.0525  0.0000  8.8141
 44   4  0.0121 -0.0030  8.8072
 52   4 -0.0665  0.0249  9.0427
 60   4  0.0000  0.0262  9.8845
 68   4 -0.0066 -0.0103 10.1505
 76   4  0.0110  0.0000 10.9491
 84   4  0.0160  0.0000 10.9491
 92   4 -0.0024 -0.0039 11.0207
100   4  0.0633  0.0138 10.9405
108   4  0.0000 -0.0223 11.4003
116   4 -0.0099  0.0519 12.8997
124   4 -0.0000 -0.0049 11.3552
132   4  0.0515  0.0000 11.2712
140   4  0.0000  0.0449 11.0202
148   4  0.0015  0.0000 11.9483
156   4 -0.0102  0.0040 11.5784
164   4 -0.0110 -0.0127 11.2854
172   4  0.0039  0.0408 10.3725
180   4 -0.0030  0.1020 10.6746
188   4  0.0000  0.1053 10.7714
196   4 -0.0081  0.0049 10.1992
204   4  0.0547 -0.0041 10.2292
212   4 -0.0054  0.1156 10.1985
220   4 -0.1710 -0.0068 10.0243
228   4 -0.0925  0.0000 10.1740
236   4  0.0000 -0.0156 12.6826
244   4 -0.1285  0.1084 10.8169
252   4 -0.0036  0.0045 12.3241
260   4  0.0122  0.0924 11.1554
268   4  0.0000  0.1217 10.9491
276   4  0.0000  0.4701  7.4613
284   4  0.1298  0.6027  8.9804
292   4  0.0114  0.8007  9.9880
  4  12  0.0537  0.0000  9.7494
 12  12  0.1669  0.0000 14.4906
 20  12  0.2506  0.0000 11.6053
 28  12  0.2295  0.7664  7.4619
 36  12  0.0000 -0.1556 13.2207
 44  12  0.1320  0.0000  8.7810
 52  12  0.6791  0.0000  8.7810
 60  12  0.4259  0.0000 17.7968
 68  12  0.0000 -0.4062  9.5908
 76  12  0.0000  0.2749  9.8884
 84  12 -0.0602 -0.1086  7.3006
 92  12 -0.1941 -0.0918  7.3040
100  12  0.1667  0.5746 17.1911
108  12 -0.0389  0.6440 13.4998
116  12 -0.0077  0.0071  9.4074
124  12  0.0000  0.0904  8.3398
132  12  0.0000  0.2168  7.9861
140  12  0.0000  0.0916  8.2019
148  12  0.0000  0.0825  8.6050
156  12 -0.0748  0.0448  7.9273
164  12  0.6176  0.6410 16.9723
172  12 -0.1818  1.1185  6.2560
180  12  0.0515  0.1733  9.3046
188  12 -0.0182  0.0649 10.3896
196  12  0.0309  0.0055 12.0385
204  12  0.1506 -0.0631 11.9302
212  12  0.0125  0.1727 12.5165
220  12 -0.2302  0.0811 12.8283
228  12  0.0000  0.0859 15.0588
236  12  0.2284 -0.0570 14.3874
244  12  0.3802 -0.0054 10.4439
252  12 -0.1323  0.2900 10.6947
260  12  0.1846  0.0888  7.5817
268  12  0.0777  0.0527  9.1683
276  12  1.2550 -0.0133 13.8667
284  12  0.6721  0.0000  8.8276
292  12  0.1307 -0.1565 10.4490
  4  20 -0.0319  0.0473 17.3065
 12  20  0.0247  0.0553 17.3599
 20  20  0.0198  0.1734 15.3015
 28  20 -0.0435  0.0515 14.7032
 36  20 -0.0104  0.0459 14.4175
 44  20  0.0305  0.0491 13.1542
 52  20 -0.0134  0.0178 12.5901
 60  20  0.0000  0.0091 12.6341
 68  20  0.0234  0.0109 12.5449
 76  20 -0.0047  0.0477 11.9786
 84  20 -0.0100  0.0414 12.2253
 92  20  0.0239  0.0717 11.5255
100  20 -0.0516  0.0339 11.2973
108  20  0.1001  0.0457 15.4137
116  20  0.0423  0.0654 11.7099
124  20  0.0074  0.0395 11.2650
132  20  0.0025  0.0265 10.9833
140  20 -0.0315  0.0749 12.9966
148  20  0.1942  0.1026 13.4313
156  20  0.0632  0.6824 17.7187
164  20  0.1458  0.6922 22.3873
172  20  1.1158  0.4579 14.8501
180  20  0.3347  0.1373 32.7721
188  20  0.0148  0.1186 13.3253
196  20 -0.0270  0.1313 15.1301
204  20  0.0582  0.1419 15.5742
212  20  0.0205  0.1319 16.9253
220  20 -0.0030  0.1466 16.1944
228  20  0.0403  0.1281 14.6437
236  20  0.0142  0.1775 15.4451
244  20  0.0941  0.1892 16.3430
252  20  0.0541 -0.0014 17.9560
260  20 -0.0027 -0.0013 16.9598
268  20  0.2196  0.1142 20.9312
276  20 -0.1950  0.0427 17.5654
284  20 -0.0619  0.1264 21.5609
292  20 -0.0773  0.0763 20.8549
  4  28  0.0071  0.0041  7.6272
 12  28 -0.0052  0.0309  9.5786
 20  28  0.0182  0.0699  9.1212
 28  28  0.0398 -0.0086  7.4655
 36  28 -0.0048 -0.1187  7.1759
 44  28 -0.1457  0.0111  6.7667
 52  28  0.1025 -0.0640  7.1776
 60  28 -0.0892 -0.0694  6.9541
 68  28 -0.0400  0.1263  6.4115
 76  28 -0.0010 -0.1158  6.9923
 84  28  0.0000 -0.1027  9.3107
 92  28  0.0000  0.1308 10.4648
100  28 -0.0577  0.0412  7.5640
108  28 -0.0564  0.0347  7.2970
116  28  0.0027 -0.0129  9.0943
124  28  0.0104  0.2341  6.5485
132  28  0.1112  1.7646 10.0147
140  28 -0.3508  2.7567 13.8915
148  28  0.2297  0.2744  5.9675
156  28  0.3574  0.2972 11.5318
164  28  0.4445  0.0519 15.1744
172  28  0.8139  0.2213 10.7411
180  28  0.1984  0.0993 10.9860
188  28  0.6448 -0.0365 10.9409
196  28  0.1189 -0.0466 11.7237
204  28 -0.0101 -0.2709 10.9606
212  28 -0.0986 -0.0359  8.7544
220  28 -0.2338 -0.0712  8.5090
228  28 -0.0475  0.1050 10.5270
236  28  0.1725  0.0307  8.5989
244  28  0.0481 -0.1260  8.2253
252  28  0.0601 -0.0881  6.3249
260  28  0.1020 -0.1557  6.0070
268  28  0.0655  0.0946  5.7555
276  28 -0.0440 -0.0827  6.7304
284  28  0.0964 -0.0037  8.8761
292  28  0.0776 -0.1052  6.5238
  4  36  2.5000  0.1588 10.5785
 12  36  0.2637 -0.0367 10.8805
 20  36  0.0358 -0.3178  9.6865
 28  36 -0.1867  0.0000 10.8982
 36  36 -0.2077  0.0000 12.8227
 44  36 -0.0241 -0.0153 15.4955
 52  36 -0.1260 -0.0238 10.1509
 60  36 -0.0739 -0.1566  9.4248
 68  36  0.0000 -0.2044  8.1249
 76  36 -0.3645 -0.0627  6.8945
 84  36  0.1184  0.8453 14.7692
 92  36  0.2633  0.0000 16.1088
100  36  0.4076  0.0000 16.1088
108  36  0.2040  0.0000 11.1304
116  36  0.3909  0.0000 11.1304
124  36  0.2155  0.0000  0.0000
132  36  0.0712  0.0000 16.1088
140  36 -0.0703  0.0000  0.0000
148  36  0.3288  0.0138  5.8349
156  36  0.2355  0.3353 11.9212
164  36  0.3039  0.4410 10.2836
172  36  0.2286  0.1594 12.8116
180  36  0.2056 -0.0035 13.3127
188  36 -0.6445  0.1129  8.5995
196  36 -0.1024  0.2676  7.8785
204  36  0.0094  0.1175  8.2461
212  36  0.0055  0.1310  9.4313
220  36  0.3365  0.0000 12.1422
228  36  1.1291  0.0000 12.4405
236  36  0.0613  0.1632 15.2549
244  36  0.1834 -0.0445 14.0438
252  36 -0.0588  0.0000 10.8982
260  36 -0.2188  0.3086  9.9070
268  36  0.0520  0.2072 11.4040
276  36 -0.2141  0.0341 12.3209
284  36  0.1448  0.2007 15.1175
292  36 -0.1119  0.0160 14.7320
  4  44  0.1004  0.1395 10.7346
 12  44  0.0817  0.0523  8.8857
 20  44 -0.0297  0.0145  9.3426
 28  44 -0.0666 -0.1424  8.1896
 36  44 -0.0488 -0.8114  8.6904
 44  44  0.0717  0.0000  0.0000
 52  44  0.1973  0.0000  0.0000
 60  44  0.0000  5.1960 11.1304
 68  44 -0.5000  4.5000  4.0635
 76  44  0.0048  0.0000 11.1304
 84  44  0.2625  0.0000 11.1304
 92  44  0.0548  0.0000 10.1947
100  44 -0.1565  0.0000 16.1088
108  44 -0.1683  0.0000  0.0000
116  44 -0.4694  0.0000  0.0000
124  44 -0.3196  0.0000  0.0000
132  44 -0.3010  0.0000  0.0000
140  44 -0.3970  0.3180  5.7571
148  44  0.1936  0.1692  8.1952
156  44  0.0440  0.7218 13.3521
164  44  0.0973  0.8622  9.8408
172  44  0.3595  0.6678  9.1955
180  44  0.2564  0.0942 11.2886
188  44  0.1443 -3.5000  5.9127
196  44  0.0000 -0.0965 20.1348
204  44  0.0563  0.0416 15.1354
212  44 -0.1281  0.0057 12.5418
220  44 -0.0444  0.2748 13.7527
228  44 -0.2112  0.1223 10.3561
236  44  0.1477  0.1118 11.7866
244  44  0.0337 -0.2057 11.4524
252  44 -0.1679  0.2024 10.8606
260  44  0.0444 -0.0069 11.4486
268  44 -0.1368  0.0805 16.9873
276  44  0.1488 -0.0668 12.4307
284  44 -0.3026  0.1239 15.9656
292  44 -0.0930  0.0946 15.5572
  4  52  0.0408  0.0000  0.0000
 12  52  0.1834  0.0000  0.0000
 20  52  0.0000 -0.5000  8.8276
 28  52 -0.5000  2.5000  4.0635
 36  52 -0.2989  0.0000  0.0000
 44  52 -0.1666  0.0000  0.0000
 52  52 -0.2690  0.0000 11.1304
 60  52 -0.2120  0.0000  0.0000
 68  52 -0.1036  0.0000  0.0000
 76  52  0.0000  0.1960 11.1304
 84  52 -0.5000  0.0000  8.8276
 92  52  0.0965  0.0408 12.1481
100  52  0.3251  0.2733 11.3633
108  52  0.7302  0.0000  0.0000
116  52  0.2635  0.2067 12.6081
124  52  0.0000  0.5000  7.3143
132  52  0.3127 -0.1061  9.8739
140  52  0.5000 -0.3019 11.1304
148  52 -0.1926 -0.0390  7.9404
156  52  0.0560  0.1125  5.3833
164  52  0.1306 -0.0439  6.2939
172  52 -0.2235  0.2107  6.3786
180  52  0.0064  0.1269  6.7616
188  52  0.3147  0.7765  7.7576
196  52 -0.0178  0.0000  0.0000
204  52 -0.0724  0.0000  0.0000
212  52 -0.1000  0.0000  0.0000
220  52  0.1881  0.0000  0.0000
228  52  0.0558  0.0000  0.0000
236  52  0.0361  0.1020  8.0523
244  52 -0.3805  0.2014  8.4505
252  52 -0.0202 -0.0745  9.8807
260  52 -0.0187 -0.1617 14.8458
268  52  0.2811 -1.4066  7.6679
276  52 -0.2157  0.0689  7.4724
284  52 -0.0747  0.0000 10.8982
292  52  0.1859 -0.0316  8.8145
  4  60 -0.2033  0.0000 16.1088
 12  60 -0.7861  0.0000  0.0000
 20  60 -0.1798 -0.0246 17.0238
 28  60  3.4179 -0.0666 10.9194
 36  60  2.3904  0.0000 11.1304
 44  60  1.6074  0.0000  0.0000
 52  60  2.5000  0.0000  8.8276
 60  60  1.1142  0.0000  0.0000
 68  60 -0.1063  0.0000  6.9728
 76  60 -4.5000 -0.1174 13.8795
 84  60  0.1289  0.0737 10.1434
 92  60  0.3047  1.2190 10.5097
100  60  0.2726  0.1509  9.0257
108  60  0.4006  0.2285  9.4815
116  60  0.5000  0.0000  8.4768
124  60 -0.3091  0.0000 11.1304
132  60 -0.2780 -0.1270 13.3759
140  60  0.0000 -0.5000  8.8276
148  60  0.4504 -0.1457 10.1694
156  60  0.0000 -0.0855 10.6035
164  60 -0.1300  0.0000 12.0628
172  60 -0.2258  0.0000 16.1088
180  60 -0.1711  0.2105 10.2960
188  60 -0.0563  0.0000  0.0000
196  60  0.0824  0.0000  0.0000
204  60 -0.2971  0.0000  0.0000
212  60 -0.0968  0.0000  0.0000
220  60  0.2214  0.0000  0.0000
228  60 -0.4042  0.0000  0.0000
236  60 -1.5144  0.0000  0.0000
244  60 -2.9389  0.0000 11.1304
252  60 -4.8217 -0.1757 11.4073
260  60  0.1841  0.0418 12.3683
268  60  0.0490  0.3897  8.6154
276  60  0.1363  0.0708 15.4303
284  60  0.0000  2.5000  8.8276
292  60 -0.7840  0.0000  0.0000
  4  68 -2.7977  0.0000  0.0000
 12  68 -0.8839  0.0000  0.0000
 20  68 -0.5000  0.0391  9.3822
 28  68  0.5107  0.0000 12.0628
 36  68  0.5000  0.0000  8.4768
 44  68 -5.0000 -5.9031  9.3907
 52  68 -2.0819  0.0000  0.0000
 60  68  0.2697  2.9377  8.3068
 68  68  0.0101  0.1146 17.4161
 76  68 -0.1963  0.5947  8.5906
 84  68  0.2419  0.3324  7.9674
 92  68  0.3197  0.4881  7.2191
100  68  0.1897  0.0728 10.6871
108  68  0.0000 -0.3764  7.3143
116  68 -0.1132  0.0000 12.0628
124  68  0.0000 -0.5000  8.8276
132  68 -0.5000 -0.1588 10.5785
140  68 -0.0951  0.0000 12.2969
148  68  0.5000 -0.2012  9.9121
156  68 -0.1154  0.0000 11.1304
164  68 -0.6128  0.0000  0.0000
172  68 -0.5000  0.0000  8.8276
180  68 -0.3681 -0.3881  9.7710
188  68  5.5000  0.0000  4.0635
196  68  2.6986  0.0000  0.0000
204  68  1.8239  0.0000  0.0000
212  68  2.5000  0.0000  8.8276
220  68  0.4251  0.0000  0.0000
228  68 -0.8326  0.0000  0.0000
236  68 -0.0850  0.0000  0.0000
244  68  0.4986  0.0000  0.0000
252  68  0.8849  0.0000  0.0000
260  68  1.0067  0.1881  5.4468
268  68 -0.3468 -1.0000 10.2045
276  68 -0.1270  0.0981  7.3935
284  68  0.0315  0.7070  9.2243
292  68  0.2496  0.1579 13.9825
  4  76  0.8661  0.0000  0.0000
 12  76  1.1899  0.0000  0.0000
 20  76  1.4017  0.0000  0.0000
 28  76  0.2093  0.0299 13.0089
 36  76 -0.0778 -0.3485  9.1399
 44  76 -0.3390 -0.3885  7.2325
 52  76 -0.0972  0.1521 10.3270
 60  76 -0.0174 -0.0405 10.9350
 68  76  0.5659 -0.1255 12.1442
 76  76 -0.0569  0.0176 17.8000
 84  76 -0.3467  0.0000  0.0000
 92  76 -0.5522  0.0000  0.0000
100  76 -0.5263  0.0000  0.0000
108  76 -0.5000 -0.1588 10.5785
116  76 -0.1140  1.6597 10.8222
124  76 -0.0418 -0.1521 12.6567
132  76  0.2524  0.0000 16.1088
140  76 -0.3103  0.1925  7.4960
148  76 -0.4667  0.1961 13.3659
156  76 -0.0835  0.0429 12.3294
164  76  0.9239  0.0000 11.1304
172  76  1.6400  0.0000 16.1088
180  76  0.7333  0.0000  0.0000
188  76  0.7022  0.0000  0.0000
196  76  0.1862  0.0000  0.0000
204  76  0.0000  2.5000  8.8276
212  76 -0.1960 -0.5000 11.1304
220  76  4.5000  0.2391  8.2581
228  76  3.0728  0.0000  0.0000
236  76  2.3603  0.0000  0.0000
244  76  2.5588  0.0000  0.0000
252  76  0.2080  0.0000  0.0000
260  76  0.0336 -0.2569  5.4468
268  76 -0.0418 -0.1521 12.6567
276  76  0.0000 -0.5000  8.8276
284  76  0.0248  0.0000  0.0000
292  76  0.4192  0.0000  0.0000
  4  84  0.2605  0.0000  0.0000
 12  84  0.0000  2.5000  8.8276
 20  84 -0.1123 -0.0711 13.6764
 28  84 -0.1439  0.0853 11.4193
 36  84  0.0217  0.0000 11.1304
 44  84  0.0000 -0.5000  8.8276
 52  84  0.0209  0.0000 17.0667
 60  84  0.4010  0.0396 12.1813
 68  84 -0.2539  0.0000  0.0000
 76  84 -0.4172  0.0000 11.1304
 84  84  0.2455  0.0000  0.0000
 92  84  1.3923  0.0000 11.1304
100  84  2.5000 -0.1180  9.2850
108  84 -0.2298  0.1898 13.8795
116  84  0.1562 -0.2821  7.0932
124  84 -0.1960  0.0000 11.1304
132  84  0.0730  0.0843 13.8440
140  84  0.3006  1.7171  6.4322
148  84 -0.1533  1.5000  8.0910
156  84  1.0983  0.0000  0.0000
164  84  1.8634  0.0000 11.1304
172  84  3.1234  0.0000  0.0000
180  84  0.1516  0.0000  0.0000
188  84  0.0514  0.0000  0.0000
196  84 -0.0169  0.0000  0.0000
204  84  0.3851  0.0000  0.0000
212  84  0.0000  2.5000  8.8276
220  84  0.5000 -0.1654 13.8575
228  84  1.1241  0.0000  0.0000
236  84  1.4318  0.0000  0.0000
244  84  1.8494  0.0000 11.1304
252  84  2.5000  0.0000  8.8276
260  84  1.4646  0.0000  8.4768
268  84  0.6642  0.0000 19.4783
276  84  0.3608  0.0000  0.0000
284  84  0.4477  0.0000 11.1304
292  84  0.2367  0.0000  0.0000
  4  92  0.0000 -1.8899  8.5742
 12  92  0.0698 -0.2911 10.5124
 20  92  0.2271 -0.5000  9.5143
 28  92  0.4025  2.5000  7.3745
 36  92 -0.6306 -0.1105 11.2757
 44  92  0.2511  0.8263  6.5247
 52  92 -0.2049  0.0587 15.7290
 60  92 -0.4278  0.0618  9.8694
 68  92 -0.2334  0.6983  8.2885
 76  92  0.6055  0.6441  9.4705
 84  92  0.6759  0.0000 10.2400
 92  92  1.2023  0.0000 16.1088
100  92  3.1843  0.0000 11.1304
108  92  0.0000  2.5000  8.8276
116  92  0.0000  2.5000  8.8276
124  92 -0.2611  0.1717 14.2724
132  92  1.0402 -0.1262  6.9387
140  92  0.2931  0.0000 11.1304
148  92  0.4201  0.0000  0.0000
156  92  1.9668  0.0000  0.0000
164  92  2.4097  0.0000  0.0000
172  92  2.4995  0.0000  0.0000
180  92  2.4651  0.0000 11.1304
188  92  1.5441  0.0000  0.0000
196  92  0.6928  0.0000  0.0000
204  92  0.3764  0.0000  0.0000
212  92  0.5390  0.0000  0.0000
220  92  1.1253  0.0000 16.1088
228  92  2.5000  0.1067  7.3143
236  92  0.0000  2.5000  8.8276
244  92  0.0000  2.5000  8.8276
252  92  0.5000  4.5000  4.0635
260  92  5.0000  2.5000  8.8276
268  92  2.4119  0.0000  0.0000
276  92 -0.5000  0.0000  8.8276
284  92 -0.9525  0.0000  0.0000
292  92 -0.7763  0.0000  0.0000
  4 100 -0.1818  0.5000 10.2662
 12 100  0.0793  0.1053  9.8054
 20 100  0.0983 -0.6879  9.3209
 28 100  2.5000 -2.0000  8.8276
 36 100 -0.2491  0.1257 11.5459
 44 100 -0.1469  0.0000 11.1304
 52 100 -0.5524  0.0000  8.0688
 60 100  0.0000 -0.5000  8.8276
 68 100 -0.4696  0.0000  1.0000
 76 100 -0.5000 -5.0391  9.3822
 84 100  2.5000 -0.1867  6.5641
 92 100  2.5478  0.0000 16.1088
100 100  2.0657  0.0000 11.1304
108 100  1.5909  0.0000 11.1304
116 100  0.8094  0.0000  0.0000
124 100  0.1017  0.0000 19.1045
132 100 -0.0689  0.0000  0.0000
140 100 -0.1072  0.0000  0.0000
148 100 -0.3468  2.5000 10.2045
156 100 -0.1050  2.5000  6.8903
164 100 -0.7617  0.0000  0.0000
172 100 -0.8558  0.0000  0.0000
180 100 -0.5000  4.5000  4.0635
188 100  2.5000  4.5000  4.0635
196 100  1.7523  0.0000  0.0000
204 100  0.0187  0.0000  0.0000
212 100 -0.4989  0.0000  0.0000
220 100  0.0000  2.5000  8.8276
228 100  2.5000  0.0000  8.8276
236 100  1.0872  0.0000 11.1304
244 100  0.0508  0.0000  0.0000
252 100 -0.1841 -0.0418 12.3683
260 100  2.5000  0.0000  8.8276
268 100  0.6958  0.0000  0.0000
276 100 -0.5000 -5.0000  8.8276
284 100 -0.1463  0.0000  0.0000
292 100 -0.4378  0.0000 11.1304
  4 108 -0.5000  0.0000  8.8276
 12 108  1.2830  0.0000 11.1304
 20 108  1.4100  0.0000  9.2086
 28 108  0.7888  0.0000 13.0803
 36 108  0.4374  0.0000 17.0667
 44 108 -0.0378  0.0868 15.2803
 52 108 -0.5000  0.0286  6.3232
 60 108 -0.2412  0.0000  0.0000
 68 108  0.0000 -0.5000  8.8276
 76 108  0.3321  0.1276 10.3409
 84 108 -0.4043 -0.4043  8.0000
 92 108 -0.7152  0.0000 11.1304
100 108 -0.7321  0.0000 11.1304
108 108 -0.4211  0.0000 11.1304
116 108  0.8351  0.0000 16.1088
124 108  0.7192  0.0000 16.1088
132 108  0.1151  0.0000  0.0000
140 108 -0.0391 -0.5000  9.3822
148 108  0.3468 -0.5000 10.2045
156 108  0.1421  0.0000  8.9363
164 108  0.0323  0.0000  0.0000
172 108 -0.2815  0.0000  0.0000
180 108 -0.6705  0.0000  0.0000
188 108  3.2294  0.0000  0.0000
196 108  1.9133  0.0000  0.0000
204 108  1.3405  0.0000  0.0000
212 108  1.4000  0.0000  0.0000
220 108  0.6583  0.0000  0.0000
228 108  0.2103  0.0000  0.0000
236 108  0.9924  0.0000  0.0000
244 108  0.5280  0.0000  0.0000
252 108 -0.5000  4.5000  4.0635
260 108 -0.3371  0.0000  0.0000
268 108 -0.2475  0.0000 16.1088
276 108  0.0000  2.5000  8.8276
284 108  0.1293  0.0000  0.0000
292 108 -0.5000  0.0000  8.8276
  4 116  0.1495  0.0000  0.0000
 12 116  0.1841 -0.0418 12.3683
 20 116 -0.1235  0.0000 17.0667
 28 116 -0.1841  0.0418 12.3683
 36 116 -0.2123  0.0000  0.0000
 44 116  0.0973  0.0000  0.0000
 52 116  0.0000 -0.5000  8.8276
 60 116  0.0000 -0.5000  8.8276
 68 116  0.0000  2.5000  8.8276
 76 116 -0.5000  0.0000  8.8276
 84 116 -0.6992  0.0000  0.0000
 92 116 -0.4908  0.0000  0.0000
100 116 -0.2248  0.0000 11.1304
108 116  0.0000  2.5000  8.8276
116 116  2.6556  0.0000  0.0000
124 116  2.5000  5.0000  8.8276
132 116  2.9735  0.0000  0.0000
140 116  3.4340  0.0000  0.0000
148 116  1.7991  0.0000  0.0000
156 116  0.6735 -0.3471  8.0688
164 116  1.6706  0.0000  0.0000
172 116  0.5165  0.0000  0.0000
180 116 -0.8753  0.0000  0.0000
188 116 -0.3392  0.0000  0.0000
196 116 -0.2052  0.0000  0.0000
204 116  0.4582  0.0000  0.0000
212 116  1.6470  0.0000  0.0000
220 116  0.9550  0.0000  0.0000
228 116  0.6696  0.0000  0.0000
236 116  0.4318  0.0000  0.0000
244 116  0.1408  0.0000  0.0000
252 116 -0.0022  0.0000 11.1304
260 116 -0.0728  0.0000  0.0000
268 116  0.0000 -0.5000  8.8276
276 116  0.0514  0.0000 11.1304
284 116  0.0998  0.0000 16.1088
292 116  1.0000  0.0000  9.2850
  4 124  0.6811  0.0000 16.1088
 12 124 -0.3475  0.0000  0.0000
 20 124  0.0000  2.5000  8.8276
 28 124  0.2845  0.0000  0.0000
 36 124  0.4726  0.0000  0.0000
 44 124  1.3826  0.0000  0.0000
 52 124  1.5000  0.3323 11.1304
 60 124  3.1814  0.0000 16.1088
 68 124  4.5000 -0.5000  4.0635
 76 124  1.8202  0.0000  0.0000
 84 124  0.3308  0.1127 11.8471
 92 124  2.8274 -0.3035  7.6077
100 124  0.6368  0.0000 16.1088
108 124 -1.5000  0.0000  8.2581
116 124  0.0870 -0.0375  4.1772
124 124 -0.2415 -4.1384  3.9083
132 124  0.3577  2.5000  7.9175
140 124  3.0000  0.3324  6.6627
148 124  1.7314  0.0000  0.0000
156 124  0.8720  0.0000 12.0628
164 124  0.4050  0.0000  0.0000
172 124  0.1128  0.0000 11.1304
180 124  0.0000 -0.5000  8.8276
188 124  0.0236  0.0000 16.1088
196 124  0.1656  0.0786 10.7522
204 124  0.1841 -0.0418 12.3683
212 124 -0.5000  0.0391  9.3822
220 124  0.6254  0.0000  0.0000
228 124  1.5000 -0.0836  9.2702
236 124  0.0194  0.2035 10.7680
244 124  2.5000  0.1588 10.5785
252 124  1.1509  0.0000 11.1304
260 124  0.6998  0.0000  0.0000
268 124  0.9722  0.0000  0.0000
276 124  1.3419  0.0000  0.0000
284 124  1.5971  0.0000  0.0000
292 124 -0.3290 -2.8274  8.0000
  4 132 -0.3817  0.0000  0.0000
 12 132 -0.1614  0.0000  0.0000
 20 132  1.0484  0.0000  0.0000
 28 132 -0.0333  0.0000  0.0000
 36 132 -1.1596  0.0000  0.0000
 44 132 -0.2950  0.0000 16.1088
 52 132  0.1960  0.0000 11.1304
 60 132 -0.1661  0.0000 11.1304
 68 132  0.0000 -0.5000  8.9154
 76 132  0.0913 -0.2044 18.7317
 84 132  0.1138 -0.1378 11.4627
 92 132 -0.0105  0.0000  9.2850
100 132 -0.1563  0.0000  0.0000
108 132 -0.1854  0.0000  0.0000
116 132  0.0000 -0.2120  7.1111
124 132  0.2805  0.0000  0.0000
132 132  0.0713  0.1285 14.3224
140 132  0.0000  0.1151  9.2086
148 132 -0.3872  0.0000  0.0000
156 132 -0.7389 -0.5000  8.0688
164 132 -0.4850  0.0000  0.0000
172 132  0.6582  0.0000  0.0000
180 132 -0.1960  0.0000 11.1304
188 132  0.3732  0.3694 10.3318
196 132  0.5800  0.0000  0.0000
204 132  1.5796  0.1203  5.4468
212 132  2.5000 -5.5000  5.4468
220 132  0.9450  0.0000  0.0000
228 132 -0.3195  0.0000  0.0000
236 132 -0.2377  0.0000  0.0000
244 132  0.0629 -0.3814  4.0635
252 132 -0.5644  0.0000  0.0000
260 132 -1.1838  2.5000  7.5779
268 132 -0.8945  0.0000  0.0000
276 132 -0.5418  0.0000  0.0000
284 132 -0.6171  0.1203  5.4468
292 132 -0.5847  0.0000  0.0000
  4 140 -0.4049  0.0000  0.0000
 12 140 -0.2788  0.0000  0.0000
 20 140 -0.3028  0.0000  0.0000
 28 140 -0.3791  0.0000 11.1304
 36 140 -0.3468  2.5000 10.2045
 44 140  0.0000  2.5000  8.8276
 52 140  1.3730  0.0000  0.0000
 60 140  2.2528  0.0000  0.0000
 68 140  1.4144  0.0000  8.2581
 76 140  0.1068  0.3135 15.1963
 84 140  0.1434  2.5000  8.3934
 92 140 -0.2081  0.1864  9.6241
100 140 -0.0940  0.0000  0.0000
108 140 -0.3169  0.0000  0.0000
116 140  0.5000  0.0000  8.4768
124 140 -0.9192  0.0000  8.4768
132 140  0.3100  0.1230  9.3996
140 140  0.9987  0.0000  0.0000
148 140  2.4509  0.0000  0.0000
156 140  0.1960  2.5000 11.1304
164 140  0.2136  0.2159 14.8252
172 140  0.1358  0.0000  0.0000
180 140 -0.1180  2.5000  9.2850
188 140  0.1960 -0.5000 11.1304
196 140 -0.7961  0.0000  0.0000
204 140 -0.8565  0.0000  0.0000
212 140 -0.7042  0.0000  0.0000
220 140 -0.4435  0.0000  0.0000
228 140 -0.2722  0.0000  0.0000
236 140 -0.2394  0.0000  0.0000
244 140 -0.3043  0.0000  0.0000
252 140 -0.3371  0.0000  0.0000
260 140 -0.0998  0.0000  0.0000
268 140  0.7424  0.0000  0.0000
276 140  2.5338  0.0000  0.0000
284 140  4.5000  4.5000  4.0635
292 140  3.0911  0.0000  0.0000
  4 148  1.9879  0.0000  0.0000
 12 148  1.2885  0.0000  0.0000
 20 148  0.3758  0.0000 16.1088
 28 148 -0.2887  0.0000 16.1088
 36 148 -0.6802  0.0000 16.1088
 44 148 -0.5296  0.0000  0.0000
 52 148 -3.0646  0.0000 11.1304
 60 148 -2.1668  0.0000  0.0000
 68 148 -1.5000 -4.8858  6.3772
 76 148  4.8566 -0.5000  8.3934
 84 148  1.8312  0.0000  8.4768
 92 148  0.4102  0.0000  0.0000
100 148  0.6734  0.0000  0.0000
108 148  1.1651  0.0000 19.1045
116 148  2.5000 -0.3889  6.6693
124 148 -0.3017  3.5000 10.3034
132 148 -0.6077  0.0000 17.0667
140 148 -0.4831  0.0000  0.0000
148 148 -0.1063  0.0000  6.9728
156 148  0.0682  0.0000 16.1088
164 148 -0.0074  0.0000 16.1088
172 148 -0.1403  0.0000 11.1304
180 148 -0.1960  0.0000 11.1304
188 148  0.0000  2.5000  8.8276
196 148  0.5352  0.0000  0.0000
204 148  1.2152  0.0000  0.0000
212 148  1.7131  0.0000 11.1304
220 148  1.9570  0.0000  0.0000
228 148  2.7922  0.0000  0.0000
236 148  2.0951  0.0000  0.0000
244 148  0.7257  0.0000  0.0000
252 148 -0.5375  0.0000  0.0000
260 148 -1.2650  0.0000  0.0000
268 148 -1.7810  0.0000  0.0000
276 148 -3.6472  0.0000  0.0000
284 148 -2.4440  0.0000 11.1304
292 148 -1.1901  0.0000  0.0000
  4 156  1.7347  0.0000 11.1304
 12 156  0.0264 -0.3145 11.0777
 20 156 -0.5000  0.2675  6.7138
 28 156  0.9523  0.0000  0.0000
 36 156  0.8773  0.0000  0.0000
 44 156  3.2736  0.0000  0.0000
 52 156  1.8533  0.0000  0.0000
 60 156  0.5751  0.0000  0.0000
 68 156 -0.2021  0.2860 10.7438
 76 156 -0.5000  0.0000  8.8276
 84 156  0.1603  0.0000  6.3054
 92 156  0.1119  0.0000 11.1304
100 156  0.0349  0.0000 11.1304
108 156  0.1413  0.0000 11.1304
116 156  0.5000  0.0000  8.4768
124 156  0.2594  0.0000 13.0803
132 156 -0.3046  0.0000  0.0000
140 156 -1.5000  0.0000  8.2581
148 156 -0.5000  0.0000  8.8276
156 156  2.7620  2.5000  9.9740
164 156  2.1526  0.0000 11.1304
172 156  0.5848  0.0000  0.0000
180 156 -1.0000  0.0000  8.2581
188 156 -1.7961  0.0000 19.1045
196 156 -2.6403  0.0000  0.0000
204 156 -2.4270  0.0000 11.1304
212 156 -1.6481  0.0000  0.0000
220 156 -0.6042  0.0000  0.0000
228 156  0.8122  0.0000  0.0000
236 156  0.6377  0.0000  0.0000
244 156  1.1361  0.0000  0.0000
252 156  2.5000  0.0000  8.8276
260 156 -0.5000 -0.5000  4.0635
268 156  4.5000  2.5000  4.0635
276 156  3.4034  0.0000  0.0000
284 156  1.4704  0.0000  0.0000
292 156  0.0000 -5.0000 11.1304
  4 164  0.0961  0.2917  8.4628
 12 164  0.0000 -0.5000  8.8276
 20 164 -0.1036  0.0000  0.0000
 28 164 -0.0967  0.0000  0.0000
 36 164  0.0000  2.5000  8.8276
 44 164  0.2573  0.0000  0.0000
 52 164  0.2566  0.0000  0.0000
 60 164  0.1814  0.0000 11.1304
 68 164 -0.1052  2.5000  6.6184
 76 164 -2.5928  0.0198 13.0957
 84 164 -0.0384  0.0000  0.0000
 92 164  0.7852  0.0000  0.0000
100 164  0.0086  0.0000  0.0000
108 164 -1.0639  0.0000  0.0000
116 164 -1.8608  0.0000  0.0000
124 164 -2.7584  0.0000 12.0628
132 164 -0.2875  0.0000  0.0000
140 164 -0.5367  0.0000 16.1088
148 164  0.2083  0.0000 11.1304
156 164  1.1102  0.0000  0.0000
164 164  1.1992  0.0000 11.1304
172 164  1.3252  0.0000 16.1088
180 164  1.5000  0.0000  8.2581
188 164  0.0000  2.5000  8.8276
196 164  3.1162  0.0000  0.0000
204 164  2.9324  0.0000  0.0000
212 164  1.4553  0.0000  0.0000
220 164  0.0441  0.0000  0.0000
228 164 -0.5493  0.0000  0.0000
236 164 -0.8570  0.0000  0.0000
244 164 -0.6302  0.0000  0.0000
252 164 -0.3087  0.0000  0.0000
260 164 -0.1902  0.0000  0.0000
268 164 -0.0460  0.0000  0.0000
276 164  0.0166  0.0000 11.1304
284 164  0.0088  0.0000  0.0000
292 164 -0.6070  0.0000  0.0000
  4 172 -2.0125  0.0000 16.1088
 12 172 -0.9900  0.0000  0.0000
 20 172  0.0000 -0.5000 11.1304
 28 172 -0.5000 -0.5000  4.0635
 36 172 -1.0628  0.0000 11.1304
 44 172 -1.6040  0.0000  0.0000
 52 172 -2.2047  0.0000  0.0000
 60 172  1.3070  0.0337 12.4709
 68 172  0.1786  0.3479  5.5826
 76 172  1.1033  0.0000  0.0000
 84 172  1.9513  0.0000  0.0000
 92 172  1.5698  0.0000  0.0000
100 172  0.9031  0.0000  0.0000
108 172  0.6355  0.0000  0.0000
116 172  0.5785  0.0000  0.0000
124 172  2.5000 -0.5000  4.0635
132 172  1.9428  0.0000  0.0000
140 172  0.8182  0.0000 11.1304
148 172 -0.4098  0.0000  0.0000
156 172 -1.4309  0.0000  0.0000
164 172 -1.9159  0.0000 11.1304
172 172 -0.9944  0.0000 11.1304
180 172 -0.0693  0.0000  0.0000
188 172  0.1556  0.0000 12.2969
196 172  0.0000  2.5000  8.8276
204 172 -0.1593  0.0000  0.0000
212 172 -0.0029  0.0000  0.0000
220 172 -0.7956  0.0000  0.0000
228 172 -1.6474  0.0000  0.0000
236 172 -1.4939  0.0000  0.0000
244 172 -0.8732  0.0000  0.0000
252 172 -0.7293  0.0000  0.0000
260 172 -0.9009  0.0000  0.0000
268 172 -1.1639  0.0000 11.1304
276 172 -1.2692  0.0000  0.0000
284 172  0.2943  0.0000  0.0000
292 172  0.4139  0.0000  0.0000
  4 180  2.1050  0.0000 11.1304
 12 180  3.2272  0.0000  0.0000
 20 180  1.8199  0.0000  0.0000
 28 180  0.1068 -0.3135 15.1963
 36 180 -0.5197  0.0000  0.0000
 44 180 -0.5120  0.0000  0.0000
 52 180  0.0578  0.4337  9.0220
 60 180  0.2181  4.0000  8.9418
 68 180  0.0000 -0.5000  8.8276
 76 180 -0.6933  0.0000  0.0000
 84 180 -1.8691  0.0000 11.1304
 92 180 -2.6541  4.0000 12.3871
100 180 -0.7143  0.0000 11.1304
108 180  1.0363  0.0000  0.0000
116 180  2.5000  0.0000  8.8276
124 180  0.8837  0.0000  0.0000
132 180 -0.1858  3.5000  6.6866
140 180  0.5000  0.0000  8.4768
148 180 -0.5000  4.5000  4.0635
156 180 -1.0905  0.0000  0.0000
164 180 -1.5558  0.0000  0.0000
172 180 -1.1929  0.0000  0.0000
180 180 -0.5938  0.0000  0.0000
188 180 -0.5983  0.0000 16.1088
196 180 -0.7896  0.0000  0.0000
204 180 -0.3657  0.0000  0.0000
212 180 -0.8318  0.0000  0.0000
220 180  0.0000  5.0000 11.1304
228 180  2.7785  0.0000  0.0000
236 180  4.5000  4.5000  4.0635
244 180  1.6754  0.0000 11.1304
252 180 -0.6282  0.0000  0.0000
260 180 -1.4238  0.0000  0.0000
268 180 -1.2372  0.0000 11.1304
276 180 -0.6374  0.0000  0.0000
284 180  0.0642  0.0000  0.0000
292 180  0.0000  0.1063  6.9728
  4 188  0.0000 -0.5000  8.8276
 12 188 -0.9341  0.0000  0.0000
 20 188 -1.1674  0.0000  0.0000
 28 188  0.1960  0.0000 11.1304
 36 188  0.5784  0.0000  0.0000
 44 188  0.3732  0.3694 10.3318
 52 188  0.1305  0.0000 11.1304
 60 188 -0.5000  0.0000  8.8276
 68 188  0.5067  0.0000  0.0000
 76 188  0.8011  0.0000  0.0000
 84 188  0.5831  0.0000  0.0000
 92 188 -0.5000  0.0000  8.8276
100 188 -0.8211  0.0000  0.0000
108 188  0.0000  2.5000  8.8276
116 188 -0.2362  0.0000  0.0000
124 188 -0.8353  0.0000  0.0000
132 188  0.0000 -0.1063  6.9728
140 188 -0.5000 -5.0000  8.8276
148 188  0.6527  0.0000  0.0000
156 188  2.5000 -0.5000  7.6040
164 188  2.5802  0.0000 11.1304
172 188  0.0000  2.5000  8.8276
180 188 -1.5000  4.0649  4.6298
188 188 -1.7652  0.0000 13.1641
196 188 -1.1966  0.0000  0.0000
204 188 -0.4878  0.0000  0.0000
212 188  0.9564  0.0000  0.0000
220 188  0.3336  0.0000  0.0000
228 188  1.1195  0.0000 11.1304
236 188 -0.0667  0.0000  0.0000
244 188 -0.3243  0.0000  0.0000
252 188  0.1039  0.0000  0.0000
260 188  0.2508  0.0000  0.0000
268 188  0.2901  0.0000  0.0000
276 188  0.6535  0.0000  0.0000
284 188  0.5363  0.0000 11.1304
292 188  1.3099  0.0836 13.7096
  4 196  2.5000  0.0000  8.8276
 12 196  3.5307  0.0000 11.1304
 20 196  4.5000  4.5000  4.0635
 28 196  0.2414  0.0000 11.1304
 36 196  0.2193  0.0923  7.5156
 44 196 -0.1180  2.5000  9.2850
 52 196 -1.5000  2.5000  7.4357
 60 196 -0.8730  0.0000  0.0000
 68 196 -0.1522  0.0000  0.0000
 76 196  0.7084  0.0000  0.0000
 84 196  1.5754  0.0000  0.0000
 92 196  1.3954  0.0000  0.0000
100 196  0.2720  0.0000  0.0000
108 196  0.1960  0.0000 11.1304
116 196 -0.1960 -0.5000 11.1304
124 196  0.0000  2.5000  8.8276
132 196 -0.0832  0.3131  9.8462
140 196  2.5000  0.0000  8.8276
148 196  0.0000  4.5000  4.0635
156 196  2.5000  5.0000  8.8276
164 196  0.1960  0.0000 11.1304
172 196  0.0458 -3.4085 10.6667
180 196 -0.0379 -0.5000  6.8604
188 196  0.0289  0.0000  0.0000
196 196  0.3468  2.5000 10.2045
204 196  1.3070 -0.0337 12.4709
212 196  1.0597  0.0000  0.0000
220 196  1.3433  0.0000  0.0000
228 196  1.9904  0.0000  0.0000
236 196  2.3431  0.0000  0.0000
244 196  1.7353  0.0000  0.0000
252 196  0.1960  0.0000 11.1304
260 196 -0.2693  0.0000  0.0000
268 196 -0.6400  0.0000  0.0000
276 196 -0.5000  0.0000  8.8276
284 196 -0.5512  0.0000 11.1304
292 196  0.1506  0.0000  0.0000
  4 204  0.5472  0.0000 11.1304
 12 204  0.8407  0.0000  0.0000
 20 204  0.5761  0.0000  0.0000
 28 204 -0.1259  0.1203  5.4468
 36 204 -0.0418  0.1521 12.6567
 44 204  5.1203 -0.5000  5.4468
 52 204  1.7461  0.0000 16.1088
 60 204  0.7896  0.0000 11.1304
 68 204  1.4521  0.0000  0.0000
 76 204  0.3617  0.0000 11.1304
 84 204  1.2823  0.0000 11.1304
 92 204  0.4650  0.0000  0.0000
100 204  0.2547  0.0000  0.0000
108 204  0.1180 -0.5000  9.2850
116 204 -0.1276  0.3321 10.3409
124 204 -0.0380  0.0000 16.1088
132 204  0.0382 -0.1028 16.6166
140 204  0.2791  0.0000  0.0000
148 204  0.4454  0.0000  0.0000
156 204  0.5680  0.0000 11.1304
164 204  0.2802 -0.0546 12.7691
172 204 -1.7055 -4.1707 12.5618
180 204 -0.2978 -0.1093  4.7940
188 204 -0.7514  0.0000  0.0000
196 204 -1.5000  0.0000  8.2581
204 204 -0.7234  0.0000  1.0000
212 204 -0.2747  0.0000  0.0000
220 204  0.5577  0.0000  0.0000
228 204  0.4073  0.0000 11.1304
236 204  0.4376  0.0561  5.4468
244 204  0.2869  1.1793  5.4468
252 204  0.0000 -0.5000  8.8276
260 204 -0.2088  0.0000 13.1641
268 204  1.0698  0.0000  0.0000
276 204 -0.5000  4.5000  4.0635
284 204  0.7214  0.0000 11.1304
292 204  0.9154  0.0000  0.0000
  4 212  0.0000 -0.5000  8.8276
 12 212  0.3663  0.0000  0.0000
 20 212  0.2618  0.0000  0.0000
 28 212  0.1798  0.0246 17.0238
 36 212 -0.1180  2.5000  9.2850
 44 212  0.0000  2.5000  8.8276
 52 212  0.0000 -0.5000  8.8276
 60 212 -0.1616  0.0000  0.0000
 68 212 -0.1987  0.0000  0.0000
 76 212 -0.3482  0.0000 16.1088
 84 212 -0.5000  4.5000  4.0635
 92 212 -0.4168  0.0000  0.0000
100 212 -0.7682  0.0000  0.0000
108 212  0.0000 -0.5000  8.8276
116 212 -0.3101  0.0000  0.0000
124 212 -0.1960  0.0000 11.1304
132 212 -0.1236  0.0000  0.0000
140 212  0.1308  0.0000 16.1088
148 212  1.3002  0.0000 16.1088
156 212  0.1960  0.0000 11.1304
164 212  0.1556  0.0000 12.2969
172 212  0.0000  4.6564 12.4564
180 212 -0.3309  4.9363  7.1846
188 212 -0.0739  0.0000  0.0000
196 212  0.0000  2.5000  8.8276
204 212  5.1203 -0.5000  5.4468
212 212  4.0733  0.0000  0.0000
220 212  2.2309  0.0000  0.0000
228 212  0.4902  0.0000  0.0000
236 212  0.1552  0.0000  0.0000
244 212  0.0613  0.0000 11.1304
252 212 -0.0590  0.0000 16.1088
260 212 -0.5000  0.0000  8.8276
268 212 -0.3563  0.0000  0.0000
276 212 -0.2172  0.0000  0.0000
284 212 -0.1425  0.0000  0.0000
292 212 -0.1733  0.0000 11.1304
  4 220 -0.5000  4.5000  4.0635
 12 220 -0.5495  0.0000  0.0000
 20 220 -0.2494  0.0000 11.1304
 28 220  0.1960  0.0000 11.1304
 36 220  0.0317  0.0000 11.1304
 44 220 -0.5000  0.0000  8.8276
 52 220 -0.2767  0.0000 11.1304
 60 220  0.0000 -0.5000  8.8276
 68 220  0.3446  0.0000  0.0000
 76 220  2.5000  0.0000  8.8276
 84 220 -0.5000  0.0000  8.8276
 92 220  0.0000 -0.5000  8.8276
100 220 -0.3017  0.0000 11.1304
108 220  0.0000  2.5000  8.8276
116 220  2.5000  4.5000  4.0635
124 220 -0.1313  0.0812 16.9211
132 220  4.8008  0.0000  0.0000
140 220  5.7134  0.0000 11.1304
148 220  3.1305  0.0000 11.1304
156 220  0.0832  0.3131  9.8462
164 220 -0.0832  0.3131  9.8462
172 220  0.0000 -0.5000  8.8276
180 220  0.2339 -4.1733  7.2911
188 220 -0.3547  0.0000  0.0000
196 220 -0.5887  0.0000  0.0000
204 220 -0.4032  3.5000  6.1440
212 220  0.1479  0.0000  0.0000
220 220  0.5000  0.0000 11.1304
228 220 -0.0767  0.0000  0.0000
236 220 -0.5095  0.0000 11.1304
244 220 -0.5778  0.0000  0.0000
252 220 -0.5000  4.5000  4.0635
260 220 -0.1441  0.0000 11.1304
268 220 -0.1292  0.4547 11.2328
276 220 -0.5000  4.5000  4.0635
284 220 -0.1892  0.0000  0.0000
292 220  0.3400  0.0000 11.1304
