VARIABLES= "X pix", "Y pix", "U pix/dt", "V pix/dt", "CHC", ZONE I=28, J=37
  4   4 -0.0266  0.0000  9.4851
 12   4 -0.0167  0.0000  8.5320
 20   4 -0.0066  0.0000  8.5320
 28   4  0.0056  0.0000  8.7802
 36   4  0.0115  0.0000  8.8141
 44   4  0.0091  0.0000  8.8141
 52   4 -0.0025  0.0000  9.7458
 60   4 -0.0106 -0.0232 10.0555
 68   4  0.1553  0.0000 10.0615
 76   4  0.1031  0.0000 10.9491
 84   4  0.0153  0.0000 10.9491
 92   4  0.0008 -0.0027 11.0277
100   4  0.0000  0.0048 11.0451
108   4 -0.0475 -0.0140 10.9471
116   4 -0.0584  0.0000 13.7914
124   4  0.0000 -0.0048 11.0451
132   4  0.0546 -0.0140 11.1532
140   4  0.0803  0.0000 11.0965
148   4  0.0739  0.0000 11.9483
156   4  0.0000 -0.0166 11.5214
164   4  0.0000  0.0033 11.8122
172   4 -0.0068 -0.0257 10.4332
180   4 -0.0065  0.0062 12.1055
188   4  0.0079  0.0000 11.9483
196   4  0.0164  0.0699 10.5574
204   4  0.0000  0.0022 10.2235
212   4 -0.0236 -0.0249 11.0380
220   4  0.0534  0.0021 10.6083
228   4 -0.0001  0.0000 10.1740
236   4 -0.0043  0.0000 12.4810
244   4 -0.0088  0.0179 12.5767
252   4 -0.0006  0.0000 12.4405
260   4 -0.0000  0.0000 12.1260
268   4  0.0000  0.1012 12.8656
276   4  0.0000 -0.1217 10.9491
284   4 -0.1354  0.0046 10.0675
292   4  0.1354 -0.0046 10.0675
  4  12 -0.0527  0.0000  9.7494
 12  12 -0.1502  0.0000 14.4906
 20  12 -0.2090  0.0000 11.6053
 28  12 -0.2405  0.0232  8.6068
 36  12  0.0000  0.1960 11.3947
 44  12 -0.0255  0.0000  8.7810
 52  12  0.0539  0.0000  8.7810
 60  12  0.0000  0.3662 10.4684
 68  12  0.0000  0.4062  9.5908
 76  12  0.1132  0.0000 10.1740
 84  12  0.2322 -0.0855  8.2581
 92  12  0.0000  0.1385  8.2581
100  12 -0.0466 -0.0130 20.8416
108  12 -0.0187  0.1426 19.2833
116  12 -0.0070  0.0000  9.3583
124  12 -0.0042  0.0000  8.1225
132  12 -0.0298  0.0000  7.6401
140  12 -0.0634  0.0165  7.8803
148  12  0.0006  0.0000  8.5442
156  12  0.0264 -0.0056  7.9790
164  12  0.0064 -0.0081 20.8139
172  12 -0.0133 -0.0487 15.9262
180  12 -0.0056 -0.0130  8.9558
188  12 -0.0121  0.0121  9.7781
196  12 -0.0229  0.0731 11.7397
204  12 -0.0196  0.0288 11.4603
212  12 -0.0232  0.0202 11.8678
220  12  0.0000 -0.0244 12.3250
228  12 -0.2258 -0.0355 11.8716
236  12 -0.1861  0.0000 15.6669
244  12 -0.0988  0.0544 18.2857
252  12  0.2312 -0.1254 15.3681
260  12  0.4234  0.0151  9.5761
268  12  0.0082  0.1502 11.7029
276  12  0.0952 -0.0632 14.9433
284  12 -0.3014  0.3757  4.8917
292  12 -0.1614  0.0000  1.0000
  4  20 -0.0301  0.0000 18.2234
 12  20  0.0000 -0.0023 18.3367
 20  20 -0.0049 -0.0453 16.9166
 28  20  0.0509  0.0048 15.5218
 36  20 -0.0426 -0.0029 14.9251
 44  20 -0.0144 -0.0022 13.6215
 52  20  0.0145 -0.0055 12.8358
 60  20  0.0000 -0.0108 12.5968
 68  20 -0.0007  0.0424 13.1087
 76  20  0.0006  0.0039 12.5858
 84  20  0.0542  0.0000 12.8052
 92  20 -0.0006 -0.0016 12.3246
100  20 -0.0278 -0.0213 12.0535
108  20 -0.0311  0.0026 15.9819
116  20 -0.0037 -0.0126 12.2936
124  20  0.0105  0.0200 11.7491
132  20  0.0000  0.0129 11.2160
140  20  0.0071 -0.0054 13.7416
148  20  0.0158  0.0159 14.1160
156  20  0.0353  0.0342 19.0905
164  20 -0.0161 -0.0430 24.8769
172  20  0.0047  0.0491 17.7080
180  20 -0.0052 -0.0074 47.0029
188  20  0.1504  0.0000 14.4623
196  20 -0.0010 -0.0022 17.0880
204  20  0.1229  0.0000 17.2195
212  20 -0.0273 -0.0026 19.5736
220  20 -0.0214 -0.0106 18.6041
228  20  0.0045  0.0242 16.5526
236  20  0.0123  0.0022 17.7221
244  20 -0.0165 -0.0013 18.8375
252  20 -0.0235  0.0058 21.5058
260  20  0.0886 -0.0321 14.6359
268  20 -0.0103  0.0057 22.7186
276  20  0.0683 -0.0243 16.1853
284  20  0.0125 -0.0667 22.5808
292  20  0.0398  0.0198 23.0866
  4  28 -0.0941  0.0000  7.7096
 12  28  0.0105 -0.0060  9.9330
 20  28  0.0088 -0.0014  9.6098
 28  28 -0.0144  0.0000  7.5223
 36  28 -0.0538  0.0000  7.1101
 44  28 -0.0277  0.0000  6.8140
 52  28 -0.0041  0.0709  7.0714
 60  28 -0.0180  0.0000  7.1213
 68  28  0.0353 -0.0473  6.6065
 76  28  0.0053  0.0000  6.7253
 84  28  0.0000  0.0672  8.6257
 92  28 -0.0090  0.0000 10.2551
100  28  0.0527  0.0025  7.6600
108  28  0.0275  0.0206  7.1799
116  28  0.0376  0.0152  9.0984
124  28 -0.0191  0.0560  7.6815
132  28  0.2137  0.7668  6.9791
140  28  0.0772  0.0000 12.5445
148  28  0.0478 -0.0972  6.1532
156  28  0.0380  0.0042 12.6671
164  28 -0.0112 -0.0026 17.3622
172  28 -0.0546 -0.0078 11.8756
180  28 -0.0042 -0.0039 11.7693
188  28 -0.0124  0.0661 12.3189
196  28 -0.0078  0.0000 11.3457
204  28  0.0529  0.0000 10.7372
212  28  0.0719  0.0000  9.3872
220  28  0.1084  0.0046  9.0798
228  28 -0.1708  0.0067 10.6556
236  28 -0.2216 -0.1898  8.5150
244  28 -0.0481  0.1260  8.2253
252  28  0.0028 -0.0417  5.9724
260  28 -0.0587 -0.0287  5.8162
268  28 -0.0016  0.0070  5.8707
276  28  0.0785 -0.0300  6.8696
284  28 -0.0628  0.0593  8.8790
292  28  0.0300 -0.0633  6.0020
  4  36 -0.0458  0.0000 20.7059
 12  36 -0.0232  0.0000 11.5903
 20  36 -0.1057  0.0000  9.4208
 28  36 -0.0237  0.0000 10.8982
 36  36  0.0101  0.1409 14.0895
 44  36  0.0076 -0.1025 13.9216
 52  36  0.0978  0.1196 10.7680
 60  36  0.0739  0.1566  9.4248
 68  36 -0.0000 -0.0157  7.5991
 76  36  0.1776  0.1587  7.2932
 84  36  0.0999  0.0000 13.6379
 92  36  0.0117  0.0000 16.1088
100  36 -0.0418 -0.1521 12.6567
108  36  0.0481  0.0000 11.1304
116  36  0.0177  0.0000 11.1304
124  36  0.0055  0.0000  0.0000
132  36  0.0077  0.0000 16.1088
140  36 -0.0172  0.0000  0.0000
148  36 -0.0333 -0.0122  5.6452
156  36  0.0164  0.0036 13.5879
164  36  0.0085  0.0084 12.6780
172  36  0.0019 -0.0008 12.2297
180  36  0.0346 -0.0021 15.1932
188  36  0.0823 -0.0436  9.3393
196  36  0.0952 -0.0044  8.8163
204  36 -0.0039  0.1341  8.8661
212  36 -0.1024 -0.0046 10.3135
220  36 -0.0100  0.1109 13.0627
228  36 -0.1354  0.0303 12.8000
236  36  0.0120 -0.0762 16.2498
244  36 -0.2058  0.0231 12.5203
252  36 -0.0318 -0.0253 10.8606
260  36  0.1296  0.0000 13.7993
268  36  0.4277  0.0000 13.3851
276  36  0.8822  0.0000 12.2365
284  36 -0.1592  0.0000 18.3818
292  36 -0.0934  0.0000 13.8188
  4  44  0.0335  0.0000 12.4405
 12  44  0.0376  0.0000  9.5208
 20  44  0.0255  0.0000  9.4841
 28  44  0.0289  0.0000  8.5951
 36  44  0.1427  0.6053  8.7422
 44  44  0.0488  0.0000  0.0000
 52  44  0.0234  0.0000  0.0000
 60  44 -0.0291  0.0000 11.1304
 68  44 -0.1713  0.0000 11.1304
 76  44 -0.5000  0.0000  8.8276
 84  44 -0.1960 -0.5000 11.1304
 92  44  0.4309  0.4486  7.4745
100  44  2.5000  0.0000  8.8276
108  44  2.0789  0.0000  0.0000
116  44  1.0036  0.0000  0.0000
124  44  0.2122  0.0000  0.0000
132  44 -0.5789  0.0000 11.1304
140  44 -1.2873  0.0303 10.4764
148  44 -0.0130  0.0216  7.8515
156  44  0.0073 -0.0002 24.5798
164  44 -0.0032 -0.0039 11.3737
172  44  0.0056 -0.0134 13.0691
180  44  0.0037 -0.0020 15.9225
188  44  0.0029  0.0000  7.1808
196  44  0.0729  0.0000 19.1045
204  44  0.0579 -0.2001 13.7634
212  44 -0.1733  0.0000 12.8227
220  44  0.0392 -0.1537 16.8196
228  44 -0.0227  0.0807 13.2120
236  44 -0.0336  0.0148 12.1793
244  44  0.0070  0.1846 11.5091
252  44 -0.0494  0.0000 13.3851
260  44 -0.0618  0.0203 11.6014
268  44  0.0033 -0.1225 17.9207
276  44  0.0775 -0.1871 10.7642
284  44  0.0580 -0.0096 18.8389
292  44  0.0453  0.0376 13.7045
  4  52 -0.2851  0.0000  0.0000
 12  52 -0.3287  0.0000  0.0000
 20  52  0.6752  0.0000 16.1088
 28  52  1.9474  0.0000  0.0000
 36  52  2.5000  0.0000  8.8276
 44  52  1.0418  0.0000  0.0000
 52  52  0.3135  0.0000 11.1304
 60  52 -0.3261  0.0000  0.0000
 68  52 -0.6338  0.0000 11.1304
 76  52  0.0000 -0.1960 11.1304
 84  52  0.0000 -0.5000  8.8276
 92  52  0.2268 -0.0375 11.6782
100  52 -0.0806  0.0000 12.6508
108  52 -0.1099  0.0000  0.0000
116  52 -0.1460  0.0000 16.2126
124  52  0.0010  0.0000 12.0628
132  52  0.3658  0.0000 11.1304
140  52  0.2622  0.1751 13.8883
148  52  0.0678  0.0249  7.2823
156  52 -0.0026  0.0781  5.6677
164  52 -0.0696 -0.0487  5.8187
172  52  0.0568 -0.0653  6.4673
180  52 -0.0039  0.0068  7.8471
188  52  0.3810  0.0000  9.7047
196  52  0.3956  0.0000  0.0000
204  52  0.2159  0.0000  0.0000
212  52  0.1004  0.0000  0.0000
220  52  0.0244  0.0000  0.0000
228  52 -0.1648  0.0000  0.0000
236  52 -0.2776  0.0000  8.2706
244  52  0.1114  0.0134  9.5045
252  52 -0.0185  0.1238  9.9383
260  52 -0.0656 -0.0326 15.2216
268  52 -0.5000  0.1301  6.6466
276  52  0.0459  0.1308  8.4268
284  52 -0.0774  0.0000 10.8982
292  52 -0.1065 -0.1427  8.5883
  4  60 -0.0017  0.0000 16.1088
 12  60 -0.1682  0.0000 11.1304
 20  60 -0.4043 -0.4043  8.0000
 28  60 -0.5000  0.0000  8.8276
 36  60 -0.1717  0.0000 11.1304
 44  60 -0.2241  0.0000  0.0000
 52  60  0.1576  0.0000 11.1304
 60  60  1.6965  0.0000  0.0000
 68  60  2.4987  0.0000 11.1304
 76  60  0.4043 -0.4043  8.0000
 84  60 -0.6520  0.0000 12.0775
 92  60 -0.3136 -0.1174 10.3034
100  60 -0.0890 -0.1338 11.3848
108  60 -0.3905  0.0127 10.6486
116  60  1.1073  0.0000 13.5576
124  60  0.9174  0.0000 11.1304
132  60  0.2780  0.1270 13.3759
140  60  0.0542  0.0000 11.1304
148  60 -0.0383  0.0000 12.0455
156  60 -0.1111  0.0000 12.1905
164  60 -0.1310  0.0000 12.0628
172  60  0.2423  0.0000 16.1088
180  60 -0.0597 -0.0100  9.8485
188  60 -0.4388  0.0000  0.0000
196  60 -0.5444  0.0000  0.0000
204  60 -0.1370  0.0000  0.0000
212  60 -0.0570  0.0000  0.0000
220  60  0.0475  0.0000  0.0000
228  60  0.0746  0.0000  0.0000
236  60 -0.0125  0.0000  0.0000
244  60  0.0000 -0.5000  8.8276
252  60  0.0951  0.0000 12.2969
260  60  0.2761 -0.0806  9.3746
268  60 -0.2607  0.0000 10.8982
276  60 -0.0656 -0.0326 15.2216
284  60  2.9111  0.0000 11.1304
292  60  5.5000  0.3694  7.6971
  4  68  2.0768  0.0000 16.1088
 12  68 -0.1960 -0.5000 11.1304
 20  68  2.5000 -0.1588 10.5785
 28  68  0.0000  1.7251  8.5018
 36  68  0.5718  0.0000 11.1304
 44  68  2.5000  0.0000  8.8276
 52  68  1.2819  0.0000  0.0000
 60  68  0.0000 -0.5000  8.8276
 68  68 -0.1146 -0.0101 17.4161
 76  68 -0.1466  0.0000 13.3565
 84  68 -0.1081  0.0000  8.8457
 92  68  0.0131 -0.0703  9.0738
100  68  0.3145 -0.0264 11.0777
108  68 -0.2353  0.4104  7.3143
116  68 -0.3627  0.0000 12.0628
124  68 -0.2531  0.0000 11.1304
132  68  0.0052  0.0000 11.1304
140  68 -0.1017  0.0000 16.1088
148  68  0.1069  0.0000 10.1191
156  68  0.1268  0.0000 11.1304
164  68  0.0126  0.0000  0.0000
172  68  0.0102  0.0000 11.1304
180  68  0.2032  0.0000  0.0000
188  68 -0.0027  0.0000  8.2581
196  68 -0.2867  0.0000  0.0000
204  68 -0.0285  0.0000  0.0000
212  68  1.9002  0.0000 11.1304
220  68  2.7561  0.0000  0.0000
228  68  1.5182  0.0000  0.0000
236  68  0.6402  0.0000  0.0000
244  68  1.6194  0.0000  0.0000
252  68  0.4826  0.0000  0.0000
260  68  0.3219  0.0000  0.0000
268  68  0.5000  0.0000 11.1304
276  68  0.2933 -0.1116  6.3412
284  68 -0.2424  0.0000 14.0992
292  68 -0.3312  0.0000 16.3003
  4  76 -0.2851  0.0000  0.0000
 12  76 -0.1624  0.0000 16.1088
 20  76  0.0541  5.1800  8.3718
 28  76 -0.2141 -0.0341 12.3209
 36  76 -0.0490  0.3897  8.6154
 44  76 -0.0754  0.0000  6.8970
 52  76  0.0864  0.0000 13.3603
 60  76  0.2789  0.0056 10.1500
 68  76 -0.3153 -0.0388 12.2306
 76  76  0.0854  0.0638 20.9591
 84  76  0.1550  0.0000  0.0000
 92  76 -0.0025  0.0000  0.0000
100  76  0.0051  0.0000  0.0000
108  76  0.7492  0.0000 11.1304
116  76  0.2314  0.0449 13.5024
124  76  0.0418  0.1521 12.6567
132  76 -0.3413  0.0000 16.1088
140  76  1.0780  0.0000 12.0628
148  76  0.0579 -0.1854 12.8000
156  76  0.3118  0.0000 13.3565
164  76  0.4512  0.0000 11.1304
172  76  0.8308  0.0000 16.1088
180  76  0.4599  0.0000 11.1304
188  76  0.2361  0.0000 11.1304
196  76  0.1367  0.0000  0.0000
204  76 -0.0904  0.0000 11.1304
212  76 -0.3879  0.0000  0.0000
220  76 -0.4359  0.0000 11.1304
228  76 -0.3732  0.0000  0.0000
236  76 -0.2520  0.0000  0.0000
244  76 -0.0914  0.0000  0.0000
252  76  0.8638  0.0000 11.1304
260  76  0.4053  0.0000 11.1304
268  76  0.1135  0.0000 12.0455
276  76  0.1196  0.0000 11.1304
284  76  0.0623  0.0000  0.0000
292  76 -0.3927  0.0000 11.1304
  4  84 -0.5000 -0.5000  4.0635
 12  84  0.1151  0.1151 16.5161
 20  84  0.1123  0.0711 13.6764
 28  84  0.1841 -0.0418 12.3683
 36  84  2.5000 -0.5000  4.0635
 44  84  2.3851  0.0000 11.1304
 52  84  1.6521  0.0000 17.0667
 60  84 -0.2293 -0.0121 12.1737
 68  84  2.5000  0.0000  8.8276
 76  84  0.8224  0.0000 11.1304
 84  84  0.3649  0.0000  0.0000
 92  84  0.3125  0.0000  0.0000
100  84  0.2841  0.0000 16.1088
108  84  0.2298 -0.1898 13.8795
116  84  0.1700  0.0000 15.5009
124  84  0.1960  0.0000 11.1304
132  84 -0.0632  0.0557 16.2106
140  84 -0.3329 -0.0842  7.1879
148  84 -0.3701 -0.0455  8.0910
156  84 -0.3570  0.0000 11.1304
164  84 -0.2995  0.0000 11.1304
172  84 -0.2158  0.0000  0.0000
180  84  2.2387  0.0000  0.0000
188  84  0.7936  0.0000 11.1304
196  84  0.1139  0.0000  0.0000
204  84  0.1040  0.0000  0.0000
212  84  0.0458  0.0000 11.1304
220  84 -0.1310  0.0000  0.0000
228  84 -0.1481  0.0000 13.7892
236  84  0.2707  0.0000  0.0000
244  84  0.6352  0.0000 11.1304
252  84  1.3833  0.0000 11.1304
260  84  3.2467  0.0000 13.5576
268  84  4.2018  0.0000 19.4783
276  84  4.5000  4.5000  4.0635
284  84  1.9679  0.0000 11.1304
292  84  1.4672  0.0000  0.0000
  4  92 -0.0942  0.0000 10.7010
 12  92 -0.1469  0.0000 10.3584
 20  92 -0.1556  0.0000 12.2969
 28  92 -0.4779  0.0000 16.1088
 36  92 -0.3426  0.0000 22.2609
 44  92 -0.1430  0.0000  9.5632
 52  92 -0.0155  0.0578 19.3970
 60  92  0.3145 -0.0264 11.0777
 68  92  0.1241  0.0900  9.7710
 76  92 -0.0887  0.0000 11.0617
 84  92 -0.2242  0.0000 10.2400
 92  92 -0.2686  0.0000 16.1088
100  92 -0.1926  0.0000 11.1304
108  92  2.5000  0.0000  8.8276
116  92  0.6338  0.0000 16.1088
124  92 -0.1963 -0.5947  8.5906
132  92  0.0512  0.2166  7.7640
140  92  0.0599  0.0000 11.1304
148  92  0.1260  0.0000  0.0000
156  92  0.1626  0.0000  0.0000
164  92  0.4792  0.0000  0.0000
172  92  0.9690  0.0000 11.1304
180  92  1.8449  0.0000 11.1304
188  92  3.1861  0.0000  0.0000
196  92  3.9534  0.0000  0.0000
204  92  3.7053  0.0000  0.0000
212  92  1.7196  0.0000  0.0000
220  92 -0.0085  0.0000 16.1088
228  92 -2.0790 -0.3139  8.3718
236  92 -1.7207  0.0000 16.1088
244  92 -1.4209  0.0000 16.1088
252  92 -1.5000  0.0000  8.2581
260  92 -0.8397  0.0000  0.0000
268  92 -0.2685  0.0000  0.0000
276  92  0.0272  0.0000  0.0000
284  92  0.2886  0.0000  0.0000
292  92  0.2500  0.0000  0.0000
  4 100  0.1017  0.0000 11.9011
 12 100 -0.0709  0.0000  9.2190
 20 100 -0.1824  1.6838  7.3143
 28 100  0.0000  2.5000  8.8276
 36 100  0.0201  0.0803 13.5936
 44 100 -0.1532  0.0000 11.1304
 52 100 -0.3883  0.0000  8.0688
 60 100 -0.2631  0.0000 16.1088
 68 100 -0.2080 -0.2715 12.3107
 76 100  0.0391  2.5000  9.3822
 84 100 -0.0418  0.1521 12.6567
 92 100  0.3422  0.0000 16.1088
100 100  0.8360  0.0000 11.1304
108 100  1.6081  0.0000 11.1304
116 100  2.6155  0.0000  0.0000
124 100  2.9766  0.0000 19.1045
132 100  2.3447  0.0000 11.1304
140 100  0.8377  0.0000  0.0000
148 100 -0.3206  0.0000 16.1088
156 100 -1.7484  0.0000 13.1641
164 100 -1.8145  0.0000  0.0000
172 100 -1.5317  0.0000  0.0000
180 100 -1.2594  0.0000  0.0000
188 100 -0.6551  0.0000 17.0667
196 100 -0.0913 -0.2044 18.7317
204 100  0.0875  0.0000 11.1304
212 100  0.2165  0.0000 11.1304
220 100  0.2443  0.0000 11.1304
228 100  0.2374  0.0000 16.1088
236 100  0.1448  0.0000 11.1304
244 100  0.0963  0.0000 11.1304
252 100  0.2080  0.2715 12.3107
260 100 -1.1126  0.0000 11.1304
268 100 -0.6559  0.0000  0.0000
276 100 -0.5457  0.0000  0.0000
284 100 -0.4916  0.0000  0.0000
292 100 -0.6047  0.0000 11.1304
  4 108 -0.9091  0.0000 11.1304
 12 108 -1.5000  0.0000  8.2581
 20 108 -0.2761 -0.0806  9.3746
 28 108  0.3122  0.0000 13.0803
 36 108  0.9911  0.0000 17.0667
 44 108  2.0485  0.0000 16.6957
 52 108  2.1265  0.0000 13.3565
 60 108  1.2382  0.0000  0.0000
 68 108  0.0000  2.5000  8.8276
 76 108  0.0557  0.0193 15.2661
 84 108 -0.9650  0.0000  8.0000
 92 108 -1.0727  0.0000  0.0000
100 108 -0.8419  0.0000 11.1304
108 108 -0.5485  0.0000 11.1304
116 108 -0.2275  0.0000 16.1088
124 108 -0.1123 -0.0711 13.6764
132 108 -0.0063  0.0000 11.1304
140 108  0.0431  0.0000 11.1304
148 108  0.0868  0.0000 19.1045
156 108  0.2749  0.0000  8.5018
164 108  0.2904  0.0000  0.0000
172 108  0.3245  0.0000  0.0000
180 108  0.4585  0.0000  0.0000
188 108 -1.2782  0.0000  0.0000
196 108 -0.7269  0.0000 16.1088
204 108 -0.5005  0.0000  0.0000
212 108 -0.4476  0.0000  0.0000
220 108 -0.5665  0.0000  0.0000
228 108 -0.8542  0.0000  0.0000
236 108 -1.2692  0.0000  0.0000
244 108 -0.6709  0.0000  0.0000
252 108 -0.1549  0.0000 11.1304
260 108  0.4043 -0.4043  8.0000
268 108  1.9860  0.0000 16.1088
276 108  1.7838  0.0000 16.1088
284 108  0.7754  0.0000  0.0000
292 108  0.0171  0.0000 16.1088
  4 116  0.1564  0.0000 11.1304
 12 116 -0.1841  0.0418 12.3683
 20 116  0.0413  0.0000 13.2207
 28 116  0.1841 -0.0418 12.3683
 36 116  0.3489  0.0000  0.0000
 44 116  0.4050  0.0000 22.2609
 52 116 -0.1151 -0.1151 16.5161
 60 116 -0.0573  0.0000 16.1088
 68 116 -0.1979  0.0000 16.1088
 76 116 -0.3334  0.0000 11.1304
 84 116  0.0401  0.0000  0.0000
 92 116  0.2651  0.0000  0.0000
100 116  0.4302  0.0000 11.1304
108 116  0.6522  0.0000 16.1088
116 116 -0.9425  0.0000  0.0000
124 116 -0.5000  0.0000  8.8276
132 116 -0.2817  0.0000  0.0000
140 116 -0.2168  0.0000 13.1641
148 116 -0.2708  0.0000  0.0000
156 116 -0.3627  0.4006  7.8168
164 116 -0.8188  0.0000 11.1304
172 116 -0.5038  0.0000  0.0000
180 116  0.0395  0.0000  0.0000
188 116  0.9023  0.0000 11.1304
196 116  2.5000  0.1588 10.5785
204 116  1.4596  0.0000  0.0000
212 116  0.1687  0.0000 16.1088
220 116 -0.1151  0.1151 16.5161
228 116  0.8998  0.0000 11.1304
236 116  2.5000  0.0000  8.8276
244 116  1.5877  0.0000  0.0000
252 116  1.0675  0.0000 11.1304
260 116  1.0109  0.0000 11.1304
268 116  1.1838  2.5000  7.5779
276 116  0.7073  0.0000 11.1304
284 116  0.3035  0.0000 16.1088
292 116 -0.4025  2.5000  7.3745
  4 124 -1.0315  0.0000 16.1088
 12 124 -0.1879  0.0000 16.9590
 20 124  0.1841  0.0000 16.1088
 28 124  0.4317  0.0000  0.0000
 36 124  0.7121  0.0000  0.0000
 44 124 -0.5441  0.0000  0.0000
 52 124 -0.2427  0.0095 17.6177
 60 124 -0.0440  0.0000 16.1088
 68 124  0.0000  2.5000  8.8276
 76 124 -0.1508  0.0000  0.0000
 84 124 -0.3088  0.0000 16.9590
 92 124 -0.5000  0.0286  6.3232
100 124 -0.1725  0.0000 16.1088
108 124  0.0000 -0.5000  8.8276
116 124 -0.0230 -0.0792  6.2953
124 124 -0.0224 -0.0641  6.4780
132 124 -0.2044 -0.5000  6.5641
140 124 -1.2744  0.0000 16.1088
148 124 -0.9711  0.0000  0.0000
156 124 -0.1556  0.0000 12.2969
164 124  0.6809  0.0000  0.0000
172 124  0.7235  0.0000  0.0000
180 124  0.6050  0.0000 16.1088
188 124  0.4043  0.4043  8.0000
196 124 -0.1656 -0.0786 10.7522
204 124  0.5000  0.0413 10.4642
212 124  0.3885  0.0000 11.1304
220 124 -0.8890  0.0000  0.0000
228 124 -2.0586  0.0526 12.2835
236 124 -0.1825 -0.2174 12.5315
244 124  0.1063  0.0000  6.9728
252 124  0.3485  0.0000 11.1304
260 124  0.6089  0.0000  0.0000
268 124 -0.3277  0.0000  0.0000
276 124 -0.0667  0.0000  0.0000
284 124  0.1374  0.0000 11.1304
292 124  0.2117  1.1735 13.4737
  4 132 -0.0310  0.0000  0.0000
 12 132  0.0919  0.0000  0.0000
 20 132  1.0349  0.0000  0.0000
 28 132  0.6794  0.0000  0.0000
 36 132  0.0881  0.0000  0.0000
 44 132 -0.2424  0.0000 16.1088
 52 132 -0.5136  0.0000 12.0628
 60 132 -1.0495  0.0000 11.1304
 68 132 -2.5000  0.0000 11.1304
 76 132 -1.2493  0.0000 22.2609
 84 132  0.1912  0.0000 12.4272
 92 132 -1.0000  0.0000  9.2850
100 132 -0.5045  0.0000 11.1304
108 132 -0.1256  0.0000 17.0667
116 132  0.0132 -0.0158  6.1945
124 132  0.0000 -0.0235  6.2018
132 132 -0.8064 -0.0094 12.6801
140 132  0.2761  0.0806  9.3746
148 132 -0.7303  0.0000  0.0000
156 132 -1.3452  0.0000 12.0628
164 132 -0.4227  0.0000  0.0000
172 132 -0.0034  0.0000  0.0000
180 132  0.2085  0.0000 12.0628
188 132  0.3649  0.0000 11.1304
196 132 -0.3541  0.0000 11.1304
204 132 -0.0177  0.0000 11.1304
212 132  0.1235  0.0000 11.1304
220 132  0.0540  0.0000  0.0000
228 132 -0.2057  0.0000  0.0000
236 132  0.0000  2.5000  8.8276
244 132  2.5000  0.1180  9.2850
252 132  1.1695  0.0000  0.0000
260 132  0.0000 -0.5000  8.8276
268 132 -0.1223  0.0000  0.0000
276 132 -0.0565  0.0000  0.0000
284 132 -0.0677  0.2414 11.7124
292 132 -1.2541  0.0000 11.1304
  4 140 -0.9472  0.0000  0.0000
 12 140 -0.3706  0.0000  0.0000
 20 140 -0.8726  0.0000 11.1304
 28 140 -0.6918  0.0000 11.1304
 36 140 -0.4569  0.0000 16.1088
 44 140 -0.4054  0.0000 16.1088
 52 140 -0.6500  0.0000 16.1088
 60 140 -1.3992  0.0000 11.1304
 68 140 -1.5000  0.0000  8.2581
 76 140 -1.1693  0.0000 19.1045
 84 140 -0.8919  0.0000 11.1304
 92 140 -0.2776  0.0000 12.0455
100 140  0.0422  0.0000  0.0000
108 140  0.1005  0.0000  0.0000
116 140  0.0408  0.0000 11.1304
124 140 -0.5000  0.0000  8.8276
132 140  0.0000  0.3147  7.9175
140 140  0.1012  0.0000 11.1304
148 140  0.0061  0.0000 11.1304
156 140 -0.1960 -0.5000 11.1304
164 140 -0.0913 -0.2044 18.7317
172 140  0.8568  0.0000  0.0000
180 140  0.0264 -0.3145 11.0777
188 140 -0.5305  0.0000 11.1304
196 140 -0.0930  0.0000  0.0000
204 140  0.0517  0.0000  0.0000
212 140 -0.0474  0.0000  0.0000
220 140 -0.5815  0.0000  0.0000
228 140 -0.5562  0.0000  0.0000
236 140 -0.3781  0.0000 11.1304
244 140 -0.4647  0.0000  0.0000
252 140 -0.3659  0.0000 11.1304
260 140 -0.3629  0.0000  0.0000
268 140 -0.4577  0.0000  0.0000
276 140 -0.7288  0.0000  0.0000
284 140 -1.1318  0.0000 11.1304
292 140 -1.1420  0.0000 17.0667
  4 148 -0.6576  0.0000  0.0000
 12 148 -0.1302  0.0000  0.0000
 20 148  0.3002  0.0000 16.1088
 28 148  0.3596  0.0000 16.1088
 36 148  0.1076  0.0000 16.1088
 44 148 -0.2789  0.0000  0.0000
 52 148 -0.4155  0.0000 11.1304
 60 148 -0.0871  0.0000 11.1304
 68 148  0.0312  5.1203  5.4468
 76 148  0.0000  2.5000  8.8276
 84 148 -0.1792  0.0000 11.1304
 92 148 -0.1633  0.0000 11.1304
100 148 -0.0898  0.0000  0.0000
108 148 -0.3468  2.5000 10.2045
116 148 -1.0000  0.2638  7.7264
124 148  0.0413  0.0000 13.2207
132 148  0.0557  0.0000 17.0667
140 148 -0.0838  0.0000  0.0000
148 148 -0.1818  0.0000  8.0000
156 148 -0.0496  0.0000 16.1088
164 148  0.0000  2.5000  8.8276
172 148  0.0734  0.0000 11.1304
180 148  0.1960  0.0000 11.1304
188 148  0.0000 -0.5000  8.8276
196 148 -0.1821  0.0000  0.0000
204 148 -0.3790  0.0000  0.0000
212 148 -0.4570  0.0000  0.0000
220 148 -0.2037  0.0000  0.0000
228 148  0.3964  0.0000  0.0000
236 148  0.9981  0.0000  0.0000
244 148  1.2628  0.0000  0.0000
252 148  0.9475  0.0000  0.0000
260 148  0.2502  0.0000  0.0000
268 148 -0.5071  0.0000  0.0000
276 148 -0.3303  0.0000  0.0000
284 148 -0.1543  0.0000 11.1304
292 148 -0.0777  0.0000  0.0000
  4 156 -0.1087  0.0000  0.0000
 12 156 -0.1960  0.0000 11.1304
 20 156  0.0000 -0.1960 11.1304
 28 156  0.0000  2.5000  8.8276
 36 156  1.6894  0.0000  0.0000
 44 156 -0.4028  0.0000  0.0000
 52 156 -0.3533  0.0000  0.0000
 60 156 -0.0729  0.0000  0.0000
 68 156  0.0698 -0.2911 10.5124
 76 156  0.4363  0.4002  8.0688
 84 156  0.8473  0.0000  8.4768
 92 156  0.7781  0.0000 11.1304
100 156  0.6000  0.0000 11.1304
108 156  0.5831  0.0000 11.1304
116 156  0.5000  0.0000  8.4768
124 156  0.1760  0.0000 15.0588
132 156  0.0201  0.0000  0.0000
140 156  0.2078  0.0000  0.0000
148 156  0.7358  0.0000 16.1088
156 156  1.5475  0.0000  0.0000
164 156  2.2973  0.0000 11.1304
172 156  2.4933  0.0000  0.0000
180 156  1.7294  0.0000  9.2850
188 156  0.5000  0.0000 11.1304
196 156 -0.5573  0.0000  0.0000
204 156 -0.2837  0.0000  0.0000
212 156 -0.1916  0.0000  0.0000
220 156 -0.1477  0.0000  0.0000
228 156 -0.1617  0.0000  0.0000
236 156 -0.2062  0.0000  0.0000
244 156 -0.1991  0.0000  0.0000
252 156  0.0000  2.5000  8.8276
260 156  4.5000  4.8102  6.3471
268 156 -0.5000  0.5000  8.7605
276 156 -0.4224  0.0000  0.0000
284 156  0.4622  0.0000 11.1304
292 156  1.2547  0.0000 11.1304
  4 164  1.9794  0.0000  8.0688
 12 164  2.3143  0.0000 11.1304
 20 164  1.6547  0.0000  0.0000
 28 164  0.8696  0.0000  0.0000
 36 164  0.6385  0.0000 11.1304
 44 164  0.4498  0.0000  0.0000
 52 164  0.1670  0.0000  0.0000
 60 164  0.0630  0.0000 11.1304
 68 164  0.5000 -0.3889  6.6693
 76 164  1.2892  0.0000 16.6957
 84 164  2.3887  0.0000  0.0000
 92 164  3.4293  0.0000  0.0000
100 164  3.7762  0.0000  0.0000
108 164  2.5308  0.0000  0.0000
116 164  0.9531  0.0000  0.0000
124 164 -0.3901  0.0000 12.0628
132 164 -0.2453  0.0000  0.0000
140 164 -0.2000  0.0000 16.1088
148 164 -0.1759  0.0000 11.1304
156 164 -0.1568  0.0000  0.0000
164 164 -0.0977  0.0000 11.1304
172 164  0.0000  2.5000  8.8276
180 164 -0.5000  0.0000  8.2581
188 164 -0.2780 -0.1270 13.3759
196 164 -0.1955  0.0000  0.0000
204 164  0.5085  0.0000  0.0000
212 164  1.6691  0.0000  0.0000
220 164  2.6835  0.0000  0.0000
228 164  3.5532  0.0000  0.0000
236 164  3.8676  0.0000  0.0000
244 164  2.1981  0.0000  0.0000
252 164  0.5730  0.0000  0.0000
260 164  0.4401  0.0000  0.0000
268 164  0.2059  0.0000  0.0000
276 164 -0.1180  0.0000 11.1304
284 164 -0.4218  0.0000  0.0000
292 164  0.1049  0.0000  0.0000
  4 172  1.1787  0.0000 16.1088
 12 172  2.5263  0.0000 11.1304
 20 172  3.8165  0.0000  0.0000
 28 172  4.5000  4.5000  4.0635
 36 172  2.5998  0.0000 11.1304
 44 172  0.9235  0.0000  0.0000
 52 172 -0.3417  0.0000  0.0000
 60 172 -0.1655  0.0000 16.1088
 68 172 -0.1786 -0.3479  5.5826
 76 172 -0.2033  0.0000  0.0000
 84 172 -0.2354  0.0000  0.0000
 92 172 -0.2549  0.0000  0.0000
100 172 -0.2547  0.0000  0.0000
108 172 -0.2588  0.0000  0.0000
116 172  0.2084  0.0000  0.0000
124 172  1.1838  2.5000  7.5779
132 172  1.5963  0.0000  0.0000
140 172  2.8327  0.0000 11.1304
148 172  3.4842  0.0000  0.0000
156 172  4.0094  0.0000  0.0000
164 172  4.5000 -0.5000  4.0635
172 172  1.7932  0.0000 11.1304
180 172 -0.5000  0.0000  8.2581
188 172  0.1960  0.0000 11.1304
196 172  0.0000 -0.5000  8.8276
204 172 -0.3375  0.0000  0.0000
212 172 -1.2393  0.0000  0.0000
220 172 -0.6231  0.0000  0.0000
228 172  0.5799  0.0000  0.0000
236 172  1.8349  0.0000  0.0000
244 172  2.6908  0.0000  0.0000
252 172  2.6133  0.0000 11.1304
260 172  1.0327  0.0000 11.1304
268 172  0.1784  0.0000  0.0000
276 172 -0.5000  0.0000  8.8276
284 172 -0.0032  0.0000  0.0000
292 172 -0.0881  0.0000  0.0000
  4 180 -0.1883  0.0000 11.1304
 12 180 -0.2976  0.0000  0.0000
 20 180 -0.4150  0.0000  0.0000
 28 180 -0.5000  0.0000 11.1304
 36 180 -0.1989  0.0000  0.0000
 44 180  0.0237 -0.0386 12.1905
 52 180 -1.3070 -0.0337 12.4709
 60 180  1.0000 -0.2638  7.7264
 68 180  3.4015  0.0000 16.1088
 76 180  3.0082  0.0000  0.0000
 84 180  1.8441  0.0000 11.1304
 92 180  0.1960 -0.5000 11.1304
100 180  0.0063  0.0000 11.1304
108 180 -0.6351  0.0000  0.0000
116 180 -0.1968  0.0000 16.1088
124 180  0.0779  0.0000  8.2581
132 180  0.0000 -3.8682 10.2704
140 180 -1.8962  1.5000 10.2400
148 180 -1.0297  0.0000  0.0000
156 180  0.0970  0.0000  0.0000
164 180  1.0941  0.0000  0.0000
172 180  1.5394  0.0000 11.1304
180 180  1.1172  0.0000 11.1304
188 180 -0.3468 -1.0000 10.2045
196 180 -0.2993  0.0000  0.0000
204 180 -0.6483  0.0000  1.0000
212 180  0.2251  0.0000  0.0000
220 180  0.0526  0.0000  0.0000
228 180 -0.1068  0.0000  0.0000
236 180 -0.2434  0.0000 11.1304
244 180 -0.3474  0.0000 11.1304
252 180 -0.3671  0.0000  0.0000
260 180 -0.2044  0.0000  0.0000
268 180 -0.2427  0.0000 11.1304
276 180 -0.5000  0.0000  8.8276
284 180  1.8679  0.0000  0.0000
292 180  4.5000 -0.5000  4.0635
  4 188  2.2983  0.0000 11.1304
 12 188  0.7487  0.0000  0.0000
 20 188 -0.2866  0.0000  0.0000
 28 188 -0.0920 -0.4203  7.9175
 36 188 -0.4636  0.0000  0.0000
 44 188 -0.3622 -0.3124  9.6172
 52 188  0.0032  0.0000 11.1304
 60 188  0.2201  0.0000 16.1088
 68 188  0.0000  2.5000  8.8276
 76 188 -0.1243  0.0000  0.0000
 84 188  0.1697  0.0000 11.1304
 92 188  0.7882  0.0000 16.1088
100 188  1.0999  0.0000  0.0000
108 188  1.4523  0.0000 16.1088
116 188  2.5000  0.0000  8.8276
124 188  0.7824  0.0000  0.0000
132 188 -0.4043 -0.4043  8.0000
140 188  0.4679  0.0000 16.1088
148 188  0.2055  0.0000  0.0000
156 188  0.0024  0.0000 11.1304
164 188 -0.1350  0.0000 11.1304
172 188 -0.2131  0.0000 11.1304
180 188 -0.1909  0.0000  0.0000
188 188 -0.0039  0.0000 13.1641
196 188 -0.0846  0.0000  0.0000
204 188 -0.0110  0.0000  0.0000
212 188  1.2466  0.0000  0.0000
220 188  1.9970  0.0000  0.0000
228 188  0.0000 -0.5000  8.8276
236 188 -0.1364  0.0000  0.0000
244 188 -0.4391  0.0000  0.0000
252 188 -0.3738  0.0000  0.0000
260 188 -0.4470  0.0000  0.0000
268 188 -0.3776  0.0000  0.0000
276 188 -0.2148  0.0000  0.0000
284 188 -0.2243  0.0000 11.1304
292 188 -0.5000  0.2012  9.9121
  4 196  0.0000  2.5000  8.8276
 12 196  0.0000  2.5000 11.1304
 20 196  0.5000  2.5000  5.4468
 28 196  0.2832  0.0000 17.0667
 36 196 -0.2193 -0.0923  7.5156
 44 196  0.0000 -0.5000  8.8276
 52 196 -0.1960  2.5000 11.1304
 60 196 -0.5483  0.0000  0.0000
 68 196  0.6484  0.0000  0.0000
 76 196  0.3150  0.0000  0.0000
 84 196  0.0794  0.0000  0.0000
 92 196 -0.0494  0.0000 11.1304
100 196 -0.1473  0.0000 17.0667
108 196 -0.1960  0.0000 11.1304
116 196  0.1960  2.5000 11.1304
124 196  0.0645  0.0000 16.1088
132 196  0.0418  0.1521 12.6567
140 196  0.8019  0.0000 11.1304
148 196  1.2790  0.0000 11.1304
156 196  0.8114  0.0000 16.1088
164 196  0.8342  0.0000 11.1304
172 196  0.0259  0.0000 16.1088
180 196 -0.3168  0.0000 13.5576
188 196 -0.3516  0.0000  0.0000
196 196 -0.2935  0.0000 16.1088
204 196 -0.2340  0.0000 13.1641
212 196 -0.2813  0.0000  0.0000
220 196 -0.3927  0.0000  0.0000
228 196 -0.1795  0.0000  0.0000
236 196 -0.1164  0.0000  0.0000
244 196  0.1433  0.0000  0.0000
252 196  0.1630  0.0000 11.1304
260 196 -0.1997  0.0000  1.0000
268 196 -0.5000  5.5000  4.0635
276 196 -0.1857  0.0000 11.1304
284 196 -0.1646  0.0000 11.1304
292 196  0.6741  0.0000  0.0000
  4 204  0.3310  0.0000 11.1304
 12 204  0.0802  0.0000  0.0000
 20 204  0.0000  2.5000  8.8276
 28 204 -0.1748  0.0000 11.1304
 36 204 -0.6981  0.0000 16.1088
 44 204 -0.2863  0.0000 11.1304
 52 204  0.0000  2.5000  8.8276
 60 204  0.1817  0.0000  0.0000
 68 204  0.7572  0.0000  0.0000
 76 204  1.4515  0.0000 11.1304
 84 204  2.1245  0.0000 11.1304
 92 204  2.7117  0.0000 11.1304
100 204  0.5180  0.0000  0.0000
108 204 -0.2232  0.0000 12.0628
116 204 -0.1744  0.0000 11.1304
124 204 -0.1007  0.0000 16.1088
132 204 -0.0636  0.0000 20.7059
140 204 -0.0967  0.0000  0.0000
148 204 -0.1775  0.0000  0.0000
156 204 -0.1950  0.0000 11.1304
164 204 -0.1757  0.0000 12.0455
172 204  0.1174  4.1710 14.6131
180 204  0.7770  1.6763  5.4468
188 204  1.0032  0.0000  0.0000
196 204  1.5000  0.0000  8.2581
204 204  0.9223  0.0000  0.0000
212 204  0.8304  0.0000 16.1088
220 204  0.4479  0.0000  0.0000
228 204  0.2259  3.5000  8.2581
236 204  0.0000  2.5000  8.8276
244 204  0.0999  0.0000  0.0000
252 204  0.0000  2.5000  8.8276
260 204 -1.3070  0.0337 12.4709
268 204 -0.6201  0.0000  0.0000
276 204 -0.1893  0.0000  0.0000
284 204  0.1141  0.0000 11.1304
292 204  0.5768  0.0000  0.0000
  4 212  1.2817  0.0000  0.0000
 12 212  2.5000  2.5000  7.6040
 20 212  4.5000  4.5000  4.0635
 28 212  0.1215 -0.1200 17.1775
 36 212 -0.4088  0.0000 16.1088
 44 212  0.0000 -0.5000  8.8276
 52 212  0.1187  0.0000 16.1088
 60 212  0.1940  0.0000  0.0000
 68 212  0.2089  0.0000  0.0000
 76 212  0.1295  0.0000 16.1088
 84 212 -0.0733  0.0000 11.1304
 92 212 -0.1518  0.0000  0.0000
100 212  0.2669  0.0000  0.0000
108 212  1.4845  0.0000 11.1304
116 212  1.0386  0.0000 11.1304
124 212  0.1960  0.0000 11.1304
132 212  0.8153  0.0000  0.0000
140 212  1.7159  0.0000 16.1088
148 212 -0.0981  0.0000 16.1088
156 212 -0.0852  0.0000 12.0628
164 212 -0.0047  0.0000 12.0628
172 212  0.1320  0.0000 16.1088
180 212  0.0570  0.0000 17.2183
188 212 -0.4161  0.0000  0.0000
196 212  0.0000 -0.5000  8.8276
204 212 -0.0677 -0.2414 11.7124
212 212  0.0082  0.0000 11.1304
220 212  0.1463  0.0000  0.0000
228 212  0.2386  0.0000  0.0000
236 212  0.2414  0.0000 11.1304
244 212  1.5702  0.0000 11.1304
252 212  0.0000 -0.5000  8.8276
260 212 -0.4219  0.0000 11.1304
268 212 -0.1221  0.0000  0.0000
276 212  0.1919  0.0000 11.1304
284 212  0.4346  0.0000  0.0000
292 212  0.5524  0.0000 11.1304
  4 220  0.5000  0.0000  8.4768
 12 220  0.0940  0.0000  0.0000
 20 220 -0.1665  0.0000 11.1304
 28 220  0.1556  0.0000 12.2969
 36 220  2.5000 -0.1588 10.5785
 44 220  1.3549  0.0000 16.1088
 52 220  0.4946  0.0000 11.1304
 60 220  1.0847  0.0000 16.1088
 68 220  2.5000  0.1180  9.2850
 76 220 -0.8221  0.0000 16.1088
 84 220 -0.5000  0.0000  8.8276
 92 220  0.0000  2.5000  8.8276
100 220  0.2731  0.0000 11.1304
108 220  0.3039  0.0000 11.1304
116 220  0.1797  0.0000  8.8276
124 220  0.1960  2.5000 11.1304
132 220  0.0539  0.0000  0.0000
140 220 -0.0377  0.0000 11.1304
148 220 -0.0134  0.0000 11.1304
156 220  0.0698 -0.2911 10.5124
164 220 -0.0698 -0.2911 10.5124
172 220 -0.2780  0.1270 13.3759
180 220 -0.7164  0.0000  0.0000
188 220 -0.7573  0.0000  0.0000
196 220 -0.3263  0.0000  0.0000
204 220  0.2516  0.0000 19.1045
212 220  0.7193  0.0000 11.1304
220 220  0.9047  0.0000  0.0000
228 220  0.7161  0.0000  0.0000
236 220  0.2234  0.0000 11.1304
244 220  0.0043  0.0000  0.0000
252 220  0.5292  0.0000  0.0000
260 220  1.5000  0.0000  8.2581
268 220  0.1113 -1.6014 11.9803
276 220 -0.1359  0.0000 11.1304
284 220  0.8235  0.0000  0.0000
292 220  2.5335  0.0000 11.1304
