VARIABLES= "X pix", "Y pix", "U pix/dt", "V pix/dt", "CHC", ZONE I=28, J=37
  4   4  0.0000  0.0000  9.4851
 12   4  0.0000  0.0000  8.5320
 20   4  0.0000  0.0000  8.5320
 28   4 -0.0234 -0.0090  8.7783
 36   4  0.0000  0.0000  8.8141
 44   4  0.0000  0.0000  8.8141
 52   4  0.0662  0.0109  9.4715
 60   4  0.0109 -0.0031  9.8291
 68   4  0.0000  0.0000 10.0615
 76   4  0.0000  0.0000 10.9491
 84   4  0.0000  0.0000 10.9491
 92   4  0.0000  0.0000 11.0258
100   4  0.0000 -0.0279 11.0133
108   4  0.0000  0.0000 11.0244
116   4  0.0138 -0.0136 13.6178
124   4  0.0000 -0.0024 10.9906
132   4 -0.0558 -0.0335 11.0545
140   4  0.0000  0.0000 11.0965
148   4  0.0000  0.0000 11.9483
156   4  0.0000  0.0166 11.5214
164   4 -0.0018 -0.0153 11.7912
172   4 -0.0041 -0.0041 10.1405
180   4  0.0071 -0.0128 11.8843
188   4  0.0000 -0.0279 11.4338
196   4 -0.0226 -0.0007 10.9912
204   4 -0.0053  0.0000 10.2114
212   4 -0.0826  0.0141 11.3274
220   4  0.0000  0.0000 10.6057
228   4  0.0000  0.0000 10.1740
236   4  0.0000  0.0000 12.4810
244   4  0.0088 -0.0179 12.5766
252   4  0.0000  0.0000 12.4405
260   4 -0.0122 -0.0924 11.1554
268   4  0.0000  0.0000 13.6955
276   4 -0.0522  0.0200 10.0650
284   4  0.0000  0.0000 10.0354
292   4 -0.1354  0.0046 10.0675
  4  12  0.0000  0.0000  9.7494
 12  12  0.0000  0.0000 14.4906
 20  12  0.0000  0.0000 11.6053
 28  12  0.3605 -0.8245  9.1774
 36  12  0.0000  0.0000 10.7470
 44  12  0.0000  0.0000  8.7810
 52  12  0.1137 -0.1283  8.3297
 60  12  0.0000 -0.3662 10.4684
 68  12  0.0000  0.0000  7.7329
 76  12  0.0000  0.0000 10.1740
 84  12  0.0000  0.0000  9.3279
 92  12  0.0000  0.0000 11.1304
100  12  0.0466  0.0130 20.8416
108  12 -0.0137 -0.1232 18.1996
116  12 -0.0200  0.1804  8.9628
124  12  0.0000  0.0000  8.1225
132  12  0.0000 -0.1090  7.4457
140  12  0.0659 -0.0154  7.6047
148  12  0.0000  0.0000  8.5442
156  12 -0.0338  0.0083  7.9735
164  12 -0.0064  0.0081 20.8139
172  12  0.0081  0.0049 15.6047
180  12  0.0056  0.0130  8.9558
188  12  0.0121 -0.0121  9.7781
196  12  0.0151 -0.0756 11.6682
204  12  0.0196 -0.0288 11.4603
212  12  0.0000  0.0000 11.9894
220  12  0.0000  0.0000 12.7023
228  12  0.0000  0.0000 12.7023
236  12  0.0000  0.0000 15.6669
244  12  0.0988 -0.0544 18.2857
252  12  0.0000  0.0000 16.5161
260  12  0.0000  0.0000 13.1417
268  12  0.0000  0.0000 12.8622
276  12 -0.0952  0.0632 14.9433
284  12  0.3014 -0.3757  4.8917
292  12  0.0000  0.2883  8.2581
  4  20  0.0000  0.0000 18.2234
 12  20 -0.0170  0.0029 18.2047
 20  20  0.0049  0.0453 16.9166
 28  20  0.0000  0.0000 15.6603
 36  20  0.0431  0.0308 15.2048
 44  20  0.0018  0.0060 13.6727
 52  20 -0.0144 -0.0033 12.7444
 60  20  0.0000  0.0113 12.6211
 68  20 -0.0038  0.0003 13.3659
 76  20  0.0179 -0.0036 12.6127
 84  20  0.0000  0.0000 12.8052
 92  20  0.0006  0.0016 12.3246
100  20  0.0278  0.0213 12.0535
108  20  0.0302  0.0116 15.8797
116  20  0.0035  0.0272 12.4245
124  20  0.0000  0.0000 11.9131
132  20  0.0003 -0.0022 11.3380
140  20 -0.0071  0.0054 13.7416
148  20 -0.0054  0.0018 14.1899
156  20 -0.0564 -0.0328 19.1170
164  20  0.0161  0.0430 24.8769
172  20 -0.0047 -0.0491 17.6555
180  20  0.0052  0.0074 47.0029
188  20  0.0000  0.0000 14.4623
196  20  0.0010  0.0022 17.0880
204  20  0.0000  0.0000 17.2195
212  20  0.0000  0.0000 19.5411
220  20  0.0000  0.0000 18.4234
228  20 -0.0029  0.0174 17.1060
236  20  0.0027 -0.0010 17.7174
244  20  0.0006  0.0035 18.8957
252  20  0.0064 -0.0048 21.4718
260  20  0.0006  0.0080 14.2410
268  20  0.0036 -0.0301 23.5607
276  20  0.0000  0.0000 16.4358
284  20  0.0215 -0.0111 21.6959
292  20  0.0231  0.0367 24.0056
  4  28  0.0000  0.0000  7.7096
 12  28 -0.0105  0.0060  9.9330
 20  28  0.0000  0.0000  9.5896
 28  28  0.0000  0.0000  7.5223
 36  28  0.0000  0.0000  7.1101
 44  28  0.0681  0.0007  6.6892
 52  28 -0.0717 -0.0267  7.1044
 60  28  0.0000  0.0000  7.1213
 68  28  0.0000  0.0000  6.7237
 76  28  0.0000  0.0000  6.7253
 84  28  0.0000 -0.0672  8.6257
 92  28  0.0000  0.0000 10.2551
100  28  0.0124 -0.0010  7.6985
108  28 -0.0061 -0.0115  7.2980
116  28 -0.0215 -0.0351  9.0637
124  28  0.0207 -0.3391  6.6599
132  28  0.0000  0.0000  9.0168
140  28  0.0000  0.0000 12.5445
148  28 -0.0598  0.1450  6.0904
156  28 -0.0380 -0.0042 12.6671
164  28  0.0112  0.0026 17.3622
172  28  0.0546  0.0078 11.8756
180  28  0.0042  0.0039 11.7693
188  28  0.0124 -0.0661 12.3189
196  28  0.0000  0.0000 11.3457
204  28  0.0000  0.0000 10.7372
212  28  0.0000  0.0000  9.3872
220  28  0.0000  0.0000  8.8760
228  28  0.2984 -0.0418  9.2925
236  28 -0.1051  0.2277  8.7991
244  28  0.0262 -0.1595  7.9051
252  28 -0.0237  0.0449  6.3841
260  28  0.0000  0.0000  5.9290
268  28  0.0000  0.0000  6.2450
276  28 -0.0053 -0.0032  6.8841
284  28  0.0678 -0.0232  9.0143
292  28  0.0104  0.0377  6.1275
  4  36  0.0000  0.0000 20.7059
 12  36  0.0000  0.0000 11.5903
 20  36  0.0000  0.0000  9.4208
 28  36  0.1348  0.0333 11.3522
 36  36  0.0000  0.0000 16.2968
 44  36  0.0115  0.1171 14.2850
 52  36  0.0000  0.0000 12.1260
 60  36  0.0000  0.0000 10.5606
 68  36  0.0000  0.0157  7.5991
 76  36 -0.0087 -0.1348  7.4537
 84  36  0.0000  0.0000 13.6379
 92  36  0.0000  0.0000 16.1088
100  36  0.0418  0.1521 12.6567
108  36  0.0000  0.0000 11.1304
116  36 -0.5000  0.0000  8.8276
124  36  0.0000  0.0000  0.0000
132  36  2.5000  0.0000  8.8276
140  36  0.0000  0.0000  0.0000
148  36  0.0039  0.0175  5.6625
156  36 -0.0164 -0.0036 13.5879
164  36 -0.0085 -0.0084 12.6780
172  36 -0.0019  0.0008 12.2297
180  36 -0.0346  0.0021 15.1932
188  36 -0.0823  0.0436  9.3393
196  36 -0.0952  0.0044  8.8163
204  36  0.0000  0.0000  9.1156
212  36  0.0000  0.0000 10.6904
220  36 -0.0965  0.0017 14.7745
228  36  0.0690 -0.0164 13.3885
236  36  0.0000  0.0000 15.2135
244  36  0.0248 -0.0297 13.4174
252  36  0.0318  0.0253 10.8606
260  36  0.0000  0.0000 13.7993
268  36  0.0000  0.0000 13.3851
276  36 -0.3020  0.1670 12.5867
284  36  0.3981  0.0043 17.1381
292  36  0.0982 -0.0387 13.3612
  4  44  0.0222  0.0059 12.3219
 12  44  0.0000  0.0000  9.5208
 20  44  0.0000  0.0000  9.4841
 28  44  0.0000  0.0000  8.5951
 36  44  0.0000  0.0000 11.9011
 44  44  0.0000  0.0000  0.0000
 52  44  0.0000  0.0000  0.0000
 60  44  0.0000  0.0000 11.1304
 68  44  0.0000  0.0000 11.1304
 76  44  2.5000  0.0000  8.8276
 84  44  0.0000  0.0000  0.0000
 92  44  0.4079 -3.5936  7.6826
100  44  0.0000  0.0000 11.1304
108  44  0.0000  0.0000  0.0000
116  44  0.0000  0.0000  0.0000
124  44  0.0000  0.0000  0.0000
132  44  0.0000  0.0000 11.1304
140  44  0.0000  0.0000 10.9491
148  44  0.0012  0.0029  7.8680
156  44 -0.0073  0.0002 24.5798
164  44  0.0032  0.0039 11.3737
172  44 -0.0056  0.0134 13.0691
180  44 -0.0037  0.0020 15.9225
188  44  0.0000  0.0000  7.1808
196  44  0.0000  0.0000 19.1045
204  44 -0.2392  0.1962 10.6896
212  44  0.0000  0.0000 12.8227
220  44  0.1106 -0.0356 15.2339
228  44  0.0000  0.0000 15.0536
236  44 -0.1028  0.0148 13.0815
244  44  0.0000  0.0000 13.3851
252  44  0.0000  0.0000 13.3851
260  44  0.0608 -0.0078 11.7142
268  44  0.0000  0.0000 16.5554
276  44  0.0000  0.0000 10.1738
284  44  0.0000  0.0000 18.6945
292  44 -0.0453 -0.0376 13.7045
  4  52  0.0000  0.0000  0.0000
 12  52  0.0000  0.0000  0.0000
 20  52  0.0418  0.1521 12.6567
 28  52  0.0000  0.0000  0.0000
 36  52  0.0000  0.0000  0.0000
 44  52  0.0000  0.0000  0.0000
 52  52  0.0000  0.0000 11.1304
 60  52  0.0000  0.0000  0.0000
 68  52  0.0000  0.0000 11.1304
 76  52  0.0000  0.1960 11.1304
 84  52  0.0000  0.0000 11.1304
 92  52  0.0000  0.0000 14.0045
100  52  0.0000  0.0000 12.6508
108  52  0.0000  0.0000 11.1304
116  52  0.0000  0.0000 16.2126
124  52  0.0000  0.1556 12.2969
132  52  0.0000  0.0000 11.1304
140  52  0.1411 -0.2133 14.2609
148  52 -0.0678 -0.0249  7.2823
156  52 -0.0538 -0.0335  5.8910
164  52  0.0696  0.0487  5.8187
172  52 -0.0568  0.0653  6.4673
180  52  0.0039 -0.0068  7.8471
188  52  0.0000  0.0000  9.7047
196  52  0.0000  0.0000  0.0000
204  52  0.0000  0.0000  0.0000
212  52  0.0000  0.0000  0.0000
220  52  0.0000  0.0000  0.0000
228  52  0.0000  0.0000  0.0000
236  52  0.0146 -0.1679  7.0644
244  52 -0.0914 -0.1732  8.9714
252  52  0.0593 -0.1844  9.7112
260  52  0.0656  0.0326 15.2216
268  52  0.1195  1.0576  7.0137
276  52  0.0000  0.0000  8.5951
284  52  0.0000  0.0000 10.8982
292  52  0.0000  0.0000  9.0038
  4  60  0.0000  0.0000 16.1088
 12  60  0.0000  0.0000 11.1304
 20  60  0.4043  0.4043  8.0000
 28  60  2.5000  0.0000  8.8276
 36  60  0.0000  0.0000 11.1304
 44  60  0.0000  0.0000  0.0000
 52  60  0.0000  0.0000  0.0000
 60  60  0.0000  0.0000  0.0000
 68  60  0.0000  0.0000 11.1304
 76  60 -0.4043  0.4043  8.0000
 84  60  0.0991  0.0486 12.6970
 92  60  0.0000  0.0000 13.1204
100  60  0.0586  0.1066 13.7503
108  60  0.2711  0.0000 11.9301
116  60  0.0000  0.0000 13.5576
124  60  0.0000  0.0000 11.1304
132  60 -0.2780 -0.1270 13.3759
140  60  0.0000  0.0000 11.1304
148  60  0.0000  0.0000 12.0455
156  60  0.0000  0.0855 10.6035
164  60  0.0000 -0.1960 11.1304
172  60  0.0000  0.0000 16.1088
180  60  0.0597  0.0100  9.8485
188  60  0.0000  0.0000  0.0000
196  60  0.0000  0.0000  0.0000
204  60  0.0000  0.0000  0.0000
212  60  0.0000  0.0000  0.0000
220  60  0.0000  0.0000  0.0000
228  60  0.0000  0.0000  0.0000
236  60  0.0000  0.0000  0.0000
244  60  0.0000  2.5000  8.8276
252  60  0.0000  0.0000 16.1088
260  60 -0.2925 -1.0000  6.9828
268  60 -0.0490 -0.3897  8.6154
276  60  0.0000  0.0000 16.6956
284  60  0.0000  0.0000 11.1304
292  60 -0.0515 -1.7720  7.4160
  4  68  0.0000  0.0000 16.1088
 12  68  0.0000  0.0000 11.1304
 20  68 -0.1490  1.5781 10.6945
 28  68  0.0000 -1.7251  8.5018
 36  68  0.0000  0.0000 11.1304
 44  68  0.0000  0.0000 11.1304
 52  68 -0.5000  4.5000  4.0635
 60  68  0.0000  2.5000  8.8276
 68  68  0.0000  0.0000 16.6957
 76  68  0.0000  0.0000 13.3565
 84  68 -0.0841  0.0000  8.3413
 92  68 -0.1616 -0.0153  7.6513
100  68  0.0000  0.0000 13.3565
108  68  0.0000  0.0000 11.0903
116  68  0.0000  0.0000 12.0628
124  68  0.0000  0.0000 11.1304
132  68  0.0000  0.0000 11.1304
140  68 -0.5000  0.0000  8.8276
148  68  0.0000  0.0000 10.1191
156  68  0.0000  0.0000 11.1304
164  68  0.0000  0.0000  0.0000
172  68  0.0000  0.0000 11.1304
180  68  0.0000  0.0000  0.0000
188  68  0.8625 -0.5000  6.5641
196  68     NaN  0.0000  5.4468
204  68  0.0000  0.0000  0.0000
212  68  0.0000  0.0000 11.1304
220  68  0.0000  0.0000  0.0000
228  68  0.0000  0.0000  0.0000
236  68  0.0000  0.0000  0.0000
244  68  0.0000  0.0000  0.0000
252  68  0.0000  0.0000  0.0000
260  68  0.0000  0.0000  0.0000
268  68  0.0000  0.0000 11.1304
276  68 -0.3510 -0.0178  7.1472
284  68  0.0000  0.0000 14.0992
292  68  0.0000  0.0000 16.3003
  4  76  0.0000  0.0000  0.0000
 12  76  0.1151 -0.1151 16.5161
 20  76 -0.0677  0.2414 11.7124
 28  76  0.0000  0.0000 11.0903
 36  76  0.0000  0.0000 10.8982
 44  76  0.2002  0.2043  7.1490
 52  76 -0.1246  0.0337 11.2234
 60  76 -0.3733 -0.0349 10.0898
 68  76 -0.0920  0.0300 12.9048
 76  76  0.1212 -0.0530 16.6957
 84  76  0.0000  0.0000  0.0000
 92  76  0.0000  0.0000  0.0000
100  76  0.0000  0.0000  0.0000
108  76  0.0000  0.0000 11.1304
116  76 -0.7310 -0.0473 13.1402
124  76  0.0000  0.0000 16.1088
132  76  0.0000  0.0000 16.1088
140  76  0.2907 -0.0403 10.5761
148  76  1.1711 -0.0215 11.8291
156  76  0.0000  0.0000 13.3565
164  76  0.0000  0.0000 11.1304
172  76  0.0000  0.0000 16.1088
180  76  0.0000  0.0000 11.1304
188  76  0.0000  0.0000 11.1304
196  76  0.0000  0.0000  0.0000
204  76  0.0000  0.0000 11.1304
212  76  0.0000  0.0000  0.0000
220  76  0.0000  0.0000 11.1304
228  76 -0.5000 -0.5000  4.0635
236  76  0.0000  0.0000  0.0000
244  76  0.0000  0.0000  0.0000
252  76  0.0000  0.0000 11.1304
260  76 -0.5000  4.5000  4.0635
268  76 -0.0585  0.2413 13.6170
276  76  0.0000  0.0000 11.1304
284  76  0.0000  0.0000  0.0000
292  76  0.0000  0.0000 11.1304
  4  84  4.5000  4.5000  4.0635
 12  84 -0.1151 -0.1151 16.5161
 20  84  0.0000  0.0000 16.1088
 28  84  0.0000  0.0000 16.1088
 36  84  0.0000  0.0000 17.0667
 44  84 -1.5000  0.0000  8.2581
 52  84  0.0000  0.0000 17.0667
 60  84 -0.0329  0.0219 13.6400
 68  84  0.0000  0.0000 11.1304
 76  84  0.0000  0.0000 11.1304
 84  84  0.0000  0.0000  0.0000
 92  84  0.0000  0.0000  0.0000
100  84  0.0000  0.0000 16.1088
108  84 -0.0825  0.0825  9.2850
116  84 -0.2941  0.2017 13.7014
124  84  0.0000  0.0000 11.1304
132  84  0.0000  0.0000 16.4760
140  84  0.0000  1.7251  8.5018
148  84  0.0000  0.0000 11.1304
156  84  0.0000  0.0000  0.0000
164  84  0.0000  0.0000 11.1304
172  84  0.0000  0.0000  0.0000
180  84  0.0000  0.0000  0.0000
188  84  0.0000  0.0000 11.1304
196  84  0.0000  0.0000  0.0000
204  84  0.0000  0.0000  0.0000
212  84  0.0000  0.0000 11.1304
220  84  0.0000  0.0000  0.0000
228  84  0.0000  0.0000  8.0688
236  84  0.0000  0.0000  0.0000
244  84  0.0000  0.0000 11.1304
252  84 -0.5000  0.0000  8.8276
260  84  0.0000  0.0000  8.4768
268  84  0.0000  0.0000 19.4783
276  84  0.0000  0.0000 11.1304
284  84  0.0000  0.0000 11.1304
292  84  0.0000  0.0000  0.0000
  4  92 -0.3822  0.0414  9.0619
 12  92  0.1469  0.0000 10.3584
 20  92  0.0000  0.0000 12.0628
 28  92  0.0000  0.0000 16.1088
 36  92  0.0000  0.0000 22.2609
 44  92  0.0000  0.0000  9.5632
 52  92  0.1706 -0.0862 16.7979
 60  92  0.0557  0.0193 15.2661
 68  92  0.0000  0.0000 11.0903
 76  92  0.8269  0.1589  9.6044
 84  92     NaN  0.0000 17.0667
 92  92  0.0000  0.0000 16.1088
100  92  0.0000  0.0000 11.1304
108  92  0.0000  0.0000 11.1304
116  92  0.0000  0.0000 16.1088
124  92  0.1979  0.4484  8.5173
132  92  0.0000  0.0000  8.3912
140  92  0.0000  0.0000 11.1304
148  92  0.0000  0.0000  0.0000
156  92  0.0000  0.0000 11.1304
164  92  0.0000  0.0000  0.0000
172  92  0.0000  0.0000 11.1304
180  92  0.0000  0.0000 11.1304
188  92  0.0000  0.0000  0.0000
196  92  0.0000  0.0000  0.0000
204  92  0.0000  0.0000  0.0000
212  92  0.0000  0.0000  0.0000
220  92  0.0000  0.0000 16.1088
228  92  0.1960  2.5000 11.1304
236  92  0.0000  0.0000 16.1088
244  92  0.0000 -0.5000  8.8276
252  92  0.0000  0.0000 11.1304
260  92  0.0000  0.0000  0.0000
268  92  2.5000  0.1588 10.5785
276  92  0.0000  0.0000  0.0000
284  92  0.0000  0.0000  0.0000
292  92  0.0000  0.0000  0.0000
  4 100  0.0000  0.0000 11.9011
 12 100 -0.3247  1.0473  6.7735
 20 100  0.0000  0.0000  8.0000
 28 100 -0.5000 -0.5000  4.0635
 36 100  0.0000  0.0000 13.1731
 44 100 -0.5000 -0.1588 10.5785
 52 100 -0.5000 -0.5000  4.0635
 60 100  0.0000  0.0000 16.1088
 68 100  0.2080  0.2715 12.3107
 76 100  0.0000 -0.5000  8.8276
 84 100  0.0000  0.0000 16.1088
 92 100  0.0000  0.0000 16.1088
100 100  0.0000  0.0000 11.1304
108 100  0.0000  0.0000 11.1304
116 100  0.0000  0.0000  0.0000
124 100  0.0000  0.0000 19.1045
132 100  0.0000  0.0000 11.1304
140 100  0.0000  0.0000 11.1304
148 100  0.0000  0.0000 16.1088
156 100  0.0000  0.0000 13.1641
164 100     NaN  0.0000 17.0667
172 100  0.0000  0.0000  0.0000
180 100  0.0000  0.0000  0.0000
188 100  0.0000  0.0000  0.0000
196 100  0.1960 -0.5000 11.1304
204 100  0.0000  0.0000  0.0000
212 100  0.0000  0.0000 11.1304
220 100  0.0000  0.0000 11.1304
228 100  0.0000  0.0000 16.1088
236 100  0.0000  0.0000 11.1304
244 100  0.0000  0.0000 11.1304
252 100 -0.2080 -0.2715 12.3107
260 100  0.0000  0.0000  0.0000
268 100  0.0000  0.0000  0.0000
276 100  0.0000  0.0000  0.0000
284 100  0.0000  0.0000  0.0000
292 100  0.0000  0.0000 11.1304
  4 108  0.0000  0.0000 11.1304
 12 108  0.0000  0.0000  8.2581
 20 108  0.2761  0.0806  9.3746
 28 108  0.0000  0.0000 13.3260
 36 108  0.0000  0.0000 13.2207
 44 108 -0.2093 -0.0299 13.0089
 52 108  0.0000  0.0000 13.3565
 60 108  0.0000  0.0000  0.0000
 68 108  0.0000 -0.5000  8.8276
 76 108 -0.0557 -0.0193 15.2661
 84 108  0.0000  0.0000  8.0000
 92 108  0.0000  0.0000  0.0000
100 108  0.0000  0.0000 11.1304
108 108  0.0000  0.0000 11.1304
116 108  2.5000  0.0000  8.8276
124 108  0.1123  0.0711 13.6764
132 108  0.0000  0.0000 11.1304
140 108  0.0000  0.0000  0.0000
148 108  0.0000  0.0000 19.1045
156 108 -0.2749  0.0000  8.5018
164 108  0.0000  0.0000  0.0000
172 108  0.0000  0.0000  0.0000
180 108  0.0000  0.0000  0.0000
188 108  0.0000  0.0000  0.0000
196 108  0.0000  0.0000 16.1088
204 108  0.0000  0.0000  0.0000
212 108  0.0000  0.0000  0.0000
220 108  0.0000  0.0000  0.0000
228 108  0.0000  0.0000  0.0000
236 108  0.0000  0.0000  0.0000
244 108  0.0000  0.0000  0.0000
252 108  0.0000  0.0000  0.0000
260 108  0.0000  0.0000  8.0000
268 108  0.0000  0.0000 16.1088
276 108  1.1838 -0.5000  7.5779
284 108  0.0000  0.0000  0.0000
292 108  0.0000  0.0000 16.1088
  4 116  0.0000  0.0000 11.1304
 12 116  0.1841 -0.0418 12.3683
 20 116 -0.1326  0.0000 10.6209
 28 116  0.0000  0.0000 16.1088
 36 116  0.0000  0.0000  0.0000
 44 116 -0.1313 -0.0812 16.9211
 52 116  0.1151  0.1151 16.5161
 60 116  0.0000  0.0000 16.1088
 68 116  0.0000  0.0000 16.1088
 76 116  0.0000  0.0000 11.1304
 84 116  0.0000  0.0000  0.0000
 92 116  0.0000  0.0000  0.0000
100 116  0.0000  0.0000 11.1304
108 116  0.0000  0.0000 16.1088
116 116  0.0000  0.0000 11.1304
124 116  2.5000  0.0000  8.8276
132 116  0.0000  0.0000  0.0000
140 116 -0.0755  0.0653 11.8819
148 116  0.0000  0.0000  0.0000
156 116  0.3627 -0.4006  7.8168
164 116  0.0000  0.0000 11.1304
172 116  0.0000  0.0000  0.0000
180 116  0.0000  0.0000  0.0000
188 116  0.0000  0.0000 11.1304
196 116  0.0000  0.0000 11.1304
204 116  0.0000  0.0000 11.1304
212 116  0.0000  0.0000 16.1088
220 116  0.0000  0.0000 16.1088
228 116  0.0000  0.0000 11.1304
236 116 -0.5000  0.0000  8.8276
244 116 -0.5000  4.5000  4.0635
252 116  0.0000  0.0000  0.0000
260 116  0.0000  0.0000 11.1304
268 116 -1.1838 -0.5000  7.5779
276 116  4.5000  4.5000  4.0635
284 116  0.0000  0.0000 16.1088
292 116 -0.0418 -0.1521 12.6567
  4 124  0.0000  0.0000 16.1088
 12 124  0.0000  0.0000  0.0000
 20 124  0.0000  0.0000 16.1088
 28 124  0.0000  0.0000  0.0000
 36 124  0.0000  0.0000  0.0000
 44 124  0.0000  0.0000  0.0000
 52 124  0.2941 -0.2017 13.7014
 60 124  0.0000  0.0000 16.1088
 68 124  0.0000  0.0000 16.1088
 76 124  0.0000  0.0000  0.0000
 84 124  0.0000  0.0000 16.9590
 92 124  2.5000 -0.2758  6.3232
100 124  0.0000  0.0000 16.1088
108 124  0.0000  0.0000 16.1088
116 124  0.0000  0.0000  6.6667
124 124  0.0000  0.0000  6.6275
132 124  0.0000  2.5000  8.8276
140 124  0.0000  0.0000 16.1088
148 124  0.0000  0.0000  0.0000
156 124  0.1556  0.0000 12.2969
164 124  0.0000  0.0000  0.0000
172 124  0.0000  0.0000  0.0000
180 124  0.0000  0.0000 16.1088
188 124 -0.4043 -0.4043  8.0000
196 124  0.2875  0.1417 10.3838
204 124 -0.5000 -0.0825 10.4642
212 124  0.0000  0.0000 11.1304
220 124  0.0000  0.0000  0.0000
228 124  1.0492 -0.0305 12.6667
236 124  0.0000  0.0000 16.1088
244 124  0.0000  0.0000  8.0000
252 124  0.0000  0.0000 11.1304
260 124  0.0000 -0.5000  8.8276
268 124  0.0000  0.0000  0.0000
276 124  0.0000  0.0000  0.0000
284 124  0.0000  0.0000 11.1304
292 124 -0.2117 -1.1735 13.4737
  4 132  0.0000  0.0000  0.0000
 12 132  0.0000  0.0000  0.0000
 20 132  0.0000  0.0000  0.0000
 28 132  0.0000  0.0000  0.0000
 36 132  0.0000  0.0000  0.0000
 44 132  0.0000  0.0000  0.0000
 52 132 -0.1180  2.5000  9.2850
 60 132  0.0000  0.0000 11.1304
 68 132  0.0000  0.0000  0.0000
 76 132  0.0000  0.0000 22.2609
 84 132  0.0000  0.0000 14.5615
 92 132  1.0000  0.0000  9.2850
100 132  0.0000  0.0000 11.1304
108 132  0.0000  0.0000 17.0667
116 132 -0.0132  0.0158  6.1945
124 132  0.0000  0.0235  6.2018
132 132  0.3897  0.0196 12.1592
140 132  0.0000  0.0000 11.9011
148 132  0.0000  0.0000  0.0000
156 132  0.0000  0.0000 12.0628
164 132  0.0000  0.0000  0.0000
172 132  0.0000  0.0000 11.1304
180 132  0.0000  0.0000 12.0628
188 132  0.0000  0.0000 11.1304
196 132  0.0000  0.0000 11.1304
204 132  0.0000  0.0000 11.1304
212 132  0.0000  0.0000 11.1304
220 132  0.0000  0.0000  0.0000
228 132  0.0000  0.0000  0.0000
236 132 -0.5000 -0.5000  4.0635
244 132  0.0000  0.0000 16.1088
252 132  0.0000  0.0000  0.0000
260 132  0.0000  0.0000 11.1304
268 132  0.0000  0.0000  0.0000
276 132 -0.5000  0.0000  8.8276
284 132  0.1960  2.5000 11.1304
292 132  0.0000  0.0000 11.1304
  4 140  0.0000  0.0000  0.0000
 12 140  0.0000  0.0000  0.0000
 20 140  0.0000  0.0000 11.1304
 28 140  0.0000  0.0000 11.1304
 36 140  0.1151  0.1151 16.5161
 44 140  0.0000  0.0000 16.1088
 52 140  0.0000  0.0000 16.1088
 60 140  0.0000  0.0000 11.1304
 68 140  4.5000  4.5000  4.0635
 76 140  0.0000  0.0000 19.1045
 84 140  0.0000  0.0000 11.1304
 92 140  0.0000  0.0000 12.0455
100 140  0.0000  0.0000  0.0000
108 140  0.0000  0.0000  0.0000
116 140  0.0000  0.0000 11.1304
124 140  2.5000  0.0000  8.8276
132 140  0.0000 -0.3147  7.9175
140 140  0.0000  0.0000 11.1304
148 140  0.0000  0.0000 11.1304
156 140  0.0000  0.0000 22.2609
164 140  0.1960 -0.5000 11.1304
172 140  0.0000  0.0000  0.0000
180 140 -0.0264  0.3145 11.0777
188 140  0.0000  0.0000  0.0000
196 140  0.0000  0.0000  0.0000
204 140  0.0000  0.0000  0.0000
212 140  0.0000  0.0000  0.0000
220 140  0.0000  0.0000  0.0000
228 140  0.0000  0.0000  0.0000
236 140  0.0000  0.0000  0.0000
244 140  0.0000  0.0000  0.0000
252 140  0.0000  0.0000 11.1304
260 140  0.0000  0.0000  0.0000
268 140  0.0000  0.0000  0.0000
276 140  0.0000  0.0000  0.0000
284 140  0.0000  0.0000 11.1304
292 140  0.0000  0.0000 17.0667
  4 148  0.0000  0.0000  0.0000
 12 148  0.0000  0.0000  0.0000
 20 148  0.0000  0.0000 16.1088
 28 148  0.0000  0.0000 16.1088
 36 148  0.0000  0.0000 16.1088
 44 148  0.0000  0.0000  0.0000
 52 148  0.0000  0.0000  0.0000
 60 148  0.0000  0.0000 11.1304
 68 148  0.0000  0.0000 17.0667
 76 148  0.0000  0.0000 16.1088
 84 148  0.0000  0.0000 11.1304
 92 148  0.0000  0.0000 11.1304
100 148  0.0000  0.0000  0.0000
108 148  0.0000  0.0000 16.1088
116 148  0.0000  2.5000  8.9154
124 148  0.1603  0.0000  6.3054
132 148  0.0000  0.0000  0.0000
140 148  0.0000  0.0000  0.0000
148 148  0.0000  0.0000  8.0000
156 148  0.0000  0.0000 16.1088
164 148  0.0000  0.0000 11.1304
172 148  0.0000  0.0000  0.0000
180 148 -0.1960  0.0000 11.1304
188 148  0.0000  2.5000  8.8276
196 148  0.0000  0.0000  0.0000
204 148  0.0000  0.0000  0.0000
212 148  0.0000  0.0000  0.0000
220 148  0.0000  0.0000  0.0000
228 148  0.0000  0.0000  0.0000
236 148  0.0000  0.0000  0.0000
244 148  0.0000  0.0000  0.0000
252 148  0.0000  0.0000  0.0000
260 148  0.0000  0.0000  0.0000
268 148  0.0000  0.0000  0.0000
276 148  0.0000  0.0000  0.0000
284 148  0.0000  0.0000 11.1304
292 148  0.0000  0.0000  0.0000
  4 156  0.0000  0.0000  0.0000
 12 156  0.0000  2.5000  8.8276
 20 156  2.5000  0.0000  8.8276
 28 156  0.0000  0.0000 16.1088
 36 156  0.0000  0.0000  0.0000
 44 156  0.0000  0.0000  0.0000
 52 156  0.0000  0.0000  0.0000
 60 156  0.0000  0.0000  0.0000
 68 156 -0.0698  0.2911 10.5124
 76 156 -0.2769 -0.0575 10.2185
 84 156  0.0000  0.0000 11.1304
 92 156  0.0000  0.0000 11.1304
100 156  0.0000  0.0000 11.1304
108 156  0.0000  0.0000 11.1304
116 156  0.0000  0.0000 11.1304
124 156  0.0000  0.0000 19.1045
132 156  0.0000  0.0000  0.0000
140 156  0.0000  0.0000  0.0000
148 156  2.5000  0.0000  8.8276
156 156  0.0000  0.0000  0.0000
164 156  0.0000  0.0000  0.0000
172 156  0.0000  0.0000  0.0000
180 156  1.0000  0.0000  8.2581
188 156  0.0000  0.0000 11.1304
196 156  0.0000  0.0000  0.0000
204 156  0.0000  0.0000  0.0000
212 156  0.0000  0.0000  0.0000
220 156  0.0000  0.0000  0.0000
228 156  0.0000  0.0000  0.0000
236 156  0.0000  0.0000  0.0000
244 156  0.0000  0.0000  0.0000
252 156  0.0000 -0.5000  8.8276
260 156  0.3066 -0.2613  9.6402
268 156  1.0503 -0.5000  7.2590
276 156  0.0000  0.0000  0.0000
284 156  0.0000  0.0000 11.1304
292 156 -0.5000  0.0000  8.8276
  4 164  0.0000  0.0000 11.1304
 12 164  0.0000  0.0000 11.1304
 20 164  1.5000  0.0000  8.2581
 28 164  0.0000  0.0000 11.1304
 36 164  0.0000  0.0000 11.1304
 44 164  0.0000  0.0000  0.0000
 52 164  0.0000  0.0000  0.0000
 60 164  0.0000  0.0000 11.1304
 68 164 -0.5000  0.2274  6.6693
 76 164  0.0000  0.0000 16.6957
 84 164  0.0000  0.0000  0.0000
 92 164  0.0000  0.0000  0.0000
100 164  0.0000  0.0000  0.0000
108 164  0.0000  0.0000  0.0000
116 164  0.0000  0.0000  0.0000
124 164  0.0000  0.0000 12.0628
132 164  0.0000  0.0000  0.0000
140 164  1.3070  0.0337 12.4709
148 164  0.0000  0.0000  0.0000
156 164  0.0000  0.0000  0.0000
164 164  0.0000  0.0000 11.1304
172 164  0.0000  0.0000 11.1304
180 164  0.0000  0.0000  8.2581
188 164 -0.1068 -0.3135 15.1963
196 164  0.0000  0.0000  0.0000
204 164  0.0000  0.0000  0.0000
212 164  0.0000  0.0000  0.0000
220 164  0.0000  0.0000  0.0000
228 164  0.0000  0.0000  0.0000
236 164  0.0000  0.0000  0.0000
244 164  0.0000  0.0000  0.0000
252 164  0.0000  0.0000  0.0000
260 164  0.0000  0.0000  0.0000
268 164  0.0000  0.0000  0.0000
276 164  0.0000  0.0000 11.1304
284 164  0.0000  0.0000  0.0000
292 164  0.0000  0.0000  0.0000
  4 172  0.0000  0.0000 16.1088
 12 172  0.0000  0.0000  0.0000
 20 172  0.0000  0.0000  0.0000
 28 172  0.0000 -0.5000  8.8276
 36 172  0.0000  0.0000 11.1304
 44 172  0.0000  0.0000  0.0000
 52 172  0.0000  0.0000  0.0000
 60 172  0.0000  0.0000 16.1088
 68 172  1.5000  0.0000  8.2581
 76 172  0.0000  0.0000  0.0000
 84 172  0.0000  0.0000  0.0000
 92 172  0.0000  0.0000  0.0000
100 172  0.0000  0.0000  0.0000
108 172  0.0000  0.0000  0.0000
116 172  0.0000  0.0000  0.0000
124 172  0.0000  0.0000 16.1088
132 172  0.0000  0.0000  0.0000
140 172  1.5000  0.0000  8.2581
148 172  0.0000  0.0000  0.0000
156 172  0.0000  0.0000  0.0000
164 172 -0.5000  4.5000  4.0635
172 172 -0.1960  0.0000 11.1304
180 172  0.0000  0.0000 17.0667
188 172 -0.2917  0.0000 11.1304
196 172  0.0000  0.0000 11.1304
204 172  0.0000  0.0000  0.0000
212 172  0.0000  0.0000  0.0000
220 172  0.0000  0.0000  0.0000
228 172  0.0000  0.0000  0.0000
236 172  0.0000  0.0000  0.0000
244 172  0.0000  0.0000  0.0000
252 172  0.0000  0.0000 11.1304
260 172  0.0000  0.0000 11.1304
268 172  0.0000  0.0000  0.0000
276 172 -0.1313  0.0812 16.9211
284 172  0.0000  0.0000  0.0000
292 172  0.0000  0.0000  0.0000
  4 180  0.0000  0.0000 11.1304
 12 180  0.0000  0.0000  0.0000
 20 180  0.0000  0.0000  0.0000
 28 180  0.3732  0.3694 10.3318
 36 180  0.0000  0.0000 17.0667
 44 180  0.0000  0.0000 15.1247
 52 180  0.0000  0.0000 13.1641
 60 180 -0.5000  0.0000  8.2581
 68 180  0.0000  0.0000 16.1088
 76 180  0.0000  0.0000  0.0000
 84 180  0.0000  0.0000 11.1304
 92 180  0.0000  2.5000  8.8276
100 180 -0.5000  4.5000  4.0635
108 180  0.0000  0.0000  0.0000
116 180  0.0000  0.0000 16.1088
124 180  0.0000  0.0000  8.2581
132 180     NaN  0.2302  9.0724
140 180  0.6939 -1.5906 10.3613
148 180  0.0000  0.0000  0.0000
156 180  0.0000  0.0000  0.0000
164 180  0.0000  0.0000  0.0000
172 180  0.0000  0.0000 11.1304
180 180 -0.5000 -0.1588 10.5785
188 180  0.5000  0.0000 11.1304
196 180  0.0000  0.0000 11.1304
204 180  0.0000  0.0000  0.0000
212 180  0.0000  0.0000 11.1304
220 180  0.0000  0.0000  0.0000
228 180  0.0000  0.0000  0.0000
236 180  0.0000  0.0000 11.1304
244 180  0.0000  0.0000 11.1304
252 180  0.0000  0.0000  0.0000
260 180  0.0000  0.0000  0.0000
268 180  0.0000  0.0000  0.0000
276 180  2.5000  0.0000  8.8276
284 180  0.0000  0.0000  0.0000
292 180 -0.5000  4.5000  4.0635
  4 188  0.0000  0.0000 11.1304
 12 188  0.0000  0.0000  0.0000
 20 188  0.0000  0.0000  0.0000
 28 188  0.0920  0.4203  7.9175
 36 188  0.0000  0.0000  0.0000
 44 188  0.3622  0.3124  9.6172
 52 188  0.0000  0.0000 11.1304
 60 188  0.0000  0.0000 16.1088
 68 188  0.0000 -0.5000  8.8276
 76 188  0.0000  0.0000  0.0000
 84 188  0.0000  0.0000 11.1304
 92 188  0.0000  0.0000 16.1088
100 188  0.0000  0.0000  0.0000
108 188  0.0000  0.0000 16.1088
116 188  0.0000  0.0000 16.1088
124 188  0.0000  0.0000  0.0000
132 188  0.4043  0.4043  8.0000
140 188  0.0000  0.0000 16.1088
148 188  0.0000  0.0000  0.0000
156 188  0.0000  0.0000  0.0000
164 188 -0.1960  2.5000 11.1304
172 188  0.0000  0.0000 11.1304
180 188  0.0000  0.0000  0.0000
188 188 -1.3070  0.0337 12.4709
196 188  4.5000  4.5000  4.0635
204 188  0.0000  0.0000 11.1304
212 188  0.0000  0.0000  0.0000
220 188  0.0000  0.0000 11.1304
228 188  0.0000  0.0000 16.1088
236 188  0.0000  0.0000  0.0000
244 188  0.0000  0.0000  0.0000
252 188  0.0000  0.0000  0.0000
260 188  0.0000  2.5000  8.8276
268 188  0.0000  0.0000  0.0000
276 188 -0.5000  0.0000  8.8276
284 188  0.0000  0.0000 11.1304
292 188  0.0000  0.0000 10.1191
  4 196  0.0000  0.0000 11.1304
 12 196  0.0000  0.0000  0.0000
 20 196 -0.3308 -0.1127 11.8471
 28 196  0.0000  0.0000 17.0667
 36 196  0.0000  0.0000  8.0000
 44 196  0.0000  0.0000 11.1304
 52 196  4.5000 -4.7609  8.2581
 60 196  0.0000  0.0000  0.0000
 68 196  0.0000  0.0000  0.0000
 76 196  0.0000  0.0000  0.0000
 84 196  0.0000  0.0000  0.0000
 92 196  0.0000  0.0000 11.1304
100 196  0.0000  0.0000  1.0000
108 196  0.0000  0.0000 11.1304
116 196  0.0000  0.0000 22.2609
124 196  0.0000  0.0000 16.1088
132 196 -0.0418 -0.1521 12.6567
140 196  0.0000  0.0000 11.1304
148 196  0.0000  0.0000 11.1304
156 196  0.0000  0.0000 16.1088
164 196  0.0000  0.0000 11.1304
172 196  0.0000  0.0000 16.1088
180 196  0.0000  0.0000 13.5576
188 196  0.0000  0.0000 17.0667
196 196  0.0000  0.0000 16.1088
204 196  0.0000  0.0000 13.1641
212 196  0.0000  0.0000 11.1304
220 196  0.0000  0.0000 11.1304
228 196  0.0000  0.0000  0.0000
236 196  0.0000  0.0000  0.0000
244 196  0.0000  0.0000  0.0000
252 196  0.0000  0.0000 11.1304
260 196     NaN  0.0000  5.4468
268 196  0.0000 -0.5000  8.8276
276 196  0.0000  0.0000 11.1304
284 196  0.0000  0.0000 11.1304
292 196  0.0000  0.0000  0.0000
  4 204  0.0000 -0.5000  8.8276
 12 204  0.0000  0.0000 11.1304
 20 204  0.0000 -0.5000  8.8276
 28 204  0.1063  0.0000  6.9728
 36 204  0.2780 -0.1270 13.3759
 44 204  0.1960 -0.5000 11.1304
 52 204  0.0000  0.0000 11.1304
 60 204  0.0000  0.0000  0.0000
 68 204  0.0000  0.0000  0.0000
 76 204  0.0000  0.0000 11.1304
 84 204  0.0000  0.0000 11.1304
 92 204  0.0000  0.0000  0.0000
100 204  0.0000  0.0000  0.0000
108 204  0.0000  0.0000 12.0628
116 204  0.0000  0.0000 11.1304
124 204  0.0000  0.0000 16.1088
132 204 -0.1546  0.0660 18.6254
140 204  0.0000  0.0000  0.0000
148 204  0.0000  0.0000  0.0000
156 204 -1.5000  0.0000  8.2581
164 204  0.0000  0.0000 12.0455
172 204  0.0000  0.0000 16.1088
180 204  0.0000  0.0000  0.0000
188 204  0.0000  0.0000  0.0000
196 204 -1.5000  0.0000  8.2581
204 204  0.0000  0.0000  0.0000
212 204  0.0000  0.0000 16.1088
220 204  0.0000  0.0000  0.0000
228 204  0.0968 -0.2055 14.3147
236 204  0.0000  0.0000 16.1088
244 204  0.0000  0.0000  0.0000
252 204  0.0000 -0.5000  8.8276
260 204  0.0000 -0.5000  8.8276
268 204  0.0000  0.0000  0.0000
276 204  0.0000  0.0000  0.0000
284 204  0.0000  0.0000 11.1304
292 204  0.0000  0.0000  0.0000
  4 212  0.0000  0.0000  0.0000
 12 212  0.0000  0.0000 11.1304
 20 212  0.0000  0.0000  0.0000
 28 212  0.1068 -0.3135 15.1963
 36 212  0.0418 -0.1521 12.6567
 44 212  0.0000  0.0000 16.1088
 52 212  0.0000  0.0000 16.1088
 60 212  0.0000  0.0000  0.0000
 68 212  0.0000  0.0000 11.1304
 76 212  0.0000  2.5000  8.8276
 84 212  0.0000  0.0000  0.0000
 92 212  0.0000  0.0000  0.0000
100 212  0.0000  0.0000  0.0000
108 212  0.0000  0.0000 11.1304
116 212  0.0000  0.0000 11.1304
124 212 -0.0832 -0.3131  9.8462
132 212  0.0000  0.0000  0.0000
140 212  0.0000  0.0000 16.1088
148 212  0.0000  2.5000  8.8276
156 212  0.0000  0.0000 12.0628
164 212  0.0698  0.2911 10.5124
172 212  0.0000  0.0000 16.1088
180 212  0.0634  0.0922 12.5396
188 212  0.0000  0.0000  0.0000
196 212  0.0000  0.0000 11.1304
204 212  0.0000  0.0000  0.0000
212 212  0.0000  0.0000 11.1304
220 212  0.0000  0.0000  0.0000
228 212  0.0000  0.0000  0.0000
236 212  0.0000  0.0000 20.7059
244 212  0.0000  0.0000 11.1304
252 212  0.0000  0.0000 11.1304
260 212  0.0000  0.0000 11.1304
268 212  0.0000  0.0000  0.0000
276 212  0.0000  0.0000 11.1304
284 212  0.0000  0.0000  0.0000
292 212  0.0000  0.0000  0.0000
  4 220  0.0000 -0.5000  8.9154
 12 220  0.0000  0.0000  0.0000
 20 220  0.0000  0.0000 11.1304
 28 220  0.0000  0.0000 13.0803
 36 220  0.2414  0.0000 11.1304
 44 220  0.0000  0.0000 16.1088
 52 220  0.0000  0.0000 11.1304
 60 220  0.0000  0.0000 16.1088
 68 220  0.2568 -0.0627  8.5469
 76 220 -0.5000  0.0000  8.8276
 84 220  0.0000  0.0000  0.0000
 92 220  0.0000  0.0000  0.0000
100 220  0.0000  0.0000 11.1304
108 220  0.0000  0.0000 11.1304
116 220  0.0000  0.0000  8.8276
124 220  0.0000  0.0000  0.0000
132 220  0.0000  0.0000 11.1304
140 220  0.0000  0.0000 11.1304
148 220  0.3732 -0.3694 10.3318
156 220  0.0000  0.0000 12.0628
164 220 -0.1556  0.0000 12.2969
172 220  0.2780 -0.1270 13.3759
180 220  0.0000  0.0000  0.0000
188 220  0.0000  0.0000  0.0000
196 220  2.5000  0.0000  8.8276
204 220  0.0000  0.0000 19.1045
212 220  0.0000  0.0000 11.1304
220 220  0.0000  0.0000  0.0000
228 220  0.0000  0.0000  0.0000
236 220  0.0000  0.0000 11.1304
244 220  0.0000  0.0000  0.0000
252 220  0.0000  0.0000  0.0000
260 220 -1.5000  0.0000  8.2581
268 220  0.1425  1.8424 10.3899
276 220  0.0000  0.0000 11.1304
284 220  0.0000  0.0000  0.0000
292 220  0.0000  0.0000 11.1304
