VARIABLES= "X pix", "Y pix", "U pix/dt", "V pix/dt", "CHC", ZONE I=28, J=37
  4   4  0.0000  0.0000 11.0456
 12   4  0.0000  0.0000 10.2195
 20   4  0.0000  0.0000  9.9992
 28   4  0.0000  0.0000  9.9992
 36   4  0.0112  0.0204  8.6406
 44   4  0.0133 -0.0864  8.9848
 52   4  0.0117  0.0172  9.8066
 60   4  0.0000  0.0000  9.9992
 68   4 -0.0603  0.0278 10.0833
 76   4  0.0000  0.0000 11.1505
 84   4 -0.0032  0.0075 10.9934
 92   4  0.0205  0.0074 10.9300
100   4  0.0024  0.0404 11.9676
108   4  0.0000  0.0000 11.9483
116   4  0.0000  0.0000 11.8304
124   4  0.0000 -0.0217 11.7072
132   4  0.0000  0.0018 11.8679
140   4  0.0000  0.0018 11.8679
148   4  0.0000 -0.0138 10.7990
156   4  0.0000 -0.0054 11.6920
164   4  0.0114  0.0000 11.0023
172   4 -0.0096  0.0877 10.8905
180   4  0.0000 -0.0834 11.8967
188   4  0.0000 -0.0085 12.3001
196   4  0.0000  0.0000 12.0698
204   4  0.0000  0.0000 10.1847
212   4  0.0000  0.0000 10.4546
220   4  0.0437 -0.0228 12.0156
228   4  0.0000  0.0000 13.3575
236   4  0.0000  0.0187 13.3636
244   4 -0.0123 -0.1015 12.5797
252   4  0.0000  0.0000 12.0469
260   4 -0.0740  0.0379 10.6949
268   4 -0.0136  0.1003 11.5717
276   4  0.0000  0.0675 13.4737
284   4  0.0000  0.0000 11.9696
292   4  0.0078  0.0056 11.2286
  4  12  0.0000  0.0000 10.3199
 12  12  0.0000  0.0000 13.0402
 20  12  0.0000  0.0000 10.4065
 28  12  0.0000 -0.1603 11.3380
 36  12  0.0000  0.1870  9.2086
 44  12  0.1946 -0.5325  8.2055
 52  12  0.0000  0.2848 10.0289
 60  12  0.0000  0.0000  9.3279
 68  12  0.0000 -0.1421 10.0974
 76  12  0.0000  0.0000 10.6514
 84  12  0.0000  0.0000  8.5829
 92  12  0.3496  0.6247  6.0347
100  12  0.0000  0.0000 37.3210
108  12  0.0000  0.0000 15.6120
116  12  0.0000  0.0000  8.6612
124  12  0.0000  0.0000  7.3911
132  12 -0.1691  0.0088  7.4160
140  12  0.0000  0.0000  7.3911
148  12  0.0000  0.0000  7.6401
156  12  0.0000  0.0000  8.8481
164  12  0.0051 -0.0073 23.2828
172  12  0.0034 -0.0088 66.3495
180  12  0.0000  0.0000  7.0573
188  12  0.0000 -0.0000  7.3517
196  12  0.0000  0.0000  8.2695
204  12  0.0000  0.0000  8.3292
212  12  0.0453 -0.0770 10.2963
220  12  0.0332  0.1148  9.6734
228  12 -0.1204 -0.5885  8.5449
236  12  0.0000 -0.0181  9.0681
244  12 -0.0904 -0.0957  9.5161
252  12  0.0000  0.0000 10.8471
260  12  0.0000  0.0000 10.9131
268  12 -0.1144 -0.0374 12.0283
276  12  0.0182  0.0123 11.8478
284  12 -0.1599  0.0544 12.2852
292  12  0.0105  0.1253 12.6287
  4  20 -0.0315  0.0104 10.9059
 12  20 -0.0052  0.0135  9.3049
 20  20  0.0136 -0.0101  8.4064
 28  20 -0.0359  0.0500 10.3356
 36  20 -0.0710  0.0130 13.1815
 44  20 -0.0152 -0.0380 19.0729
 52  20 -0.0272  0.0029 22.5993
 60  20  0.0000 -0.0195 21.9998
 68  20  0.0000  0.0000 18.4500
 76  20 -0.0420 -0.0099 20.1193
 84  20  0.0000  0.0000 19.3244
 92  20  0.0093  0.0030 18.4013
100  20 -0.0335  0.0149 13.1450
108  20  0.0000  0.0000 14.9833
116  20  0.0000  0.0000 15.8762
124  20  0.0000  0.0000 15.2941
132  20  0.0000  0.0000 15.3640
140  20  0.0000  0.0000 19.4804
148  20 -0.0298 -0.0408 21.0980
156  20  0.0001 -0.0081 32.0728
164  20 -0.0056 -0.0159 21.3343
172  20 -0.0217  0.0112 17.3952
180  20  0.0059 -0.0583 21.6284
188  20  0.0016 -0.0236 25.5199
196  20  0.0000  0.0000 29.5959
204  20  0.0000  0.0000 20.0231
212  20  0.0000  0.0000 24.3536
220  20  0.0392  0.0043 20.2283
228  20  0.0000  0.0000 20.2105
236  20  0.0000  0.0000 19.3897
244  20  0.0006  0.0035 14.7730
252  20 -0.0319  0.1082 15.3819
260  20  0.0000  0.0000 16.3680
268  20  0.0000  0.0000 12.8355
276  20  0.0000  0.0000 13.3936
284  20  0.0000  0.0000 13.1899
292  20  0.0487  0.0041 16.9679
  4  28  0.0000  0.0000 10.4329
 12  28  0.0274 -0.0105 16.0880
 20  28  0.0065 -0.0087 15.5310
 28  28  0.0030 -0.0066  9.2244
 36  28  0.0000  0.0000  8.1660
 44  28 -0.0049  0.0119  8.0955
 52  28  0.0210  0.0119  7.8430
 60  28 -0.0284 -0.0027  7.5125
 68  28  0.0000  0.0000  8.2659
 76  28 -0.0002 -0.0407  8.2929
 84  28  0.0000  0.0467  7.0475
 92  28  0.0033 -0.0563  7.2218
100  28  0.0000  0.0000  8.1365
108  28  0.0000  0.0000  7.5713
116  28  0.0000  0.0000 10.0816
124  28  0.0000  0.0000  8.3609
132  28  0.0000  0.0000  6.8878
140  28  0.0000  0.0000  5.9544
148  28  0.0023 -0.0271  7.5649
156  28  0.0045  0.0215 14.5650
164  28  0.0041  0.0171 15.6804
172  28  0.0038 -0.0089 20.1326
180  28  0.0094  0.0285 13.4247
188  28  0.0022 -0.0178  8.7986
196  28  0.0000  0.0000  6.9592
204  28  0.0000  0.0000  7.0055
212  28  0.0383  0.0039  6.4163
220  28  0.0143  0.0492  6.1898
228  28 -0.0185  0.0109  6.3367
236  28  0.0000  0.0000  6.6306
244  28  0.0000  0.0000  6.5056
252  28  0.0031 -0.0051  7.0988
260  28 -0.0021  0.0056  6.7539
268  28  0.0000  0.0000  7.7405
276  28  0.0000  0.0000  8.6532
284  28  0.0145  0.0056  7.0185
292  28  0.0028  0.0188  6.9690
  4  36  0.0000  0.0000  8.2581
 12  36  0.1361 -0.0289  8.9227
 20  36  0.0000  0.0000  8.4696
 28  36  0.0000  0.0000 15.2515
 36  36  0.0000  0.0000 14.0146
 44  36  0.2019  0.0975  9.6976
 52  36 -0.0236 -0.1251 13.9194
 60  36  0.0000  0.0000 12.1260
 68  36  0.0000  0.0000 10.3767
 76  36  0.0000  0.0000  8.8816
 84  36  0.0000  0.0000  7.2383
 92  36  0.0000  0.0000  9.5231
100  36  0.0000  0.0000 11.1041
108  36  0.0000  0.0000 11.1304
116  36  0.0000  0.0000 11.1304
124  36  0.0000  0.0000  0.0000
132  36  0.0000  0.0000  0.0000
140  36  0.0000  0.0000  0.0000
148  36 -0.0074 -0.0003  5.6040
156  36  0.0000  0.0000 12.9984
164  36  0.0000  0.0000 11.3715
172  36  0.0000  0.0000  9.9339
180  36  0.0009 -0.0040 10.4415
188  36  0.0193 -0.0784  8.7358
196  36  0.0292  0.0066 10.6391
204  36  0.0000  0.0000 13.3166
212  36  0.0000  0.0000 13.9688
220  36 -0.1004  0.0489 14.2329
228  36  0.0000  0.0000 13.3851
236  36  0.0000  0.0000  8.4696
244  36  0.0000  0.0000  8.5951
252  36  0.0000  0.0000  8.5951
260  36  0.0000  0.0000 11.0903
268  36  0.0000  0.0000 10.8982
276  36  0.0000  0.0000 13.3851
284  36  0.0000  0.0000  9.4928
292  36  0.0000  0.0000 11.9011
  4  44  0.1603  0.0255 11.2610
 12  44 -0.0040  0.0091 10.5323
 20  44  0.0000  0.0000 10.6057
 28  44 -0.1140 -0.0424  8.5818
 36  44  0.1581  0.0635  6.5754
 44  44  0.0000  0.0000  7.4479
 52  44  0.0000  0.0000  5.4468
 60  44  0.0000  0.0000  7.3911
 68  44  0.0000  0.0000  0.0000
 76  44  0.0000  0.0000 16.1088
 84  44  0.0000  0.0000 11.1304
 92  44  0.0000  0.0000 11.1304
100  44  0.0000  0.0000 11.1304
108  44  0.0000  0.0000 11.1304
116  44  0.0000  0.0000  0.0000
124  44  0.0000  0.0000  0.0000
132  44  0.0000  0.0000  0.0000
140  44  0.0000  0.0000  0.0000
148  44 -0.0091 -0.0013  6.7540
156  44 -0.0000  0.0000 17.9114
164  44  0.0107  0.0007 11.8793
172  44 -0.0064  0.0006 11.9385
180  44  0.0006 -0.0176 21.8866
188  44  0.0121  0.0382  5.8962
196  44  0.0000  0.0000  0.0000
204  44  0.0000  0.0000 20.7059
212  44 -0.0799 -0.0609 14.4406
220  44  0.0000  0.0000 13.3851
228  44  0.0149 -0.0100 12.3083
236  44  0.0000  0.0000 13.3195
244  44  0.0000  0.0000  9.4841
252  44  0.0000  0.0000  8.7453
260  44  0.0000  0.0000 12.4998
268  44 -0.0128 -0.0671 12.5681
276  44  0.0631  0.0074 11.2490
284  44  0.0000  0.0000 11.3765
292  44 -0.0169  0.3016 13.9173
  4  52  0.0000  0.0000 11.1304
 12  52  0.0000  0.0000  0.0000
 20  52 -0.0203  0.1804 15.3082
 28  52  0.0000  0.0000 11.1304
 36  52  0.0000  0.0000  0.0000
 44  52  0.0000  0.0000  0.0000
 52  52  0.0000  0.0000  0.0000
 60  52  0.0000  0.0000  0.0000
 68  52  0.0000  0.0000 11.1304
 76  52  0.0000  0.0000 11.1304
 84  52  0.0000  0.0000 11.1304
 92  52  0.0000  0.0000 22.2609
100  52  0.0812 -0.2274 10.2071
108  52  0.0000  0.0000 11.1304
116  52  0.0000  0.0000 19.1045
124  52  0.0000  0.0000 11.1304
132  52  0.0000  0.0000  0.0000
140  52  0.1960  2.5000 11.1304
148  52  0.0021  0.0039  6.1749
156  52  0.0000 -0.0052  6.7597
164  52  0.0000  0.0000  6.6699
172  52  0.0000  0.0000  6.6595
180  52  0.0000  0.0000  6.4412
188  52  0.0000  0.0000  8.7998
196  52  0.0000  0.0000 11.1304
204  52  0.0000  0.0000 11.1304
212  52  0.0000  0.0000 11.1304
220  52  0.0000  0.0000 11.2095
228  52 -0.2280 -0.1115  6.9679
236  52  0.2139 -0.4232  7.1143
244  52  0.0000  0.0000  9.5208
252  52  0.1437 -0.1888  9.1621
260  52 -0.1597  0.0728 12.0580
268  52  0.0000  0.0000  8.2706
276  52 -0.0612  0.1621  8.7210
284  52  0.1361 -0.0381  8.9036
292  52  0.0000  0.0000 11.8363
  4  60  0.0000  0.0000  0.0000
 12  60  0.0000  0.0000 11.1304
 20  60  0.1138  0.0000  7.2997
 28  60  0.0000  0.0000  0.0000
 36  60  0.0000  0.0000  0.0000
 44  60  0.0000  0.0000 11.1304
 52  60  0.0000  0.0000  0.0000
 60  60  0.0000  0.0000  0.0000
 68  60  0.0000  0.0000 11.1304
 76  60 -0.5000 -1.8890  8.4253
 84  60 -0.0480 -0.0076 12.0923
 92  60  0.0000  0.0000  8.7227
100  60 -0.0352 -0.2554 10.3656
108  60  0.0000  0.0000 22.2609
116  60  0.0000 -0.1474  7.0459
124  60  0.0000  0.0000 11.1304
132  60  0.2907  0.0403 10.5761
140  60 -0.2907  0.0403 10.5761
148  60  0.3127  0.0181 12.6861
156  60 -0.3060  0.0814  9.4577
164  60  0.0000  0.0000 11.9011
172  60 -0.4043 -0.4043  8.0000
180  60  0.0000  0.0000  9.4208
188  60  0.0000  0.0000  0.0000
196  60  0.0000  0.0000  0.0000
204  60  0.0000  0.0000  0.0000
212  60  0.0000  0.0000  0.0000
220  60  0.0000  0.0000  0.0000
228  60  0.0000  0.0000  0.0000
236  60  0.0000  0.0000  0.0000
244  60  0.0000 -0.5000  8.8276
252  60  0.0000  0.0000 12.0455
260  60  0.2761 -0.0806  9.3746
268  60  0.0000  0.0000 10.8982
276  60  0.0000  0.0000 16.6956
284  60  0.0000  0.0000 16.1088
292  60  0.0000  0.0000 13.7892
  4  68  0.0000  0.0000 13.7892
 12  68  0.0000  0.0000 11.1304
 20  68  0.0000  0.0000  0.0000
 28  68  0.0000  0.0000  0.0000
 36  68  0.0000  0.0000  0.0000
 44  68  0.0000  0.0000  0.0000
 52  68  0.0000  0.0000  0.0000
 60  68 -0.1841  0.0418 12.3683
 68  68     NaN  0.0812 10.1857
 76  68  0.0000  0.0000 11.2634
 84  68 -0.0561 -0.0827  7.9503
 92  68  0.0000  0.0000 10.6441
100  68  0.0000  0.0000 11.0983
108  68  0.2149 -0.0041 15.0385
116  68  2.5000  0.0000  8.8276
124  68  0.0000  0.0000 11.1304
132  68  0.0000  0.0000  0.0000
140  68  0.0000  0.0000 11.1304
148  68  0.0000  0.0000 10.8670
156  68  0.0000  0.0000 11.1304
164  68  0.0000 -2.0000 11.1304
172  68  0.0000  0.0000  0.0000
180  68  0.0000  0.0000 11.1304
188  68  0.0000  0.0000 11.1304
196  68  0.0000  0.0000  0.0000
204  68  0.0000  0.0000  0.0000
212  68  0.0000  0.0000  0.0000
220  68  0.0000  0.0000  0.0000
228  68  0.0000  0.0000  0.0000
236  68  0.0000  0.0000  0.0000
244  68  0.0000  0.0000 11.1304
252  68  0.0000  0.0000 11.1304
260  68  0.0000  0.0000 16.1088
268  68  0.0000  0.0000 11.1304
276  68  0.7389  0.5000  8.0688
284  68  0.0380  0.2498 10.2608
292  68  0.0000  0.0000 13.0757
  4  76  0.0000  0.0000  0.0000
 12  76 -0.1151  0.1151 16.5161
 20  76  0.0000  0.0000 20.7059
 28  76  0.0000  0.0000 15.5009
 36  76  0.0000  0.0000 19.1045
 44  76  0.0000  0.0000 15.5414
 52  76  0.0000  0.0000 13.3565
 60  76  0.2432  0.0603  9.2086
 68  76  0.2117 -1.1735 13.4737
 76  76  0.0000  0.0000 11.9011
 84  76  0.0000  0.0000 10.0356
 92  76  0.0000  0.0000  8.0061
100  76  0.0000  0.0000  0.0000
108  76 -0.5000  0.0000  8.8276
116  76 -0.4539  0.0181 13.8279
124  76  0.0000  0.0000 11.9011
132  76  0.0000  0.0000 11.0903
140  76  0.0000  0.0000  9.4208
148  76 -0.1123 -0.0711 13.6764
156  76 -0.0208 -0.0797 17.5452
164  76  0.0000  0.0000 11.1304
172  76  0.0000  0.0000 19.4783
180  76  0.0000 -0.3764  7.3143
188  76  0.0000  0.0000 16.1088
196  76  0.0000  0.0000  0.0000
204  76  0.0000  0.0000 11.1304
212  76  0.0000  0.0000 17.0667
220  76  0.0000  0.0000 11.1304
228  76  0.0000  0.0000  0.0000
236  76  0.0000  0.0000  0.0000
244  76  0.0000  0.0000  0.0000
252  76  0.0000  0.0000  0.0000
260  76 -0.1048 -0.3986  9.0401
268  76  0.0000  0.0000 16.1088
276  76  0.0000  0.0000  0.0000
284  76  0.0251 -0.1238 10.5399
292  76  0.0000  0.0000 16.6956
  4  84  0.0000  0.0000  0.0000
 12  84  0.0000  0.0000 19.4783
 20  84 -0.2780  0.1270 13.3759
 28  84  0.0000  0.0000 16.1088
 36  84  0.0000  0.0000 16.1088
 44  84  0.0000  2.5000  8.8276
 52  84  0.0000  0.0000 11.1304
 60  84  0.0000  0.0000 10.2729
 68  84  0.0000  0.0000 16.1088
 76  84  0.0000  0.0000  0.0000
 84  84  0.0000  0.0000 11.1304
 92  84  0.0000  0.0000 11.1304
100  84  0.0000  0.0000 11.1304
108  84  0.0000 -3.6958  8.2581
116  84 -0.5000  0.0412 12.3347
124  84  0.0000  0.0000 11.1304
132  84  0.0000  0.0000 16.6957
140  84  0.0000  0.0000  9.4208
148  84  0.0000  0.0000  9.2086
156  84  2.5000  0.0000  8.8276
164  84  0.0000  0.0000 11.1304
172  84 -0.1960  2.5000 11.1304
180  84  0.0000  0.0000  0.0000
188  84  0.0000  0.0000  0.0000
196  84  0.0000  0.0000 11.1304
204  84  0.0000  0.0000  0.0000
212  84  0.0000  0.0000 11.1304
220  84  0.0000  0.0000 13.5576
228  84  0.0000  2.5000  8.8276
236  84  0.0000  0.0000 11.1304
244  84  0.0000  0.0000  0.0000
252  84  0.0000  0.0000  0.0000
260  84  0.0000  0.0000 11.1304
268  84  0.0000  0.0000 16.1088
276  84  0.0000  0.0000  0.0000
284  84  0.0000  0.0000 11.1304
292  84  0.0000  0.0000 16.1088
  4  92  0.0000  0.0000 11.1304
 12  92  0.4681  0.0000  9.5738
 20  92  0.0000  0.0000 11.9011
 28  92  0.0000  0.0000 11.9011
 36  92  0.0000 -0.2102 10.6733
 44  92  0.0000  0.0000  0.0000
 52  92  0.0000  0.0000 10.6514
 60  92  0.0000  0.0000 16.1088
 68  92 -0.1550  0.0300 17.4545
 76  92 -0.0598 -0.3538  8.5593
 84  92  0.0000  0.0000 19.4783
 92  92  0.0000  0.0000 17.2183
100  92  0.0000  0.0000 11.1304
108  92  2.5000  0.1180  9.2850
116  92 -0.8064 -0.0802 11.1304
124  92  0.0000  0.0410  8.7135
132  92  0.0000  0.0000  8.5011
140  92  0.0000  0.0000  0.0000
148  92  0.0000  0.0000  0.0000
156  92  0.0000  0.0000  0.0000
164  92  0.0000  0.0000  0.0000
172  92  0.0000  0.0000 11.1304
180  92  0.0000  0.0000 11.1304
188  92  0.0000  0.0000  0.0000
196  92  0.0000  0.0000  0.0000
204  92  0.0000  0.0000  0.0000
212  92  0.0000  0.0000 11.1304
220  92  0.0000  0.0000  0.0000
228  92  0.0000  0.0000  0.0000
236  92  0.0000  0.0000 11.1304
244  92  0.0000  0.0000 11.1304
252  92  0.0000  0.0000 11.1304
260  92  0.0000 -0.1760 15.0588
268  92  0.0000  0.0000  0.0000
276  92  0.0000  0.0000  0.0000
284  92  0.0000  0.0000  0.0000
292  92  0.0000  0.0000 11.1304
  4 100  0.0000  0.0000 10.6035
 12 100  0.0000  0.0000 16.1088
 20 100 -1.4070  0.1518 10.3087
 28 100  0.0000  0.0000 17.0667
 36 100  0.0466  0.1650 13.1327
 44 100 -0.0672 -0.0361 14.4477
 52 100  0.0000  0.0000 16.1088
 60 100 -1.0755 -2.5000 11.8819
 68 100  0.0000  0.0000 11.1304
 76 100  0.0000  0.0000 16.1088
 84 100  4.5000  0.1174 13.8795
 92 100  0.0000  0.0000 16.1088
100 100  0.0000  0.0000 11.1304
108 100  0.0000  0.0000 11.1304
116 100  0.0000  0.0000 11.1304
124 100  0.0000  0.0000 16.1088
132 100  0.0000  0.0000 13.1641
140 100  0.0000  0.0000 11.1304
148 100  0.2907 -0.0403 10.5761
156 100 -1.0492 -0.0305 12.6667
164 100  0.0000  0.0000  0.0000
172 100  0.0000  0.0000  0.0000
180 100  0.0000  0.0000 11.1304
188 100  0.0000  0.0000 11.1304
196 100  0.0000  0.0000  0.0000
204 100  0.0000  0.0000  0.0000
212 100  0.0000  0.0000  0.0000
220 100  0.0000  0.0000 11.1304
228 100  0.0000  0.0000  0.0000
236 100  0.0000  0.0000  0.0000
244 100  0.0000 -0.5000  8.8276
252 100  0.0000  0.0000 11.1304
260 100  0.0000  0.0000  0.0000
268 100  0.0000  0.0000  0.0000
276 100  0.0000  0.0000 11.1304
284 100  0.0000  0.0000 11.1304
292 100  0.0000  0.0000 11.1304
  4 108  0.0000  0.0000 11.1304
 12 108  0.0000 -1.8899  8.5742
 20 108  0.0000 -1.7251  8.5018
 28 108  0.0000  0.0000 11.8583
 36 108  0.0000  0.0000 19.4783
 44 108  0.0000  0.0000  0.0000
 52 108 -0.5000  0.0000  8.8276
 60 108  0.0000  0.0000 16.1088
 68 108  0.0000  0.0000 20.7059
 76 108  0.0000  0.0000  0.0000
 84 108  0.0000  0.0000 16.1088
 92 108  0.0000  0.0000 11.1304
100 108  0.0000  0.0000 11.1304
108 108  0.0000  0.0000 11.1304
116 108  0.0000  0.0000 20.7059
124 108  0.0000  0.0000 16.1088
132 108  0.0000  0.0000  0.0000
140 108  0.0000  0.0000 11.1304
148 108  0.0000  0.0000 16.1088
156 108  0.0000  0.0000 12.5902
164 108  0.0000  0.0000 11.1304
172 108  0.0000  0.0000  0.0000
180 108  0.0000  0.0000 20.7059
188 108  0.0000  0.0000  9.4208
196 108  0.0000  0.0000 11.1304
204 108  0.0000  0.0000  0.0000
212 108  0.0000  0.0000  0.0000
220 108  0.0000  0.0000  0.0000
228 108  0.0000  0.0000 11.1304
236 108  0.0000  0.0000  0.0000
244 108  0.0000  0.0000 11.1304
252 108  0.0000  0.0000  0.0000
260 108  0.0000  0.0000 16.1088
268 108 -0.5000  0.0000  8.8276
276 108  0.0000  0.0000  0.0000
284 108  0.0000  0.0000  0.0000
292 108  0.0000  0.0000 11.1304
  4 116  0.0000  0.0000  0.0000
 12 116  0.0000  0.0000 11.9011
 20 116  0.0000  0.0855 10.6035
 28 116  0.0000  0.0000 11.1304
 36 116  0.0000  0.0000  0.0000
 44 116  0.0000  0.0000 16.1088
 52 116  0.0000  0.0000 16.1088
 60 116  0.0000  0.0000  0.0000
 68 116  0.0000  0.0000  0.0000
 76 116  0.0000  0.0000 11.1304
 84 116  0.0000  0.0000  0.0000
 92 116  0.0000  0.0000 11.1304
100 116  0.0000  0.0000  0.0000
108 116  0.0000  0.0000 11.1304
116 116  0.0000  0.0000 13.5576
124 116  0.0000  0.0000 11.1304
132 116  0.0000  0.0000  0.0000
140 116  0.0000  0.0000 11.8583
148 116  0.0000  0.0000 11.1304
156 116  0.0000  0.0000  9.2086
164 116  0.0000  0.0000  0.0000
172 116  0.0000  0.0000  8.2581
180 116  0.0000  0.0000 11.1304
188 116  0.0000  0.0000  0.0000
196 116  0.0000  0.0000  0.0000
204 116  0.0000  0.0000 11.1304
212 116  0.0000  0.0000  8.4768
220 116  0.0000  0.0000 11.1304
228 116  0.0000  0.0000  8.0000
236 116  0.0000  0.0000 11.1304
244 116  0.0000  0.0000 11.1304
252 116  0.0000  0.0000  0.0000
260 116  0.0000  0.0000  0.0000
268 116  0.0000  0.0000 11.1304
276 116  0.0000  0.0000  0.0000
284 116  0.0000  0.0000 11.1304
292 116  0.0000  0.0000 22.2609
  4 124  0.0000 -0.5000  8.8276
 12 124  0.0000  0.0000 11.1304
 20 124  0.0000  0.0000 11.9011
 28 124  0.0000  0.0000 20.7059
 36 124  0.0000  0.0000  0.0000
 44 124  0.0000  0.0000  0.0000
 52 124  0.0000  0.0000 16.1088
 60 124  0.0000  0.0000  0.0000
 68 124  0.0000  0.0000  0.0000
 76 124  0.0000  0.0000 16.1088
 84 124  0.0000  0.0000 11.1304
 92 124  0.0000  0.0000 16.1088
100 124  0.0000  0.0000 11.1304
108 124  0.0000  0.0000 17.0667
116 124  0.0000  0.0000  0.0000
124 124  0.0000  0.0000 11.1304
132 124     NaN  0.0000 17.0667
140 124  0.0000  0.0000 11.1304
148 124  0.0000  0.0000 16.1088
156 124  0.0000  0.0000 10.3926
164 124  0.0000  0.0000 11.1304
172 124  0.0000  0.0000  0.0000
180 124  0.0000  0.0000 11.1304
188 124  0.0000  0.0000 16.1088
196 124  0.0000  0.0000 16.1088
204 124  0.0000  0.0000 11.1304
212 124  0.0000  0.0000 19.1045
220 124  0.0000  0.0000  0.0000
228 124  0.0000  0.0000  0.0000
236 124 -0.1841 -0.0418 12.3683
244 124  0.0000  0.0000 11.1304
252 124  0.0000  0.0000 11.1304
260 124 -0.5000  0.0000  8.8276
268 124  0.0000  0.0000 11.1304
276 124  0.0000  0.0000  0.0000
284 124  0.0000  0.0000  0.0000
292 124  0.0000  0.0000 16.1088
  4 132  0.0000  0.0000 11.1304
 12 132  0.0000  0.0000 11.1304
 20 132  0.0000  0.0000  0.0000
 28 132  0.0000  0.0000 11.1304
 36 132  0.0000  0.0000  0.0000
 44 132  0.0000  0.0000  0.0000
 52 132  0.0000  0.0000 16.1088
 60 132  0.0000  0.0000 11.1304
 68 132  0.0000  0.0000 11.1304
 76 132  0.0000  0.0000  0.0000
 84 132  0.0000  0.0000  0.0000
 92 132  0.0000  0.0000  0.0000
100 132  0.0000  0.0000 16.1088
108 132  0.0000  0.0000 13.1641
116 132  0.0000  0.0000  7.4647
124 132 -0.0083 -0.0606  7.1703
132 132  0.0000  0.0000 17.0667
140 132  0.0000  0.0000 16.1088
148 132  0.0000  0.0000  0.0000
156 132 -0.1960  0.0000 11.1304
164 132  0.0000  0.0000 13.5576
172 132  0.0000  0.0000 16.1088
180 132  0.0000  0.0000 12.0455
188 132  0.0000  0.0000 11.1304
196 132  0.0000  2.0000 11.1304
204 132  1.1292 -0.0991 11.5739
212 132  2.5000  0.0000  8.8276
220 132  0.0000  0.0000 11.1304
228 132  0.0000  0.0000  0.0000
236 132  0.0000  0.0000  0.0000
244 132  2.5000  0.0000  8.8276
252 132  0.5000  0.0000  8.4768
260 132  0.0000  0.0000  0.0000
268 132  0.0000  0.0000  0.0000
276 132  0.0000  0.0000  0.0000
284 132  0.0000  0.0000 16.1088
292 132 -0.8395  0.0193  8.7655
  4 140  0.0000  0.0000  0.0000
 12 140  0.0000  0.0000  0.0000
 20 140  0.0000  0.0000 11.1304
 28 140  0.0000  0.0000  0.0000
 36 140  0.1151  0.1151 16.5161
 44 140  0.0000  0.0000 16.1088
 52 140  0.0000  0.0000 16.1088
 60 140  0.0000  0.0000  0.0000
 68 140  0.0000  0.0000 11.1304
 76 140  0.0000  0.0000 11.1304
 84 140  0.0000  0.0000 11.1304
 92 140  0.0000  0.0000 10.3926
100 140  0.0000  0.0000 16.1088
108 140  0.0000  0.0000  0.0000
116 140  0.0000  0.0000 17.7968
124 140  0.0000  0.0000  0.0000
132 140  0.0000  0.0000 10.1661
140 140  0.2166 -0.1179  7.0951
148 140  0.0000  0.0000  0.0000
156 140  1.0000  0.0000  9.2850
164 140  0.0000  0.0000  0.0000
172 140  0.0000  0.0000 11.1304
180 140  0.0000  0.0000 12.0455
188 140  0.0000  0.0000  0.0000
196 140  0.0000  0.0000 11.1304
204 140  0.0000  0.0000  0.0000
212 140  0.0000  0.0000  0.0000
220 140  0.0000  0.0000  0.0000
228 140  0.0000  0.0000 11.1304
236 140  0.0000  0.0000  0.0000
244 140  0.0000  0.0000  0.0000
252 140  0.0000  0.0000  0.0000
260 140  0.0000  0.0000  0.0000
268 140  0.0000  0.0000  0.0000
276 140  0.0000  0.0000  0.0000
284 140  0.0000  0.0000  0.0000
292 140 -0.1101 -0.1469  7.1968
  4 148  0.0000  0.0000  0.0000
 12 148  0.0000  0.0000 16.1088
 20 148  0.0000  0.0000 11.1304
 28 148  0.0000  0.0000 11.1304
 36 148  0.0000 -0.5000  8.8276
 44 148  0.0000  0.0000 16.1088
 52 148  0.0000  0.0000  0.0000
 60 148  0.0000  0.0000  0.0000
 68 148  0.0000  0.0000 12.5445
 76 148  0.0000  0.0000 11.1304
 84 148  0.0000  0.0000 11.1304
 92 148  0.0000  0.0000 16.6957
100 148  0.0000  0.0000  0.0000
108 148  0.0000  0.0000  0.0000
116 148  0.0000  0.0000 16.1088
124 148  0.0000  0.0000  0.0000
132 148 -1.5000  0.0000  8.2581
140 148  0.0000  0.0000  0.0000
148 148  0.0000  0.0000  0.0000
156 148  1.5000  0.0000  8.2581
164 148  0.1936 -0.5000 10.4490
172 148  0.0000  0.0000 11.1304
180 148  0.0000  0.0000 13.0803
188 148  0.0000  0.0000 16.1088
196 148  0.0000  0.0000 11.1304
204 148  0.0000  0.0000  0.0000
212 148  0.0000  0.0000 11.1304
220 148  0.0000  0.0000 11.1304
228 148  0.0000  0.0000  0.0000
236 148  0.0000  0.0000  0.0000
244 148  0.0000  0.0000  0.0000
252 148  0.0000  0.0000  0.0000
260 148  0.0000  0.0000  0.0000
268 148  0.0000  0.0000 11.1304
276 148  0.0000  0.0000  0.0000
284 148  0.0000  0.0000  0.0000
292 148  0.0000  0.0000  0.0000
  4 156  0.0000  0.0000  0.0000
 12 156  0.0000  0.0000  0.0000
 20 156  0.0000  0.0000 16.1088
 28 156  0.1841 -0.0418 12.3683
 36 156  0.0000  0.0000 11.1304
 44 156  0.0000  0.0000  0.0000
 52 156  0.0000  0.0000  0.0000
 60 156  0.0000  0.0000 11.1304
 68 156  0.0000  0.0000 11.1304
 76 156  0.0000  0.0000  0.0000
 84 156  0.0000  0.0000 16.1088
 92 156  0.0000  0.0000  0.0000
100 156  0.0000  0.0000  0.0000
108 156  0.0000  0.0000 16.1088
116 156 -0.5000  0.0203 12.4022
124 156  0.0000  0.0000  0.0000
132 156  0.0000  0.0000  0.0000
140 156  0.0000  0.0000  0.0000
148 156  0.0000  0.0000  0.0000
156 156  0.0000  0.0000  8.2581
164 156  0.0000  0.0000  0.0000
172 156  0.0000  0.0000 11.1304
180 156  0.0000  0.0000 11.1304
188 156  0.0000  0.0000 11.1304
196 156  0.0000  0.0000  0.0000
204 156  0.0000  0.0000  0.0000
212 156  0.0000  0.0000 19.1045
220 156  0.0000  0.0000 11.1304
228 156  0.0000  0.0000  0.0000
236 156 -0.5000  0.0000  8.8276
244 156  0.0000  0.0000 11.1304
252 156 -0.5000  0.0000  8.8276
260 156  0.0000  0.0000  0.0000
268 156  0.0000  0.0000  0.0000
276 156  0.0000  0.0000  0.0000
284 156  0.0000  0.0000  0.0000
292 156  0.0000  0.0000  0.0000
  4 164 -0.5000  0.0000  8.8276
 12 164  0.0000  0.0000 16.1088
 20 164  0.0000  0.0000  8.0000
 28 164  0.0000  0.0000  0.0000
 36 164  0.0000  0.0000  0.0000
 44 164  0.0000  0.0000  0.0000
 52 164  0.0000  0.0000  0.0000
 60 164  0.0000  0.0000 11.1304
 68 164  0.0000  0.0000 11.1304
 76 164  0.0000  0.0000 12.0455
 84 164  0.0000  0.0000 11.1304
 92 164  0.0000  0.0000 11.1304
100 164  0.0000  0.0000 11.1304
108 164  0.0000  0.0000  8.2581
116 164  0.0000  0.0000 16.1088
124 164 -0.1760  0.0000 15.0588
132 164 -2.5000  0.0000 11.1304
140 164  0.0000  0.0000  0.0000
148 164  0.0000  0.0000 11.1304
156 164  0.0000  0.0000 11.1304
164 164  0.0000  0.0000  0.0000
172 164  0.0000 -0.5000  8.8276
180 164  1.1838  2.5000  7.5779
188 164  0.0000  0.0000 19.1045
196 164  0.0000  0.0000  0.0000
204 164  0.0000  0.0000  0.0000
212 164  0.0000  0.0000  0.0000
220 164  0.0000  0.0000  0.0000
228 164  0.0000  0.0000  8.2581
236 164  0.0000  0.0000  0.0000
244 164  0.0000  0.0000  0.0000
252 164  0.0000  0.0000 11.1304
260 164  0.0000  0.0000  0.0000
268 164  0.0000  0.0000  0.0000
276 164  1.5000  0.0000  8.2581
284 164  0.0000  0.0000 11.1304
292 164  0.0000  0.0000  0.0000
  4 172  0.0000  0.0000 11.1304
 12 172  0.1556  0.0000 12.2969
 20 172  0.0000  0.0000  0.0000
 28 172  0.0000  0.0000 11.1304
 36 172  0.0000  0.0000 11.1304
 44 172  0.0000  0.0000  0.0000
 52 172  0.0000  0.0000 16.1088
 60 172  0.0000  0.0000 16.1088
 68 172  0.6306  0.1105 11.2757
 76 172  0.0000  0.0000 19.1045
 84 172  0.0000  0.0000  0.0000
 92 172  0.0000  0.0000  0.0000
100 172  0.0000  0.0000  0.0000
108 172  0.0000  0.0000 11.1304
116 172  0.0000  0.0000 11.1304
124 172  0.0000  0.0000 11.1304
132 172  0.0000  0.0000  0.0000
140 172  0.0000  0.0000 11.1304
148 172  0.0000  0.0000 16.1088
156 172  0.0000  0.0000 11.1304
164 172  0.0000  0.0000  0.0000
172 172  0.0000  0.0000 11.1304
180 172 -0.3290 -2.8274  8.0000
188 172 -0.5000  0.0000 11.1304
196 172  0.0000  0.0000 11.1304
204 172  0.0000  0.0000  0.0000
212 172  0.0000  0.0000  0.0000
220 172  0.0000  0.0000  0.0000
228 172  0.0000  0.0000 11.1304
236 172  0.0000  0.0000  0.0000
244 172  0.0000  0.0000  0.0000
252 172  0.0000  0.0000  0.0000
260 172  0.0000  0.0000 11.1304
268 172  0.0000  0.0000  0.0000
276 172  0.0000  0.0000  0.0000
284 172  0.0000  0.0000  0.0000
292 172  0.0000  0.0000  0.0000
  4 180  0.0000  0.0000 11.1304
 12 180  0.0000  0.0000 17.0667
 20 180  0.0000  0.0000 11.1304
 28 180  0.0000  0.0000 11.1304
 36 180  0.0000  0.0000 11.1304
 44 180  0.0000  0.0000  0.0000
 52 180  0.0000  0.0000 16.1088
 60 180  0.0000  0.0000 17.0667
 68 180  0.0000  0.0000 16.4760
 76 180  0.0000  0.0000  0.0000
 84 180  0.0000  0.0000  0.0000
 92 180  0.0000  0.0000  0.0000
100 180  0.0000  0.0000  0.0000
108 180  0.0000  0.0000  0.0000
116 180  0.0000  0.0000  0.0000
124 180 -0.1960  0.0000 11.1304
132 180 -0.2780  0.1270 13.3759
140 180  0.0000  0.0000 16.1088
148 180  0.0000  0.0000  0.0000
156 180  0.0000  0.0000  0.0000
164 180  0.0000  0.0000  0.0000
172 180 -0.1960  0.0000 11.1304
180 180 -0.5000  0.0000 11.1304
188 180  0.0000  0.0000 16.1088
196 180  0.0000  0.0000 11.1304
204 180  0.0000  0.0000  0.0000
212 180  0.0000  0.0000 11.1304
220 180  0.0000  0.0000 11.1304
228 180  0.0000  0.0000  0.0000
236 180  0.0000  0.0000  0.0000
244 180  0.0000  0.0000  0.0000
252 180  0.0000  0.0000  0.0000
260 180  0.0000  0.0000  0.0000
268 180  0.0000  0.0000 11.1304
276 180  0.0000  0.0000  0.0000
284 180  0.0000  0.0000 11.1304
292 180  0.0000  0.0000 11.1304
  4 188  0.0000  0.0000 11.1304
 12 188  0.0000  0.0000  0.0000
 20 188  0.0000  0.0000  0.0000
 28 188  0.0000  0.0000  8.0000
 36 188 -0.0228  0.0569  8.8750
 44 188  0.0000  0.0000  8.7016
 52 188  0.0000  0.0000 16.1088
 60 188  0.0000  0.0000 12.0455
 68 188  0.0000  0.0000 11.1304
 76 188  0.0000  0.0000  0.0000
 84 188  0.0000  0.0000 16.1088
 92 188  0.0000  0.0000 16.1088
100 188  0.0000  0.0000  0.0000
108 188  0.0000  0.0000  0.0000
116 188  0.0000  0.0000 16.1088
124 188  0.0000  0.0000  0.0000
132 188  0.0000 -0.5000  8.8276
140 188  0.0000  0.0000 11.1304
148 188  0.0000  0.0000  0.0000
156 188  0.0000  0.0000 11.1304
164 188  0.0000 -0.5000  8.8276
172 188  0.0000  0.0000 11.1304
180 188 -0.3732 -0.3694 10.3318
188 188  0.0000  0.0000 11.1304
196 188  0.0000  0.0000 11.1304
204 188  0.0000  0.0000 11.1304
212 188  0.0000  0.0000  0.0000
220 188  0.0000  0.0000  8.4768
228 188  0.0000  0.0000  0.0000
236 188  0.0000  0.0000 11.1304
244 188  0.0000  0.0000 16.1088
252 188  0.0000  0.0000  0.0000
260 188  0.0000  0.0000 11.1304
268 188  0.0000  0.0000 11.1304
276 188  0.0000  0.0000  0.0000
284 188  0.0000  0.0000 11.1304
292 188  0.0000  0.0000  0.0000
  4 196 -0.5000  0.1588 10.5785
 12 196  0.0000  0.0000 11.1304
 20 196  0.0000  0.0000 19.1045
 28 196  0.0000  0.0000  8.8276
 36 196  0.0000  0.0000 12.5445
 44 196  0.0000  0.0000 12.0455
 52 196  2.5000  0.0000  8.8276
 60 196  0.1912  0.0000 12.4272
 68 196  0.0000  0.0000  0.0000
 76 196  0.0000  0.0000  0.0000
 84 196  0.0000  0.0000 16.1088
 92 196  0.0000  0.0000 19.4783
100 196  0.0000  0.0000 11.1304
108 196  0.0000  0.0000 16.1088
116 196  0.0000  0.0000 16.1088
124 196  0.0000  0.0000 16.1088
132 196  0.0000  0.0000  0.0000
140 196  0.0000  0.0000 11.1304
148 196  0.0000  0.0000  0.0000
156 196  0.0000  2.5000  8.8276
164 196  0.0786 -0.3487  7.3143
172 196  0.0000  0.0000 11.1304
180 196 -0.1140 -0.1079 19.3902
188 196  0.5000  0.3889  6.6693
196 196  0.0000  0.0000  0.0000
204 196  0.0000  0.0000 16.1088
212 196  0.0000  0.0000  0.0000
220 196  0.0000  0.0000  0.0000
228 196  0.0000  0.0000  0.0000
236 196  0.0000  0.0000  0.0000
244 196 -0.1960 -0.5000 11.1304
252 196  0.0000  0.0000 11.1304
260 196  0.0000  0.0000 11.1304
268 196  0.0000  0.0000  0.0000
276 196  0.0000  0.0000 16.1088
284 196  0.0000  0.0000 12.0628
292 196  0.0000  0.0000 11.1304
  4 204  0.0000  0.0000  0.0000
 12 204  0.0000  0.0000 19.4783
 20 204  0.0000  0.0000  8.0000
 28 204 -0.1955 -0.0173 12.4372
 36 204  0.1008  0.0843 14.9901
 44 204  0.0000  0.0000 11.1304
 52 204  0.0000  0.0000  0.0000
 60 204  0.0000  0.0000  0.0000
 68 204  0.0000  0.0000  0.0000
 76 204  0.0000  0.0000 11.1304
 84 204  0.0000  0.0000  0.0000
 92 204  0.0000  0.0000 11.1304
100 204 -0.5000  0.0000  8.8276
108 204  0.0000  0.0000  0.0000
116 204  0.0000  0.0000 11.1304
124 204  0.0000  0.0000  0.0000
132 204  0.0000  0.0000  8.2581
140 204  0.0000 -0.0158 17.0667
148 204  0.0000  0.0000 16.1088
156 204  0.0000  0.0000 16.1088
164 204  0.0000  0.0000 12.0628
172 204  0.0000  0.0000 11.1304
180 204  0.0000  0.0000 22.2609
188 204  0.0000  0.0000  0.0000
196 204  0.2780  0.1270 13.3759
204 204  0.0000  0.0000 16.1088
212 204  0.0000  0.0000  0.0000
220 204  0.0000  0.0000  0.0000
228 204  0.0000  0.0000 11.1304
236 204  0.0000  0.0000  0.0000
244 204  0.0000  0.0000  0.0000
252 204  0.0000  0.0000 16.1088
260 204  0.0000  0.0000 16.1088
268 204  0.0000  0.0000 11.1304
276 204  0.0000  0.0000 16.1088
284 204  0.0000  0.0000 11.1304
292 204  0.0000  0.0000 11.1304
  4 212  0.0000  0.0000  0.0000
 12 212  0.0000  0.0000 16.1088
 20 212  0.0000  0.0000 11.1304
 28 212  0.0948  0.2214 10.6090
 36 212 -0.0418  0.1521 12.6567
 44 212  0.0000  0.0000 17.0667
 52 212  0.0000  0.0000 11.1304
 60 212  0.0000  0.0000  0.0000
 68 212  0.0000  0.0000  0.0000
 76 212  0.0000  0.0000 11.1304
 84 212  0.0000  0.0000 11.1304
 92 212  0.0000  0.0000 11.1304
100 212  0.0000  0.0000 11.1304
108 212  0.0000  0.0000  0.0000
116 212  0.0000  0.0000 19.1045
124 212  0.0000  0.0000  0.0000
132 212  0.0000  0.0000 16.1088
140 212  0.0000  0.0000  0.0000
148 212  0.0000  0.0000  0.0000
156 212  0.0000  0.0000 11.1304
164 212  0.0000  0.0000 12.0628
172 212  0.0000  0.0000 11.1304
180 212  0.0000  0.0000 11.1304
188 212  0.0000  0.0000  9.4948
196 212  0.0000  0.0000 11.1304
204 212  0.0000  0.0000 12.0455
212 212  0.0000  0.0000 17.0667
220 212  0.0000  0.0000  0.0000
228 212  0.0000  0.0000 11.1304
236 212  0.0000  0.0000 16.1088
244 212  0.0000  0.0000  0.0000
252 212  0.0000  0.0000  0.0000
260 212  0.0000  0.0000 11.1304
268 212  0.0000  0.0000 16.1088
276 212  0.0000  0.0000 11.1304
284 212  0.0000  0.0000 11.1304
292 212  0.0000  0.0000 11.1304
  4 220  0.0000  0.0000  0.0000
 12 220  0.0000  0.0000  0.0000
 20 220  0.1960  2.5000 11.1304
 28 220  0.0000  0.0000 16.1088
 36 220  0.0000  0.0000  0.0000
 44 220  0.0000  0.0000 11.1304
 52 220  0.0000  0.0000 16.1088
 60 220  0.0000  0.0000 12.0628
 68 220  0.0000  0.0000 11.1304
 76 220  0.0000  0.0000  0.0000
 84 220  0.0000  0.0000  0.0000
 92 220  0.0000  0.0000  0.0000
100 220  0.0000  0.0000 11.1304
108 220  0.0000  0.0000 16.1088
116 220  0.0000  0.0000 11.1304
124 220  0.0000  0.0000 12.5902
132 220  0.0000  0.0000  0.0000
140 220  0.0000  0.0000 16.1088
148 220  0.0000  0.0000 11.1304
156 220  0.0000  0.0000 16.1088
164 220  0.1960  2.5000 11.1304
172 220  0.0000  0.0000 16.1088
180 220  0.0000  0.0000 16.1088
188 220  0.0000  0.0000 22.2609
196 220  0.0000  0.0000 16.1088
204 220  0.0000  0.0000 19.1045
212 220  0.0000  0.0000  0.0000
220 220  0.0000  0.0000 11.1304
228 220  0.0000  0.0000 11.1304
236 220  0.0000  0.0000  0.0000
244 220  0.0000  0.0000 17.0667
252 220  0.0000  0.0000  0.0000
260 220  0.0000  0.0000 11.1304
268 220  0.0698  0.2911 10.5124
276 220  0.0000  0.0000 11.1304
284 220  0.0000  0.0000  0.0000
292 220  0.0000  0.0000 11.1304
