VARIABLES= "X pix", "Y pix", "U pix/dt", "V pix/dt", "CHC", ZONE I=28, J=37
  4   4  0.0359 -0.0445 11.8865
 12   4  0.0353  0.0000 11.9577
 20   4  0.0211  0.0000 11.0456
 28   4 -0.0023  0.0000  9.4202
 36   4  0.0064  0.0000  9.3411
 44   4  0.0102  0.0000  9.9992
 52   4 -0.0054  0.0000 10.2151
 60   4  0.0000  0.0287  9.2864
 68   4  0.0600  0.0127 10.2254
 76   4  0.0231  0.0000 11.1505
 84   4  0.0099  0.0255 10.5625
 92   4  0.0000  0.0000 11.9407
100   4  0.0000  0.0000 11.9407
108   4  0.0000  0.0216 12.9628
116   4 -0.0071  0.0040 11.5916
124   4  0.0122  0.0000 11.7754
132   4 -0.0300  0.0000 11.5867
140   4 -0.0569  0.0000 11.2111
148   4  0.0143  0.0161 11.0722
156   4  0.0109  0.0000 11.7794
164   4 -0.0226 -0.0114 10.9984
172   4  0.0194 -0.0657 11.2799
180   4 -0.0005 -0.0551 11.7214
188   4  0.0000  0.0390 11.9578
196   4  0.0362  0.0000 12.0698
204   4  0.0496 -0.0610 11.2880
212   4  0.0000  0.0000 10.7856
220   4  0.0592 -0.0075 12.7954
228   4 -0.0672 -0.0426 14.2963
236   4 -0.0038  0.0000 14.1759
244   4  0.0026 -0.0019 13.3803
252   4 -0.0444  0.0000 11.4308
260   4  0.0022 -0.0915 11.9061
268   4  0.0364  0.0000 11.7371
276   4  0.0000 -0.0058 12.1018
284   4 -0.0774  0.1043 11.7463
292   4  0.0804  0.0467 11.1193
  4  12 -0.0840  0.0000  0.0000
 12  12 -0.3118 -0.0945 14.5907
 20  12 -0.1850  0.0000 19.1045
 28  12 -0.1006  0.0000  8.2581
 36  12 -0.0599  0.0000  7.3911
 44  12  0.0000  0.1469 10.3584
 52  12  0.0749  0.0000  7.3911
 60  12 -0.0055  0.0000  9.3279
 68  12 -0.1165 -0.0417  7.9802
 76  12 -0.0820  1.3357  7.4301
 84  12  0.0000 -0.1421 13.4737
 92  12  0.0103  0.0000 11.1304
100  12 -0.0159  0.0000 17.0667
108  12  0.0269 -0.0615 11.2195
116  12 -0.0600  0.1800  9.8837
124  12  0.0277  0.0000 10.6474
132  12  0.0163  0.0000 10.6474
140  12  0.0062  0.0000 10.6214
148  12  0.0000  0.0450 10.6035
156  12 -0.0681  0.0000  9.9273
164  12 -0.0036  0.0205 31.9700
172  12  0.0005  0.0285 54.5217
180  12 -0.1023  0.0397 10.0620
188  12 -0.0118  0.0000  7.5437
196  12  0.0784  0.0988  7.2224
204  12  0.0530  0.0000  7.3291
212  12  0.0601  0.0798 12.3802
220  12  0.0641  0.1212  8.0171
228  12  0.0133  0.0000  7.1639
236  12  0.0000  0.0291  7.3301
244  12 -0.0636  0.0000  7.8987
252  12 -0.0757  0.0000  8.8923
260  12 -0.1097  0.2416  9.4196
268  12 -0.1347  0.0192  7.9803
276  12  0.1282  0.0358  9.1680
284  12  0.0434  0.1550  9.6909
292  12 -0.0657 -0.0103 11.7950
  4  20 -0.0874 -0.0555 11.1836
 12  20  0.0000  0.0111 12.2430
 20  20  0.0343  0.0120  9.2711
 28  20 -0.0781 -0.0731  9.1173
 36  20  0.0000 -0.0337  9.5099
 44  20  0.0000 -0.0720  9.6296
 52  20  0.1001 -0.0132 10.7450
 60  20  0.0000 -0.0057 10.7510
 68  20  0.0042  0.0494  9.8944
 76  20 -0.0142  0.0000  9.2901
 84  20 -0.0420  0.0000  9.3138
 92  20  0.0223  0.0000  9.3738
100  20  0.0510 -0.0425 16.1603
108  20  0.0180  0.0135 16.2658
116  20  0.0107 -0.0011 18.0963
124  20  0.0318  0.0000 16.8460
132  20 -0.0015  0.0110 17.4719
140  20  0.0109  0.0000 17.4530
148  20  0.0368  0.0000 15.0610
156  20  0.0086  0.0021 25.9268
164  20  0.0063  0.0000 24.0628
172  20 -0.0081 -0.0065 34.2610
180  20  0.0047  0.0000 18.6158
188  20 -0.0057  0.0000 15.1483
196  20 -0.0348 -0.0111 10.4366
204  20  0.0041  0.0100 23.5299
212  20  0.0000  0.0000 21.2250
220  20 -0.0545 -0.0647 19.3306
228  20 -0.0029  0.0313 18.7576
236  20  0.0060 -0.0625 16.4720
244  20  0.0426  0.0374 15.4845
252  20  0.0670  0.0053 17.8774
260  20 -0.0592 -0.0614 17.1118
268  20 -0.0680  0.0266 15.4509
276  20 -0.0130  0.0210 13.3516
284  20 -0.0246 -0.1795 13.3546
292  20 -0.0099  0.0046 21.8994
  4  28 -0.0159  0.0000 13.8756
 12  28 -0.0292  0.0148 18.0241
 20  28  0.0062 -0.0108 16.4710
 28  28 -0.0249  0.0015 10.2390
 36  28 -0.0131 -0.0010  9.4938
 44  28  0.0041  0.0000  9.0891
 52  28  0.0081  0.0000  9.0163
 60  28 -0.0133  0.0000  8.1496
 68  28 -0.0386  0.0240  8.5831
 76  28  0.0278 -0.0025  9.5103
 84  28  0.0000  0.0000  7.4876
 92  28 -0.0249 -0.0064  7.4418
100  28  0.0213  0.0000  9.6831
108  28  0.0118 -0.0112  8.8486
116  28  0.0052 -0.0061  7.7263
124  28  0.0044 -0.0068  8.0276
132  28 -0.0247  0.0000  6.6663
140  28 -0.0532  0.0000  6.4336
148  28 -0.0042 -0.0539  7.6843
156  28  0.0054  0.0000 14.9833
164  28  0.0067  0.0064 15.4726
172  28  0.0217 -0.0003 22.8340
180  28  0.0043  0.0044 14.5272
188  28 -0.0900  0.0000  7.2997
196  28 -0.0922  0.0000  6.6836
204  28  0.0000 -0.0401  6.7615
212  28  0.0006  0.0109  6.7316
220  28  0.0008  0.0033  6.7994
228  28 -0.0024 -0.0199  6.7068
236  28  0.0072  0.0216  6.4653
244  28 -0.0300 -0.0014  6.7046
252  28  0.0067  0.0035  8.0014
260  28 -0.0088 -0.0164  8.3985
268  28 -0.0001 -0.0100  9.3398
276  28 -0.0005 -0.0019 10.7519
284  28  0.0169 -0.0138  7.5539
292  28  0.0115  0.0000  7.3211
  4  36  0.0000  0.0000  7.1712
 12  36 -0.0127  0.0000  6.8146
 20  36  0.0079  0.0000  7.3299
 28  36  0.0706  0.0079 15.4791
 36  36 -0.0046  0.0000 15.2515
 44  36 -0.0139  0.0000 11.9011
 52  36  0.0042  0.0000 17.6251
 60  36 -0.0179  0.0000 15.9971
 68  36 -0.0969  0.0155 13.9057
 76  36 -0.0023 -0.0752 10.9081
 84  36  0.0084  0.0251  9.2161
 92  36  0.0000  0.0000  7.1712
100  36 -0.0011  0.0000 10.7529
108  36 -0.0657  0.0000 11.1304
116  36 -0.1470  0.0000  8.6486
124  36 -0.1341  0.0000  0.0000
132  36  0.0616  0.0000 16.1088
140  36  0.0502  0.0000  0.0000
148  36  0.0163  0.0128  5.6168
156  36  0.0246  0.0354 11.8603
164  36  0.0087  0.0156 12.8483
172  36  0.0013 -0.0081 11.1209
180  36  0.0151 -0.0008 11.4835
188  36  0.0000 -0.0000  9.6379
196  36 -0.0689  0.0000 10.2864
204  36 -0.0627  0.0114 12.4311
212  36 -0.0466 -0.0037 15.4554
220  36  0.0538  0.0000 14.0780
228  36 -0.0109  0.0000 14.6166
236  36 -0.0364  0.0000 13.7993
244  36 -0.0149  0.2749  9.0775
252  36  0.0000 -0.0736  9.7300
260  36 -0.0948 -0.0057 10.8041
268  36 -0.0628  0.0000  9.6268
276  36  0.0106 -0.2269 11.3584
284  36  0.1189  0.0000  9.5231
292  36  0.1462  0.0000 11.9011
  4  44  0.2635  0.2067 12.6081
 12  44  0.1764  0.0000 12.8227
 20  44  0.1297  0.0606 15.6098
 28  44  0.0466  0.0321 11.4618
 36  44 -0.0855  0.0000  8.8736
 44  44 -0.1730  0.0000  7.8987
 52  44 -0.1828  0.0054  7.9073
 60  44  0.1771  0.1997  5.4001
 68  44  0.0614  0.0000  0.0000
 76  44 -0.0532  0.0000  0.0000
 84  44 -0.0698  0.2911 10.5124
 92  44  0.1308  0.0000 11.1304
100  44  0.0724  0.0000 14.5615
108  44  0.0195  0.0000  0.0000
116  44 -0.0755  0.0000  0.0000
124  44 -0.2908  0.0000 16.1088
132  44 -0.5000  0.0000  8.2581
140  44 -0.1973  0.0000  0.0000
148  44  0.1159 -0.1242  5.4019
156  44 -0.0151 -0.0051 15.1583
164  44 -0.0190 -0.0168 12.3308
172  44  0.0161 -0.0202 12.6919
180  44  0.0084  0.0056 18.7627
188  44 -0.0616  0.0000  6.7258
196  44 -0.0976  0.0000  0.0000
204  44 -0.1546  0.3332  8.8536
212  44  0.1655 -0.2218 11.9830
220  44  0.1848 -0.0546  8.2343
228  44  0.2098  0.0000  9.4841
236  44  0.1409  0.0000 12.0066
244  44  0.0988  0.0000 12.2639
252  44  0.0288  0.0000 10.6057
260  44 -0.0631 -0.0074 11.2490
268  44 -0.0523  0.0000 10.8982
276  44  0.0558 -0.0080 10.6810
284  44  0.0825  0.0000 16.5768
292  44  0.0000  0.0000 12.4526
  4  52 -0.1182 -0.0642  8.1714
 12  52  0.0000 -0.1960 11.1304
 20  52  0.2660  0.0000 11.9011
 28  52  0.1328  0.0000 16.1088
 36  52  0.0376  0.0000 11.1304
 44  52 -0.0379  0.0000  0.0000
 52  52 -0.2539  0.0000  0.0000
 60  52 -0.4055  0.0000  0.0000
 68  52 -0.2281  0.0000  0.0000
 76  52  0.0121  0.0000  0.0000
 84  52  0.0781  0.0000 12.0455
 92  52  0.1960  2.5000 11.1304
100  52  0.1238  0.0000 12.8600
108  52  0.0605  0.0000 11.1304
116  52  0.0071  0.0000  0.0000
124  52  0.0000  0.1820 11.3219
132  52 -0.0914  0.0000 11.1304
140  52  0.0068  0.0000 16.1088
148  52 -0.0062  0.0029  7.2987
156  52  0.0020 -0.0041  8.5573
164  52  0.0007 -0.0146  8.5772
172  52  0.0131 -0.0034  8.4335
180  52 -0.0002 -0.0040  8.0636
188  52  0.0607 -0.0345  8.4941
196  52  0.0000  0.2662  6.7780
204  52  0.0199  0.0000  9.7047
212  52  0.0000  0.5000  7.8528
220  52  0.3329 -0.0842  7.1879
228  52  0.1034  0.1770  6.8106
236  52  0.1944 -0.0104  8.3163
244  52  0.3116  0.0000 10.9824
252  52  0.1011 -0.0133 10.3180
260  52 -0.0324  0.0000 17.6152
268  52  0.0131  0.0090  8.4516
276  52 -0.1805  0.0000 10.5606
284  52 -0.3040  0.0000  8.7453
292  52 -0.2296  0.0000 10.7607
  4  60 -0.0829  0.0000  0.0000
 12  60 -0.0106  0.0000  0.0000
 20  60  0.0000  2.5000  8.8276
 28  60  0.0638  0.0000  0.0000
 36  60  0.0375  0.0000  0.0000
 44  60 -0.0361  0.0000  0.0000
 52  60 -0.1035  0.0000  0.0000
 60  60 -0.1307  0.0000  0.0000
 68  60 -0.1149  0.0000  0.0000
 76  60 -0.2054  0.0000 11.1304
 84  60 -0.3632  0.0000  6.7874
 92  60  0.0284  0.1241 11.5356
100  60 -0.0700  0.0000 16.0731
108  60 -0.2414  0.0000 11.1304
116  60  0.1963 -0.5947  8.5906
124  60  0.0149  0.0000  0.0000
132  60 -0.0417  0.1134  7.3143
140  60 -0.1399  0.0000  9.2086
148  60 -0.0510  0.0000 13.6629
156  60 -0.2945  0.0000 11.9011
164  60 -0.0244  0.0000  9.7047
172  60  0.2193 -0.0923  7.5156
180  60 -0.1497  0.0000 10.3926
188  60 -0.3458  0.0000 11.1304
196  60 -0.2306  0.0000  0.0000
204  60 -0.2473  0.0000  0.0000
212  60 -0.2932  0.0000  0.0000
220  60 -0.2371  0.0000  0.0000
228  60 -0.1164  0.0000  0.0000
236  60 -0.0170  0.0000 11.1304
244  60  0.0000 -0.5000  8.8276
252  60  0.0911  0.0000 16.1088
260  60  0.0433  0.0000 11.9011
268  60 -0.0655  0.0000 11.7867
276  60 -0.1835  0.0196 20.9269
284  60 -0.1113  1.6014 11.9803
292  60 -0.0206  0.0000  9.7047
  4  68  0.0364  0.0000 12.5445
 12  68  0.1151  0.1151 16.5161
 20  68  0.2065  0.0000 11.1304
 28  68  0.0899  0.0000  0.0000
 36  68 -0.0336  0.0000  0.0000
 44  68  0.0187  0.0000 11.1304
 52  68 -0.2414  0.0000 11.1304
 60  68 -0.3068  0.0000 11.9011
 68  68 -0.2773  0.0000 11.1304
 76  68  0.0000 -0.2730 10.6474
 84  68 -0.3522  0.1243  9.5390
 92  68 -0.0030 -0.0030 11.4939
100  68  0.0824 -0.4211  7.3903
108  68  0.0000 -0.1960 11.1304
116  68 -0.4842  0.0000 11.1304
124  68 -0.2766  0.0000 11.1304
132  68 -0.2396  0.0000  0.0000
140  68 -0.2873  0.0000 11.1304
148  68 -0.2292  0.0000  9.1555
156  68 -0.1028  0.0000 12.0628
164  68  0.0360  0.0000 12.0628
172  68 -0.0712  0.0000 16.6956
180  68  0.1747  0.0000 13.0803
188  68  0.0838  0.0000 11.1304
196  68  0.0139  0.0000 11.1304
204  68 -0.0349  0.0000  0.0000
212  68  0.0369  0.0000  0.0000
220  68  0.1438  0.0000  0.0000
228  68  0.2368  0.0000  0.0000
236  68  0.3070  0.0000 11.1304
244  68  0.3050  0.0000  0.0000
252  68  0.2416  0.0000  0.0000
260  68  0.2148  0.0000 16.1088
268  68  0.0927  0.0000 11.1304
276  68 -0.1439 -0.0853 11.4193
284  68 -0.3104  0.0000 12.7414
292  68 -0.0557 -0.0193 15.2661
  4  76  1.3253  0.0000 20.7059
 12  76  2.5000 -0.1588 10.5785
 20  76  0.0579 -0.2001 13.7634
 28  76  2.9456  0.0000 11.1304
 36  76  2.5000  0.1588 10.5785
 44  76  0.0563  0.0416 15.1354
 52  76  0.1130  0.1667 10.8394
 60  76 -0.0589 -0.4780  8.2259
 68  76 -0.2317  0.0000 16.1088
 76  76 -0.1593  0.0000  8.0000
 84  76 -0.0424 -0.0212  7.6356
 92  76  0.1946 -0.0952  7.5804
100  76 -0.2461  0.1888  9.8913
108  76  0.2907  0.0403 10.5761
116  76  0.0000 -0.3042 13.4737
124  76  0.0577  0.0000 11.9011
132  76  0.0783  0.0000  9.4208
140  76  0.1573  0.0000  8.6413
148  76  0.2308  0.0000 12.8600
156  76  0.2443  0.0000 11.1304
164  76  0.1587  0.0000 16.1088
172  76 -0.0557 -0.0193 15.2661
180  76  0.1963 -0.5947  8.5906
188  76  0.4431  0.0000 11.1304
196  76  0.2053  0.0000  0.0000
204  76 -0.0994  0.0000  0.0000
212  76 -0.2194  0.0000  0.0000
220  76  0.2761  0.0000 11.1304
228  76  1.2806  0.0000  0.0000
236  76  1.7962  0.0000  0.0000
244  76  0.6157  0.0000  0.0000
252  76  4.2300  0.0000  0.0000
260  76  2.7123  0.0000 11.1304
268  76  0.8800  0.0000 11.1304
276  76  0.2662  0.0000 11.1304
284  76  0.0100 -0.3289  6.7051
292  76 -0.1149 -0.1721  7.4250
  4  84  0.0926  0.0000 11.1304
 12  84  0.1195  0.0000 14.4198
 20  84  0.1823  0.0000 16.1088
 28  84  0.0418 -0.1521 12.6567
 36  84 -0.0475  0.0000 16.1088
 44  84 -0.5000  0.0000  8.8276
 52  84  0.0000 -1.7251  8.5018
 60  84  0.0608  0.0000 11.1304
 68  84  0.1724  0.0000 11.5903
 76  84  0.1841  0.0000 20.7059
 84  84  0.0119  0.0000 11.1304
 92  84 -0.5000  0.0000 11.1304
100  84 -2.1052 -0.5000  6.6184
108  84  0.1656 -0.0786 10.7522
116  84  0.7142 -1.6504 10.2544
124  84  0.2404  0.0000 16.1088
132  84 -0.1146 -0.0101 17.4161
140  84 -0.2907  0.0403 10.5761
148  84  0.2598  0.0000 16.1088
156  84  0.7122  0.0000 11.1304
164  84  0.6267  0.0000 11.1304
172  84  0.0359  0.0000 11.1304
180  84  3.6423  0.0000  0.0000
188  84  2.2299  0.0000  0.0000
196  84  1.0075  0.0000  0.0000
204  84  0.3025  0.0000  0.0000
212  84  0.3463  0.0000 16.1088
220  84  0.6256  0.0000  8.2581
228  84  0.7732  0.0000 11.1304
236  84  0.3345  0.0000 11.1304
244  84  0.1529  0.0000  0.0000
252  84  0.1076  0.0000  0.0000
260  84  0.0733  0.0000  0.0000
268  84  0.0000  0.5000  8.0688
276  84 -0.0193  0.0000  0.0000
284  84 -0.1306  0.0000 11.1304
292  84  0.1014  0.0000 16.1088
  4  92  0.0881  0.0000  0.0000
 12  92 -0.1881  0.0000 12.0455
 20  92 -0.6483  0.0000 11.9011
 28  92 -1.1080  0.0000  9.2086
 36  92  0.3622 -0.3124  9.6172
 44  92  0.4917  0.0000 11.1304
 52  92 -0.0287  0.3978  8.5434
 60  92 -0.1354  0.0000 21.1313
 68  92 -0.0766  0.0000 22.2609
 76  92  0.3078  0.1993  9.5839
 84  92  0.2086  0.0000 11.1304
 92  92 -0.5000  0.0000 11.1304
100  92 -1.1543  0.0000 11.1304
108  92  1.8984  0.0000  0.0000
116  92  1.2844  0.0000 16.1088
124  92  0.6912  0.0000  7.6457
132  92  0.0970  0.1369  9.7554
140  92  0.7194  0.0000  0.0000
148  92  1.5341  0.0000  0.0000
156  92  1.7608  0.0000 11.1304
164  92  0.3999  0.0000  0.0000
172  92  0.0351  0.0000  0.0000
180  92  0.0980  0.0000  0.0000
188  92  0.1164  0.0000  0.0000
196  92  0.0613  0.0000  0.0000
204  92 -0.1080  0.0000 11.1304
212  92 -0.5000  0.0000  8.8276
220  92  0.0000  0.1960 11.1304
228  92  0.0079  0.0000  8.0000
236  92 -0.2772  0.0000 13.3565
244  92 -0.5370  0.0000  8.0000
252  92 -0.5963  0.0000 12.0628
260  92  0.0000  0.1960 11.1304
268  92  0.2155  0.0000  0.0000
276  92  0.0349  0.0000  0.0000
284  92 -0.0489  0.0000  0.0000
292  92 -0.0817  0.0000 16.1088
  4 100  0.0045  0.0000 11.1304
 12 100 -0.0698  0.2911 10.5124
 20 100 -0.8951  0.0000 16.1088
 28 100 -1.9654  0.0000  5.4468
 36 100 -0.0126  0.0000 11.2008
 44 100  0.1612  0.2097  9.4323
 52 100 -0.0854 -0.3715 12.6254
 60 100  0.1170  0.0000  6.8970
 68 100  1.0468  0.0000 10.2729
 76 100  2.2267  0.0000 16.1088
 84 100  2.8274  0.3035  7.6077
 92 100  0.0418 -0.1521 12.6567
100 100 -0.1419  0.0000 11.1304
108 100  0.1151 -0.1151 16.5161
116 100  0.1189  0.0000 11.1304
124 100  0.0534  0.0000 11.1304
132 100  0.0000 -0.1960 11.1304
140 100 -0.5391  0.0000 16.1088
148 100 -0.4455  0.0000 16.1088
156 100 -0.1841 -0.0418 12.3683
164 100 -0.3909  0.0000 11.1304
172 100 -0.3737  0.0000 11.1304
180 100 -0.2460  0.0000  0.0000
188 100  0.0445  0.0000 11.1304
196 100  0.1910  0.0000  0.0000
204 100  0.1534  0.0000 11.1304
212 100  0.0521  0.0000  0.0000
220 100 -0.2301  0.0000 16.1088
228 100 -0.5000  0.0000  8.8276
236 100 -0.6108  0.0000  0.0000
244 100 -1.1087  0.0000 16.1088
252 100 -2.1933  0.0000 16.1088
260 100 -0.9445  0.0000  0.0000
268 100 -0.4357  0.0000  0.0000
276 100 -0.3157  0.0000  0.0000
284 100  0.0278  0.0000  0.0000
292 100  0.8005  0.0000 11.1304
  4 108  1.6085  0.0000 11.9011
 12 108  1.7563  0.0000  7.8087
 20 108  0.4040  0.0000  0.0000
 28 108  0.1123  0.0711 13.6764
 36 108  0.1240  0.0000 16.1088
 44 108  0.0525  0.0000  0.0000
 52 108 -0.1760  0.0000 15.0588
 60 108 -0.3871  0.0000  0.0000
 68 108 -1.1075  0.0000  0.0000
 76 108 -1.2583  0.0000  0.0000
 84 108 -0.4455  0.0000 16.1088
 92 108 -0.5000  0.1588 10.5785
100 108 -0.0658  0.0000  0.0000
108 108  0.1960  0.0000 11.1304
116 108  0.2937  0.0000  0.0000
124 108  0.2988  0.0000 16.1088
132 108  0.2753  0.0000  0.0000
140 108  0.1960  0.0000 11.1304
148 108 -0.2982  0.0000  0.0000
156 108 -0.7371  0.0000  8.2581
164 108 -0.8037  0.0000  0.0000
172 108 -0.7620  0.0000 17.0667
180 108 -1.5708  0.0000 17.0667
188 108 -1.0779  0.0000  0.0000
196 108 -0.5000  0.0000 11.1304
204 108 -0.3114  0.0000 11.1304
212 108 -0.1314  0.0000  0.0000
220 108  0.3495  0.0000  0.0000
228 108  0.7432  0.0000 16.1088
236 108  0.6985  0.0000  0.0000
244 108  0.2419  0.0000 11.1304
252 108  0.1219  0.0000 11.1304
260 108  0.1635  0.0000 16.1088
268 108  0.1759  0.0000  0.0000
276 108  0.0413  0.0000 11.1304
284 108 -0.4280  0.0000  0.0000
292 108 -1.8741  0.0000  0.0000
  4 116 -2.5623  0.0000 10.9491
 12 116 -0.3696 -0.2945  8.0000
 20 116  0.0979  0.0000 11.9011
 28 116  0.6993  0.0000 20.7059
 36 116  1.0096  0.0000 11.1304
 44 116  0.6498  0.0000 11.1304
 52 116  0.3723  0.0000 16.1088
 60 116  0.2493  0.0000  0.0000
 68 116  0.1054  0.0000  0.0000
 76 116 -0.3164  0.0000 11.1304
 84 116 -0.7907  0.0000 22.2609
 92 116 -0.6480  0.0000 11.1304
100 116  0.4322  0.0000  0.0000
108 116  0.1960  2.5000 11.1304
116 116 -0.7369  0.0000  0.0000
124 116 -0.1651  0.0000 11.1304
132 116  0.0368  0.0000  0.0000
140 116 -0.0610  0.5000  7.7665
148 116  0.1799  0.0000  0.0000
156 116  0.2322  0.0000  9.2086
164 116  0.0000  4.5000  4.0635
172 116 -0.0052  0.0000 11.1304
180 116  0.0709  0.0000 11.1304
188 116  0.1929  0.0000  0.0000
196 116  0.3033  0.0000  0.0000
204 116  0.3313  0.0000 11.1304
212 116  0.0000 -2.0000 11.1304
220 116 -2.3256  0.0000 11.1304
228 116 -4.5000 -0.1174 13.8795
236 116 -1.8184  0.0000  0.0000
244 116 -0.0947  0.0000 11.1304
252 116  1.2370  0.0000  0.0000
260 116  1.8796  0.0000  0.0000
268 116  0.7757  0.0000 16.1088
276 116  0.2802  0.0000 19.1045
284 116  0.2025  0.0000 16.1088
292 116  0.2372  0.0000 11.1304
  4 124  0.1403  0.0000 16.1088
 12 124 -0.2272  0.0241 12.9826
 20 124 -0.1151 -0.1151 16.5161
 28 124  2.5000  0.0000  8.8276
 36 124  3.4038  0.0000  0.0000
 44 124 -0.2557  0.0000 13.7892
 52 124  0.5712  0.0000 13.5576
 60 124  1.0265  0.0000 11.1304
 68 124  0.9036  0.0000 11.1304
 76 124  0.6984  0.0000 16.1088
 84 124  0.4359  0.0000 11.1304
 92 124  0.1841 -0.0418 12.3683
100 124  0.0874  0.0000  8.2581
108 124  0.1071  0.0000  0.0000
116 124  0.1716  0.0000  0.0000
124 124  0.2091  0.0000 11.1304
132 124  0.1190  0.0000 17.0667
140 124 -0.2571  0.1311  7.2040
148 124 -0.7471  0.0000  0.0000
156 124 -0.6001  0.1776  6.9856
164 124 -0.5822  0.0000  0.0000
172 124  0.0509  0.0000  0.0000
180 124  1.3749  0.0000  0.0000
188 124  2.5000  0.0000  8.8276
196 124  0.3127 -0.1061  9.8739
204 124 -0.0216  0.0000 11.1304
212 124  0.1467  0.0000  0.0000
220 124  0.5470  0.0000 11.1304
228 124  1.2733  0.0000 19.4783
236 124  2.5000  0.0000  8.8276
244 124  1.9252  0.0000 11.1304
252 124  3.1958  0.0000  0.0000
260 124  4.7230  0.0000  8.0000
268 124  0.0000 -0.1556 12.2969
276 124  1.4523  0.0000 11.1304
284 124  2.3626  0.0000 11.1304
292 124  2.0671  0.0000 11.1304
  4 132  1.4144  0.0000  0.0000
 12 132  0.8246  0.0000 11.1304
 20 132  0.4352  0.0000  0.0000
 28 132  0.2528  0.0000  0.0000
 36 132  0.1718  0.0000  0.0000
 44 132  0.1370  0.0000  0.0000
 52 132  0.0944  0.0000 12.6818
 60 132 -0.0088  0.0000 11.1304
 68 132 -0.1688  0.0000  0.0000
 76 132 -0.1677  0.0000  0.0000
 84 132 -0.0618  0.0000 19.1045
 92 132 -0.4422  0.0000 17.0667
100 132 -0.6907 -0.2991  8.0688
108 132 -0.0764  0.0000  0.0000
116 132  0.1327  0.0731  6.0160
124 132  0.0096  0.0526  6.5641
132 132 -0.1051  0.2490 16.2965
140 132  0.0596  0.0000  0.0000
148 132  0.2623  0.0000  0.0000
156 132  0.4172  0.0000  0.0000
164 132  0.5000  0.0000 11.1304
172 132  1.3200  0.0000 11.1304
180 132  2.5725  0.0000 16.1088
188 132  3.9067  0.0000 20.7059
196 132 -0.1088  0.1876 13.0169
204 132  2.1702  0.0000 11.1304
212 132  3.7440  0.0000 16.1088
220 132  2.9140  0.0000 11.1304
228 132  1.8161  0.0000 11.1304
236 132  1.0038  0.0000 11.1304
244 132  0.5465  0.0000 16.1088
252 132  0.3578  0.0000 11.1304
260 132  0.2007  0.0000  0.0000
268 132  0.0870  0.0000  0.0000
276 132 -0.0062  0.0000 11.1304
284 132 -0.1075  0.0000  0.0000
292 132 -0.1960  2.5000 11.1304
  4 140 -0.0632  0.0000 19.1045
 12 140 -0.0653  0.0000  0.0000
 20 140 -0.3979  0.0000  0.0000
 28 140 -0.7580  0.0000  0.0000
 36 140 -0.6891  0.0000  0.0000
 44 140 -0.5220  0.0000 16.1088
 52 140 -0.2333  0.0000  0.0000
 60 140 -0.0054  0.0000 11.1304
 68 140  0.1812  0.0000 17.0667
 76 140  0.1939  0.0000  0.0000
 84 140  0.0698 -0.2911 10.5124
 92 140  0.1197  0.0000 13.1641
100 140  0.6620  0.0000 16.1088
108 140  1.5000  4.5000  4.0635
116 140  1.7713  0.0000  6.2723
124 140 -0.0406  0.0094  5.9385
132 140  2.1585  0.0000 16.0000
140 140  4.5000 -0.5000  4.0635
148 140  2.6274  0.0000  0.0000
156 140  1.4705  0.0000  8.2581
164 140  0.7791  0.0000  0.0000
172 140  0.4036  0.0000 16.1088
180 140  0.3290  0.0000  9.4815
188 140  0.1365  0.0000  0.0000
196 140 -0.0000  0.0000  0.0000
204 140 -0.0860  0.0000 11.1304
212 140 -0.1276  0.0000 11.1304
220 140 -0.0954  0.0000  0.0000
228 140  0.0397  0.0000  0.0000
236 140 -0.0254  0.0000  0.0000
244 140 -0.2101  0.0000  0.0000
252 140 -0.5915  0.0000 11.1304
260 140 -0.7962  0.0000  0.0000
268 140 -0.5895  0.0000  0.0000
276 140 -0.0993  0.0000  0.0000
284 140  0.3749  0.0000  0.0000
292 140  0.6306 -0.1105 11.2757
  4 148  0.5217  0.0000  0.0000
 12 148  0.2576  0.0000 11.1304
 20 148  0.1174  4.1710 14.6131
 28 148  0.0382 -0.1028 16.6166
 36 148  0.2078  0.0000 11.9011
 44 148 -0.5000  0.0000  8.8276
 52 148 -1.2078  0.0000 11.1304
 60 148  0.0000  0.1960 11.1304
 68 148  1.3492  0.0000 16.1088
 76 148  0.1841 -0.0418 12.3683
 84 148  0.5142  0.0000  0.0000
 92 148  0.5000  0.0000  8.0688
100 148  0.1006  0.0000  0.0000
108 148  0.0044  0.0000  0.0000
116 148 -0.0752  0.0000 16.1088
124 148 -0.1423  0.0000  0.0000
132 148 -0.1884  0.0000 11.1304
140 148 -0.1894  0.0000  0.0000
148 148 -0.0956  0.0000  0.0000
156 148  0.1050 -0.5000  6.8903
164 148  0.0348  0.0000  0.0000
172 148  0.2261  0.0000  0.0000
180 148 -0.2072  0.0000 12.0628
188 148 -0.7045  0.0000 11.1304
196 148 -0.4065  0.0000  0.0000
204 148  0.2994  0.0000  0.0000
212 148  0.9972  0.0000 19.1045
220 148  1.3161  0.0000 11.1304
228 148  1.0097  0.0000  0.0000
236 148  0.4990  0.0000  0.0000
244 148  0.1393  0.0000 11.1304
252 148  0.0215  0.0000 11.1304
260 148 -0.2045  0.0000  0.0000
268 148 -0.9371  0.0000  0.0000
276 148 -1.8087  0.0000  0.0000
284 148 -0.7621  0.0000  0.0000
292 148  0.0956  0.0000  0.0000
  4 156  0.1504  0.0000 11.1304
 12 156  0.9615  0.0000 11.1304
 20 156  1.7055 -4.1707 12.5618
 28 156  0.1960  0.0000 11.1304
 36 156 -0.1156  0.0000 11.1304
 44 156 -0.1961  0.0000  0.0000
 52 156 -0.2397  0.0000  0.0000
 60 156 -0.2880  0.0000 16.1088
 68 156 -0.3332  0.0000  0.0000
 76 156 -0.3376  0.0000  0.0000
 84 156 -0.2757  0.0000 16.1088
 92 156 -0.0913  0.2044 18.7317
100 156  1.0822  0.0000 11.1304
108 156  0.4950  0.0000 16.1088
116 156 -0.5000  0.1588 10.5785
124 156 -0.0628  0.0000  0.0000
132 156  0.8279  0.0000  0.0000
140 156  1.7319  0.0000 11.1304
148 156  2.1394  0.0000  0.0000
156 156  1.4137  0.0000  0.0000
164 156  0.5000  0.0000 11.1304
172 156  0.0000 -0.5000  8.8276
180 156  0.1138  0.0000  7.2997
188 156 -0.1687  0.0000 11.1304
196 156 -0.5215  0.0000  0.0000
204 156 -1.5796  0.0000  0.0000
212 156 -0.8382  0.0000 19.1045
220 156 -0.1447  0.0000 16.1088
228 156  0.2539  0.0000  0.0000
236 156  0.8550  0.0000  0.0000
244 156  1.2159  0.0000 11.1304
252 156  0.4384  0.0000  0.0000
260 156  0.0281  0.0000  0.0000
268 156 -0.1374  0.0000  0.0000
276 156 -0.2141  0.0000  0.0000
284 156 -0.2996  0.0000  0.0000
292 156 -0.4120  0.0000  0.0000
  4 164 -0.4840  0.0000 11.1304
 12 164 -0.4129  0.0000 11.1304
 20 164  0.1151  0.1151 16.5161
 28 164  2.5000  0.0000  8.8276
 36 164  1.5228  0.0000  0.0000
 44 164  0.4722  0.0000  0.0000
 52 164  0.5379  0.0000  0.0000
 60 164  1.2782  0.0000 16.1088
 68 164  2.2412  0.0000 11.1304
 76 164  2.8274 -0.3035  7.6077
 84 164  1.4256  0.0000 19.4783
 92 164 -0.2414  0.0000 11.1304
100 164 -0.4263  0.0000 12.0628
108 164 -0.2730  0.0000  0.0000
116 164 -0.3004  0.0000 13.1641
124 164 -0.1760  0.0000 15.0588
132 164 -0.7537  0.0000  0.0000
140 164 -0.6268  0.0000  0.0000
148 164 -0.0217  0.0000  0.0000
156 164  0.2356  0.0000  0.0000
164 164  0.5000  0.0000  6.5641
172 164  0.6798  0.0000 11.1304
180 164  0.3861  0.0000  0.0000
188 164  0.1226  0.0000 13.0803
196 164 -0.0171  0.0000 11.1304
204 164 -0.0811  0.0000  0.0000
212 164 -0.1918  0.0000  0.0000
220 164 -0.3735  0.0000  0.0000
228 164 -0.4629  0.0000 11.1304
236 164 -0.3087  0.0000  0.0000
244 164  0.2884  0.0000  0.0000
252 164  1.4497  0.0000 11.1304
260 164  1.0392  0.0000  0.0000
268 164  0.5226  0.0000  0.0000
276 164  0.6025  0.0000  0.0000
284 164  1.1357  0.0000  0.0000
292 164  1.8387  0.0000  0.0000
  4 172  2.2207  0.0000  0.0000
 12 172  1.2662  0.0000 11.1304
 20 172  0.0418  0.1521 12.6567
 28 172 -0.3608  0.0000  0.0000
 36 172 -0.4554  0.0000  0.0000
 44 172 -0.6011  0.0000  0.0000
 52 172 -0.5856  0.0000 11.1304
 60 172  0.1960  0.0000 11.1304
 68 172 -0.5000  0.0000  8.8276
 76 172  0.1912  0.0000 12.4272
 84 172  0.0592  0.0000  0.0000
 92 172  0.0000 -0.5000  8.8276
100 172  0.2426  0.0000 11.1304
108 172  0.2385  0.0000 11.1304
116 172  0.1577  0.0000 11.1304
124 172  0.1180 -0.5000  9.2850
132 172  0.1324  0.0000  0.0000
140 172  0.0100  0.0000  0.0000
148 172 -0.3060  0.0000 11.1304
156 172 -0.4607  0.0000 11.1304
164 172 -0.3545  0.0000 11.1304
172 172  0.0000  2.5000  8.8276
180 172  0.3403  0.0000 11.1304
188 172  0.0418  0.1521 12.6567
196 172  0.0000  2.5000  8.8276
204 172  0.2329  0.0000  0.0000
212 172  0.5585  0.0000  0.0000
220 172  0.9776  0.0000  0.0000
228 172  1.5000  0.0000  8.2581
236 172  0.9882  0.0000  0.0000
244 172  0.2634  0.0000  0.0000
252 172 -0.1396  0.0000 11.1304
260 172 -0.4289  0.0000 11.1304
268 172 -0.9182  0.0000 11.1304
276 172 -1.0256  0.1203  5.4468
284 172  0.4030  0.0000  0.0000
292 172 -0.1683  0.0000  0.0000
  4 180 -0.1141  0.0000 16.1088
 12 180 -0.3874  1.5000  9.9810
 20 180 -0.4000  0.0000  0.0000
 28 180  0.0326  0.0000 11.1304
 36 180  0.1447  0.0000  0.0000
 44 180  0.1889  0.0000  0.0000
 52 180  0.3125  0.0000 16.1088
 60 180  0.4060  0.0000 16.1088
 68 180  0.2494  0.0599  9.5231
 76 180 -0.3201  0.0000  0.0000
 84 180 -0.5449  0.0000  0.0000
 92 180 -0.5032  0.0000  0.0000
100 180 -0.3500  0.0000 11.1304
108 180 -0.3062  0.0000 11.1304
116 180 -0.5000 -0.1588 10.5785
124 180 -0.2976  0.0000 12.0628
132 180 -0.0491  0.0000 16.1088
140 180 -0.0421  0.0000  0.0000
148 180 -0.1008 -0.0843 14.9901
156 180  0.4632  0.0000  0.0000
164 180  0.4951  0.0000  0.0000
172 180  0.2666  0.0000 11.1304
180 180  0.0736  0.0000 11.1304
188 180 -0.2021 -0.2860 10.7438
196 180 -1.1797  0.0000  0.0000
204 180 -0.9162  0.0000  0.0000
212 180  0.3131  0.0000  0.0000
220 180 -0.1240  0.0000  0.0000
228 180 -0.3252  0.0000  0.0000
236 180 -0.7935  0.0000  0.0000
244 180 -0.8741  0.0000  0.0000
252 180  0.0608  0.0000  0.0000
260 180  0.0748  0.0000  0.0000
268 180  0.1344  0.0000  0.0000
276 180  0.4489  0.0000  0.0000
284 180  0.6319  0.0000  0.0000
292 180  0.2513  0.0000 11.1304
  4 188 -0.5000  0.0000  8.8276
 12 188 -0.6468  0.0000 11.1304
 20 188 -0.5735  0.0000 16.1088
 28 188 -0.4538  0.0000 11.1304
 36 188 -0.4240  0.0000  0.0000
 44 188 -0.4382  0.0000  0.0000
 52 188 -0.2220  0.0000 11.1304
 60 188  0.0417  0.1134  7.3143
 68 188 -0.0972  0.0000 19.4783
 76 188 -0.1983  0.0000  0.0000
 84 188  0.0512  0.0000 11.1304
 92 188  0.1860  0.0000  0.0000
100 188  0.2104  0.0000  0.0000
108 188  0.2245  0.0000  0.0000
116 188  0.0255  0.0000 16.1088
124 188 -1.0756  0.0431  7.0865
132 188 -0.1151 -0.1151 16.5161
140 188  0.0339  0.0000  0.0000
148 188 -0.3224  0.0000 11.1304
156 188 -0.5000  4.5000  4.0635
164 188 -1.1578  0.0000 11.1304
172 188 -1.5000  0.0000  8.2581
180 188  0.3732  0.3694 10.3318
188 188 -0.1050  2.5000  6.8903
196 188 -0.1058  0.0000  0.0000
204 188  0.5558  0.0000 11.1304
212 188  1.0448  0.0000  0.0000
220 188  0.5340  0.0000 11.1304
228 188 -0.2461  0.0000  0.0000
236 188 -0.5176  0.0000  0.0000
244 188 -0.4615  0.0000 11.1304
252 188 -0.3259  0.0000  0.0000
260 188 -0.2943  0.0000  0.0000
268 188 -0.2731  0.0000 11.1304
276 188 -0.1482  0.0000  0.0000
284 188 -0.0181  0.0000  0.0000
292 188 -0.0765  0.0000 11.1304
  4 196 -0.1314  0.0000  0.0000
 12 196 -0.0526  0.0000  0.0000
 20 196  0.0413  0.0000 19.1045
 28 196  0.1857  0.0000 17.0667
 36 196  0.6286  0.0000 12.1802
 44 196  1.8699  0.0000  8.2581
 52 196  3.6556 -4.5000 11.6560
 60 196 -0.0868  0.0378 15.2803
 68 196 -0.3200  0.0000  0.0000
 76 196 -0.8337  0.0000 11.1304
 84 196 -1.3070 -0.0337 12.4709
 92 196 -1.0541  0.0000 11.1304
100 196 -1.0503  0.0000  0.0000
108 196 -0.2274  0.0000  0.0000
116 196 -0.4077  0.0000  0.0000
124 196 -0.5000  0.0000  8.2581
132 196  0.5867  0.0000 17.0667
140 196  1.5000  0.0000  8.2581
148 196  0.7155  0.0000  0.0000
156 196 -0.1880  0.0000 16.1088
164 196 -0.4273  0.0000 12.0628
172 196 -0.2963  0.0000  8.2581
180 196 -0.0968 -0.2055 14.3147
188 196 -0.1059  0.0000  8.2581
196 196 -0.1267  0.0000  0.0000
204 196 -0.0959  0.0000 16.1088
212 196 -0.0476  0.0000  0.0000
220 196 -0.0466  0.0000  0.0000
228 196 -0.0487  0.0000  0.0000
236 196 -0.0592  0.0000 16.1088
244 196 -0.0768  0.0000 16.1088
252 196 -0.1222  0.0000 11.1304
260 196 -0.1960  2.5000 11.1304
268 196  0.0000 -0.1960 11.1304
276 196 -0.5000 -0.1180  9.2850
284 196 -1.7788  0.0000 11.1304
292 196 -0.5000 -0.1588 10.5785
  4 204 -0.8032  0.0000  0.0000
 12 204 -0.7682  0.0000  0.0000
 20 204 -0.1760  0.0000 15.0588
 28 204 -0.5000  4.5000  4.0635
 36 204 -0.3072  0.0000 14.5615
 44 204 -0.3290  0.0000 22.2609
 52 204 -0.2152  0.0000 16.1088
 60 204  0.4062  0.0000  0.0000
 68 204  0.8188  0.0000  0.0000
 76 204  0.2689  0.0000  0.0000
 84 204 -0.5000  0.0000  8.8276
 92 204 -0.4480  0.0000 11.1304
100 204 -0.1845  0.0000 11.1304
108 204  0.0081  0.0000 11.1304
116 204  0.0000  0.1142 14.5691
124 204 -0.0559  0.0000 11.1304
132 204 -0.0997  0.0000  0.0000
140 204 -0.1053  0.0000 16.1088
148 204 -0.0672  0.0000 16.1088
156 204  0.0000  2.5000  8.8276
164 204 -0.0294  0.0000 12.0628
172 204 -0.0399  0.0000  0.0000
180 204 -0.0088  0.0000 16.1088
188 204  0.1024  0.0000  0.0000
196 204  0.2780  0.1270 13.3759
204 204 -0.9321  0.0000 11.1304
212 204 -2.4121  0.0000  0.0000
220 204 -0.8400  0.0000  0.0000
228 204 -0.7189  0.0000  0.0000
236 204 -0.4818  0.0000 11.1304
244 204 -0.0546  0.0000  0.0000
252 204 -0.1224  0.0000 16.1088
260 204 -0.2266  0.0000 16.1088
268 204 -0.2390  0.0000 16.1088
276 204 -0.0840  0.0000 17.0667
284 204  0.1212  0.0000 11.1304
292 204  0.2044  0.0000 11.1304
  4 212 -0.0356  0.0000  0.0000
 12 212 -0.2815  0.0000  0.0000
 20 212 -0.2422 -0.1750  5.4468
 28 212  0.0000 -0.5000  8.8276
 36 212  0.1434  0.0000 16.1088
 44 212  0.0865  0.0000  0.0000
 52 212 -0.0466  0.0000  0.0000
 60 212 -0.1801  0.0000 11.1304
 68 212 -0.2579  0.0000  0.0000
 76 212 -0.2271  0.0000 11.1304
 84 212 -0.1484  0.0000  0.0000
 92 212 -0.0990  0.0000 11.1304
100 212 -0.0349  0.0000 11.1304
108 212  0.0611  0.0000  0.0000
116 212  0.1611  0.0000  8.2581
124 212  0.0644  0.0000 13.5576
132 212 -0.8567  0.0000 11.1304
140 212 -2.1524  0.0000 20.7059
148 212 -0.1982  0.0000 11.1304
156 212 -0.0698  0.2911 10.5124
164 212  0.0418  0.1521 12.6567
172 212  0.1669  0.0000 11.1304
180 212  0.0000  2.5000  8.9154
188 212 -0.4631  0.0000  0.0000
196 212 -0.4984  0.0000 16.1088
204 212 -0.2780 -0.1270 13.3759
212 212 -0.3693  0.0000  0.0000
220 212 -0.4437  0.0000  0.0000
228 212 -0.3519  0.0000  0.0000
236 212  0.0437  0.0000 11.1304
244 212 -0.0989  0.0000 17.2183
252 212  0.0072  0.0000  0.0000
260 212  0.1960  0.0000 11.1304
268 212  0.0983  0.0000 16.1088
276 212 -0.1047  0.0000 11.1304
284 212 -0.3307  0.0000 11.1304
292 212 -0.5000  0.0000  8.8276
  4 220 -0.4776  0.0000  0.0000
 12 220 -0.3755  0.0000  0.0000
 20 220 -0.2501  0.0000  0.0000
 28 220 -0.1068  0.3135 15.1963
 36 220  0.0457  0.0000 11.1304
 44 220  0.1643  0.0000  0.0000
 52 220  0.0578  0.4337  9.0220
 60 220 -0.5227  0.0000 11.9011
 68 220 -1.4031  0.0000 16.1088
 76 220  1.8866  0.0000 11.1304
 84 220  2.5000  0.0000  8.8276
 92 220  1.6705  0.0000  0.0000
100 220  0.6389  0.0000 11.1304
108 220 -0.4725  0.0000 16.1088
116 220 -1.5000  0.0000  8.2581
124 220 -1.3885  0.0000 16.1088
132 220 -1.1049  0.0000  0.0000
140 220 -1.2414  0.0000 11.1304
148 220 -1.4455  0.0000  0.0000
156 220 -1.0000  0.0000  9.2850
164 220  1.0000  0.0000  8.2581
172 220 -0.1960 -0.5000 11.1304
180 220 -0.2689  0.0000 19.1045
188 220  0.0000  2.5000  8.8276
196 220  0.0300  0.0000  0.0000
204 220 -0.1960  0.0000 11.1304
212 220 -0.5095  0.0000 11.1304
220 220 -0.7483  0.0000 11.1304
228 220 -0.7792  0.0000 11.1304
236 220 -0.6540  0.0000  0.0000
244 220 -0.4533  0.0000 11.1304
252 220 -0.2292  0.0000 11.1304
260 220  0.0000 -0.5000  8.8276
268 220  0.2574  0.0000 19.1045
276 220  0.3016  0.0000 11.1304
284 220  0.0262  0.0000 11.1304
292 220 -0.4516  0.0000  0.0000
