VARIABLES= "X pix", "Y pix", "U pix/dt", "V pix/dt", "CHC", ZONE I=28, J=37
  4   4 -0.0365  0.0094 11.6708
 12   4 -0.0342  0.0000 11.9577
 20   4  0.0000 -0.0592 10.5699
 28   4  0.0152  0.0000  9.4202
 36   4 -0.0090  0.0000  9.3411
 44   4  0.0000 -0.0455 10.0704
 52   4  0.0864  0.0000 10.2151
 60   4  0.1393  0.0000  9.4289
 68   4  0.0861  0.0000 10.2266
 76   4  0.0000 -0.0723 10.6011
 84   4 -0.1055  0.0000 10.3754
 92   4  0.0005  0.0000 11.8661
100   4 -0.0048  0.0304 11.4352
108   4  0.0490 -0.0055 13.0751
116   4 -0.0100 -0.0047 11.6716
124   4  0.0141 -0.0009 11.4102
132   4 -0.0049 -0.0205 11.2537
140   4 -0.0115 -0.0058 11.3861
148   4 -0.0045 -0.0023 11.1009
156   4  0.0320  0.0000 11.7794
164   4  0.0199  0.0255 11.3065
172   4 -0.0141  0.0112 11.0964
180   4 -0.0127 -0.0088 11.6243
188   4 -0.0044 -0.0397 11.8925
196   4  0.0012  0.0058 12.0965
204   4 -0.0425  0.0073 10.8155
212   4  0.0000  0.0000 10.7856
220   4  0.0429  0.0000 12.0000
228   4  0.0999  0.0127 13.9438
236   4 -0.0029 -0.0479 13.6170
244   4  0.0158 -0.0862 12.5832
252   4  0.0148  0.0055 11.4323
260   4 -0.0261 -0.0183 11.2133
268   4  0.0034 -0.0065 11.6713
276   4  0.0441  0.0000 12.2384
284   4  0.0642  0.0884 13.4737
292   4 -0.0472  0.0000 11.6354
  4  12 -0.1723  0.0000  0.0000
 12  12 -0.2080 -0.2715 12.3107
 20  12  0.0000 -0.6958 11.1304
 28  12 -0.5000  0.3574  6.3239
 36  12 -0.2173  0.0000  7.3911
 44  12  0.0000 -0.5000  7.3143
 52  12 -0.0327  0.0000  7.3911
 60  12  0.0432  0.0000  9.3279
 68  12 -0.0126  0.0000  8.6593
 76  12  0.0351  0.0860  9.4058
 84  12  0.0759  0.0000 12.0628
 92  12  0.0403  0.0000 11.1304
100  12  0.1163  0.0000 17.0667
108  12  0.2074 -0.2033 10.2321
116  12 -0.1007 -0.1715  9.6426
124  12 -0.0873  0.0000 10.6474
132  12  0.0000  0.5317  9.8918
140  12  0.1517  0.1234 10.1631
148  12  0.0000 -0.2693 10.1386
156  12  0.0711  0.0000  9.9273
164  12 -0.0100  0.0000 31.9549
172  12 -0.0308  0.0000 52.2888
180  12 -0.0385  0.0000 10.6110
188  12 -0.0853  0.0333  7.8325
196  12 -0.0398  0.0000  7.3658
204  12 -0.0163  0.1019  7.2850
212  12 -0.0252  0.0000 13.1492
220  12 -0.1066  0.0000  8.2216
228  12 -0.1766  0.0937  7.1968
236  12  0.0000 -0.0291  7.3301
244  12  0.0332  0.1092  7.9975
252  12 -0.2396  0.0000  8.8923
260  12 -0.1027 -0.2375  9.4362
268  12  0.0203  0.0593  8.0043
276  12 -0.1282 -0.0358  9.1680
284  12  0.1036 -0.0854  9.7558
292  12 -0.0781  0.0027 11.5375
  4  20 -0.0164  0.0686 10.9887
 12  20  0.0910  0.0181 10.8800
 20  20 -0.0343 -0.0120  9.2711
 28  20  0.0154  0.0686  9.4956
 36  20  0.0000  0.0383  9.5043
 44  20  0.0075  0.0509 10.4830
 52  20 -0.0737  0.0446 10.9085
 60  20 -0.0268  0.0000 10.7443
 68  20 -0.0056 -0.0135  9.2900
 76  20 -0.0433  0.0000  9.2901
 84  20  0.0080 -0.0049  9.4799
 92  20 -0.0308  0.0000  9.3738
100  20 -0.0510  0.0425 16.1603
108  20 -0.0180 -0.0135 16.2658
116  20 -0.0107  0.0011 18.0963
124  20 -0.0103  0.0000 16.8460
132  20 -0.0169  0.0000 17.9090
140  20 -0.0304  0.0009 17.6964
148  20 -0.0497  0.0000 15.0610
156  20 -0.0110  0.0069 26.4495
164  20  0.0385  0.0000 24.0628
172  20  0.0081  0.0065 34.2610
180  20 -0.0841  0.0000 18.5714
188  20 -0.0114  0.0000 15.3639
196  20  0.0482  0.0111 10.4781
204  20 -0.0041 -0.0100 23.5299
212  20  0.0000  0.0000 21.2250
220  20 -0.0126  0.0679 18.9836
228  20  0.0014  0.0287 18.8005
236  20  0.0000  0.0502 16.2904
244  20  0.1040 -0.0185 15.5511
252  20 -0.0754  0.0010 17.9253
260  20  0.0548  0.1398 18.0863
268  20  0.0680 -0.0266 15.4509
276  20 -0.0040 -0.0162 13.4148
284  20  0.0199  0.0952 13.0486
292  20  0.0099 -0.0046 21.8994
  4  28 -0.0258  0.0000 13.8756
 12  28 -0.0050 -0.0086 18.3416
 20  28 -0.0063  0.0170 16.5493
 28  28  0.0345 -0.0387 10.1347
 36  28 -0.0059 -0.0031  9.4571
 44  28  0.0043 -0.0154  9.0935
 52  28  0.0116  0.0000  9.0163
 60  28 -0.0007 -0.0099  8.1888
 68  28  0.0083 -0.0220  8.5926
 76  28 -0.0278  0.0025  9.5103
 84  28  0.0000  0.0000  7.4876
 92  28  0.0249  0.0064  7.4418
100  28  0.0675  0.0000  9.6831
108  28 -0.0118  0.0112  8.8486
116  28 -0.0052  0.0061  7.7263
124  28  0.0349  0.0000  7.9925
132  28 -0.0101  0.0004  6.6594
140  28 -0.0283 -0.0026  6.4010
148  28 -0.0098  0.0382  7.7561
156  28 -0.0046  0.0000 14.9833
164  28 -0.0067 -0.0064 15.4726
172  28 -0.0217  0.0003 22.8340
180  28 -0.0043 -0.0044 14.5272
188  28  0.0145  0.0000  7.2997
196  28  0.0927  0.0000  6.6836
204  28  0.0000  0.0305  6.7562
212  28 -0.0017 -0.0116  6.7298
220  28  0.0160 -0.0012  6.7916
228  28  0.0000 -0.0000  6.6757
236  28 -0.0099  0.0045  6.5539
244  28  0.0250  0.0326  6.7461
252  28 -0.0087 -0.0015  8.0071
260  28  0.0246 -0.0016  8.4114
268  28 -0.0118  0.0131  9.3581
276  28  0.0005  0.0019 10.7519
284  28 -0.0169  0.0138  7.5539
292  28  0.0418  0.0000  7.3211
  4  36  0.0000  0.0000  7.1712
 12  36 -0.0441  0.0000  6.8146
 20  36 -0.1008  0.0126  7.0675
 28  36  0.1420 -0.0747 11.9626
 36  36  0.0725  0.0000 15.2515
 44  36  0.0349  0.0000 11.9011
 52  36  0.0568  0.0266 15.3942
 60  36  0.0060 -0.0468 14.8526
 68  36 -0.0319  0.0000 14.1378
 76  36  0.0023  0.0752 10.9081
 84  36 -0.0084 -0.0251  9.2161
 92  36  0.0000  0.0000  7.1712
100  36 -0.0080  0.0000 10.7529
108  36 -0.0365  0.0000 11.1304
116  36 -0.1192  0.0000  8.6486
124  36  0.1594  0.0000  0.0000
132  36 -0.0721  0.0000 16.1088
140  36 -0.0512  0.0000  0.0000
148  36 -0.0075 -0.0150  5.6018
156  36  0.0162 -0.0228 11.9971
164  36 -0.0087 -0.0156 12.8483
172  36 -0.0013  0.0081 11.1209
180  36 -0.0151  0.0008 11.4835
188  36  0.0000 -0.0000  9.6379
196  36 -0.1800  0.0000 10.2864
204  36 -0.1314  0.0000 12.7918
212  36  0.0466  0.0037 15.4554
220  36  0.1253  0.0454 14.2694
228  36  0.0695  0.0000 14.6166
236  36  0.0348 -0.1421 10.8349
244  36  0.0149 -0.2749  9.0775
252  36  0.0761  0.0000  9.4208
260  36  0.0173  0.0000 11.4015
268  36 -0.0257  0.2859  9.7151
276  36 -0.0106  0.2269 11.3584
284  36 -0.0679  0.0000  9.5231
292  36 -0.0480  0.0000 11.9011
  4  44  0.2516  0.0116 12.6677
 12  44 -0.0088 -0.0179 12.5766
 20  44 -0.1297 -0.0606 15.6098
 28  44 -0.0052 -0.0908 11.5939
 36  44 -0.0212  0.0383  8.9136
 44  44 -0.3072 -0.0146  7.2319
 52  44  0.3602  0.0178  7.4156
 60  44 -0.2166  0.1179  7.0951
 68  44 -0.0555  0.0000  0.0000
 76  44 -0.0015  0.0000  0.0000
 84  44  0.0698 -0.2911 10.5124
 92  44  0.0982  0.0000 11.1304
100  44 -0.0196  0.0000 14.5615
108  44 -0.1115  0.0000  0.0000
116  44 -0.2349  0.0000  0.0000
124  44 -0.5000  0.0000  8.8276
132  44 -0.4171  0.0000  8.2581
140  44 -0.1759  0.0000  0.0000
148  44 -0.0038  0.1013  5.4378
156  44  0.0151  0.0051 15.1583
164  44  0.0190  0.0168 12.3308
172  44 -0.0161  0.0202 12.6919
180  44 -0.0084 -0.0056 18.7627
188  44 -0.0892  0.0000  6.7258
196  44 -0.1049  0.0000  0.0000
204  44  0.1057  0.3909  6.6232
212  44 -0.1358  0.3044  8.0910
220  44 -0.2819  0.0416  8.2703
228  44  0.1132 -0.2241  8.3672
236  44  0.0056 -0.1272 11.1139
244  44 -0.0047 -0.0891 10.4692
252  44  0.0000 -0.2055  9.2946
260  44  0.0631  0.0074 11.2490
268  44  0.1965 -0.0282 10.0909
276  44 -0.0558  0.0080 10.6810
284  44 -0.0869  0.0000 16.5768
292  44  0.1382  0.0112 10.9491
  4  52 -0.0146 -0.1679  7.0644
 12  52 -0.0112  0.0000 11.1304
 20  52  0.1841 -0.0418 12.3683
 28  52 -0.0308  0.0000 16.1088
 36  52 -0.1242  0.0000 11.1304
 44  52 -0.1874  0.0000  0.0000
 52  52 -0.3266  0.0000  0.0000
 60  52 -0.5000 -0.5000  4.0635
 68  52 -0.3323  0.0000  0.0000
 76  52 -0.1457  0.0000  0.0000
 84  52 -0.0469  0.0000 12.0455
 92  52  0.0349  0.0000 11.1304
100  52  0.1439  0.0853 11.4193
108  52 -0.0056  0.0000 11.1304
116  52 -0.1942  0.0000 11.1304
124  52 -0.3471 -0.5000  7.0932
132  52 -0.0904  0.0000 11.1304
140  52 -0.0618  0.0000  7.4648
148  52 -0.0041 -0.0048  7.3034
156  52 -0.0020  0.0041  8.5573
164  52 -0.0007  0.0146  8.5772
172  52 -0.0030  0.0091  8.4355
180  52  0.0002  0.0040  8.0636
188  52 -0.0607  0.0345  8.4941
196  52  0.0000  0.5000  7.3143
204  52  0.0240 -0.6574  9.8108
212  52  0.0000 -0.5000  7.8528
220  52 -0.0046  0.0000  7.3911
228  52 -0.2921  0.2934  6.3511
236  52 -0.1944  0.0104  8.3163
244  52  0.0891 -0.2088  9.2679
252  52 -0.0702 -0.1281  9.6071
260  52 -0.0718  0.0057 17.6175
268  52  0.0117 -0.1382  7.3727
276  52  0.0651 -0.0378 10.1097
284  52 -0.2942  0.0000  8.7453
292  52 -0.3297  0.0000 10.7607
  4  60 -0.2031  0.0000  0.0000
 12  60 -0.1289  0.0000  1.0000
 20  60 -0.1107  0.0000 16.1088
 28  60 -0.0143  0.0000  0.0000
 36  60 -0.0471  0.0000  0.0000
 44  60 -0.0960  0.0000 11.1304
 52  60 -0.0869  0.0000  0.0000
 60  60 -0.0524  0.0000  0.0000
 68  60 -0.1424  0.0000  0.0000
 76  60 -0.4964  0.0000 11.1304
 84  60 -1.2544  0.0254  6.6888
 92  60  0.1995 -0.1215 11.4267
100  60  0.2290  0.1085 13.0352
108  60  0.2600  0.0000  0.0000
116  60  0.2617  1.0595  7.8528
124  60  0.0881  0.0000  0.0000
132  60 -0.0674  0.0000  9.2086
140  60 -0.0944  0.0000  9.2086
148  60  0.0457 -0.1313 12.9403
156  60 -0.2975  0.0000 11.9011
164  60 -0.3394  0.0216  8.7863
172  60 -0.0835  0.0000  7.1197
180  60 -0.0234  0.0000 10.3926
188  60  0.0571  0.0000  0.0000
196  60  0.1217  0.0000  0.0000
204  60  0.0596  0.0000  0.0000
212  60 -0.3882  0.0000  0.0000
220  60 -0.4011  0.0000  0.0000
228  60 -0.1962  0.0000  0.0000
236  60 -0.1422  0.0000 11.1304
244  60 -0.2509  0.0000  8.8276
252  60 -0.1119  0.0000 16.1088
260  60 -0.0670  0.0000 11.9011
268  60  0.0043  0.0000 11.7867
276  60  0.2048  0.2288 26.4828
284  60  0.1113 -1.6014 11.9803
292  60  0.1220  0.0000  9.7047
  4  68  0.1468 -0.7158 12.0903
 12  68 -0.1151 -0.1151 16.5161
 20  68  0.3415  0.0000 11.1304
 28  68  0.4372  0.0000  0.0000
 36  68  0.4321  0.0000  0.0000
 44  68  0.3503  0.0000 11.1304
 52  68  0.1119  0.0000  0.0000
 60  68 -0.2222  0.0000 11.9011
 68  68 -0.2134  0.0000 11.1304
 76  68  0.4385  0.2582 10.4284
 84  68  0.0105 -0.2850  9.3450
 92  68  0.3116  0.0032 10.9646
100  68 -0.2493  0.4148  7.7458
108  68  0.0000  0.1960 11.1304
116  68  0.1427  0.0000 11.1304
124  68  0.1782  0.0000  0.0000
132  68  0.1070  0.0000  0.0000
140  68 -0.7298  0.0000 11.1304
148  68 -0.5510  0.0000  9.1555
156  68 -0.0894  0.0000 12.0628
164  68  0.0000 -0.1469 10.3584
172  68 -0.1146  0.0101 17.4161
180  68  0.0989  0.0000 13.0803
188  68  0.0000 -0.5000  8.8276
196  68 -0.0856  0.0000 11.1304
204  68  0.0439  0.0000  0.0000
212  68  0.0323  0.0000  0.0000
220  68  0.0887  0.0000  0.0000
228  68  0.1435  0.0000  0.0000
236  68  0.1000  0.0000 11.1304
244  68  0.2937  0.0000  0.0000
252  68  0.4549  0.0000  0.0000
260  68  0.4476  0.0000 16.1088
268  68  0.3471  0.0000 11.1304
276  68  0.1439  0.0853 11.4193
284  68 -0.3378  0.0000 12.7414
292  68 -0.1675  0.0000 14.7813
  4  76  2.5000 -0.1588 10.5785
 12  76  1.5301  0.0000 20.7059
 20  76  0.9601  0.0000 16.2126
 28  76 -0.3211  0.0000 11.1304
 36  76 -0.0663  0.0000  0.0000
 44  76  0.1212 -0.0530 16.6957
 52  76  0.1304  0.0000  8.7262
 60  76  0.3929  0.1119  8.1468
 68  76 -1.1690 -0.4468  9.8147
 76  76 -0.6504  0.0000  8.0000
 84  76  0.0424  0.0212  7.6356
 92  76 -0.1690  0.0715  6.9712
100  76  1.5000 -0.2848  6.8482
108  76  0.9092  0.0000 12.0628
116  76  0.3484  0.0000 12.0628
124  76 -0.0610 -1.0000  8.9210
132  76  0.0000 -0.3764  7.3143
140  76 -0.1147  0.0000  8.6413
148  76 -0.0867 -0.1071  9.3967
156  76 -0.0657  0.0000  8.4768
164  76 -0.0764  0.0000  0.0000
172  76  0.0557  0.0193 15.2661
180  76  0.2811  1.4066  7.6679
188  76  0.2799  0.0000 11.1304
196  76  0.1832  0.0000  0.0000
204  76  0.0153  0.0000  0.0000
212  76 -0.3613  0.0000 17.0667
220  76 -0.5000  0.0000  8.8276
228  76  1.4817  0.0000 11.1304
236  76  1.2360  0.0000  0.0000
244  76  0.4138  0.0000  0.0000
252  76 -0.3847  0.0000  0.0000
260  76 -0.2186  0.0000 11.1304
268  76 -0.1136  0.0000 11.1304
276  76 -0.0930  0.0000 11.1304
284  76  0.0196  0.1351  7.2237
292  76 -0.0094  0.0235  9.2972
  4  84 -0.3016  0.0000 11.1304
 12  84 -0.0779  0.0000 14.4198
 20  84 -0.2693  0.0000 16.1088
 28  84 -0.0418  0.1521 12.6567
 36  84  0.5234  0.0000 16.1088
 44  84  0.6319  0.0000 11.1304
 52  84  0.6019  0.0000  7.3911
 60  84  0.4520 -0.1578  8.4768
 68  84 -0.0980 -0.0048 12.4508
 76  84 -0.2414  0.0000 11.1304
 84  84 -0.2288  0.0000 11.1304
 92  84 -0.2807  0.0000  8.8276
100  84 -0.1015  0.0000  4.0635
108  84 -0.3153 -0.3153  7.6910
116  84 -0.0407 -1.1513  9.2530
124  84  0.0000 -0.5000  8.8276
132  84  0.1112 -0.1112 15.6111
140  84  0.2907 -0.0403 10.5761
148  84  0.7751  0.0000 16.1088
156  84  1.4116  0.0000 11.1304
164  84  0.6401  0.0000 11.1304
172  84 -1.1061  0.0000 11.1304
180  84 -0.3722  0.0000  0.0000
188  84 -0.3361  0.0000  0.0000
196  84 -0.3304  0.0000  0.0000
204  84 -0.4415  0.0000  0.0000
212  84 -0.7668  0.0000  9.2850
220  84 -1.5000  0.0000  8.2581
228  84 -0.8367  0.0000 11.1304
236  84  0.0000 -0.5000  8.8276
244  84  0.3209  0.0000  0.0000
252  84  0.6798  0.0000  0.0000
260  84  0.9726  0.0000 11.1304
268  84  1.1619  0.0000 11.1304
276  84  1.5647  0.0000  0.0000
284  84  1.6567  0.0000 11.1304
292  84  0.4043 -0.4043  8.0000
  4  92 -0.1151  0.0000 11.1304
 12  92 -0.0941  0.0000 12.0455
 20  92 -0.2907  0.0403 10.5761
 28  92  0.2761  0.0806  9.3746
 36  92 -0.0999  0.0000 11.0504
 44  92 -0.1058  0.0000  0.0000
 52  92 -0.1188  0.0000  9.4948
 60  92 -0.1829  0.0000 21.1313
 68  92 -0.1960 -0.5000 11.1304
 76  92  1.5938 -0.2194 11.6624
 84  92  1.5000  0.0000  8.2581
 92  92  0.1984  0.0000 11.1304
100  92 -2.5000  0.0000 11.1304
108  92 -0.1896  0.0000  0.0000
116  92 -0.3084  0.0000 16.1088
124  92 -0.2457  0.0000 11.0376
132  92 -0.1641 -0.3572  9.3811
140  92 -0.1033  0.0000  0.0000
148  92 -0.5000  0.0000  8.8276
156  92 -0.5084  0.0000 11.1304
164  92  0.1412  0.0000  0.0000
172  92  0.9773  0.0000  0.0000
180  92  1.7749  0.0000  0.0000
188  92  1.4963  0.0000  0.0000
196  92  1.2649  0.0000  0.0000
204  92  1.9884  0.0000 11.1304
212  92  2.5000  0.0000  8.8276
220  92 -0.5000 -0.1588 10.5785
228  92 -0.3499  0.0000  8.0000
236  92  0.3145  0.0264 11.0777
244  92  0.1477  0.0000  8.0000
252  92  0.2635  0.0000 12.0628
260  92  0.0000 -0.1960 11.1304
268  92  0.0857  0.0000  0.0000
276  92  0.2005  0.0000  0.0000
284  92  0.3773  0.0000  0.0000
292  92  0.7361  0.0000 16.1088
  4 100  1.4339  0.0000  0.0000
 12 100  0.2021 -0.2860 10.7438
 20 100  0.0000 -0.5000  8.8276
 28 100 -1.8480  0.0000  8.8276
 36 100  0.1424  0.6431 11.1514
 44 100 -0.1612 -0.2097  9.4323
 52 100  0.0980  0.0000 12.2313
 60 100  0.5880  0.0000  7.3143
 68 100  1.4419  0.0000 10.2729
 76 100  2.5000  0.0000  8.8276
 84 100  0.2414  0.0000 11.1304
 92 100  0.1912  0.0000 12.4272
100 100  1.1245  0.0000 11.1304
108 100  2.5000  0.0000  8.8276
116 100  1.3844  0.0000 11.1304
124 100  0.3309 -0.0637  7.1846
132 100  0.9634  0.0000 11.1304
140 100  1.2033  0.0000 16.1088
148 100 -0.1841  0.0418 12.3683
156 100 -0.2003  0.0000 16.1088
164 100  0.1545  0.0000 11.1304
172 100  0.2156  0.0000 11.1304
180 100  0.4581  0.0000  0.0000
188 100  0.5510  0.0000 11.1304
196 100  0.5838  0.0000  0.0000
204 100  0.7154  0.0000  0.0000
212 100  1.0911  0.0000  0.0000
220 100  1.7760  0.0000 16.1088
228 100  2.5000  0.0000  8.8276
236 100  1.1356  0.0000  0.0000
244 100  0.2478  0.0000 16.1088
252 100 -0.9718  0.0000 16.1088
260 100  0.3021  0.0000  0.0000
268 100  0.2342  0.0000  0.0000
276 100  0.3663  0.0000  0.0000
284 100  0.5448  0.0000  0.0000
292 100  0.5957  0.0000 11.1304
  4 108  0.1182  0.0617 12.7141
 12 108 -0.4192  0.0000  7.8087
 20 108 -0.4410  0.0000  0.0000
 28 108 -0.1138  0.1378 11.4627
 36 108  0.7597  0.0000 16.1088
 44 108  0.4145  0.0000  0.0000
 52 108 -0.1556  0.0000 12.2969
 60 108  0.2720  0.0000  0.0000
 68 108  0.3941  0.0000  0.0000
 76 108 -0.1116  0.0000  0.0000
 84 108  0.0226  0.0000 16.1088
 92 108  0.0650  0.0000 20.7059
100 108  0.1110  0.0000  0.0000
108 108  0.7328  0.0000 11.1304
116 108  1.2082  0.0000  0.0000
124 108  1.0173  0.0000 16.1088
132 108  0.9590  0.0000  0.0000
140 108  1.2268  0.0000 12.0628
148 108  1.7118  0.0000  0.0000
156 108  1.9947  0.0000  8.2581
164 108  1.2156  0.0000 10.2400
172 108  0.3508  0.0000 17.0667
180 108 -0.4935  0.0000 17.0667
188 108  0.2438  0.0000  0.0000
196 108  0.5000  0.0000 11.1304
204 108  0.5512  0.0000  0.0000
212 108  0.4823  0.0000  0.0000
220 108  0.2340  0.0000  0.0000
228 108 -0.2338  0.0000 16.1088
236 108 -0.5013  0.0000  0.0000
244 108 -0.5402  0.0000 11.1304
252 108 -0.4690  0.0000 11.1304
260 108 -0.2780 -0.1270 13.3759
268 108 -0.1035  0.0000  0.0000
276 108 -0.0105  0.0000  0.0000
284 108  0.3173  0.0000  0.0000
292 108  0.2365  0.0000  0.0000
  4 116 -0.1220  0.0965  8.7919
 12 116  0.3103 -0.1925  7.4960
 20 116  0.0272  0.0238 11.1899
 28 116 -0.1546  0.0660 18.6254
 36 116  0.9947  0.0000 11.1304
 44 116  1.9500  0.0000 11.1304
 52 116  1.1008  0.0000 16.1088
 60 116  0.7452  0.0000  0.0000
 68 116  0.8266  0.0000  0.0000
 76 116  1.0708  0.0000  0.0000
 84 116  1.1506  0.0000 11.1304
 92 116  0.7501  0.0000 11.1304
100 116  0.1026  0.0000  0.0000
108 116 -0.5584  0.0000 11.1304
116 116 -0.1488  0.0000  0.0000
124 116  0.4789  0.0000 11.1304
132 116  0.6301  0.0000  0.0000
140 116  0.5234  0.0000 10.1191
148 116  0.2814  0.0000  0.0000
156 116  0.0099  0.0000  9.2086
164 116 -0.0865  0.0000 17.0667
172 116 -0.0464  0.0000 11.1304
180 116 -0.0178  0.0000 11.1304
188 116 -0.0632  0.0000  0.0000
196 116  0.0510  0.0000  0.0000
204 116  0.4619  0.0000 11.1304
212 116  0.9010  0.0000 11.1304
220 116  0.6042  0.0000 11.1304
228 116  0.1793  0.0000  0.0000
236 116  0.1499  0.0000  0.0000
244 116 -0.0564  0.0000 11.1304
252 116  0.0034  0.0000  0.0000
260 116  1.0500  0.0000  0.0000
268 116  2.5000  0.0000  8.8276
276 116  0.5000  0.0000 11.1304
284 116  0.1320  0.0000 16.1088
292 116  0.1688  0.0000 11.1304
  4 124  0.2625  0.0000  8.8276
 12 124  0.2533  0.0000 14.7761
 20 124  0.1151  0.1151 16.5161
 28 124 -0.3468  0.0000 16.1088
 36 124 -0.9810  0.0000  0.0000
 44 124 -0.5000 -0.5000  8.4476
 52 124  0.5000  0.0000  8.4768
 60 124  0.6673  0.0000 11.1304
 68 124  0.5801  0.0000 11.1304
 76 124  0.4393  0.0000 16.1088
 84 124  0.3782  0.0000 11.1304
 92 124  0.5011  0.0000 16.1088
100 124  0.7376  0.0000  8.2581
108 124  0.8446  0.0000  0.0000
116 124  0.4849  0.0000  0.0000
124 124  0.2477  0.0000 11.1304
132 124  0.8042  0.0000 17.0667
140 124  1.5000 -1.0000  7.4357
148 124  0.8333  0.0000  0.0000
156 124  0.2306  0.0000  9.2850
164 124 -0.0359  0.0000 17.0667
172 124 -0.2695  0.0000  0.0000
180 124 -0.4544  0.0000 17.0667
188 124 -0.5000  0.0000  8.8276
196 124 -0.3127  0.1061  9.8739
204 124 -0.3185  0.0000 11.1304
212 124 -0.3192  0.0000  0.0000
220 124 -0.3126  0.0000  0.0000
228 124 -0.3623  0.0000 19.4783
236 124 -0.5000  0.0000  8.8276
244 124 -0.4830  0.0000 11.1304
252 124 -0.7350  0.0000  0.0000
260 124 -1.3615  0.0000  0.0000
268 124  0.0000  0.2917 11.1304
276 124  0.4091  0.0000 11.1304
284 124  0.5395  0.0000 11.1304
292 124  0.5073  0.0000 11.1304
  4 132  0.4717  0.0000  0.0000
 12 132  0.5744  0.0000 11.1304
 20 132  0.9079  0.0000 22.2609
 28 132  1.4167  0.0000  0.0000
 36 132  1.8236  0.0000  0.0000
 44 132  0.9704  0.0000  0.0000
 52 132  0.0244 -0.1546 12.0067
 60 132  0.4195  0.0000 11.1304
 68 132  0.8175  0.0000  0.0000
 76 132  0.2592  0.0000  0.0000
 84 132 -0.1068  0.5000 14.1617
 92 132 -0.1810  0.0000  8.9154
100 132 -0.2102  0.0000 12.0455
108 132 -0.2564  0.0000  0.0000
116 132 -0.2478  0.0000  6.4606
124 132 -0.0096 -0.0526  6.5641
132 132  0.0229  0.1086 14.6482
140 132 -0.1964  0.0000  0.0000
148 132 -0.3567  0.0000 11.1304
156 132 -0.4928  0.0000 11.1304
164 132 -0.6079  0.0000 11.1304
172 132 -0.6004  0.0000 11.1304
180 132 -0.6915  0.0000 16.1088
188 132 -1.1891  0.0000 20.7059
196 132  0.1088 -0.1876 13.0169
204 132  0.2706  0.0000 11.1304
212 132  0.3239  0.0000 16.1088
220 132  0.2899  0.0000 11.1304
228 132  0.2728  0.0000 11.1304
236 132  0.4021  0.0000 11.1304
244 132  0.7828  0.0000 16.1088
252 132  1.3995  0.0000 11.1304
260 132  2.5000  0.0000  8.8276
268 132  1.2711  0.0000  0.0000
276 132  0.1442  0.0000 11.1304
284 132  0.0525  0.0000  0.0000
292 132  0.1960 -0.5000 11.1304
  4 140 -0.5000 -1.0000  4.0635
 12 140 -0.4260  0.0000  0.0000
 20 140 -0.1437  0.0000  0.0000
 28 140  0.1457  0.0000  0.0000
 36 140  0.3403  0.0000  0.0000
 44 140  0.4207  0.0000 16.1088
 52 140  0.4753  0.0000  0.0000
 60 140  0.3577  0.0000  0.0000
 68 140  0.0795  0.0000 17.0667
 76 140 -0.1209  0.0000  0.0000
 84 140 -0.2822  0.0000 12.0628
 92 140 -0.3928  0.0000 13.1641
100 140 -0.3435  0.0000 16.1088
108 140 -0.1124  0.0000  0.0000
116 140 -0.0101 -0.0174  6.2830
124 140  0.1651  0.0000  5.9730
132 140  0.1312 -0.0339 12.7070
140 140  0.0867  0.0000  0.0000
148 140 -0.0091  0.0000  0.0000
156 140 -0.1133  0.0000  8.2581
164 140 -0.1361  0.0000  0.0000
172 140  0.0000 -0.5000  8.8276
180 140 -0.1421  0.0000  8.9363
188 140  0.6816  0.0000  0.0000
196 140  0.1783  0.0000  8.2581
204 140 -0.5820  0.0000 11.1304
212 140 -0.6679  0.0000 11.1304
220 140 -0.5506  0.0000  0.0000
228 140 -0.6769  0.0000  0.0000
236 140 -0.3937  0.0000  0.0000
244 140  0.1328  0.0000  0.0000
252 140  0.7130  0.0000  0.0000
260 140  1.1438  0.0000  0.0000
268 140  1.2338  0.0000  0.0000
276 140  1.1170  0.0000  0.0000
284 140  0.8476  0.0000  0.0000
292 140  0.5000  0.3889  6.6693
  4 148  0.3351  0.0000  0.0000
 12 148  0.1712  0.0000 11.1304
 20 148  0.0064  0.0000 22.2609
 28 148  0.0481  0.0000 16.1088
 36 148  0.7784  0.0000 11.9011
 44 148  2.5000  0.0000  8.8276
 52 148  0.1275  0.0000  0.0000
 60 148  0.0000 -0.1960 11.1304
 68 148 -0.1092  0.0000 16.1088
 76 148 -0.2618  0.0000 16.1088
 84 148 -0.4711  0.0000  0.0000
 92 148 -0.6907 -0.2991  8.0688
100 148 -0.6797  0.0000  0.0000
108 148 -0.7679  0.0000  0.0000
116 148 -0.5539  0.0000 16.1088
124 148 -0.9107  0.0000 11.1304
132 148 -1.5000  0.0000  8.2581
140 148 -1.3100  0.0000  0.0000
148 148 -1.0080  0.0000  0.0000
156 148 -0.7514  0.0000  8.2581
164 148 -0.2741  0.0000  0.0000
172 148  0.4375  0.0000  0.0000
180 148  1.2766  0.0000 12.0628
188 148  1.9712  0.0000 11.1304
196 148  2.0050  0.0000  0.0000
204 148  1.7615  0.0000  0.0000
212 148  1.4439  0.0000  0.0000
220 148  1.1614  0.0000  0.0000
228 148  1.0081  0.0000  0.0000
236 148  0.8347  0.0000  0.0000
244 148  0.5188  0.0000  0.0000
252 148  0.2145  0.0000 11.1304
260 148  0.9650  0.0000  0.0000
268 148  2.5987  0.0000  0.0000
276 148 -0.0430  0.0000  0.0000
284 148 -0.1576  0.0000  0.0000
292 148 -0.2291  0.0000  0.0000
  4 156 -0.3403  0.0000 11.1304
 12 156 -0.5198  0.0000 11.1304
 20 156 -0.7263  0.0000  8.0000
 28 156 -0.8419  0.0000 12.0628
 36 156 -0.9592  0.0000 11.1304
 44 156 -0.9992  0.0000  0.0000
 52 156 -1.2268  0.0000  0.0000
 60 156 -1.4844  0.0000 16.1088
 68 156 -1.3481  0.0000  0.0000
 76 156 -1.0664  0.0000  0.0000
 84 156 -0.7264  0.0000 16.1088
 92 156 -0.2205  0.0000 22.2609
100 156  0.5178  0.0000 11.1304
108 156  1.4914  0.0000 16.1088
116 156  2.5000 -0.1588 10.5785
124 156  2.4072  0.0000  0.0000
132 156  2.1163  0.0000  0.0000
140 156  1.8502  0.0000 11.1304
148 156  1.6991  0.0000  0.0000
156 156  1.6812  0.0000  0.0000
164 156  1.6457  0.0000 11.1304
172 156  1.2819  0.0000 16.1088
180 156  0.2571  0.1311  7.2040
188 156  0.7694  0.0000 11.1304
196 156  1.7590  0.0000  0.0000
204 156 -0.3773  0.0000  0.0000
212 156 -0.3553  0.0000 19.1045
220 156 -0.2775  0.0000 16.1088
228 156 -0.2509  0.0000  0.0000
236 156 -0.3223  0.0000  0.0000
244 156 -0.4744  0.0000 11.1304
252 156 -0.6402  0.0000  0.0000
260 156 -0.8013  0.0000  0.0000
268 156 -0.9117  0.0000  0.0000
276 156 -1.0314  0.0000  0.0000
284 156 -1.1044  0.0000  0.0000
292 156 -1.0161  0.0000  0.0000
  4 164 -0.8505  0.0000 11.1304
 12 164 -0.6211  0.0000 11.1304
 20 164 -0.2796  0.0000 19.4783
 28 164  0.2185  0.0000 16.1088
 36 164  0.9079  0.0000 11.1304
 44 164  1.7489  0.0000 11.1304
 52 164  1.9941  0.0000  0.0000
 60 164  1.9419  0.0000 16.1088
 68 164  1.8528  0.0000 11.1304
 76 164  1.8765  0.0000 20.7059
 84 164  2.0628  0.0000 19.4783
 92 164  2.3542  0.0000 20.7059
100 164  2.5000 -0.1180  9.2850
108 164  1.2584  0.0000  0.0000
116 164  0.8835  0.0000  7.4357
124 164  0.9526  0.0000 13.0803
132 164 -0.9090  0.0000  0.0000
140 164 -0.6214  0.0000  0.0000
148 164 -0.2828  0.0000  0.0000
156 164 -0.0336  0.0000  0.0000
164 164  0.0558  0.0000 11.1304
172 164 -0.0256  0.0000 11.1304
180 164 -0.2181  0.0000  0.0000
188 164 -0.4316  0.0000 13.0803
196 164 -0.5616  0.0000 11.1304
204 164 -0.6003  0.0000  0.0000
212 164 -0.5620  0.0000 11.1304
220 164 -0.5064  0.0000  0.0000
228 164 -0.4825  0.0000 11.1304
236 164 -0.4159  0.0000  0.0000
244 164 -0.2864  0.0000  0.0000
252 164 -0.1096  0.0000 11.1304
260 164  0.1386  0.0000  0.0000
268 164  0.9278  0.0000  0.0000
276 164  1.3561  0.0000  0.0000
284 164  1.4534  0.0000  0.0000
292 164  1.4732  0.0000  0.0000
  4 172  1.5757  0.0000  0.0000
 12 172  1.7812  0.0000 11.1304
 20 172  1.9946  0.0000 12.0455
 28 172  1.9535  0.0000  0.0000
 36 172  1.2026  0.0000  0.0000
 44 172  0.7036  0.0000  0.0000
 52 172  0.3643  0.0000 11.1304
 60 172 -1.6594  0.0000 12.0628
 68 172 -0.9831  0.0000 16.1088
 76 172 -0.2802 -0.0546 12.7691
 84 172  0.2724  0.0000  0.0000
 92 172  0.5717  0.0000 16.1088
100 172  0.5630  0.0000 11.1304
108 172  0.3180  0.0000 11.1304
116 172  0.0000 -0.5000  8.8276
124 172 -0.1796  0.0000 12.0628
132 172 -0.1753  0.0000  0.0000
140 172 -0.0378  0.0000  0.0000
148 172  0.0000 -0.5000  8.8276
156 172 -0.0935  0.0000 11.1304
164 172 -0.0962  0.0000 11.1304
172 172  0.0000 -0.5000  8.8276
180 172  0.1115  0.0000 11.1304
188 172 -0.0418 -0.1521 12.6567
196 172  0.7414  0.0000 16.1088
204 172  0.9912  0.0000  0.0000
212 172  0.9339  0.0000  0.0000
220 172  0.8886  0.0000  0.0000
228 172  0.9647  0.0000  8.2581
236 172  1.0969  0.0000  0.0000
244 172  1.1758  0.0000  0.0000
252 172  1.0517  0.0000 11.1304
260 172  0.6383  0.0000 11.1304
268 172  0.3685  0.0000 11.1304
276 172  0.0288  0.0000 11.1304
284 172 -2.6050  0.0000  0.0000
292 172 -1.4562  0.0000  0.0000
  4 180 -0.3290  0.0000 16.1088
 12 180  0.6310  0.0000 12.5445
 20 180  1.2063  0.0000  0.0000
 28 180  1.2593  0.0000 11.1304
 36 180  0.8999  0.0000  0.0000
 44 180  0.3957  0.0000  0.0000
 52 180  0.0411  0.0000 16.1088
 60 180 -0.0041  0.0000 16.1088
 68 180  0.2220 -0.1529  9.0549
 76 180  0.1801  0.0000  0.0000
 84 180  0.1004  0.0000  0.0000
 92 180  0.2190  0.0000  0.0000
100 180  0.6262  0.0000 11.1304
108 180  1.4466  0.0000 11.1304
116 180  2.5000  0.1588 10.5785
124 180  1.7786  0.0000 12.0628
132 180  1.0580  0.0000 16.1088
140 180  0.5001  0.0000  0.0000
148 180  0.2780 -0.1270 13.3759
156 180  0.3016  0.0000  0.0000
164 180  0.3659  0.0000 11.1304
172 180  0.3794  0.0000 11.1304
180 180  0.3006  0.0000 11.1304
188 180  0.1556  0.0000 12.2969
196 180  0.2265  0.0000  0.0000
204 180 -0.0232  0.0000  0.0000
212 180 -3.6375  0.0000  0.0000
220 180 -2.0003  0.0000  0.0000
228 180 -0.4257  0.0000  0.0000
236 180  1.0345  0.0000  0.0000
244 180  1.9680  0.0000  0.0000
252 180  2.0424  0.0000  0.0000
260 180  1.4504  0.0000  0.0000
268 180  0.6127  0.0000  0.0000
276 180 -0.0618  0.0000  0.0000
284 180 -0.3165  0.0000  0.0000
292 180 -0.1265  0.0000  8.4768
  4 188 -0.0008  0.0000 11.1304
 12 188 -0.0209  0.0000 11.1304
 20 188  0.1937  0.0000 16.1088
 28 188  0.5866  0.0000 11.1304
 36 188  1.3124  0.0000  0.0000
 44 188  1.9825  0.0000  0.0000
 52 188  1.5182  0.0000 11.1304
 60 188  0.7303  0.0000  8.0000
 68 188  0.0101  0.1146 17.4161
 76 188 -0.1753  0.0000  0.0000
 84 188 -0.1752  0.0000 11.1304
 92 188 -0.1421  0.0000  0.0000
100 188 -0.0960  0.0000  0.0000
108 188  0.0818  0.0000 11.1304
116 188  0.6298  0.0000 16.1088
124 188  0.6694  0.0000  9.4208
132 188  0.1151  0.1151 16.5161
140 188 -4.5562  0.0000  0.0000
148 188 -2.5519  0.0000  1.0000
156 188 -0.6346  0.0000 11.1304
164 188  1.4163  0.0000  0.0000
172 188  2.8634  0.0000 11.1304
180 188  2.8884  0.0000 17.2183
188 188  1.9243  0.0000 13.1641
196 188  0.6371  0.0000  0.0000
204 188 -0.4226  0.0000 11.1304
212 188 -0.9109  0.0000  0.0000
220 188 -0.5571  0.0000 11.1304
228 188 -0.1812  0.0000  0.0000
236 188 -0.2896  0.0000 11.1304
244 188  0.0580  0.0000 11.1304
252 188  0.1380  0.0000  0.0000
260 188  0.5249  0.0000  0.0000
268 188  0.9249  0.0000  0.0000
276 188  0.7701  0.0000  0.0000
284 188  0.3006  0.0000  0.0000
292 188 -0.1652  0.0000 11.1304
  4 196 -0.3390  0.0000  0.0000
 12 196 -0.3556  0.0000  0.0000
 20 196 -0.3308  0.0000 19.1045
 28 196 -0.2444  0.0000  5.4468
 36 196  0.0938 -0.0595  9.2730
 44 196  1.5000  0.0000  8.2581
 52 196  1.4666  0.0000 16.2025
 60 196  0.0868 -0.0378 15.2803
 68 196 -5.0902  0.0000  0.0000
 76 196 -2.9779  0.0000  0.0000
 84 196 -1.0492  0.0305 12.6667
 92 196  1.5000  0.0000  8.2581
100 196  3.8254  0.0000  0.0000
108 196  3.6838  0.0000  0.0000
116 196  2.2407  0.0000  0.0000
124 196  0.5068  0.0000 17.0667
132 196 -0.8267  0.0000  0.0000
140 196 -1.5000  0.0000  8.2581
148 196 -0.7369  0.0000  0.0000
156 196  0.0000 -0.5000  8.8276
164 196 -0.4704  0.0000  9.2850
172 196  0.5022  0.0000  8.2581
180 196 -0.0295  0.1889 17.8337
188 196 -0.1243  0.0000  8.2581
196 196  0.0783  0.0000  0.0000
204 196  0.0980  0.0000 16.1088
212 196 -0.0780  0.0000  0.0000
220 196 -0.2780  0.0000  0.0000
228 196 -0.3408  0.0000  0.0000
236 196 -0.2943  0.0000 16.1088
244 196 -0.2114  0.0000 16.1088
252 196  0.0270  0.0000 11.1304
260 196  0.6292  0.0000 22.2609
268 196  1.8264  0.0000 12.0628
276 196  2.5000  0.1180  9.2850
284 196  2.1886  0.0000 11.1304
292 196 -5.0071  0.0000 20.7059
  4 204 -2.9244  0.0000  0.0000
 12 204 -1.2825  0.0000  0.0000
 20 204  0.1760  0.0000 15.0588
 28 204  4.5000 -0.5000  4.0635
 36 204  4.0603  0.0000 14.5615
 44 204  2.2152  0.0000 22.2609
 52 204  0.2492  0.0000 16.1088
 60 204 -0.8608  0.0000  0.0000
 68 204 -1.0991  0.0000  0.0000
 76 204 -0.3777  0.0000  0.0000
 84 204  0.2269  0.0000 11.1304
 92 204 -0.1960 -0.5000 11.1304
100 204  2.5000  0.0000  8.8276
108 204  1.3311  0.0000 11.1304
116 204  0.0000 -0.5000  9.9740
124 204 -0.1990  0.0000 11.1304
132 204 -0.2341  0.0000  0.0000
140 204 -0.2928  0.0000 16.1088
148 204 -0.3351  0.0000 16.1088
156 204 -0.2881  0.0000 11.1304
164 204 -0.1556  0.0000 12.2969
172 204 -0.0562  0.0000  0.0000
180 204  0.2014  0.0000 16.1088
188 204  0.7289  0.0000 17.0667
196 204  1.5438  0.0000 16.1088
204 204  2.3013  0.0000 11.1304
212 204  3.2957  0.0000  0.0000
220 204 -4.3702  0.0000  0.0000
228 204 -2.0871  0.0000  0.0000
236 204  0.0000 -0.5000  8.8276
244 204  1.3791  0.0000  0.0000
252 204  3.6282  0.0000 16.1088
260 204  3.3883  0.0000 16.1088
268 204  1.7066  0.0000 16.1088
276 204 -0.2414  0.0000 11.1304
284 204 -0.8741  0.0000 11.1304
292 204 -0.6195  0.0000 11.1304
  4 212  0.6122  0.0000  0.0000
 12 212  2.6427  0.0000  0.0000
 20 212  5.1203 -0.5000  5.4468
 28 212  4.3851  0.0000 10.2045
 36 212  2.4345  0.0000 16.1088
 44 212  0.7721  0.0000  0.0000
 52 212  0.0344  0.0000  0.0000
 60 212 -0.2518  0.0000 11.1304
 68 212 -0.3584  0.0000  0.0000
 76 212 -0.3668  0.0000 11.1304
 84 212 -0.2920  0.0000  0.0000
 92 212 -0.1657  0.0000 11.1304
100 212 -0.0448  0.0000 11.1304
108 212  0.1518  0.0000  0.0000
116 212  0.4519  0.0000  6.8903
124 212  0.8305  0.0000 13.5576
132 212  1.2596  0.3479  7.1968
140 212  2.5000  0.1588 10.5785
148 212 -3.5861  0.0000 11.1304
156 212 -1.3088  0.0000 12.0455
164 212  0.7822  0.0000 16.1088
172 212  2.2594  0.0000 11.1304
180 212  3.3573  0.0000 17.0667
188 212  2.9759  0.0000  0.0000
196 212  1.5130  0.0000 16.1088
204 212 -0.1175  0.0000 17.2183
212 212 -0.8956  0.0000  0.0000
220 212 -0.7960  0.0000  0.0000
228 212  0.1461  0.0000  0.0000
236 212  1.7438  0.0000 11.1304
244 212  3.4311  0.0000 17.2183
252 212  3.0122  0.0000  0.0000
260 212  1.8044  0.0000 11.1304
268 212  0.7090  0.0000 16.1088
276 212  0.0575  0.0000 11.1304
284 212 -0.2710  0.0000 11.1304
292 212 -0.4047  0.0000 11.1304
  4 220 -0.4100  0.0000  0.0000
 12 220 -0.3282  0.0000  0.0000
 20 220 -0.2090  0.0000  0.0000
 28 220 -0.1060 -0.0223 12.5396
 36 220 -0.0103  0.0000 11.1304
 44 220  0.0220  0.0000  0.0000
 52 220 -0.0578 -0.4337  9.0220
 60 220 -0.3127  0.1061  9.8739
 68 220 -0.5000  0.0000  8.8276
 76 220 -2.8063  0.0000 11.1304
 84 220 -0.5000  0.0000  8.8276
 92 220  1.8106  0.0000  0.0000
100 220  3.4119  0.0000 11.1304
108 220  3.9582  0.0000  8.8276
116 220  3.2105  0.0000  8.2581
124 220  1.5374  0.0000 16.1088
132 220 -0.2577  0.0000  0.0000
140 220 -1.4219  0.0000 11.1304
148 220 -1.7908  0.0000  0.0000
156 220 -1.5726  0.0000  9.2850
164 220 -1.0000  0.0000  8.2581
172 220  0.2917  0.0000 22.2609
180 220  0.1760  0.0000 15.0588
188 220  0.0832 -0.3131  9.8462
196 220 -0.0145  0.0000 11.1304
204 220 -0.2205  0.0000 12.0628
212 220 -0.4213  0.0000 11.1304
220 220 -0.5255  0.0000 11.1304
228 220 -0.5053  0.0000  4.0635
236 220 -0.3866  0.0000  0.0000
244 220 -0.2310  0.0000 11.1304
252 220 -0.1145  0.0000 11.1304
260 220 -0.1188  0.0000 16.1088
268 220 -0.3707  0.0000 19.1045
276 220 -0.9875  0.0000 11.1304
284 220 -2.0111  0.0000  0.0000
292 220 -3.2674  0.0000  0.0000
