VARIABLES= "X pix", "Y pix", "U pix/dt", "V pix/dt", "CHC", ZONE I=28, J=37
  4   4 -0.0048  0.0000 10.1941
 12   4 -0.0075  0.0000 10.1847
 20   4 -0.0087  0.0000 10.2492
 28   4 -0.0046  0.0000  9.9992
 36   4  0.0000  0.0146  9.8703
 44   4  0.0015  0.0000  9.7565
 52   4 -0.0022  0.0000  9.7565
 60   4 -0.0140  0.0000  9.7565
 68   4 -0.0000  0.0000  9.5154
 76   4  0.0399  0.0000 10.3388
 84   4  0.2724  0.0000 11.1505
 92   4  0.1930  0.0000 10.2276
100   4  0.1076  0.0000 12.3748
108   4  0.0642  0.0000 12.4597
116   4  0.0263  0.0000 11.9483
124   4  0.0094  0.0000 11.1505
132   4  0.0062  0.0000 11.9483
140   4  0.0000  0.0166 11.5214
148   4  0.0535  0.0000 11.1505
156   4  0.0000  0.0166 11.5214
164   4 -0.0333  0.0000 11.7754
172   4 -0.0181  0.0000 11.7754
180   4  0.0588  0.0000 12.2530
188   4  0.1399  0.0000 11.9483
196   4  0.1620  0.0000 10.9347
204   4  0.1161  0.0000 11.2514
212   4  0.1210  0.0000 11.1482
220   4 -0.0180  0.0134  9.9148
228   4 -0.0069 -0.0063 13.4828
236   4 -0.0028  0.0000 11.9626
244   4 -0.0036  0.0090 12.2098
252   4 -0.0017  0.0000 12.2915
260   4  0.0000 -0.0035 12.2152
268   4  0.0024  0.0000 12.3152
276   4  0.0125  0.0000 12.3152
284   4 -0.0371  0.0000 11.9696
292   4 -0.1062  0.0000 10.2492
  4  12 -0.1272 -0.0864  7.5294
 12  12  0.2837  0.0970  9.1808
 20  12  0.0687  0.0388 11.8792
 28  12  0.0051  0.0000  9.2086
 36  12 -0.0165 -0.5000  8.8276
 44  12 -0.0355  0.0000 13.0402
 52  12 -0.0266  0.0000 16.0000
 60  12  0.0000 -0.7528 11.4627
 68  12  0.0000 -0.2356 10.0974
 76  12  0.0843 -0.0447 10.4767
 84  12  0.0139  0.0000  7.3143
 92  12 -0.0206  0.0000 11.9588
100  12 -0.0230 -0.0270 38.3500
108  12  0.0288  0.0000 36.3669
116  12  0.0853  0.0000  8.0070
124  12  0.0877  0.0161  8.9047
132  12 -0.0054  0.0705  6.9923
140  12  0.1136  0.0428  7.0043
148  12  0.0000 -0.2819  7.3993
156  12 -0.0108  0.0052  7.4697
164  12  0.0048 -0.0040 22.1481
172  12  0.0071  0.0736 46.9184
180  12  0.0004  0.0000  7.6740
188  12 -0.0098  0.0000  8.6242
196  12 -0.0035  0.0148  8.8494
204  12  0.0501  0.0007  9.3668
212  12 -0.0068  0.0000 11.1304
220  12 -0.0654  0.0000 10.2054
228  12 -0.0548  0.0000 11.8933
236  12  0.1105  0.0000 11.6053
244  12  0.0510  0.0078 11.7924
252  12 -0.0553 -0.0356 11.9201
260  12 -0.1516 -0.2635 13.1708
268  12 -0.1023  0.0000 20.3741
276  12 -0.0711  0.0000 18.8063
284  12 -0.0589  0.0000 14.1055
292  12 -0.0546  0.0000 16.5370
  4  20 -0.0240  0.0303 17.2406
 12  20 -0.0448  0.1205  8.3173
 20  20 -0.0247  0.0042 22.0940
 28  20 -0.0117  0.0107 19.4917
 36  20 -0.0003  0.0087 18.8776
 44  20  0.0309 -0.0272 21.5429
 52  20 -0.0192  0.0230 19.4112
 60  20 -0.0252  0.0000 18.7694
 68  20  0.0000  0.0004 18.3599
 76  20 -0.0097  0.0000 16.1588
 84  20 -0.0031  0.0000 16.8117
 92  20  0.0100  0.0000 15.9155
100  20  0.0143  0.0126 13.5074
108  20  0.0035  0.0000 14.6938
116  20 -0.0183  0.0000 14.5702
124  20 -0.0069  0.0049 13.5647
132  20  0.0157  0.0000 13.2751
140  20  0.0025  0.0000 17.0291
148  20 -0.0184  0.0000 17.1284
156  20 -0.0048 -0.0033 20.0200
164  20  0.0032 -0.0420 19.7020
172  20  0.0169  0.0037 16.4665
180  20  0.0055 -0.0641 18.8943
188  20 -0.0527  0.0000 20.4153
196  20 -0.0182  0.0000 24.4555
204  20 -0.0019 -0.0018 24.3012
212  20 -0.0632  0.0000 19.9385
220  20 -0.0829  0.0000 20.1510
228  20 -0.0455  0.0000 19.7400
236  20 -0.0128  0.0000 21.8364
244  20  0.0053  0.0000 24.6415
252  20  0.0064  0.0126 24.2173
260  20 -0.0425 -0.0069 12.0478
268  20 -0.0358 -0.0013 12.7810
276  20  0.0671 -0.0531 10.8762
284  20  0.0700  0.0000 15.7360
292  20  0.0566  0.0029 23.0420
  4  28  0.0067  0.0000  9.5399
 12  28  0.0042  0.0058 14.5535
 20  28  0.0051  0.0027 13.0894
 28  28 -0.0052 -0.0541  8.1718
 36  28  0.0021  0.0510  7.7132
 44  28 -0.0260  0.0169  7.8201
 52  28  0.0064  0.0769  7.6311
 60  28 -0.0115  0.0166  7.1005
 68  28  0.0009 -0.0175  7.4368
 76  28 -0.0091  0.0000  7.6446
 84  28 -0.0070  0.0000  7.2621
 92  28 -0.0043 -0.0176  7.7307
100  28  0.0124  0.0000  7.6453
108  28  0.0420  0.0000  7.0671
116  28  0.0233  0.0000 11.2255
124  28  0.1187  0.0000  8.3287
132  28  0.3334  0.0371  6.5356
140  28  0.0111  0.1003  8.8145
148  28 -0.0706 -0.0719  6.9949
156  28 -0.0219 -0.0230 14.3503
164  28  0.0303  0.0044 15.6364
172  28  0.0143 -0.0098 15.4790
180  28 -0.0122 -0.0039 13.8851
188  28  0.0200 -0.0126  9.6915
196  28  0.0135  0.0000  9.4361
204  28  0.0050  0.0213  7.4729
212  28  0.0798  0.0046  7.9545
220  28  0.0256  0.0000  8.0173
228  28 -0.0327  0.0000  6.8532
236  28  0.0183  0.0000  7.9990
244  28 -0.0072 -0.0942  7.5661
252  28 -0.0062  0.0000  6.2648
260  28 -0.0150  0.0000  6.5547
268  28  0.0105  0.0292  6.3691
276  28 -0.0065 -0.0003  6.8811
284  28 -0.0114  0.0000  7.9009
292  28  0.0036 -0.0039  6.8097
  4  36 -0.0245  0.0000  9.7047
 12  36 -0.0318  0.0253 10.8606
 20  36 -0.0102  0.0000 14.6166
 28  36 -0.0131 -0.1719 16.2315
 36  36  0.0272  0.0238 11.1899
 44  36 -0.0791  0.0000 13.7993
 52  36 -0.1162 -0.1143 15.0628
 60  36 -0.0040  0.0091 10.5323
 68  36 -0.0082  0.0000  8.7705
 76  36 -0.0104 -0.1913  8.2342
 84  36  0.0301  0.0000  8.9108
 92  36 -0.0062  0.0000 16.3646
100  36 -0.0557  0.0000 13.0803
108  36 -0.0512  0.0000 11.1304
116  36  0.1797  0.0000 11.1304
124  36  0.1527  0.0000  0.0000
132  36  0.0718  0.0000 13.1641
140  36  0.0391  0.0000  0.0000
148  36 -0.0449 -0.0033  5.6802
156  36 -0.0853  0.0000 14.5862
164  36 -0.0001  0.0005 10.8108
172  36 -0.0015  0.0030 11.1502
180  36  0.0018  0.0111 11.0350
188  36 -0.0069  0.0137  7.0161
196  36  0.1209 -0.0197  7.6189
204  36  0.0869  0.0000  9.0060
212  36  0.0110  0.0000 10.6476
220  36 -0.0265  0.0000 12.7205
228  36 -0.0665  0.0000 12.8227
236  36 -0.1191  0.0271 13.8682
244  36 -0.0114 -0.0822  9.5278
252  36 -0.0365  0.0000 11.0903
260  36 -0.0947  0.0000  9.7047
268  36 -0.2261  0.0000  9.5231
276  36 -0.2705  0.0000 11.0903
284  36 -0.1194  0.0000 15.2515
292  36  0.0575  0.0000 11.9011
  4  44  0.1712  0.0000 14.4120
 12  44  0.1215  0.0062 10.1536
 20  44 -0.0473  0.0000 11.3866
 28  44 -0.1206  0.0000  8.7013
 36  44 -0.1615 -0.1322  6.5683
 44  44  0.3306 -0.1570  6.3533
 52  44  0.2152  0.0000  7.3143
 60  44  0.0860  0.0000  0.0000
 68  44  0.0288  0.0000  0.0000
 76  44 -0.0294  0.0000 11.1304
 84  44 -0.0646  0.0000 16.1088
 92  44 -0.1354  0.0000 12.0628
100  44 -0.1662  0.0000 19.1045
108  44 -0.1215  0.0000  0.0000
116  44  0.1233  0.0000  0.0000
124  44  0.3496  0.0000 11.1304
132  44  0.2700  0.0000  0.0000
140  44  0.0632  0.0000  0.0000
148  44 -0.0087  0.0527  6.5269
156  44  0.0026  0.0024 15.5268
164  44 -0.0009 -0.0042 12.1066
172  44  0.0136  0.0029 10.8767
180  44 -0.0308  0.0000 16.7159
188  44 -0.1205  0.0000  6.0340
196  44 -0.2738  0.0000  0.0000
204  44 -0.3357  0.0000  9.5945
212  44 -0.1223  0.0000 15.2515
220  44  0.1173  0.0090 14.0274
228  44  0.2655 -0.0123 11.0252
236  44  0.0033 -0.1355 11.2402
244  44 -0.1290  0.0269 12.8481
252  44 -0.0297 -0.0145  9.3426
260  44 -0.0149  0.0100 12.3083
268  44 -0.0601  0.0000 13.3851
276  44 -0.0474  0.0000  8.5951
284  44 -0.0498 -0.0225 10.2107
292  44 -0.0091 -0.0026 12.3498
  4  52 -0.0137  0.0000 11.1304
 12  52 -0.0140  0.0000  0.0000
 20  52 -0.1663  0.0000  7.2172
 28  52 -0.2932  0.0000  0.0000
 36  52 -0.2209  0.0000  0.0000
 44  52  0.4400  0.0000  0.0000
 52  52  0.8832  0.0000  0.0000
 60  52  0.6275  0.0000  0.0000
 68  52  0.1187  0.0000  0.0000
 76  52  0.0151  0.0000  0.0000
 84  52  0.0758 -0.5000 11.7124
 92  52 -0.0260  0.0000  8.0000
100  52 -0.0219  0.0000 11.0903
108  52  0.0418  0.0000  0.0000
116  52  0.0799  0.0000 19.1045
124  52  0.0000 -0.5000 11.1304
132  52 -0.0913 -0.2044 18.7317
140  52  0.0800  0.0000 26.1700
148  52  0.0181  0.0347  6.0318
156  52  0.0011 -0.0205  6.5726
164  52 -0.0137  0.0000  6.1648
172  52 -0.0639  0.0000  6.0098
180  52 -0.0052 -0.0040  5.9506
188  52  0.0167  0.0954  7.5817
196  52 -0.5000  0.0000  8.8276
204  52 -0.2936  0.0000  0.0000
212  52 -0.1692  0.0000 11.1304
220  52 -0.0401  0.0000 11.1304
228  52 -0.0097  0.0000  9.7162
236  52  0.0000 -0.0150  8.3380
244  52  0.0149 -0.2749  9.0775
252  52 -0.2248  0.0000 10.0093
260  52 -0.1519  0.1493 12.8302
268  52  1.1664  0.0000  7.3911
276  52  1.9383  0.0000  9.4762
284  52  1.2421  0.0000 12.2639
292  52  0.1174  0.1042 10.7023
  4  60 -0.0529  0.0000  0.0000
 12  60 -0.1410  0.0000 16.1088
 20  60 -0.2643  0.0000 11.1304
 28  60 -0.1323  0.0000  0.0000
 36  60  0.1890  0.0000  0.0000
 44  60  0.5905  0.0000  0.0000
 52  60  1.0032  0.0000  0.0000
 60  60  1.3018  0.0000  0.0000
 68  60  0.9677  0.0000 11.1304
 76  60  0.4410  0.0000 11.1304
 84  60  0.0461  0.0066 13.2235
 92  60  0.0584  0.1144 10.0576
100  60 -0.0579  0.0000 14.5569
108  60 -0.0696  0.0000 11.1304
116  60 -0.0854  0.0000  8.9379
124  60 -0.3050  0.0000  0.0000
132  60 -0.1809 -0.2624  7.4084
140  60 -0.1899  0.0000  9.2086
148  60  0.0046  0.0000 13.1731
156  60  0.0000  0.0000 12.3458
164  60 -0.0815  0.0000 16.1088
172  60  0.1219  0.0000  0.0000
180  60  0.2384  0.0000 10.1078
188  60  0.8901  0.0000  0.0000
196  60  2.4588  0.0000 11.1304
204  60  3.5583  0.0000  0.0000
212  60  2.0826  0.0000  0.0000
220  60  0.3404  0.0000  0.0000
228  60  0.1013  0.0000  0.0000
236  60 -0.2766  0.0000  0.0000
244  60 -0.5931  0.0000 11.1304
252  60 -0.3154  0.0000 16.1088
260  60  0.2524  0.0000 12.8600
268  60  0.9304  0.0000  8.6413
276  60  1.7247  0.0000 11.0903
284  60  2.5000  0.0000  8.8276
292  60  1.6468  0.0000 22.2609
  4  68  0.7949  0.0000 13.7892
 12  68  0.1565  0.0000 19.4783
 20  68 -0.1189  0.0000 11.1304
 28  68 -0.2637  0.0000  0.0000
 36  68 -0.2310  0.0000  0.0000
 44  68 -0.1335  0.0000 11.1304
 52  68 -0.2147  0.0000 17.8000
 60  68 -0.2907 -0.1110  8.4253
 68  68 -0.3145  0.0264 11.0777
 76  68  0.1069  0.0498  8.7453
 84  68  0.0575  0.0000  8.3173
 92  68 -0.1276 -0.0024 16.4153
100  68  0.1509 -0.0569  9.3659
108  68  0.3829  0.0000 11.1304
116  68  1.1615  0.0000 11.1304
124  68  2.7923  0.0000  0.0000
132  68  4.5000 -0.5000  4.0635
140  68  2.1000  0.0000  0.0000
148  68 -0.1491  0.0485  9.7953
156  68  0.3145 -0.0264 11.0777
164  68 -0.3061  0.0000 12.0628
172  68 -0.9138  0.0664 12.3325
180  68 -0.4668  0.0000 13.0803
188  68  0.1848  0.0000 11.1304
196  68  0.7222  0.0000 11.1304
204  68  1.1523  0.0000 11.1304
212  68  1.4011  0.0000 11.1304
220  68  1.0335  0.0000  0.0000
228  68  0.5482  0.0000  0.0000
236  68 -0.0793  0.0000  0.0000
244  68 -0.4836  0.0000  0.0000
252  68 -0.6478  0.0000  0.0000
260  68 -0.4776  0.0000 16.1088
268  68 -0.0682  0.0000 16.1088
276  68 -0.0265  0.0000 11.1304
284  68 -0.1949 -0.0206  9.7943
292  68 -0.0913  0.2044 18.7317
  4  76  0.0656  0.0000  0.0000
 12  76  0.0642  0.0000 15.4912
 20  76  0.0220 -0.0321 14.8421
 28  76 -0.1184  0.0000 11.1304
 36  76 -0.0062  0.0000 15.6775
 44  76  0.1586  0.0177 13.0130
 52  76  0.4234  0.0000 17.0667
 60  76 -0.0439 -0.0092 11.7622
 68  76  0.2741  0.0000  9.4815
 76  76 -0.1985  0.2223  8.6506
 84  76  0.0304 -0.1391  6.9677
 92  76 -0.2474  0.0000 11.9011
100  76 -0.5329  0.0000 11.9011
108  76 -0.2348  0.0000 11.0903
116  76  0.2622  0.0000 14.1689
124  76  0.3878  0.0000 11.9011
132  76  0.2619  0.0000  9.4208
140  76  0.0459 -0.1308  8.4268
148  76  0.0867  0.1071  9.3967
156  76  0.1063  0.0000  6.9728
164  76 -0.5000  0.0000  8.8276
172  76 -0.9532  0.0000  0.0000
180  76 -1.1842  0.0000 12.0628
188  76 -0.8791  0.0000  0.0000
196  76  0.1707  0.0000  0.0000
204  76  0.3533  0.0000  0.0000
212  76  0.1197  0.0000  0.0000
220  76  0.0000  0.1960 11.1304
228  76 -0.0298  0.0000 11.1304
236  76  0.0083  0.0000 11.1304
244  76  0.0842  0.0000  0.0000
252  76 -0.2660  0.0000  0.0000
260  76 -0.1916  0.0000  0.0000
268  76 -0.1651  0.0000 11.1304
276  76 -0.2716  0.0000 11.1304
284  76 -0.5220  0.0000  8.0000
292  76  0.0000  0.5000  4.6545
  4  84 -0.1578  0.0000  0.0000
 12  84 -0.0730  0.0000 11.7041
 20  84 -0.1195  1.0576  7.0137
 28  84 -0.1877  0.0000 16.1088
 36  84  0.0418 -0.1521 12.6567
 44  84  0.5000  0.0000  8.4768
 52  84  0.2720  0.0000  7.3911
 60  84 -0.1171 -0.1931  9.8364
 68  84 -0.1807  0.0000 13.3565
 76  84 -0.1434  0.0000  0.0000
 84  84 -0.2576  0.0000 11.1304
 92  84 -0.7358  0.0000 16.1088
100  84 -1.2676  0.0000 11.1304
108  84 -1.7477  0.0000 10.6057
116  84 -1.6548  0.0000 12.2816
124  84  0.5000  0.0000 11.1304
132  84  0.6752  0.0000 19.4783
140  84  0.2311  0.0000 11.9011
148  84 -0.2047  0.0000 16.1088
156  84 -0.2468  0.0000 11.1304
164  84 -0.0998  0.0000 11.1304
172  84  0.1111  0.0000 11.1304
180  84 -0.1281  0.0000  0.0000
188  84 -0.0946  0.0000  0.0000
196  84  0.1043  0.0000  0.0000
204  84 -0.0595  0.0000  0.0000
212  84 -0.4206  0.0000  8.8276
220  84 -0.5000 -0.2274  6.6693
228  84 -0.3287  0.0000 11.1304
236  84 -0.1257  0.0000 16.1088
244  84 -0.0466  0.0000  0.0000
252  84 -0.0096  0.0000  0.0000
260  84  0.1385  0.0000 16.1088
268  84  0.3391  0.0000 11.1304
276  84  0.2074  0.0000  8.8276
284  84  0.0113  0.0000 11.1304
292  84  0.0165  0.0000  0.0000
  4  92 -0.0531  0.0000 16.1088
 12  92 -0.3464  0.0000 16.1088
 20  92 -0.7065  0.0000 15.2515
 28  92 -1.1057  0.0000  9.2086
 36  92 -1.7782  0.0000 16.1088
 44  92 -2.8274  0.3035  7.6077
 52  92  0.0000  0.0000 10.7558
 60  92  0.6042  0.0000  0.0000
 68  92  0.1661  0.0000 19.4783
 76  92 -0.5000 -0.3577  9.4815
 84  92 -0.4343  0.0000 11.1304
 92  92 -0.1718  0.0000 12.0628
100  92  0.1693  0.0000 11.1304
108  92  0.2243  0.0000  0.0000
116  92  0.0576  0.0000 16.1088
124  92  0.8012  0.0000 11.1304
132  92  0.6479  0.0000  9.1555
140  92  0.0988  0.0000 11.1304
148  92 -0.2838  0.0000  0.0000
156  92 -0.2133  0.0000  0.0000
164  92 -0.0049  0.0000  0.0000
172  92  0.0523  0.0000  0.0000
180  92  0.0587  0.0000  0.0000
188  92  0.0942  0.0000  0.0000
196  92  0.1429  0.0000  0.0000
204  92  0.0534  0.0000  0.0000
212  92 -0.0442  0.0000  0.0000
220  92  0.0000  0.0000 11.8583
228  92 -0.1960 -0.5000 11.1304
236  92 -0.5559  0.0000 12.0628
244  92 -0.5686  0.0000  0.0000
252  92 -0.2542  0.0000  9.2086
260  92  0.2907 -0.0403 10.5761
268  92  0.1151  0.1151 16.5161
276  92  0.8453  0.0000 11.1304
284  92  0.9777  0.0000 11.1304
292  92  0.4551  0.0000 11.1304
  4 100 -0.1583  0.0000  0.0000
 12 100 -0.2939  0.0000  9.4208
 20 100 -0.1277  0.0000 11.1304
 28 100  0.2253  0.0557  8.1669
 36 100  0.5000 -0.0917  6.9968
 44 100 -0.1171  0.1083 14.6826
 52 100  1.6753  0.4666 11.8503
 60 100  1.4158  0.0000  6.8970
 68 100  0.6328  0.0000 10.2729
 76 100 -0.0500  0.0000 11.1304
 84 100 -0.0115  0.0000 20.7059
 92 100  0.2440  0.0000 12.0455
100 100  0.1643  0.0000 11.1304
108 100  0.0776  0.0000 16.1088
116 100  0.0000 -0.5000  8.8276
124 100 -0.0587  0.0000 17.2183
132 100 -0.2480  0.0000 20.7059
140 100 -0.5625  0.0000 19.4783
148 100 -1.0158  0.0000 11.9011
156 100 -1.6947  0.1037 10.4717
164 100 -1.3867  0.0000  8.4768
172 100 -0.9193  0.0000  0.0000
180 100 -0.2890  0.0000  0.0000
188 100  0.4565  0.0000 11.1304
196 100  0.9215  0.0000 22.2609
204 100  1.3846  0.0000 11.1304
212 100  1.3780  0.0000  0.0000
220 100  0.7372  0.0000  8.8276
228 100  0.1244  0.0000  8.4628
236 100 -0.1392  0.0000 12.5315
244 100 -0.1149  0.0000 16.1088
252 100  0.0509  0.0000 16.1088
260 100 -0.1759  0.0000 11.1304
268 100  0.1315  0.0000 11.1304
276 100  1.4097  0.0000 11.1304
284 100  1.6056  0.0000  0.0000
292 100  0.9572  0.0000  0.0000
  4 108 -0.0272 -0.0238 11.1899
 12 108  0.1048  0.0000  8.0000
 20 108  0.5000  0.0000  8.4768
 28 108  0.1912  0.0000 12.4272
 36 108  0.0785  0.0000 16.1088
 44 108 -0.0070  0.0000  0.0000
 52 108 -0.1440  0.0000 12.0455
 60 108 -0.4276  0.0000  0.0000
 68 108 -0.8483  0.0000  0.0000
 76 108 -1.3491  0.0000  0.0000
 84 108 -1.7824  0.0000 16.1088
 92 108 -1.6051  0.0000 20.7059
100 108 -1.2191  0.0000 11.1304
108 108 -0.6923  0.0000 16.1088
116 108  0.0066  0.0000 11.1304
124 108  0.8915  0.0000 13.0803
132 108  1.5150  0.0000 11.1304
140 108  1.5000  0.0000  8.2581
148 108  0.6829  0.0000 11.1304
156 108  0.1466  0.0000  0.0000
164 108 -0.1068  0.5000 14.1617
172 108 -0.1330  0.0000 12.4564
180 108 -0.0999  0.0000  0.0000
188 108 -0.9226  0.0000  8.4476
196 108 -0.0375 -0.0594  9.6011
204 108  1.2283  0.0000  0.0000
212 108  1.8705  0.0000  0.0000
220 108  1.5896  0.0000  0.0000
228 108  0.4278  0.0000 16.1088
236 108  0.0771  0.0000 11.1304
244 108  0.1306  0.0000  0.0000
252 108  0.0291  0.0000 11.1304
260 108  0.0236  0.0000  8.0000
268 108  0.0220  0.0000 11.1304
276 108 -0.0994  0.0000  0.0000
284 108 -0.4073  0.0000 11.1304
292 108 -0.8120  0.0000  0.0000
  4 116 -1.1749  0.0000  5.4468
 12 116 -1.3672  0.0000 12.0628
 20 116 -1.2818  0.0000 12.0628
 28 116 -1.1615  0.0000  0.0000
 36 116 -0.9426  0.0000 11.1304
 44 116 -0.5000  0.0000  8.8276
 52 116  0.7759  0.0000 16.1088
 60 116  1.4243  0.0000  0.0000
 68 116  0.5888  0.0000 11.1304
 76 116  0.0359  0.0000 11.1304
 84 116 -0.0356  0.0000 11.1304
 92 116 -0.1546  0.0660 18.6254
100 116 -0.0893  0.0000 11.1304
108 116 -0.0839  0.0000 11.1304
116 116 -1.4124  0.0000 11.1304
124 116 -0.2092  0.0000  8.8276
132 116  1.0860  0.0000  0.0000
140 116  2.1096  0.0000  6.8903
148 116  2.3201  0.0000  0.0000
156 116  0.5000  0.0000  9.6865
164 116 -0.2282  0.0000  0.0000
172 116 -0.3955  0.0000 16.1088
180 116 -0.3329  0.0000 16.1088
188 116 -0.1333  0.0000  8.4768
196 116  0.0487  0.0000  4.0635
204 116  0.0313  0.0000 11.1304
212 116 -0.2605  0.0000  0.0000
220 116 -0.5814  0.0000  0.0000
228 116 -0.6826  0.0000  0.0000
236 116 -0.5000  0.0000  8.8276
244 116 -0.3750  0.0000  0.0000
252 116 -0.5000  0.0000 11.1304
260 116 -0.4899  0.0000  0.0000
268 116 -0.4043  0.4043  8.0000
276 116  1.4689  0.0000 16.1088
284 116  2.4388  0.0000  9.4208
292 116  0.1546  0.0660 18.6254
  4 124 -0.2743 -0.0236 10.8782
 12 124  0.2193  0.0923  7.5156
 20 124  0.0000 -0.5000  8.8276
 28 124  0.2406  0.0000  0.0000
 36 124  0.1213  0.0000 16.1088
 44 124 -1.6954  0.0000 17.0667
 52 124 -0.6078  0.0000  0.0000
 60 124  0.4455  0.0000  0.0000
 68 124  1.5025  0.0000  0.0000
 76 124  2.5000  0.0000  8.8276
 84 124  0.3006  0.0000  0.0000
 92 124 -0.8240  0.0000 16.1088
100 124 -1.0909  0.0000 11.1304
108 124 -0.8453  0.0000  0.0000
116 124 -0.4095  0.0000  0.0000
124 124  0.0000  0.1154 16.0000
132 124  0.1445  0.0000  0.0000
140 124 -0.1652  0.0000 13.1641
148 124 -0.3859  0.0000  0.0000
156 124 -0.0610 -0.5000  7.7665
164 124  1.1240  0.0000  0.0000
172 124  1.0724  0.0000  0.0000
180 124  0.7943  0.0000  0.0000
188 124  1.1299  0.0000  0.0000
196 124  2.5000  0.0000  8.8276
204 124  3.0789  0.0000 11.1304
212 124  5.1121  0.3577  6.2439
220 124  2.3002  0.0000 11.1304
228 124  0.9275  0.0000 11.1304
236 124  1.4619  0.0000 11.1304
244 124  2.5000  0.0000  8.8276
252 124  1.3285  0.0000  0.0000
260 124  0.3115  0.0000 11.1304
268 124 -1.6871  0.0000 11.1304
276 124 -1.1205  0.0000 16.1088
284 124 -0.8978  0.0000 11.1304
292 124 -1.3826  0.0000 11.1304
  4 132 -2.8274 -0.3035  7.6077
 12 132 -2.3716  0.0000 10.4446
 20 132 -2.2036  0.0000  0.0000
 28 132 -2.0024  0.0000  0.0000
 36 132 -1.4219  0.0000 11.1304
 44 132 -0.8198  0.0000  0.0000
 52 132 -0.3328  0.0000  8.8276
 60 132  0.0000 -0.5000  8.8276
 68 132 -0.4031  0.0000 11.1304
 76 132 -0.5655  0.0000  0.0000
 84 132 -0.0203  0.1804 15.3082
 92 132  2.5000 -0.1588 10.5785
100 132  1.8229  0.0000 12.0628
108 132  0.9608  0.0000  0.0000
116 132  0.3952  0.0000  0.0000
124 132  0.0000  0.2027 10.8667
132 132  0.1068 -0.5000 14.1617
140 132  2.1798  0.0000  0.0000
148 132  1.4666  0.0000  0.0000
156 132  0.5000  0.0000  8.8276
164 132  0.9138  0.0000  0.0000
172 132  1.5444  0.0000  0.0000
180 132  0.8218  0.0000  0.0000
188 132 -0.1151 -0.1151 16.5161
196 132 -1.1541  0.0000  1.0000
204 132 -1.0492  0.0305 12.6667
212 132 -1.0748  0.0000 11.1304
220 132 -1.5949  0.0000  0.0000
228 132 -2.5006  0.0000  0.0000
236 132 -2.5388  0.0000 11.1304
244 132 -2.4889  0.0000 11.1304
252 132 -2.3677  0.1145 12.8207
260 132 -1.6384  0.0000 16.1088
268 132 -1.1971  0.0000  0.0000
276 132 -1.1293  0.0000  0.0000
284 132 -1.1712  0.0000  0.0000
292 132 -1.2364  0.0000 16.1088
  4 140 -0.9916  0.0000  0.0000
 12 140 -0.2429  0.0000  0.0000
 20 140  1.0790  0.0000 11.1304
 28 140  0.7735  0.0000  0.0000
 36 140  0.2505  0.0000  0.0000
 44 140 -0.3231  0.0000 16.1088
 52 140 -0.8103  0.0000  0.0000
 60 140 -0.7095  0.0000 11.1304
 68 140  0.3591  0.0000  0.0000
 76 140  0.4646  0.0000  0.0000
 84 140  0.1960 -0.5000 11.1304
 92 140  0.1123  0.0711 13.6764
100 140  0.4374  0.0000  0.0000
108 140  0.0369 -1.7380  6.5801
116 140 -0.3209  0.0000  8.2637
124 140 -0.1033  0.0039  6.2487
132 140 -0.1972  0.0000 12.0628
140 140 -0.1753  0.0000 16.1088
148 140 -0.2475  0.0000  0.0000
156 140 -0.5387  0.0000  7.5779
164 140 -1.2100  0.0000 11.1304
172 140 -1.5524  0.0000 11.1304
180 140 -1.4448  0.0000 10.1191
188 140 -1.0096  0.0000  0.0000
196 140 -1.1327  0.0000 11.1304
204 140 -1.8937  0.0000 11.1304
212 140 -2.5108  0.0000  0.0000
220 140 -2.2529  0.0000  0.0000
228 140 -1.6033  0.0000  0.0000
236 140 -0.8398  0.0000  0.0000
244 140 -0.2303  0.0000  0.0000
252 140 -0.5000  0.1588 10.5785
260 140 -0.4198  0.0000  0.0000
268 140 -0.6705  0.0000  0.0000
276 140 -0.9943  0.0000  0.0000
284 140 -0.9619  0.0000 11.1304
292 140 -0.4467  0.0000 11.1304
  4 148 -0.1404  0.0000  0.0000
 12 148 -0.0288  0.0000  0.0000
 20 148  0.0441  0.0000  0.0000
 28 148  0.2320  0.0000  0.0000
 36 148  0.1841 -0.0418 12.3683
 44 148  0.0000 -0.5000  8.8276
 52 148  0.8083  0.0000  0.0000
 60 148  0.6828  0.0000  0.0000
 68 148  0.8622  0.0000 11.1304
 76 148  1.2196  0.0000 16.1088
 84 148  1.5000  0.0000  8.2581
 92 148  0.1136  0.0000 19.1045
100 148 -0.5011  0.0000  0.0000
108 148 -0.3297  0.0000 17.0667
116 148  0.0612 -0.8768  9.4815
124 148 -0.5561  0.0000 11.1304
132 148 -2.3701  0.0000 16.1088
140 148 -3.7793  0.0000 11.1304
148 148 -2.9264  0.0000  0.0000
156 148 -1.8432  0.0000  8.2581
164 148 -0.9998  0.0000 11.1304
172 148 -0.4870  0.0000  0.0000
180 148 -0.3791  0.0000  8.2581
188 148 -0.2352  0.0000  0.0000
196 148 -0.5080  0.0000 11.1304
204 148 -0.8570  0.0000  0.0000
212 148 -0.9584  0.0000  0.0000
220 148 -0.7159  0.0000  0.0000
228 148 -0.3526  0.0000  0.0000
236 148  0.0168  0.0000  0.0000
244 148  0.2416  0.0000  0.0000
252 148  0.3545  0.0000  0.0000
260 148  0.3035  0.0000  0.0000
268 148  0.1785  0.0000  0.0000
276 148  1.3147  0.0000  0.0000
284 148  1.1395  0.0000  0.0000
292 148  1.2710  0.0000  0.0000
  4 156  1.4509  0.0000  0.0000
 12 156  1.2651  0.0000 11.1304
 20 156  0.1151  0.1151 16.5161
 28 156 -0.1138  0.1378 11.4627
 36 156  0.3008  0.0000 11.1304
 44 156  0.7234  0.0000  0.0000
 52 156  0.3309 -0.0637  7.1846
 60 156 -2.2670  0.0000  9.7047
 68 156 -4.5000  0.0830 13.8795
 76 156 -2.4489  0.0000  0.0000
 84 156 -1.2373  0.0000  8.8276
 92 156 -0.5559  0.0000 11.1304
100 156 -0.1568  0.0000  0.0000
108 156  0.0856  0.0000 20.7059
116 156  0.2907 -0.0403 10.5761
124 156 -0.1797  0.0000 12.5445
132 156 -0.6480  0.0000 11.1304
140 156 -0.8815  0.0000  0.0000
148 156 -0.7833  0.0000  0.0000
156 156 -0.3617  0.0000 11.1304
164 156  0.2917  0.0000 11.1304
172 156  0.6075  0.0000  0.0000
180 156  0.6161  0.0000 11.1304
188 156  0.4240  0.0000 11.1304
196 156  0.1695  0.0000 11.1304
204 156  1.2687  0.0000  0.0000
212 156  1.1221  0.0000  8.8276
220 156  1.2166  0.0000 11.1304
228 156  1.2871  0.0000  0.0000
236 156  1.0686  0.0000  0.0000
244 156  0.4891  0.0000  0.0000
252 156  0.3687  0.0000  0.0000
260 156  0.6382  0.0000  0.0000
268 156  0.8450  0.0000  0.0000
276 156  0.4369  0.0000  0.0000
284 156 -0.9479  0.0000 11.1304
292 156 -1.5761  0.0000  0.0000
  4 164  0.2414  0.0000 11.1304
 12 164  0.1841 -0.0418 12.3683
 20 164  0.1916  0.0000  8.0688
 28 164  0.2327  0.0000 11.1304
 36 164  0.2557  0.0000  0.0000
 44 164  0.1975  0.0000  0.0000
 52 164 -0.1765  0.0000  0.0000
 60 164 -0.5808  0.0000 16.1088
 68 164 -0.8469  0.0000  0.0000
 76 164 -0.8376  0.0000 16.1088
 84 164 -0.3722  0.0000 16.1088
 92 164  0.7460  0.0000  0.0000
100 164  1.0663  0.0000 16.1088
108 164  0.9039  0.0000  8.0000
116 164  0.5031  0.0000  0.0000
124 164  0.0008  0.0000 11.1304
132 164  0.6902  0.0000  0.0000
140 164  0.7279  0.0000 11.1304
148 164  0.9054  0.0000  0.0000
156 164  1.0216  0.0000  0.0000
164 164  0.9385  0.0000 13.0803
172 164  0.7033  0.0000 11.1304
180 164  0.6506  0.0000 11.1304
188 164  0.7796  0.0000 12.0628
196 164  0.8474  0.0000  0.0000
204 164  0.5877  0.0000  0.0000
212 164  0.0114  0.0000  0.0000
220 164 -0.0821  0.0000  0.0000
228 164  0.7035  0.0000  0.0000
236 164  0.6816  0.0000 11.1304
244 164  0.5293  0.0000 16.1088
252 164  0.3782  0.0000  0.0000
260 164  0.1924  0.0000  0.0000
268 164 -0.0557  0.0000 11.1304
276 164 -0.3221  0.0000  0.0000
284 164 -0.5650  0.0000  0.0000
292 164 -0.7780  0.0000 11.1304
  4 172 -0.8445  0.0000 16.1088
 12 172 -0.5000  0.0000  8.8276
 20 172  1.3070  0.0337 12.4709
 28 172  1.4271  0.0000  0.0000
 36 172  1.0747  0.0000  0.0000
 44 172  0.5169  0.0000  0.0000
 52 172 -0.1960 -0.5000 11.1304
 60 172 -0.2655  0.0000 16.1088
 68 172  0.0996  0.0000 10.9491
 76 172  0.4734  0.0000 17.2183
 84 172  0.7302  0.0000  0.0000
 92 172  0.7982  0.0000 16.1088
100 172  0.7442  0.0000 11.1304
108 172  0.7289  0.0000  0.0000
116 172  0.7775  0.0000 11.1304
124 172  0.7875  0.0000 12.0628
132 172  0.6504  0.0000 11.1304
140 172  0.4108  0.0000  0.0000
148 172  0.3729  0.0000  0.0000
156 172  0.6017  0.0000  0.0000
164 172  0.5669  0.0000 13.0803
172 172  0.4620  0.0000  0.0000
180 172  0.2987  0.0000  0.0000
188 172  0.0020  0.0000 12.0455
196 172 -0.4041  0.0000 11.1304
204 172 -0.4962  0.0000  0.0000
212 172 -0.4563  0.0000  0.0000
220 172 -0.4954  0.0000  0.0000
228 172 -0.4305  0.0000  0.0000
236 172  0.0085  0.0000  0.0000
244 172  0.9937  0.0000  0.0000
252 172  1.1982  0.0000  0.0000
260 172  0.9522  0.0000  0.0000
268 172  0.4767  0.0000  0.0000
276 172 -0.1224  0.0000 11.1304
284 172 -1.3482  0.0000  0.0000
292 172 -0.5975  0.0000  0.0000
  4 180  0.0306  0.0000  0.0000
 12 180  0.4612  0.0000 13.7892
 20 180  0.6412  0.0000 11.1304
 28 180  0.6686  0.0000 11.1304
 36 180  0.6618  0.0000  8.9154
 44 180  0.6661  0.0000  0.0000
 52 180  0.6581  0.0000 12.0455
 60 180  0.5965  0.0000  0.0000
 68 180  0.4681  0.0000  9.5738
 76 180  0.3541  0.0000  0.0000
 84 180  0.2827  0.0000  0.0000
 92 180  0.1872  0.0000 12.0455
100 180  0.2150  0.0000 11.1304
108 180  0.1697  0.0000  0.0000
116 180 -0.1491  0.0000  8.2581
124 180 -0.8514  0.0000  9.2850
132 180 -0.6514  0.0000 11.1304
140 180 -0.2193  0.0000  0.0000
148 180 -0.1414  0.0000  0.0000
156 180 -0.0245  0.0000  0.0000
164 180  0.3681  0.0000 13.0803
172 180  0.7065  0.0000  0.0000
180 180  0.8114  0.0000  0.0000
188 180  0.6905  0.0000  9.2850
196 180  0.3896  0.0000  0.0000
204 180  0.0000 -0.5000  8.8276
212 180 -2.2482  0.0000  0.0000
220 180 -1.1895  0.0000 12.9293
228 180 -0.3188  0.0000  0.0000
236 180  0.2701  0.0000  0.0000
244 180  0.4887  0.0000  0.0000
252 180  0.5270  0.0000  0.0000
260 180  0.5045  0.0000  0.0000
268 180  0.4781  0.0000  0.0000
276 180  0.4728  0.0000  0.0000
284 180  0.4945  0.0000  0.0000
292 180  0.4523  0.0000 17.0667
  4 188  0.2455  0.0000  0.0000
 12 188 -0.0208  0.0000  0.0000
 20 188 -0.1960  0.0000 11.1304
 28 188  0.0109  0.0000 11.1304
 36 188  0.1500  0.0000 11.1304
 44 188 -0.0391 -0.5000  9.3822
 52 188 -1.3070 -0.0337 12.4709
 60 188 -0.6964  0.0000  9.4208
 68 188  0.1215 -0.1200 17.1775
 76 188  0.0988  0.0000  0.0000
 84 188  0.1659  0.0000  0.0000
 92 188  0.6599  0.0000  0.0000
100 188  0.4070  0.0000 11.1304
108 188  0.4024  0.0000 16.6956
116 188  0.4114  0.0000 20.7059
124 188  0.2875  0.0000 10.9491
132 188  0.1203  0.0000 11.1304
140 188 -2.6378  0.0000  0.0000
148 188 -1.5000  0.0000  8.2581
156 188 -0.4831  0.0000 13.1641
164 188  0.1760  0.0000 15.0588
172 188  0.3354  0.0000  0.0000
180 188  0.3503  0.0000  0.0000
188 188  0.3057  0.0000  9.2850
196 188  0.2495  0.0000 11.1304
204 188  0.2434  0.0000 11.1304
212 188  0.3844  0.0000  0.0000
220 188  0.5000  0.0000 11.1304
228 188  0.2816  0.0000  0.0000
236 188 -0.0419  0.0000 11.1304
244 188 -0.1074  0.0000  0.0000
252 188  0.0370  0.0000  0.0000
260 188  0.1371  0.0000 16.1088
268 188 -0.0005  0.0000 11.1304
276 188 -0.5000  0.0000  8.8276
284 188 -0.3729  0.0000 11.1304
292 188 -0.0171  0.0000 11.1304
  4 196 -0.0339  0.0000  0.0000
 12 196  0.0000  0.1063  6.9728
 20 196  1.0000  0.0000  8.2581
 28 196  0.0000 -0.5000  8.8276
 36 196  0.0402  0.0000 11.1304
 44 196  0.1960  0.0000 11.1304
 52 196  0.1814  0.0000 11.1304
 60 196  0.1570  0.0278 13.9708
 68 196 -2.2835  0.0000  0.0000
 76 196 -1.2003  0.0000  0.0000
 84 196 -0.3939  0.0000 11.1304
 92 196 -0.0602  0.0000 11.1304
100 196  0.1199  0.0000  0.0000
108 196  0.1760  0.0000  0.0000
116 196  0.1326  0.0000 11.1304
124 196  0.0433  0.0000  8.8276
132 196  0.0000 -0.5000  8.9154
140 196  0.2446  0.0000  0.0000
148 196  0.5223  0.0000  5.4468
156 196  0.5392  0.0000  0.0000
164 196  0.2419  0.0000 15.5580
172 196  0.2526  0.0000  0.0000
180 196  0.2539  0.0000  0.0000
188 196  0.2289  0.0000 11.1304
196 196  0.1043  0.0000  0.0000
204 196 -0.1223  0.0000  0.0000
212 196 -0.1387  0.0000  0.0000
220 196 -0.0370  0.0000  0.0000
228 196 -0.0257  0.0000  0.0000
236 196  0.0716  0.0000  0.0000
244 196  0.4562  0.0000  0.0000
252 196  0.0000 -0.5000  8.8276
260 196 -0.0208  0.0000  0.0000
268 196  0.0591  0.0000  0.0000
276 196  0.0685  0.0000  0.0000
284 196  0.0757  0.0000  0.0000
292 196 -1.4406  0.0000  0.0000
  4 204 -0.5857  0.0000  0.0000
 12 204  0.0000 -0.5000  8.8276
 20 204 -0.1101  0.1469  7.1968
 28 204  0.0813  0.0000 17.2183
 36 204  0.1610  0.0000 11.1304
 44 204  0.0910  0.0000  0.0000
 52 204 -0.0459  0.0000 13.5576
 60 204  0.0000 -0.5000  8.8276
 68 204  0.1498  0.0000  0.0000
 76 204  0.7214  0.0000  4.0635
 84 204  1.2884  0.0000  0.0000
 92 204  1.4986  0.0000 16.1088
100 204  0.9840  0.0000 11.1304
108 204  0.5724  0.0000  0.0000
116 204  0.3586  0.0000  0.0000
124 204  0.2141  0.0000  0.0000
132 204  0.0773  0.0000  0.0000
140 204  0.0158  0.0000 16.1088
148 204  0.0066  0.0000  0.0000
156 204 -0.0042  0.0000 11.1304
164 204  0.0465  0.0000 12.0455
172 204  0.1748  0.0000  0.0000
180 204  0.0593  0.0000  0.0000
188 204  0.0700  0.0000  0.0000
196 204  0.0679  0.0000 16.1088
204 204  0.0306 -1.1731 10.3746
212 204  0.0539  0.0000  0.0000
220 204 -0.4027  0.0000  0.0000
228 204  0.1286  0.0000  0.0000
236 204  0.4516  0.0000  0.0000
244 204  0.4270  0.0000 11.1304
252 204  0.4797  0.0000 16.1088
260 204  0.4547  0.0000  0.0000
268 204  0.2211  0.0000 22.2609
276 204 -0.3547  0.0000 11.1304
284 204 -1.3070 -0.0337 12.4709
292 204 -0.4461  0.0000 16.1088
  4 212  0.6930  0.0000  0.0000
 12 212  1.7899  0.0000 11.1304
 20 212  2.5000 -0.0731  8.9510
 28 212  1.2223  0.0000 13.0803
 36 212  0.5476  0.0000  8.8276
 44 212  0.3275  0.0000  0.0000
 52 212  0.2532  0.0000 16.1088
 60 212  0.1915  0.0000  0.0000
 68 212  0.1272  0.0000  0.0000
 76 212  0.0605  0.0000 11.1304
 84 212 -0.0019  0.0000 16.1088
 92 212 -0.0197  0.0000  0.0000
100 212  0.0235  0.0000 11.1304
108 212  0.0790  0.0000  0.0000
116 212  0.1960  0.0000 11.1304
124 212  0.1797  0.0000  0.0000
132 212  0.1652  0.0000 19.1045
140 212  0.1960  0.0000 11.1304
148 212  0.7058  0.0000 11.1304
156 212  0.9738  0.0000 16.1088
164 212  1.1340  0.0000  9.2850
172 212  1.1502  0.0000  0.0000
180 212  1.1572  0.0000  0.0000
188 212  1.1023  0.0000 16.1088
196 212  0.9059  0.0000  8.2581
204 212  0.5000  0.0000 11.1304
212 212 -0.4863  0.0000  0.0000
220 212 -0.2804  0.0000  0.0000
228 212  0.5465  0.0000  0.0000
236 212  1.2950  0.0000  0.0000
244 212  1.2824  0.0000  0.0000
252 212  0.0610  0.5000  7.7665
260 212 -0.1075  0.0000 11.1304
268 212  0.0544  0.0000  9.8359
276 212  0.2269  0.0000  0.0000
284 212  0.2892  0.0000  0.0000
292 212  0.2403  0.0000  0.0000
  4 220  0.1201  0.0000 11.1304
 12 220 -0.0191  0.0000  0.0000
 20 220 -0.1197  0.0000  0.0000
 28 220 -0.1401 -0.2399 12.1506
 36 220 -0.0203  0.0000 11.1304
 44 220  0.1391  0.0000 11.1304
 52 220  0.2294  0.0000 11.1304
 60 220  0.2980  0.0000  0.0000
 68 220  0.3734  0.0000 11.1304
 76 220  1.8383  0.0000  0.0000
 84 220  1.9039  0.0000 16.1088
 92 220  1.9456  0.0000  0.0000
100 220  1.9626  0.0000 11.1304
108 220  1.9691  0.0000 16.1088
116 220  1.8988  0.0000  0.0000
124 220  1.6134  0.0000  0.0000
132 220  0.9669  0.0000  0.0000
140 220  0.0000 -0.5000  8.8276
148 220 -0.2780 -0.1270 13.3759
156 220  0.4126  0.0000 12.9600
164 220  1.0000  0.0000  9.2850
172 220  0.4782  0.0000  0.0000
180 220 -0.5676  0.0000  0.0000
188 220 -0.7568  0.0000  0.0000
196 220 -0.2945  0.0000  0.0000
204 220  0.2780  0.1270 13.3759
212 220  0.4845  0.0000 11.1304
220 220  0.4232  0.0000  0.0000
228 220  0.2056  0.0000  0.0000
236 220 -0.0549  0.0000  0.0000
244 220 -0.2522  0.0000  0.0000
252 220 -0.3000  0.0000 16.1088
260 220 -0.1598  0.0000 11.1304
268 220  0.0632  0.0000 12.0628
276 220  0.2639  0.0000 11.1304
284 220  0.4259  0.0000  0.0000
292 220  0.5693  0.0000  0.0000
