VARIABLES= "X pix", "Y pix", "U pix/dt", "V pix/dt", "CHC", ZONE I=28, J=37
  4   4 -0.1538  0.0000 10.6915
 12   4  0.0000  0.0570 11.2869
 20   4  0.0000 -0.0127 11.0049
 28   4  0.0000 -0.0127 11.0049
 36   4  0.0000  0.0690 10.4537
 44   4  0.0000  0.1790  9.7959
 52   4 -0.0535  0.0665 10.3991
 60   4  0.0000  0.0504 11.0451
 68   4  0.0000  0.0690 10.4537
 76   4 -0.7288  0.0000 10.8911
 84   4 -0.0005 -0.0040 11.4452
 92   4  0.0024  0.0322 10.5658
100   4 -0.0036 -0.0642 12.3901
108   4  0.0000 -0.0267 12.9272
116   4  0.0000 -0.0162 11.8572
124   4  0.1826  0.0000 11.1505
132   4  0.0000  0.0380 11.4350
140   4  0.1285  0.0000 11.9483
148   4  0.0000 -0.0265 11.3707
156   4 -0.1889  0.0000 11.7754
164   4 -0.0848  0.0000 11.0456
172   4  0.0000 -0.0515 11.4211
180   4 -0.0036 -0.0150 11.1229
188   4  0.0036  0.0026 11.9252
196   4  0.0368 -0.0021 10.9230
204   4  0.0406  0.0000 11.7754
212   4  0.0651  0.1147 11.0387
220   4  0.1196  0.0099 11.6596
228   4 -0.0894 -0.0559 10.7489
236   4 -0.0311 -0.0748 10.7665
244   4  0.0174 -0.0344 10.5760
252   4 -0.0395 -0.0597 10.8559
260   4 -0.0625 -0.1295 11.7437
268   4  0.0688  0.0349 13.7980
276   4  0.0000  0.1885 12.7160
284   4  0.0048  0.1482 14.6257
292   4 -0.0695 -0.0971 11.5121
  4  12 -2.9166  0.0000  0.0000
 12  12 -6.5000  0.0000 19.2000
 20  12  0.0000 -3.5000  6.5641
 28  12  2.5000  0.3851 10.3199
 36  12  0.0000  1.0000 15.5580
 44  12  0.0000  0.4032  8.2581
 52  12  0.3158 -0.1215  8.5333
 60  12  0.0000  1.9184  8.8684
 68  12  0.2233  0.3316  9.6637
 76  12 -0.1175  1.5584  8.8509
 84  12 -0.2371  1.4266  8.5561
 92  12  0.0000  0.6788  8.9704
100  12  0.0000  0.3259  8.6646
108  12 -0.0487  0.5593  8.0259
116  12 -0.1544  0.8428  8.6725
124  12  0.0000  0.8182  8.4435
132  12  0.0000  0.5363  7.7956
140  12  0.0000  0.7517  9.2433
148  12  0.0000  1.0918  9.4256
156  12  0.1289  1.3363  9.2985
164  12 -0.4279 -0.3143 11.7401
172  12  0.4595 -0.1533  8.9161
180  12  0.0640  1.1826  8.9693
188  12 -0.0352  1.2425  9.7223
196  12 -0.1126  1.1002  9.1532
204  12  0.0043  1.2798  7.7139
212  12 -0.0721  0.2660 14.0281
220  12 -0.0406  0.1123  9.2757
228  12  0.0000  1.5000  8.2581
236  12  0.0000  1.4028  9.5560
244  12 -0.1449  1.7114  9.1429
252  12  0.0104  1.4717  7.9533
260  12 -0.2259  2.0845  8.5515
268  12  0.1352  1.7066  7.7727
276  12 -0.1432  1.6993  7.6917
284  12 -0.0456  1.6841  8.8907
292  12  0.1176  1.4852  7.7495
  4  20 -0.0978  0.2364 11.6145
 12  20  0.0235 -0.0793 12.2996
 20  20  0.0790  0.0436 10.2775
 28  20  0.0240  0.1192 10.3299
 36  20  0.0780  0.0430  9.9286
 44  20  0.0776  0.0626  9.8637
 52  20  0.0000  0.0748  8.9063
 60  20  0.0000 -0.1100  9.7439
 68  20  0.0000  0.0725 10.9790
 76  20 -0.0690 -0.0244 10.0457
 84  20 -0.0881  0.1171  9.8729
 92  20 -0.0833  0.1223  8.2348
100  20  0.0574  1.3841 14.8511
108  20  0.0330  1.2331 13.6780
116  20  0.0048  0.0000  9.4168
124  20 -0.0237  0.0000  9.3139
132  20  0.0899 -6.4602  8.6027
140  20 -0.0354  0.2542  9.4550
148  20 -0.0132  0.2655 11.9306
156  20  0.0215  0.2628 11.1962
164  20  0.0721  1.0535 14.8526
172  20 -0.0055  0.8476 22.4916
180  20  0.0861  0.2421 17.8212
188  20  0.2104  0.0868 22.4638
196  20 -0.0491  0.0745 15.0017
204  20 -0.1607  0.0000 16.6763
212  20 -0.1981  0.0000 10.6490
220  20 -0.2250 -2.9928 10.3546
228  20 -0.2069  0.2543  8.4396
236  20  0.1932  0.0852 11.0547
244  20 -0.2271  0.2640 15.0980
252  20 -0.1924  0.2079 16.5161
260  20  1.9424 -4.0274 10.3500
268  20 -0.2830 -0.0505 13.0526
276  20  0.1623  0.1910 14.4335
284  20  0.1265  0.1985 11.5913
292  20  0.0748  0.5704 10.1498
  4  28  0.0459 -0.0688 12.0868
 12  28  0.1228  0.1679 12.2201
 20  28 -0.1099  0.0838 13.6434
 28  28  0.0253  0.0905 11.0186
 36  28 -0.0030  0.0870  9.8867
 44  28  0.0217  0.0800  9.8046
 52  28 -0.0164  0.1060  9.6797
 60  28  0.0280  0.0764  9.2107
 68  28 -0.0231  0.0412  9.9442
 76  28  0.0154  0.1066 10.0081
 84  28 -0.0144  0.1329  8.7851
 92  28  0.0121  0.1509  8.6572
100  28 -0.0239  0.1727 11.3476
108  28  0.1346  0.2077 10.3652
116  28 -0.0312  0.0656  7.6420
124  28 -0.0289 -0.0031  8.6491
132  28 -0.0205  0.1973  7.3076
140  28 -0.0728  0.2552  7.3401
148  28  0.1445  0.1962  8.4595
156  28  0.0248  1.4078 15.7875
164  28  0.2010  1.5169 11.3951
172  28 -0.4954  1.4528 12.5998
180  28  0.1053  0.1145 11.8146
188  28 -0.1104  0.2135  7.7999
196  28 -0.0068  0.1778  7.4144
204  28 -0.0160  0.1881  7.4928
212  28  0.0271  0.2741  7.8968
220  28 -0.0366  0.2637  7.9900
228  28  0.0593  0.2589  7.5401
236  28  0.0034  0.1823  7.4060
244  28  0.0112  0.2659  7.3867
252  28 -0.0951  0.2610  9.5070
260  28 -0.0102  0.2772 10.3174
268  28 -0.0782  0.3009 11.4043
276  28  0.0957  0.3277 13.5141
284  28  0.1230  0.2560  9.4609
292  28 -0.0388  0.2459  8.7448
  4  36  0.0376  0.0626  7.4638
 12  36  0.0341  0.0952  6.5597
 20  36  0.0711  0.1103  5.7269
 28  36 -0.0150 -0.1279  6.1812
 36  36 -0.0697 -0.1129 10.5251
 44  36  0.1644 -0.0785  8.9730
 52  36  0.1913 -0.0339  9.4164
 60  36 -0.3503 -0.0472 10.0552
 68  36 -0.0117 -0.1228 10.5758
 76  36 -0.0054 -0.0317 13.0423
 84  36  0.0451  0.2137 10.2133
 92  36  0.0000  0.3546  8.1634
100  36  0.3354  0.3578  6.7114
108  36  0.0000  1.3685  6.2126
116  36  0.1023  1.2726  6.0041
124  36  0.0411  2.0739  9.7595
132  36  0.0021  0.0000  0.0000
140  36  0.0509  0.0000  0.0000
148  36  0.0247 -0.0381  5.4748
156  36 -0.1886  1.4372 11.9205
164  36  0.1039  1.3113 12.0930
172  36 -0.0097  1.3630  9.6754
180  36  0.1150  1.2056 11.6993
188  36  0.0372  0.0720  8.8048
196  36 -0.0715 -0.1709 11.5248
204  36  0.0777 -0.1668 14.2586
212  36 -0.0063 -0.1098 13.1637
220  36 -0.1877 -0.1065 11.6496
228  36 -0.0318 -0.0253 10.8606
236  36 -0.0828  0.1111 11.1304
244  36  0.0000 -0.5000  7.3143
252  36 -0.2115 -0.2382  8.3411
260  36  0.0372  0.3093 12.3083
268  36  0.0113  0.0539 11.6917
276  36  0.0000 -0.0628 10.3625
284  36  0.2452 -0.0875  8.6824
292  36 -2.1884  0.0584 11.0335
  4  44  0.1261 -0.2725 13.6794
 12  44  0.0288  0.0453 16.8513
 20  44  0.2278 -0.0547 14.9877
 28  44 -0.0084  0.1716 10.7755
 36  44 -0.0241  0.1492  9.4656
 44  44 -0.0084  0.2094  9.2773
 52  44  0.0000  0.1004  8.5565
 60  44  0.0000  0.2697  7.3143
 68  44  0.0993 -0.3093  9.8236
 76  44  0.0307  0.0000  0.0000
 84  44 -0.1294  0.0000 11.1304
 92  44  0.0000  2.5000  8.8276
100  44  0.1960  0.0000 11.1304
108  44  0.1972  0.0000  0.0000
116  44 -0.0284  0.0000  0.0000
124  44 -0.2511  0.0000 11.1304
132  44 -0.3901  0.0000  0.0000
140  44 -0.5491  0.0000  0.0000
148  44 -0.0880  0.0486  5.4179
156  44 -0.1280  1.5981 14.4294
164  44 -0.5436 -3.3862  5.5738
172  44 -0.2680  0.3650  8.8864
180  44  0.0304  0.1169  8.9910
188  44 -0.0746 -0.0558  5.8454
196  44 -0.2247  0.0000  0.0000
204  44 -0.1826  0.0000  0.0000
212  44  0.3116  2.5537  6.0828
220  44 -0.2455 -0.0297  7.3882
228  44 -0.1645  0.1554 10.4698
236  44  0.0000 -0.0081  9.8619
244  44  0.0217  0.1063 11.1500
252  44 -0.1354  0.2239 12.1197
260  44  0.0505  0.1914 14.3865
268  44  0.3134  0.2857 12.3101
276  44  0.1206  0.0294 12.1125
284  44  0.0372  0.3093 12.3083
292  44  0.2730  0.0969 12.0577
  4  52  0.0486  0.0378  8.2857
 12  52  0.0217  0.3159  6.3886
 20  52 -0.5000 -1.5650  7.0459
 28  52  0.2907 -0.0403 10.5761
 36  52  0.2398  0.0000 20.7059
 44  52 -0.0961  0.2917  8.4628
 52  52 -0.3719  0.0000  0.0000
 60  52 -0.6886  0.0000  0.0000
 68  52 -1.3070  0.0337 12.4709
 76  52 -0.7695  0.0000  0.0000
 84  52 -0.7922  0.0000  0.0000
 92  52 -1.1282  0.0000 11.1304
100  52 -0.7705  0.0000 13.0803
108  52 -0.4057  0.0000  0.0000
116  52 -0.4864  0.0000  0.0000
124  52 -0.7115  0.0000  0.0000
132  52 -1.1515  0.0000  0.0000
140  52 -1.6882 -0.3471  6.6888
148  52  0.0252  0.3854  5.5228
156  52  0.0151  0.4127 11.7584
164  52  0.2632 -5.2356  5.8974
172  52 -0.3931 -5.1298  5.6374
180  52  0.1318  0.3732 10.9064
188  52  0.3258  0.1102  6.8029
196  52 -0.1021  0.5426  8.3611
204  52  0.1081  0.3923  9.6460
212  52  0.0000  0.4253  7.3143
220  52 -0.1374  0.8115  7.8559
228  52 -0.1648  0.3598  8.8836
236  52  0.1293 -0.1403 10.9978
244  52 -0.0255  0.2641 12.0682
252  52 -0.1747  0.0559 12.7720
260  52  0.1362 -0.1500  9.8926
268  52  0.0469  0.2816  8.8932
276  52 -0.1032  0.1895 11.7750
284  52  0.0481 -0.1228 13.3158
292  52  0.0428 -0.0789  9.5242
  4  60 -0.3799  0.0000  0.0000
 12  60 -0.8855  0.0000  0.0000
 20  60 -1.5000  0.0000  8.2581
 28  60 -0.9356  0.0000  0.0000
 36  60 -0.5000  0.3577 12.8000
 44  60 -0.5591  0.0000  0.0000
 52  60 -0.4699  0.0000  0.0000
 60  60 -0.4500  0.0000  0.0000
 68  60  0.0000 -0.5000  8.8276
 76  60  0.5000  0.0000  8.4768
 84  60 -0.1838 -0.2803  4.5397
 92  60  0.3929 -0.0106 10.7163
100  60  0.0167  0.1574 11.1498
108  60 -0.3471  0.0000  0.0000
116  60 -0.3098  0.2019 12.5081
124  60  0.0000  0.3764  7.3143
132  60 -0.1841 -0.0418 12.3683
140  60 -0.5000  0.0000  8.8276
148  60  0.0719  0.2424 10.4192
156  60  0.3047 -0.2044  8.7222
164  60 -0.2139  0.4021  8.7046
172  60 -0.0523  1.7747  7.3182
180  60 -0.3088  0.8337 10.8389
188  60  0.1063  0.0000  6.9728
196  60  0.5607  0.0000  0.0000
204  60  0.1101  0.0000  0.0000
212  60  0.1144  0.0000  0.0000
220  60  0.1256  0.0000  0.0000
228  60 -0.1031  0.0000  0.0000
236  60 -0.3127  0.1061  9.8739
244  60 -0.5944  0.0000 11.9011
252  60 -0.1841 -0.0418 12.3683
260  60  0.0272 -0.0238 11.1899
268  60 -0.0656 -0.0326 15.2216
276  60  0.1841  0.0418 12.3683
284  60  0.0000  1.6373  7.7576
292  60  0.1880  0.0741 10.1939
  4  68  1.3070  0.0337 12.4709
 12  68 -0.1425  1.8424 10.3899
 20  68  2.5000  0.0000  8.8276
 28  68  0.6469  0.0000 11.1304
 36  68 -0.5000 -0.0448  8.9013
 44  68  0.1174 -4.1710 14.6131
 52  68  0.3091  0.0000 15.7112
 60  68  0.0820  0.0000 16.1088
 68  68  0.1024  0.0000  0.0000
 76  68  0.1151  0.1151 16.5161
 84  68  0.0641  0.6101  7.8412
 92  68  0.0495  1.3141 10.0073
100  68 -0.1462  0.1420 10.2280
108  68  0.1042 -0.0400  8.2115
116  68  0.6758  0.0000 11.1304
124  68  1.3070 -0.0337 12.4709
132  68  0.0000  0.1960 11.1304
140  68 -0.0462  0.0000 11.1304
148  68 -0.0083  0.0418 11.2576
156  68 -0.0108  0.0153 14.4155
164  68  0.0410  0.0000 16.1088
172  68  0.1669  0.0000  0.0000
180  68  0.9898  0.0000 15.9357
188  68  2.5000  0.0000  8.8276
196  68  2.2781  0.0000  0.0000
204  68  1.2383  0.0000  0.0000
212  68  0.3252  0.0000  0.0000
220  68  0.3614  0.0000  0.0000
228  68  0.7403  0.0000  0.0000
236  68  0.1988  0.0000  0.0000
244  68  1.0601  0.0000  0.0000
252  68 -0.1825 -0.2174 12.5315
260  68  0.0000 -0.5000  8.8276
268  68  0.0000  0.1063  6.9728
276  68 -0.1903  0.1883  9.0353
284  68  0.0224  0.5542 14.3630
292  68  0.6907  0.2991  8.0688
  4  76  0.3107  0.0000  0.0000
 12  76 -0.1187  0.5854  8.2051
 20  76 -0.2383  0.8836  7.3143
 28  76 -0.6347  0.0000 11.1304
 36  76 -0.1915  0.0000  0.0000
 44  76  0.2757  0.1771  8.9054
 52  76  0.2210  0.3115  7.4383
 60  76 -0.1978  0.1335 17.7778
 68  76 -0.0192  0.1864 11.8154
 76  76  0.1413  1.6040  8.9646
 84  76  0.3082  0.3438 10.1744
 92  76  0.2550 -0.1159 10.6701
100  76  0.0332  0.2006  8.3173
108  76  0.0000  0.0379 10.9807
116  76  0.0000  0.1469 10.3584
124  76  2.5000  0.0000  8.8276
132  76  1.2258  0.0000  0.0000
140  76  0.0000 -0.2917 11.1304
148  76  0.2026  0.1742 10.3584
156  76  0.3006  0.0000 11.1304
164  76  0.0000  0.1960 11.1304
172  76  0.4836  0.0000  0.0000
180  76 -0.0582  0.0000  0.0000
188  76 -0.1151  0.1151 16.5161
196  76 -0.1478  0.0000 16.1088
204  76 -0.0381  0.0000  0.0000
212  76  0.0173  0.0000  0.0000
220  76  0.2406  0.0000  0.0000
228  76  0.1600  0.0000  0.0000
236  76 -0.0400  0.0000  0.0000
244  76 -0.1766  0.0000  0.0000
252  76 -1.0144  0.0000  0.0000
260  76 -0.5000  0.0000  8.8276
268  76  0.2780  0.1270 13.3759
276  76  1.7200  0.0000 11.1304
284  76  0.0000 -0.1240  6.9082
292  76 -0.0830  0.0238  9.8294
  4  84  0.2730  0.0000  0.0000
 12  84  0.6139  0.0000  0.0000
 20  84  0.5823  0.0000 12.0455
 28  84 -0.0861  1.7677  9.0173
 36  84 -0.2498  0.9013  8.7575
 44  84  0.0958 -1.1053 10.4100
 52  84  0.1888  0.2157 17.3911
 60  84  0.0791  1.0000  7.0034
 68  84  0.1241  0.0900  9.7710
 76  84 -0.2319 -0.1219 21.9192
 84  84  0.1562  2.5000  6.3281
 92  84  0.1085  0.0000 11.1304
100  84  0.7729  0.0000  0.0000
108  84  0.0449  0.2773 20.5369
116  84 -0.5348  0.3664 12.3283
124  84 -0.5000  2.0000  8.8276
132  84  0.0000  0.1960 11.1304
140  84 -0.1878  0.0000 11.1304
148  84 -0.2743 -0.0236 10.8782
156  84 -0.0261  0.0000 11.1304
164  84  0.0649  0.0000  0.0000
172  84  0.0542  0.0000 16.1088
180  84 -0.7932  0.0000  0.0000
188  84 -0.5193  0.0000  0.0000
196  84  0.3732  0.3694 10.3318
204  84  4.5000 -0.5000  4.0635
212  84  2.0115  0.0000  0.0000
220  84  0.7789  0.0000  0.0000
228  84  0.6873  0.0000  0.0000
236  84  1.1316  0.0000  0.0000
244  84  1.4595  0.0000  0.0000
252  84  0.3908  0.0000  0.0000
260  84 -0.5000  0.0000  8.8276
268  84  0.9567  0.0000  0.0000
276  84  1.6605  0.0000  0.0000
284  84 -0.1960  0.0000 11.1304
292  84 -0.3597  0.0000  0.0000
  4  92 -0.3544  0.0000  0.0000
 12  92  0.1151  0.1151 16.5161
 20  92  0.0000  2.5000  8.8276
 28  92  1.5000  0.0000  8.2581
 36  92 -0.0832 -0.3131  9.8462
 44  92  4.5000  2.5000  4.0635
 52  92 -0.8955  2.2218  8.4127
 60  92 -0.9088  0.6350  5.4468
 68  92 -0.5958 -0.0414  5.4468
 76  92 -0.3252  0.0000  0.0000
 84  92  0.0000  2.5000  8.8276
 92  92  0.2144  0.0000 16.1088
100  92  0.1841 -0.0418 12.3683
108  92 -0.0315  0.1556 13.1282
116  92 -0.3082  0.2982  9.7158
124  92 -0.8587  0.0000 11.1304
132  92 -0.0566  0.0121 15.3124
140  92  0.3421  0.0497  8.7376
148  92  0.2802  0.0000 11.1304
156  92  0.4413  0.0000 16.1088
164  92  1.1777  0.0000 11.1304
172  92  2.5000  0.0000  8.8276
180  92  1.3893  0.0000  0.0000
188  92  0.8876  0.0000 11.1304
196  92  2.5000 -0.1588 10.5785
204  92  4.5000  4.5000  4.0635
212  92  1.1465  0.0000  0.0000
220  92 -0.2090  0.0000  0.0000
228  92 -0.5000  0.0000  8.8276
236  92 -0.1871  0.0000  0.0000
244  92  0.4526  0.0000 11.1304
252  92  1.2402  0.0000  0.0000
260  92 -0.5000  4.5000  4.0635
268  92  1.8134  0.0000  0.0000
276  92 -0.2180  0.0000  0.0000
284  92 -0.6351  0.0000 11.1304
292  92 -0.5000 -0.0944  8.7605
  4 100 -0.2586  0.0435 10.9495
 12 100 -0.2307  0.0640 11.1130
 20 100  0.2353  0.4104  7.3143
 28 100  0.0000  0.6469  9.8462
 36 100  0.3610  0.3610  5.9535
 44 100  1.1116  0.0000 11.9011
 52 100 -0.3290 -2.8274  8.0000
 60 100 -0.3321 -0.1276 10.3409
 68 100  0.1552  0.2214 10.1163
 76 100 -0.1365  0.0000  0.0000
 84 100 -0.3359  0.0000  0.0000
 92 100 -0.1969  0.1094  9.7099
100 100  1.0158  0.0000 11.1304
108 100  0.7233  0.0000 11.1304
116 100  0.2329  0.0000 11.9011
124 100  0.0679  0.1787  8.8633
132 100  1.1027  0.0000  8.3912
140 100 -0.5000  0.0000  8.8276
148 100 -0.6506  0.0000  0.0000
156 100 -0.5000  0.0000  8.8276
164 100 -0.5281  0.0000 11.1304
172 100  0.8752  0.0000 11.1304
180 100  2.5000  0.0000  8.8276
188 100  0.8118  0.0000  0.0000
196 100  0.7111  0.0000  0.0000
204 100  0.0231  0.0000  0.0000
212 100 -0.1613  0.0000 11.1304
220 100 -0.2428  0.0000  0.0000
228 100 -0.1845  0.0000  0.0000
236 100 -0.2212  0.0000  0.0000
244 100 -0.1106  0.0000  0.0000
252 100 -0.3732 -0.3694 10.3318
260 100  1.2850  0.0000  0.0000
268 100  4.5000 -0.5000  4.0635
276 100  4.5000 -0.5000  4.0635
284 100  2.0893  0.0000  0.0000
292 100  0.5000 -0.5000  6.5641
  4 108 -0.2713  0.0000 16.1088
 12 108 -0.6213  0.0000 12.0628
 20 108 -0.4827  0.0000  0.0000
 28 108  0.2536 -0.0365  7.5344
 36 108  0.2201  0.3405 10.8169
 44 108  0.1972  2.7985 12.5315
 52 108 -0.5000  3.0000  8.8276
 60 108 -0.0377  2.3850 12.5315
 68 108  0.2448  1.8028  9.3746
 76 108 -0.0677  0.2414 11.7124
 84 108  0.1841 -0.0418 12.3683
 92 108 -1.1711  0.0215 11.8291
100 108  0.0933  0.0000  0.0000
108 108  1.2089  0.0000  0.0000
116 108  0.4592  0.0000  0.0000
124 108 -0.1068  0.3135 15.1963
132 108  0.0258  0.0000  0.0000
140 108  0.2645  0.0585 13.3056
148 108  0.0000  1.5000  7.8528
156 108 -0.0377  2.3850 12.5315
164 108 -0.2391  0.0000  0.0000
172 108 -0.3211  0.0000  0.0000
180 108 -0.5291  0.0000  0.0000
188 108  0.0000  5.0000 11.1304
196 108  3.5404  0.0000  0.0000
204 108  4.1123  0.0000  0.0000
212 108  2.4883  0.0000  0.0000
220 108  0.8296  0.0000  0.0000
228 108 -0.2187  0.0000  0.0000
236 108 -0.6555  0.0000  0.0000
244 108 -0.5406  0.0000  0.0000
252 108 -0.0418 -0.1521 12.6567
260 108  0.4603  0.0000  0.0000
268 108  1.5139  0.0000  0.0000
276 108  4.5000 -0.5000  4.0635
284 108  2.1627  0.2391  8.2581
292 108  1.0125  0.0000  0.0000
  4 116  0.4339  0.0000  0.0000
 12 116  0.1546  0.0660 18.6254
 20 116  0.2743  0.0236 10.8782
 28 116  0.1438  0.0000 16.1088
 36 116  0.4472  0.0000  0.0000
 44 116  0.0000 -0.5000  8.8276
 52 116 -0.2630  0.0000  0.0000
 60 116  0.0532  0.0000  0.0000
 68 116  0.2709  0.0000  0.0000
 76 116  0.2166  0.0000 16.1088
 84 116  0.1446  0.0000 16.1088
 92 116 -0.3151  0.0000  0.0000
100 116 -0.4087  0.0000 11.1304
108 116 -0.4460  0.0000  0.0000
116 116  1.3284  0.0000  0.0000
124 116  2.6004  0.0000 11.1304
132 116  2.7121  0.0000  0.0000
140 116  1.7556  0.0380 14.3918
148 116  0.6304  0.0000 11.1304
156 116 -0.2587 -0.1868 11.1614
164 116 -0.5468  0.0000  0.0000
172 116 -0.2794  0.0000  0.0000
180 116  0.1174  4.1710 14.6131
188 116  0.4841  0.0000  0.0000
196 116 -0.5000  4.5000  4.0635
204 116 -0.1399  0.0593  7.3827
212 116  0.2346  0.0000  0.0000
220 116  0.4211  0.0000  0.0000
228 116  0.9971  0.0000 16.1088
236 116  2.5000  0.0000  8.8276
244 116  1.3383  0.0000  0.0000
252 116  0.1063  0.0000  6.9728
260 116  0.1960  2.5000 11.1304
268 116 -0.2836  0.0000  0.0000
276 116 -0.5000  0.0000  8.8276
284 116  0.0000 -4.6564 12.4564
292 116  0.1035  0.0000  0.0000
  4 124  0.1675  0.0000 16.1088
 12 124  0.2907 -0.0403 10.5761
 20 124 -0.5000  0.0000  8.8276
 28 124 -0.3889  0.0000  0.0000
 36 124 -0.0989  0.0000 11.1304
 44 124  2.5000  0.0000  8.8276
 52 124  1.7972  0.0000  0.0000
 60 124  1.2891  0.0000 16.1088
 68 124  0.8535  0.0000 11.1304
 76 124  0.3659  0.0000 16.1088
 84 124 -0.2094  0.0000 17.0667
 92 124 -0.1776  0.0000  0.0000
100 124  0.6870  0.0000 11.1304
108 124  1.8885  0.0000  0.0000
116 124  3.3854  0.0000  0.0000
124 124  4.5000 -0.5000  4.0635
132 124  0.0000 -0.5000  8.8276
140 124 -0.6823  0.0000  0.0000
148 124 -0.5564  0.0000  0.0000
156 124 -0.3923  0.2744 11.5299
164 124  0.8133  0.0000  0.0000
172 124  0.8500  0.0000  0.0000
180 124  0.3195  0.0000  0.0000
188 124  0.1841 -0.0418 12.3683
196 124 -0.5000 -0.1180  9.2850
204 124 -1.0000  0.0000  9.2850
212 124 -0.5578  0.0000  0.0000
220 124 -0.4216  0.0000 11.1304
228 124 -0.4058  0.0000 16.1088
236 124 -0.1902  0.0000 16.1088
244 124 -0.3590  0.0000 11.1304
252 124 -0.1464  0.0000  0.0000
260 124  0.3732  0.3694 10.3318
268 124  1.7681  0.0000  0.0000
276 124  0.7446  0.0000  0.0000
284 124  0.0000  0.1063  6.9728
292 124  0.1724  0.0000 16.1088
  4 132  0.4385  0.2582 10.4284
 12 132  0.1174 -0.3273 18.3900
 20 132  0.4043  0.4043  8.0000
 28 132  1.5535  0.0000  0.0000
 36 132  2.4881  0.0000  0.0000
 44 132  2.5000  0.0000  8.8276
 52 132 -0.1556  0.0000 12.2969
 60 132 -1.0391  0.0000  0.0000
 68 132 -0.9707  0.0000 16.1088
 76 132 -0.5682  0.0000 20.7059
 84 132 -0.5937  0.0000 17.0667
 92 132 -0.5000  0.0000  8.8276
100 132  0.1960  0.0000 11.1304
108 132  0.1569  0.0000  0.0000
116 132  0.1062  0.0000  0.0000
124 132 -0.0613  0.0000  0.0000
132 132 -0.2849  2.5000  9.6783
140 132 -0.4113  0.0000  0.0000
148 132 -0.6030  0.0000  0.0000
156 132 -0.8170  0.0000  8.8276
164 132 -0.3986  0.0000  0.0000
172 132 -0.2278  0.0000 11.1304
180 132  0.0033  0.0000 16.1088
188 132  0.4298  0.0000 16.1088
196 132  0.6981  0.0000 11.1304
204 132  0.0119  0.0000 11.1304
212 132 -0.4044  0.0000  0.0000
220 132 -0.0446  0.0000  0.0000
228 132  0.8721  0.0000  0.0000
236 132  1.3889  0.0000  0.0000
244 132  2.3677 -0.1145 12.8207
252 132  2.5790  0.0000 11.1304
260 132  2.8557  0.0000  0.0000
268 132  2.2256  0.0000  0.0000
276 132  0.9143  0.0000  0.0000
284 132  0.0000 -0.5000  8.8276
292 132 -0.3115  0.0000 11.1304
  4 140  0.1937  0.0000 12.5685
 12 140  0.0000  0.1063  6.9728
 20 140 -0.3966  0.0000  0.0000
 28 140 -0.2566  0.0000  0.0000
 36 140 -0.1413  0.0000  0.0000
 44 140 -0.0391 -0.5000  9.3822
 52 140  0.2609 -0.1830  6.8137
 60 140  0.0789  0.0000 11.1304
 68 140 -0.0860  0.0000  0.0000
 76 140 -0.2319  0.0000  0.0000
 84 140 -0.0599  1.3230 10.6667
 92 140  0.0000  4.6564 12.4564
100 140  0.0000  4.6564 12.4564
108 140  0.0411  0.0000  0.0000
116 140  0.2216  0.0000  0.0000
124 140  0.2564  0.0000 11.1304
132 140 -0.3422  0.2102 10.6371
140 140 -0.6193  0.0000  0.0000
148 140 -0.3309 -0.0637  7.1846
156 140  1.0000  0.0000  8.2581
164 140  1.2973  0.0000 11.1304
172 140  1.6309  0.0000  0.0000
180 140  1.9898  0.0000 12.0455
188 140  2.5000  0.0000  8.8276
196 140  1.9840  0.0000  0.0000
204 140  2.8044  0.0000  0.0000
212 140  1.1382  0.0000  0.0000
220 140 -0.1551  0.0000  0.0000
228 140 -0.1622  0.0000  0.0000
236 140 -0.1402  0.0000  0.0000
244 140 -0.3862  0.0000  0.0000
252 140 -0.5000 -0.5000  4.0635
260 140 -0.3167  0.0000  0.0000
268 140 -0.1848  0.0000  0.0000
276 140 -0.0259  0.0000  0.0000
284 140 -0.0368  0.0000  0.0000
292 140  0.0000 -0.5000  8.8276
  4 148 -0.1960  2.5000 11.1304
 12 148 -0.0516  0.0000 11.1304
 20 148  0.0509  0.0000  0.0000
 28 148  0.0000  2.5000  8.8276
 36 148 -0.0979  0.0000 11.1304
 44 148 -0.1841  0.0418 12.3683
 52 148  0.7609  0.0000 16.1088
 60 148  0.0118  0.0000  0.0000
 68 148 -0.4741  0.0000  0.0000
 76 148 -0.5283  0.0000 16.1088
 84 148 -0.0196  0.0000  5.4468
 92 148  0.1841 -0.0418 12.3683
100 148  0.0000 -0.5000  8.8276
108 148  0.2058 -1.5000  4.6673
116 148  0.0019 -4.3988  5.8559
124 148  0.2813 -2.5000  4.5534
132 148  4.5000 -0.5000  4.0635
140 148  1.5372  0.0000  0.0000
148 148 -0.1960  0.0000 11.1304
156 148 -0.4025 -0.5000  7.3745
164 148  0.0000 -0.5000  8.8276
172 148  0.0000  2.0000 11.1304
180 148 -0.3228  0.0000 12.0628
188 148 -0.2357  0.0000  0.0000
196 148 -0.3417  0.0000  0.0000
204 148 -0.4637  0.0000  0.0000
212 148 -0.4847  0.0000  0.0000
220 148 -0.1961  0.0000  0.0000
228 148 -0.0178  0.0000  0.0000
236 148 -0.0908  0.0000  0.0000
244 148  0.0889  0.0000  0.0000
252 148  0.0404  0.0000  0.0000
260 148 -0.2949  0.0000  0.0000
268 148 -0.6827  0.0000  0.0000
276 148  1.5000  0.0000  8.2581
284 148  0.5444  0.0000  0.0000
292 148 -0.1858  0.0000  0.0000
  4 156 -0.7451  0.0000  0.0000
 12 156 -0.9301  0.0000  0.0000
 20 156 -0.5307  0.0000  0.0000
 28 156  0.0000 -0.5000  8.8276
 36 156  0.2448  1.8028  9.3746
 44 156  0.2503  0.0000  0.0000
 52 156  0.6386  0.0000  0.0000
 60 156  1.9262  0.0000  0.0000
 68 156  0.1313 -0.0812 16.9211
 76 156  2.5000  0.0000  8.8276
 84 156  0.0418 -0.1521 12.6567
 92 156  0.8773  0.0000  0.0000
100 156  1.5669  0.0000  0.0000
108 156  0.2264 -0.1030  4.4688
116 156  0.0141 -0.3204  6.9596
124 156 -0.5000 -0.0594  5.6889
132 156 -0.9257  0.0000  0.0000
140 156 -1.0818  0.0000 11.1304
148 156 -0.4247  0.0000  0.0000
156 156  0.1960  0.0000 11.1304
164 156 -0.1960  0.0000 11.1304
172 156  0.1931  0.0000  0.0000
180 156  0.0391  2.5000  9.3822
188 156 -0.5809  0.0000 11.1304
196 156 -1.2532  0.0000  0.0000
204 156  1.3201  0.0000  0.0000
212 156  1.0140  0.0000  0.0000
220 156  0.3209  0.0000  0.0000
228 156 -0.6725  0.0000  0.0000
236 156 -1.5823  0.0000 11.1304
244 156 -0.8501  0.0000  0.0000
252 156  0.2305  0.0000  0.0000
260 156  1.0292  0.0000  0.0000
268 156  1.4957  0.0000  0.0000
276 156  1.6981  0.0000  0.0000
284 156  1.3494  0.0000  0.0000
292 156 -0.1846  0.0000  0.0000
  4 164 -0.3696  0.2945  8.0000
 12 164  0.0608  0.0000  0.0000
 20 164  1.8123  0.0000  0.0000
 28 164  3.5889 -0.5000  5.8648
 36 164  1.2234  0.0000  0.0000
 44 164 -0.5000  4.5000  4.0635
 52 164 -0.8855  0.0000  0.0000
 60 164 -1.1727  0.0000  0.0000
 68 164 -1.5000  0.0000  8.2581
 76 164 -0.6178  0.0000 16.1088
 84 164  0.0320  0.0000  0.0000
 92 164  0.1332  0.0000  0.0000
100 164  0.5000 -0.5000  4.0635
108 164 -0.5000 -0.1588 10.5785
116 164 -1.0051  0.0000  0.0000
124 164 -1.7331  0.0000  0.0000
132 164  0.7119  0.0000  0.0000
140 164  1.6896  0.0000  0.0000
148 164  1.2829  0.0000  0.0000
156 164  0.1960  0.0000 11.1304
164 164 -1.5000  0.0000  8.2581
172 164 -0.2089  0.0000 11.1304
180 164  1.1923  0.0000  0.0000
188 164  2.3415  0.0000  0.0000
196 164  3.1870  0.0000  0.0000
204 164  3.4211  0.0000  0.0000
212 164  2.2122  0.0000  0.0000
220 164  0.6492  0.0000  0.0000
228 164  0.1434  2.5000  8.3934
236 164  0.0575  0.0000  0.0000
244 164  0.7414  0.0000  0.0000
252 164  1.1074  0.0000  0.0000
260 164  0.1876  0.0000  0.0000
268 164 -0.5957  0.0000  0.0000
276 164 -0.6624  0.0000  0.0000
284 164 -0.3705  0.0000  0.0000
292 164  0.1960  0.0000 11.1304
  4 172 -0.0412  1.5843  5.9714
 12 172  0.0000 -0.5000  8.8276
 20 172  0.0832  0.3131  9.8462
 28 172  0.7621  0.0000  0.0000
 36 172  0.0810  0.0000 11.1304
 44 172 -0.8244  0.0000  0.0000
 52 172 -1.7692  0.0000  0.0000
 60 172  0.3468 -0.5000 10.2045
 68 172  2.7083 -0.5000  6.1440
 76 172  2.4578  0.0000 17.2183
 84 172  1.9966  0.0000  0.0000
 92 172  2.0702  0.0000  0.0000
100 172  2.2051  0.0000  0.0000
108 172  2.7543  0.0000  0.0000
116 172  3.6032  0.0000  0.0000
124 172  4.5284  0.0000  0.0000
132 172  5.0000  0.0000 11.1304
140 172  2.9207  0.0000  0.0000
148 172  0.9137  0.0000  0.0000
156 172 -0.0576  0.0000  0.0000
164 172 -0.4068  0.0000 16.1088
172 172 -0.5000  0.0000 11.1304
180 172 -1.5000 -0.5000  7.4357
188 172 -1.2326  0.0000 11.1304
196 172 -0.8762  0.0000  0.0000
204 172 -0.5962  0.0000  0.0000
212 172 -0.3217  0.0000  0.0000
220 172 -0.1250  0.0000  0.0000
228 172 -0.5000  4.5000  4.0635
236 172 -0.7734  0.0000  8.0000
244 172 -0.4043  0.4043  8.0000
252 172  1.5216  0.0000  0.0000
260 172  0.8428  0.0000  0.0000
268 172 -0.5000 -0.5000  4.0635
276 172 -1.3904  0.0000  0.0000
284 172  1.9378  0.0000  0.0000
292 172  2.8213  0.0000  0.0000
  4 180  2.5378  0.0000  0.0000
 12 180  2.5028  0.0000  0.0000
 20 180  4.5000 -0.5000  4.0635
 28 180  3.6045  0.0000  0.0000
 36 180  3.4317  0.0000 16.1088
 44 180  3.7889  0.0000  0.0000
 52 180  4.2386  0.0000  0.0000
 60 180  4.1378  0.0000  0.0000
 68 180  2.3677  0.1145 12.8207
 76 180  0.3991  0.0000 11.1304
 84 180 -0.4188  0.0000  0.0000
 92 180 -0.4085  0.0000  0.0000
100 180  0.2964  0.0000  0.0000
108 180 -1.6388  0.0000  0.0000
116 180 -1.4647  0.0000  0.0000
124 180 -0.6617  0.4033  4.0635
132 180 -0.4788  0.0000  0.0000
140 180 -0.5000 -5.0000  8.8276
148 180 -0.6480  0.0000  0.0000
156 180 -1.1063  0.0000  0.0000
164 180 -1.4292  0.0000 11.1304
172 180 -0.5000  0.0000 11.1304
180 180  2.7322  5.0000  7.6040
188 180  1.2378  0.0000  0.0000
196 180 -0.5493  0.0000 11.1304
204 180 -0.7300  0.0000  0.0000
212 180  3.6854  0.0000  0.0000
220 180  3.0960  0.0000  0.0000
228 180  1.8908  0.0000  0.0000
236 180  0.0000 -0.1063  6.9728
244 180  0.3916  0.0000  8.0000
252 180  1.6609  0.0000  0.0000
260 180  2.4904  0.0000  0.0000
268 180  2.9081  0.0000  0.0000
276 180  3.1120  0.0000  0.0000
284 180  3.1354  0.0000  0.0000
292 180  2.5000  0.0000  8.8276
  4 188  0.0000  2.5000  8.8276
 12 188 -0.4419  0.0000  0.0000
 20 188 -0.1313  0.0812 16.9211
 28 188  2.5000  0.0000  8.8276
 36 188 -1.5000  0.0000  8.2581
 44 188 -1.1230  0.0000  0.0000
 52 188 -0.0083  0.0418 11.2576
 60 188 -0.2890 -1.3662  8.5018
 68 188 -0.5653  0.0000 16.1088
 76 188 -0.7839  0.0000  0.0000
 84 188 -1.1143  0.0000  0.0000
 92 188 -1.5000  2.5000  7.4357
100 188 -0.5000  5.0000  8.8276
108 188  0.0000  5.0000 11.1304
116 188 -0.0794  0.0000  0.0000
124 188 -1.5000  0.0000  9.9740
132 188  0.0000 -0.5000  8.8276
140 188  4.7957  0.0000  0.0000
148 188  3.9610  0.0000  0.0000
156 188  3.3041  0.0000  0.0000
164 188  1.9759  0.0000 11.1304
172 188 -0.6907  0.2991  8.0688
180 188  0.7954  0.0000  0.0000
188 188  1.7867  0.0000 11.1304
196 188  1.8195  0.0000 11.1304
204 188  1.4858  0.0000  0.0000
212 188  1.4461  0.0000  0.0000
220 188  1.4404  0.0000  0.0000
228 188  0.6976  0.0000  0.0000
236 188  0.7466  0.0000 11.1304
244 188  1.0663  0.0000  0.0000
252 188  1.9132  0.0000  0.0000
260 188  0.1024  0.0000 11.1304
268 188 -0.1909  0.0000  0.0000
276 188 -0.1740  0.0000 11.1304
284 188 -0.4811  0.0000 11.1304
292 188 -0.6081  0.0000  0.0000
  4 196 -0.4473  0.0000  0.0000
 12 196  0.0000 -0.5000  8.8276
 20 196  0.5000  0.0000  8.8276
 28 196  0.2998  0.0000  0.0000
 36 196  0.4487  0.0000 11.1304
 44 196  0.9204  0.0000  0.0000
 52 196 -0.6260  0.0000 10.9491
 60 196 -0.1171  2.5000 11.8154
 68 196  4.5000 -0.5000  4.0635
 76 196  4.1777  0.0000  0.0000
 84 196  4.6295  0.0000  0.0000
 92 196  5.0000 -0.1876  8.5995
100 196 -0.5000  0.0000  8.8276
108 196  1.8687  0.0000 11.1304
116 196  2.2159  0.0000  0.0000
124 196  1.2400  0.0000 17.0667
132 196  0.0000  2.5000  8.8276
140 196 -0.1142  0.1142 10.6035
148 196  0.6379  0.0000  0.0000
156 196  1.2447  0.0000  0.0000
164 196  1.9578  0.0000 11.1304
172 196  1.8231  0.0000 12.0628
180 196  1.6847  0.0000  0.0000
188 196  1.1322  0.0000  0.0000
196 196  0.9154  0.0000 11.1304
204 196  0.0000  2.5000  8.8276
212 196 -0.5617  0.0000  0.0000
220 196 -0.5883  0.0000 11.1304
228 196 -0.1772  0.0000  0.0000
236 196  0.7778  0.0000  0.0000
244 196  0.5514  0.0000  0.0000
252 196  0.1573  0.0000  0.0000
260 196  0.5594  0.0000  0.0000
268 196  2.5000  0.0000  8.8276
276 196  0.0000  2.1960 11.1304
284 196  1.1678  0.0000 11.1304
292 196  2.5000  0.0000  8.8276
  4 204  2.5228  0.0000  0.0000
 12 204  2.3851  0.0000 11.1304
 20 204  1.3070 -0.0337 12.4709
 28 204  0.4043 -0.4043  8.0000
 36 204  4.5000 -0.5000  4.0635
 44 204  3.2547  0.0000 11.1304
 52 204  1.3070  0.0337 12.4709
 60 204 -0.5000  4.5000  4.0635
 68 204 -0.4975  0.0000  0.0000
 76 204  0.3132  0.0000  0.0000
 84 204  1.2821  0.0000  0.0000
 92 204  2.5000  0.0000  8.8276
100 204  1.6928  0.0000  0.0000
108 204  1.0632  0.0000  0.0000
116 204  1.5815  0.0000  0.0000
124 204  2.3677 -0.1145 12.8207
132 204  1.3222  0.0000  0.0000
140 204  0.0000  2.5000  8.8276
148 204 -0.1947  0.0000  0.0000
156 204  0.0000 -0.5000  8.8276
164 204  1.5000  0.0000  8.2581
172 204  0.0698 -0.2911 10.5124
180 204 -0.7890  0.0000  0.0000
188 204 -1.5000 -0.0850  6.5641
196 204  0.0000 -0.5000  8.8276
204 204  0.8793  0.0000  0.0000
212 204  3.9741  0.0000  0.0000
220 204 -0.0309  0.0000  0.0000
228 204  0.7600  0.0000  0.0000
236 204  0.9207  0.0000  0.0000
244 204 -0.0255  0.0000  0.0000
252 204 -0.0742  0.0000  0.0000
260 204  1.3070  0.0337 12.4709
268 204  2.0474  0.0000  0.0000
276 204  1.2230  0.0000  0.0000
284 204  0.0513  0.0000  0.0000
292 204 -0.2475  0.0000  0.0000
  4 212  0.0000 -5.0000 11.1304
 12 212  0.0000 -0.5000  8.8276
 20 212  0.0000 -0.5000  8.9154
 28 212  0.0601  0.0000 10.4684
 36 212 -0.5000  4.5000  4.0635
 44 212  0.9982  0.0000  0.0000
 52 212  2.5000  0.0000  8.8276
 60 212  2.5000  0.0000  8.8276
 68 212  1.5384  0.0000  0.0000
 76 212  1.0752  0.0000  0.0000
 84 212  0.8830  0.0000  0.0000
 92 212  0.7370  0.0000  8.4768
100 212  0.1073  0.0000  0.0000
108 212  0.0119  0.0000  0.0000
116 212  0.2460  0.0000 11.1304
124 212  0.5687  0.0000  0.0000
132 212  1.2487  0.0000  0.0000
140 212  4.5000 -0.5000  4.0635
148 212 -2.7035  0.0000  0.0000
156 212 -0.1874  0.0000 11.1304
164 212  1.3046  0.0000 11.1304
172 212 -0.1960  0.0000 11.1304
180 212  0.4575  0.0000  0.0000
188 212  2.5000 -0.5000  4.0635
196 212  2.5000  0.0000  8.8276
204 212  1.7622  0.0000  0.0000
212 212  0.7694  0.0000  0.0000
220 212  0.1468  0.0000  0.0000
228 212 -0.0889  0.0000  0.0000
236 212 -0.2642  0.0000  0.0000
244 212 -0.4919  0.0000  0.0000
252 212 -0.5000 -0.5000  4.0635
260 212 -0.4002  0.0000 16.1088
268 212  0.5432  0.0000  0.0000
276 212  1.6397  0.0000  0.0000
284 212  2.5000  0.0000  8.8276
292 212  2.4592  0.0000  0.0000
  4 220  2.2110  0.0000  0.0000
 12 220  1.6869  1.0000  7.0718
 20 220  0.0000  0.4276 10.4490
 28 220 -0.0067  0.0000  9.8462
 36 220  0.9644  0.0000  0.0000
 44 220  2.5000  0.0000  8.8276
 52 220  1.3676  0.0000  0.0000
 60 220 -0.5000 -2.7620  9.9740
 68 220 -2.7620  2.5000  9.9740
 76 220 -5.3135  0.0000  0.0000
 84 220  0.1562 -0.2821  7.0932
 92 220  5.5633 -0.1287 11.8211
100 220  0.0000 -0.5000  8.8276
108 220 -0.0592  0.0000  0.0000
116 220  2.1368  0.0000  0.0000
124 220  2.9985  0.0000  0.0000
132 220  2.5352  0.0000  0.0000
140 220  1.4480  0.0000  0.0000
148 220  0.4593  0.0000  0.0000
156 220 -0.0391 -0.5000  9.3822
164 220  0.0391 -2.5000  9.3822
172 220 -0.3601  0.0000 11.1304
180 220 -0.3782  0.0000  0.0000
188 220  0.0000  2.5000  8.8276
196 220  0.0000  2.5000  8.8276
204 220  0.0000 -0.5000  8.8276
212 220  1.7678  0.0000  0.0000
220 220  3.0075  0.0000  0.0000
228 220  3.0566  0.0000  0.0000
236 220  1.8323  0.0000  0.0000
244 220 -0.1820  0.0000  0.0000
252 220 -0.6818  0.0000  0.0000
260 220  0.4025 -0.5000  7.3745
268 220  2.7234  0.0000  0.0000
276 220  1.7538  0.0000  0.0000
284 220 -2.3351  0.0000  0.0000
292 220 -8.2240  0.0000  0.0000
