VARIABLES= "X pix", "Y pix", "U pix/dt", "V pix/dt", "CHC", ZONE I=28, J=37
  4   4 -0.1162  0.0000 10.9708
 12   4 -0.2661  0.0000 10.9708
 20   4 -0.2620  0.0000 10.9708
 28   4 -0.1559  0.0000 10.9708
 36   4 -0.0437  0.0128 10.9762
 44   4  0.0000  0.0145 11.0935
 52   4 -0.0126  0.0000 11.0456
 60   4 -0.0682  0.0000 11.1505
 68   4 -0.0724  0.0000 11.0456
 76   4  0.0000 -0.0405 11.2747
 84   4  0.0033 -0.0054 10.9113
 92   4  0.1436  0.0000 10.9708
100   4 -0.0084  0.0539 12.4573
108   4 -0.4965  0.0000 11.9577
116   4 -0.3661  0.0000 11.0456
124   4 -0.1381  0.0000 11.1505
132   4  0.0000 -0.0162 11.8572
140   4 -0.1588  0.0000 11.9483
148   4  0.0000 -0.0279 11.9606
156   4  0.3441  0.0000 11.9483
164   4  0.2466  0.0000 11.1505
172   4  0.1243  0.0000 11.9577
180   4 -0.0936  0.0000 10.9371
188   4 -0.0090  0.0002 11.9441
196   4 -0.0104  0.0556 11.2918
204   4  0.0027 -0.0641 11.3790
212   4 -0.0429  0.0005 11.9681
220   4  0.0171  0.0556 12.3476
228   4  0.0189  0.0369 10.5977
236   4 -0.1198  0.0030 10.8087
244   4 -0.1273  0.0000 10.3707
252   4 -0.0839  0.0125 11.0396
260   4 -0.0448  0.0195 10.7880
268   4  0.0124 -0.0993 12.6809
276   4  0.0123 -0.0518 11.5932
284   4 -0.0035 -0.0687 13.9045
292   4 -0.0514  0.1190 11.8014
  4  12  0.0698  0.2447 10.4303
 12  12  0.3752 -0.0901 11.9070
 20  12  0.2283  0.0000  0.0000
 28  12  0.1055  0.2468  9.1429
 36  12 -0.5000 -0.0802  5.5569
 44  12 -0.1332  0.5523  5.5128
 52  12  0.0000 -0.0201 14.7618
 60  12  0.1714  0.4486 12.3139
 68  12 -0.2285  0.0254 13.5929
 76  12 -0.0882  1.1060 10.1279
 84  12  0.3550  0.4190  7.6462
 92  12  0.0325  0.4842  8.6289
100  12  0.0879 -0.0340  8.0000
108  12 -0.2176  0.2900  7.5794
116  12 -0.0783  0.1730  8.4547
124  12  0.0000  0.1550  8.3592
132  12  0.0000  0.1550  8.3592
140  12 -0.0349  0.0000  9.0353
148  12  0.0000  0.1730  8.2244
156  12  0.0000  0.0695  7.7718
164  12  0.1013  0.0313  9.6762
172  12  0.0000  0.0337  7.9216
180  12 -0.0287  0.0000  7.5779
188  12 -0.0371  0.1189  8.2668
196  12  0.1208  0.1288  9.4953
204  12 -0.0283  0.3150  9.2169
212  12  0.1627  0.6152 11.9044
220  12 -0.0288  0.0440  9.4535
228  12  0.0000  0.2707  8.2581
236  12 -0.1075  0.6164 10.4253
244  12 -0.0963  0.3754  8.3461
252  12 -0.0199  0.3487  9.1816
260  12  0.0000  0.4551 10.4176
268  12  0.0000  0.3418  8.4951
276  12  0.1191  0.1331  8.5261
284  12  0.1150 -0.0973  8.0558
292  12 -0.0918 -0.1664  7.5782
  4  20 -0.0623 -0.0312 11.2796
 12  20  0.0876 -0.0678 11.8583
 20  20 -0.0717 -0.0662 11.6616
 28  20 -0.0563 -0.1820 10.6047
 36  20  0.0000 -0.0710  9.7360
 44  20  0.0651  0.0416  9.9050
 52  20  0.0000 -0.0952  8.5206
 60  20  0.0596 -0.0724 10.0359
 68  20 -0.0397 -0.0912 11.7055
 76  20  0.0000  0.0202 10.7999
 84  20  0.0361 -0.0971 10.0716
 92  20  0.0000 -0.0578  8.2773
100  20  0.0440  0.3153 15.1524
108  20  0.0240  0.1469 12.4974
116  20  0.0011  0.0453 13.6731
124  20  0.0122 -0.0033 13.8912
132  20 -0.0089  0.0484 13.4509
140  20  0.0370  0.0489 12.8846
148  20 -0.0025  0.0387 13.3617
156  20 -0.0245  0.0580 12.9954
164  20 -0.0546  0.4089 11.7256
172  20  0.0009  0.3007 20.0415
180  20 -0.0037  0.0764 15.6528
188  20  0.0114  0.1520 18.0729
196  20 -0.0023 -0.0290 19.0615
204  20  0.0087 -0.1135 23.7068
212  20 -0.1610  0.0478 19.8522
220  20 -0.2398  0.3698  8.0053
228  20  0.3381  2.9277  6.1420
236  20 -0.0964  0.0966 11.9474
244  20 -0.0736  0.1272 12.5418
252  20  0.2062  0.0000  9.3447
260  20  0.5000  0.0830  7.2529
268  20 -0.9261  0.0654 10.0544
276  20  0.0669  0.0672 17.2482
284  20  0.0000  0.0168 17.4421
292  20  0.0176  0.0347 13.0844
  4  28 -0.0502 -0.0209 10.4397
 12  28  0.1258  0.1898 11.0814
 20  28 -0.1191  0.0945 12.8291
 28  28  0.0093 -0.0226 10.8586
 36  28 -0.0142  0.0079 10.4378
 44  28  0.0215  0.0287 10.3036
 52  28  0.0085  0.0344 10.5500
 60  28 -0.0001  0.0233  9.7940
 68  28 -0.0362  0.0064 10.3988
 76  28 -0.0087  0.0572 10.5742
 84  28 -0.0082  0.0335  9.4045
 92  28  0.0133  0.0532  9.3773
100  28  0.0395  0.0466 12.7057
108  28  0.0605  0.0876 12.2441
116  28 -0.0162  0.0707  8.3551
124  28 -0.0258  0.0248  9.0724
132  28 -0.0158  0.0614  8.3506
140  28  0.0091  0.0697  8.5525
148  28 -0.0312  0.0613  9.1250
156  28 -0.0279  0.3305 17.8784
164  28 -0.1214  0.1347 16.0996
172  28 -0.1188  0.5271 14.8740
180  28  0.0114  0.0737 12.7682
188  28 -0.0139  0.0771  9.4292
196  28 -0.0185  0.1154  8.4497
204  28  0.0009  0.0840  8.8145
212  28  0.0079  0.0424  9.5995
220  28 -0.0240  0.0442  9.3888
228  28 -0.0028  0.0804  8.9101
236  28 -0.0139  0.0775  8.7143
244  28 -0.0121  0.0727  8.9756
252  28 -0.0226  0.0502 11.7362
260  28  0.0097  0.0961 14.1347
268  28 -0.0029  0.0371 15.5095
276  28 -0.0008  0.0052 18.9736
284  28  0.0385  0.0520 12.0954
292  28  0.0017  0.0550 10.9277
  4  36 -0.0201  0.1460  7.5226
 12  36  0.0212  0.0543  7.0618
 20  36 -0.0010  0.0214  6.4269
 28  36 -0.0288  0.0716  6.3419
 36  36 -0.1765 -0.1679  6.3845
 44  36 -0.0474  0.6606  8.4909
 52  36  0.3936 -0.4050  9.8171
 60  36  0.0000  0.0548 10.9194
 68  36 -0.0864 -0.0963 10.6325
 76  36  0.0262 -0.0833 10.7133
 84  36  0.0000  0.0572 11.1304
 92  36  0.0000  0.0500  8.9968
100  36  0.0671 -0.0144  8.1692
108  36  0.2707 -0.0094  7.0542
116  36 -0.1590  0.0425  6.9404
124  36  0.0456  0.3361  7.7449
132  36 -0.0707  0.0000  0.0000
140  36 -0.2414  0.0000 11.1304
148  36 -0.0969  0.0148  5.5553
156  36  0.0746  0.6271 12.7960
164  36  0.0523  0.2290 13.5720
172  36 -0.1086  0.4062  9.6258
180  36  0.0323  0.2769 13.3782
188  36 -0.0492 -0.0033  7.8652
196  36 -0.0041  0.0145 11.8126
204  36 -0.1006 -0.0533 13.4519
212  36  0.0467  0.1382 11.1252
220  36  0.1348 -0.0333 11.3522
228  36  0.0318  0.0253 10.8606
236  36  0.0774 -0.1023 10.6213
244  36 -0.2062 -0.0636  8.5090
252  36 -0.2098 -0.2618  8.0842
260  36  0.1696  0.2339 11.4395
268  36  0.1610  0.0362 11.0199
276  36 -0.0237 -0.1193 10.0860
284  36  0.0150 -0.0098  8.2789
292  36  0.1344  0.0779 10.1456
  4  44 -0.0557 -0.0193 15.2661
 12  44 -0.0313  0.0000 17.6152
 20  44  0.0337 -0.0119 14.1508
 28  44 -0.1714  0.2044 12.5286
 36  44 -0.0023  0.0883 10.9298
 44  44  0.0433  0.1576  9.8203
 52  44  0.0000  0.0000  9.0597
 60  44  0.0159  0.0000  8.7453
 68  44  0.0417 -0.1104  6.4366
 76  44  0.4248  0.4538  9.0141
 84  44  0.0000  0.5000  8.0688
 92  44  0.2611  0.0000 11.1304
100  44  0.1825  0.2174 12.5315
108  44 -0.1283  0.0000  0.0000
116  44 -0.3494  0.0000  0.0000
124  44 -0.3732 -0.3694 10.3318
132  44  0.9254  0.0000  0.0000
140  44  2.5000  4.5000  4.0635
148  44 -0.0512  0.0224  5.7431
156  44 -0.0038  0.4432 12.7666
164  44  0.0988  0.2632 12.5654
172  44 -0.0328  0.1777 15.5653
180  44  0.0144  0.2370 14.1790
188  44 -0.0018 -0.0213  6.1781
196  44 -0.5000 -0.4577  7.3143
204  44  0.2281  0.0169  6.5818
212  44  0.1973  0.5672  7.5371
220  44 -0.1941 -0.1718  7.6058
228  44  0.0765  0.1528 11.0792
236  44 -0.0040 -0.0091 10.5323
244  44  0.0918 -0.0051 12.5784
252  44  0.1255 -0.0262 14.8481
260  44 -0.1150 -0.1890 14.1964
268  44 -0.1361 -0.0600 13.3965
276  44  0.1770  0.3015 11.7124
284  44  0.1093  0.0000 17.6152
292  44 -0.1823  0.1865 11.2081
  4  52 -0.0066 -0.0984  8.0095
 12  52 -0.0234  1.5614  6.7451
 20  52  0.1332  0.8974  7.1442
 28  52 -0.2907  0.0403 10.5761
 36  52 -0.4560  0.0000  0.0000
 44  52 -0.3306  0.0000  0.0000
 52  52 -0.2363  0.0000  0.0000
 60  52  0.4637  0.0000  0.0000
 68  52  1.1973  0.0000  0.0000
 76  52  0.1960  0.0000 11.1304
 84  52  0.0516  0.0000  0.0000
 92  52  0.0889  0.0000 11.1304
100  52 -0.0004  0.0000 12.0628
108  52  0.0641  0.0000  0.0000
116  52  0.9353  0.0000  0.0000
124  52  2.5852  0.0000  0.0000
132  52  4.5000  4.5000  4.0635
140  52  0.3895  2.7420  5.8662
148  52 -0.0141  0.1395  7.6223
156  52 -0.0617  0.2677 21.8659
164  52  0.0947  0.2817  7.9817
172  52 -0.0805  0.2085  8.2469
180  52  0.0803  0.1624 18.2302
188  52 -0.0064 -0.0440  6.8100
196  52 -0.2054  0.2694 10.5623
204  52 -0.1988 -0.1623 12.4348
212  52  0.2574 -0.3774  7.9114
220  52 -0.0075 -0.0473  8.7008
228  52  0.0315 -0.0093 10.4336
236  52 -0.1071  0.0476 12.8966
244  52  0.1854 -0.1405 12.1260
252  52 -0.1571 -0.0642 12.6458
260  52 -0.4656  0.0742  8.7273
268  52  0.1480 -0.0203 10.0819
276  52 -0.0031 -0.2059 11.7284
284  52 -0.1937 -0.0245 14.8614
292  52 -0.0359 -0.0061 10.5490
  4  60 -0.0944  0.0000  0.0000
 12  60  0.0173  0.0439  5.4468
 20  60  0.1306  0.0000  0.0000
 28  60 -0.0145  0.0000  0.0000
 36  60 -0.3321 -0.1276 10.3409
 44  60  0.7796  0.0000  0.0000
 52  60  2.8056  0.0000  0.0000
 60  60  2.5480  0.0000  0.0000
 68  60  0.6959  0.0000  0.0000
 76  60 -0.1780  0.0000 16.1088
 84  60 -0.6151  0.0000 17.2183
 92  60 -0.1758  0.0151 15.5372
100  60 -0.1541 -0.0925 12.0000
108  60 -0.1865 -1.8224  6.5641
116  60 -2.5000 -0.0256 10.2496
124  60  0.0000 -0.3764  7.3143
132  60  0.1968  0.0852  9.8302
140  60  0.5000  0.0000  8.4768
148  60  0.2512 -0.2830  8.4958
156  60 -0.0509  0.0975  6.4693
164  60  0.0246  0.5194  6.8716
172  60 -0.0511 -0.5384  8.3549
180  60 -0.2733  0.2086  8.8734
188  60 -0.1793  0.2225  6.2325
196  60  1.2794  0.0000  0.0000
204  60  0.9825  0.0000  0.0000
212  60  0.3264  0.0000  0.0000
220  60  0.0090  0.0000  0.0000
228  60 -0.1556  0.0000  0.0000
236  60 -0.0417  0.1134  7.3143
244  60  0.1962 -0.2034  9.4113
252  60  0.2497  0.0494 11.3219
260  60 -0.2688  0.0000  8.8798
268  60  0.0656  0.0326 15.2216
276  60  2.5000  0.1180  9.2850
284  60 -0.1802  0.1949  7.7576
292  60  0.1769 -0.2341  8.9680
  4  68 -0.3127 -0.1061  9.8739
 12  68 -0.5000  0.1180  9.2850
 20  68  2.5000  0.0000  8.8276
 28  68  2.0547  0.0000 11.1304
 36  68  2.5000  0.0000  8.8276
 44  68 -0.0553  0.0000  0.0000
 52  68  0.0779  0.0000 20.7059
 60  68  0.1958  0.0000  0.0000
 68  68  0.1673  0.0000  0.0000
 76  68 -0.0192  0.0000 11.1304
 84  68 -0.1727  0.1168 10.6480
 92  68 -0.1036  0.8443 10.0625
100  68 -0.0131  0.1417 20.7010
108  68 -0.3640  0.0000 16.1088
116  68 -0.0382  0.1028 16.6166
124  68  2.5000  0.1180  9.2850
132  68  1.6363  0.0000 11.1304
140  68  0.6854  0.0000 11.1304
148  68  0.1981 -0.0669 12.1966
156  68 -0.2569  0.0000 11.9011
164  68 -0.5734  0.0000 16.1088
172  68 -0.5000  0.0000  8.8276
180  68 -0.2521  0.2877 10.4857
188  68 -0.4073  0.0000  0.0000
196  68 -0.0893  0.0000  0.0000
204  68  0.6859  0.0000  0.0000
212  68 -0.5238  0.0000  0.0000
220  68 -0.8000  0.0000  0.0000
228  68 -0.5959  0.0000  0.0000
236  68 -0.1758  0.0000  0.0000
244  68  0.6385  0.0000  0.0000
252  68  0.2965 -0.2632 10.8887
260  68  1.4513  0.0000  0.0000
268  68  0.3290 -0.3969  8.8276
276  68 -0.0403  0.0258  6.7368
284  68  0.0924  0.0452 18.6596
292  68 -0.3026  0.0000  0.0000
  4  76 -0.4107  0.0000  0.0000
 12  76  0.0000  2.5000 11.1304
 20  76  0.2380  0.0000 11.1304
 28  76 -0.2831  0.0000  0.0000
 36  76 -0.5194  0.0000 16.1088
 44  76 -0.5087  0.0000 15.6775
 52  76  0.0413 -0.0252  8.4502
 60  76  0.3880  0.0000 11.1304
 68  76  0.1597  0.0728 12.0580
 76  76  0.0637  0.1915 10.2173
 84  76  0.1099 -0.0011 12.3384
 92  76 -0.4414  0.0606 12.6478
100  76  0.0577 -0.1345 12.6400
108  76  0.2855 -0.1732 10.8782
116  76 -0.3321  0.1276 10.3409
124  76 -0.1034  0.0000  8.0688
132  76 -0.1996  0.0000  0.0000
140  76 -0.5000  0.0000 11.1304
148  76 -1.3070 -0.0337 12.4709
156  76 -0.7466  0.0000 11.1304
164  76 -0.3321  0.1276 10.3409
172  76 -1.7406  0.0000  0.0000
180  76 -2.7729  0.0000  0.0000
188  76  0.3076  0.1981 12.4931
196  76 -0.3309 -0.0637  7.1846
204  76  0.5440  0.0000  0.0000
212  76  0.3183  0.0000  0.0000
220  76 -0.7756  0.0000  0.0000
228  76 -1.3129  0.0000  0.0000
236  76 -1.2847  0.0000  0.0000
244  76  0.1422  0.0000  0.0000
252  76 -0.2979  0.0000  0.0000
260  76 -0.4159  0.0000 16.1088
268  76 -0.3636  0.0000 16.1088
276  76  0.0000 -2.0000 11.1304
284  76 -0.0479  2.1052 10.6667
292  76 -0.0810  0.3941  6.4690
  4  84  0.0000 -0.2917 11.1304
 12  84  2.5000  0.1588 10.5785
 20  84  1.1680  0.2220  7.5779
 28  84 -0.3772 -0.0601 11.4447
 36  84  0.3076  0.1654 10.9155
 44  84 -0.2414  0.0000 11.1304
 52  84  0.3107  0.1571  8.9619
 60  84 -0.3827  0.6171  9.3400
 68  84 -0.0824  0.2461  8.5976
 76  84  0.2744  0.0125 15.0174
 84  84 -0.3747  0.1090  6.2672
 92  84 -1.0817  0.0000 11.1304
100  84 -3.3081  0.0000  0.0000
108  84 -5.8049 -2.4077 15.0063
116  84  0.2359 -0.0146 15.1608
124  84  2.5000  0.0000  8.8276
132  84  2.5000 -0.1180  9.2850
140  84  1.5000 -0.9685  8.2259
148  84 -0.1841  0.0418 12.3683
156  84 -1.3140  0.0000 11.1304
164  84 -2.3677  0.1145 12.8207
172  84  0.3321 -1.8455  9.5841
180  84  0.0000 -0.5000  7.8528
188  84 -0.2256  0.0000  0.0000
196  84 -0.2311  0.0000  0.0000
204  84 -0.1304  0.0000  0.0000
212  84 -0.1911  0.0000  0.0000
220  84 -0.6377  0.0000  0.0000
228  84  0.0803  0.0000  0.0000
236  84  1.5564  0.0000  0.0000
244  84  0.9320  0.0000  0.0000
252  84 -0.0359  0.0000  0.0000
260  84 -0.0139  0.0000  0.0000
268  84 -0.1960  0.0000 11.1304
276  84  0.4242  0.0000  0.0000
284  84  1.5000  0.0000  8.2581
292  84 -0.0986  0.2568  5.9535
  4  92  0.1995  0.0000  0.0000
 12  92  0.1739  0.0000 16.1088
 20  92  0.2176  0.0000 16.1088
 28  92  0.0857  0.0000  0.0000
 36  92  0.5000  0.0000  8.4768
 44  92  0.0000  1.5000  7.3143
 52  92  0.0199  0.1338  8.3117
 60  92  0.2435  0.0251 15.8255
 68  92  2.0220  0.0000  0.0000
 76  92  4.5000 -0.1174 13.8795
 84  92  1.2459  0.0000  0.0000
 92  92 -0.6394  0.0000 11.1304
100  92 -0.0697  0.0000 12.0628
108  92  0.4109  0.1339  6.0805
116  92 -0.0326  0.0656 15.2216
124  92  0.0795  0.0000  0.0000
132  92  0.1151  0.1151 16.5161
140  92  0.3139 -0.3242  9.2632
148  92 -0.5000  0.0000  8.8276
156  92  0.3005  0.0000 11.1304
164  92  0.8416  0.0000  0.0000
172  92  0.2403  0.0000  0.0000
180  92 -0.0977  0.0000  0.0000
188  92 -0.2130  0.0000  0.0000
196  92 -0.5435  0.0000  0.0000
204  92 -0.5000  5.0000  8.8276
212  92  0.6365  0.0000  0.0000
220  92  0.2087  0.0000  0.0000
228  92  0.3307  0.0000 11.1304
236  92  0.5858  0.0000 11.1304
244  92  1.4171  0.0000  0.0000
252  92  2.1053  0.0000  0.0000
260  92  1.6767  0.0000  0.0000
268  92  0.0000  2.5000  8.8276
276  92 -0.3046  0.0000  0.0000
284  92  0.0000  2.5000  8.8276
292  92 -0.1867 -1.5000  6.4178
  4 100  0.0000  1.7251  8.5018
 12 100  0.3076 -0.1981 12.4931
 20 100 -0.0537  0.0000  0.0000
 28 100 -0.0538  1.6346 12.4411
 36 100 -0.2656  0.0000 17.0667
 44 100 -0.0446  0.3953  9.2966
 52 100  0.8661  0.0000  0.0000
 60 100  1.0106  0.0000 11.1304
 68 100  0.5000 -3.8895  6.1277
 76 100  4.5000 -0.2391  8.2581
 84 100  1.8225  0.0000  0.0000
 92 100  0.8488  0.0000 11.1304
100 100 -0.5668  0.0000 11.1304
108 100 -0.1614  0.0000  0.0000
116 100  0.0585 -0.2413 13.6170
124 100  0.1326  0.0000 10.6209
132 100  1.7124 -0.1464  7.6491
140 100  0.8478  0.0000 16.1088
148 100  0.3708  0.0000 11.1304
156 100  0.3688  0.0000 16.1088
164 100  0.4254  0.0000  0.0000
172 100  2.0249  0.0000  0.0000
180 100  3.5564  0.0000  0.0000
188 100  2.2594  0.0000  0.0000
196 100  0.4203  0.0000  0.0000
204 100 -0.0143  0.0000  0.0000
212 100  0.4194  0.0000  0.0000
220 100  1.7979  0.0000 11.1304
228 100  4.5000 -0.5000  4.0635
236 100  2.4870  0.0000  0.0000
244 100  0.9848  0.0000 11.1304
252 100  0.0768 -0.3757  7.7186
260 100  0.0000  0.1469 10.3584
268 100  2.5000 -0.2271  9.5143
276 100  2.5704  0.0000  0.0000
284 100  2.5000  0.0000  8.8276
292 100  0.2741  0.0000 11.1304
  4 108 -0.5000  4.5000  4.0635
 12 108 -1.1438  0.1230  9.7143
 20 108  0.2973  2.4175  6.2779
 28 108 -1.6051  2.1201  8.9510
 36 108 -0.1462  0.0000 11.3680
 44 108 -0.0398  0.0618  9.8694
 52 108  0.0000  1.7251  8.5018
 60 108  0.0000  2.0316  7.9644
 68 108 -0.5000  0.5000  7.4648
 76 108 -0.0937  0.0000  0.0000
 84 108  0.2172  0.2046 11.5768
 92 108 -0.5000  0.0000  8.8276
100 108  1.7178  0.0000  0.0000
108 108  4.5000  4.5000  4.0635
116 108  1.9514  0.0000  8.0000
124 108  0.0896 -0.0833  9.8171
132 108 -0.0191  0.0000  0.0000
140 108 -0.0868  0.0378 15.2803
148 108  0.6028  0.0000 11.1304
156 108  1.3070 -0.0337 12.4709
164 108  1.4834  0.0000 11.1304
172 108  0.9231  0.0000 11.1304
180 108 -0.5000  0.1588 10.5785
188 108 -0.0088  0.0000  0.0000
196 108  1.2404  0.0000  0.0000
204 108  1.4366  0.0000  0.0000
212 108  0.8369  0.0000  0.0000
220 108  0.0000  0.2917 11.1304
228 108 -0.2230  0.0000  0.0000
236 108 -0.6971  0.0000  0.0000
244 108  0.7023  0.0000  0.0000
252 108  1.3139 -0.3311  8.0688
260 108 -0.5000  0.0000  8.8276
268 108 -0.5664  0.0000  0.0000
276 108 -0.5000  4.5000  4.0635
284 108 -0.4255  0.0000  0.0000
292 108 -0.4293  0.0000  0.0000
  4 116 -0.1718  0.0000  0.0000
 12 116 -0.0973  0.0000  0.0000
 20 116 -0.1387  1.6918 10.8120
 28 116  0.2080 -0.2715 12.3107
 36 116  1.5308  0.0000  0.0000
 44 116 -0.2500 -0.5000  5.7878
 52 116 -0.3127  0.1061  9.8739
 60 116  0.3309  0.0637  7.1846
 68 116 -0.1620  0.0000 11.1304
 76 116 -0.2093  0.0000 16.1088
 84 116  0.1378  0.0000 16.1088
 92 116  0.9920  0.0000  0.0000
100 116  1.5597  0.0000  0.0000
108 116  1.4826  0.0000 11.1304
116 116 -0.3380  0.0000  0.0000
124 116 -0.0832 -0.3131  9.8462
132 116  0.5739  0.0000  0.0000
140 116 -0.0418  0.1521 12.6567
148 116  0.5276  0.0000  0.0000
156 116  1.1838  2.5000  7.5779
164 116 -0.5000  2.5000  4.0635
172 116  0.1010  0.0000  0.0000
180 116  0.4245  0.0000  0.0000
188 116 -0.3954  0.0000  0.0000
196 116 -0.5626  0.0000  0.0000
204 116 -0.5000  0.0000  8.8276
212 116 -0.2530  0.0000  0.0000
220 116  0.0391 -2.5000  9.3822
228 116  0.1151 -0.1151 16.5161
236 116 -0.2120  0.0000 11.1304
244 116  0.4067  0.0000  0.0000
252 116  1.1736  0.0000  0.0000
260 116  1.1553  0.0000  0.0000
268 116  0.0000 -0.5000  8.8276
276 116 -0.1553  0.0000  0.0000
284 116 -0.0423  0.0000  0.0000
292 116 -0.5000  0.0000  8.8276
  4 124 -0.6541  0.0000 16.1088
 12 124 -0.3127 -0.1061  9.8739
 20 124  1.2298  0.0000 11.1304
 28 124  2.9126  0.0000  0.0000
 36 124  4.4802  0.0000 16.1088
 44 124  0.0832  0.3131  9.8462
 52 124  0.4823  0.0000  0.0000
 60 124  2.4331  0.0000 11.1304
 68 124  4.5000 -0.2391  8.2581
 76 124  1.5248  0.0000 16.1088
 84 124  0.0000 -0.5000  8.8276
 92 124 -0.6758  0.0000 16.1088
100 124 -0.4012  0.0000  0.0000
108 124 -0.5000 -0.5000  4.0635
116 124 -0.4627  0.0000  0.0000
124 124 -0.3538  0.0000 11.1304
132 124 -0.2395  0.0000 11.1304
140 124  0.0000 -0.1960 11.1304
148 124  0.3324  0.0000 11.1304
156 124  0.5000  0.0000  9.6865
164 124 -0.5000 -1.0000  4.0635
172 124  0.9215  0.0000  0.0000
180 124  2.5000  0.0000  8.8276
188 124  1.5000 -1.8890  8.4253
196 124  0.0000  0.1960 11.1304
204 124  0.0418 -0.1521 12.6567
212 124  0.0189  0.0000  0.0000
220 124 -0.5000  0.0000  8.8276
228 124 -0.3541  0.0000  0.0000
236 124  0.2370  0.0000 16.1088
244 124  2.0263  0.0000  0.0000
252 124  4.3888  0.0000 11.1304
260 124  6.8768  0.0000  0.0000
268 124  0.0343  0.0000  0.0000
276 124  0.0000  2.5000  8.8276
284 124  1.6004  0.0000 16.1088
292 124  2.4336  0.0000 19.4783
  4 132  0.2076  0.0667  9.6020
 12 132  0.5927  0.0000  8.0000
 20 132 -0.3865  0.0000 11.1304
 28 132 -0.1841  0.0418 12.3683
 36 132 -0.3417  0.0000  0.0000
 44 132 -0.1415  0.0000  0.0000
 52 132  0.0000  1.5000  5.4468
 60 132 -0.0087  0.0000 11.1304
 68 132  0.0890  0.0000 16.1088
 76 132  0.1698  0.0000  0.0000
 84 132  0.1872  0.0000 11.1304
 92 132 -0.0158  0.0000  8.2581
100 132  0.8295  0.0000  0.0000
108 132  1.5541  0.0000  0.0000
116 132  0.8624  0.0000  0.0000
124 132 -0.1173  0.0000  0.0000
132 132 -0.3449 -0.2259  9.1541
140 132  0.9421  0.0000 11.1304
148 132  2.5000  0.0000  8.8276
156 132  0.8581 -0.5000  7.8168
164 132  0.6786  0.0000  0.0000
172 132  2.3939  0.0000  0.0000
180 132  5.0000 -0.1876  8.5995
188 132  7.0487  0.0000 16.1088
196 132  0.3127 -0.1061  9.8739
204 132  0.1830  3.0000  7.5294
212 132  0.9292  0.0000  0.0000
220 132  1.4373  0.0000 11.1304
228 132  1.2921  0.0000  0.0000
236 132  2.5000  0.0000  8.8276
244 132 -0.5000  0.0000  8.8276
252 132 -0.6785  0.0000  0.0000
260 132 -0.3745  0.0000  0.0000
268 132  0.2296  0.0000  0.0000
276 132  0.1142  0.0000  0.0000
284 132 -0.0256  0.0000  0.0000
292 132  0.0000  0.1063  6.9728
  4 140 -0.0836 -0.0215 17.4130
 12 140 -0.0417 -0.1134  7.3143
 20 140  0.1975  0.0000  0.0000
 28 140  0.5982  0.0000  0.0000
 36 140  0.6990  0.0000  0.0000
 44 140  0.2965 -0.2632 10.8887
 52 140 -0.0264  0.0000 11.1304
 60 140 -0.5000  4.5000  4.0635
 68 140  0.1777  0.0000 16.1088
 76 140  0.6164  0.0000  0.0000
 84 140  0.0418 -0.1521 12.6567
 92 140 -0.1180 -0.5000  9.2850
100 140  1.3977  0.0000  0.0000
108 140  3.0597  0.0000  0.0000
116 140  4.1112  0.0000  0.0000
124 140 -0.5839  0.0000  0.0000
132 140  0.0307  0.0000 13.0803
140 140  0.3392  0.0000  0.0000
148 140  0.3809  0.0000  0.0000
156 140  0.1189  0.0000  8.2581
164 140  0.0000  2.5000  8.8276
172 140 -0.6138  0.0000  0.0000
180 140 -0.7389  0.5000  8.0688
188 140 -0.1798 -0.0246 17.0238
196 140  1.0481  0.0000 11.1304
204 140  0.1440  0.0000  0.0000
212 140 -0.2838  0.0000  0.0000
220 140 -0.3932  0.0000  0.0000
228 140 -0.1285  0.0000  0.0000
236 140  0.2298  0.0000  0.0000
244 140  0.5600  0.0000  0.0000
252 140  0.6263  0.0000  0.0000
260 140  0.3709  0.0000  0.0000
268 140  0.6350  0.0000  0.0000
276 140  1.1008  0.0000  0.0000
284 140  0.5437  0.0000  0.0000
292 140 -0.0437  0.0000 11.1304
  4 148 -1.0756  0.0431  7.0865
 12 148 -0.7623  0.0000  0.0000
 20 148 -0.0136  0.0000  0.0000
 28 148  0.6708  0.0000  0.0000
 36 148  1.0240  0.0000  0.0000
 44 148  0.2886 -0.5000  8.7664
 52 148  0.0000 -0.5000  8.8276
 60 148  0.4047  0.0000  0.0000
 68 148  0.1655  0.0000  0.0000
 76 148 -0.1742  0.0000 19.4783
 84 148 -0.5000  0.0000  8.8276
 92 148 -0.1180  2.5000  9.2850
100 148  0.0832  0.3131  9.8462
108 148 -0.0956  0.0000 11.1304
116 148  0.6459  0.0000 11.1304
124 148  2.5000  0.1588 10.5785
132 148  0.0000  2.5000 12.0628
140 148 -0.5000  0.1180  9.2850
148 148 -0.8315  0.0000 11.1304
156 148 -0.0732  0.0000  0.0000
164 148  0.6013  0.0000 11.1304
172 148  0.9957  0.0000  0.0000
180 148  0.7389 -0.5000  8.0688
188 148  0.0000 -0.5000  8.8276
196 148  0.8997  0.0000  0.0000
204 148  2.5000  0.0000  8.8276
212 148  1.9730  0.0000  0.0000
220 148  1.2842  0.0000  0.0000
228 148 -0.0475  0.0000  0.0000
236 148 -0.2984  0.0000  0.0000
244 148  0.9866  0.0000  0.0000
252 148  0.5401  0.0000  0.0000
260 148 -0.0540  0.0000  0.0000
268 148 -1.4888  0.0000  0.0000
276 148  4.5000 -0.5000  4.0635
284 148  1.6123  0.0000  0.0000
292 148  0.4305  0.0000  0.0000
  4 156 -0.0872  0.0000 11.1304
 12 156 -0.2170  0.0000  0.0000
 20 156  0.1181  0.0000 11.1304
 28 156  0.2618  0.0000 16.1088
 36 156 -0.2081  0.1864  9.6241
 44 156 -0.3882  2.8224  9.0104
 52 156  0.9813  0.0000  0.0000
 60 156  0.3139  0.0000  0.0000
 68 156  0.0000 -4.6564 12.4564
 76 156 -1.1838 -0.5000  7.5779
 84 156  0.1063  0.0000  6.9728
 92 156  0.8409  0.0000 16.1088
100 156  1.1733  0.0000  8.5333
108 156  0.1397 -4.2419  3.8004
116 156 -0.0163 -4.7517  5.9514
124 156  0.2657 -0.0655  6.4165
132 156  1.6543  0.0000  0.0000
140 156  2.2804  0.0000  0.0000
148 156  2.9498  0.0000  0.0000
156 156  1.2961  0.0000  0.0000
164 156  0.1180 -0.5000  9.2850
172 156  2.5000  0.0000  8.8276
180 156  0.5000  0.0000  8.8276
188 156 -0.3732  0.3694 10.3318
196 156 -1.5785  0.0000  0.0000
204 156  3.1590  0.0000  0.0000
212 156  1.3156  0.0000  0.0000
220 156  0.3882  0.0000  0.0000
228 156  0.0914  0.0000  0.0000
236 156  0.1728  0.0000  0.0000
244 156  0.6010  0.0000  0.0000
252 156  0.8695  0.0000  0.0000
260 156  0.3046  0.0000  0.0000
268 156 -0.1009  0.0000  0.0000
276 156  0.3418  0.0000  0.0000
284 156  0.2225  0.0000  0.0000
292 156 -0.0263  0.0000  0.0000
  4 164 -0.5608  0.0000  0.0000
 12 164  0.0449  0.0000  0.0000
 20 164  0.6308  0.0000 11.1304
 28 164  0.8772  0.3817  9.0523
 36 164  0.0000 -0.1063  6.9728
 44 164 -0.1629  0.0000  0.0000
 52 164 -0.0168  0.0000  0.0000
 60 164  0.7535  0.0000  0.0000
 68 164  1.7328 -0.5000  7.8736
 76 164  4.5000 -0.5000  4.0635
 84 164  2.5000  0.0000  8.8276
 92 164  1.0476  0.0000  0.0000
100 164  1.2596 -0.3479  7.1968
108 164  0.1402 -0.2648  8.6646
116 164 -0.5000 -0.4373  6.8252
124 164 -0.2559  0.4528 10.2020
132 164  0.3321 -0.1276 10.3409
140 164  0.3621  0.0000  0.0000
148 164  0.1228  0.0000  0.0000
156 164  0.2254  0.0000  0.0000
164 164  0.3577  0.0000  7.9175
172 164  0.9052  0.0000  0.0000
180 164  1.5000  0.0000  8.2581
188 164  0.7115  0.0000  0.0000
196 164  0.0927  0.0000  0.0000
204 164  0.1397  0.0000  0.0000
212 164  0.1488  0.0000  0.0000
220 164  0.0443  0.0000  0.0000
228 164 -0.2213  0.0000  0.0000
236 164 -0.0432  0.0000  0.0000
244 164  0.4008  0.0000  0.0000
252 164  1.1749  0.0000  0.0000
260 164  0.5738  0.0000  0.0000
268 164  0.0643  0.0000  0.0000
276 164 -0.1466  0.0000  0.0000
284 164  0.0995  0.0000  0.0000
292 164  0.6893  0.0000  0.0000
  4 172  1.8452  0.0000  0.0000
 12 172  1.4683  0.0000 16.1088
 20 172  0.8012  0.0000 16.1088
 28 172  0.6760  0.0000  0.0000
 36 172  0.5000  0.0000 11.1304
 44 172  2.5000  0.0000  8.8276
 52 172  2.3433  0.0000  0.0000
 60 172  0.1151  0.1151 16.5161
 68 172  0.1063  0.0000  6.9728
 76 172  0.1960  0.0000 11.1304
 84 172  0.6354  0.0000  0.0000
 92 172  0.1277  0.0000  0.0000
100 172  0.4213  0.0000  0.0000
108 172  0.7419  0.0000  0.0000
116 172  0.3027  0.0000  0.0000
124 172 -0.1606  0.3123 12.3989
132 172 -0.0086  0.0000  0.0000
140 172  0.1069  0.0000  0.0000
148 172  0.1724  0.0000 11.1304
156 172 -0.1143  0.0000  0.0000
164 172 -0.2825  0.0000 11.1304
172 172 -0.1695  0.0783 16.2025
180 172  1.5000  0.0000  8.2581
188 172  0.8496  0.0000 16.1088
196 172  0.2118  0.0000  0.0000
204 172 -0.2218  0.0000  0.0000
212 172 -0.3276  0.0000  0.0000
220 172 -0.3882  0.0000  0.0000
228 172 -0.5000 -0.5000  4.0635
236 172  0.2862  0.0000  0.0000
244 172  0.2556  0.0000  0.0000
252 172  0.4024  0.0000  0.0000
260 172  0.1657  0.0000  0.0000
268 172  1.0717  0.0000  0.0000
276 172  1.6982  0.0000  0.0000
284 172 -0.2177  0.0000  0.0000
292 172  0.5252  0.0000  0.0000
  4 180  1.5000  0.0000  8.2581
 12 180  2.2006  0.0000 11.1304
 20 180  0.1050  2.5000  6.8903
 28 180  0.0571  0.0000  0.0000
 36 180  0.1180 -0.5000  9.2850
 44 180 -0.1669  0.0000  0.0000
 52 180 -0.2776  0.0000  0.0000
 60 180 -0.0698 -0.2911 10.5124
 68 180 -0.0118  0.0000  0.0000
 76 180  0.2965  0.2632 10.8887
 84 180 -0.1470  0.0000  0.0000
 92 180 -0.5000 -0.5000  4.0635
100 180 -0.7439  0.0000  0.0000
108 180 -0.5000  0.3468 10.2045
116 180 -0.0113  0.0000  0.0000
124 180  0.0418 -0.1521 12.6567
132 180 -0.1442  0.0000  0.0000
140 180 -0.0170  0.0000  0.0000
148 180  0.0737  0.0000  1.0000
156 180  0.2449  0.0000  0.0000
164 180  0.8279  0.0000  0.0000
172 180  0.1960  0.0000 11.1304
180 180  0.5000  0.0000  8.4768
188 180 -0.5476  0.0000  0.0000
196 180 -0.5000 -0.5000  4.0635
204 180 -0.1271  0.0000  0.0000
212 180 -0.8317  0.0000  0.0000
220 180  0.5956  0.0000  0.0000
228 180  2.5141  0.0000  0.0000
236 180  4.5000  4.5000  4.0635
244 180  1.7137  0.0000  0.0000
252 180  0.5282  0.0000  0.0000
260 180  0.0479  0.0000  0.0000
268 180 -0.6289  0.0000  0.0000
276 180 -0.5418  0.0000  0.0000
284 180 -0.4202  0.0000  0.0000
292 180 -0.5000  4.5000  4.0635
  4 188  0.0000 -0.5000  8.8276
 12 188 -0.5142  0.0000  0.0000
 20 188 -1.2596  0.3479  7.1968
 28 188 -0.5956  0.0000 16.1088
 36 188  0.1960 -0.5000 11.1304
 44 188  0.0318  0.0000  0.0000
 52 188  0.0825  0.0825  9.2850
 60 188  0.3610  0.3610  5.9535
 68 188  0.9232  0.0000 16.1088
 76 188  1.1044  0.0000 11.1304
 84 188  1.3117  0.0000  0.0000
 92 188  2.0000  0.1187  7.1697
100 188  0.7178  0.0000  0.0000
108 188  0.2120  0.0000  0.0000
116 188 -0.3468 -1.0000 10.2045
124 188  1.7328 -0.5000  7.8736
132 188 -0.6456  0.0000  0.0000
140 188 -1.7759  0.0000  0.0000
148 188 -0.5000 -0.5000  4.0635
156 188  0.4419  0.0000  0.0000
164 188  0.0000  2.5000  8.8276
172 188  0.1180  2.5000  9.2850
180 188  0.0370  0.0000  0.0000
188 188 -0.1960  0.0000 11.1304
196 188 -1.4238  0.0000  0.0000
204 188 -0.6485  0.0000 11.1304
212 188 -0.3299  0.0000  0.0000
220 188 -0.3074  0.0000  0.0000
228 188 -0.0939  0.0000  0.0000
236 188  0.0000 -5.0000 11.1304
244 188  0.1685  0.0000  0.0000
252 188  0.2066  0.0000  0.0000
260 188  0.4050  0.0000  0.0000
268 188 -0.0552  0.0000  0.0000
276 188  0.8440  0.0000  0.0000
284 188  2.5000  0.0000  8.8276
292 188  2.4429  0.0000  0.0000
  4 196  1.8924  0.0000  0.0000
 12 196  0.7789  0.0000  0.0000
 20 196 -0.3524 -0.2632 11.6476
 28 196 -0.1841  0.0000 11.1304
 36 196  0.5389  0.0000  0.0000
 44 196  2.0960  0.0000  0.0000
 52 196  4.5904 -0.3035 11.3149
 60 196 -1.5000  0.0000  8.2581
 68 196 -2.4244  0.0000  0.0000
 76 196 -0.8253  0.0000  0.0000
 84 196  0.4886  0.0000  0.0000
 92 196  1.3070  0.0337 12.4709
100 196  0.4561  0.0000  0.0000
108 196 -0.3014  0.0000  0.0000
116 196 -1.3084  0.0000  0.0000
124 196 -2.5000 -0.1067  7.3143
132 196 -0.3732 -0.3694 10.3318
140 196  0.0000 -5.5000 11.1304
148 196  0.0000  5.0000 11.1304
156 196 -0.0244  0.0000  0.0000
164 196  0.5000  0.0000 11.1304
172 196  1.5000  0.0000  8.2581
180 196  0.6104  0.0000  0.0000
188 196  0.5000  0.0000 11.1304
196 196 -1.1368  0.0000 11.1304
204 196  0.2518  0.0000  0.0000
212 196  1.9755  0.0000  0.0000
220 196  2.9563  0.0000  0.0000
228 196  2.6474  0.0000  0.0000
236 196  0.7669  0.0000  0.0000
244 196 -0.6508  0.0000 11.1304
252 196 -0.8131  0.0000  0.0000
260 196 -0.2178  0.0000  0.0000
268 196  1.0589  0.0000 11.1304
276 196  2.3628  0.0000 11.1304
284 196 -0.5000  0.0000  8.8276
292 196 -2.5880  0.0000 11.1304
  4 204 -0.9860  0.0000 11.1304
 12 204  0.1863  0.0000 11.1304
 20 204  0.7815  0.0000 11.1304
 28 204  0.3329  0.0000  0.0000
 36 204  0.0000 -0.5000  8.8276
 44 204 -0.1960  0.0000 11.1304
 52 204  1.5000 -0.1462  9.1963
 60 204 -0.5000  0.0000  8.8276
 68 204  0.0062  0.0000  0.0000
 76 204  0.3072  0.0000  0.0000
 84 204  0.1174  4.1710 14.6131
 92 204  0.5197  0.0000  0.0000
100 204  0.3948  0.0000  0.0000
108 204 -0.5000  0.0000  8.8276
116 204  0.3468  2.5000 10.2045
124 204 -2.5000  0.0000 11.1304
132 204  0.0000 -2.5000  9.2086
140 204  1.5000  0.0000  8.2581
148 204  3.5354  0.0000  0.0000
156 204  3.8024  0.0000  0.0000
164 204  0.6663  0.0000  0.0000
172 204 -0.7985  0.0000 12.0628
180 204 -1.3470  0.0000  0.0000
188 204 -1.5000  0.0000  4.0635
196 204 -1.1371  0.0000 11.1304
204 204  0.4076  0.0000  0.0000
212 204 -0.3708  0.0000  0.0000
220 204 -1.9562  0.0000 11.1304
228 204 -0.7921  0.0000  0.0000
236 204 -0.0295  0.0000  0.0000
244 204  0.2602  0.0000 11.1304
252 204  0.0000  2.5000  8.8276
260 204  0.0512  0.0000  0.0000
268 204  0.2646  0.0000  0.0000
276 204  1.3070  0.0000  0.0000
284 204  0.8046  0.0000  0.0000
292 204  1.3613  0.0000  0.0000
  4 212  2.0071  0.0000  0.0000
 12 212  2.1361  0.0000  0.0000
 20 212  1.5000  0.0000  8.2581
 28 212  0.1960  2.5000 11.1304
 36 212  0.0465  0.0000 16.1088
 44 212  1.3932  0.0000  0.0000
 52 212  2.5000  0.0000  8.8276
 60 212  1.9970  0.0000  8.4768
 68 212  2.6383  0.0000  0.0000
 76 212  4.3523  0.1203  5.4468
 84 212  5.1203 -0.5000  5.4468
 92 212 -0.3471 -0.5000  7.0932
100 212 -0.8185  0.0000  0.0000
108 212 -1.2560  0.0000  0.0000
116 212 -2.1446  0.0000  0.0000
124 212 -2.7620  2.5000  9.9740
132 212  0.0000  3.0000 11.1304
140 212  0.0000  2.5000  8.8276
148 212 -0.1442  0.0000  0.0000
156 212  0.1151 -0.1151 16.5161
164 212  0.2235  0.0000 11.1304
172 212  0.2175  0.0000 11.1304
180 212  0.5000  2.5000  6.5641
188 212  0.1808  0.0000  0.0000
196 212  0.0000  2.5000  8.8276
204 212  0.8137  0.0000  0.0000
212 212  1.7017  0.0000  0.0000
220 212  3.0603  0.0000  0.0000
228 212  4.2424  0.0000 11.1304
236 212  4.5000  4.5000  4.0635
244 212  2.2816  0.0000  0.0000
252 212 -0.1180 -0.5000  9.2850
260 212 -0.2142  0.0000  0.0000
268 212  0.0082  0.0000  0.0000
276 212 -0.5000 -0.5000  4.0635
284 212  0.5911  0.0000  0.0000
292 212  1.5846  0.0000 11.1304
  4 220  2.3075  0.0000  0.0000
 12 220  1.6562  0.0000  0.0000
 20 220 -1.5000  0.4383  5.4468
 28 220  0.1180 -0.5000  9.2850
 36 220  0.3186  0.0000  0.0000
 44 220 -0.5145  0.0000 11.1304
 52 220  0.0000  2.5000  8.8276
 60 220  1.3939  0.0000  0.0000
 68 220  2.5000  0.0000  8.8276
 76 220  2.9214  0.0000  0.0000
 84 220  2.5000 -0.1180  9.2850
 92 220  0.8251  0.0000  0.0000
100 220 -0.5000  0.0000  8.8276
108 220 -0.1062  0.0000  0.0000
116 220  0.0000 -0.5000  8.8276
124 220 -0.4803  0.0000  0.0000
132 220  0.0000 -0.5000  4.0635
140 220  2.2090  0.0000  0.0000
148 220  4.8540  0.0000  0.0000
156 220  6.5615  0.0000 11.1304
164 220  6.0396  0.0000 11.1304
172 220  2.8373  0.0000 11.1304
180 220 -0.1960  0.0000 11.1304
188 220  0.1960  2.5000 11.1304
196 220  0.0832 -0.3131  9.8462
204 220 -0.5000 -0.5000  4.0635
212 220 -0.2721  0.0000  0.0000
220 220  0.2424  0.0000  0.0000
228 220  0.0733  0.0000 11.1304
236 220 -1.1899  0.0000  0.0000
244 220 -2.3943  0.0000 11.1304
252 220 -0.5000  1.5000  4.0635
260 220  2.5000  5.0000  8.8276
268 220  0.0000  2.5000  8.8276
276 220  0.6916  0.0000  0.0000
284 220  2.5375  0.0000 11.1304
292 220  4.6918  0.0000  0.0000
