VARIABLES= "X pix", "Y pix", "U pix/dt", "V pix/dt", "CHC", ZONE I=28, J=37
  4   4 -0.1524  0.0000 10.9708
 12   4 -0.0664  0.0000 10.9708
 20   4  0.0407 -0.0060 10.8867
 28   4  0.1444  0.0000 10.9708
 36   4  0.1024  0.0000 11.0456
 44   4  0.0322  0.0000 11.1505
 52   4 -0.0000  0.0000 11.0456
 60   4 -0.0217  0.0000 11.1505
 68   4 -0.0655  0.0000 11.0456
 76   4 -0.3391  0.0000 11.0456
 84   4 -0.6688  0.0000 10.8649
 92   4 -0.3207  0.0000 10.9708
100   4  0.0037 -0.0090 12.9285
108   4 -0.0496 -0.0184 11.8071
116   4  0.0371  0.0000 11.0456
124   4  0.0000  0.0166 11.5214
132   4 -0.1126  0.0000 11.7754
140   4 -0.0052  0.0000 11.9483
148   4  0.1354  0.0000 11.5553
156   4  0.1950  0.0000 11.9483
164   4  0.1033  0.0000 11.1505
172   4 -0.0117  0.0000 11.9577
180   4 -0.0482  0.0000 10.9371
188   4  0.0090 -0.0002 11.9441
196   4  0.0006 -0.0021 11.7184
204   4 -0.0027  0.0641 11.3790
212   4 -0.0005  0.0000 12.0698
220   4  0.0035  0.0000 12.7381
228   4 -0.0656 -0.0025 10.8511
236   4 -0.0236 -0.0223 10.4463
244   4  0.0416  0.0000 10.3707
252   4  0.1170 -0.0255 11.0657
260   4  0.0218  0.0058 10.8466
268   4 -0.0355  0.0298 12.2137
276   4 -0.0102  0.1216 12.6112
284   4  0.0000  0.0716 13.9825
292   4  0.0757 -0.0952 12.3121
  4  12 -0.0274 -0.0049 10.7873
 12  12 -0.5000  0.0943 12.2112
 20  12  0.0000 -1.0000  9.9740
 28  12  0.2091  0.0000 11.1304
 36  12  0.3302  0.0802  5.4150
 44  12  0.2046  0.0000  8.0966
 52  12  0.1012 -0.1265 22.0397
 60  12 -0.1534  0.0074 17.4630
 68  12 -0.0115  0.0468 15.2734
 76  12  0.0789  0.1535  9.9503
 84  12  0.0810  0.0861  7.7576
 92  12 -0.0117 -0.2996  8.6143
100  12 -0.0472  0.0000  9.5239
108  12 -0.0066  0.0046  7.9901
116  12  0.0736 -0.0621  9.3604
124  12  0.0269  0.0000  9.6034
132  12  0.0000 -0.1981  9.1771
140  12  0.0035  0.0000  9.0353
148  12  0.0026  0.0000  9.0353
156  12  0.0000 -0.1652  7.8528
164  12  0.0417  0.0768  9.8286
172  12  0.0000  0.1611  8.5702
180  12  0.0000  0.1767  8.0026
188  12 -0.0449  0.0000  7.8987
196  12 -0.0924 -0.1165  9.4442
204  12 -0.0000  0.0000  9.8462
212  12  0.1311  0.1069 12.4066
220  12  0.0147  0.1257 10.5611
228  12  0.0933  0.0000  7.3911
236  12  0.1318 -0.5562 10.5243
244  12  0.2641 -0.0441  7.9789
252  12  0.1488  0.0000 10.2415
260  12  0.0000 -0.1618 10.3034
268  12  0.0377  0.0000  8.3633
276  12  0.0000 -0.0125  8.4505
284  12 -0.1082  0.0777  7.3288
292  12 -0.0389  0.0980  7.7978
  4  20  0.0666  0.0021 11.5453
 12  20 -0.1364  0.1134 10.9322
 20  20 -0.1579  0.0000 11.7813
 28  20 -0.0723  0.0063 11.1381
 36  20  0.1697  0.0000  9.7290
 44  20  0.0041 -0.0366  9.8325
 52  20  0.0000  0.1070  8.9661
 60  20  0.0514  0.0004 10.8953
 68  20  0.0100  0.0476 12.2540
 76  20  0.0000 -0.0202 10.7999
 84  20 -0.0471  0.0491 10.5225
 92  20  0.0116  0.0000  8.3530
100  20  0.0018  0.0000 15.4261
108  20  0.0057  0.0303 12.4003
116  20 -0.0057  0.0000 13.2883
124  20  0.0035  0.0454 13.5617
132  20  0.0070  0.0000 13.0181
140  20  0.0215 -0.0158 12.6435
148  20  0.0043 -0.0113 13.1035
156  20  0.0160 -0.0153 12.6910
164  20  0.0000  0.0000 11.9584
172  20  0.0071 -0.0232 20.3056
180  20  0.0108 -0.0022 14.8797
188  20  0.0000 -0.0030 16.3275
196  20  0.0077 -0.0025 19.9228
204  20 -0.0096  0.0155 27.3161
212  20 -0.0270 -0.0076 23.0664
220  20 -0.0637  0.0119 10.2906
228  20  0.0247  0.0522  9.1589
236  20 -0.1190 -0.0648 16.7337
244  20 -0.1936  0.0000 11.2095
252  20 -0.1078  0.0381  9.8624
260  20  0.5000  0.1541  7.5946
268  20  0.1900 -0.0837 10.2895
276  20 -0.0337 -0.0119 17.9926
284  20 -0.0918 -0.0614 18.2857
292  20 -0.1018  0.0464 11.8074
  4  28 -0.0042 -0.0031 10.5721
 12  28  0.0056  0.0048 11.4122
 20  28  0.0052  0.0000 12.5769
 28  28 -0.0039  0.0190 10.8923
 36  28  0.0005 -0.0010 10.5853
 44  28  0.0041  0.0000 10.3874
 52  28  0.0000  0.0012 10.6801
 60  28 -0.0028  0.0174  9.9926
 68  28 -0.0086 -0.0051 10.6242
 76  28 -0.0188 -0.0257 10.8486
 84  28 -0.0018 -0.0017  9.5051
 92  28 -0.0101  0.0000  9.6028
100  28  0.0818  0.0000 13.0756
108  28  0.0487  0.0000 13.2171
116  28  0.0005 -0.0080  8.7616
124  28  0.0228  0.0068  9.4243
132  28  0.0209 -0.0003  8.7305
140  28 -0.0170  0.0068  8.9580
148  28  0.0019 -0.0012  9.5838
156  28 -0.0233  0.0511 19.0844
164  28  0.0033  0.0014 15.2809
172  28 -0.1085 -0.0117 17.3215
180  28 -0.0571  0.0172 14.0432
188  28 -0.0041 -0.0026  9.7714
196  28  0.0286  0.0000  8.8860
204  28 -0.0115 -0.0009  9.1495
212  28 -0.0577  0.0000  9.8978
220  28  0.0057 -0.0004  9.6556
228  28  0.0065 -0.0023  9.2574
236  28  0.0045  0.0046  9.0031
244  28  0.0012  0.0044  9.2669
252  28 -0.0134  0.0132 12.3554
260  28 -0.0010  0.0004 15.5789
268  28  0.0142  0.0004 15.9242
276  28  0.0106  0.0408 19.5954
284  28 -0.0104  0.0236 12.7350
292  28 -0.0032  0.0000 11.5376
  4  36 -0.0195  0.0000  7.8349
 12  36 -0.0296  0.0078  7.2330
 20  36 -0.0311  0.0055  6.4946
 28  36  0.2229 -0.0307  6.5180
 36  36  0.0951  0.0616  6.4858
 44  36 -0.0446 -0.0079  8.3576
 52  36 -0.0113  0.0000  9.9740
 60  36  0.0000 -0.2608 11.5534
 68  36  0.0116  0.0581  9.3718
 76  36 -0.0850 -0.0333  9.7162
 84  36 -0.0633  0.0000 11.9696
 92  36  0.0000  0.0256  9.2165
100  36 -0.0611  0.0000  9.1295
108  36 -0.0946 -0.0092  7.2004
116  36 -0.0590  0.0000  7.4934
124  36 -0.0345  0.0000  8.6000
132  36 -0.0783  0.0000  0.0000
140  36 -0.1061  0.0000 20.7059
148  36  0.0292  0.0357  5.7003
156  36  0.0403 -0.0047 13.7782
164  36 -0.0531  0.0000 15.1894
172  36  0.0186 -0.0120 10.6468
180  36  0.0191  0.0654 13.6026
188  36 -0.0244 -0.0292  7.6731
196  36  0.0043 -0.0457 11.7940
204  36  0.0576  0.0000 13.2378
212  36  0.1141  0.0069 12.3766
220  36  0.0547  0.0000 10.8982
228  36  0.0061  0.0000 10.8982
236  36  0.0003  0.0000 10.9531
244  36 -0.0021  0.0000 11.0903
252  36  0.1013  0.0000  8.2545
260  36  0.0000 -0.3309 10.5785
268  36 -0.1172  0.0000 11.8378
276  36 -0.0611  0.0384  9.5498
284  36 -0.0927 -0.0108  8.0330
292  36 -0.2230 -0.2471  9.3854
  4  44 -0.3145  0.0264 11.0777
 12  44 -0.1229  0.0523 17.8842
 20  44  0.0520 -0.2072 11.4040
 28  44  0.0037  0.0000 15.1825
 36  44 -0.0287  0.0000 11.7813
 44  44  0.0358  0.0000 10.5606
 52  44  0.0000  0.1455  9.4106
 60  44 -0.1049  0.0000  8.7453
 68  44 -0.1940  0.1048  6.4119
 76  44 -0.0743  0.0000  8.9379
 84  44 -0.0526 -0.5000  9.7439
 92  44 -0.2941  0.0000 11.1304
100  44 -0.2614  0.0000 16.1088
108  44 -0.1115  0.0000  0.0000
116  44 -0.0365  0.0000  8.2581
124  44  0.0038  0.0000 11.1304
132  44  0.0244  0.0000  0.0000
140  44  0.0293  0.0000  0.0000
148  44 -0.0054 -0.0340  5.7942
156  44 -0.0268  0.0044 14.6734
164  44  0.0150  0.0119 16.2092
172  44 -0.0284 -0.0004 18.8485
180  44  0.0040  0.0023 14.8933
188  44 -0.1083  0.0000  6.1709
196  44 -0.2576  0.0665  6.3150
204  44 -0.1760  0.0000  6.6149
212  44 -0.1045  0.0000  7.4479
220  44 -0.0076 -0.2004  8.8097
228  44 -0.0765 -0.1528 11.0792
236  44 -0.0440  0.0000 10.6057
244  44  0.0201  0.0000 12.4405
252  44  0.0029  0.0000 14.4096
260  44 -0.0048 -0.0449 11.8616
268  44  0.1542 -0.0094 14.2646
276  44  0.0000 -0.3042 13.4737
284  44  0.0209 -0.0777 15.0172
292  44  0.1714 -0.0555 12.7079
  4  52  0.0066  0.0984  8.0095
 12  52 -0.0276  0.0047  9.2053
 20  52 -0.4772  0.1499  7.9964
 28  52 -0.5000 -0.0265 11.4627
 36  52 -0.1452  0.0000  0.0000
 44  52  0.0097  0.0000  0.0000
 52  52  0.0256  0.0000  0.0000
 60  52 -0.0290  0.0000  0.0000
 68  52 -0.1094  0.0000  0.0000
 76  52 -0.1960  0.0000 11.1304
 84  52 -0.0995  0.0000  0.0000
 92  52 -0.0330  0.0000 11.1304
100  52 -0.0418  0.0000 12.0628
108  52 -0.0471  0.0000  0.0000
116  52 -0.0880  0.0000  8.2581
124  52 -0.1710  0.0000  0.0000
132  52 -0.1591  0.0000 11.1304
140  52 -0.1274  0.1013  6.0664
148  52  0.0066  0.0312  8.4616
156  52 -0.0012  0.0001 23.8873
164  52  0.0036  0.0031  9.0171
172  52 -0.0007 -0.0168  8.5892
180  52  0.0017  0.0058 20.4228
188  52  0.0252 -0.0097  6.8742
196  52  0.1897  0.0000 13.4998
204  52  0.0942  0.0000 12.0628
212  52  0.0738  0.3377  8.9309
220  52 -0.1686 -0.0238  8.2202
228  52 -0.1086  0.0000 10.3707
236  52 -0.0262  0.0000 14.2703
244  52 -0.5194  0.0000 10.9824
252  52 -0.1354  0.0163 13.2841
260  52  0.1344  0.2125 15.2560
268  52  0.1801  0.0000 10.6919
276  52  0.1075  0.0000 10.5606
284  52 -0.0324  0.0000 15.7712
292  52 -0.1382  0.0000 10.9964
  4  60 -0.1777  0.0000  0.0000
 12  60 -0.0696  0.0812 10.9765
 20  60 -0.0282  0.0000  0.0000
 28  60 -0.0370  0.0000  0.0000
 36  60 -0.0557 -0.0193 15.2661
 44  60  0.0115  0.0000  0.0000
 52  60 -0.0131  0.0000  0.0000
 60  60  0.0047  0.0000  0.0000
 68  60  0.0687  0.0000  0.0000
 76  60  0.1633  0.0000 16.1088
 84  60  0.1387  0.0000 17.2183
 92  60  0.0702  0.0000 14.5082
100  60 -0.0113 -0.0252 12.7753
108  60 -0.0373  0.0000 13.4737
116  60  0.0000  0.0000 11.8583
124  60 -0.0212  0.0000  6.8970
132  60 -0.0347  0.0000 12.0628
140  60 -0.0179  0.0000 13.5576
148  60 -0.0671  0.0361  9.4361
156  60 -0.0370 -0.0107  6.6834
164  60  0.0919 -0.0477  8.6575
172  60 -0.6984  0.0000  8.7013
180  60 -0.3551  0.0960  8.2735
188  60  0.1031  0.0000  8.0000
196  60  0.2837  0.0000  0.0000
204  60  0.2025  0.0000  0.0000
212  60 -0.0305  0.0000  0.0000
220  60 -0.1403  0.0000  0.0000
228  60 -0.1756  0.0000  0.0000
236  60 -0.0755  0.0000  9.2086
244  60 -0.0102  0.0000  8.6413
252  60 -0.0085  0.0000 11.0903
260  60 -0.0816  0.0735  9.9361
268  60  0.0846 -0.0066 13.2583
276  60  0.1060  0.0000 12.0628
284  60  0.1802 -0.1949  7.7576
292  60  0.2849  0.0000  8.3451
  4  68  0.3681  0.3881  9.7710
 12  68  0.2893  0.0000 12.0628
 20  68  0.1508  0.0000 16.1088
 28  68 -0.0045  0.0000 11.1304
 36  68 -0.1330  0.0000 11.1304
 44  68 -0.1525  0.0000  0.0000
 52  68 -0.2414  0.0000 11.1304
 60  68 -0.1830  0.0000  0.0000
 68  68 -0.1068  0.0000  0.0000
 76  68 -0.0596  0.0000 11.1304
 84  68  0.0942  0.0000 11.0617
 92  68  0.2579  0.0000 11.5703
100  68 -0.5931  0.0000 20.4295
108  68 -0.1594  0.0000 16.1088
116  68  0.2827  0.0000  0.0000
124  68  0.5122  0.0000 12.0628
132  68  0.3882  0.0000 11.1304
140  68 -0.0565  0.0000 11.1304
148  68 -0.1198  0.0000 13.6629
156  68 -0.1656 -0.0786 10.7522
164  68 -0.0462  0.0000 16.1088
172  68  0.0347  0.0000 11.1304
180  68  0.0970 -0.1369  9.7554
188  68 -0.0046  0.0000  0.0000
196  68 -0.2780  0.1270 13.3759
204  68  0.0797  0.0000  0.0000
212  68  0.3365  0.0000  0.0000
220  68  0.4165  0.0000  0.0000
228  68  0.4326  0.0000  0.0000
236  68  0.3592  0.0000  0.0000
244  68  0.2026  0.0000  0.0000
252  68  0.0221  0.0000  8.8276
260  68 -0.1825 -0.2174 12.5315
268  68 -0.0779  0.0000 16.1088
276  68  0.0664 -0.0248  8.9813
284  68 -0.0924 -0.0452 18.6596
292  68 -0.0493  0.0000  0.0000
  4  76  0.0000 -0.5000  8.8276
 12  76  0.3131 -0.6257  8.7075
 20  76  0.4203  0.0000 11.1304
 28  76 -0.3128  0.0000  0.0000
 36  76  0.1083  0.0000 16.1088
 44  76  0.5493  0.0000 15.6775
 52  76  0.8587  0.0000  8.8167
 60  76  0.7477  0.0000 11.1304
 68  76 -0.1597 -0.0728 12.0580
 76  76 -0.0594 -0.1083  9.4815
 84  76  0.0244  0.1265 11.6632
 92  76  0.0178  0.0000 13.7544
100  76 -0.0132  0.0000 11.9011
108  76  0.0562  0.0000 11.9011
116  76  0.3145  0.0264 11.0777
124  76  0.1095  0.0000 13.7892
132  76  0.3512  0.0000  0.0000
140  76  0.5000  0.0000 11.1304
148  76  0.4290  0.0000 13.1641
156  76  0.3786  0.0000 11.1304
164  76  0.3321 -0.1276 10.3409
172  76  0.1878  0.0000  0.0000
180  76  0.0769 -0.0903 15.2155
188  76 -0.1315  0.0000 16.1088
196  76 -0.0558  0.0000 11.1304
204  76  0.0568  0.0000  0.0000
212  76  0.0197  0.0000  0.0000
220  76  0.1195  0.0000  0.0000
228  76  0.2299  0.0000 11.1304
236  76  0.8120  0.0000  0.0000
244  76  0.4301  0.0000  0.0000
252  76 -0.0470  0.0000  0.0000
260  76  0.2729  0.0000 16.1088
268  76  0.6673  0.0000 16.1088
276  76  1.0938  0.0000 11.1304
284  76  1.3070 -0.0337 12.4709
292  76 -0.0582 -0.1075 10.0275
  4  84 -0.5000  0.2271  9.5143
 12  84 -0.2878  0.0000  0.0000
 20  84 -0.1415  0.0400 12.6420
 28  84 -0.2575  0.0000 13.0803
 36  84 -0.3535 -0.0126 12.8384
 44  84 -0.0349  0.0000 17.0667
 52  84  0.0670  0.0082  9.9770
 60  84  0.3827 -0.6171  9.3400
 68  84  0.1802  0.1949  7.7576
 76  84  0.1730  0.0000 13.7993
 84  84  0.1534 -0.0936  7.2278
 92  84  0.1213  0.0000  8.8276
100  84  0.0000  0.5000  8.0688
108  84 -0.1205 -0.0903 10.0915
116  84 -0.2016 -0.0168 14.6487
124  84 -0.0694  0.0000 11.1304
132  84 -0.0284  0.0000 16.1088
140  84 -0.1372  0.0000 12.9245
148  84 -0.0272 -0.0238 11.1899
156  84  0.0000  0.1960 11.1304
164  84  1.3070 -0.0337 12.4709
172  84  0.0637  0.8984 13.9636
180  84  0.0974  0.0000 11.1304
188  84  0.2310  0.0000  0.0000
196  84  0.3725  0.0000  0.0000
204  84  0.5267  0.0000  0.0000
212  84  0.5248  0.0000  0.0000
220  84 -0.1408  0.0000 11.1304
228  84 -0.4938  0.0000  0.0000
236  84 -0.4309  0.0000  0.0000
244  84 -0.3374  0.0000  0.0000
252  84 -0.3664  0.0000 11.1304
260  84 -0.3588  0.0000  0.0000
268  84 -0.1761  0.0000 12.0628
276  84 -0.0391  0.0000 11.1304
284  84  0.0908  0.0000  8.2581
292  84 -0.0417  0.1134  7.3143
  4  92 -0.0084  0.0000  0.0000
 12  92  0.0086  0.0000 16.1088
 20  92  0.0000 -0.5000  8.8276
 28  92 -0.0252  0.0000  0.0000
 36  92  0.0067  0.0000 14.3598
 44  92  0.1068  0.0000  6.8970
 52  92  0.0872 -0.8235  9.0647
 60  92 -0.1125 -0.0169 16.7813
 68  92 -0.7358  0.0000  0.0000
 76  92 -1.3070 -0.0337 12.4709
 84  92 -0.6241  0.0000 11.1304
 92  92  0.3948  0.0000 11.1304
100  92  0.0659  0.0000 12.0628
108  92  0.1463  0.0265  7.9644
116  92  0.1158  0.4421  9.6583
124  92 -0.0285  0.0000  0.0000
132  92 -0.1146 -0.0101 17.4161
140  92 -0.1329  0.0776  7.9228
148  92 -0.2888  0.0000 11.1304
156  92 -0.4401  0.0000 11.1304
164  92 -0.4011  0.0000 11.1304
172  92 -0.3466  0.0000 11.1304
180  92 -0.3135  0.0000  0.0000
188  92 -0.1973  0.0000  0.0000
196  92 -0.1429  0.0000  0.0000
204  92 -0.0775  0.0000 11.1304
212  92 -0.0351  0.0000  0.0000
220  92 -0.0661  0.0000  0.0000
228  92 -0.0388  0.0000 11.1304
236  92 -0.0385  0.0000 11.1304
244  92 -0.0535  0.0000  0.0000
252  92 -0.0412  0.0000  0.0000
260  92  0.0968  0.0000  0.0000
268  92  0.4043 -0.4043  8.0000
276  92  0.2962  0.0000 16.1088
284  92  0.0000 -0.5000  8.8276
292  92 -0.7805  0.0000 11.1304
  4 100 -1.3332  0.0000 12.0628
 12 100 -0.8305  0.0000 16.1088
 20 100 -0.0411  0.0000  0.0000
 28 100 -0.0101 -0.1146 17.4161
 36 100  0.1904  0.0000 17.0667
 44 100  0.0787  0.2653  9.2966
 52 100 -0.1864 -0.2297 14.2609
 60 100 -0.0964  0.0000 11.1304
 68 100  0.0925 -0.5000 13.4737
 76 100 -0.1152  0.0000 11.1304
 84 100 -0.2750  0.0000  0.0000
 92 100 -0.2042  0.0000 11.1304
100 100 -0.1787  0.0000 11.1304
108 100 -0.1133  0.0000  0.0000
116 100  0.2483 -0.1160  9.3535
124 100  0.0000 -0.5000  8.9154
132 100 -0.0335  0.0000 10.1191
140 100 -0.0541  0.0000 16.1088
148 100 -0.0367  0.0000 11.1304
156 100  0.0000 -0.5000  8.8276
164 100 -0.0363  0.0000  0.0000
172 100 -0.0959  0.0000  0.0000
180 100 -0.1629  0.0000  8.8276
188 100 -0.1587  0.0000 11.1304
196 100  0.0993  0.0000  0.0000
204 100  0.1964  0.0000  0.0000
212 100  0.0679  0.0000  0.0000
220 100 -0.6861  0.0000  0.0000
228 100 -1.3063  0.0000  0.0000
236 100 -0.8315  0.0000  0.0000
244 100  0.0000 -0.5000  9.3555
252 100  0.2605  0.0000  8.0000
260 100  0.0450  0.0000  9.4208
268 100  0.0000  0.2661 10.4867
276 100 -0.0917  0.0000 11.9011
284 100  0.0062  0.0000 11.1304
292 100  0.1242  0.0000 11.1304
  4 108  0.0201  0.0000 11.1304
 12 108 -0.1056 -1.5746 10.0855
 20 108  0.1086  0.0000 10.9303
 28 108  0.0934  0.0000 15.0588
 36 108  0.1373  0.1542 11.1875
 44 108  1.5000  0.1828 12.5188
 52 108  0.0000  0.1696 12.5902
 60 108  0.0202 -0.0240  8.7900
 68 108 -0.0530  0.0000  9.2850
 76 108 -0.0173  0.0000 20.7059
 84 108  0.0000 -0.2983 13.4737
 92 108 -0.0283  0.0000  8.8276
100 108 -0.0818  0.0000  0.0000
108 108 -0.2050  0.0000  0.0000
116 108 -0.4043  0.4043  8.0000
124 108 -0.2134  0.0547  8.9971
132 108  0.0089  0.0000 17.0667
140 108  0.2780 -0.1270 13.3759
148 108 -0.4437  0.0000 11.1304
156 108 -1.3070  0.0337 12.4709
164 108 -0.8014  0.0000 11.1304
172 108 -0.1341  0.0000 11.1304
180 108  0.2638  0.0000  0.0000
188 108 -0.2794  0.0000  0.0000
196 108 -0.1867  0.0000  0.0000
204 108 -0.0900  0.0000  0.0000
212 108  0.0776  0.0000  0.0000
220 108  0.2031  0.0000  0.0000
228 108  0.2449  0.0000  0.0000
236 108  0.2818  0.0000  0.0000
244 108  0.3711  0.0000  0.0000
252 108  0.3095  0.2269  6.1440
260 108 -0.1151  0.1151 16.5161
268 108  0.6348  0.0000  0.0000
276 108  0.1487  0.0000 11.1304
284 108  0.0693  0.0000  0.0000
292 108  0.0063  0.0000  0.0000
  4 116  0.0000 -0.1063  6.9728
 12 116 -0.0440  0.0000  0.0000
 20 116 -0.0348 -1.5856 12.5339
 28 116  0.0258  0.2496 11.9946
 36 116  0.0995  0.0000 17.2183
 44 116  0.2075  0.2325 11.7073
 52 116 -0.1628  0.0000 11.1304
 60 116 -0.3309 -0.0637  7.1846
 68 116  0.1078  0.0000 11.1304
 76 116  0.1151  0.1151 16.5161
 84 116 -0.1841  0.0418 12.3683
 92 116 -0.1957  0.0000  0.0000
100 116 -0.0008  0.0000  0.0000
108 116  0.1322  0.0000 11.1304
116 116 -0.6177  0.0000 11.1304
124 116 -0.4299  0.0000 11.1304
132 116 -0.2151  0.0000  0.0000
140 116  0.0418 -0.1521 12.6567
148 116  0.1991  0.0000  0.0000
156 116  0.3543  0.0000  4.0635
164 116  0.5000  0.0000 11.1304
172 116  0.4364  0.0000 11.1304
180 116  0.2216  0.0000  0.0000
188 116 -0.0791  0.0000  0.0000
196 116  0.1454  0.0000  0.0000
204 116  0.0769  0.0000 11.1304
212 116  0.0722  0.0000  0.0000
220 116 -0.0275  0.0000  0.0000
228 116 -0.1151  0.1151 16.5161
236 116 -0.2163  0.0000 11.1304
244 116 -0.1700  0.0000  0.0000
252 116 -0.0631  0.0000  0.0000
260 116  0.0290  0.0000  8.8276
268 116  0.0311  0.0000 11.1304
276 116 -0.2682  0.0000  0.0000
284 116 -0.4096  0.0000  0.0000
292 116  0.0445  0.0000 16.1088
  4 124  0.2774  0.0000  8.8276
 12 124  0.2907 -0.0403 10.5761
 20 124  0.2747  0.0000 11.1304
 28 124  0.1958  0.0000  0.0000
 36 124  0.0000 -0.5000  8.8276
 44 124 -0.7523  0.0000 12.0455
 52 124 -0.6996  0.0000  0.0000
 60 124 -0.5000  0.1588 10.5785
 68 124 -0.2587  0.0000 22.2609
 76 124 -0.0242  0.0000 16.1088
 84 124  0.2068  0.0000 11.1304
 92 124  0.3715  0.0000 16.1088
100 124  0.3244  0.0000  0.0000
108 124  0.0572  0.0000 11.1304
116 124 -0.2086  0.0000 11.1304
124 124 -0.1605  0.0000 11.1304
132 124 -0.0942  0.0000 11.1304
140 124  0.0000  1.7251  8.5018
148 124 -0.1858  0.0000 11.1304
156 124 -0.5000  0.0000  8.2581
164 124 -0.5000 -0.0391  9.3822
172 124 -0.3545  0.0000  0.0000
180 124 -0.2164  0.0000 11.1304
188 124 -0.1334  0.0000 11.1304
196 124 -0.1481  0.0000 11.1304
204 124 -0.3429  0.0000  8.8276
212 124 -0.5000 -0.1588 10.5785
220 124  0.1113  1.6014 11.9803
228 124  0.3978  0.0000  0.0000
236 124  0.7124  0.0000 16.1088
244 124  0.7147  0.0000  0.0000
252 124  0.4454  0.0000 11.1304
260 124  0.0000 -0.5000  8.8276
268 124 -0.4659  0.0000  0.0000
276 124 -0.9450  0.0000 16.1088
284 124 -0.8777  0.0000 16.1088
292 124 -0.6206  0.0000 19.4783
  4 132 -0.3322  0.0000  9.4208
 12 132 -0.0420  0.0000  8.0000
 20 132  0.1692  0.0000  8.8276
 28 132  0.1841 -0.0418 12.3683
 36 132 -0.1219  0.0000 16.1088
 44 132 -0.4043 -0.4043  8.0000
 52 132 -0.3866  0.0000  0.0000
 60 132 -0.3412  0.0000 11.1304
 68 132 -0.2955  0.0000 16.1088
 76 132 -0.1759  0.0000  0.0000
 84 132 -0.3652  0.0000 11.1304
 92 132 -0.4383  0.0000  8.2581
100 132 -0.3663  0.0000  0.0000
108 132 -0.2762  0.0000  0.0000
116 132 -0.2030  0.0000  0.0000
124 132 -0.1031  0.0000  0.0000
132 132 -0.0272  0.0000 11.1304
140 132  0.0114  0.0000 11.1304
148 132  0.1405  0.0000 16.1088
156 132  0.3212  0.0000  8.9704
164 132  1.1124  0.0000  0.0000
172 132  1.1284  0.0000  0.0000
180 132  0.7073  0.0000  0.0000
188 132  0.1841 -0.0418 12.3683
196 132  0.2875  0.1417 10.3838
204 132 -1.0000  0.0000  9.2850
212 132 -0.9954  0.0000  8.8276
220 132 -0.7823  0.0000  0.0000
228 132 -0.5387  0.0000 11.1304
236 132 -0.2412  0.0000 16.1088
244 132 -0.0087  0.0000 11.1304
252 132  0.0000  0.5000 11.1304
260 132 -0.2157  0.0000  0.0000
268 132 -0.3529  0.0000  0.0000
276 132 -0.3393  0.0000  0.0000
284 132 -0.3394  0.0000  0.0000
292 132 -0.4043  0.4043  8.0000
  4 140  0.0836  0.0215 17.4130
 12 140 -0.1309  0.0000  8.0000
 20 140 -0.3015  0.0000 11.1304
 28 140 -0.2763  0.0000  0.0000
 36 140 -0.2466  0.0000 11.1304
 44 140 -0.2190  0.2525 10.3911
 52 140  0.0227  0.0000 11.1304
 60 140  0.4362  0.0000 11.1304
 68 140  0.7022  0.0000 16.1088
 76 140  0.2893  0.0000  0.0000
 84 140 -0.0832 -0.3131  9.8462
 92 140  1.5000  0.0000  8.2581
100 140  1.3790  0.0000  0.0000
108 140  0.7785  0.0000  0.0000
116 140  0.0242  0.0000  0.0000
124 140  0.8170  0.0000 11.1304
132 140 -0.0218  0.2266 12.8350
140 140 -0.4391  0.0000  8.8276
148 140 -0.5335  0.0000  0.0000
156 140 -0.5000 -0.2274  6.6693
164 140 -0.2568  0.0627  8.5469
172 140  0.0298  0.0000  0.0000
180 140  0.1960  0.0000 11.1304
188 140 -0.1215  0.1200 17.1775
196 140 -0.1136  0.0000 11.1304
204 140  0.0328  0.2156 15.3670
212 140  0.2090  0.0000 11.1304
220 140  0.2909  0.0000  0.0000
228 140  0.2919  0.0000  0.0000
236 140 -0.0727  0.0000  0.0000
244 140 -0.3058  0.0000 11.1304
252 140 -0.1682  0.0000  0.0000
260 140 -0.1647  0.0000  0.0000
268 140 -0.2519  0.0000  0.0000
276 140 -0.0309  0.0000  0.0000
284 140  0.7332  0.0000  0.0000
292 140  1.5000  0.0000  8.2581
  4 148  0.8925  0.0000  9.4208
 12 148  0.4862  0.0000  0.0000
 20 148  1.0944  0.0000 11.1304
 28 148  1.0862  0.0000  8.8276
 36 148  0.5951  0.0000  0.0000
 44 148 -0.2661  0.0000 10.4867
 52 148  1.0687  0.0000 11.1304
 60 148  0.4713  0.0000  0.0000
 68 148  0.1080  0.0000 11.1304
 76 148 -0.0610  0.0000 19.4783
 84 148 -0.1376  0.0000 11.1304
 92 148 -0.1031  0.0000 12.0628
100 148  0.0567  0.0000 11.1304
108 148  0.2212  0.0000  0.0000
116 148  0.1112  0.0000  4.0635
124 148  0.2168  0.0000 11.1304
132 148  0.4984  0.0000  8.2581
140 148  0.8613  0.0000  8.8276
148 148  1.0640  0.0000 11.1304
156 148  0.5457  0.0000  0.0000
164 148 -0.1920  0.0000 11.1304
172 148 -0.5728  0.0000  0.0000
180 148 -0.0610  0.5000  7.7665
188 148 -0.0823  0.0000  8.8276
196 148 -0.4883  0.0000  0.0000
204 148 -0.5981  0.0000  0.0000
212 148  0.2415  0.0000  0.0000
220 148  0.9337  0.0000  0.0000
228 148  0.7454  0.0000  0.0000
236 148  0.4647  0.0000  0.0000
244 148  0.6005  0.0000  0.0000
252 148  0.6898  0.0000  0.0000
260 148  0.4658  0.0000  0.0000
268 148 -0.0654  0.0000  0.0000
276 148  1.0527  0.0000 11.1304
284 148  0.7227  0.0000 11.1304
292 148  0.5456  0.0000 17.0667
  4 156  0.4360  0.0000 11.1304
 12 156  0.2717  0.0000  0.0000
 20 156  0.0163  0.0000  0.0000
 28 156  0.0000 -0.5000  8.8276
 36 156  0.2093  0.0299 13.0089
 44 156  0.1796  0.3984  6.1974
 52 156  0.3642  0.0000  0.0000
 60 156  0.6820  0.0000  4.0635
 68 156  1.1113  0.0000  8.8276
 76 156  1.5000  0.0000  8.2581
 84 156  0.5405  0.0000 11.1304
 92 156 -0.5081  0.0000 16.1088
100 156 -1.1733  0.0000  8.5333
108 156 -0.0012 -0.0323  6.6384
116 156  0.0035  0.0020  6.8656
124 156 -0.7382  0.0000  5.0093
132 156 -1.3070  0.0337 12.4709
140 156 -0.2246  0.0000 11.1304
148 156  0.3753  0.0000  0.0000
156 156  0.3134  0.0000  0.0000
164 156  0.0464  0.0000 16.1088
172 156 -0.0067  0.0000 11.1304
180 156  0.3054  0.0000  9.2850
188 156  0.3732 -0.3694 10.3318
196 156  0.1735  0.0000  0.0000
204 156  0.7861  0.0000  0.0000
212 156  0.7708  0.0000  0.0000
220 156  0.8313  0.0000 11.1304
228 156  0.8619  0.0000 11.1304
236 156  0.6622  0.0000  0.0000
244 156 -0.0300  0.0000 11.1304
252 156 -0.2454  0.0000 11.1304
260 156 -0.1281  0.0000  0.0000
268 156  0.0945  0.0000  0.0000
276 156  0.2700  0.0000  0.0000
284 156  0.3981  0.0000  0.0000
292 156  0.3998  0.0000  0.0000
  4 164  0.0961 -0.2917  8.4628
 12 164 -0.0712  0.0000  0.0000
 20 164 -0.6012  0.0000 11.1304
 28 164 -1.0630  0.0000  0.0000
 36 164 -0.4922  0.0000 11.1304
 44 164 -0.3010  0.0000  0.0000
 52 164 -0.5619  0.0000  0.0000
 60 164 -0.6274  0.0000  0.0000
 68 164  0.1556  0.0000 12.2969
 76 164  0.2262  0.0000 11.1304
 84 164 -0.0203  0.0000 11.1304
 92 164 -0.3944  0.0000 11.1304
100 164 -0.6306  0.1105 11.2757
108 164 -0.0244  0.0333  8.7964
116 164  0.0841  0.0193  6.8512
124 164  0.2682 -0.3687  8.2429
132 164  0.3372  0.0000 11.1304
140 164  0.6319  0.0000 11.1304
148 164  0.9012  0.0000  0.0000
156 164  1.0923  0.0000  0.0000
164 164  1.0000  0.0000  9.2850
172 164 -0.2780 -0.1270 13.3759
180 164 -0.5661  0.0000  8.2581
188 164 -0.5000  0.0000 11.1304
196 164 -0.0290  0.0000  0.0000
204 164  0.0928  0.0000  0.0000
212 164  0.1268  0.0000  0.0000
220 164  0.0926  0.0000  0.0000
228 164 -0.0287  0.0000  0.0000
236 164 -0.0428  0.0000  0.0000
244 164 -0.3492  0.0000  0.0000
252 164 -1.0693  0.0000  0.0000
260 164 -0.7912  0.0000  0.0000
268 164 -0.4370  0.0000  0.0000
276 164 -0.3699  0.0000  0.0000
284 164 -0.2821  0.0000  0.0000
292 164  0.0377  0.0000  0.0000
  4 172  0.0000 -0.5000  8.8276
 12 172 -0.2154  0.0000 16.1088
 20 172 -0.4693  0.0000 16.1088
 28 172 -0.5442  0.0000  7.4357
 36 172 -0.1987  0.0000 19.1045
 44 172 -0.0009  0.0000 16.1088
 52 172  0.5000  0.0000  8.4768
 60 172 -0.1151 -0.1151 16.5161
 68 172  0.3703  0.0000  8.0000
 76 172  0.6885  0.0000 11.1304
 84 172  0.8194  0.0000  0.0000
 92 172  0.6027  0.0000  0.0000
100 172 -0.2007  0.0000  0.0000
108 172 -0.5948  0.0000  8.8276
116 172 -0.5998  0.0000  0.0000
124 172 -0.1469  0.0000 10.3584
132 172 -0.2106  0.0000 11.1304
140 172 -0.1435  0.0000  0.0000
148 172 -0.0312  0.0000 19.1045
156 172  0.0899  0.0000 11.1304
164 172  0.2544  0.0000 11.1304
172 172  0.1695 -0.0783 16.2025
180 172 -1.1838 -0.5000  7.5779
188 172 -0.8307  0.0000 16.1088
196 172 -0.3071  0.0000  0.0000
204 172 -0.1832  0.0000  0.0000
212 172 -0.1538  0.0000  0.0000
220 172 -0.0908  0.0000  0.0000
228 172 -0.1725  0.0000  0.0000
236 172 -0.3325  0.0000  0.0000
244 172 -0.4612  0.0000  0.0000
252 172 -0.4361  0.0000  0.0000
260 172 -0.2584  0.0000  0.0000
268 172 -0.3239  0.0000  0.0000
276 172 -0.1680  0.0000  0.0000
284 172 -0.2437  0.0000  0.0000
292 172  0.1560  0.0000 11.1304
  4 180  0.3997  0.0000 11.1304
 12 180  0.4539  0.0000 11.1304
 20 180  0.2515  0.0000 13.1641
 28 180 -0.2196  0.0000  0.0000
 36 180 -0.6779  0.0000 12.0628
 44 180 -1.1287  0.0000  0.0000
 52 180 -1.5000  0.0000  8.2581
 60 180 -0.9596  0.0000 12.0455
 68 180 -0.4965  0.0000  0.0000
 76 180 -0.1617  0.0000 11.1304
 84 180  0.0804  0.0000 11.1304
 92 180  0.2252  0.0000  0.0000
100 180  0.0900  0.0000  0.0000
108 180 -0.5501  0.0000  0.0000
116 180 -0.3790  0.0000  0.0000
124 180  0.0698 -0.2911 10.5124
132 180 -0.0456  0.0000  0.0000
140 180 -0.1596  0.0000 11.1304
148 180 -0.2278  0.0000 11.1304
156 180 -0.3390  0.0000  0.0000
164 180 -0.4700  0.0000  0.0000
172 180 -0.5456  0.0000 11.1304
180 180 -0.4930  0.0000 11.1304
188 180 -0.3732  0.5000  9.6402
196 180 -0.8533  0.0000 11.1304
204 180 -0.9241  0.0000 11.1304
212 180 -0.2112  0.0000  0.0000
220 180  0.0290  0.0000  0.0000
228 180  0.1682  0.0000  0.0000
236 180  0.1762  0.0000 11.1304
244 180  0.0534  0.0000  0.0000
252 180 -0.1084  0.0000  0.0000
260 180 -0.4177  0.0000  0.0000
268 180 -0.8827  0.0000  0.0000
276 180 -1.1867  0.0000  0.0000
284 180 -0.8878  0.0000  0.0000
292 180 -0.4906  0.0000 11.1304
  4 188 -0.1654  0.0000 11.1304
 12 188  0.0527  0.0000 11.1304
 20 188  0.1478  0.0000 10.9491
 28 188  0.0573  0.0000 16.1088
 36 188 -0.2084  0.0000 11.1304
 44 188 -0.1974  0.0000 11.1304
 52 188 -0.0950  0.0000 17.0667
 60 188 -0.2475  0.0000  8.0000
 68 188 -0.3309  0.0000 16.1088
 76 188 -0.3937  0.0000 11.1304
 84 188 -0.5082  0.0000  0.0000
 92 188 -0.6490  0.0000 17.0667
100 188 -0.7733  0.0000 16.1088
108 188 -0.8721  0.0000  0.0000
116 188 -1.0502  0.0000 19.1045
124 188 -1.5000  0.0000  8.2581
132 188 -0.9710  0.0000  0.0000
140 188 -0.1115  0.0000  0.0000
148 188 -0.0197  0.0000 11.1304
156 188  0.0400  0.0000  0.0000
164 188  0.0409  0.0000 16.1088
172 188  0.0000 -0.5000  8.8276
180 188  0.1728  0.0000  0.0000
188 188  0.0698  0.2911 10.5124
196 188 -0.3370  0.0000  0.0000
204 188 -0.5518  0.0000  8.8276
212 188 -0.4346  0.0000  0.0000
220 188 -0.2302  0.0000  0.0000
228 188 -0.0429  0.0000  0.0000
236 188  0.0641  0.0000 11.1304
244 188  0.0928  0.0000  0.0000
252 188  0.0430  0.0000  0.0000
260 188 -0.0712  0.0000  0.0000
268 188 -0.1508  0.0000  0.0000
276 188 -0.2604  0.0000  0.0000
284 188 -0.5000  0.0000  8.8276
292 188 -0.4922  0.0000 16.1088
  4 196 -0.5000  0.0000  8.8276
 12 196 -0.6106  0.0000 11.1304
 20 196 -0.7617  0.0000 12.0455
 28 196 -0.9068  0.0000  8.8276
 36 196 -1.0025  0.0000  0.0000
 44 196 -0.9993  0.0000  0.0000
 52 196 -0.8096  0.0000 12.0455
 60 196  0.1960  0.0000 11.1304
 68 196 -0.0157  0.0000  0.0000
 76 196 -0.0312  0.0000  0.0000
 84 196  0.0034  0.0000  0.0000
 92 196  0.0841  0.0000 16.1088
100 196  0.2369  0.0000  0.0000
108 196  0.5000  0.0000  8.4768
116 196  0.3135  0.0000  0.0000
124 196  0.0082  0.0000  8.8276
132 196 -0.0696 -0.0812 10.9765
140 196  0.0000  0.5000 11.1304
148 196  0.0480  0.0000 11.1304
156 196  0.1036  0.0000  0.0000
164 196  0.0783  0.0000 11.1304
172 196  0.0324  0.0000  8.2581
180 196  0.0158  0.0000  0.0000
188 196  0.0000 -0.5000  8.8276
196 196 -0.0720  0.0000 11.1304
204 196 -0.1871  0.0000  0.0000
212 196 -0.3637  0.0000  0.0000
220 196 -0.4217  0.0000  0.0000
228 196 -0.4707  0.0000  0.0000
236 196 -0.5797  0.0000  0.0000
244 196 -0.7229  0.0000  8.8276
252 196 -0.8482  0.0000 11.1304
260 196 -0.8747  0.0000 16.1088
268 196 -0.6332  0.0000 11.1304
276 196 -0.1481  0.0000 11.1304
284 196  0.7660  0.0000  8.8276
292 196  0.0000 -0.5000 11.1304
  4 204 -0.0822  0.0000 11.1304
 12 204 -0.0623  0.0000 11.1304
 20 204  0.0541  0.0000 11.1304
 28 204  0.2301  0.0000  0.0000
 36 204  0.3787  0.0000  8.8276
 44 204  0.2436  0.0000 11.1304
 52 204  0.0000  0.0855 10.6035
 60 204 -0.0017  0.0000 16.1088
 68 204  0.0701  0.0000  0.0000
 76 204  0.1270  0.0000  0.0000
 84 204  0.1613 -0.0424 17.4438
 92 204  0.0346  0.0000  0.0000
100 204 -0.0761  0.0000  0.0000
108 204 -0.0507  0.0000 16.1088
116 204  0.0061  0.0000 19.1045
124 204  0.0245  0.0000 17.0667
132 204  0.0000  1.5000  8.2581
140 204 -0.1165  0.0000  0.0000
148 204 -0.1947  0.0000 16.1088
156 204 -0.2678  0.0000  0.0000
164 204 -0.3731  0.0000  0.0000
172 204 -0.4903  0.0000 12.0628
180 204 -0.5556  0.0000  0.0000
188 204 -0.5000  0.0000 11.1304
196 204 -0.1049  0.0000 11.1304
204 204  0.4154  0.0000  0.0000
212 204  1.1562  0.0000  0.0000
220 204 -0.1512  0.0000  0.0000
228 204 -0.2149  0.0000  0.0000
236 204 -0.1995  0.0000  0.0000
244 204 -0.0600  0.0000 11.1304
252 204  0.1122  0.0000 16.1088
260 204  0.2104  0.0000  0.0000
268 204  0.1241  0.0000  0.0000
276 204 -0.0450  0.0000 19.4783
284 204 -0.0818  0.0000 16.1088
292 204 -0.0372  0.0000  0.0000
  4 212  0.0166  0.0000  0.0000
 12 212  0.0279  0.0000  0.0000
 20 212 -0.0748  0.0000 11.1304
 28 212 -0.1960 -0.5000 11.1304
 36 212 -0.0841  0.0000 16.1088
 44 212  0.0412  0.0000  0.0000
 52 212  0.1302  0.0000 11.1304
 60 212  0.1740  0.0000  8.4768
 68 212  0.1577  0.0000  0.0000
 76 212  0.1297  0.0000 11.1304
 84 212  0.0809  0.0000 11.1304
 92 212 -0.0062  0.0000 15.5009
100 212 -0.0945  0.0000 11.1304
108 212 -0.0216  0.0000  0.0000
116 212  0.5000  0.0000 11.1304
124 212  0.5743  0.0000 11.1304
132 212  0.8894  0.0000 11.1304
140 212  1.4524  0.0000 11.1304
148 212 -0.3570  0.0000  0.0000
156 212 -0.3806  0.0000 16.5161
164 212 -0.3732  0.3694 10.3318
172 212 -0.1907  0.0000 11.1304
180 212  0.0034  0.0000 14.6131
188 212  0.0982  0.0000 14.6131
196 212  0.0128  0.0000 16.1088
204 212 -0.2027  0.0000 11.1304
212 212 -0.2875  0.0000  0.0000
220 212 -0.2507  0.0000  0.0000
228 212 -0.1625  0.0000 11.1304
236 212 -0.0856  0.0000 11.1304
244 212 -0.0598  0.0000  0.0000
252 212 -0.0443  0.0000 12.0628
260 212  0.0489  0.0000  0.0000
268 212  0.1666  0.0000  0.0000
276 212  0.2848  0.0000 11.1304
284 212  0.3922  0.0000  0.0000
292 212  0.4768  0.0000 11.1304
  4 220  0.5405  0.0000  0.0000
 12 220  0.5586  0.0000  0.0000
 20 220  0.4848  0.0000 11.1304
 28 220  0.2783  0.0000 12.0628
 36 220  0.0000 -0.5000  8.8276
 44 220  0.3368  0.0000 11.1304
 52 220  0.6151  0.0000  4.0635
 60 220  1.0329  0.0000  0.0000
 68 220  1.6096  0.0000 16.1088
 76 220 -0.5516  0.0000  0.0000
 84 220 -0.5000  0.1180  9.2850
 92 220 -0.4596  0.0000 11.1304
100 220 -0.2658  0.0000  8.8276
108 220 -0.0164  0.0000 11.1304
116 220  0.1238  0.0000 16.1088
124 220  0.0000  0.1960 11.1304
132 220 -0.5000 -0.1588 10.5785
140 220 -0.6381  0.0000 11.1304
148 220 -0.5563  0.0000  0.0000
156 220 -0.3730  0.0000 11.1304
164 220 -0.1662  0.0000 11.1304
172 220  0.0291  0.0000 11.1304
180 220  0.1960  0.0000 11.1304
188 220  0.2539  0.0000 22.2609
196 220  0.3319  0.0000 11.1304
204 220  0.4623  0.0000 11.1304
212 220  0.6368  0.0000  0.0000
220 220  0.8350  0.0000  0.0000
228 220  1.0330  0.0000  0.0000
236 220  1.1888  0.0000  0.0000
244 220  1.2240  0.0000 11.1304
252 220  1.0000  0.0000  8.2581
260 220  0.2628  0.0000 11.1304
268 220  0.0000 -0.5000  8.8276
276 220  0.3432  0.0000  0.0000
284 220  0.9535  0.0000 11.1304
292 220  1.6652  0.0000 11.1304
