VARIABLES= "X pix", "Y pix", "U pix/dt", "V pix/dt", "CHC", ZONE I=28, J=37
  4   4  0.0000  0.0000 10.6915
 12   4  0.0000 -0.0515 11.4211
 20   4 -0.0095 -0.0120 10.9244
 28   4  0.0000  0.0000 10.9708
 36   4  0.0000  0.0000 11.0282
 44   4  0.0000  0.0000 11.0456
 52   4  0.0000  0.0000 11.0456
 60   4  0.0000  0.0000 11.0456
 68   4  0.0000  0.0000 10.9708
 76   4 -0.0424 -0.0076 10.9890
 84   4  0.0000  0.0000 10.9734
 92   4 -0.0000  0.0000 10.8839
100   4  0.0036  0.0642 12.3901
108   4  0.0000  0.0000 11.7754
116   4  0.0000  0.0000 11.0456
124   4  0.0000  0.0000 11.7754
132   4  0.0000  0.0000 11.7754
140   4  0.0000  0.0000 11.7754
148   4  0.0000  0.0000 12.4164
156   4  0.0000 -0.0166 11.5214
164   4  0.0000 -0.0145 11.0935
172   4  0.0000 -0.1087 11.3485
180   4  0.0000 -0.0762 11.3138
188   4  0.0000  0.0000 11.7754
196   4  0.0429 -0.0005 11.9681
204   4 -0.0016  0.0086 11.3676
212   4  0.0036  0.0106 11.8568
220   4  0.0316  0.0044 11.2331
228   4 -0.0504 -0.0950  9.5258
236   4  0.0100  0.1176 11.5740
244   4  0.0000  0.0000 10.2728
252   4  0.0000  0.0000 10.6476
260   4 -0.0017  0.0047 11.5290
268   4 -0.0526  0.0056 10.2716
276   4 -0.0733 -0.0082 12.0807
284   4  0.0000  0.0000 13.2965
292   4  0.0050  0.0130 12.9388
  4  12  0.0000  0.0000 12.8177
 12  12  0.0000  0.0000 11.6899
 20  12  0.2205 -0.0066 10.0183
 28  12  0.0000  0.0000  9.2086
 36  12  0.0000  0.0000 12.2835
 44  12  0.1767 -0.1921 13.5318
 52  12 -0.0435 -0.0178 16.0899
 60  12  0.1443  0.0500 17.6042
 68  12 -0.0761  0.0725 12.2280
 76  12 -0.0892 -0.1077 11.2620
 84  12  0.0000  0.0108 11.2748
 92  12  0.1055 -0.0169 10.0390
100  12 -0.1186  0.1372  9.3123
108  12  0.0000  0.0000  9.0894
116  12  0.0000 -0.1107  9.4370
124  12  0.0000  0.0000  9.9936
132  12  0.0000  0.0000  9.9936
140  12  0.0000  0.0000  9.9936
148  12  0.0000  0.0000  9.9936
156  12  0.0000  0.0000  9.9936
164  12  0.0000 -0.0403 10.7139
172  12  0.0000  0.0709 10.5827
180  12  0.0000  0.0000 11.2601
188  12  0.1368 -0.1108  9.0796
196  12  0.0130  0.0227  8.9977
204  12  0.1020  0.1939  8.7868
212  12  0.0830  0.0517 12.3847
220  12 -0.0027 -0.0077 15.5670
228  12  0.0000  0.0000 10.1740
236  12  0.0000  0.0000  9.4208
244  12  0.0000  0.0000 11.4745
252  12  0.0145  0.3437  7.7576
260  12  0.0000  0.0031  8.2581
268  12  0.0000  0.0613  8.7976
276  12  0.0000 -0.1667  8.8276
284  12  0.1182  0.1750 10.6483
292  12  0.0000  0.0000 11.2680
  4  20 -0.0649  0.0035 11.6468
 12  20  0.0000  0.0000  9.2774
 20  20 -0.0066  0.1809  9.4445
 28  20 -0.0830  0.1215  9.3649
 36  20  0.0000  0.0000  9.9740
 44  20  0.0196  0.0424  9.1734
 52  20 -0.1010 -0.0166 13.1478
 60  20  0.0000 -0.0018 13.1977
 68  20  0.0000  0.0018 12.3286
 76  20  0.0461  0.0044 13.4262
 84  20  0.0333  0.0038 13.7507
 92  20  0.0461  0.0056 12.8607
100  20 -0.0282  0.0368 13.2409
108  20 -0.0432 -0.0093 10.1170
116  20 -0.0037  0.0089 10.5218
124  20 -0.0025  0.0378  9.9878
132  20  0.0000  0.0000  9.5376
140  20 -0.0005 -0.0403  9.7381
148  20  0.0000 -0.0198  9.6305
156  20  0.0250  0.0085  9.3653
164  20 -0.0107 -0.0205 12.7145
172  20  0.0108 -0.0010 18.3747
180  20 -0.0215  0.0329 11.3595
188  20  0.0557 -0.0054 12.2429
196  20  0.0177  0.0062 12.5281
204  20 -0.0051  0.0023 13.6402
212  20  0.0000  0.0000 13.5425
220  20  0.0000  0.0000 20.1287
228  20  0.1148  0.0065 19.7088
236  20 -0.0095 -0.0090 19.4469
244  20  0.0058  0.0204 22.3643
252  20 -0.0669  0.0077 21.0007
260  20  0.0000  0.0336 18.0222
268  20  0.1143 -0.0697 18.5555
276  20  0.0637  0.0969 14.8290
284  20  0.0418 -0.0209 10.2518
292  20 -0.0524  0.0071 14.7692
  4  28  0.0000  0.0000 13.3107
 12  28 -0.0024 -0.0597 12.1444
 20  28  0.0046 -0.0160 13.1117
 28  28  0.0018  0.0303 12.8194
 36  28 -0.0134  0.0237 12.7888
 44  28 -0.0064 -0.0092 11.4894
 52  28 -0.0150 -0.0178 10.8790
 60  28  0.0157 -0.0037 11.4637
 68  28  0.0225  0.0010 11.3041
 76  28  0.0116 -0.0058 11.0704
 84  28  0.0015 -0.0105 10.9024
 92  28  0.0050  0.0003 10.3809
100  28  0.0000  0.0000 11.5428
108  28 -0.0056  0.0142 16.0372
116  28 -0.0025  0.0089 10.7634
124  28 -0.0136 -0.0023 10.9128
132  28 -0.0069  0.0013 10.1386
140  28 -0.0067 -0.0015 11.6613
148  28  0.0000  0.0000 11.8845
156  28  0.0078  0.0242 21.0739
164  28  0.0063 -0.0342 20.9221
172  28 -0.0132  0.0900 15.0168
180  28 -0.0733  0.0482 15.5328
188  28  0.0250  0.0033 12.7794
196  28 -0.0118  0.0011 12.8928
204  28 -0.0089  0.0179 13.0015
212  28  0.0059  0.0004 14.3443
220  28  0.0091  0.0009 15.2705
228  28  0.0000  0.0000 13.4762
236  28 -0.0104  0.0074 13.1226
244  28  0.0066 -0.0140 13.9213
252  28  0.0000  0.0000 21.4042
260  28  0.0527  0.0000 22.2850
268  28  0.0000  0.0000 25.7713
276  28 -0.0473 -0.0192 19.2460
284  28 -0.0108  0.0035 21.1304
292  28 -0.0168 -0.0241 19.6587
  4  36  0.0000 -0.0000  7.7026
 12  36  0.0037  0.0037  8.8196
 20  36  0.0044 -0.0053  7.5894
 28  36  0.0000  0.0000  7.4201
 36  36  0.0857 -0.0027  6.5733
 44  36  0.1020 -0.2697  7.0527
 52  36 -0.0102  0.0706  6.8072
 60  36  0.0733  0.0210  8.1809
 68  36  0.0326  0.1099  6.8674
 76  36 -0.0217  0.0094  7.7370
 84  36  0.0000  0.1269 13.1959
 92  36  0.0000  0.0000 12.9828
100  36  0.0247  0.0264  7.7800
108  36  0.0000  0.0000  8.4025
116  36  0.0000  0.0000  9.1963
124  36  0.1399  0.0587  6.2180
132  36  0.0000  0.0000 16.1088
140  36  0.0000  0.0000 22.2609
148  36 -0.0224  0.0070  5.9437
156  36  0.0000  0.0000 13.6535
164  36 -0.0150 -0.0119 16.5615
172  36 -0.0136  0.0029 13.2471
180  36  0.0169 -0.0138 12.0984
188  36 -0.0608 -0.0172  7.5992
196  36  0.0797  0.0052 12.3104
204  36  0.0033 -0.1355 11.2402
212  36 -0.0600  0.3008 10.3937
220  36 -0.1173  0.0158 11.7445
228  36  0.0000  0.0000 15.9140
236  36  0.0000  0.0000 14.0066
244  36  0.0000  0.0000  9.0307
252  36  0.0000  0.0000  7.8076
260  36  0.0000  0.0000  8.2565
268  36 -0.0320 -0.0156  6.2109
276  36 -0.0041 -0.0063  6.6500
284  36 -0.0021 -0.0409  9.2704
292  36 -0.1170  0.0260  8.3876
  4  44  0.0000  0.0000 11.1304
 12  44  0.0000  0.0000 12.0628
 20  44  0.0000  0.0000 11.0903
 28  44 -0.0250  0.0267 14.6637
 36  44 -0.0198 -0.0247 15.7992
 44  44 -0.0282 -0.0168 12.2480
 52  44  0.0000  0.0000 10.3707
 60  44  0.0000  0.0000  9.0038
 68  44  0.1808 -0.0365  7.3143
 76  44 -0.0867 -0.2039  6.6081
 84  44  0.3136  0.1174 10.3034
 92  44  0.0000  0.0000 16.1088
100  44 -0.0832  0.3131  9.8462
108  44  0.0000  0.0000  0.0000
116  44  0.0000  0.0000  0.0000
124  44  0.1203     NaN  5.4468
132  44     NaN  0.0000 17.0667
140  44  0.0000  0.0000  0.0000
148  44  0.0000  0.0000  5.8087
156  44 -0.0091  0.0351 13.9819
164  44 -0.0172  0.0024 12.1923
172  44  0.0000  0.0000 12.0362
180  44  0.0191 -0.0289 12.5071
188  44  0.0343 -0.0471  6.2890
196  44  0.2396 -0.1734  6.2743
204  44  0.0000  0.0000  7.8987
212  44 -0.0130 -0.0227  8.9977
220  44  0.0000  0.0000 10.6826
228  44  0.0000  0.0000 11.3866
236  44  0.0000  0.0000 10.8982
244  44  0.0000  0.0000 13.3851
252  44 -0.4421  0.1158  9.6583
260  44 -0.2093  0.0299 13.0089
268  44  0.0000  0.0000 12.5902
276  44  0.0000  0.0000 12.0628
284  44  0.0000  0.0000 11.9011
292  44  0.0000  0.0000 11.9011
  4  52  0.0000  0.0000  8.7453
 12  52  0.0000  0.0000  7.4479
 20  52 -0.1288 -0.2033  7.1935
 28  52  0.0000  0.0000 12.1615
 36  52  0.0000  0.0000 11.1304
 44  52  0.0000  0.0000  0.0000
 52  52  0.0000  0.0000 11.1304
 60  52  0.0000  0.0000  0.0000
 68  52  0.0000  0.0000  0.0000
 76  52  1.1838  2.5000  7.5779
 84  52  0.1151  0.1151 16.5161
 92  52  0.0000  0.0000 11.1304
100  52  1.0000  0.0000  8.2581
108  52  0.0000  0.0000  0.0000
116  52  0.0000  0.0000  0.0000
124  52  0.0000  0.0000  0.0000
132  52  0.0000  0.0000  0.0000
140  52  0.0000  0.0000  9.6291
148  52 -0.0021 -0.0008  7.5598
156  52 -0.0103  0.0070 28.2416
164  52  0.0231  0.0037 11.0387
172  52  0.0031 -0.0026 10.8644
180  52  0.0092 -0.0136 16.1912
188  52  0.0017  0.0273  6.2635
196  52 -0.3321  0.1276 10.3409
204  52  0.0000  0.0000 13.3565
212  52 -0.0308 -0.1268 11.5198
220  52  0.0180 -0.1459 12.6568
228  52 -0.0150  0.0399 15.8229
236  52  0.0000  0.0000 12.2639
244  52  0.0811  0.1813 13.6552
252  52  0.0000  0.0000 13.7993
260  52  0.0222 -0.1939  8.4826
268  52  0.1272 -0.1517 11.5747
276  52  0.0066  0.1433 12.6376
284  52 -0.0337  0.2057 11.4524
292  52  0.0000  0.0000 16.1438
  4  60  0.0000  0.0000  0.0000
 12  60  0.0000  0.0000 11.1304
 20  60  0.0000  0.0000  0.0000
 28  60  0.0000  0.0000  0.0000
 36  60  0.0000  0.0000  0.0000
 44  60  0.0000  0.0000  0.0000
 52  60  0.0000  0.0000  0.0000
 60  60  0.0000  0.0000  0.0000
 68  60  0.0000  0.0000  0.0000
 76  60  0.0000  0.0000  8.2581
 84  60  0.0000  0.0000 11.1304
 92  60  0.0000  0.0000 16.2126
100  60 -0.0663 -0.0821 14.2656
108  60  0.0000  0.0000 12.0628
116  60  0.0000  0.0000 16.6956
124  60  0.0000  0.0965 20.1348
132  60  0.0000  0.5000 11.1304
140  60  0.0509 -0.1990  8.2581
148  60 -0.0057 -0.0410  5.9158
156  60  0.0000  0.0000  5.8573
164  60  0.0000  0.0000  5.7079
172  60  0.0343 -0.0019  5.7039
180  60  0.0023 -0.0116  5.7803
188  60  0.8764  0.1160  7.2593
196  60  0.0000  0.0000 11.1304
204  60  0.0000  0.0000 16.1088
212  60  0.0000  0.0000  0.0000
220  60  0.0000  0.0000  0.0000
228  60  0.0000  0.0000 11.1304
236  60  0.3078 -0.1021  7.6998
244  60  0.0000  0.0000 13.7993
252  60  0.0000  0.0000  9.4762
260  60  0.1147 -0.0277 12.5081
268  60 -0.2637 -0.0367 10.8805
276  60 -0.0258 -0.0483  8.2581
284  60  0.1680  0.1923  7.5964
292  60  0.0250  0.0355 10.9086
  4  68  0.0000  0.0000  0.0000
 12  68  0.0000 -0.5000  8.8276
 20  68  0.0000  0.0000 11.1304
 28  68  0.0000  0.0000  0.0000
 36  68  0.0000  0.0000 11.1304
 44  68  0.0000  0.0000  0.0000
 52  68  0.0000  0.0000  8.4768
 60  68  0.1960  2.5000 11.1304
 68  68  0.0000  0.0000 17.0667
 76  68  0.0000  0.0000 17.0667
 84  68  0.0000  0.0000 10.6057
 92  68  0.1604  0.1966 12.9255
100  68  0.0167  0.0285 20.8775
108  68  0.0000  0.0000 16.1088
116  68 -4.5000 -0.1174 13.8795
124  68  2.5000  0.0000  8.8276
132  68  0.0000  0.0000 11.1304
140  68  0.0000  0.0000 12.0628
148  68  0.1912  0.0000 12.4272
156  68  0.0000  0.0000 12.3458
164  68  0.0000  0.0000 16.1088
172  68  0.0000  0.0000  8.0000
180  68  0.0000  0.0000 10.5211
188  68  0.0000  0.0000  0.0000
196  68  0.0000  0.0000  0.0000
204  68  0.0000  0.0000  0.0000
212  68  0.0000  0.0000  0.0000
220  68  0.0000  0.0000  0.0000
228  68  0.0000  0.0000  0.0000
236  68  0.0000  0.0000 11.1304
244  68  0.0000  0.0000 16.1088
252  68  0.0000  0.0000 16.1088
260  68  0.0000  0.0000 16.1088
268  68  0.0000  0.0000  9.2086
276  68 -0.1171 -0.1083 14.6826
284  68  0.0000  0.0000  0.0000
292  68  0.0000  0.0000  0.0000
  4  76  0.0000  0.0000 16.1088
 12  76  0.0000  0.5000 11.1304
 20  76  0.0000  0.0000  0.0000
 28  76  0.0000  0.0000  0.0000
 36  76  0.0000  0.0000 16.1088
 44  76 -0.1145  0.3366 11.1830
 52  76 -0.6939  1.5906 10.3613
 60  76  0.0000  0.0000 11.1304
 68  76  0.0000  0.0000 16.2126
 76  76  0.0000  0.0000 10.4039
 84  76 -0.0393 -0.0966  9.5937
 92  76  0.0825 -0.0760  7.0235
100  76  0.0000  0.0000 12.9245
108  76  0.0000  0.0000 11.1304
116  76  0.0000  0.0000 11.1304
124  76  0.0000 -0.5000  8.8276
132  76  0.0000  0.0000 11.1304
140  76  0.0000  0.0000 11.1304
148  76  0.0000  0.0000 16.1088
156  76  0.0000  0.0000 11.1304
164  76  0.3147  0.1622 11.3947
172  76 -0.2431  1.4121 10.5536
180  76  0.5000  0.0000 11.1304
188  76  0.4043 -0.4043  8.0000
196  76  0.0000  0.0000  0.0000
204  76  0.0000  0.0000  0.0000
212  76  0.0000  0.0000  0.0000
220  76  0.0000  0.0000  0.0000
228  76  0.0000  0.0000  0.0000
236  76  0.0000  0.0000 11.1304
244  76  0.0000  0.0000 11.1304
252  76  0.0000  0.0000  8.2581
260  76 -0.1341  0.0819 16.9583
268  76  0.0000  0.0000 11.1304
276  76  0.0000  0.0000 16.1088
284  76  0.0000 -0.1532  6.6459
292  76  0.0902  0.3250 14.0203
  4  84 -0.2743 -0.0236 10.8782
 12  84  0.0000  0.0000 11.1304
 20  84  0.0000 -0.5000  8.8276
 28  84  0.0000  0.0000  0.0000
 36  84 -0.2941  0.2017 13.7014
 44  84 -0.3715  0.1802  8.8928
 52  84 -0.0157 -0.4164  6.9088
 60  84 -0.0763  0.3336  9.3699
 68  84  0.0000  0.0000 12.0342
 76  84  0.0000  0.0000  9.4458
 84  84  0.0717 -0.1010  8.5505
 92  84 -0.9138  0.0664 12.3325
100  84 -0.2080 -0.2715 12.3107
108  84  0.0000  0.0000 11.9011
116  84  0.0000  0.0000 19.4783
124  84  2.5000  0.0000  8.8276
132  84  0.0000  0.0000 12.0628
140  84  0.0000  0.0000 11.4015
148  84 -0.1739  0.0059 15.0123
156  84  0.0000 -0.0855 10.6035
164  84 -1.5000  0.0000  8.2581
172  84 -3.1311 -3.8954  7.4511
180  84  0.0000 -0.0548  9.9740
188  84  0.4043  0.4043  8.0000
196  84  0.0000  0.0000  0.0000
204  84  0.0000  0.0000  0.0000
212  84  0.0000  0.0000  0.0000
220  84  0.0000  0.0000 16.1088
228  84  0.0000  0.0000  0.0000
236  84  0.0000  0.0000  0.0000
244  84  0.0000  0.0000  0.0000
252  84  0.0000  0.0000  0.0000
260  84  0.0000  0.0000  0.0000
268  84  0.1960 -0.5000 11.1304
276  84  0.0000  0.0000 11.1304
284  84  0.0000  0.0000 11.1304
292  84  0.0000  0.0000  6.6482
  4  92  0.0000  0.0000  0.0000
 12  92  0.0000  0.0000 10.1261
 20  92  0.0000  0.0000  9.7047
 28  92  0.0000  0.0000 12.5445
 36  92 -0.5000  0.0265  9.4815
 44  92  0.0086  0.0090 10.3918
 52  92 -0.0918 -0.2569  8.8729
 60  92  0.0000  0.0000 11.0903
 68  92  0.2414  0.0000 11.1304
 76  92  0.0000  0.0000 11.1304
 84  92 -0.0782 -0.2843  9.4151
 92  92 -0.5000  0.3577 12.8000
100  92  0.0000  0.0000 19.1045
108  92  0.1878 -0.0823  9.8951
116  92  0.0000  0.0000 14.5615
124  92  0.0000  0.0000 16.1088
132  92  0.0000  0.0000  0.0000
140  92  0.0000  0.0000 13.0803
148  92 -0.5000  0.0448  8.9013
156  92 -0.5000  0.0000  8.8276
164  92  2.5000  0.0000  8.8276
172  92  0.0000  0.1063  6.9728
180  92  0.0000  0.0000  0.0000
188  92  0.0000  0.0000  0.0000
196  92  0.0000  0.0000  0.0000
204  92  0.0000  0.0000  0.0000
212  92  0.0000  0.0000 11.1304
220  92  0.0000  0.0000 20.7059
228  92  0.0000  0.0000  0.0000
236  92  0.0000  0.0000  0.0000
244  92  0.0000  0.0000  0.0000
252  92  0.0000  0.0000  0.0000
260  92  0.0000  0.0000  0.0000
268  92  0.0000  2.5000  8.8276
276  92  0.0000  0.0000 11.1304
284  92  0.0000  0.0000 16.1088
292  92  0.0000  0.0000 11.1304
  4 100  0.1960  0.0000 11.1304
 12 100  0.0000  0.0000 16.1088
 20 100  0.0000  0.0000 16.1088
 28 100  0.0000  0.0000 16.1088
 36 100  0.0000  0.0000  0.0000
 44 100  0.0000  0.0000  9.2086
 52 100 -0.0913  0.2044 18.7317
 60 100  0.0000  0.0000 11.1304
 68 100  0.0000  0.0000 16.1088
 76 100  0.0000  0.0000  0.0000
 84 100  0.0000  0.0000  0.0000
 92 100 -0.1841  0.0418 12.3683
100 100  0.0000  0.0000 11.1304
108 100  0.0000  0.0000 11.1304
116 100  0.0000  0.0000 13.0803
124 100  0.0000 -1.5000  5.6609
132 100  0.0871 -0.0077 11.3013
140 100 -0.1149 -0.7946  8.7605
148 100  0.0000  0.0000  0.0000
156 100  0.0000  0.0000 16.1088
164 100  0.0000  0.0000  0.0000
172 100  0.0000  0.0000  0.0000
180 100  0.0000  0.0000  0.0000
188 100  0.0000  0.0000  0.0000
196 100  0.0000  0.0000  0.0000
204 100  0.0000  0.0000  0.0000
212 100  0.0000  0.0000  0.0000
220 100  0.0000  0.0000 11.1304
228 100  0.0000  0.0000  0.0000
236 100  0.0000  0.0000  8.0000
244 100  0.1307  0.0000  8.7262
252 100 -0.3127  0.1061  9.8739
260 100  0.0000  0.0000 11.1304
268 100 -0.5000 -2.0000  8.8276
276 100  0.0000  0.0000 22.2609
284 100  0.0000  0.0000 11.1304
292 100  0.0000  0.0000 11.1304
  4 108  0.0000  0.0000 11.0903
 12 108  0.0000 -0.1556 12.2969
 20 108 -0.0954  0.0359 13.9277
 28 108  1.0756 -0.0431  7.0865
 36 108  0.0000  0.0000 12.0455
 44 108  0.0000  0.0000 11.1304
 52 108  0.0000  0.0000 11.1304
 60 108  0.1932 -0.0103 11.2522
 68 108  0.0000  0.0000 16.1088
 76 108  0.0000  0.0000 20.7059
 84 108  0.0000  0.0000 13.3565
 92 108  0.0000  0.0000 16.1088
100 108 -0.5000  0.0000  8.8276
108 108  2.5000  0.0000  8.8276
116 108  0.2155 -0.1345  9.8767
124 108  0.0000  0.0000 20.2673
132 108  0.0000  0.0000  0.0000
140 108  0.0000 -0.5000  8.8276
148 108  0.0000  0.0000  0.0000
156 108  0.1050 -0.5000  6.8903
164 108  0.0000  0.0000 11.1304
172 108  0.0000  0.0000 11.1304
180 108  0.0000  0.0000  0.0000
188 108  0.0000  0.0000  0.0000
196 108  0.0000  0.0000 11.1304
204 108  0.0000  0.0000  0.0000
212 108  0.0000  0.0000  0.0000
220 108  0.0000  0.0000 11.1304
228 108  0.0000  0.0000  0.0000
236 108  0.0000  0.0000 11.1304
244 108     NaN  1.3042  8.8684
252 108  0.5000 -0.0413 10.4642
260 108  0.0000  0.0000  0.0000
268 108  0.0000  0.0000 11.1304
276 108  0.0000  0.0000 11.1304
284 108  0.0000  0.0000  0.0000
292 108  0.0000  0.0000 16.1088
  4 116  0.0000  0.0000 13.1641
 12 116  0.0000  0.0000  8.4914
 20 116  0.0000  0.0000 12.5203
 28 116  0.1241  0.0900  9.7710
 36 116 -0.3686 -0.3107 10.4490
 44 116  0.5000  0.3743  7.8528
 52 116     NaN -0.1110  8.4253
 60 116  0.0000  0.0000  0.0000
 68 116  2.5000  0.0000  8.8276
 76 116  0.0000  0.0000 22.2609
 84 116  0.0000  0.0000 12.0455
 92 116  0.0000  0.0000  0.0000
100 116  0.0000  0.0000  0.0000
108 116  0.0000  0.0000 11.1304
116 116  0.0000  0.0000 11.1304
124 116  0.0000  0.0000 16.1088
132 116  0.0000  0.0000 11.1304
140 116  0.0418 -0.1521 12.6567
148 116  0.0000  0.0000 11.1304
156 116  0.0000  0.0000 13.6170
164 116  0.0000  0.0000  0.0000
172 116  0.0000  0.0000  0.0000
180 116  0.0000  0.0000 11.1304
188 116  0.0000  0.0000  0.0000
196 116  0.0000  0.0000  0.0000
204 116  0.0000  0.0000 11.1304
212 116  0.0000 -0.5000  8.8276
220 116  0.0000 -0.5000 11.1304
228 116  0.0000  0.0000 16.1088
236 116  0.0000  0.0000  0.0000
244 116  4.5000  4.5000  4.0635
252 116  0.0000  0.0000  0.0000
260 116 -0.2780 -0.1270 13.3759
268 116  2.5000  0.0000  8.8276
276 116  0.0000  0.0000 11.1304
284 116  0.0000  0.0000  0.0000
292 116  1.5000  0.5000  8.4476
  4 124  0.0000  0.0000 12.0628
 12 124  0.0557 -0.0632 16.2106
 20 124  0.0000  0.0000  0.0000
 28 124  0.0000  0.0000  0.0000
 36 124  0.0000  0.0000 11.1304
 44 124  0.1960  0.0000 11.1304
 52 124  0.0000  0.0000  8.0000
 60 124  0.0000  0.0000  0.0000
 68 124  0.0000  0.0000 11.1304
 76 124  0.0000  0.0000 12.8600
 84 124 -2.8274  0.3035  7.6077
 92 124  0.0000  0.0000 11.1304
100 124  0.0000  0.0000  0.0000
108 124  0.0000  0.0000 11.1304
116 124  0.0000  0.0000  0.0000
124 124  0.0000 -0.5000  8.8276
132 124  0.4918 -2.5000  6.7623
140 124  0.0000  0.0000 11.1304
148 124  0.0000  0.0000 11.1304
156 124  0.0000  0.0000 11.1304
164 124  0.0000  0.0000  0.0000
172 124  0.0000  0.0000 11.1304
180 124  0.0000  0.0000 11.1304
188 124  0.0000  0.0000  0.0000
196 124  0.0000  0.0000 11.1304
204 124  0.0000  0.0000 11.1304
212 124  0.0000 -0.5000  8.8276
220 124  0.0000  0.0000  0.0000
228 124  0.0000  0.0000  0.0000
236 124  0.0360  0.1854 12.6331
244 124 -2.5000 -0.2146  7.4688
252 124  0.0000  0.0000  0.0000
260 124  0.0000  0.0000 11.1304
268 124  0.0000  0.0000 11.1304
276 124  0.0000  0.0000  0.0000
284 124  0.0000  0.0000 11.1304
292 124  0.0000  0.0000  0.0000
  4 132  0.0000  0.0000 11.1304
 12 132  0.0000  0.0000 11.1304
 20 132  0.0000  0.0000  0.0000
 28 132  0.0000  0.0000 11.1304
 36 132  0.0000  0.0000 16.1088
 44 132  0.0000  0.0000  8.2581
 52 132  0.0000  0.0000  0.0000
 60 132  0.0000  0.0000  0.0000
 68 132  0.0000 -0.5000  8.8276
 76 132 -0.0698 -0.2911 10.5124
 84 132  0.0000  0.0000  0.0000
 92 132  0.0000  0.0000 11.1304
100 132  0.0000  0.0000 11.1304
108 132  0.0000  0.0000 11.1304
116 132  0.0000  0.0000 11.1304
124 132  0.0000  0.0000  0.0000
132 132  0.0000  0.0000  0.0000
140 132  0.0000  0.5000 11.1304
148 132  0.0000 -0.1063  6.9728
156 132  0.8170  0.0000  8.8276
164 132  0.0000  0.0000  0.0000
172 132  0.0000  0.0000 11.1304
180 132  0.0000  0.0000 11.1304
188 132  0.0000  0.0000 16.1088
196 132  0.0000 -0.0855 10.6035
204 132  0.0000  2.5000  8.8276
212 132  0.0000  0.0000 11.1304
220 132  0.0000  0.0000 11.1304
228 132  0.0000  0.0000  0.0000
236 132  0.0000  0.0000  0.0000
244 132  0.0000  0.0000 11.1304
252 132  0.0000  0.0000 11.1304
260 132  0.0000  0.0000  8.0688
268 132  0.0000  0.0000  0.0000
276 132  0.0000  0.0000  0.0000
284 132  1.3070 -0.0337 12.4709
292 132  0.0000  0.0000 11.9011
  4 140  0.0000  0.0000 15.3350
 12 140  2.5000  0.0000  8.8276
 20 140  0.0000  0.0000 16.1088
 28 140  0.0000  0.0000  0.0000
 36 140 -0.5000 -0.0391  9.3822
 44 140 -0.0449  0.2432 10.2400
 52 140  1.1838  2.5000  7.5779
 60 140  0.0000  0.0000 16.1088
 68 140  0.0000  0.0000 16.1088
 76 140  0.0000  0.0000  0.0000
 84 140  0.0000  0.0000  0.0000
 92 140  0.0000  0.0000 16.1088
100 140  0.0000  0.0000  0.0000
108 140  0.0000  0.0000  0.0000
116 140  0.0000  0.0000  0.0000
124 140  0.0000  0.0000  0.0000
132 140  0.1960  2.5000 11.1304
140 140  0.0000  0.0000 11.1304
148 140  0.0000  0.0000  0.0000
156 140  0.6874  0.0203  9.2302
164 140  0.0000  0.0000  0.0000
172 140  0.0000  0.0000  0.0000
180 140  0.0000  0.0000 11.1304
188 140  0.0000  0.0000 16.1088
196 140  0.0000  0.0000  8.4768
204 140  0.0000  0.0000 13.7544
212 140  0.0000  0.0000 11.1304
220 140  0.0000  0.0000  0.0000
228 140  0.0000  0.0000  0.0000
236 140  0.0000  0.0000  0.0000
244 140  0.0000  0.0000 11.1304
252 140  0.0000  0.0000  0.0000
260 140  0.0000  0.0000  0.0000
268 140 -0.5000  0.0000  8.8276
276 140  0.0000  0.0000  0.0000
284 140  0.0000  0.0000  0.0000
292 140  0.0000  0.0000 11.1304
  4 148  0.0000  0.0000 10.2729
 12 148  0.0000  0.0000 11.1304
 20 148  0.0000  0.0000 11.1304
 28 148  0.0000  0.0000 11.1304
 36 148  0.0000 -0.5000  8.8276
 44 148  0.0000  0.0000  0.0000
 52 148  0.0000  0.0000  0.0000
 60 148  0.0000  0.0000 16.1088
 68 148  0.0000  0.0000  0.0000
 76 148  0.0000 -0.5000  8.8276
 84 148  0.0000  0.0000  0.0000
 92 148  0.0000  0.0000  0.0000
100 148  0.0000  0.0000 11.1304
108 148  0.0000  0.0000  0.0000
116 148  0.0000  0.0000 11.1304
124 148  0.0000  0.0000  0.0000
132 148  0.0000  0.0000 12.0455
140 148  0.0000  0.0000  0.0000
148 148  0.0000  0.0000  0.0000
156 148  0.0610  0.5000  7.7665
164 148  0.0000  0.0000 11.1304
172 148  0.0000  0.0000  0.0000
180 148  0.0000  0.0000 12.0628
188 148  0.0000  0.0000 11.1304
196 148  0.0000  0.0000  0.0000
204 148  0.0000  0.0000 11.1304
212 148  0.0000  0.0000  0.0000
220 148  0.0000  0.0000  0.0000
228 148  0.0000  0.0000  0.0000
236 148  0.0000  0.0000  0.0000
244 148  0.0000  0.0000  0.0000
252 148  0.0000  0.0000  0.0000
260 148  0.0000  0.0000  0.0000
268 148  0.0000  0.0000  0.0000
276 148  0.0000  0.0000 11.1304
284 148  0.0000  0.0000 11.1304
292 148  0.0000  0.0000 11.1304
  4 156     NaN  0.0000 17.0667
 12 156  0.0000  0.0000  0.0000
 20 156  0.0000  0.0000 11.1304
 28 156  0.0000  0.0000  0.0000
 36 156  0.0000  0.0000 11.1304
 44 156  0.0000  0.0000 11.1304
 52 156  0.0000  0.0000 11.1304
 60 156  0.0000  0.0000  0.0000
 68 156  0.2678 -0.0719 10.2400
 76 156 -0.0850  2.5000 10.1947
 84 156  0.0000  2.5000  8.8276
 92 156  0.0000  0.0000 19.1045
100 156  0.0000  0.0000 11.1304
108 156  0.0000  0.0000  0.0000
116 156  0.0000  0.0000 16.1088
124 156  0.0000  0.0000  0.0000
132 156  0.5000 -0.3889  6.6693
140 156  0.0000  0.0000  0.0000
148 156  0.0000  0.0000  0.0000
156 156  0.0000  0.0000 22.2609
164 156  0.0000  0.0000 11.1304
172 156  0.0000  0.0000  0.0000
180 156  0.0000  0.0000 12.0628
188 156  0.0000  0.0000 11.1304
196 156  0.0000  0.0000  0.0000
204 156  0.0000  0.0000  0.0000
212 156  0.0000  0.0000 16.1088
220 156  0.0000  0.0000 11.1304
228 156  0.0000  0.0000  0.0000
236 156  0.0000  0.0000 11.1304
244 156  0.0000  0.0000  0.0000
252 156  0.0000  0.0000  0.0000
260 156  0.0000  0.0000  0.0000
268 156  0.0000  0.0000  0.0000
276 156  0.0000  0.0000  0.0000
284 156  0.0000  0.0000  0.0000
292 156  0.0000  0.0000  0.0000
  4 164  0.0000  0.0000  0.0000
 12 164  0.0000  0.0000  0.0000
 20 164  0.0000  0.0000 11.1304
 28 164 -0.5000  0.0000  8.8276
 36 164 -0.2761 -0.0806  9.3746
 44 164  0.0000  0.0000 16.1088
 52 164  0.0000  0.0000 11.1304
 60 164  0.0000  0.0000  0.0000
 68 164  0.0000  0.0000 12.0628
 76 164  0.0000  0.0000  8.0000
 84 164  0.0226  0.2586 17.1257
 92 164  0.0000  0.0000  0.0000
100 164  0.0000  0.0000  7.4468
108 164 -0.0098  0.0214  6.0556
116 164  0.0040 -0.1256  6.3861
124 164  0.0000  0.0000  0.0000
132 164 -0.2907 -0.0403 10.5761
140 164  2.5000  0.0000  8.8276
148 164  0.0000  0.0000 19.1045
156 164  0.0000  0.0000  0.0000
164 164  0.0000  0.0000 16.1088
172 164  0.0000  0.0000  0.0000
180 164  0.0000  0.0000 12.0628
188 164  0.0000  0.0000 11.1304
196 164  0.0000  0.0000  0.0000
204 164  0.0000  0.0000  0.0000
212 164  0.0000  0.0000  0.0000
220 164  0.5000  0.0000  8.4768
228 164  0.0000  0.0000 16.1088
236 164  0.0000  0.0000  0.0000
244 164  0.0000  0.0000  0.0000
252 164  0.0000  0.0000  0.0000
260 164  0.0000  0.0000  0.0000
268 164  0.0000  0.0000  0.0000
276 164  0.0000  0.0000  0.0000
284 164  0.0000  0.0000  0.0000
292 164  0.0000  2.5000  8.8276
  4 172  0.0000  0.0000  0.0000
 12 172  0.0000  0.0000 11.1304
 20 172  0.0000  0.0000 11.1304
 28 172  0.0000  0.0000 11.1304
 36 172  0.0000  0.0000 11.1304
 44 172  0.0000  0.0000 11.1304
 52 172  0.0000  0.0000  0.0000
 60 172  0.0000  0.0000  0.0000
 68 172  1.5000  0.0000  8.2581
 76 172 -0.1151 -0.1151 16.5161
 84 172  0.0000  0.0000  0.0000
 92 172  0.0000  0.0000 11.1304
100 172  0.0829  0.0214  7.0937
108 172 -0.0188  0.0335  6.8800
116 172 -0.0611 -0.0035  6.2504
124 172  0.0000  0.0000  0.0000
132 172  0.0000  0.0000  0.0000
140 172  0.0000  0.0000  0.0000
148 172  0.0000  0.0000  0.0000
156 172  0.0000  0.0000  0.0000
164 172  0.1960  0.0000 11.1304
172 172  0.0000  0.0000  0.0000
180 172 -1.5000  0.0000  8.2581
188 172  0.0000  2.5000  8.8276
196 172  0.0000  0.0000  0.0000
204 172  0.0000  0.0000 11.1304
212 172  0.0000  0.0000  0.0000
220 172  0.0000  0.0000 11.1304
228 172  0.0000  0.0000  0.0000
236 172  0.0000  0.0000  0.0000
244 172  0.0000  0.0000  0.0000
252 172  0.0000  0.0000  0.0000
260 172  0.0000  0.0000  0.0000
268 172 -0.5000  0.0000  8.8276
276 172  0.0000  0.0000 11.1304
284 172  0.0000  0.0000  0.0000
292 172  0.0000  0.0000  0.0000
  4 180 -0.1101  0.3261  7.7744
 12 180  0.0000  0.0000 16.1088
 20 180 -1.5000  0.0000  8.2581
 28 180  0.0000  0.0000 16.7450
 36 180 -0.0418  0.1521 12.6567
 44 180  0.0000  2.5000  8.9154
 52 180  0.0000  0.0000  0.0000
 60 180 -0.1717 -0.4043 10.4490
 68 180 -0.5000  0.0203 12.4022
 76 180  0.0000  0.0000  0.0000
 84 180  0.0000  0.0000  0.0000
 92 180  0.0000  0.0000  0.0000
100 180  0.0000  0.0000 16.1088
108 180  0.5000  0.0000  8.4768
116 180  0.0000  0.0000  0.0000
124 180 -0.2404  0.0190 14.2104
132 180 -0.5000  0.0391  9.3822
140 180  0.0000  0.0000 11.1304
148 180  0.0000  0.0000 11.1304
156 180  0.0000  0.0000  0.0000
164 180  0.0000  0.0000 11.1304
172 180  0.0000  0.0000 11.1304
180 180  0.0000  0.0000  0.0000
188 180  0.0000 -0.5000  8.8276
196 180  0.0000  0.0000 11.1304
204 180  0.0000  0.0000  0.0000
212 180  0.0000  0.0000  0.0000
220 180  0.0000  0.0000  0.0000
228 180  0.0000  0.0000  0.0000
236 180  0.0000  0.0000 11.1304
244 180  0.0000  0.0000 11.1304
252 180  0.0000  0.0000  0.0000
260 180  0.0000  0.0000  0.0000
268 180  0.0000  0.0000 11.1304
276 180  0.0000  0.0000 11.1304
284 180  0.0000  0.0000  0.0000
292 180  0.0000  0.0000 11.1304
  4 188  0.0000  0.0000 16.1088
 12 188  0.0000  0.0000  0.0000
 20 188  0.0000  0.0000  0.0000
 28 188  0.0000  0.0000 16.1088
 36 188  0.0000  0.0000 16.1088
 44 188  0.0000  0.0000  0.0000
 52 188  0.0000  2.5000  8.8276
 60 188  0.0000  0.0000  5.4468
 68 188  0.5000  0.0418 12.4022
 76 188  0.0000  0.0000  0.0000
 84 188  0.0000  0.0000  0.0000
 92 188  0.0000  0.0000  0.0000
100 188 -0.5000  0.0000  8.8276
108 188  0.0000  0.0000  0.0000
116 188  0.0000  0.0000  0.0000
124 188  0.0000  0.0000  9.2850
132 188  0.0000  0.0000 11.1304
140 188  0.0000  0.0000  0.0000
148 188  0.0000  0.0000  0.0000
156 188  0.0000  0.0000 11.1304
164 188  0.0000  0.0000 11.1304
172 188  0.0000  2.5000  8.8276
180 188  0.0000  0.0000 11.1304
188 188  0.0698  0.2911 10.5124
196 188  0.0000  0.0000  0.0000
204 188  0.0000  0.0000  0.0000
212 188  0.0000  0.0000  0.0000
220 188  0.0000  0.0000  0.0000
228 188  0.0000  0.0000  0.0000
236 188  0.0000  0.0000 11.1304
244 188  0.0000  0.0000  0.0000
252 188  0.0000  0.0000 11.1304
260 188  0.0000  0.0000  0.0000
268 188  0.0000  0.0000  0.0000
276 188  0.0000  0.0000  0.0000
284 188  0.0000  0.0000 11.1304
292 188  0.0000  0.0000 17.0667
  4 196 -0.5000  0.0000  8.8276
 12 196  0.0000  0.0000  0.0000
 20 196 -1.3070 -0.0337 12.4709
 28 196  0.0000  0.0000 16.1088
 36 196  0.0000  0.0000 11.1304
 44 196  0.0000  0.0000  0.0000
 52 196  0.0000  0.0000 19.1045
 60 196  0.0000  0.0000 20.7059
 68 196  0.0000  0.0000  0.0000
 76 196  0.0000  2.5000  8.8276
 84 196  0.0000  0.0000  0.0000
 92 196  0.0000  0.0000 11.1304
100 196  0.0000  0.0000 22.2609
108 196 -0.1834 -0.0484 13.7039
116 196  0.0000  0.0000  0.0000
124 196  0.8442 -0.5000  7.5025
132 196  0.0000  0.0000  0.0000
140 196  0.0000  0.0000  0.0000
148 196  0.0000  0.0000  0.0000
156 196  0.0000  0.0000  0.0000
164 196  0.0000  0.0000 11.1304
172 196  0.0000  0.0000 11.1304
180 196  0.0000  0.0000  0.0000
188 196 -0.1960  0.0000 11.1304
196 196  0.0000  0.0000  0.0000
204 196  0.0000  0.0000  0.0000
212 196  0.0000  0.0000  0.0000
220 196  0.0000  0.0000  0.0000
228 196  0.0000  0.0000 11.1304
236 196  0.0000  0.0000  0.0000
244 196  0.0000  0.0000  0.0000
252 196 -0.5000  0.0000  8.8276
260 196  0.0000  0.0000 11.1304
268 196  0.0000  0.0000  0.0000
276 196 -0.5000  1.8890  8.4253
284 196  0.2780 -0.1270 13.3759
292 196  0.0000  0.0000 19.4783
  4 204  0.0000  0.0000 11.1304
 12 204  0.0000 -0.5000  8.8276
 20 204  1.0000  0.0000  9.2850
 28 204  0.0000  0.0000 11.1304
 36 204  0.0000  0.0000  0.0000
 44 204  0.0000  0.0000  0.0000
 52 204  0.0000  0.0000  0.0000
 60 204  0.0000  0.0000  0.0000
 68 204  0.0000  0.0000 16.1088
 76 204  0.0000  0.0000 11.1304
 84 204  0.0000  0.0000  0.0000
 92 204  0.0000  0.0000 11.1304
100 204 -0.1960  0.0000 11.1304
108 204 -1.2596  0.3479  7.1968
116 204  0.0000  0.0000  0.0000
124 204  1.5000  0.0000  8.2581
132 204  0.0000  0.0000 11.1304
140 204  0.0000  0.0000 12.0628
148 204  0.2568 -0.0627  8.5469
156 204  0.0000  0.0000  0.0000
164 204  0.0000  0.0000 11.1304
172 204  0.0000  0.0000 11.1304
180 204  0.0000  0.0000  0.0000
188 204  0.0000  0.0000 16.1088
196 204  0.0000  0.0000 16.1088
204 204  0.0000  0.0000  0.0000
212 204  0.0000  0.0000  0.0000
220 204  0.0000  0.0000  0.0000
228 204  0.0000  0.0000  0.0000
236 204  0.0000  0.0000  0.0000
244 204  0.0000  0.0000  0.0000
252 204  0.0000 -0.5000  8.8276
260 204  0.0000 -0.5000  8.8276
268 204  0.0000  0.0000 22.2609
276 204  0.0000  0.0000  0.0000
284 204  0.0000  0.0000  0.0000
292 204  0.0000  0.0000  0.0000
  4 212  0.0000  0.0000  0.0000
 12 212  0.0000  0.0000 11.1304
 20 212  0.0000 -0.5000  8.8276
 28 212  0.0000  0.0000 11.1304
 36 212  0.0000  0.0000 11.1304
 44 212  0.0000  0.0000  0.0000
 52 212  0.0000  0.0000 11.1304
 60 212  0.0000  0.0000 16.1088
 68 212  0.0000  0.0000  0.0000
 76 212  0.0000  0.0000 11.1304
 84 212  0.0000  0.0000  0.0000
 92 212  0.0000  0.0000  0.0000
100 212  0.0000  0.0000  0.0000
108 212  0.0000  0.0000 16.1088
116 212  0.0769  0.0903 15.2155
124 212 -0.0463 -0.2927  7.3438
132 212  0.0000  0.0000  0.0000
140 212  0.0000  0.0000  0.0000
148 212  0.0000  0.0000  0.0000
156 212  0.0000  0.0000  0.0000
164 212  0.0000  0.0000 19.1045
172 212  0.0000  0.0000 11.1304
180 212  0.0000  0.0000  0.0000
188 212  0.0000  0.0000  0.0000
196 212  0.0000  0.0000 16.1088
204 212  0.0000  0.0000 11.1304
212 212  0.0000  0.0000  0.0000
220 212  0.0000  0.0000  0.0000
228 212  0.0000  0.0000  0.0000
236 212  0.0000  0.0000  0.0000
244 212  0.0000  0.0000 11.1304
252 212  0.0000  0.0000 16.1088
260 212 -0.1960  2.5000 11.1304
268 212  2.5000  0.1588 10.5785
276 212  0.0000  0.0000 11.1304
284 212  0.0000  0.0000  0.0000
292 212  0.0000  0.0000  0.0000
  4 220  0.0000  0.0000  0.0000
 12 220  0.0000  0.0000 11.1304
 20 220  0.0000 -0.5000  8.8276
 28 220  0.1960  0.0000 11.1304
 36 220  1.5000  0.0000  8.2581
 44 220  0.0000  0.0000  0.0000
 52 220  0.0000  0.0000 11.1304
 60 220  0.0000  0.0000  0.0000
 68 220  0.0000  0.0000  0.0000
 76 220  0.0000  0.0000  0.0000
 84 220  0.0000  0.0000  0.0000
 92 220  0.0000  0.0000  0.0000
100 220  0.0000  0.0000  0.0000
108 220  0.0000  0.0000  0.0000
116 220 -0.1960  2.5000 11.1304
124 220  0.0418 -0.1521 12.6567
132 220  0.0000  0.0000  0.0000
140 220  0.0000  0.0000  0.0000
148 220  1.1838  2.5000  7.5779
156 220  0.0000  0.0000  8.2581
164 220  0.0000  0.0000 17.2183
172 220  0.0000  0.0000 16.1088
180 220  0.0000  0.0000 13.5576
188 220  0.0000  0.0000  0.0000
196 220  0.0000  0.0000 11.1304
204 220  0.0000  0.0000  0.0000
212 220  0.0000  0.0000  0.0000
220 220  0.0000  0.0000  0.0000
228 220  0.0000  0.0000  0.0000
236 220  0.0000  0.0000  0.0000
244 220  0.0000  0.0000  0.0000
252 220  0.0000  0.0000 11.1304
260 220  0.0000  0.0000 11.1304
268 220  0.0000  0.0000  0.0000
276 220  0.0000  0.0000  0.0000
284 220  0.0000  0.0000  0.0000
292 220  0.0000  0.0000  0.0000
