VARIABLES= "X pix", "Y pix", "U pix/dt", "V pix/dt", "CHC", ZONE I=28, J=37
  4   4  0.0000  0.0000 10.6915
 12   4  0.0000  0.0000 10.9708
 20   4  0.0000  0.0000 10.9708
 28   4  0.0000  0.0000 10.9708
 36   4 -0.0022 -0.0174 10.9425
 44   4  0.0000  0.0000 11.0456
 52   4  0.0000  0.0000 11.0456
 60   4  0.0000  0.0000 11.0456
 68   4  0.0000  0.0000 10.9708
 76   4  0.0424  0.0076 10.9890
 84   4  0.0000  0.0000 10.9734
 92   4  0.0000 -0.0026 10.8731
100   4 -0.0036 -0.0642 12.3901
108   4  0.0000  0.0000 11.7754
116   4  0.0000  0.0000 11.0456
124   4  0.0000  0.0000 11.7754
132   4  0.0000  0.0000 11.7754
140   4  0.0000  0.0000 11.7754
148   4  0.0000  0.0000 12.4164
156   4  0.0000  0.0000 11.1505
164   4  0.0000  0.0000 11.0456
172   4  0.0000  0.0436 10.9164
180   4  0.0000  0.0762 11.3138
188   4  0.0000  0.0000 11.7754
196   4 -0.0398 -0.0048 11.9137
204   4  0.0000  0.0000 11.9407
212   4  0.0000  0.0000 11.9483
220   4  0.0020  0.0024 10.9258
228   4  0.0000  0.0000  9.2569
236   4 -0.0266 -0.1230 11.4849
244   4  0.0066  0.0042 10.2629
252   4  0.0000  0.0000 10.6476
260   4  0.0559  0.0049 11.1506
268   4  0.0428 -0.0012 10.2691
276   4  0.0733  0.0082 12.0807
284   4  0.0000  0.0206 12.6783
292   4  0.0586 -0.0868 12.1526
  4  12  0.0239 -0.0773 12.3417
 12  12  0.0000  0.0000 11.6899
 20  12  0.0000  0.2523  9.9740
 28  12  0.0000  0.0000  9.2086
 36  12 -0.1703 -0.0485 12.2989
 44  12 -0.1767  0.1921 13.5318
 52  12  0.0818 -0.1585 14.4339
 60  12  0.0034 -0.0570 16.7245
 68  12 -0.0934 -0.0937 11.6654
 76  12  0.1913  0.0288 11.8308
 84  12  0.0000  0.0000 11.4382
 92  12 -0.0704  0.0120  9.9751
100  12  0.0000 -0.1506  9.3475
108  12  0.0000  0.0000  9.0894
116  12  0.0000  0.1922  9.8114
124  12  0.0000  0.0000  9.9936
132  12  0.0000  0.0000  9.9936
140  12  0.0000  0.0364  9.4023
148  12  0.0000  0.0000  9.9936
156  12  0.0000  0.0000  9.9936
164  12  0.0000  0.0000 11.4382
172  12  0.0000 -0.0709 10.5827
180  12  0.0000  0.0153 11.1427
188  12 -0.0921  0.0137  9.1279
196  12  0.0000  0.0000  9.1156
204  12 -0.0864 -0.1095  9.4263
212  12 -0.0211 -0.0682 14.1699
220  12 -0.0031 -0.0341 16.2763
228  12  0.0000  0.0000 10.1740
236  12  0.0184  0.0567  8.8910
244  12 -0.0900 -0.2160 10.9244
252  12  0.3372 -0.4309  7.8528
260  12  0.0217  0.0425  8.2406
268  12  0.0000  0.0000  9.6291
276  12 -0.1379  0.3627  8.4973
284  12  0.0984  0.4258  9.7983
292  12  0.0000 -0.3510  9.8602
  4  20  0.0649 -0.0035 11.6468
 12  20  0.0000  0.0585  8.9779
 20  20 -0.0117  0.0803  8.7187
 28  20  0.0166 -0.0987  9.5530
 36  20  0.0000  0.0136  9.9740
 44  20  0.0826 -0.0695  9.1967
 52  20  0.0563  0.0308 12.3351
 60  20  0.0000  0.0018 13.1977
 68  20  0.0000  0.0000 12.2644
 76  20 -0.0019  0.0064 13.4369
 84  20 -0.0287  0.0076 13.6238
 92  20 -0.0089 -0.0448 13.5426
100  20  0.0456 -0.0998 12.6908
108  20  0.0000  0.0000 10.2710
116  20  0.0000  0.0000 10.6281
124  20  0.0303 -0.0386  9.9751
132  20  0.0287  0.0095  9.4988
140  20  0.0000  0.0000  9.8989
148  20  0.0000  0.0000  9.5461
156  20 -0.0256 -0.0158  9.3898
164  20  0.0107  0.0205 12.7145
172  20 -0.0108  0.0010 18.3747
180  20  0.0022 -0.0344 11.3298
188  20 -0.0017  0.0056 12.2335
196  20  0.0000  0.0000 12.4796
204  20 -0.0035 -0.0585 14.0357
212  20 -0.0166  0.0144 13.5517
220  20 -0.0019  0.0431 19.5256
228  20 -0.1102 -0.0722 18.0715
236  20  0.0726 -0.0353 19.9716
244  20  0.0082  0.0090 21.3935
252  20  0.0000  0.0000 20.9176
260  20  0.0000  0.0000 20.8034
268  20  0.0000 -0.0053 24.5224
276  20  0.0000  0.0000 15.3478
284  20 -0.0128  0.0000 11.5022
292  20  0.0524 -0.0071 14.7692
  4  28  0.0318 -0.0038 13.2687
 12  28 -0.0189  0.0164 12.2556
 20  28 -0.0046  0.0160 13.1117
 28  28 -0.0018 -0.0303 12.8194
 36  28 -0.0003 -0.0257 12.7631
 44  28  0.0016  0.0026 11.5783
 52  28  0.0023  0.0175 10.8702
 60  28  0.0024  0.0019 11.4382
 68  28  0.0000  0.0000 11.2971
 76  28  0.0000  0.0000 11.1149
 84  28 -0.0001  0.0008 10.7904
 92  28 -0.0042 -0.0027 10.3691
100  28  0.0156 -0.0165 11.3997
108  28 -0.0043 -0.0070 16.3644
116  28 -0.0127  0.0013 10.6488
124  28 -0.0050  0.0088 10.9402
132  28  0.0019 -0.0012 10.1324
140  28  0.0067  0.0015 11.6613
148  28  0.0030 -0.0038 11.9997
156  28  0.0089 -0.0114 21.0596
164  28 -0.0032  0.0294 20.7177
172  28 -0.0404 -0.1016 15.5976
180  28 -0.0258  0.0546 15.3762
188  28  0.0077  0.0066 12.9294
196  28  0.0118 -0.0011 12.8928
204  28  0.0133  0.0041 13.1322
212  28 -0.0067  0.0007 14.3396
220  28 -0.0144 -0.0040 15.2202
228  28 -0.0224 -0.0083 13.3748
236  28 -0.0131 -0.0087 13.1283
244  28  0.0003  0.0024 13.8060
252  28  0.0000  0.0000 21.4042
260  28 -0.0416  0.0022 22.4513
268  28  0.0000  0.0000 25.7713
276  28  0.0473  0.0192 19.2460
284  28  0.0000  0.0000 21.0834
292  28  0.0000  0.0242 19.6483
  4  36  0.0000 -0.0000  7.7026
 12  36 -0.0041  0.0029  8.8008
 20  36 -0.0050  0.0247  7.5249
 28  36 -0.0740  0.1111  7.4669
 36  36  0.0000  0.0000  6.6819
 44  36  0.0149  0.0314  6.4201
 52  36  0.0000  0.0000  6.8255
 60  36  0.0000  0.0000  8.5417
 68  36  0.0000  0.0000  7.4787
 76  36 -0.0705 -0.0017  7.7458
 84  36  0.0000  0.0000 14.1378
 92  36  0.0000  0.0000 12.9828
100  36 -0.0119 -0.0847  7.7910
108  36  0.0123 -0.1100  7.9505
116  36 -0.0027  0.0129  9.0943
124  36 -0.1399 -0.0587  6.2180
132  36  0.0000  0.0000 16.1088
140  36  0.0000  0.0000 22.2609
148  36  0.0213 -0.0090  5.9478
156  36  0.0000  0.0000 13.6535
164  36  0.0150  0.0119 16.5615
172  36  0.0136 -0.0029 13.2471
180  36  0.0086 -0.0212 12.0404
188  36 -0.0020 -0.0002  7.5706
196  36  0.0000  0.0000 12.2348
204  36 -0.0088 -0.0152 10.3441
212  36  0.0000  0.0000 12.2639
220  36  0.0000  0.0000 12.1870
228  36  0.0884  0.0071 14.7594
236  36 -0.0757 -0.2035 10.9820
244  36  0.1504  0.2385  7.6567
252  36  0.0564  0.0054  7.7502
260  36  0.0000  0.0000  8.2565
268  36  0.0380 -0.0026  5.9211
276  36  0.0041  0.0063  6.6500
284  36  0.0076  0.0305  9.2737
292  36  0.1170 -0.0260  8.3876
  4  44  2.5000  0.1588 10.5785
 12  44  0.0000 -0.1469 10.3584
 20  44  0.0000  0.0000 11.0903
 28  44 -0.0194  0.0462 14.7498
 36  44  0.0000  0.0000 15.4368
 44  44  0.0282  0.0168 12.2480
 52  44  0.0000  0.0000 10.3707
 60  44  0.0000  0.0000  9.0038
 68  44 -0.1810  0.3846  7.5594
 76  44  0.0000  0.0000  6.6149
 84  44  0.0000  0.0000 10.1661
 92  44  0.0000 -0.5000  8.8276
100  44  0.0000  0.0000 12.0455
108  44  0.0000  0.0000  0.0000
116  44  0.0000  0.0000  0.0000
124  44  0.0000  0.0000  0.0000
132  44     NaN  0.0000 17.0667
140  44  0.0000  0.0000  0.0000
148  44  0.0000  0.0000  5.8087
156  44  0.0091 -0.0351 13.9819
164  44  0.0172 -0.0024 12.1923
172  44 -0.0020  0.0006 12.0092
180  44  0.0000  0.0000 12.4360
188  44  0.0000  0.0000  6.3486
196  44  0.0000  0.0000  7.2698
204  44  0.0000  0.0000  7.8987
212  44  0.0000  0.0000  8.9436
220  44  0.0000  0.0000 10.6826
228  44  0.1085 -0.0087 10.7734
236  44  0.0558 -0.0080 10.6810
244  44  0.0000  0.0000 13.3851
252  44  0.0651  0.1150 14.5523
260  44  0.0000  0.0000 16.6956
268  44  0.0000  0.0000 12.5902
276  44  0.0000  0.0000 12.0628
284  44 -0.2093  0.0299 13.0089
292  44  0.3245  0.2757  8.8772
  4  52  0.0000  0.0000  8.7453
 12  52  0.0262  0.1595  7.9051
 20  52  0.2417  0.2922  6.2240
 28  52  0.3771 -0.0547 10.3034
 36  52  0.0000  0.0000 11.1304
 44  52  0.0000  0.0000  0.0000
 52  52  0.0000  0.0000 11.1304
 60  52  0.0000  0.0000  0.0000
 68  52  0.0000  0.0000  0.0000
 76  52  0.0000  0.0000  8.2581
 84  52  0.0000  0.0000 16.1088
 92  52  0.0000  0.0000 11.1304
100  52 -1.1838 -0.5000  7.5779
108  52  0.0000  0.0000  0.0000
116  52  0.0000  0.0000  0.0000
124  52  0.0000  0.0000  0.0000
132  52  0.0000  0.0000  0.0000
140  52  0.0000  0.0000  9.6291
148  52  0.0041  0.0113  7.5614
156  52  0.0103 -0.0070 28.2416
164  52 -0.0231 -0.0037 11.0387
172  52 -0.0031  0.0026 10.8644
180  52  0.0000  0.0000 16.7085
188  52  0.0047  0.0072  6.2815
196  52  0.0000  0.0000 13.3565
204  52 -0.3147  0.1622 11.3947
212  52  0.1766  0.1692 11.3670
220  52  0.0000  0.0000 12.4405
228  52  0.0000  0.0000 16.3973
236  52  0.0000  0.0000 12.2639
244  52  0.0000  0.0000 15.2023
252  52  0.0000  0.0000 13.7993
260  52  0.0000  0.0000  8.5951
268  52 -0.0087  0.1590 11.8379
276  52  0.1290 -0.0269 12.8481
284  52  0.0106 -0.2269 11.3584
292  52  0.0139 -0.0379 13.8079
  4  60  0.0000  0.0000  0.0000
 12  60  0.0000  0.0000 11.1304
 20  60  0.0000  0.0000  0.0000
 28  60  0.0000  0.0000  0.0000
 36  60 -0.2264 -0.2174  8.1086
 44  60  0.0000  0.0000  0.0000
 52  60  0.0000  0.0000  0.0000
 60  60  0.0000  0.0000  0.0000
 68  60  0.0000  0.0000  0.0000
 76  60  0.0000  0.0000  8.2581
 84  60  0.0000  0.0000 11.1304
 92  60  0.0000  0.0000 16.2126
100  60 -0.0538  0.1096 14.6116
108  60 -0.2907 -0.0403 10.5761
116  60 -0.0310  0.2139 18.6320
124  60  0.0000 -0.0965 20.1348
132  60  0.0000  0.0000  0.0000
140  60 -0.0942  0.1393 10.7614
148  60  0.0000  0.0000  5.8490
156  60  0.0000  0.0000  5.8573
164  60  0.0000  0.0000  5.7079
172  60 -0.0343  0.0019  5.7039
180  60 -0.0079  0.0053  5.7952
188  60  0.1399  0.0675  9.2667
196  60  0.0000  0.0000 11.1304
204  60 -0.5000  0.0000  8.8276
212  60  0.0000  0.0000  0.0000
220  60  0.0000  0.0000 11.1304
228  60  0.0000  0.0000 11.1304
236  60 -0.3078  0.1021  7.6998
244  60  0.0106 -0.2269 11.3584
252  60  0.0000  0.0000  9.4762
260  60  0.0000  0.0000 11.7363
268  60  0.0000  0.0000 11.5903
276  60  0.0258  0.0483  8.2581
284  60  0.0000  0.0000  8.2653
292  60  0.0674  0.0131 11.8438
  4  68  0.0000  0.0000  0.0000
 12  68  0.0000  0.0000 11.1304
 20  68  0.0000  0.0000 11.1304
 28  68  0.0000  0.0000  0.0000
 36  68  0.0000  0.0000 11.1304
 44  68  0.0000  0.0000  0.0000
 52  68  0.0000  0.0000  8.4768
 60  68  0.0000  0.0000 22.2609
 68  68  0.0000  0.0000 17.0667
 76  68  0.0000  0.0000 17.0667
 84  68  0.0000  0.0000 10.6057
 92  68 -0.1304 -0.0183 13.5203
100  68  0.1184  0.0827 19.8444
108  68  0.0000  0.0000 16.1088
116  68  2.5000  0.0000  8.8276
124  68 -0.5000  0.0000  8.8276
132  68  0.0000  0.0000 11.1304
140  68  0.0000  0.0000 12.0628
148  68  0.0000  0.0000 14.5615
156  68  0.0000  0.0000 12.3458
164  68  0.0000  0.0000 16.1088
172  68  0.4043  0.4043  8.0000
180  68  0.0600  0.0599 10.2118
188  68  0.0000  0.0000  0.0000
196  68  0.0000  0.0000  0.0000
204  68  0.0000  0.0000  0.0000
212  68  0.0000  0.0000  0.0000
220  68  0.0000  0.0000  0.0000
228  68  0.0000  0.0000  0.0000
236  68  0.0000  0.0000 11.1304
244  68  0.0000  0.0000 16.1088
252  68  0.0000  0.0000 16.1088
260  68  0.0000  0.0000 16.1088
268  68  0.0000  0.0000  9.2086
276  68  0.1843  0.2199 14.0706
284  68  0.0000  0.0000  0.0000
292  68  0.0000  0.0000  0.0000
  4  76  0.0000  0.0000 16.1088
 12  76  0.0000  0.0000 11.1304
 20  76  0.0000  0.0000  0.0000
 28  76  0.0000  0.0000  0.0000
 36  76  0.0000  0.0000 16.1088
 44  76  0.0000  0.0000 16.9590
 52  76  0.6939 -1.5906 10.3613
 60  76  0.0000  0.0000 11.1304
 68  76  0.0000  0.0000 16.2126
 76  76  0.0000  0.0000 10.4039
 84  76  0.1040  0.0000  9.8261
 92  76  0.0477  0.7422  6.1440
100  76  0.0000  0.0000 12.9245
108  76  0.0000  0.0000 11.1304
116  76  0.3681  0.3881  9.7710
124  76  0.0000  2.5000  8.8276
132  76  0.0000  0.0000 11.1304
140  76  0.0000  0.0000 11.1304
148  76 -0.2587 -0.1868 11.1614
156  76  0.0000  0.0000 11.1304
164  76  0.0000 -0.1556 12.2969
172  76  0.3342  0.0723 13.1342
180  76 -0.1068  0.3135 15.1963
188  76  0.0000  0.0000 16.1088
196  76  0.0000  0.0000  0.0000
204  76  0.0000  0.0000  0.0000
212  76  0.0000  0.0000  0.0000
220  76  0.0000  0.0000  0.0000
228  76  0.0000  0.0000  0.0000
236  76  0.0000  0.0000 11.1304
244  76  0.0000  0.0000  0.0000
252  76 -1.5000  0.0000  8.2581
260  76  0.3018 -0.0109 13.1984
268  76  0.0000  0.0000  0.0000
276  76  0.0000  0.0000 16.1088
284  76 -0.3394 -0.0216  8.7863
292  76  0.0000  0.0000 13.1337
  4  84  0.0000  0.0000 11.9011
 12  84  0.0000  0.0000 11.1304
 20  84  0.0000  0.0000 16.1088
 28  84  0.0000  0.0000  0.0000
 36  84  0.1793 -0.2165 15.1929
 44  84  0.0756 -0.5000  7.5294
 52  84  0.0157  0.4164  6.9088
 60  84  0.0000  0.0000 10.2400
 68  84  0.0000  0.0000 12.0342
 76  84  0.0000  0.0000  9.4458
 84  84 -0.0717  0.1010  8.5505
 92  84  0.9138 -0.0664 12.3324
100  84  0.1444  0.2313 11.8291
108  84  0.0000  0.0000 11.9011
116  84  0.0000  0.0000 19.4783
124  84  0.0000  0.0000 11.1304
132  84  0.3145 -0.0264 11.0777
140  84  0.0000  0.0000 11.4015
148  84  0.1739 -0.0059 15.0123
156  84  0.0000 -0.0955 11.7002
164  84  0.0000  0.0000 11.1304
172  84  0.0000  0.0000  7.5294
180  84  0.0000  0.0000  9.2086
188  84  0.0000 -0.5000  8.8276
196  84  0.0000  0.0000  0.0000
204  84  0.0000  0.0000  0.0000
212  84  0.0000  0.0000  0.0000
220  84  2.5000  0.0000  8.8276
228  84  0.0000  0.0000  0.0000
236  84  0.0000  0.0000  0.0000
244  84  0.0000  0.0000  0.0000
252  84  0.0000  0.0000  0.0000
260  84  0.0000  0.0000 11.1304
268  84  0.0000  0.0000 11.1304
276  84  0.0000  0.0000 11.1304
284  84  0.0000  0.0000 11.1304
292  84  0.0000  0.0000  6.6482
  4  92  0.0000  0.0000 11.1304
 12  92  0.0000  0.0000 10.1261
 20  92  0.0000  0.0000  9.7047
 28  92  0.0612 -0.8768  9.4815
 36  92  0.2168  0.0000  7.2226
 44  92  0.0000  0.0000 10.5319
 52  92  0.0918  0.2569  8.8729
 60  92 -0.0272 -0.0238 11.1899
 68  92 -0.2414  0.0000 11.1304
 76  92  0.0000  0.0000 11.1304
 84  92 -0.1274  0.1193 13.8026
 92  92  0.0000  0.0000 20.7059
100  92  0.0000 -0.3916  8.0000
108  92  0.2289 -0.0289  8.6670
116  92  0.0000  0.0000 14.5615
124  92  0.0000  0.0000 16.1088
132  92  0.0000  0.0000 11.1304
140  92  0.0000  0.0000 13.0803
148  92  0.0000  0.0000 11.1304
156  92  0.0000  0.0000 16.1088
164  92  0.0000  0.0000  0.0000
172  92  0.4043  0.4043  8.0000
180  92  0.0000  0.0000  0.0000
188  92  0.0000  0.0000  0.0000
196  92  0.0000  0.0000  0.0000
204  92  0.0000  0.0000  0.0000
212  92  0.0000  0.0000 11.1304
220  92  0.0000  0.0000 20.7059
228  92  0.0000  0.0000  0.0000
236  92  0.0000  0.0000  0.0000
244  92  0.0000  0.0000 11.1304
252  92  0.0000  0.0000  0.0000
260  92  0.0000  0.0000  0.0000
268  92  0.0000  0.0000 16.1088
276  92  0.0000  0.0000 11.1304
284  92  0.0000  0.0000 16.1088
292  92  0.0000  0.0000 11.1304
  4 100 -0.1960  0.0000 11.1304
 12 100  0.0000  0.0000 16.1088
 20 100  0.0000  0.0000  0.0000
 28 100  0.0000  0.0000 16.1088
 36 100  0.0000  0.0000  0.0000
 44 100  0.0000  0.0000  9.2086
 52 100  0.0913 -0.2044 18.7317
 60 100  0.0000  0.0000 11.1304
 68 100  0.0000  0.0000 16.1088
 76 100  0.0000  0.0000  0.0000
 84 100  0.0000  0.0000  0.0000
 92 100  0.0000  0.0000 11.9011
100 100  0.0000  0.0000 11.1304
108 100  1.5000 -1.0000  7.4357
116 100  0.0000  0.3120 13.1657
124 100  0.0000  0.0000 13.5576
132 100  0.0000  0.0000 11.8583
140 100  0.0000  0.0000  9.7047
148 100  0.0000  0.0000  0.0000
156 100  0.0000  0.0000 16.1088
164 100  0.0000  0.0000  0.0000
172 100  0.0000  0.0000  0.0000
180 100  0.0000  0.0000  0.0000
188 100  0.0000  0.0000  0.0000
196 100  0.0000  0.0000  0.0000
204 100  0.0000  0.0000  0.0000
212 100  0.0000  0.0000  0.0000
220 100  0.0000  0.0000  0.0000
228 100  0.0000  0.0000  0.0000
236 100  0.0000  0.0000  8.0000
244 100  0.0000  0.3764  7.3143
252 100  0.0000  0.0000 11.1304
260 100  0.0000  0.0000 11.1304
268 100  0.1113  1.6014 11.9803
276 100  0.1960 -0.5000 11.1304
284 100  0.0000  0.0000 11.1304
292 100  0.0000 -0.5000  8.8276
  4 108  0.0000  0.0000 11.0903
 12 108  0.0000  0.0000 12.0628
 20 108  0.0954 -0.0359 13.9277
 28 108 -2.8274  0.3035  7.6077
 36 108  0.0000  0.0000 12.0455
 44 108  0.0000  0.0000  0.0000
 52 108  0.0000  0.0000 11.1304
 60 108 -0.1422 -0.0049 12.3023
 68 108  0.0000  0.0000 16.1088
 76 108  0.0000  0.0000 20.7059
 84 108 -0.0260  0.1571 14.5328
 92 108 -0.5000  0.0000  8.8276
100 108  0.0000  0.0000 16.1088
108 108  0.0000  0.0000 11.1304
116 108  0.2220  0.1529  9.0549
124 108 -0.0238 -0.0513 15.4947
132 108  0.0000  0.0000  0.0000
140 108  0.0000  0.0000 11.1304
148 108  0.0000  0.0000  0.0000
156 108 -0.1050  2.5000  6.8903
164 108  0.0000  0.0000 11.1304
172 108  0.0000  0.0000 11.1304
180 108  0.0000  0.0000  0.0000
188 108  0.0000  0.0000  0.0000
196 108  0.0000  0.0000 11.1304
204 108  0.0000  0.0000  0.0000
212 108  0.0000  0.0000  0.0000
220 108  0.0000  0.0000 11.1304
228 108  0.0000  0.0000 11.1304
236 108  0.0000  0.0000 11.1304
244 108  0.0000 -1.0000 11.1304
252 108  0.0000  0.0000 13.1641
260 108 -0.0677 -0.2414 11.7124
268 108  0.0000  0.0000 11.1304
276 108  0.0000  0.0000 11.1304
284 108  0.0000  0.0000  0.0000
292 108  0.0000  0.0000 16.1088
  4 116  0.0000  0.0000 13.1641
 12 116  0.0000  0.0000  8.4914
 20 116  0.0236  0.0116 11.9287
 28 116 -0.0067 -0.0157  9.9006
 36 116  0.4092  2.6683 10.6245
 44 116  1.8261  1.1485  9.6109
 52 116  1.5000  0.1110  8.4253
 60 116  0.0000  0.0000  0.0000
 68 116 -0.5000  0.0000  8.8276
 76 116  0.0000  0.0000 22.2609
 84 116  0.0000  0.0000 12.0455
 92 116  0.0000  0.0000  0.0000
100 116  0.0000  0.0000  0.0000
108 116  0.0000  0.0000 11.1304
116 116  0.0000  0.0000 11.1304
124 116  0.0000 -0.5000  8.8276
132 116  0.0000  0.0000 11.1304
140 116 -1.4070  0.1518 10.3087
148 116  0.0000  0.0000 11.1304
156 116  0.0000  0.0000 13.6170
164 116  0.0000  0.0000  0.0000
172 116  0.0000  0.0000  0.0000
180 116  0.0000  0.0000  0.0000
188 116  0.0000  0.0000  0.0000
196 116  0.0000  0.0000  0.0000
204 116  0.0000  0.0000 11.1304
212 116  0.0000  0.0000 16.1088
220 116  0.0000  0.5000 11.1304
228 116 -0.5000  0.0000  8.8276
236 116  0.0000  0.0000  0.0000
244 116  0.0000  0.0000  0.0000
252 116  0.0000  0.0000  0.0000
260 116 -0.1068 -0.3135 15.1963
268 116 -0.5000  0.0000  8.8276
276 116  0.0000  0.0000 11.1304
284 116  0.0000  0.0000  0.0000
292 116 -0.5000  1.5000  4.0635
  4 124  0.0000  0.0000 12.0628
 12 124  0.0000  0.0000 16.6957
 20 124  0.0000  0.0000  0.0000
 28 124  0.0000  0.0000  0.0000
 36 124  0.0000 -0.5000  8.8276
 44 124 -0.1960  0.0000 11.1304
 52 124 -0.4043 -0.4043  8.0000
 60 124  0.0000  0.0000  0.0000
 68 124  0.0000  0.0000 11.1304
 76 124  0.0000  0.0000 12.8600
 84 124  0.0000  0.0000 20.7059
 92 124  0.0000  0.0000  0.0000
100 124  0.0000  0.0000  0.0000
108 124  0.0000  0.0000 11.1304
116 124  0.0000  0.0000  0.0000
124 124  0.0000  2.5000  8.8276
132 124  0.0000  0.0000  1.0000
140 124 -1.5000  0.0000  8.2581
148 124  0.0000  0.0000 11.1304
156 124  0.0000  0.0000 11.1304
164 124  0.0000  0.0000  0.0000
172 124  0.0000  0.0000  0.0000
180 124  0.5000  0.0000  8.4768
188 124  0.0000  0.0000  0.0000
196 124  0.0000  0.0000 11.1304
204 124  0.0000  0.0000 11.1304
212 124  0.0000  0.0000 16.1088
220 124  0.0000  0.0000  0.0000
228 124  0.0000  0.0000  0.0000
236 124 -0.2907 -0.0403 10.5761
244 124  2.5000  0.3554  7.4688
252 124  0.0000  0.0000  0.0000
260 124 -0.5000  0.0000 11.1304
268 124  0.0000  0.0000 11.1304
276 124  0.0000  0.0000  0.0000
284 124  0.0000  0.0000 11.1304
292 124  0.0000  0.0000  0.0000
  4 132  0.0000  0.0000 11.1304
 12 132  0.0000  0.0000 11.1304
 20 132  0.0000  0.0000  0.0000
 28 132  0.0000  0.0000 11.1304
 36 132 -0.4043 -0.4043  8.0000
 44 132  1.5000  0.0000  8.2581
 52 132  0.0000  0.0000 11.1304
 60 132  0.0000  0.0000  0.0000
 68 132  0.0000  2.5000  8.8276
 76 132  0.1263 -0.0969 14.7403
 84 132  0.0000  0.0000  0.0000
 92 132  0.0000  0.0000 11.1304
100 132  0.0000  0.0000 11.1304
108 132  0.0000  0.0000 11.1304
116 132  0.0000  0.0000 11.1304
124 132  0.0000  0.0000  0.0000
132 132  0.0000  0.0000  0.0000
140 132  0.0000  0.0000 11.1304
148 132  0.1864  0.5000  6.9398
156 132 -0.9456  0.3474  7.9427
164 132  0.0000  0.0000  0.0000
172 132  0.0000  0.0000 11.1304
180 132  0.0000 -0.1960 11.1304
188 132  0.0000  0.0000 16.1088
196 132  0.0000  0.0000 12.0628
204 132 -0.1960  0.0000 11.1304
212 132  0.0000  0.0000  0.0000
220 132  0.0000  0.0000 11.1304
228 132  0.0000  0.0000  0.0000
236 132  0.0000  0.0000  0.0000
244 132  0.0000 -0.5000  8.8276
252 132  0.0000  0.0000 11.1304
260 132  0.0000  0.0000 11.1304
268 132  0.0000  0.0000  0.0000
276 132  0.0000  0.0000  0.0000
284 132 -1.3070  0.0337 12.4709
292 132 -0.1841 -0.0418 12.3683
  4 140  0.0596  0.0483 10.5600
 12 140  0.0000  0.0000 16.1088
 20 140  0.0000  0.0000 16.1088
 28 140  0.0000  0.0000  0.0000
 36 140  0.5000  0.0000  8.4768
 44 140 -0.1568 -0.1933 11.8112
 52 140 -1.3070 -0.0337 12.4709
 60 140  0.0000  0.0000 16.1088
 68 140  0.0000  0.0000 16.1088
 76 140  0.0000  0.0000  0.0000
 84 140  0.0000  0.0000  0.0000
 92 140  0.0000  0.0000 16.1088
100 140  0.0000  0.0000  0.0000
108 140  0.0000  0.0000  0.0000
116 140  0.0000  0.0000  0.0000
124 140  0.0000  0.0000  0.0000
132 140  0.0000  0.0000 22.2609
140 140  0.0000  0.0000 11.1304
148 140  0.0000  0.0000  0.0000
156 140 -0.7851  0.3255  7.9689
164 140  0.0000  0.0000  0.0000
172 140  0.0000  0.0000  0.0000
180 140  0.0000  0.0000 11.1304
188 140  0.0000  0.0000 16.1088
196 140  0.0000  0.0000 11.1304
204 140  0.0000  0.0000 13.7544
212 140  0.0000  0.0000 11.1304
220 140  0.0000  0.0000  0.0000
228 140  0.0000  0.0000  0.0000
236 140  0.0000  0.0000  0.0000
244 140  0.0000  0.0000  0.0000
252 140  0.0000  0.0000  0.0000
260 140  0.0000  0.0000  0.0000
268 140  0.0000  0.0000 16.1088
276 140  0.0000  0.0000  0.0000
284 140  0.0000  0.0000  0.0000
292 140  0.0000  0.0000 11.1304
  4 148 -0.1824  1.6838  7.3143
 12 148  0.0000  0.0000 11.1304
 20 148  0.0000  0.0000 11.1304
 28 148  0.0000  0.0000 11.1304
 36 148  0.2780  0.1270 13.3759
 44 148  0.0000  0.0000  0.0000
 52 148  0.0000  0.0000  0.0000
 60 148  0.0000  0.0000 16.1088
 68 148  0.0000  0.0000  0.0000
 76 148  0.3732  0.3694 10.3318
 84 148  0.0000  0.0000  0.0000
 92 148  0.0000  0.0000 19.1045
100 148  0.0000  0.0000  0.0000
108 148  0.0000  0.0000  0.0000
116 148  0.0000  2.5000  8.8276
124 148  0.0000  0.0000  0.0000
132 148  0.0000  0.0000 12.0455
140 148  0.0000  0.0000  0.0000
148 148     NaN  0.0000 17.0667
156 148 -0.0610 -0.5000  7.7665
164 148  0.0000  0.0000 11.1304
172 148  0.0000  0.0000  0.0000
180 148  0.0698 -0.2911 10.5124
188 148  0.0000  0.0000 11.1304
196 148  0.0000  0.0000  0.0000
204 148  0.0000  0.0000 11.1304
212 148  0.0000  0.0000 11.1304
220 148  0.0000  0.0000  0.0000
228 148  0.0000  0.0000  0.0000
236 148  0.0000  0.0000  0.0000
244 148  0.0000  0.0000  0.0000
252 148  0.0000  0.0000  0.0000
260 148  0.0000  0.0000  0.0000
268 148  0.0000  0.0000  0.0000
276 148  0.0000  0.0000  0.0000
284 148  0.0000  0.0000  0.0000
292 148  0.0000  0.0000 11.1304
  4 156     NaN  0.0000 17.0667
 12 156  0.0000  0.0000  0.0000
 20 156  0.0000  0.0000  0.0000
 28 156  0.0000  0.0000  0.0000
 36 156  0.0000  0.0000 11.1304
 44 156  0.0000  0.0000 11.1304
 52 156  0.0000  0.0000 11.1304
 60 156  0.0000  0.0000  0.0000
 68 156  5.5000  2.5000  5.4468
 76 156  0.0000  0.0000  9.4948
 84 156  0.0000 -0.5000  8.8276
 92 156  0.0000  0.0000 19.1045
100 156  0.0000  0.0000 11.1304
108 156  0.0000  0.0000  0.0000
116 156  0.0000  0.0000 16.1088
124 156  0.0000  0.0000  0.0000
132 156  0.0000  0.0000 10.9491
140 156  0.0000  0.0000  0.0000
148 156  0.0000  0.0000  0.0000
156 156  0.1960  2.5000 11.1304
164 156  0.0000  0.0000 11.1304
172 156  0.0000  0.0000  0.0000
180 156  0.0000  0.0000 12.0628
188 156  0.0000  0.0000 11.1304
196 156  0.0000  0.0000  0.0000
204 156  0.0000  0.0000  0.0000
212 156  0.0000  0.0000 16.1088
220 156  0.0000  0.0000 11.1304
228 156  0.0000  0.0000  0.0000
236 156  0.0000  0.0000 11.1304
244 156  0.0000  0.0000 11.1304
252 156  0.0000  0.0000  0.0000
260 156  0.0000  0.0000  0.0000
268 156  0.0000  0.0000  0.0000
276 156  0.0000  0.0000  0.0000
284 156  0.0000  0.0000  0.0000
292 156  0.0000  0.0000  0.0000
  4 164  0.0000  0.0000  0.0000
 12 164  0.0000  0.0000  0.0000
 20 164  0.0000  0.0000 11.1304
 28 164  2.5000  0.0391  9.3822
 36 164  0.0000  0.0000  9.2086
 44 164  0.0000  0.0000 16.1088
 52 164  0.0000  0.0000 11.1304
 60 164  0.0000  0.0000  0.0000
 68 164  0.0000  0.0000 12.0628
 76 164  0.0000  0.0000  8.0000
 84 164  0.0000  0.0000 16.1088
 92 164  0.0000  0.0000  0.0000
100 164  0.2159 -0.0491  5.9057
108 164  0.0000  0.0000  6.2199
116 164 -0.0102  0.0338  6.7344
124 164  0.0000  0.0000 11.1304
132 164  0.0000  0.0000 12.0628
140 164 -0.5000  0.0000  8.8276
148 164  0.0000  0.0000  0.0000
156 164  0.0000  0.0000 17.0667
164 164  0.0000  2.5000  8.8276
172 164  0.0000  0.0000  0.0000
180 164  0.0000  0.0000 12.0628
188 164  0.0000  0.0000 11.1304
196 164  0.0000  0.0000  0.0000
204 164  0.0000  0.0000  0.0000
212 164  0.0000  0.0000  0.0000
220 164  0.0000  0.0000 13.5576
228 164  0.0000  2.5000  8.8276
236 164  0.0000  0.0000 11.1304
244 164  0.0000  0.0000  0.0000
252 164  0.0000  0.0000  0.0000
260 164  0.0000  0.0000  0.0000
268 164  0.0000  0.0000  0.0000
276 164  0.0000  0.0000  0.0000
284 164  0.0000  0.0000  0.0000
292 164  0.0000  0.0000 16.1088
  4 172  0.0000  0.0000  0.0000
 12 172  0.0000  0.0000 11.1304
 20 172  0.0000  0.0000 11.1304
 28 172  0.0000  0.0000 11.1304
 36 172 -0.5000 -0.5000  4.0635
 44 172  0.0000  0.0000 11.1304
 52 172  0.0000  0.0000  0.0000
 60 172  0.0000 -0.5000 11.1304
 68 172 -1.5000  0.0000  8.2581
 76 172  0.0000  0.0000 19.4783
 84 172  0.0000  0.0000  0.0000
 92 172  0.0000  0.0000 11.1304
100 172  0.0000  0.0000  7.0738
108 172 -0.0287  0.0160  6.8442
116 172  0.0708  0.0164  6.1681
124 172  0.0000  0.0000  0.0000
132 172  0.0000  0.0000  0.0000
140 172  0.0000  0.0000  0.0000
148 172  0.0000  0.0000  0.0000
156 172  0.0000  0.0000  0.0000
164 172  0.0000  0.0000 11.1304
172 172  0.0000  0.0000  0.0000
180 172  0.0000 -0.5000 12.0628
188 172  0.0000 -0.5000  8.8276
196 172  0.0000  0.0000  0.0000
204 172  0.0000  0.0000 11.1304
212 172  0.0000  0.0000  0.0000
220 172  0.0000  0.0000 11.1304
228 172  0.0000  0.0000  0.0000
236 172  0.0000  0.0000  0.0000
244 172  0.0000  0.0000  0.0000
252 172  0.0000  0.0000  0.0000
260 172  0.0000  0.0000  0.0000
268 172  2.5000  0.0000  8.8276
276 172  0.0000  0.0000 11.1304
284 172  0.0000  0.0000  0.0000
292 172  0.0000  0.0000  0.0000
  4 180  0.1476 -0.3662 10.2774
 12 180  0.0000  0.0000 16.1088
 20 180  0.5000  4.5000  4.0635
 28 180 -0.2730  0.1571 13.1995
 36 180  0.0000 -0.5000  8.8276
 44 180  0.0000 -0.5000  8.9154
 52 180  0.0000  0.0000  0.0000
 60 180 -0.0610  1.0000  8.9210
 68 180  0.0000  0.0000 14.4198
 76 180  0.0000  0.0000  0.0000
 84 180  0.0000  0.0000  0.0000
 92 180  0.0000  0.0000  0.0000
100 180  2.5000  0.0000  8.8276
108 180  0.5000  0.0000  8.4768
116 180  0.0000  0.0000 11.1304
124 180  0.0000  0.0000 13.5576
132 180  0.1151 -0.1151 16.5161
140 180  0.0000  0.0000 11.1304
148 180  0.0000  0.0000 11.1304
156 180  0.0000  0.0000  0.0000
164 180  0.0000  0.0000 11.1304
172 180  0.1068  0.5000 14.1617
180 180  0.0000  0.0000  0.0000
188 180  0.0000  2.5000  8.8276
196 180  0.0000  0.0000 11.1304
204 180  0.0000  0.0000  0.0000
212 180  0.0000  0.0000  0.0000
220 180  0.0000  0.0000  0.0000
228 180  0.0000  0.0000  0.0000
236 180  0.0000  0.0000 11.1304
244 180  0.0000  0.0000 11.1304
252 180  0.0000  0.0000  0.0000
260 180  0.0000  0.0000  0.0000
268 180  0.0000  0.0000  0.0000
276 180  0.0000  0.0000 11.1304
284 180  0.0000  0.0000  0.0000
292 180  0.0000  0.0000 11.1304
  4 188  0.0000  0.0000 16.1088
 12 188  0.0000  0.0000  0.0000
 20 188 -1.5000 -0.0850  6.5641
 28 188  0.0000  0.0000 16.1088
 36 188  0.0000  0.0000 16.1088
 44 188  0.0000  0.0000  0.0000
 52 188  0.0000  0.0000 16.1088
 60 188  0.0000  0.0000  5.4468
 68 188  0.5000 -0.0875 12.3347
 76 188  0.0000  0.0000  0.0000
 84 188  0.0000  0.0000  0.0000
 92 188  0.0000  0.0000  0.0000
100 188  0.0000  0.0000  0.0000
108 188  0.0000  0.0000  0.0000
116 188  0.0000  0.0000  0.0000
124 188 -0.0610  0.5000  7.7665
132 188  0.0000  0.0000  0.0000
140 188  0.0000  0.0000  0.0000
148 188  0.0000  0.0000  0.0000
156 188  0.0786 -0.3487  7.3143
164 188  0.0000  0.0000 11.1304
172 188 -0.0418 -0.1521 12.6567
180 188  0.0000  0.0000 11.1304
188 188  0.0000  0.0000 12.0455
196 188  0.0000  0.0000  0.0000
204 188  0.0000  0.0000  0.0000
212 188  0.0000  0.0000  0.0000
220 188  0.0000  0.0000  0.0000
228 188  0.0000  0.0000  0.0000
236 188  0.0000  0.0000 11.1304
244 188  0.0000  0.0000  0.0000
252 188  0.0000  0.0000 11.1304
260 188  0.0000  0.0000  0.0000
268 188  0.0000  0.0000  0.0000
276 188  0.0000  0.0000  0.0000
284 188  0.0000  0.0000 11.1304
292 188  0.0000  0.0000  0.0000
  4 196  2.5000  0.0000  8.8276
 12 196  0.0000  0.0000  0.0000
 20 196  0.0000  0.0000 13.1641
 28 196  0.0000  0.0000 16.1088
 36 196  0.0000  0.0000 11.1304
 44 196  0.0000  0.0000  0.0000
 52 196 -0.5000  0.0000 11.1304
 60 196  0.0000  0.0000 20.7059
 68 196  0.0000  0.0000  0.0000
 76 196  0.0000  0.0000 11.1304
 84 196  0.0000  0.0000  0.0000
 92 196  0.0000  0.0000 11.1304
100 196  0.0000  0.0000 22.2609
108 196  0.0000  0.0000 16.1088
116 196  0.0000  0.0000  0.0000
124 196  0.0000  0.0000 10.1191
132 196  0.0000  0.0000  0.0000
140 196  0.0000  0.0000  0.0000
148 196  0.0000  0.0000  0.0000
156 196  0.0000  0.0000 11.1304
164 196  0.0000  0.0000 11.1304
172 196  0.0000  0.0000 11.1304
180 196  0.0000  0.0000  0.0000
188 196  0.1960  0.0000 11.1304
196 196  0.0000  0.0000  0.0000
204 196  0.0000  0.0000  0.0000
212 196  0.0000  0.0000  0.0000
220 196  0.0000  0.0000  0.0000
228 196  0.0000  0.0000 11.1304
236 196  0.0000  0.0000  0.0000
244 196  0.0000  0.0000  0.0000
252 196  2.5000  0.0000  8.8276
260 196  0.0000  0.0000 11.1304
268 196  0.0000  0.0000  0.0000
276 196 -0.1113 -1.6014 11.9803
284 196 -0.3468  2.5000 10.2045
292 196 -0.1151  0.1151 16.5161
  4 204  0.0000  0.0000 11.1304
 12 204  0.0000  2.5000  8.8276
 20 204 -1.0000  0.0000  9.2850
 28 204  0.0000  0.0000 11.1304
 36 204  0.0000  0.0000  0.0000
 44 204  0.0000  0.0000  0.0000
 52 204  0.0000  0.0000  0.0000
 60 204  0.0000  0.0000  0.0000
 68 204  0.0000  0.0000 16.1088
 76 204  0.0000  0.0000 11.1304
 84 204  0.0000  0.0000  0.0000
 92 204  0.0000  0.0000 11.1304
100 204  0.1960  0.0000 11.1304
108 204  0.0000  0.0000 11.1304
116 204  0.0000  0.0000  0.0000
124 204  0.0000  0.0000  8.2581
132 204  0.0000  0.0000 11.1304
140 204  0.0000  0.0000 12.0628
148 204 -0.1574  0.1142  6.4229
156 204  0.0000  0.0000  0.0000
164 204  0.0000  0.0000 11.1304
172 204  0.0000  0.0000 11.1304
180 204  0.0000  0.0000  0.0000
188 204  0.0000  0.0000 16.1088
196 204  0.0000  0.0000 16.1088
204 204  0.0000  0.0000  0.0000
212 204  0.0000  0.0000  0.0000
220 204  0.0000  0.0000  0.0000
228 204  0.0000  0.0000  0.0000
236 204  0.0000  0.0000  0.0000
244 204  0.0000  0.0000  0.0000
252 204  0.0000  0.0000 16.1088
260 204  0.0000  0.0000 16.1088
268 204  0.1174 -4.1710 14.6131
276 204  0.0000  0.0000  0.0000
284 204  0.0000  0.0000  0.0000
292 204  0.0000  0.0000  0.0000
  4 212  0.0000  0.0000  0.0000
 12 212  0.0000  0.0000 11.1304
 20 212  0.0000  2.5000  8.8276
 28 212  0.0000  0.0000 11.1304
 36 212  0.0000  0.0000 11.1304
 44 212  0.0000  0.0000  0.0000
 52 212  0.0000  0.0000 11.1304
 60 212  0.0000  0.0000 16.1088
 68 212  0.0000  0.0000  0.0000
 76 212  0.0000  0.0000 11.1304
 84 212  0.0000  0.0000  0.0000
 92 212  0.0000  0.0000  0.0000
100 212  0.0000  0.0000  0.0000
108 212  0.0000  0.0000 16.1088
116 212  0.0000  0.0000 16.7450
124 212  0.5000  0.0691  7.0932
132 212  0.0000  0.0000  0.0000
140 212  0.0000  0.0000  0.0000
148 212  0.0000  0.0000 16.1088
156 212  0.0000  0.0000  0.0000
164 212  0.0000  0.0000 19.1045
172 212  0.0000  0.0000 11.1304
180 212  0.0000  0.0000  0.0000
188 212  0.0000  0.0000  0.0000
196 212  0.0000  0.0000 16.1088
204 212  0.0000  0.0000 11.1304
212 212  0.0000  0.0000  0.0000
220 212  0.0000  0.0000  0.0000
228 212  0.0000  0.0000  0.0000
236 212  0.0000  0.0000  0.0000
244 212  0.0000  0.0000  0.0000
252 212  0.0000  0.0000 16.1088
260 212  0.0000  0.0000 11.1304
268 212  0.0000  0.0000 11.1304
276 212  0.0000  0.0000 11.1304
284 212  0.0000  0.0000 11.1304
292 212  0.0000  0.0000  0.0000
  4 220  0.0000  0.0000  0.0000
 12 220  0.0000  0.0000 11.1304
 20 220  0.0000  0.0000 16.1088
 28 220 -0.1960  0.0000 11.1304
 36 220  0.0000  0.0000 11.1304
 44 220  0.0000  0.0000 11.1304
 52 220  0.0000  0.0000 11.1304
 60 220  0.0000  0.0000  0.0000
 68 220  0.0000  0.0000  0.0000
 76 220  0.0000  0.0000  0.0000
 84 220  0.0000  0.0000  0.0000
 92 220  0.0000  0.0000  0.0000
100 220  0.0000  0.0000  0.0000
108 220  0.0000  0.0000  0.0000
116 220  0.0000  0.0000 11.1304
124 220 -0.0418  0.1521 12.6567
132 220  0.0000  0.0000  0.0000
140 220  0.0000  0.0000  0.0000
148 220 -1.1838 -0.5000  7.5779
156 220  1.1838 -0.5000  7.5779
164 220  0.0000  0.0000 17.2183
172 220  2.5000  0.0000  8.8276
180 220  0.0000  0.0000 13.5576
188 220  0.0000  0.0000  0.0000
196 220  1.5000  0.0000  8.2581
204 220  0.0000  0.0000  0.0000
212 220  0.0000  0.0000  0.0000
220 220  0.0000  0.0000  0.0000
228 220  0.0000  0.0000  0.0000
236 220  0.0000  0.0000  0.0000
244 220  0.0000  0.0000  0.0000
252 220  0.0000  0.0000 11.1304
260 220  0.0000  0.0000 11.1304
268 220  0.0000  0.0000  0.0000
276 220  0.0000  0.0000  0.0000
284 220  0.0000  0.0000  0.0000
292 220  0.0000  0.0000  0.0000
