VARIABLES= "X pix", "Y pix", "U pix/dt", "V pix/dt", "CHC", ZONE I=28, J=37
  4   4  0.0000  0.0000 10.6915
 12   4  0.0065 -0.0019 10.9704
 20   4  0.0010  0.0145 10.9347
 28   4  0.0000  0.0000 10.9708
 36   4  0.0011  0.0099 10.9213
 44   4  0.0000  0.0000 11.0456
 52   4  0.0362 -0.0222 10.8326
 60   4  0.0199 -0.0069 11.0258
 68   4  0.0000  0.0000 10.9708
 76   4 -0.0336 -0.0119 10.9620
 84   4  0.0000  0.0000 10.9734
 92   4  0.0000  0.0000 10.8649
100   4  0.0000  0.0000 11.8646
108   4  0.0000  0.0000 11.7754
116   4  0.0000  0.0373 11.1932
124   4  0.0000  0.0162 11.8572
132   4  0.0000  0.0000 11.7754
140   4  0.0000  0.0000 11.7754
148   4  0.0000  0.0000 12.4164
156   4  0.0000  0.0000 11.1505
164   4  0.0093  0.0113 11.0928
172   4  0.0000  0.0000 10.9371
180   4  0.0000  0.0000 11.9577
188   4  0.0000  0.0000 11.7754
196   4 -0.0028  0.0058 11.9963
204   4  0.0005 -0.0026 11.8571
212   4 -0.0046  0.0133 12.1349
220   4  0.0161 -0.0225 10.7815
228   4 -0.0208  0.1160 10.0445
236   4  0.0180  0.0072 10.8214
244   4 -0.0066 -0.0042 10.2629
252   4  0.0000  0.0000 10.6476
260   4 -0.0734 -0.0161 11.2162
268   4  0.0085 -0.0103 10.2685
276   4  0.0000  0.0000 12.2384
284   4  0.0000  0.0776 13.0186
292   4  0.0469  0.1932 13.0786
  4  12  0.2302 -0.5143 10.9676
 12  12 -0.0744 -0.2455 12.5567
 20  12  0.0000 -1.0969  9.5429
 28  12  0.0766 -0.7827  9.7823
 36  12  0.0912 -0.4257 13.1908
 44  12  0.0000  0.0000 14.4906
 52  12 -0.2619  0.0634 16.4200
 60  12  0.3130 -0.0151 14.8725
 68  12 -0.4792  4.0735  8.4895
 76  12  0.0377 -0.1077 11.3264
 84  12  0.0000 -0.0219 11.3442
 92  12 -0.0157 -0.0945  9.8735
100  12  0.0000 -0.1730  8.2244
108  12  0.0788  0.1221  9.4228
116  12  0.0000 -0.0219 11.3442
124  12  0.0000 -0.0109  9.8355
132  12  0.0438  0.0000  9.8365
140  12  0.0000  0.0752 10.0356
148  12  0.0000  0.0000  9.9936
156  12  0.0000  0.0000  9.9936
164  12 -0.1044 -0.0015 11.1239
172  12  0.0000 -0.0836  9.6585
180  12  0.0936 -0.0510 11.3877
188  12 -0.0491  0.1659 10.0711
196  12 -0.1224 -0.4082  8.3307
204  12  0.0670 -0.3726  9.6806
212  12  0.0154 -0.0944 15.2828
220  12  0.0231  0.1410 16.8791
228  12  0.0000 -0.2593  8.7521
236  12  0.0000 -1.6236  7.0459
244  12 -0.0430 -0.0154 12.2702
252  12 -0.3425 -0.6860  8.1601
260  12 -0.0962 -0.3346  8.7082
268  12  0.0000 -0.6307  8.5539
276  12 -0.0506 -0.6533 10.5310
284  12  0.1665 -0.7609  8.8919
292  12  0.0000 -0.4651  8.2581
  4  20  0.1699 -0.1067 12.0729
 12  20  0.0000 -0.3194  9.6660
 20  20 -0.0672 -0.3753  9.1993
 28  20 -0.0199  0.0350 10.3481
 36  20  0.0000  0.1107  9.4370
 44  20  0.0000 -0.0871  9.5106
 52  20  0.0111 -0.1226 13.0875
 60  20  0.0405 -0.1694 13.9166
 68  20 -0.0368 -0.0876 12.7749
 76  20 -0.0068 -0.1377 14.1106
 84  20  0.0052 -0.0450 14.2994
 92  20  0.0273  0.0603 12.9352
100  20  0.0102 -0.3657 11.0798
108  20  0.0964 -0.1422  9.6209
116  20  0.0236 -0.1184 11.1732
124  20 -0.0280 -0.0375 10.4317
132  20 -0.0306 -0.1702 10.0220
140  20 -0.0307 -0.0721 10.4228
148  20  0.0000 -0.0878  9.9869
156  20 -0.0030 -0.1012  9.8794
164  20 -0.0307 -0.5269 10.7305
172  20  0.1256 -0.4048 16.5776
180  20 -0.0438 -0.0718 11.8461
188  20  0.0007 -0.0983 12.6896
196  20 -0.0546 -0.0641 12.9197
204  20  0.0198 -0.0641 15.3298
212  20  0.1129 -0.1342 13.8725
220  20 -0.1538 -0.0397 19.8823
228  20 -0.0860  0.0167 17.2075
236  20 -0.0765 -0.0869 20.6863
244  20 -0.0279 -0.0632 22.3795
252  20 -0.0060 -0.0316 20.3304
260  20  0.0678  0.0000 20.7274
268  20 -0.0612 -0.0092 20.7301
276  20 -0.0092 -0.0270 13.0177
284  20 -0.1312 -0.0461  8.9171
292  20 -0.1581  0.0525 12.8384
  4  28  0.0902 -0.1880 12.0068
 12  28 -0.1164 -0.2742 11.1675
 20  28  0.0719 -0.1058 12.2533
 28  28 -0.0065 -0.0114 11.8251
 36  28 -0.0029 -0.0109 11.8928
 44  28 -0.0176 -0.0250 11.2044
 52  28  0.0083 -0.0332 10.6643
 60  28  0.0116 -0.0065 11.0891
 68  28 -0.0366 -0.0338 10.9266
 76  28  0.0525 -0.0433 10.9542
 84  28  0.0139 -0.0366 10.4087
 92  28  0.0377 -0.0063 10.2075
100  28  0.0065  0.0127 11.0479
108  28 -0.0489 -0.0364 15.7143
116  28 -0.0167 -0.0894 10.1750
124  28  0.0185 -0.0526 10.6060
132  28  0.0063 -0.0780  9.7685
140  28  0.0134 -0.0977 10.9677
148  28  0.0879 -0.0507 11.2889
156  28 -0.0035 -0.5243 17.7656
164  28  0.0043 -0.8060 16.8872
172  28  0.3399 -0.3668 14.3677
180  28  0.6047 -0.1493 13.8815
188  28  0.1510 -0.1189 12.2572
196  28  0.0011 -0.1057 12.0486
204  28 -0.0272 -0.0664 12.5830
212  28 -0.0090 -0.1045 13.4201
220  28  0.0211 -0.1151 13.6330
228  28  0.0025 -0.0805 12.4876
236  28 -0.0081 -0.0754 12.4395
244  28 -0.0009 -0.1125 12.9435
252  28  0.0569 -0.0962 18.7728
260  28  0.0911 -0.0550 22.0704
268  28  0.1845 -0.0157 24.3809
276  28  0.0538 -0.0400 20.1765
284  28  0.0383 -0.0975 19.5666
292  28  0.0375 -0.1422 17.3953
  4  36  0.0194  0.0643  7.6248
 12  36 -0.0060 -0.1005  8.3883
 20  36 -0.0410 -0.0098  7.3629
 28  36  0.0935 -0.3997  6.5854
 36  36 -0.0782 -0.0703  6.2319
 44  36  0.0000  0.2459  6.6289
 52  36  0.0000 -0.1639  7.0459
 60  36 -0.1034 -0.1750  8.8013
 68  36  0.0118 -0.0166  6.8504
 76  36  0.0831  0.1205  7.5632
 84  36 -0.0913 -0.0141 13.7784
 92  36  0.0812 -0.0648 12.3069
100  36  0.0041  0.1284  7.6357
108  36 -0.0496 -0.0538  7.7559
116  36 -0.0994 -0.2332  8.3163
124  36 -0.1409 -0.1583  6.4311
132  36 -0.5000  0.0000  8.8276
140  36 -0.1960  2.5000 11.1304
148  36  0.0578 -0.0232  5.7553
156  36  0.5246 -0.3362 12.8629
164  36  0.1631  0.0194 15.6776
172  36  0.3520 -0.2484 12.4690
180  36  0.0009 -0.1534 11.7818
188  36  0.1244 -0.0532  7.1616
196  36 -0.0047 -0.0313 12.3814
204  36  0.0068  0.1556 10.9110
212  36  0.0719 -0.0858 10.3434
220  36  0.1292 -0.3204  8.7947
228  36  0.1770 -0.2486 11.4364
236  36  0.0000  0.0000 10.8982
244  36 -0.1658  0.1558  9.8955
252  36 -0.4555  0.0695  7.3223
260  36  0.0531 -0.0227  7.9440
268  36 -0.1451 -0.0693  5.8421
276  36 -0.0353  0.0366  6.4333
284  36 -0.0255 -0.0090  9.1629
292  36 -0.0114  0.1063  8.7473
  4  44 -0.0557 -0.0193 15.2661
 12  44  0.0000  0.3649 11.1304
 20  44  0.0272  0.0238 11.1899
 28  44 -0.2001  0.0020 14.2950
 36  44  0.0000 -0.0247 14.8421
 44  44 -0.0282 -0.0168 12.2480
 52  44 -0.0304 -0.0224 10.0703
 60  44 -0.0058  0.0137  8.9347
 68  44 -0.1223 -0.2472  7.8859
 76  44 -0.1939  0.1177  6.5274
 84  44 -0.3069 -0.4406  9.6020
 92  44  0.0000  0.0000 11.1304
100  44 -0.0698 -0.2911 10.5124
108  44  0.0000  0.0000  0.0000
116  44  0.0000  0.0000  0.0000
124  44  0.0000  0.0000  0.0000
132  44  0.0000  4.5000  4.0635
140  44  0.0000  0.0000  0.0000
148  44  0.1019 -0.0050  5.5900
156  44  0.1445 -0.2358 13.7040
164  44  0.0842 -0.1547 11.9163
172  44  0.0166 -0.1473 12.3273
180  44  0.0409 -0.0915 12.4568
188  44  0.0293  0.0220  6.3801
196  44  0.0000  0.0000  7.2698
204  44  0.1224 -0.0140  7.0043
212  44  0.0104 -0.1913  8.2342
220  44  0.0881 -0.1029  9.8939
228  44 -0.0736  0.0051 10.6489
236  44  0.0000  0.0000 10.6057
244  44  0.0058  0.0376 14.4964
252  44  0.1267  0.0725 13.9092
260  44  0.2141 -0.0341 12.3209
268  44 -0.1771  0.0000 13.7172
276  44 -0.2031  0.2533 11.5736
284  44  0.3061  0.2607 13.1156
292  44 -0.2025 -0.0645 13.3150
  4  52  0.0489  0.0690  9.4622
 12  52  0.0297 -0.0145  9.3426
 20  52  0.0939 -0.0113  9.1078
 28  52 -0.0484 -0.0599  9.5429
 36  52  0.0000  0.0000 11.1304
 44  52  0.0000  0.0000  0.0000
 52  52  0.0000  0.0000  0.0000
 60  52  0.0000  0.0000  0.0000
 68  52  0.0000  0.0000  0.0000
 76  52  0.0000  0.0000  0.0000
 84  52 -0.1180  2.5000  9.2850
 92  52  0.0000  0.0000 11.1304
100  52 -0.1180  2.5000  9.2850
108  52  0.0000  0.0000  0.0000
116  52  0.0000  0.0000  0.0000
124  52  0.0000  0.0000  0.0000
132  52 -0.5000 -0.5000  4.0635
140  52  0.0309 -0.0427  6.3772
148  52  0.0418 -0.0351  7.3546
156  52 -0.0138 -0.1888 24.6966
164  52  0.0323 -0.2471 11.4211
172  52  0.1302 -0.3357 10.6916
180  52  0.0697 -0.3853 15.8077
188  52 -0.0521 -0.0231  6.2049
196  52  0.3010  0.3226 12.4568
204  52  0.0000 -0.2917 11.1304
212  52 -0.1847 -0.2026 11.1091
220  52 -0.0506 -0.1062 11.3716
228  52  0.0064 -0.1710 13.7427
236  52  0.0490 -0.1520 11.0125
244  52  0.1921 -0.0585 13.2161
252  52  0.0629 -0.1178 12.8000
260  52 -0.0599  0.3864  9.0141
268  52  0.1407 -0.1540 10.7194
276  52 -0.1171  0.0725 13.6727
284  52 -0.0106  0.2269 11.3584
292  52  0.1245 -0.1427 11.4419
  4  60  0.0000  0.0000  0.0000
 12  60  0.0000  2.5000  8.8276
 20  60  0.0000  0.0000  0.0000
 28  60  0.0000  0.0000  0.0000
 36  60  0.0000  0.0000  0.0000
 44  60  0.0000  0.0000  0.0000
 52  60  0.0000  0.0000  0.0000
 60  60  0.0000  0.0000  0.0000
 68  60  0.0000  0.0000  0.0000
 76  60 -1.5000  0.0000  8.2581
 84  60 -0.0391 -0.5000  9.3822
 92  60  0.0000  0.0000 16.2126
100  60  0.0000 -0.0353 15.9883
108  60  0.0000  0.0000 11.9011
116  60  3.1274 -0.0398 14.9445
124  60  0.0000 -0.1760 15.0588
132  60  0.0000  0.0000  0.0000
140  60 -0.0336 -0.3700  4.9256
148  60 -0.0009 -0.0058  5.6255
156  60  0.0074  0.0360  5.6763
164  60  0.0268  0.0508  5.6670
172  60  0.0495  0.0165  5.7202
180  60 -0.0305  0.0390  5.8534
188  60 -0.4019 -0.1469  6.0086
196  60  0.0000  0.1960 11.1304
204  60  0.0000  0.0000 11.1304
212  60  0.0000  0.0000 11.1304
220  60  0.0000  0.0000 11.1304
228  60  0.0000  0.0000 11.1304
236  60  0.1854 -0.1854  7.8578
244  60  0.0000  0.0000 11.0903
252  60  0.0000  0.0000  9.6997
260  60  0.0631  0.0074 11.2490
268  60 -0.0255  0.1607 12.6930
276  60 -0.5000 -0.1057  6.1160
284  60  0.0707 -0.0302  8.6413
292  60 -0.0395 -0.1421 11.1908
  4  68  0.0000  0.0000  0.0000
 12  68  0.0000  0.0000  0.0000
 20  68  0.0000  0.0000  0.0000
 28  68  0.0000  0.0000  0.0000
 36  68  0.0000  0.0000  0.0000
 44  68  0.0000  0.0000  0.0000
 52  68 -0.0696  0.0812 10.9765
 60  68  0.0000  0.0000  0.0000
 68  68  3.5000 -0.1203  5.4468
 76  68 -0.2414  0.0000 11.1304
 84  68  0.0000 -0.2055  9.2946
 92  68  0.1289  0.0194 13.6604
100  68 -0.0072  0.1965 17.4779
108  68 -0.5000  0.0000  8.8276
116  68  0.0000  0.0000 11.1304
124  68  2.3677 -0.1145 12.8207
132  68  0.0000  0.0000 11.1304
140  68  0.0000 -0.1960 11.1304
148  68 -0.1912  0.0000 12.4272
156  68  0.0951  0.0000 12.2969
164  68 -1.3070 -0.0337 12.4709
172  68  0.0000  0.0000  0.0000
180  68 -0.1840  0.1143  9.5210
188  68  0.0000  0.0000  0.0000
196  68  0.0000  0.0000  0.0000
204  68  0.0000  0.0000  0.0000
212  68  0.0000  0.0000  0.0000
220  68  0.0000  0.0000  0.0000
228  68  0.0000  0.0000  0.0000
236  68  0.0000  0.0000  0.0000
244  68  0.0000  0.0000  0.0000
252  68  0.0000  0.0000  0.0000
260  68 -0.0418 -0.1521 12.6567
268  68 -0.4337  0.0578  8.8276
276  68 -0.0323 -0.1977 12.9996
284  68  0.1272  3.5000  7.3827
292  68  0.0000  0.0000  0.0000
  4  76  0.0000  0.0000  0.0000
 12  76  0.0000  0.0000  0.0000
 20  76  0.0000  0.0000  0.0000
 28  76  0.0000  0.0000  0.0000
 36  76  0.0000  0.0000  0.0000
 44  76 -0.1088 -0.1876 13.0169
 52  76 -0.5000  0.5000  6.9040
 60  76  0.0000  0.0000 11.1304
 68  76  0.1212 -0.0530 16.6957
 76  76 -0.2838 -0.4274  9.2414
 84  76 -0.0141  0.0365  9.5934
 92  76 -0.0356 -0.5000  6.5765
100  76  0.1254 -1.0000 11.7377
108  76  0.0000  0.0000 11.1304
116  76 -0.3681 -0.3881  9.7710
124  76  2.5000  0.0000  8.8276
132  76  0.0000  0.0000  0.0000
140  76  0.0391  2.5000  9.3822
148  76  0.4681  0.0000  9.5738
156  76  2.5000  0.0000  8.8276
164  76  0.0000  0.0000 12.0628
172  76 -0.0875 -0.1497 12.3095
180  76 -0.0604 -2.8712 13.1127
188  76  0.0000  0.0000  0.0000
196  76  0.0000  0.0000  0.0000
204  76  0.0000  0.0000  0.0000
212  76  0.0000  0.0000  0.0000
220  76  0.0000  0.0000  0.0000
228  76  0.0000  0.0000  0.0000
236  76 -0.5000  0.0000  8.8276
244  76  0.0000  0.0000  0.0000
252  76  0.0000  0.0000  0.0000
260  76  0.1780 -0.2756  7.6418
268  76  0.0000  0.0000  0.0000
276  76  0.0000 -0.5000  8.8276
284  76  0.3147  1.2235  7.7576
292  76  1.6064  0.7283  8.0898
  4  84  0.0272  0.0238 11.1899
 12  84  0.3309  0.0637  7.1846
 20  84 -0.5000  0.0000  8.8276
 28  84  0.0000  0.0000  0.0000
 36  84 -0.5000  0.0265 11.4627
 44  84  0.0000  0.0000  7.8528
 52  84 -0.0306  0.3144  6.1836
 60  84 -0.2139  0.1304  7.2207
 68  84  0.5000 -0.8178  7.8528
 76  84 -0.0792  0.0000  9.6802
 84  84  0.1631  0.0714  8.4151
 92  84  0.0000 -0.7765  9.0353
100  84  0.2707  0.0000 13.1154
108  84  0.0182 -0.0134  9.7149
116  84  0.0000  0.0000 19.4783
124  84  0.0000  0.0000 11.1304
132  84 -0.2977  0.2755 12.3502
140  84 -0.0822  0.0335 10.9330
148  84  0.2075 -0.2325 11.7073
156  84  0.0000  0.1174  9.1793
164  84  4.5000  4.5000  4.0635
172  84  2.5000  5.5000  5.4468
180  84  0.4337  0.0578  8.8276
188  84  0.0000  0.0000  0.0000
196  84  0.0000  0.0000  0.0000
204  84  0.0000  0.0000  0.0000
212  84  0.0000  0.0000  0.0000
220  84 -0.5000  0.0391  9.3822
228  84  0.0000  0.0000  0.0000
236  84  0.0000  0.0000  0.0000
244  84  0.0000  0.0000  0.0000
252  84  0.0000  0.0000  0.0000
260  84  0.0000  0.0000  0.0000
268  84  0.0000  0.0000 11.1304
276  84 -0.5000  4.5000  4.0635
284  84  0.0000  0.0000  0.0000
292  84  0.0260 -0.1761  4.3390
  4  92  3.5000 -0.0944  8.7605
 12  92  0.1113  0.1047 10.0226
 20  92 -0.0824  0.2461  8.5976
 28  92 -0.1815  1.2205  6.5000
 36  92  0.1530  2.3664  9.0505
 44  92  0.0714 -0.0217 10.1378
 52  92  0.2603  0.2616  6.2902
 60  92  0.0000  0.0000 11.9011
 68  92  5.8075  0.0000  6.0043
 76  92  0.0000  0.0000  0.0000
 84  92  0.0000  0.0000 13.2207
 92  92  0.0000  0.0000  1.0000
100  92 -0.4043  0.4043  8.0000
108  92  0.2893  0.1692  9.1730
116  92  0.1683 -0.0604 12.2620
124  92  2.5000  0.0000  8.8276
132  92  2.5000  0.0000  8.8276
140  92 -0.3313  2.5000  6.6617
148  92  0.0000  0.0000 11.1304
156  92  0.0000  0.0000  0.0000
164  92  0.0000  0.0000  0.0000
172  92  0.0000  0.0000  0.0000
180  92  0.0000  0.0000  0.0000
188  92  0.0000  0.0000  0.0000
196  92  0.0000  0.0000  0.0000
204  92  0.0000  0.0000  0.0000
212  92  4.5000  4.5000  4.0635
220  92  4.5000  0.1174 13.8795
228  92  0.0000  0.0000  0.0000
236  92  0.0000  0.0000  0.0000
244  92  0.0000  0.0000  0.0000
252  92  0.0000  0.0000  0.0000
260  92  0.0000  0.0000  0.0000
268  92  0.0000  0.0000 16.1088
276  92 -0.5000  0.0000  8.8276
284  92  2.5000  0.0000  8.8276
292  92  0.0000  0.0000 11.1304
  4 100  0.0832  0.3131  9.8462
 12 100  0.0000  0.0000 16.1088
 20 100  0.0000  0.0000  0.0000
 28 100  0.0000 -0.5000  8.8276
 36 100  0.0000  0.0000  0.0000
 44 100  0.0000  0.0000  9.2086
 52 100  0.1151  0.1151 16.5161
 60 100  0.0000  0.0000 11.1304
 68 100 -1.3070 -0.0337 12.4709
 76 100  0.0000  0.0000  0.0000
 84 100 -0.5000 -0.1588 10.5785
 92 100  0.1867 -0.5000  6.4178
100 100  0.0000  0.0000 11.1304
108 100  1.0000  0.5000  8.5333
116 100  0.1606 -0.3123 12.3989
124 100  0.0000  2.5000  8.9154
132 100  0.0755 -0.0653 11.8819
140 100  0.1180  0.8300  6.9404
148 100  0.0000  0.0000  0.0000
156 100  0.0000  0.0000 16.1088
164 100  0.0000  0.0000 11.1304
172 100  0.0000  0.0000  0.0000
180 100  0.0000  0.0000  0.0000
188 100  0.0000  0.0000  0.0000
196 100  0.0000  0.0000  0.0000
204 100  0.0000  0.0000  0.0000
212 100  0.0000  0.0000  0.0000
220 100  0.0000  0.0000  0.0000
228 100  0.0000  0.0000  0.0000
236 100 -0.3290  2.8274  8.0000
244 100 -0.3396 -0.4225  6.6109
252 100 -0.3321 -0.1276 10.3409
260 100  2.5000 -2.0000  8.8276
268 100  0.0000  0.0000  0.0000
276 100  1.5000  0.0000  8.2581
284 100 -0.3309  0.0637  7.1846
292 100  0.0000  0.0000 16.1088
  4 108 -1.5491  0.1144  8.6016
 12 108  0.0000 -0.1960 11.1304
 20 108 -0.0254 -0.3019  9.8076
 28 108  2.6359 -0.5000  8.6646
 36 108  0.0418 -0.1521 12.6567
 44 108  0.0000  0.0000  0.0000
 52 108     NaN  0.1203  5.4468
 60 108  0.1510 -0.4040 10.4562
 68 108  0.0000  0.0000  0.0000
 76 108  0.0000  0.0000  0.0000
 84 108  0.0000  0.0000  0.0000
 92 108  2.5000  0.0000  8.8276
100 108  0.0000 -0.5000  8.8276
108 108 -0.5000 -0.5000  4.0635
116 108 -0.0610 -0.5000  7.7665
124 108 -0.0333 -0.0445 11.8187
132 108  0.0000  0.0000  0.0000
140 108  0.0000  0.0000 11.1304
148 108  0.0000  0.0000  0.0000
156 108 -0.7379 -0.5000  7.2172
164 108  0.0000  0.0000  0.0000
172 108  0.0000  0.0000  0.0000
180 108  0.0000  0.0000  0.0000
188 108  0.0000  0.0000  0.0000
196 108  0.0000  0.0000 11.1304
204 108  0.0000  0.0000  0.0000
212 108  0.0000  0.0000  0.0000
220 108  0.0000  0.0000 11.1304
228 108  0.0000  0.0000 11.1304
236 108  1.2596 -0.3479  7.1968
244 108 -0.3868  0.1173  8.9510
252 108  1.5000  0.0448  8.9013
260 108  5.1086 -5.0500 11.5706
268 108  0.0000 -0.2917 11.1304
276 108     NaN     NaN  7.8006
284 108  0.0000  0.0000  0.0000
292 108  2.5000  0.0000  8.8276
  4 116 -1.0492  0.0305 12.6667
 12 116 -0.2483 -0.2634  5.9970
 20 116 -0.5000  0.0416  9.4062
 28 116 -0.2155 -0.1063  9.9425
 36 116 -0.2773 -0.0545 12.3095
 44 116 -2.0000  1.6576  7.2282
 52 116 -0.1425  1.8424 10.3899
 60 116  3.5000 -0.1203  5.4468
 68 116  0.0000  0.0000 16.1088
 76 116  0.0000  0.0000 22.2609
 84 116  0.0000  0.0000 12.0455
 92 116  0.0000  0.0000 11.1304
100 116  0.0000  0.0000  0.0000
108 116  0.0000  0.0000 11.1304
116 116  4.5000  4.5000  4.0635
124 116 -0.1867  2.5000  6.4178
132 116  0.0000  0.0000 11.1304
140 116  1.3070  0.0337 12.4709
148 116  0.0000  0.0000 11.1304
156 116 -1.9031  1.5000  7.6567
164 116  0.0000  0.0000  0.0000
172 116  0.0000  0.0000  0.0000
180 116  0.0000  0.0000  0.0000
188 116  0.0000  0.0000  0.0000
196 116  0.0000  0.0000  0.0000
204 116  0.0000  0.0000  0.0000
212 116  0.0000  0.0000  0.0000
220 116 -3.5000  4.8102  6.3471
228 116  0.3127 -0.1061  9.8739
236 116  0.0000  0.0000  0.0000
244 116  0.0000  0.0000  0.0000
252 116  0.0000  0.0000  0.0000
260 116  0.3468  2.5000 10.2045
268 116  2.5000  0.0000  8.8276
276 116  0.0000  0.0000  0.0000
284 116  0.0000  0.0000  0.0000
292 116  0.0000  0.0000  0.0000
  4 124 -0.0593  0.1399  7.3827
 12 124 -0.0378  0.0868 15.2803
 20 124  2.5000  0.0000  8.8276
 28 124  0.0000  0.0000  0.0000
 36 124  0.0000  0.0000 16.1088
 44 124  0.0000  0.0000  0.0000
 52 124  2.5000  0.0000  8.8276
 60 124 -0.5000 -0.5000  4.0635
 68 124  0.0000  0.0000 11.1304
 76 124  0.1123  0.0711 13.6764
 84 124  4.5000 -0.1174 13.8795
 92 124  0.0000  0.0000  0.0000
100 124  0.0000  0.0000  0.0000
108 124 -0.5000  4.5000  4.0635
116 124  0.0000  0.0000  0.0000
124 124  0.0000  0.0000 16.1088
132 124 -0.5000  2.5000  4.0635
140 124  1.1838  2.5000  7.5779
148 124  0.0000  5.0000 11.1304
156 124  0.0000  2.5000  8.8276
164 124  0.0000  2.5000  8.8276
172 124  0.0000  0.0000  0.0000
180 124 -1.0492 -0.0305 12.6667
188 124  0.0000  0.0000  0.0000
196 124  0.0000  2.5000  8.8276
204 124  0.0000  0.0000 11.1304
212 124  2.3677  0.1145 12.8207
220 124  0.0000  0.0000  0.0000
228 124  0.0000  0.0000  0.0000
236 124  1.5000  0.0812 10.1857
244 124  0.0417 -0.1134  7.3143
252 124  0.0000  0.0000  0.0000
260 124  0.5000  0.0000 11.1304
268 124  0.0000  0.0000  0.0000
276 124  0.0000  0.0000  0.0000
284 124  0.0000  0.0000 11.1304
292 124  0.5000  0.0000 11.1304
  4 132 -0.5000  0.0000  8.8276
 12 132  0.0000  0.0000 11.1304
 20 132  0.0000  0.0000  0.0000
 28 132  0.0000  0.0000  0.0000
 36 132  0.4043  0.4043  8.0000
 44 132  0.0000  0.0000  0.0000
 52 132  0.0000  0.0000 11.1304
 60 132  0.0000  0.0000 11.1304
 68 132  0.0000  0.0000  0.0000
 76 132  0.0000  0.0000 22.2609
 84 132  0.0000  0.0000  0.0000
 92 132  0.0000 -0.5000  8.8276
100 132  0.0000  0.0000  0.0000
108 132  0.0000  0.0000  0.0000
116 132  0.5000  0.0000 11.1304
124 132  0.0000  0.0000  0.0000
132 132  0.0000  0.0000  0.0000
140 132  0.0000  0.0000  0.0000
148 132 -1.5000 -4.8102  6.3471
156 132  0.9305 -0.3479  7.6910
164 132 -0.3732 -0.3694 10.3318
172 132  4.5000  4.5000  4.0635
180 132 -0.2907  0.0403 10.5761
188 132  2.5000  0.0000  8.8276
196 132  0.0000  0.0000 12.0628
204 132  0.1180 -0.5000  9.2850
212 132  0.0000  0.0000  0.0000
220 132  0.0000  0.0000 11.1304
228 132  0.0000  0.0000  0.0000
236 132  0.0000  0.0000  0.0000
244 132  0.0000  2.5000  8.8276
252 132  0.0000  0.0000  0.0000
260 132 -0.1960  0.0000 11.1304
268 132  0.0000  0.0000  0.0000
276 132  0.0000  0.0000  0.0000
284 132  2.5000  0.0000  8.8276
292 132  0.0000 -0.5000  8.8276
  4 140 -0.2883  0.0000  7.1608
 12 140  0.0000  0.0000 16.1088
 20 140  0.0000  0.0000  0.0000
 28 140  0.0000  0.0000  0.0000
 36 140  0.0000  0.0000  0.0000
 44 140 -1.1838 -0.5000  7.5779
 52 140  0.0000  0.0000  0.0000
 60 140  0.0000  0.0000  0.0000
 68 140  0.0000 -0.5000  8.8276
 76 140  0.0000  0.0000  0.0000
 84 140  0.0000  0.0000  0.0000
 92 140  0.0000  0.0000 16.1088
100 140  0.0000  0.0000  0.0000
108 140  0.0000  0.0000  0.0000
116 140  0.0000  0.0000  0.0000
124 140  0.0000  0.0000  0.0000
132 140  0.0000 -0.5000 12.0628
140 140  0.0000  0.0000  0.0000
148 140  0.0000  0.0000  0.0000
156 140  1.0000  0.0000  8.2581
164 140  0.0000 -0.5000  4.0635
172 140  0.0000  0.0000  0.0000
180 140  0.0000  0.0000  0.0000
188 140  0.0000  0.0000  0.0000
196 140  0.0000  0.0000 11.1304
204 140 -1.5000 -0.0825  7.4357
212 140  0.0000  0.0000  0.0000
220 140  0.0000  0.0000  0.0000
228 140  0.0000  0.0000  0.0000
236 140  0.0000  0.0000  0.0000
244 140  0.0000  0.0000  0.0000
252 140 -0.5000  0.0000  8.8276
260 140  0.0000  0.0000  0.0000
268 140  0.0000  0.0000 16.1088
276 140  0.0000  0.0000  0.0000
284 140  0.0000  0.0000  0.0000
292 140  4.5000  4.5000  4.0635
  4 148  0.3782 -0.1793  4.9421
 12 148  0.0000  0.0000 11.1304
 20 148  0.0000  0.0000  0.0000
 28 148  4.5000  4.5000  4.0635
 36 148 -0.3732  0.3694 10.3318
 44 148  0.0000  0.0000  0.0000
 52 148  0.0000  0.0000  0.0000
 60 148 -0.5000  0.0000  8.8276
 68 148  0.0000  0.0000  0.0000
 76 148 -0.2375 -0.3586 11.7728
 84 148  0.0000  0.0000  0.0000
 92 148  0.0000  0.0000 19.1045
100 148  0.0000  0.0000  0.0000
108 148  0.0000  0.0000  0.0000
116 148  0.0000 -0.5000  8.8276
124 148  0.0000  0.0000  0.0000
132 148  0.0083 -0.0418 11.2576
140 148  0.0000  0.0000  0.0000
148 148  0.0000  0.0000  0.0000
156 148  0.0610  0.5000  7.7665
164 148 -0.5000  0.0000  8.8276
172 148  0.0000  0.0000  0.0000
180 148  0.0000  0.0000  0.0000
188 148 -0.0832 -0.3131  9.8462
196 148  0.0000  0.0000  0.0000
204 148  0.0000  0.0000 11.1304
212 148 -0.5000 -5.0391  9.3822
220 148  0.0000  0.0000  0.0000
228 148  0.0000  0.0000  0.0000
236 148  0.0000  0.0000  0.0000
244 148  0.0000  0.0000  0.0000
252 148  0.0000  0.0000  0.0000
260 148  0.0000  0.0000  0.0000
268 148  0.0000  0.0000  0.0000
276 148  0.0000  0.0000  0.0000
284 148  0.0000  0.0000  0.0000
292 148  0.0000  0.0000  0.0000
  4 156     NaN  0.0000 17.0667
 12 156  0.0000  0.0000  0.0000
 20 156  0.0000  0.0000  0.0000
 28 156  0.0000  0.0000  0.0000
 36 156  0.0832 -0.3131  9.8462
 44 156  0.0000  0.0000  0.0000
 52 156  0.0000  0.0000 11.1304
 60 156  0.0000  0.0000  0.0000
 68 156 -0.1434  3.5000  8.3934
 76 156  0.0578  0.4337  9.0220
 84 156  0.0000  0.0000  0.0000
 92 156  0.0000  0.0000 19.1045
100 156  0.0000  0.0000 11.1304
108 156  0.0000  0.0000  0.0000
116 156  0.0000  0.0000  0.0000
124 156  0.0000  0.0000 11.1304
132 156  0.6001  0.1776  6.9856
140 156  0.0000  0.0000  0.0000
148 156  0.0000  0.0000  0.0000
156 156  1.5000 -1.0000  7.4357
164 156  0.0000  0.0000 11.1304
172 156  0.0000  0.0000  0.0000
180 156  1.5000  0.0000  8.2581
188 156  0.0000  0.0000 11.1304
196 156  0.0000  0.0000  0.0000
204 156  0.0000  0.0000  0.0000
212 156  0.0000  2.5000  8.8276
220 156  0.0000  0.0000 11.1304
228 156  0.0000  0.0000  0.0000
236 156  0.0000  0.0000  0.0000
244 156  4.5000  4.5000  4.0635
252 156  0.0000  0.0000  0.0000
260 156  0.0000  0.0000  0.0000
268 156  0.0000  0.0000  0.0000
276 156  0.0000  0.0000  0.0000
284 156  0.0000  0.0000  0.0000
292 156  0.0000  0.0000  0.0000
  4 164  0.0000  0.0000  0.0000
 12 164  0.0000 -0.5000  8.8276
 20 164  0.0000  0.0000  0.0000
 28 164  0.0000  0.0000 19.4783
 36 164 -0.0417 -0.1134  7.3143
 44 164  0.0000  0.0000  0.0000
 52 164  0.0000  0.0000 11.1304
 60 164  0.0000  0.0000  0.0000
 68 164 -0.1180  2.5000  9.2850
 76 164  0.3610  0.3610  5.9535
 84 164  0.0000  2.5000  8.8276
 92 164  0.0000  0.0000  0.0000
100 164 -0.4358  0.1326  5.4468
108 164  0.0000  0.0000  0.0000
116 164 -2.6703  0.4523  5.3526
124 164  0.3449  0.2259  9.1541
132 164     NaN     NaN  4.0635
140 164  2.5000  0.0000  8.8276
148 164  0.0000  0.0000  0.0000
156 164  1.5000 -0.5000  4.0635
164 164  0.0000  0.0000  1.0000
172 164  0.0000  0.0000  0.0000
180 164  0.1960  0.0000 11.1304
188 164  0.0000  2.5000  8.8276
196 164  0.0000  0.0000  0.0000
204 164  0.0000  0.0000  0.0000
212 164  0.0000  0.0000  0.0000
220 164 -2.5000  2.5000  7.6040
228 164  0.0000  0.0000  0.0000
236 164 -0.5000 -0.5000  4.0635
244 164  0.0000  0.0000  0.0000
252 164  0.0000  0.0000  0.0000
260 164  0.0000  0.0000  0.0000
268 164  0.0000  0.0000  0.0000
276 164     NaN  0.1203  5.4468
284 164  0.0000  0.0000  0.0000
292 164  2.5000  0.0000  8.8276
  4 172  0.0000  0.0000  0.0000
 12 172  0.0000  0.0000 11.1304
 20 172  0.0391  2.5000  9.3822
 28 172  0.0000  0.1063  6.9728
 36 172  0.0000  0.0000  0.0000
 44 172  0.0000  0.0000  0.0000
 52 172  0.0000  0.0000  0.0000
 60 172  4.5000  2.5000  4.0635
 68 172  1.5000  0.0000  8.2581
 76 172  0.1151  0.1151 16.5161
 84 172  0.0000  0.0000  0.0000
 92 172  0.0000 -0.5000  8.8276
100 172  0.1167 -0.1359  5.5934
108 172  0.0065 -5.1655  5.5391
116 172  0.0817 -3.8257  4.1045
124 172  0.0000  0.0000  0.0000
132 172  0.0000  0.0000  0.0000
140 172  0.0000  0.0000  0.0000
148 172  0.0000  0.0000  0.0000
156 172  0.0000  0.0000  0.0000
164 172  0.0000  0.0000 11.1304
172 172  0.0000  0.0000  0.0000
180 172  0.1960  2.5000 11.1304
188 172  0.0000  0.0000 11.1304
196 172  0.0000  0.0000  0.0000
204 172  0.0000  0.0000  0.0000
212 172  0.0000  0.0000  0.0000
220 172  0.0000  0.0000 11.1304
228 172  0.0000  0.0000  0.0000
236 172  0.0000  0.0000  0.0000
244 172  0.0000  0.0000  0.0000
252 172  0.0000  0.0000  0.0000
260 172  0.0000  0.0000  0.0000
268 172 -0.5000  0.0000  8.8276
276 172  0.0000  0.0000 11.1304
284 172  0.0000  0.0000  0.0000
292 172  0.0000  0.0000  0.0000
  4 180 -0.1898 -0.2067  6.5641
 12 180  0.0000  0.0000 16.1088
 20 180  2.5000 -5.0391  9.3822
 28 180  0.0000 -4.6564 12.4564
 36 180  0.0000  0.0000 11.1304
 44 180  0.0000  0.0000  0.0000
 52 180  0.0000  0.0000  0.0000
 60 180  0.1841 -0.0418 12.3683
 68 180  0.8253 -0.3379  7.1111
 76 180  0.0000  0.0000  0.0000
 84 180  0.0000  0.0000  0.0000
 92 180  0.0000  0.0000  0.0000
100 180 -0.1063  0.0000  6.9728
108 180  0.2738  0.1311  5.9933
116 180  0.0000  3.0000 11.1304
124 180 -0.1156  0.1189 11.2859
132 180  0.0000  0.0000 16.1088
140 180  5.5000 -0.5000  4.0635
148 180 -0.5000 -0.5000  4.0635
156 180  0.0000  0.0000  0.0000
164 180  0.0000  0.0000 11.1304
172 180  0.0000  0.0000  0.0000
180 180  0.0000  0.0000  0.0000
188 180 -0.1180 -0.5000  9.2850
196 180  0.0000  0.0000  0.0000
204 180  0.0000  0.0000  0.0000
212 180  0.0000  0.0000  0.0000
220 180  0.0000  0.0000  0.0000
228 180  0.0000  0.0000  0.0000
236 180  0.0000  0.0000  0.0000
244 180 -0.5000  4.5000  4.0635
252 180  0.0000  0.0000  0.0000
260 180  0.0000  0.0000  0.0000
268 180  0.0000  0.0000  0.0000
276 180 -0.5000 -0.5000  4.0635
284 180  0.0000  0.0000  0.0000
292 180  0.0000 -0.5000  8.8276
  4 188  0.0000  0.0000 16.1088
 12 188  0.0000  0.0000  0.0000
 20 188  0.0000  0.0000 17.0667
 28 188  0.0000  0.0000 16.1088
 36 188  0.0000 -0.5000  8.8276
 44 188  0.0000  0.0000  0.0000
 52 188  0.0000  0.0000 16.1088
 60 188  3.5000 -0.1203  5.4468
 68 188 -1.2687  2.5000  7.5779
 76 188  0.0000  0.0000  0.0000
 84 188  0.0000  0.0000  0.0000
 92 188  0.0000  0.0000  0.0000
100 188  0.0000  0.0000  0.0000
108 188  0.0000  0.0000  0.0000
116 188  0.0000  0.0000  0.0000
124 188  0.0610 -0.5000  7.7665
132 188  0.0000  0.0000  0.0000
140 188  2.5000  0.0000  8.8276
148 188  0.0000  0.0000  0.0000
156 188 -0.0786  0.3487  7.3143
164 188 -0.1960  0.0000 11.1304
172 188 -0.1263  0.0969 14.7403
180 188     NaN     NaN  5.4468
188 188 -0.0698 -0.2911 10.5124
196 188  0.0000  0.0000  0.0000
204 188  0.0000  0.0000  0.0000
212 188  0.0000  0.0000  0.0000
220 188  0.0000  0.0000  0.0000
228 188  0.0000  0.0000  0.0000
236 188  0.0000  0.0000 11.1304
244 188  0.0000  0.0000  0.0000
252 188  0.0000  0.0000  0.0000
260 188  0.0000  0.0000  0.0000
268 188  0.0000  0.0000  0.0000
276 188  0.0000  0.0000  0.0000
284 188  4.5000  4.5000  4.0635
292 188  0.0000  0.0000  0.0000
  4 196  0.0000  4.6564 12.4564
 12 196  0.0000  0.0000  0.0000
 20 196  1.5000 -1.0000  7.4357
 28 196  0.0000  0.0000 16.1088
 36 196  0.0000  0.0000  0.0000
 44 196  0.0000  0.0000  0.0000
 52 196  0.0000  0.0000 11.1304
 60 196 -0.0382  0.1028 16.6166
 68 196  0.0000  0.0000  0.0000
 76 196  0.0000  0.0000  0.0000
 84 196  0.0000  0.0000  0.0000
 92 196  0.0000  0.0000  0.0000
100 196 -0.1960 -0.5000 11.1304
108 196  2.3677 -0.1145 12.8207
116 196  0.0000  0.0000  0.0000
124 196 -0.8442  0.5000  7.5025
132 196  0.0000  0.0000  0.0000
140 196  0.0000  0.0000  0.0000
148 196  0.0000  0.0000  0.0000
156 196  0.0000  0.0000  0.0000
164 196 -0.2917  0.0000 11.1304
172 196  0.0000  0.0000  0.0000
180 196  0.0000  0.0000  0.0000
188 196  0.0000  0.0000 11.1304
196 196  0.0000  2.5000  8.8276
204 196  0.0000  0.0000  0.0000
212 196  0.0000  0.0000  0.0000
220 196  0.0000  0.0000  0.0000
228 196  0.0000  0.0000  0.0000
236 196  0.0000  0.0000  0.0000
244 196  0.0000  0.0000  0.0000
252 196  4.5000  4.5000  4.0635
260 196  0.0000  0.0000  0.0000
268 196  0.0000  0.0000  0.0000
276 196  1.1838  2.5000  7.5779
284 196  5.6832 -0.5000  8.3934
292 196 -3.3827 -0.0458 10.4253
  4 204  0.0000  0.0000 11.1304
 12 204  0.1960  0.0000 11.1304
 20 204  0.4025  2.5000  7.3745
 28 204  0.0000  0.0000 11.1304
 36 204  0.0000  0.0000  0.0000
 44 204  0.0000  0.0000  0.0000
 52 204  0.0000  0.0000  0.0000
 60 204  0.0000  0.0000  0.0000
 68 204  0.0000  2.5000  8.8276
 76 204  0.0000  0.0000 11.1304
 84 204  0.0000  0.0000  0.0000
 92 204  0.3732  0.3694 10.3318
100 204 -0.1180  2.5000  9.2850
108 204  1.5000  0.0000  8.2581
116 204  0.0000  0.0000  0.0000
124 204  1.5000  2.5000  8.2581
132 204  0.0000  5.0000 11.1304
140 204  0.0000  0.0000  0.0000
148 204 -5.0000  0.1063  6.9728
156 204  0.0000  0.0000  0.0000
164 204  0.0897  1.5000  8.2581
172 204  0.0000  0.0000  0.0000
180 204  0.0000  0.0000  0.0000
188 204  2.5000  0.0000  8.8276
196 204  0.0000  0.0000 16.1088
204 204  0.0000  0.0000  0.0000
212 204  0.0000  0.0000  0.0000
220 204  0.0000  0.0000  0.0000
228 204  0.0000  0.0000  0.0000
236 204  0.0000  0.0000  0.0000
244 204  0.0000  0.0000  0.0000
252 204  2.5000  0.0000  8.8276
260 204 -0.5000  0.0000  8.8276
268 204  2.5000  0.0000  8.8276
276 204 -0.5000  0.0000  8.8276
284 204  0.0000  0.0000  0.0000
292 204  0.0000  0.0000  0.0000
  4 212  0.0000  0.0000  0.0000
 12 212  0.0832  0.3131  9.8462
 20 212 -0.5000 -0.5000  4.0635
 28 212 -0.5000 -0.5000  4.0635
 36 212  0.0000  0.0000  0.0000
 44 212  0.0000  0.0000  0.0000
 52 212  0.0000  0.0000  0.0000
 60 212  2.5000  0.0000  8.8276
 68 212  0.0000  0.0000  0.0000
 76 212  0.0000  0.0000  0.0000
 84 212  0.0000  0.0000  0.0000
 92 212  0.0000  0.0000 11.1304
100 212  0.0000  0.0000  0.0000
108 212  0.0000  0.0000 16.1088
116 212  0.3066 -0.2613  9.6402
124 212  3.7404 -0.3479  7.1968
132 212  0.0000  0.0000 11.1304
140 212  0.0000  0.0000  0.0000
148 212  0.1313 -0.0812 16.9211
156 212  0.0000  0.0000  0.0000
164 212  0.5000  0.0000 11.1304
172 212  0.0000  0.0000 11.1304
180 212  0.0000  0.0000  0.0000
188 212  0.0000  0.0000  0.0000
196 212  0.0000  0.0000 16.1088
204 212  0.0000  0.0000 11.1304
212 212  0.0000  0.0000  0.0000
220 212  0.0000  0.0000  0.0000
228 212  0.0000  0.0000  0.0000
236 212  0.0000  0.0000  0.0000
244 212  0.0000  0.0000  0.0000
252 212  0.0000 -0.5000  8.8276
260 212 -5.0000  0.0000 11.1304
268 212  0.0000  0.0000 11.1304
276 212 -0.5000  4.5000  4.0635
284 212  0.0000  0.0000  0.0000
292 212  0.0000  0.0000  0.0000
  4 220  0.0000  0.0000  0.0000
 12 220  0.0000 -0.5000  8.8276
 20 220  0.0000  0.0000  0.0000
 28 220 -2.5000  0.0000 11.1304
 36 220  0.0000  0.0000  0.0000
 44 220  4.5000  4.5000  4.0635
 52 220 -0.5000  4.5000  4.0635
 60 220  0.0000  0.0000  0.0000
 68 220  0.0000  0.0000  0.0000
 76 220  0.0000  0.0000  0.0000
 84 220  0.0000  0.0000  0.0000
 92 220  0.0000  0.0000  0.0000
100 220  0.0000  0.0000  0.0000
108 220  0.0000  0.0000  0.0000
116 220  0.5000  0.0000 11.1304
124 220  0.2611  0.1783  7.6338
132 220  0.0000  0.0000  0.0000
140 220  0.0000  0.0000  0.0000
148 220  0.0000  0.0000  0.0000
156 220  0.0000  0.0000  0.0000
164 220 -0.1022  2.8306 11.0504
172 220  0.0000  0.0000  0.0000
180 220  0.0000  0.0000  0.0000
188 220  0.0000  0.0000  0.0000
196 220 -1.5000  0.0000  8.2581
204 220  0.0000  0.0000  0.0000
212 220  0.0000  0.0000  0.0000
220 220  0.0000  0.0000  0.0000
228 220  0.0000  0.0000  0.0000
236 220  0.0000  0.0000  0.0000
244 220  0.0000  0.0000  0.0000
252 220  0.0000 -0.5000  8.8276
260 220  0.0000  0.0000 11.1304
268 220  0.0000  0.0000  0.0000
276 220  0.0000  0.0000  0.0000
284 220  0.0000  0.0000  0.0000
292 220  0.0000  0.0000  0.0000
