VARIABLES= "X pix", "Y pix", "U pix/dt", "V pix/dt", "CHC", ZONE I=28, J=37
  4   4  0.0000  0.0000 10.6915
 12   4 -0.0097  0.0044 11.9352
 20   4  0.0176 -0.0059 10.8205
 28   4  0.0000  0.0000 10.9708
 36   4 -0.0452 -0.0070 10.8928
 44   4  0.0000  0.0000 11.0456
 52   4  0.0324 -0.0195 10.8164
 60   4  0.0000  0.0000 11.0673
 68   4  0.0000  0.0000 10.9708
 76   4  0.0000  0.0000 11.1054
 84   4  0.0000  0.0000 10.9650
 92   4  0.0020 -0.0021 10.8690
100   4  0.0000  0.0000 12.4887
108   4  0.0000  0.0000 11.7754
116   4  0.0000  0.0000 11.3772
124   4  0.0000  0.0000 11.9483
132   4  0.0000  0.0000 11.7754
140   4  0.0000  0.0000 11.7754
148   4  0.0000  0.0000 12.5770
156   4  0.0000  0.0000 12.6664
164   4  0.0000  0.0000 11.1490
172   4  0.0000  0.0000 10.9785
180   4  0.0000  0.0000 10.8943
188   4  0.0000  0.0000 11.7754
196   4  0.0000  0.0000 12.0698
204   4 -0.0016  0.0611 11.3056
212   4  0.0042  0.0024 11.6470
220   4 -0.0477 -0.0004 11.0036
228   4 -0.0131 -0.1095  9.5115
236   4  0.0000  0.0000 10.9171
244   4  0.0000  0.0000 10.2728
252   4  0.0000  0.0000 10.6476
260   4  0.0734  0.0161 11.2162
268   4  0.0000  0.0000 10.5951
276   4 -0.0022 -0.0760 13.0243
284   4  0.0000  0.0149 14.8376
292   4 -0.0701  0.0040 13.1612
  4  12  0.0000  0.0000 12.9162
 12  12  0.0183  0.0644 14.7744
 20  12  0.0000 -0.0679 12.7197
 28  12  0.0671  0.4809  9.1429
 36  12 -0.0932 -0.1514 10.9899
 44  12  0.0000  0.0000 14.4906
 52  12 -0.0443 -0.0399 17.2406
 60  12  0.0746 -0.0030 13.5532
 68  12  0.0000  0.0000 20.8477
 76  12  0.0000  0.0000 10.8278
 84  12  0.0000  0.0000 11.2680
 92  12  0.0000  0.0000  9.7463
100  12  0.0638  0.0282  7.8838
108  12 -0.0000  0.0000 10.1968
116  12 -0.0609 -0.0248 11.2551
124  12  0.0000  0.0000 10.8049
132  12  0.0000  0.0000 11.2680
140  12  0.0000  0.1024 10.8825
148  12  0.0000  0.0000  9.9936
156  12  0.0000  0.0000  9.9936
164  12  0.1939  0.0237 11.8355
172  12  0.0000  0.0000 10.0830
180  12 -0.0906 -0.0143 12.3122
188  12 -0.0195 -0.0078 10.8164
196  12  0.0983  0.0262  8.6047
204  12  0.0000  0.0000 10.4679
212  12  0.0185  0.2196 14.5139
220  12 -0.0026  0.0207 16.4178
228  12  0.0000  0.0000  8.4696
236  12  0.0000  0.0000  7.3911
244  12  0.0000  0.0000 12.7607
252  12  0.0000  0.0000 11.2824
260  12  0.1231  0.0150  8.4981
268  12  0.0000  0.0000  7.7631
276  12  0.0000  0.0000 12.0066
284  12 -0.1363  0.1900  9.3317
292  12 -0.0217  0.0515  9.6698
  4  20  0.0000  0.0000 14.0733
 12  20  0.0792  0.0200 11.2744
 20  20  0.0000 -0.0523 12.0067
 28  20 -0.1119 -0.0125 10.3418
 36  20  0.0000  0.0000  9.0894
 44  20  0.0000  0.0000 10.3860
 52  20 -0.0202  0.0324 13.9537
 60  20 -0.0331 -0.0157 15.7217
 68  20  0.0000  0.0259 13.3580
 76  20  0.0000  0.0000 15.4970
 84  20  0.0000  0.0000 15.2777
 92  20  0.0000  0.0000 12.5724
100  20  0.0134  0.0066 11.4813
108  20 -0.0103 -0.0106 10.4361
116  20  0.0061 -0.0111 12.1778
124  20 -0.0305  0.0026 11.2152
132  20  0.0000 -0.0234 11.1032
140  20  0.0077 -0.0130 11.2918
148  20  0.0013 -0.0161 10.7538
156  20 -0.0256  0.0063 10.2758
164  20  0.0083  0.0113 11.4531
172  20  0.0000  0.0000 17.3059
180  20 -0.0228 -0.0002 12.3267
188  20 -0.0246  0.0026 13.4157
196  20  0.0000  0.0000 13.5061
204  20  0.0138  0.0016 16.1059
212  20  0.0000  0.0000 15.1425
220  20 -0.0045 -0.0049 19.8870
228  20  0.0000  0.0000 17.9643
236  20  0.0000  0.0000 21.6966
244  20  0.0000  0.0000 22.6938
252  20  0.0231 -0.0043 19.6622
260  20  0.0197 -0.0610 24.3809
268  20 -0.0794 -0.0078 20.5563
276  20 -0.0297  0.0448 17.0479
284  20  0.0042  0.1215 12.1234
292  20  0.0000  0.0000 13.3603
  4  28  0.0000  0.0000 11.6050
 12  28 -0.0755 -0.0559 11.3946
 20  28 -0.0149  0.0022 12.0776
 28  28  0.0018 -0.0033 11.1930
 36  28 -0.0020  0.0164 11.3387
 44  28  0.0000  0.0000 10.7507
 52  28  0.0000 -0.0013 10.3758
 60  28 -0.0010  0.0106 10.8824
 68  28  0.0058  0.0011 10.8491
 76  28  0.0000  0.0000 10.7897
 84  28  0.0000  0.0000 10.0865
 92  28  0.0000  0.0000 10.0900
100  28  0.0000  0.0000 11.1514
108  28 -0.0037  0.0030 15.3860
116  28  0.0000  0.0000  9.8609
124  28  0.0000  0.0000 10.5176
132  28  0.0000  0.0000  9.5071
140  28  0.0125 -0.0087 10.5766
148  28  0.0000  0.0000 10.6687
156  28 -0.0289  0.0035 18.7107
164  28  0.0042 -0.0053 15.6406
172  28 -0.0587  0.0144 14.8651
180  28 -0.0192  0.0870 16.0281
188  28 -0.0025  0.0005 12.1684
196  28  0.0100  0.0035 11.5466
204  28  0.0000  0.0000 12.0864
212  28  0.0000  0.0000 12.8226
220  28 -0.0000  0.0000 12.6957
228  28 -0.0000  0.0000 11.9411
236  28  0.0000  0.0000 12.0729
244  28  0.0000 -0.0000 12.5206
252  28  0.0092  0.0008 17.0384
260  28 -0.0041  0.0005 22.9840
268  28  0.0000  0.0000 23.5888
276  28  0.0036  0.0217 20.5862
284  28  0.0000  0.0000 18.6716
292  28  0.0137 -0.0008 15.9724
  4  36  0.0000  0.0000  7.8525
 12  36  0.0000  0.0000  8.1484
 20  36  0.0000  0.0000  7.4261
 28  36  0.0000  0.0000  6.5640
 36  36  0.0000  0.0000  6.3934
 44  36  0.0000  0.0000  6.5361
 52  36  0.0000  0.0000  7.7372
 60  36  0.0000  0.0000 11.6152
 68  36  0.0000  0.0000  7.3644
 76  36 -0.0319  0.0499  8.5848
 84  36  0.0000  0.0000 13.6395
 92  36  0.0000  0.0000 11.9696
100  36  0.0000  0.0000  8.6336
108  36  0.0000  0.0000  8.0278
116  36  0.0000  0.0000  8.2488
124  36  0.0000  0.0000  6.7284
132  36  0.0000  0.0000 16.1088
140  36  0.0000  0.0000 22.2609
148  36 -0.0112  0.0371  5.8309
156  36 -0.0117 -0.0204 14.3403
164  36  0.0030  0.0373 15.5566
172  36 -0.0114 -0.0068 13.1023
180  36  0.0219  0.0212 13.0815
188  36 -0.0134 -0.0123  7.2004
196  36  0.0000  0.0000 14.5653
204  36  0.0000  0.0000 12.2639
212  36  0.0000  0.0000  9.6766
220  36  0.0000  0.0000  8.5757
228  36  0.0000  0.0000 10.1740
236  36  0.0000  0.0000 10.8982
244  36  0.0000  0.0000 13.3851
252  36  0.0579  0.0250  9.4623
260  36  0.0000  0.0000 11.2680
268  36  0.0126 -0.0330  6.9287
276  36  0.0000  0.0000  6.8447
284  36  0.0000  0.0000  9.5739
292  36  0.0000  0.0000  9.4382
  4  44  0.0000  0.0000 13.3565
 12  44  0.0000  0.0000 17.7968
 20  44 -0.0360  0.1854 12.6331
 28  44  0.0000  0.0000 15.4368
 36  44  0.0000  0.0000 14.4096
 44  44  0.0000  0.0000 12.1260
 52  44  0.0000  0.0000 10.3707
 60  44  0.0000  0.0000  8.9436
 68  44  0.0240  0.0340  7.4080
 76  44  0.0000  0.0000  7.4054
 84  44  0.0000  0.0000 12.5445
 92  44  0.0000  0.0000 11.1304
100  44  0.0000  0.0000 12.0628
108  44  0.0000  0.0000  0.0000
116  44  0.0000  0.0000  0.0000
124  44  0.0000  0.0000 16.1088
132  44  0.0000  0.0000 11.1304
140  44  0.0000  0.0000  0.0000
148  44 -0.0011 -0.0377  5.5146
156  44 -0.0001 -0.0027 15.6877
164  44 -0.0026  0.0041 12.3352
172  44  0.0089 -0.0009 13.2992
180  44 -0.0030 -0.0137 12.8177
188  44 -0.0028 -0.0113  6.7075
196  44  0.0000  0.0000  6.8970
204  44  0.0000  0.0000  7.5719
212  44  0.0000  0.0000  7.9667
220  44  0.0000  0.0000  9.3289
228  44  0.0000  0.0000 10.9356
236  44  0.0000  0.0000 10.6057
244  44  0.0000  0.0000 16.2968
252  44 -0.0578 -0.0025 14.6145
260  44  0.0000  0.0000 11.0903
268  44 -0.1485  0.0070 19.8310
276  44  0.0000  0.0000 13.7993
284  44  0.0000  0.0000 17.6152
292  44  0.0000  0.0000 17.6152
  4  52  0.0186  0.2366 10.5796
 12  52  0.0000  0.0000  9.4762
 20  52  0.0000  0.0000  9.6034
 28  52  0.3139 -3.7609  8.0932
 36  52  0.0000  0.0000 11.1304
 44  52  0.0000  0.0000 11.1304
 52  52  0.0000  0.0000  0.0000
 60  52  0.0000  0.0000  0.0000
 68  52  2.5000  0.0000  8.8276
 76  52  0.0000  0.0000  0.0000
 84  52  0.0000  0.0000 12.0628
 92  52  0.0000  0.0000  0.0000
100  52  0.0000  0.0000 12.0628
108  52  0.0000  0.0000  0.0000
116  52  0.0000  0.0000  0.0000
124  52  0.0000  0.0000  0.0000
132  52  2.5000  0.0000  8.8276
140  52  0.0000  0.0000  9.4208
148  52  0.0027 -0.0215  7.2643
156  52  0.0000  0.0000 23.6802
164  52  0.0000  0.0000 12.7321
172  52 -0.0009 -0.0051 11.7075
180  52  0.0065 -0.0012 22.5823
188  52 -0.0092 -0.0249  6.5907
196  52  0.0000  0.0965 20.1348
204  52 -0.5000  0.0000  8.8276
212  52  0.0000  0.0000  9.4208
220  52  0.0000  0.0000 10.8982
228  52  0.0000  0.0000 12.2035
236  52 -0.0212  0.0310 11.0025
244  52  0.0000 -0.0013 12.0346
252  52  0.0000  0.0000 12.8227
260  52  0.0000  0.0000 13.7993
268  52 -0.0160  0.0080 10.2536
276  52  0.0000  0.0000 15.9971
284  52  0.0000  0.0000 16.7828
292  52  0.0000  0.0000 12.0409
  4  60  0.0000  0.0000 19.1045
 12  60  0.0000  0.0000 11.1304
 20  60  0.0000  0.0000  0.0000
 28  60  0.0000  0.0000  0.0000
 36  60  0.0000  0.0000  0.0000
 44  60  0.0000  0.0000  0.0000
 52  60  0.0000  0.0000  0.0000
 60  60  0.0000  0.0000  0.0000
 68  60  0.0000  0.0000  0.0000
 76  60  0.0000  0.0000 11.1304
 84  60 -0.1140  0.1079 19.3902
 92  60  0.0000  0.0000 16.2126
100  60  0.0000  0.0000 19.8751
108  60  0.1841  0.0418 12.3683
116  60  0.0360 -0.1854 12.6331
124  60  0.0000  0.0000 13.0803
132  60  0.0000  0.0000 13.0803
140  60  0.0000  0.0000 10.7778
148  60  0.0000  0.0000  5.9741
156  60  0.0000 -0.0062  5.6651
164  60  0.0000  0.0000  5.6755
172  60  0.0012 -0.0323  5.8278
180  60  0.0335 -0.0212  5.9029
188  60  0.0000  0.0000  8.5677
196  60  0.0000  0.0000 12.0628
204  60  0.0000  0.0000 11.1304
212  60  0.0000  0.0000 11.1304
220  60  0.0000  0.0000 11.1304
228  60  0.0000  0.0000 11.1304
236  60  0.0000  0.0000  8.0000
244  60  0.0000  0.0000 11.0903
252  60 -0.1287 -0.0287 10.9495
260  60  0.0000  0.0000 10.9824
268  60  0.0804  0.1604 13.4543
276  60  0.0000  0.0000 16.1088
284  60  0.0000  0.0000  9.9881
292  60 -0.0070 -0.1846 11.5091
  4  68  0.0000  0.0000 14.7761
 12  68  0.0000  0.0000  0.0000
 20  68  0.0000  0.0000  0.0000
 28  68  0.0000  0.0000 11.1304
 36  68  0.0000  0.0000  0.0000
 44  68  0.0000  0.0000 11.1304
 52  68  0.0000  0.0000 11.1304
 60  68  0.0000  0.0000 11.1304
 68  68  0.0000  0.0000  0.0000
 76  68  0.0000  0.0000 20.7059
 84  68  0.0728 -0.1773  9.6588
 92  68  0.0000  0.0000 15.5886
100  68  0.0000  0.0000 17.0162
108  68  0.0000  0.0000 11.1304
116  68  0.0000  0.0000 11.1304
124  68  0.5000  0.0000  8.4768
132  68  0.0000  0.0000 11.1304
140  68  0.0000  0.0000 11.1304
148  68  0.0000  0.0000 10.1078
156  68  0.0000  0.0000 11.1304
164  68  0.0000  0.0000 11.1304
172  68  0.0000  0.0000  0.0000
180  68  0.0364 -0.3502 10.4388
188  68  0.0000  0.0000  0.0000
196  68  0.0000  0.0000 11.1304
204  68  0.0000  0.0000  0.0000
212  68  0.0000  0.0000  0.0000
220  68  0.0000  0.0000  0.0000
228  68  0.0000  0.0000  0.0000
236  68  0.0000  0.0000  0.0000
244  68  0.0000  0.0000  0.0000
252  68  0.0000  0.0000 11.1304
260  68  0.0000  0.0000 12.0455
268  68  0.0000  0.0000 16.1088
276  68 -0.1318 -0.0214 11.1304
284  68  0.0000  0.0000 16.6956
292  68  2.5000  0.0000  8.8276
  4  76  0.0000  0.0000  0.0000
 12  76  0.0000  0.0000  0.0000
 20  76  0.0000  0.0000  0.0000
 28  76  0.0000  0.0000  0.0000
 36  76  0.0000  0.0000  0.0000
 44  76  0.0000  0.0000 17.0667
 52  76  0.0000 -0.2662  6.7780
 60  76  0.0000  0.0000 11.1304
 68  76  0.0000  0.0000 18.8048
 76  76 -0.4480 -0.5000  8.0777
 84  76  0.0000  0.0000 11.5545
 92  76 -0.0737  0.0351  6.7877
100  76  0.0328  0.3887 15.8584
108  76  0.0000  0.0000 11.1304
116  76  0.0000  0.0000 11.1304
124  76  0.0000  0.0000 13.5576
132  76  0.0000  0.0000  0.0000
140  76  0.1140 -0.1079 19.3902
148  76  0.0000  0.0000 12.0455
156  76  0.0000  0.0000 11.1304
164  76  0.0000  0.0000 12.0628
172  76  0.0000  0.0000 13.5576
180  76  0.0000  0.0000 14.5615
188  76  0.0000  0.0000  0.0000
196  76  0.0000  0.0000  0.0000
204  76  0.0000  0.0000  0.0000
212  76  0.0000  0.0000  0.0000
220  76  0.0000  0.0000  0.0000
228  76  0.0000  0.0000  0.0000
236  76  0.0000  0.0000 11.1304
244  76  0.0000  0.0000 11.1304
252  76  0.0000  0.0000  0.0000
260  76  0.0000  0.0000  8.0000
268  76  0.0000  0.0000 19.4783
276  76  0.0000  0.0000 16.1088
284  76  0.0000  0.0000 11.1304
292  76  0.2461  0.7615 10.0870
  4  84  0.0000  0.0000 11.9011
 12  84  0.0000  0.0000 16.1088
 20  84  0.0000  0.0000  0.0000
 28  84  0.0000  0.0000  0.0000
 36  84  0.0000  0.0000 12.0628
 44  84  0.0000  0.0000  9.4815
 52  84 -0.0874  0.0000 17.0316
 60  84 -0.1534 -0.4084  7.3745
 68  84  0.0000  0.0000 17.0667
 76  84  0.0220  0.0216 10.2148
 84  84 -0.2987  0.0037  7.1624
 92  84  0.0000  0.0000 16.1088
100  84 -0.2093 -0.0040 16.3039
108  84  0.0000  0.1469 10.3584
116  84  0.0000  0.0000 16.6956
124  84  0.0000  0.0000 11.1304
132  84  0.0000  0.0000 17.7968
140  84 -0.0272 -0.0238 11.1899
148  84  0.0000  0.0000 11.8583
156  84  0.0000  0.0000  8.4768
164  84  0.0000  0.0000 11.1304
172  84  0.0000  0.0000 13.5576
180  84  0.0000  0.0000 16.1088
188  84  0.0000  0.0000  0.0000
196  84  0.0000  0.0000  0.0000
204  84  0.0000  0.0000  0.0000
212  84  0.0000  0.0000 11.1304
220  84  0.0000  0.0000 16.1088
228  84  0.0000  0.0000  0.0000
236  84  0.0000  0.0000 11.1304
244  84  0.0000  0.0000 11.1304
252  84  0.0000  0.0000  0.0000
260  84  0.0000  0.0000  0.0000
268  84  0.0000  0.0000 11.1304
276  84  0.0000  0.0000 11.1304
284  84  0.0000  0.0000  0.0000
292  84 -0.3009 -0.0493  8.0309
  4  92  0.0000  0.0000 19.4783
 12  92  0.0272  0.3353 10.7647
 20  92 -0.1509 -0.0569  9.3659
 28  92  0.0000  0.0000  7.8087
 36  92  0.0000  0.0000 16.1088
 44  92  0.0000  0.0000 10.5083
 52  92  0.0000  0.0000  9.7444
 60  92  0.0000  0.0000 11.9011
 68  92 -0.3273  0.2707  4.6067
 76  92  0.0000  0.0000 11.1304
 84  92  0.0000  0.0000  0.0000
 92  92  0.0000  0.0000 11.1304
100  92  0.0000  0.0000  0.0000
108  92 -0.1717 -0.1436 10.2304
116  92  0.0000  0.0000 11.2521
124  92  0.0000  0.0000 11.1304
132  92  0.0000  0.0000 16.1088
140  92 -0.1841  0.0418 12.3683
148  92 -4.5000  0.0830 13.8795
156  92  0.0000  0.0000  0.0000
164  92  0.0000  0.0000  0.0000
172  92  0.0000  0.0000  0.0000
180  92  0.0000  0.0000  0.0000
188  92  0.0000  0.0000  0.0000
196  92  0.0000  0.0000  0.0000
204  92  0.0000  0.0000  0.0000
212  92  0.0000  0.0000  0.0000
220  92  0.1841  0.0418 12.3683
228  92  0.0000  0.0000 11.1304
236  92  0.0000  0.0000  0.0000
244  92  0.0000  0.0000  0.0000
252  92  0.0000  0.0000  0.0000
260  92  0.0000  0.0000  0.0000
268  92  0.0000  0.0000 11.1304
276  92  2.5000  0.1180  9.2850
284  92  0.0000  0.0000 11.1304
292  92  0.0000  2.5000  8.8276
  4 100  0.0000  0.0000 16.1088
 12 100  0.0000  0.0000 16.1088
 20 100 -0.1960  2.5000 11.1304
 28 100  0.0000  0.0000 11.1304
 36 100  0.0000  0.0000  0.0000
 44 100  0.0000  0.0000  9.7047
 52 100  0.0000  0.0000 19.4783
 60 100  0.0000  0.0000 11.1304
 68 100  1.1733  0.0000  8.5333
 76 100  0.0000  0.0000  0.0000
 84 100  0.0000  0.0000 11.1304
 92 100  0.0000  0.0000 11.1304
100 100  0.0000  0.0000 11.1304
108 100  0.0000  0.0000  8.8276
116 100  0.0000  0.0000 12.0628
124 100     NaN  0.0000 17.0667
132 100 -0.5000  0.0000  8.8276
140 100  0.0000  0.0000 16.1088
148 100  0.0000  0.0000  0.0000
156 100 -0.5000  0.0000  8.8276
164 100  0.0000  0.0000  0.0000
172 100  0.0000  0.0000  0.0000
180 100  0.0000  0.0000  0.0000
188 100  0.0000  0.0000  0.0000
196 100  0.0000  0.0000  0.0000
204 100  0.0000  0.0000  0.0000
212 100  0.0000  0.0000  0.0000
220 100  0.0000  0.0000  0.0000
228 100  0.0000  0.0000 11.1304
236 100  0.0000  0.0000 22.2609
244 100  0.0106  0.2269 11.3584
252 100  0.0000  0.0000 20.7059
260 100  0.0000  0.0000 16.1088
268 100  0.0000  0.0000  0.0000
276 100  0.0000  0.0000 11.1304
284 100  0.0000  0.0000 17.2183
292 100  0.0000 -0.5000  8.8276
  4 108  0.0000  0.0000 13.8188
 12 108  0.0000  0.0000 15.5009
 20 108  0.0000  0.0000 12.0455
 28 108  0.0000  0.0000 17.0667
 36 108  0.0000  0.0000 16.1088
 44 108  0.0000  0.0000  0.0000
 52 108 -0.3091  0.0000 15.7112
 60 108  0.2609  0.0878  9.2614
 68 108  0.0000  0.0000  0.0000
 76 108  0.0000  0.0000  0.0000
 84 108  0.0000  0.0000  0.0000
 92 108  0.0000  0.0000 16.1088
100 108  0.0000  0.0000 11.1304
108 108  0.0000  0.0000 16.1088
116 108  0.0000  0.0000  9.2850
124 108  0.0000  0.0000 14.1689
132 108  0.0000  0.0000  0.0000
140 108  0.0000 -0.5000  8.8276
148 108  0.0000  0.0000  8.4768
156 108  0.0000  0.0000 10.2400
164 108  0.0000  0.0000  0.0000
172 108  0.0000  0.0000  0.0000
180 108  0.0000  0.0000 11.1304
188 108  0.0000  0.0000  0.0000
196 108  0.0000  0.0000  0.0000
204 108  0.0000  0.0000 11.1304
212 108  0.0000  0.0000  0.0000
220 108  0.0000  0.0000 11.1304
228 108  0.0000  0.0000 11.1304
236 108  0.0000  0.0000 11.1304
244 108  0.0000  0.0000 11.2095
252 108  0.0000  0.0000 16.1088
260 108  4.5000 -4.7609  8.2581
268 108  0.0000  0.0000 13.0803
276 108  0.0000  0.0000 15.6775
284 108  0.0000  0.0000  8.2581
292 108  0.0000  0.0000 11.1304
  4 116  0.0000  0.0000 11.1304
 12 116  0.0000  0.0000 10.4446
 20 116  0.0000  0.0000 11.8583
 28 116  0.2348  0.0558 13.4737
 36 116  0.0101  0.1146 17.4161
 44 116  0.0000  0.0000 11.9011
 52 116 -0.1796 -0.3984  6.1974
 60 116  0.0000  0.0000  0.0000
 68 116  0.0000  0.0000 16.1088
 76 116  0.0000  0.0000 22.2609
 84 116  0.0000  0.0000 16.1088
 92 116  0.0000  0.0000 11.1304
100 116  0.0000  0.0000  0.0000
108 116  0.0000  0.0000 11.1304
116 116  0.0000  0.0000 11.1304
124 116  0.1841 -0.0418 12.3683
132 116  0.0000  0.0000 11.1304
140 116  0.0000  0.0000 12.0455
148 116  0.0000  0.0000 11.1304
156 116 -1.5000  0.0000  8.2581
164 116  0.0000  0.0000  0.0000
172 116  0.0000  0.0000 11.1304
180 116  0.0000  0.0000 11.1304
188 116  0.0000  0.0000 11.1304
196 116  0.0000  0.0000  0.0000
204 116  0.0000  0.0000  0.0000
212 116  0.0000  0.0000  0.0000
220 116  0.1960 -0.5000 11.1304
228 116  0.0000  0.0000 16.1088
236 116  0.0000 -0.5000  8.8276
244 116  0.0000  0.0000  0.0000
252 116  0.0000  0.0000  0.0000
260 116 -0.3468 -1.0000 10.2045
268 116  0.0000  0.0000 11.1304
276 116  0.0000  0.0000  0.0000
284 116  0.0000  0.0000 11.1304
292 116  0.0000  0.0000  0.0000
  4 124  0.0000  0.0000 16.1088
 12 124  0.0000  0.0000 16.1088
 20 124  0.0000  0.0000 16.1088
 28 124  0.0000  0.0000  0.0000
 36 124  0.1930  0.1867 15.3090
 44 124  0.0000  0.0000 11.1304
 52 124  2.5000  0.0000  8.8276
 60 124  0.0000  0.0000 11.1304
 68 124  0.0000  0.0000 20.7059
 76 124  0.2780 -0.1270 13.3759
 84 124  0.0000  0.0000 16.1088
 92 124  0.0000  0.0000  0.0000
100 124  0.0000  0.0000 11.1304
108 124  0.0000  0.0000 11.1304
116 124  0.0000  0.0000 11.1304
124 124 -1.3070 -0.0337 12.4709
132 124  0.0000  0.0000  0.0000
140 124  0.0000  2.5000  8.8276
148 124  0.0000  0.0000  0.0000
156 124  0.0000 -0.5000  8.8276
164 124  0.0000  0.0000 16.1088
172 124  2.5000  0.0000  8.8276
180 124  0.0000  0.0000 11.1304
188 124  0.0000  0.0000 13.5576
196 124  0.0000  0.0000 13.1641
204 124 -0.5000  0.0000 11.1304
212 124  0.0000  0.0000  0.0000
220 124  0.0000  0.0000  0.0000
228 124  0.0000  0.0000  0.0000
236 124  0.0000  0.0000 16.6956
244 124  0.0000  0.0000 20.7059
252 124  0.0000  0.0000  0.0000
260 124  0.0000  0.0000 11.1304
268 124  0.0000  0.0000  0.0000
276 124  0.0000  0.0000  0.0000
284 124  0.0000  0.0000 11.1304
292 124  0.0000  0.0000 11.1304
  4 132  0.0000  0.0000 16.1088
 12 132  0.0000  0.0000 11.1304
 20 132  0.0000  0.0000  0.0000
 28 132  0.0000  0.0000  0.0000
 36 132 -0.1008 -0.0843 14.9901
 44 132  0.0000  0.0000  0.0000
 52 132  0.0000  0.0000 11.1304
 60 132  0.0000  0.0000 11.1304
 68 132  0.0000  0.0000  0.0000
 76 132  0.0000  0.0000 11.1304
 84 132  0.0000 -0.5000  8.8276
 92 132  0.0000  0.0000 16.1088
100 132  0.0000  0.0000  0.0000
108 132  0.0000  0.0000  0.0000
116 132  0.5000  0.0000 11.1304
124 132  0.0000 -0.0535 10.0787
132 132  0.0000  0.0000 11.1304
140 132  0.0000  0.0000  0.0000
148 132  0.0000  0.0000  0.0000
156 132  0.0000  0.0000  8.2581
164 132 -0.5000  0.0000  8.8276
172 132  0.0000 -0.5000  8.8276
180 132  0.0000 -0.0548  9.9740
188 132 -0.2093 -0.0299 13.0089
196 132  0.0000  0.0000 12.0628
204 132  0.0000  0.0000 12.0455
212 132  0.0000  0.0000 11.1304
220 132  0.0000  0.0000 11.1304
228 132  0.0000  0.0000  0.0000
236 132  0.0000  0.0000 11.1304
244 132  0.0000  0.0000 11.1304
252 132  0.0000  0.0000  0.0000
260 132  0.0418 -0.1521 12.6567
268 132  0.0000  0.0000  0.0000
276 132  0.0000  0.0000 11.1304
284 132  0.0000  0.0000  0.0000
292 132  0.0000  0.0000 11.1304
  4 140  0.0000  0.0000 11.1304
 12 140  0.0000  0.0000 12.0628
 20 140  0.0000  0.0000 11.1304
 28 140  0.0000  0.0000 11.1304
 36 140 -0.3471 -0.5000  7.0932
 44 140  0.0000  0.0000  8.0688
 52 140  0.0000  0.0000  0.0000
 60 140  0.0000  0.0000  0.0000
 68 140  0.0000  0.0000 11.1304
 76 140  0.0000  0.0000 19.4783
 84 140  4.5000 -0.1174 13.8795
 92 140  0.0000  0.0000 11.1304
100 140  0.0000  0.0000  0.0000
108 140  0.0000  0.0000  0.0000
116 140  0.0000  0.0000 11.1304
124 140  0.0000  0.0000  0.0000
132 140  0.0000  0.0000 13.0803
140 140  0.0000  0.0000 17.0667
148 140  0.0000  0.0000  0.0000
156 140  0.5000  0.0000  8.2581
164 140  0.0000  0.0000  0.0000
172 140  0.0000  0.0000 11.1304
180 140  0.0000  0.0000  0.0000
188 140  0.0000  0.0000 16.1088
196 140  0.0000  0.0000 11.1304
204 140  0.0000  0.0000 17.0667
212 140  0.0000  0.0000 22.2609
220 140  0.0000  0.0000  0.0000
228 140  0.0000  0.0000  0.0000
236 140  0.0000  0.0000  0.0000
244 140  0.0000  0.0000  0.0000
252 140  0.0000  0.0000 11.1304
260 140  0.0000  0.0000  0.0000
268 140  0.0000  0.0000 16.1088
276 140  0.0000  0.0000  0.0000
284 140  0.0000  0.0000  0.0000
292 140  0.0000  0.0000  0.0000
  4 148     NaN  0.0000 17.0667
 12 148  0.0000  0.0000 11.1304
 20 148  0.0000  0.0000  0.0000
 28 148  0.0000  0.0000  0.0000
 36 148  0.0000  0.0000 11.1304
 44 148  0.0000  0.0000  0.0000
 52 148  0.0000  0.0000  0.0000
 60 148  0.0000  0.0000 16.1088
 68 148  0.0000  0.0000  0.0000
 76 148  0.0000  0.0000 12.0628
 84 148  0.0000  0.0000  0.0000
 92 148  0.0000  0.0000 19.1045
100 148  0.0000  0.0000 16.1088
108 148  0.0000  0.0000 11.1304
116 148  0.0000  0.0000 11.1304
124 148  0.0000  0.0000  0.0000
132 148  0.0000  0.0000 12.0455
140 148  0.0000  0.0000 11.1304
148 148  0.0000  0.0000  0.0000
156 148  0.0000  0.0000  9.2850
164 148  0.0000  2.5000  8.8276
172 148  0.0000  0.0000  0.0000
180 148  0.0000  0.0000  0.0000
188 148  0.0000  0.0000 12.0455
196 148  0.0000  0.0000 11.1304
204 148  0.0000  0.0000 11.1304
212 148  0.0000  0.0000 11.1304
220 148  0.0000  0.0000  0.0000
228 148  0.0000  0.0000  0.0000
236 148  0.0000  0.0000  0.0000
244 148 -0.1960 -0.5000 11.1304
252 148  0.0000  0.0000  0.0000
260 148  0.0000  0.0000  0.0000
268 148  0.0000  0.0000  0.0000
276 148  0.0000  0.0000  0.0000
284 148  0.0000  0.0000  0.0000
292 148  0.0000  0.0000  0.0000
  4 156     NaN  0.0000 17.0667
 12 156  0.0000  0.0000  0.0000
 20 156  0.0000  0.0000 11.1304
 28 156  0.0000  0.0000  0.0000
 36 156  0.0000  0.0000 12.0455
 44 156  0.0000  0.0000  0.0000
 52 156  0.0000  0.0000 11.1304
 60 156  2.0761 -0.1459 14.3598
 68 156  0.0000  0.0000  0.0000
 76 156  0.0000  0.0000 16.1088
 84 156  0.0000  0.0000  0.0000
 92 156 -0.3468 -1.0000 10.2045
100 156  0.0000  0.0000 11.1304
108 156  0.0000  0.0000 11.1304
116 156  0.0000  0.0000  0.0000
124 156  0.0000  0.0000  0.0000
132 156 -1.0000  0.0000  9.2850
140 156  0.0000  0.0000  0.0000
148 156  0.0000  0.0000 11.1304
156 156  0.7763  0.0339  9.3626
164 156  0.0000  0.0000 11.1304
172 156  0.0000  0.0000  0.0000
180 156 -1.5000  0.0000  8.2581
188 156  0.0000  0.0000 11.1304
196 156  0.0000  0.0000  0.0000
204 156  0.0000  0.0000  0.0000
212 156  0.0000  0.0000 11.1304
220 156  0.0000  0.0000 11.1304
228 156  0.0000  0.0000  0.0000
236 156  0.0000  0.0000  0.0000
244 156  0.0000  0.0000 11.1304
252 156  0.0000  0.0000  0.0000
260 156  0.0000  0.0000  0.0000
268 156  0.0000  0.0000  0.0000
276 156  0.0000  0.0000 11.1304
284 156  0.0000  0.0000  0.0000
292 156  0.5000  0.0000  8.4768
  4 164     NaN  0.0000 17.0667
 12 164  0.0000  0.0000 11.1304
 20 164  0.0000  0.0000  0.0000
 28 164  0.0000  0.0000 19.4783
 36 164  0.0000  0.0000  8.0000
 44 164  0.0000  0.0000  0.0000
 52 164  0.0000  0.0000 11.1304
 60 164  0.0000  0.0000  0.0000
 68 164  0.0000  0.0000 16.1088
 76 164  0.0000  0.0000 17.0667
 84 164  0.0000  0.0000 11.1304
 92 164  0.0000  0.0000 11.1304
100 164  0.0000  0.0000 11.1304
108 164  0.0000  0.0000  0.0000
116 164  0.0000  0.0000 17.0667
124 164  0.0000  2.5000  8.8276
132 164  0.0000 -0.5000  8.8276
140 164  0.0000  0.0000 16.1088
148 164  0.0000  0.0000  0.0000
156 164  1.0000  0.5000  8.5333
164 164  0.3732  0.3694 10.3318
172 164  0.0000  0.0000  0.0000
180 164  0.0000  0.0000 11.1304
188 164  0.0000  0.0000 11.1304
196 164  0.0000  0.0000  0.0000
204 164  0.0000  0.0000  0.0000
212 164  0.0000  0.0000 16.1088
220 164  0.0000 -0.5000  8.8276
228 164  0.0000  0.0000  0.0000
236 164  0.0000  0.0000 11.1304
244 164  0.0000  0.0000 11.1304
252 164  0.0000  0.0000 11.1304
260 164  0.0000  0.0000  0.0000
268 164  0.0000  0.0000  0.0000
276 164  0.0000  0.0000  0.0000
284 164  0.0000  0.0000 16.1088
292 164  0.0000  0.0000 11.1304
  4 172  0.0000  0.0000  0.0000
 12 172  0.0000  0.0000 11.1304
 20 172  0.0000  0.0000 19.4783
 28 172  0.4043  0.4043  8.0000
 36 172  0.0000  0.0000  0.0000
 44 172  0.0000  0.0000 11.1304
 52 172  0.0000  0.0000  0.0000
 60 172  0.5000  0.0000 11.1304
 68 172  0.0000  0.0000 11.1304
 76 172  0.0000  0.0000 16.1088
 84 172  0.0000  0.0000 11.1304
 92 172  0.0000  0.0000 16.1088
100 172  0.0000  0.0000  6.5220
108 172  0.0000  0.0000  8.4693
116 172  0.0000  0.0000  6.7264
124 172  0.0000  0.0000  0.0000
132 172  0.0000  0.0000 12.0628
140 172  0.0000  0.0000 20.7059
148 172  0.0000  0.0000  0.0000
156 172  0.0000  0.0000 11.1304
164 172  0.0000  0.0000 11.1304
172 172  0.0000  0.0000  0.0000
180 172  0.0000  0.0000 11.1304
188 172 -0.1960  0.0000 11.1304
196 172  0.0000  0.0000  0.0000
204 172  0.0000  0.0000  0.0000
212 172     NaN  0.3157  9.7360
220 172  0.0000  0.0000 17.0667
228 172  0.0000  0.0000  0.0000
236 172  0.0000  0.0000  0.0000
244 172  0.0000  0.0000  0.0000
252 172  0.0000  0.0000  0.0000
260 172  0.0000  0.0000  0.0000
268 172  0.0000  0.0000 11.1304
276 172  0.0000  0.0000 11.1304
284 172  0.0000  0.0000  0.0000
292 172  0.0000  0.0000  0.0000
  4 180  0.0000  0.0000  0.0000
 12 180  0.0000  0.0000 16.1088
 20 180  0.0000  0.0000 10.9491
 28 180  0.0000  0.0000 16.1088
 36 180  0.0000  0.0000 11.1304
 44 180  0.0000  0.0000  0.0000
 52 180  0.0000  0.0000  0.0000
 60 180  0.0000  0.0000 16.1088
 68 180  0.0000  0.0000 10.9491
 76 180  0.0000  0.0000 11.1304
 84 180  0.0000  0.0000 16.1088
 92 180  0.0000  0.0000 17.0667
100 180  0.0000  0.0000  8.0000
108 180  0.0000  0.0000 11.4120
116 180  0.0000  0.0000 17.0667
124 180  0.0000  0.0000 11.9011
132 180  0.0000  0.0000 11.9011
140 180  0.0000  0.0000 17.2183
148 180 -0.5000  0.0000  8.2581
156 180  0.1050 -0.5000  6.8903
164 180  0.0000  0.0000 11.1304
172 180  0.0000  0.0000  0.0000
180 180  0.0000  0.0000  8.2581
188 180  0.5000  0.0000 11.1304
196 180  0.0000  0.0000 11.1304
204 180  0.0000  0.0000  0.0000
212 180  0.0000  0.0000  0.0000
220 180  0.0000  0.0000  0.0000
228 180  0.0000  0.0000  0.0000
236 180  0.0000  0.0000  0.0000
244 180  0.0000  0.0000 11.1304
252 180  0.0000  0.0000  0.0000
260 180  0.0000  0.0000  0.0000
268 180  0.0000  0.0000  0.0000
276 180  0.0000  0.0000 11.1304
284 180  0.0000  0.0000 11.1304
292 180  0.0000  0.0000  0.0000
  4 188  0.0000  0.0000 16.1088
 12 188  0.0000  0.0000 11.1304
 20 188  0.0000  0.0000 17.0667
 28 188  0.0000  0.0000 16.1088
 36 188  0.0000  0.0000 11.1304
 44 188 -0.0391 -0.5000  9.3822
 52 188 -0.0382  0.1028 16.6166
 60 188  0.0000  0.0000  0.0000
 68 188 -1.0000  0.0000  9.2850
 76 188  0.0000  0.0000  0.0000
 84 188  0.0000  0.0000  0.0000
 92 188  0.0000  0.0000 11.1304
100 188  0.0000  0.0000 11.1304
108 188  0.0000  0.0000 11.1304
116 188  0.0000  0.0000 20.7059
124 188  0.0000  0.0000 22.2609
132 188  0.0000  2.5000  8.8276
140 188  0.0000  0.0000 16.1088
148 188  0.0000  0.0000 11.1304
156 188  0.0000  0.0000  0.0000
164 188  0.0000  0.0000 12.0628
172 188  0.0000 -0.1063  6.9728
180 188  1.5000  2.5000  8.2581
188 188  0.0000  0.0000 12.0455
196 188  0.0000  0.0000  0.0000
204 188  0.0000  0.0000  0.0000
212 188  0.0000  0.0000 11.1304
220 188  0.0000  0.0000  0.0000
228 188 -0.5000  4.5000  4.0635
236 188  0.0000  0.0000 11.1304
244 188  0.0000  0.0000  0.0000
252 188  0.0000  0.0000  0.0000
260 188  0.0000  0.0000  0.0000
268 188  0.0000  0.0000  0.0000
276 188  0.0000  0.0000  0.0000
284 188  0.0000  0.0000 11.1304
292 188  0.0000  0.0000 11.1304
  4 196  0.0000  0.0000 11.1304
 12 196 -0.1151  0.1151 16.5161
 20 196  0.0000  0.0000 11.1304
 28 196  0.0000  0.0000 16.1088
 36 196  0.0000  0.0000  0.0000
 44 196  0.0000  0.0000 11.1304
 52 196  0.0000  2.5000  8.8276
 60 196 -0.6901  0.2012  7.4619
 68 196 -0.1146 -0.0101 17.4161
 76 196  0.0000  0.0000  0.0000
 84 196  0.0000  0.0000  0.0000
 92 196  0.0000  0.0000  0.0000
100 196  0.0000  0.0000 19.4783
108 196  0.0000  0.0000  0.0000
116 196  0.0000  0.0000  0.0000
124 196  0.0000  0.0000 10.9491
132 196  0.0000  0.0000  0.0000
140 196  0.0000  0.0000  0.0000
148 196  0.0000  0.0000 11.1304
156 196  0.0000  0.0000  0.0000
164 196 -0.3577  0.0000 13.4737
172 196  0.0000  0.0000  0.0000
180 196  0.0000  0.0000  0.0000
188 196  1.5000  0.0000  8.2581
196 196  0.0000 -0.5000  8.8276
204 196  0.0000  0.0000 11.1304
212 196  0.0000  0.0000  0.0000
220 196  4.5000 -0.5000  4.0635
228 196  0.0000  0.0000  0.0000
236 196  0.0000  0.0000  0.0000
244 196  0.0000  0.0000 11.1304
252 196  0.0000  0.0000  0.0000
260 196  0.0000  0.0000  0.0000
268 196  0.0000  0.0000  0.0000
276 196  0.0000  0.0000  8.2581
284 196  0.0000  0.0000 20.7059
292 196  0.0000  0.0000 11.9011
  4 204  0.0000  0.0000 11.1304
 12 204  0.0000  0.0000 12.0628
 20 204  0.0000  0.0000 16.1088
 28 204  0.0000  0.0000 11.1304
 36 204  0.0000  0.0000 11.1304
 44 204  0.0000  0.0000 11.1304
 52 204  0.0000  0.0000 12.0628
 60 204  0.0000  0.0000 14.4198
 68 204  0.0000  0.0000 11.1304
 76 204  0.0000  0.0000 11.1304
 84 204  0.0000  0.0000 11.1304
 92 204  0.0000  0.0000 16.1088
100 204  0.4043  0.4043  8.0000
108 204  0.0000  0.0000  0.0000
116 204  0.0000  0.0000 13.5576
124 204  0.0000  0.0000 11.1304
132 204  0.0000  0.0000 11.1304
140 204  0.0000  0.0000  0.0000
148 204  0.0000  0.0000 11.1304
156 204  0.0000  0.0000 11.1304
164 204  0.0000  0.0000 12.0455
172 204  0.0000  0.0000  0.0000
180 204  0.0000  0.0000  0.0000
188 204  0.0000  0.0000 11.1304
196 204  0.0000  0.0000 16.1088
204 204  0.0000  0.0000 16.1088
212 204  0.0000  0.0000 11.1304
220 204  0.0000  0.0000  0.0000
228 204  0.0000  0.0000  0.0000
236 204  0.0000  0.0000 11.1304
244 204  0.0000  0.0000  0.0000
252 204  0.0000  0.0000 11.1304
260 204  2.5000  0.0000  8.8276
268 204  0.0000  0.0000 11.1304
276 204 -0.1841  0.0418 12.3683
284 204  0.0000  0.0000 16.1088
292 204  0.0000  0.0000  0.0000
  4 212  0.0000  0.0000  0.0000
 12 212  0.0000  0.0000 12.0628
 20 212  0.0000  0.0000 11.1304
 28 212  0.0000  0.0000 11.1304
 36 212  0.0000  0.0000  0.0000
 44 212  0.0000  0.0000 11.1304
 52 212  0.0000  0.0000  0.0000
 60 212  0.0000  0.0000 11.1304
 68 212  0.0000  0.0000 16.1088
 76 212  0.0000  0.0000  0.0000
 84 212  0.0000  0.0000 11.1304
 92 212  0.0000  0.0000 11.1304
100 212  0.0000  0.0000  0.0000
108 212  0.0000 -0.5000  8.8276
116 212  0.0000  0.0000 19.1045
124 212  0.0000  0.0000 11.1304
132 212  0.0000  0.0000 11.1304
140 212  0.0000  0.0000 11.9011
148 212  0.0000  0.0000 22.2609
156 212  0.0000  0.0000  0.0000
164 212  0.0000  0.0000 11.1304
172 212  0.0000  0.0000 11.1304
180 212  0.0000  0.0000  0.0000
188 212  0.0000  0.0000 11.1304
196 212  0.0000  0.0000 16.1088
204 212  0.0000  0.0000  0.0000
212 212 -0.5000  0.0000 11.1304
220 212  0.0000  0.0000  0.0000
228 212  0.0000  0.0000  0.0000
236 212  0.0000  0.0000  0.0000
244 212  0.0000  0.0000  0.0000
252 212  0.0000  0.0000 11.1304
260 212  0.0000  0.0000 17.0667
268 212  0.0000  0.0000 16.1088
276 212  0.0000  0.0000  0.0000
284 212  0.0000  0.0000  0.0000
292 212  0.0000  0.0000 11.1304
  4 220  0.0000  0.0000 11.1304
 12 220  0.0000  0.0000 16.1088
 20 220  0.0000  0.0000 22.2609
 28 220  0.0000  0.0000 17.0667
 36 220  0.0000  0.0000  0.0000
 44 220  0.0000  0.0000  0.0000
 52 220  0.0000  0.0000 11.1304
 60 220  0.0000  0.0000  0.0000
 68 220  0.0000  0.0000  0.0000
 76 220  0.0000  0.0000  0.0000
 84 220  0.0000  0.0000  0.0000
 92 220  0.0000  0.0000  0.0000
100 220  0.0000 -0.5000 11.1304
108 220  0.0000  0.0000  0.0000
116 220 -0.5000  0.0000 11.1304
124 220  0.0000  0.0000  9.4208
132 220  0.0000 -0.5000 11.1304
140 220  0.0000  0.0000  0.0000
148 220  0.0000  0.0000  0.0000
156 220  0.0000  0.0000  0.0000
164 220  0.1960  0.0000 11.1304
172 220  0.0000  0.0000 11.1304
180 220  0.0000  0.0000  0.0000
188 220  0.0000  0.0000  0.0000
196 220  0.0000  0.0000 11.1304
204 220  0.0000  0.0000 16.1088
212 220  0.0000  0.0000 16.1088
220 220  0.0000  0.0000  0.0000
228 220  0.0000  0.0000  0.0000
236 220  0.0000  0.0000 11.1304
244 220  0.0000  0.0000 11.1304
252 220  0.0000  0.0000 16.1088
260 220  0.0000  0.0000 11.1304
268 220  3.5000  3.3487  6.0664
276 220  0.0000  0.0000  0.0000
284 220  0.0000  0.0000 11.1304
292 220  0.0000  0.0000  0.0000
