VARIABLES= "X pix", "Y pix", "U pix/dt", "V pix/dt", "CHC", ZONE I=28, J=37
  4   4  0.0186  0.0000 10.6915
 12   4  0.0181  0.0000 11.9577
 20   4  0.0161  0.0000 10.9708
 28   4  0.0151  0.0000 11.7274
 36   4 -0.0527 -0.0137 10.9645
 44   4 -0.0457  0.0000 11.0456
 52   4 -0.0324  0.0000 11.1505
 60   4 -0.0467  0.0189 10.8418
 68   4  0.0000  0.0173 10.9366
 76   4 -0.0088 -0.0055 10.9678
 84   4  0.0085  0.0000 11.8144
 92   4  0.0005  0.0161 11.4444
100   4  0.0005 -0.0486 11.8395
108   4  0.0000 -0.0181 11.3868
116   4 -0.0408  0.0000 11.8710
124   4 -0.0437  0.0000 11.1490
132   4 -0.0094  0.0000 11.1490
140   4  0.0000  0.0000 11.8480
148   4  0.0647  0.0000 11.7754
156   4  0.1405  0.0000 11.9483
164   4  0.1554  0.0000 11.7754
172   4  0.0626  0.0000 10.9371
180   4  0.0106  0.0000 11.7754
188   4  0.0036 -0.0026 11.9252
196   4  0.0030  0.0024 11.7603
204   4 -0.0065  0.0000 11.7754
212   4 -0.0012  0.0338 12.4195
220   4  0.0282  0.0000 12.1258
228   4  0.0000  0.0000 10.3135
236   4  0.0000  0.0000 10.2189
244   4  0.0000  0.0000 10.1958
252   4  0.0647 -0.0183 10.9882
260   4  0.0341 -0.0096 10.7133
268   4 -0.0056  0.0000 12.7577
276   4  0.0053 -0.0311 12.0044
284   4 -0.0054 -0.0266 12.0166
292   4  0.0133  0.0646 13.3428
  4  12 -0.0213 -0.0373 11.4309
 12  12  0.0233 -0.1531 12.3670
 20  12  0.0078  0.0000 10.1857
 28  12 -0.0247  0.0000 13.6988
 36  12 -0.0849  0.0000 11.2527
 44  12 -0.0819  0.0000  9.2850
 52  12 -0.0753  0.0000 19.6808
 60  12  0.0081  0.0156 12.5411
 68  12 -0.0208 -0.0970 17.8173
 76  12  0.0220  0.0000 11.3909
 84  12  0.0745  0.0000  8.1359
 92  12  0.1108  0.3006  7.9496
100  12  0.0000  0.0327  9.9225
108  12 -0.0136  0.0000  8.6142
116  12 -0.0043  0.0000  9.9289
124  12  0.0035  0.0000 11.2680
132  12 -0.0012  0.0000 11.3841
140  12  0.0216 -0.0627 11.2773
148  12  0.0815  0.0000  9.9740
156  12 -0.0171  0.0000 11.4382
164  12 -0.0221  0.0255 12.5281
172  12 -0.0103  0.0000  9.0894
180  12  0.0000  0.0000 10.4144
188  12 -0.0052  0.0000  8.5319
196  12 -0.0510 -0.1279  9.6486
204  12 -0.0574 -0.0079 10.9083
212  12 -0.0163  0.0000 15.1758
220  12  0.0035  0.0000 14.0146
228  12 -0.0044  0.0000 13.0402
236  12  0.0131  0.0000  9.2850
244  12  0.0158  0.0000 11.0617
252  12  0.0200  0.0000  8.2793
260  12  0.0166 -0.1632 11.1751
268  12 -0.0480  0.0000 10.9999
276  12 -0.1220  0.0403  8.0478
284  12 -0.0045 -0.2003  8.2728
292  12  0.0000 -0.0660  7.9543
  4  20 -0.0031  0.0000 13.9610
 12  20  0.0000  0.0032 13.9060
 20  20  0.0176  0.0953 12.3719
 28  20 -0.0152  0.0000 11.5293
 36  20 -0.0181  0.0000 10.8049
 44  20 -0.0049  0.0000 10.0028
 52  20  0.0080  0.0067 10.8654
 60  20 -0.0093  0.0000 14.3218
 68  20  0.0491  0.0000 12.8622
 76  20  0.1108  0.0000 10.5340
 84  20  0.0000 -0.0297 12.4482
 92  20 -0.0104  0.0000  9.2242
100  20  0.0079 -0.0120 14.3214
108  20 -0.0012  0.0000 14.0832
116  20  0.0006  0.0000 14.7734
124  20 -0.0178  0.0000 14.4374
132  20 -0.0296 -0.0055 14.4380
140  20  0.0000  0.0000 14.6813
148  20  0.0014  0.0000 13.8304
156  20 -0.0005  0.0120 13.5120
164  20 -0.0031  0.0055 12.6426
172  20  0.0000  0.0000 21.3159
180  20  0.0082 -0.0014 17.0303
188  20 -0.0433  0.0069 18.8839
196  20 -0.0006 -0.0017 19.1683
204  20 -0.0505  0.0000 21.8751
212  20  0.0055 -0.0058 19.7941
220  20  0.0020  0.0000 10.6667
228  20 -0.0128  0.0000  7.9175
236  20 -0.0206  0.0000 16.6957
244  20 -0.0060  0.0000 19.4174
252  20 -0.0120  0.0000 11.6910
260  20 -0.0181  0.0000  9.6459
268  20 -0.0162 -0.0369 11.5837
276  20 -0.0108  0.0493 18.2943
284  20 -0.0702  0.0000 12.7630
292  20  0.0348 -0.0797 15.9022
  4  28  0.0500  0.0021  9.2546
 12  28  0.0337 -0.0048 10.1184
 20  28 -0.0129 -0.0038 11.7265
 28  28 -0.0082  0.0151 10.7053
 36  28 -0.0132 -0.0018 10.5414
 44  28  0.0134 -0.0076 10.3749
 52  28  0.0089 -0.0020 10.6021
 60  28  0.0004  0.0359  9.8717
 68  28 -0.0281  0.0104 10.4887
 76  28 -0.0195  0.0031 10.0866
 84  28 -0.0138  0.0000  9.5225
 92  28 -0.0126  0.0000  9.2272
100  28 -0.0096  0.0000 13.0060
108  28  0.0026 -0.0065 12.5333
116  28 -0.0008  0.0227  8.5550
124  28 -0.0098  0.0020  8.9297
132  28 -0.0620  0.0000  8.0556
140  28  0.0000  0.0000  8.7076
148  28 -0.0046 -0.0003  9.1445
156  28 -0.0130  0.0000 17.7801
164  28 -0.0214  0.0226 14.5953
172  28  0.0041 -0.0021 23.7380
180  28  0.0000 -0.0000 20.2480
188  28 -0.0241  0.0000 10.4932
196  28 -0.0477  0.0000  8.6644
204  28 -0.0765  0.0000  8.7567
212  28 -0.1251  0.0000  9.3304
220  28 -0.1099  0.0000  9.2832
228  28 -0.1280  0.0000  8.8676
236  28  0.0440  0.0000  8.6954
244  28  0.0011  0.0000  8.8264
252  28 -0.0204  0.0000 11.0461
260  28 -0.0303  0.0000 13.5316
268  28  0.0002  0.0018 13.5604
276  28 -0.0141 -0.0015 22.9554
284  28  0.0011 -0.0016 12.9007
292  28  0.0125  0.0001 10.8487
  4  36 -0.0147  0.0000  7.7690
 12  36 -0.0227  0.0000  6.9839
 20  36 -0.0307  0.0000  6.4873
 28  36 -0.0677  0.0000  6.2502
 36  36 -0.1730 -0.3448  7.8682
 44  36 -0.4072 -0.0059  8.4818
 52  36 -0.2162  0.0000  8.2581
 60  36 -0.1818  0.0070  9.9391
 68  36 -0.0388  0.0912 10.2719
 76  36 -0.0026  0.0000 12.2644
 84  36  0.0089  0.0000 11.9696
 92  36  0.0156  0.0000 10.3707
100  36  0.0251  0.0000  8.7251
108  36  0.0045  0.0000  7.3911
116  36 -0.0360  0.0000  7.5719
124  36 -0.0811  0.0000 10.2230
132  36 -0.1402  0.0000 11.1304
140  36 -0.2097  0.0000  0.0000
148  36 -0.2662  0.0000  5.6595
156  36 -0.3599  0.0000 14.1105
164  36  0.0557  0.0000 14.5279
172  36  0.0204 -0.0017 10.6084
180  36 -0.0012 -0.0028 16.4544
188  36  0.0024  0.0137  7.2087
196  36  0.0863  0.0000 14.1378
204  36  0.0906  0.0000 13.0603
212  36  0.0431  0.0000 12.2639
220  36 -0.0190  0.0000 14.6166
228  36 -0.0384  0.0000  8.5951
236  36 -0.0302  0.0000 10.9531
244  36 -0.0197  0.0000 10.8982
252  36 -0.0338  0.0000  8.5951
260  36 -0.0660  0.0000 10.1078
268  36 -0.0894  0.0235 12.8215
276  36 -0.0248  0.2880  7.7925
284  36 -0.0694  0.0000  9.8011
292  36 -0.0286  0.0000 11.6026
  4  44  0.0040  0.0000  9.4208
 12  44  0.0298  0.0000 13.6955
 20  44  0.0511  0.0000 14.3074
 28  44  0.0564  0.0000 12.3010
 36  44  0.0197 -0.0059 11.7088
 44  44 -0.0315 -0.0093 10.4336
 52  44 -0.0895  0.0000  9.0038
 60  44 -0.1785  0.0000  8.7453
 68  44 -0.2795  0.0000  7.4479
 76  44 -0.3791  0.0000  7.0526
 84  44 -0.5374  0.0000 12.0628
 92  44  0.0668  0.0000 11.1304
100  44  0.0218  0.0000 12.0455
108  44  0.0544  0.0000  0.0000
116  44  0.1910  0.0000  0.0000
124  44  0.3408  0.0000  0.0000
132  44  0.3255  0.0000  0.0000
140  44  0.1714  0.0000 17.0667
148  44 -0.0121 -0.0064  5.7513
156  44 -0.0397  0.0000 14.3970
164  44 -0.0261  0.0000 14.3995
172  44 -0.0012  0.0050 17.9088
180  44 -0.0022  0.0020 15.5747
188  44 -0.0006 -0.0276  6.9636
196  44 -0.0115  0.0000 12.5445
204  44 -0.0089  0.0000  8.2706
212  44 -0.0426  0.0000  8.7453
220  44 -0.0341  0.0000  9.4135
228  44 -0.0043  0.0000 10.7789
236  44  0.0298  0.0000 12.4405
244  44  0.0613  0.0000 12.4405
252  44  0.0771  0.0000 16.2968
260  44  0.0488  0.0000 11.0903
268  44  0.0302  0.0000 11.0903
276  44 -0.0424  0.0000 11.0903
284  44 -0.1668  0.0000 11.0903
292  44 -0.2941  0.0000 17.6453
  4  52 -0.3910  0.0000  8.5951
 12  52 -0.5585  0.0000  7.1381
 20  52  0.0793  0.0000  8.7889
 28  52 -0.0054  0.0000 11.1304
 36  52  0.0898  0.0000 11.1304
 44  52  0.4366  0.0000  0.0000
 52  52  0.7463  0.0000  0.0000
 60  52  0.6956  0.0000  0.0000
 68  52  0.4188  0.0000 11.1304
 76  52  0.1523  0.0000  0.0000
 84  52  0.0311  0.0000 11.1304
 92  52 -0.0101  0.0000 11.1304
100  52 -0.0199  0.0000 12.0628
108  52 -0.0281  0.0000  0.0000
116  52 -0.0357  0.0000  0.0000
124  52 -0.0528  0.0000  0.0000
132  52 -0.0712  0.0000  0.0000
140  52 -0.0913  0.0000  9.4208
148  52 -0.0770  0.0000  8.0220
156  52 -0.0338  0.0000 15.3672
164  52 -0.0016  0.0060 13.6936
172  52 -0.0012 -0.0126 11.3395
180  52 -0.0067 -0.0026 19.7742
188  52  0.0059  0.0108  6.6069
196  52  0.1029  0.0000 19.1045
204  52  0.0548 -0.1795 19.6402
212  52 -0.0954  0.0000  9.4208
220  52 -0.2218  0.0000 10.3341
228  52 -0.2257  0.0261 10.1279
236  52 -0.3635  0.0000 10.5606
244  52  0.0461 -0.0412 10.4793
252  52 -0.0960  0.0000 13.5573
260  52  0.0282  0.0000 13.7993
268  52  0.6948  0.0000  8.8141
276  52  1.2995  0.0000 12.1260
284  52  1.1242  0.0000 16.2968
292  52  0.6327  0.0000  9.9881
  4  60  0.2668  0.0000 19.1045
 12  60  0.0892  0.0000  0.0000
 20  60  0.0018  0.0000  0.0000
 28  60 -0.0491  0.0000  0.0000
 36  60 -0.0783  0.0000  0.0000
 44  60 -0.1048  0.0000  0.0000
 52  60 -0.1363  0.0000  0.0000
 60  60 -0.1659  0.0000 11.1304
 68  60 -0.1769  0.0000  0.0000
 76  60 -0.1384  0.0000 16.1088
 84  60 -0.0483  0.0000 11.1304
 92  60 -0.0056  0.0000 16.2126
100  60 -0.1876  0.0000 16.4760
108  60 -0.5000  0.0000  8.8276
116  60 -0.1790  0.0000  9.4208
124  60  0.1631 -0.0147 13.3694
132  60  0.2093 -0.0299 13.0089
140  60  0.0254  0.0000 12.0628
148  60 -0.0220 -0.0193  7.5683
156  60  0.3394  0.0000  5.7827
164  60  0.0008 -0.0077  6.0515
172  60 -0.1959  0.0000  6.5302
180  60 -0.1916  0.0000  6.6372
188  60 -0.1322  0.0839  6.3270
196  60  0.9035  0.0000 16.1088
204  60  1.9895  0.0000  0.0000
212  60  1.4369  0.0000  0.0000
220  60  0.6112  0.0000  0.0000
228  60  0.2165  0.0000  0.0000
236  60  0.0910  0.0000  0.0000
244  60  0.0049  0.0000  7.8087
252  60 -0.0760  0.0000 10.8982
260  60 -0.1184  0.0000  9.4762
268  60 -0.1634  0.0000 10.9824
276  60 -0.2121  0.0000 13.3565
284  60 -0.2547  0.0000  7.8087
292  60 -0.2654  0.0000 11.0903
  4  68 -0.1960  0.0000 11.1304
 12  68  0.0123  0.0000  0.0000
 20  68  0.2526  0.0000  0.0000
 28  68  0.0954  0.0000 11.1304
 36  68 -0.1904  0.0000  0.0000
 44  68 -0.1256  0.0000 11.1304
 52  68  0.0332  0.0000  0.0000
 60  68  0.0650  0.0000  0.0000
 68  68  0.0408  0.0000  0.0000
 76  68  0.3118  0.0000 21.0318
 84  68  1.1015  0.0472  8.4169
 92  68  0.2216 -0.1401 10.6164
100  68  0.0607  0.2433 12.3950
108  68  0.1444  0.0000 11.1304
116  68  0.1992  0.0000 11.1304
124  68  0.8421  0.0000 11.1304
132  68  2.5000  0.0000  8.8276
140  68  1.2162  0.0000 11.1304
148  68  0.1502 -0.0294 11.7575
156  68 -0.0273  0.0000 11.1304
164  68  0.0690  0.0000 16.1088
172  68  0.0296  0.0000 16.1088
180  68 -0.0782  0.0000  9.4208
188  68 -0.1095  0.0000  0.0000
196  68 -0.1757  0.0000 17.0667
204  68 -0.2420  0.0000  0.0000
212  68 -0.2995  0.0000  0.0000
220  68 -0.3249  0.0000  0.0000
228  68 -0.2547  0.0000  0.0000
236  68  0.0540  0.0000  0.0000
244  68  0.6964  0.0000  0.0000
252  68  0.5196  0.0000 17.0667
260  68  0.1519  0.0000 12.0455
268  68 -0.0212  0.0000  8.0000
276  68 -0.0702  0.0000  9.7047
284  68 -0.1330  0.0000 15.8661
292  68 -0.2027  0.0000 16.1088
  4  76 -0.1063  0.0000  6.9728
 12  76  0.7116  0.0000  0.0000
 20  76  0.7868  0.0000  0.0000
 28  76  1.0372  0.0000  0.0000
 36  76  0.7261  0.0000 11.1304
 44  76  0.2730 -0.1571 13.1995
 52  76 -0.6530  0.0769  9.2648
 60  76  0.3495  0.0000 11.1304
 68  76 -0.1897  0.0000 13.4998
 76  76 -0.3919  0.0000  9.2154
 84  76 -0.2727  0.0000 13.4611
 92  76  0.1086  0.3131  8.0386
100  76  0.1229  0.0000  9.7047
108  76  0.0000 -0.1469 10.3584
116  76  0.0000  0.1960 11.1304
124  76 -0.1210  0.0000 11.1304
132  76 -0.2004  0.0000 11.1304
140  76 -0.2591  0.0000 10.2045
148  76 -0.3033  0.0000 12.8600
156  76 -0.3219  0.0000 12.0628
164  76 -0.1395 -0.2628  9.3489
172  76  1.0492  0.0305 12.6667
180  76  0.6736  0.0000  8.0000
188  76  0.2394  0.0000  0.0000
196  76 -0.0032  0.0000  0.0000
204  76 -0.1105  0.0000 11.1304
212  76 -0.1708  0.0000  0.0000
220  76 -0.1545  0.0000  0.0000
228  76  0.0637  0.0000  0.0000
236  76  0.6900  0.0000  0.0000
244  76  1.2110  0.0000  0.0000
252  76  2.1181  0.0000  0.0000
260  76  1.5000  0.0000  8.2581
268  76  0.8745  0.0000 19.1045
276  76 -0.2585  0.0000  0.0000
284  76 -0.2046  0.0000 16.1088
292  76 -0.2007  0.0604  8.5076
  4  84 -0.4816  0.0000 11.9011
 12  84 -0.5000  0.0000  8.8276
 20  84 -0.0697  0.0000  0.0000
 28  84  0.2454  0.0000 17.0667
 36  84  0.4526  0.0972  8.4127
 44  84  0.2243  0.0000  9.3555
 52  84 -0.0295 -0.1815 17.6008
 60  84 -0.0938  0.0000  9.2086
 68  84 -0.0976  0.0000  8.2581
 76  84 -0.0571  0.0000  8.9561
 84  84 -0.0831  0.1009 10.3350
 92  84 -0.2776 -0.1355  9.3411
100  84 -0.1005 -0.0124 12.8162
108  84  0.0000 -0.1469 10.3584
116  84 -0.0654  0.0000 11.9011
124  84 -0.1044  0.0000 11.9011
132  84 -0.0913  0.0000 13.3565
140  84 -0.0686  0.0000  9.0681
148  84  0.0239  0.0000 12.1315
156  84  0.2780  0.0000 11.1304
164  84  0.7878  0.0000  0.0000
172  84  1.3833  0.0000  0.0000
180  84  2.6380  0.0000 11.1304
188  84  2.2103  0.0000  0.0000
196  84  1.8378  0.0000  0.0000
204  84  0.0739  0.0000  0.0000
212  84 -0.4369  0.0000  0.0000
220  84 -0.4658  0.0000  0.0000
228  84 -0.5585  0.0000 11.1304
236  84 -0.5166  0.0000 11.1304
244  84 -0.1928  0.0000 11.1304
252  84  0.1312  0.0000  0.0000
260  84  0.3153  0.0000 11.1304
268  84  0.2129  0.0000  0.0000
276  84  0.0397  0.0000 11.1304
284  84  0.0000 -0.5000  8.8276
292  84  0.1101  0.0000 11.1304
  4  92  0.4367  0.0000 16.6957
 12  92  0.8106  0.0000 11.0903
 20  92  0.7888  0.0000  8.6413
 28  92 -0.1312 -0.2064  9.0775
 36  92 -0.3241  0.2101  7.1281
 44  92 -0.2693  0.0000 10.0848
 52  92 -0.1363  0.0000 10.4154
 60  92  0.0626  0.0000 14.0146
 68  92  0.2371  0.0000 12.6242
 76  92  0.2421  0.0000 11.1304
 84  92  0.3906  0.0000  0.0000
 92  92  0.7780  0.0000  0.0000
100  92  1.1787  0.0000  0.0000
108  92  2.0023  0.0000 19.4783
116  92  2.0695  0.0000 12.8600
124  92  2.5000  0.0000  8.8276
132  92 -0.2907  0.0403 10.5761
140  92 -0.7054  0.0000 12.0455
148  92 -0.5801  0.0000  0.0000
156  92 -0.5626  0.0000  0.0000
164  92 -0.5285  0.0000  0.0000
172  92 -0.2857  0.0000 16.1088
180  92 -0.0287  0.0000  0.0000
188  92  0.0969  0.0000  0.0000
196  92  0.0916  0.0000  0.0000
204  92 -0.0486  0.0000  0.0000
212  92 -0.2083  0.0000  0.0000
220  92  0.0986  0.0000  0.0000
228  92  0.7802  0.0000  0.0000
236  92  1.7861  0.0000 16.1088
244  92  2.5000  0.1588 10.5785
252  92  1.0233  0.0000  0.0000
260  92  0.1068  0.0000  0.0000
268  92 -0.1461  0.0000  0.0000
276  92 -0.0361  0.0000 19.1045
284  92  0.3164  0.0000 11.1304
292  92  0.6998  0.0000  0.0000
  4 100  0.3634  0.0000 16.1088
 12 100  0.2473  0.0000  0.0000
 20 100  0.5000  0.0000 11.1304
 28 100  0.4941  0.0000  0.0000
 36 100  0.4126  0.0000  0.0000
 44 100  0.1439 -0.0853 11.4193
 52 100  0.0000 -0.5000 11.1304
 60 100 -0.6851  0.0000 19.4783
 68 100 -0.6463  0.0000  8.0000
 76 100 -0.3523  0.0000  0.0000
 84 100 -0.4029  0.0000 11.1304
 92 100 -0.5000  0.0000  8.8276
100 100 -0.3127  0.0000 16.1088
108 100 -0.1174  0.0000 11.1304
116 100 -0.0698  0.2911 10.5124
124 100  0.0363  0.0000 13.1959
132 100 -0.0478  0.0000 16.1088
140 100 -0.5000  0.1588 10.5785
148 100 -0.1326  0.0000  0.0000
156 100  0.5224  0.0000  0.0000
164 100  1.6675  0.0000 16.1088
172 100  2.2149  0.0000  0.0000
180 100  1.0483  0.0000  0.0000
188 100  0.1448  0.0000 11.1304
196 100 -0.0923  0.0000  0.0000
204 100  0.0107  0.0000  0.0000
212 100  0.5123  0.0000  0.0000
220 100  1.4369  0.0000  0.0000
228 100  0.2785  0.0000 11.1304
236 100 -0.2780 -0.1270 13.3759
244 100 -0.5000  0.0000  8.8276
252 100 -0.5189  0.0000 11.1304
260 100 -0.5080  0.0000  0.0000
268 100 -0.4122  0.0000  0.0000
276 100 -0.4989  0.0000 11.1304
284 100 -0.6209  0.0000 11.1304
292 100 -0.3973  0.0000 11.1304
  4 108  0.0217 -0.0134 12.3812
 12 108 -0.1662  0.0000  0.0000
 20 108 -0.3058  0.0000 16.1088
 28 108 -0.2475  0.0000  0.0000
 36 108 -0.1138  0.1378 11.4627
 44 108 -0.1154  0.0000  0.0000
 52 108  0.0847  0.0000 19.1045
 60 108  0.3095 -0.2269  6.1440
 68 108 -0.1507  0.0000  0.0000
 76 108 -0.1350  0.0000 11.1304
 84 108  0.0000 -0.5000  8.8276
 92 108  1.3811  0.0000 16.1088
100 108  1.9980  0.0000 11.1304
108 108  0.5377  0.0000 11.1304
116 108 -0.1270 -0.0946  9.7532
124 108 -0.0708  0.0000 15.0472
132 108 -0.0487  0.0000  0.0000
140 108  0.3577 -0.5000 13.4737
148 108  2.5000  0.0000  8.8276
156 108  0.0610  0.5000  7.7665
164 108 -0.2081  0.0000  0.0000
172 108 -0.4356  0.0000  0.0000
180 108 -0.7282  0.0000  0.0000
188 108 -0.6310  0.0000 11.1304
196 108 -0.2797  0.0000  0.0000
204 108 -0.3269  0.0000  0.0000
212 108 -0.4231  0.0000  0.0000
220 108 -0.4164  0.0000 11.1304
228 108 -0.5000 -0.5000  4.0635
236 108 -0.2882  0.0000 11.1304
244 108 -0.2828  0.0000  0.0000
252 108 -0.3316  0.0000  0.0000
260 108 -0.4154  0.0000 16.7450
268 108 -0.5051  0.0000 11.1304
276 108 -0.3354  0.0000 13.0803
284 108 -0.1391  0.0000 11.1304
292 108 -0.2401  0.0000  0.0000
  4 116 -0.0326  0.2067 12.0268
 12 116 -0.3403  0.1537 10.6209
 20 116  1.6033  0.0000 11.1304
 28 116  2.5000  0.0000  8.8276
 36 116  0.0000  0.1960 11.1304
 44 116  0.0000  0.3130 11.4988
 52 116  0.2743  0.0236 10.8782
 60 116  0.1081  0.0000 11.1304
 68 116  0.2480  0.0000  0.0000
 76 116  1.0209  0.0000  0.0000
 84 116  0.3636  0.0000 13.1641
 92 116  0.5000  0.0000  8.4768
100 116  0.1132  0.0000 13.5576
108 116 -0.2691  0.0000  8.8276
116 116 -0.3340  0.2061  6.3651
124 116  0.1463  0.0265  7.9644
132 116 -0.0090  0.0000  0.0000
140 116 -0.1574  0.0000 12.0455
148 116 -0.0565  0.0000  0.0000
156 116  0.4043 -0.4043  8.0000
164 116  0.0011  0.0000  0.0000
172 116 -0.1660  0.0000  0.0000
180 116 -0.3621  0.0000 11.1304
188 116 -0.6967  0.0000  0.0000
196 116 -1.0185  0.0000 11.1304
204 116 -0.8383  0.0000 11.1304
212 116 -0.6143  0.0000  0.0000
220 116 -0.6828  0.0000  0.0000
228 116 -0.5000  0.0000  8.8276
236 116  2.5000  0.0000  8.8276
244 116  2.5456  0.0000  0.0000
252 116  2.0988  0.0000  0.0000
260 116  0.5471  0.0000 11.1304
268 116  0.1858  0.0000 21.6135
276 116  0.1904  0.0000  0.0000
284 116 -0.0029  0.0000  0.0000
292 116 -0.2005  0.0000 11.1304
  4 124 -0.2659 -0.1478 13.1589
 12 124  0.0382  0.1028 16.6166
 20 124  0.4118  0.0000 11.1304
 28 124  0.3872  0.0000 16.1088
 36 124  0.3038  0.0000  8.2581
 44 124  0.1107  0.0000  0.0000
 52 124  0.1843  0.0000 11.1304
 60 124 -0.0126  0.0000  0.0000
 68 124 -0.3209  0.0000  0.0000
 76 124 -0.7228  0.0000 14.5615
 84 124 -1.3070 -0.0337 12.4709
 92 124 -0.5776  0.0000  0.0000
100 124 -0.1106  0.0000  0.0000
108 124 -0.1597  0.0000  0.0000
116 124 -0.6472  0.0000  0.0000
124 124 -1.3070 -0.0337 12.4709
132 124 -0.9776  0.0000 11.1304
140 124 -0.5000  0.0000  8.8276
148 124 -0.1854  0.0000 11.1304
156 124  0.5573  0.0000 16.1088
164 124  2.5000  0.0000  8.8276
172 124  1.7966  0.0000 11.1304
180 124  1.2226  0.0000 16.1088
188 124  0.4937  0.0000 11.1304
196 124  0.2249  0.0000 16.1088
204 124  0.1651  0.0000 11.1304
212 124  0.0200  0.0000 12.0628
220 124 -0.1867  0.0000 11.1304
228 124 -0.2100  0.0000 11.1304
236 124  0.1729  0.0000 19.4783
244 124  0.4142  0.0000  8.0000
252 124  0.5387  0.0000  0.0000
260 124  0.7063  0.0000  8.0000
268 124  0.3607  0.0000 16.1088
276 124  0.1744  0.0000 11.1304
284 124 -0.0559  0.0000 11.1304
292 124 -0.3016  0.0000 16.1088
  4 132 -0.5000  0.0000  8.8276
 12 132 -0.7515  0.0000  0.0000
 20 132 -0.0565  0.0000  0.0000
 28 132  0.5962  0.0000 11.1304
 36 132  0.5867  0.0000  8.2581
 44 132  0.1138 -0.1162 11.2671
 52 132 -0.5636  0.0000 11.1304
 60 132 -0.6030  0.0000  0.0000
 68 132 -0.3103  0.0000 11.1304
 76 132  0.0561  0.2765  9.5419
 84 132  0.4081  0.0000  0.0000
 92 132  0.8035  0.0000  8.0000
100 132 -0.1151 -0.1151 16.5161
108 132  0.0758  0.0000  0.0000
116 132  0.1145  0.0000  0.0000
124 132  0.1488  0.0000 11.1304
132 132  0.1895  0.0000  0.0000
140 132  0.1290  0.0000 11.1304
148 132 -0.1148  0.0000 11.1304
156 132 -0.1682  0.0000 16.1088
164 132  0.2174  0.0440  9.2850
172 132  0.2743  0.0000 11.1304
180 132  0.5000  0.6026 10.5340
188 132  0.8356  0.0000 11.1304
196 132  0.3925  0.0000  0.0000
204 132  0.1095  0.0000  8.2581
212 132 -0.1454  0.0000 22.2609
220 132 -0.3476  0.0000  0.0000
228 132 -0.4010  0.0000 11.1304
236 132 -0.1670  0.0000  0.0000
244 132  0.7722  0.0000 19.4783
252 132  1.6543  0.0000  8.0000
260 132  1.4510  0.0000 11.1304
268 132  0.7649  0.0000  0.0000
276 132  0.0524  0.0000  0.0000
284 132 -0.2531  0.0000 16.1088
292 132 -0.2378  0.0000 16.1088
  4 140 -0.0961  0.0000 11.1304
 12 140  0.0180  0.0000 11.1304
 20 140  0.0341  0.0000 16.1088
 28 140 -0.3180  0.0000  0.0000
 36 140 -0.1420  0.0000 11.1304
 44 140  0.0196  0.0000  0.0000
 52 140  0.1223  0.0000  0.0000
 60 140  0.1946  0.0000  0.0000
 68 140  0.1825 -0.2174 12.5315
 76 140 -0.2768  0.0000 16.1088
 84 140 -0.7190  0.0000  0.0000
 92 140 -1.0000  0.0000  8.2581
100 140 -0.3840  0.0000  0.0000
108 140  0.2037  0.0000 11.1304
116 140  0.7356  0.0000  0.0000
124 140  0.2812  0.0000 11.1304
132 140  0.0000 -0.1063  6.9728
140 140 -0.2652  0.0000  0.0000
148 140 -0.4652  0.0000  0.0000
156 140 -0.4789  0.0000 17.0667
164 140 -0.0543  0.0000 19.1045
172 140  1.2174  0.0000 11.1304
180 140  2.5000  0.0000  8.8276
188 140  1.9345  0.0000  0.0000
196 140  1.0315  0.0000 16.1088
204 140  0.2895  0.0000 11.1304
212 140 -0.1239  0.0000 11.1304
220 140 -0.2759  0.0000  0.0000
228 140 -0.2932  0.0000  0.0000
236 140 -0.2624  0.0000  0.0000
244 140 -0.1931  0.0000 11.1304
252 140 -0.1418  0.0000 22.2609
260 140  0.0890  0.0000 11.1304
268 140  0.1361  0.0000  0.0000
276 140  0.0972  0.0000  0.0000
284 140  0.0199  0.0000 11.1304
292 140 -0.1317  0.0000 11.1304
  4 148 -0.4806  0.0000 11.1304
 12 148 -0.8026  0.0000 11.1304
 20 148 -0.8875  0.0000 11.1304
 28 148 -0.4159  0.0000 16.1088
 36 148  0.1068  0.0000  8.0000
 44 148  0.5981  0.0000  0.0000
 52 148  0.1188  0.0000 11.1304
 60 148 -0.1147  0.0000 16.1088
 68 148 -0.3593  0.0000  0.0000
 76 148 -0.5759  0.0000 16.1088
 84 148 -0.6868  0.0000 11.1304
 92 148 -0.5000 -0.0391  9.3822
100 148  0.6876  0.0000 11.1304
108 148  1.6173  0.0000  0.0000
116 148  1.3560  0.0000  0.0000
124 148  0.6436  0.0000  0.0000
132 148  0.1107  0.0000  9.2850
140 148 -0.2061  0.0000  0.0000
148 148 -0.3716  0.0000  0.0000
156 148 -0.4466  0.0000 10.9491
164 148 -0.4380  0.0000 16.1088
172 148 -0.2384  0.0000 11.1304
180 148  0.0567  0.0000  0.0000
188 148  0.4043  0.4043  8.0000
196 148  0.2636  0.0000 11.1304
204 148  0.0508  0.0000 11.1304
212 148 -0.1741  0.0000 11.1304
220 148 -0.3945  0.0000  0.0000
228 148 -0.5794  0.0000 11.1304
236 148 -0.6593  0.0000 11.1304
244 148 -0.5113  0.0000  0.0000
252 148 -0.1273  0.0000  0.0000
260 148  0.1656  0.0000 11.1304
268 148  0.4711  0.0000  0.0000
276 148 -0.0139  0.0000  0.0000
284 148 -0.1698  0.0000 11.1304
292 148 -0.3445  0.0000  0.0000
  4 156 -0.4954  0.0000 11.1304
 12 156 -0.5524  0.0000  0.0000
 20 156 -0.3684  0.0000  0.0000
 28 156  0.2872  0.0000 11.1304
 36 156  0.7593  0.0000  0.0000
 44 156  0.5630  0.0000 11.1304
 52 156  0.0000 -0.5000  8.8276
 60 156 -0.2177  0.0000  0.0000
 68 156 -0.3308 -0.1127 11.8471
 76 156 -0.4058  0.0000 11.1304
 84 156 -0.4642  0.0000 11.1304
 92 156 -0.5000  0.0000  8.8276
100 156 -0.2429  0.0000 11.1304
108 156  0.0390  0.0000 11.1304
116 156  0.2486  0.0000 12.1905
124 156  0.1698  0.0000  0.0000
132 156 -0.0246  0.0000  9.2850
140 156 -0.2768  0.0000  0.0000
148 156 -0.5000  0.0000  8.8276
156 156 -0.5491  0.0000 10.9491
164 156 -0.4681  0.0000 11.1304
172 156 -0.1536  0.0000  0.0000
180 156  0.1960 -0.5000 11.1304
188 156  0.1944  0.0000 19.4783
196 156  0.2780 -0.1270 13.3759
204 156 -0.0843  0.0000 11.1304
212 156 -0.1602  0.0000  0.0000
220 156 -0.2414  0.0000 11.1304
228 156 -0.2925  0.0000  0.0000
236 156 -0.2809  0.0000  0.0000
244 156 -0.1689  0.0000 11.1304
252 156  0.1090  0.0000  0.0000
260 156  0.2744  0.0000  0.0000
268 156  0.1175  0.0000 17.0667
276 156 -0.2016  0.0000  0.0000
284 156 -0.3301  0.0000  0.0000
292 156 -0.3261  0.0000  0.0000
  4 164 -0.2544  0.0000 11.1304
 12 164 -0.1749  0.0000  8.8276
 20 164 -0.1354  0.0000  0.0000
 28 164 -0.0309  0.0000 11.1304
 36 164  0.0594  0.0000 11.1304
 44 164  0.1113  0.0000 11.1304
 52 164  0.0930  0.0000 13.1641
 60 164  0.0504  0.0000  0.0000
 68 164 -0.0832 -0.3131  9.8462
 76 164 -0.1920  0.0000  0.0000
 84 164 -0.3142  0.0000  0.0000
 92 164 -0.3223  0.0000 11.1304
100 164  0.0000  0.5000  8.0688
108 164  0.0731  0.0000 11.1304
116 164  0.0000  0.1474  7.0459
124 164 -0.0399  0.0000  6.7623
132 164 -0.1058  0.0000 10.9491
140 164 -0.1218  0.0000  0.0000
148 164 -0.1194  0.0000  0.0000
156 164 -0.0738  0.0000 13.5576
164 164  0.0062  0.0000 19.1045
172 164  0.0275  0.0000  0.0000
180 164  0.0833  0.0000 11.1304
188 164  0.0770  0.0000 11.1304
196 164 -0.0687  0.0000 11.1304
204 164 -0.2573  0.0000  0.0000
212 164 -0.3134  0.0000 11.1304
220 164 -0.2029  0.0000  0.0000
228 164  0.0490  0.0000  0.0000
236 164  0.3310  0.0000  0.0000
244 164  0.4175  0.0000  0.0000
252 164  0.3383  0.0000  0.0000
260 164  0.1740  0.0000  0.0000
268 164  0.0558  0.0000  0.0000
276 164  0.1166  0.0000  0.0000
284 164  0.4020  0.0000  0.0000
292 164  0.6108  0.0000  0.0000
  4 172  0.5000  0.0000  8.4768
 12 172  0.1366  0.0000 16.1088
 20 172 -0.1960 -0.5000 11.1304
 28 172  0.1180 -0.5000  9.2850
 36 172  0.0000 -0.5000  8.8276
 44 172  0.0350  0.0000  0.0000
 52 172 -0.0568  0.0000  0.0000
 60 172 -0.1151 -0.1151 16.5161
 68 172 -0.1038  0.0000 16.1088
 76 172 -0.0579  0.0000 11.1304
 84 172  0.0434  0.0000  0.0000
 92 172  0.1960  0.0000 11.1304
100 172  0.1462  0.0000 11.1304
108 172  0.1117  0.0000  0.0000
116 172  0.0387  0.0000 11.1304
124 172 -0.1068 -0.3135 15.1963
132 172 -0.2447  0.0000 11.1304
140 172 -0.2610  0.0000  0.0000
148 172 -0.0639  0.0000 11.1304
156 172  0.3958  0.0000  0.0000
164 172  0.9958  0.0000 16.1088
172 172  1.1105  0.0000  0.0000
180 172  0.8141  0.0000 11.1304
188 172  0.3449  0.0000 12.0455
196 172  0.0067  0.0000 19.1045
204 172  0.1214  0.0000  0.0000
212 172  0.8774  0.0000  0.0000
220 172  1.5728  0.0000  0.0000
228 172  1.4839  0.0000  0.0000
236 172  0.8603  0.0000 11.1304
244 172  0.2938  0.0000 11.1304
252 172  0.2064  0.0000  0.0000
260 172  0.2083  0.0000  0.0000
268 172  0.3879  0.0000  0.0000
276 172  0.3907  0.0000  0.0000
284 172 -0.1472  0.0000  0.0000
292 172 -0.1336  0.0000 11.1304
  4 180 -0.1019  0.0000 16.1088
 12 180 -0.0638  0.0000 16.1088
 20 180 -0.0418  0.1521 12.6567
 28 180  0.0779  0.0000 11.1304
 36 180  0.1307  0.0000  8.8276
 44 180  0.0882  0.0000  0.0000
 52 180 -0.0484  0.0000 11.1304
 60 180 -0.1948  0.0000 11.1304
 68 180 -0.2324  0.0000 16.1088
 76 180 -0.0215  0.0000 11.1304
 84 180  0.6160  0.0000 16.1088
 92 180  1.7759  0.0000 16.1088
100 180  1.8740  0.0000  7.4021
108 180  1.3296  0.0000  8.4633
116 180  0.5315  0.0000  5.9981
124 180 -0.0746  0.0000 17.0667
132 180  0.0000  0.1960 11.1304
140 180  1.2633  0.0000  8.0000
148 180  2.5000  0.0000  8.8276
156 180  2.3641  0.0000 11.1304
164 180  1.3627  0.0000 16.1088
172 180  0.5279  0.0000 11.1304
180 180  0.2338  0.0000 11.1304
188 180  0.4165  0.0000 19.1045
196 180  0.9852  0.0000  0.0000
204 180  1.2747  0.0000  0.0000
212 180 -0.2014  0.0000  0.0000
220 180 -0.1832  0.0000  0.0000
228 180 -0.1485  0.0000 11.1304
236 180 -0.1005  0.0000 11.1304
244 180 -0.0310  0.0000  0.0000
252 180  0.1109  0.0000  0.0000
260 180  0.2175  0.0000  0.0000
268 180  0.2171  0.0000 11.1304
276 180  0.0734  0.0000 11.1304
284 180 -0.1139  0.0000 16.1088
292 180 -0.2203  0.0000 11.1304
  4 188 -0.1024  0.0000  0.0000
 12 188  0.5000  0.0000 11.1304
 20 188  2.5000 -0.1588 10.5785
 28 188  2.4460  0.0000 16.1088
 36 188  1.7388  0.0000  0.0000
 44 188  0.7230  0.0000  0.0000
 52 188  0.0000 -0.5000  8.8276
 60 188  0.2736  0.0000  0.0000
 68 188  1.3319  0.0000 16.1088
 76 188  2.3637  0.0000 11.1304
 84 188  2.5000  0.0391  9.3822
 92 188  1.1531  0.0000 11.1304
100 188  0.2401  0.0000 10.0356
108 188 -0.0414  0.0000 10.7963
116 188  0.4194  0.0000  7.3911
124 188  1.7623  0.0000 12.1905
132 188  2.5000  0.0000  8.8276
140 188 -0.2753  0.0000 13.0803
148 188 -0.2467  0.0000 11.1304
156 188 -0.1958  0.0000 11.1304
164 188 -0.1180  0.0000 12.0628
172 188 -0.0006  0.0000 11.1304
180 188  0.1692  0.0000 11.1304
188 188  0.3298  0.0000  8.8276
196 188  0.3896  0.0000 11.1304
204 188  0.2236  0.0000  0.0000
212 188  0.0012  0.0000 11.1304
220 188 -0.1366  0.0000  0.0000
228 188 -0.0392  0.0000 11.1304
236 188  0.5315  0.0000  0.0000
244 188  1.8254  0.0000  0.0000
252 188  2.1540  0.0000  0.0000
260 188  1.7865  0.0000 11.1304
268 188  0.7856  0.0000  0.0000
276 188  0.2224  0.0000  0.0000
284 188  0.4097  0.0000  8.0000
292 188  1.0544  0.0000 20.7059
  4 196  1.5568  0.0000 11.1304
 12 196  1.3005  0.0000  0.0000
 20 196  0.0825  0.0825  9.2850
 28 196 -0.4558  0.0000 13.5576
 36 196 -0.5899  0.0000  0.0000
 44 196  0.0101  0.1146 17.4161
 52 196  2.5000  0.0000  8.8276
 60 196  4.0706  0.0000  0.0000
 68 196 -0.3697  0.0000 19.1045
 76 196 -0.3315  0.0000  0.0000
 84 196 -0.2676  0.0000  0.0000
 92 196 -0.1712  0.0000  0.0000
100 196 -0.0324  0.0000 11.1304
108 196  0.1526  0.0000  0.0000
116 196  0.3545  0.0000 17.0667
124 196  0.5000  0.0000  8.4768
132 196  0.3002  0.0000 11.1304
140 196  0.0717  0.0000 11.1304
148 196 -0.0811  0.0000  0.0000
156 196 -0.0786  0.0000  0.0000
164 196  0.1912  0.0000 12.4272
172 196  0.9866  0.0000 11.1304
180 196  1.4467  0.0000  0.0000
188 196  1.5000  0.0000  8.2581
196 196  0.3952  0.0000  0.0000
204 196  0.1166  0.0000  0.0000
212 196  0.3213  0.0000  0.0000
220 196  0.6915  0.0000  0.0000
228 196  0.8717  0.0000 11.1304
236 196  0.5468  0.0000  0.0000
244 196 -0.2360  0.0000  0.0000
252 196 -0.7218  0.0000  0.0000
260 196 -0.8646  0.0000  0.0000
268 196 -0.4148  0.0000  0.0000
276 196  1.2074  0.0000 16.1088
284 196  3.8122  0.0000 19.4783
292 196 -0.4859  0.0000 19.4783
  4 204 -0.4443  0.0000 11.1304
 12 204 -0.3788  0.0000 16.7450
 20 204 -0.2849  0.0000 16.1088
 28 204 -0.1599  0.0000  0.0000
 36 204 -0.0104  0.0000 11.1304
 44 204  0.1355  0.0000 12.0628
 52 204  0.2214  0.0000  0.0000
 60 204  0.1500  0.0000 16.1088
 68 204  0.0334  0.0000 11.1304
 76 204 -0.0584  0.0000  0.0000
 84 204 -0.0900  0.0000  0.0000
 92 204 -0.0558  0.0000  0.0000
100 204  0.1780  0.0000 16.1088
108 204  0.3146  0.0000  8.2581
116 204  0.2979  0.0000 19.1045
124 204 -0.5000  0.0000  8.2581
132 204 -0.1461  0.0000  0.0000
140 204  0.1570  0.0000 11.1304
148 204  0.3850  0.0000  0.0000
156 204  0.4529  0.0000 11.1304
164 204  0.2115  0.0000 13.0803
172 204 -0.2669  0.0000  0.0000
180 204 -0.6588  0.0000  0.0000
188 204 -0.8775  0.0000 11.1304
196 204 -0.8805  0.0000 16.1088
204 204 -0.5000  0.0000  8.8276
212 204  2.5000  0.0000  8.8276
220 204 -0.6229  0.0000 11.1304
228 204 -0.5846  0.0000 11.1304
236 204 -0.5275  0.0000  0.0000
244 204 -0.4497  0.0000  0.0000
252 204 -0.3536  0.0000  0.0000
260 204 -0.2525  0.0000 11.1304
268 204 -0.1723  0.0000  8.0000
276 204 -0.1304  0.0000 13.5576
284 204 -0.0807  0.0000 11.1304
292 204 -0.0682  0.0000  0.0000
  4 212 -0.0758  0.0000  0.0000
 12 212 -0.0983 -0.1526  9.9844
 20 212 -0.2737  0.0000 17.0667
 28 212 -0.4114  0.0000  0.0000
 36 212 -0.5000  0.0000 11.1304
 44 212  0.0497  0.0000 11.1304
 52 212  0.5000 -0.0696  9.9740
 60 212  0.1151  0.1151 16.5161
 68 212  0.0000 -0.5000  8.8276
 76 212  0.0815  0.0000  0.0000
 84 212  0.1992  0.0000  0.0000
 92 212  0.1243  0.0000  0.0000
100 212 -0.1102  0.0000  0.0000
108 212 -0.3537  0.0000 11.1304
116 212 -0.5000  0.0000 11.1304
124 212 -0.5000 -0.5000  4.0635
132 212 -0.7377  0.0000  0.0000
140 212  0.3416  0.0000  0.0000
148 212 -0.7760  0.0000  0.0000
156 212 -0.7463  0.0000  0.0000
164 212 -0.7034  0.0000 12.0455
172 212 -0.6435  0.0000 11.1304
180 212 -0.5671  0.0000  0.0000
188 212 -0.4850  0.0000  0.0000
196 212 -0.4235  0.0000 16.1088
204 212 -0.4043 -0.4043  8.0000
212 212 -0.2516  0.0000  8.8276
220 212 -0.1653  0.0000  0.0000
228 212 -0.1507  0.0000 11.1304
236 212 -0.2212  0.0000  0.0000
244 212 -0.4253  0.0000  0.0000
252 212 -0.6499  0.0000 16.1088
260 212 -0.7596  0.0000  0.0000
268 212 -0.5451  0.0000 11.1304
276 212 -0.5000  0.0000 11.1304
284 212 -1.3070 -0.0337 12.4709
292 212 -1.0304  0.0000  0.0000
  4 220 -0.5408  0.0000 16.1088
 12 220 -0.0549  0.0463 23.8844
 20 220  0.1512  0.0000 11.1304
 28 220  0.1406  0.0000  0.0000
 36 220 -0.0366  0.0000 11.1304
 44 220 -0.3435  0.0000 11.1304
 52 220 -0.7902  0.0000  0.0000
 60 220 -1.4578  0.0000  4.0635
 68 220 -1.7720  0.0000  0.0000
 76 220 -0.9379  0.0000 11.1304
 84 220 -0.9227  0.0000 11.1304
 92 220 -0.8987  0.0000 11.1304
100 220 -0.8559  0.0000  0.0000
108 220 -0.7819  0.0000 11.1304
116 220 -0.6618  0.0000 16.1088
124 220 -0.4856  0.0000  0.0000
132 220 -0.2780 -0.1270 13.3759
140 220 -0.2107  0.0000  8.2581
148 220 -0.1647  0.0000 11.1304
156 220 -0.1670  0.0000  0.0000
164 220 -0.2701  0.0000 12.0455
172 220 -0.5000 -0.5000  4.0635
180 220 -0.8233  0.0000  0.0000
188 220 -1.0790  0.0000  0.0000
196 220 -1.2861  0.0000 16.1088
204 220 -1.7281  0.0000 13.7892
212 220 -2.3732  0.0000  0.0000
220 220 -2.1093  0.0000  0.0000
228 220 -1.2636  0.0000  0.0000
236 220 -0.3281  0.0000  0.0000
244 220  0.3096  0.0000 11.1304
252 220  0.5607  0.0000  8.8276
260 220  0.4215  0.0000  8.0000
268 220 -0.1142 -0.1142 10.6035
276 220 -1.0640  0.0000  0.0000
284 220 -2.3736  0.0000  0.0000
292 220 -3.7844  0.0000  4.0635
