VARIABLES= "X pix", "Y pix", "U pix/dt", "V pix/dt", "CHC", ZONE I=28, J=37
  4   4  0.0000  0.0097 10.8864
 12   4  0.0000  0.0064 10.8202
 20   4  0.0000  0.0000 10.9708
 28   4  0.0000  0.0000 11.7274
 36   4  0.0527  0.0137 10.9645
 44   4  0.0000  0.0000 11.0456
 52   4  0.0000 -0.0145 11.0935
 60   4  0.0000  0.0145 11.0935
 68   4  0.0000  0.0000 11.0456
 76   4  0.0000  0.0000 10.9734
 84   4 -0.0044 -0.0022 11.7122
 92   4  0.0030  0.0469 11.2019
100   4  0.0000  0.0000 12.1884
108   4 -0.0043  0.0723 12.2815
116   4  0.0005 -0.0163 11.4869
124   4  0.0000  0.0000 11.1241
132   4  0.0000  0.0000 11.7754
140   4  0.0000  0.0000 11.0456
148   4 -0.0460  0.0230 11.3355
156   4  0.0000 -0.0166 11.5214
164   4  0.0336  0.0008 11.8605
172   4  0.0000  0.0000 10.9371
180   4  0.0000 -0.0568 11.2480
188   4  0.0000  0.0000 11.7754
196   4 -0.0097 -0.0372 11.3097
204   4  0.0000  0.0000 11.9407
212   4 -0.0012  0.0338 12.4195
220   4  0.0000  0.0000 11.5182
228   4  0.0819  0.0000 10.0949
236   4  0.0000  0.0000 10.5606
244   4 -0.0018 -0.0059 10.2075
252   4  0.0596  0.0075 11.7029
260   4  0.0055 -0.0210 12.2872
268   4  0.0251  0.0327 12.0483
276   4  0.0000 -0.0493 16.0118
284   4  0.0000 -0.0675 13.4737
292   4  0.0059  0.0954 11.6694
  4  12 -0.0409 -0.1032 13.5245
 12  12 -0.1219  0.3270 12.0814
 20  12  0.0000  0.3442  8.9418
 28  12  0.1853 -0.0053 11.4939
 36  12  0.1572  0.0182  9.5820
 44  12  0.0000  0.1296  7.2299
 52  12  0.1727 -0.0512 17.9729
 60  12  0.0000  0.0000 13.1071
 68  12  0.0213  0.0136 18.7897
 76  12  0.0000  0.0000 11.2688
 84  12 -0.0107 -0.2029  8.6368
 92  12  0.0000  0.0000  7.3911
100  12  0.0000  0.0000  8.3068
108  12  0.0122  0.2420  8.2993
116  12  0.0000  0.0000  9.7463
124  12  0.0000  0.0219 11.3442
132  12  0.0000  0.0219 11.3442
140  12 -0.0374  0.0164 12.1741
148  12  0.0000  0.0000  9.9740
156  12  0.0000  0.0000 11.4382
164  12  0.0000  0.0000 13.7235
172  12 -0.0000  0.0000  8.3603
180  12  0.0000  0.0068 10.4144
188  12  0.0000  0.0000 11.8013
196  12 -0.0704 -0.0207 10.0918
204  12  0.0000  0.0000  9.4832
212  12  0.0352  0.2092 12.4537
220  12 -0.0562 -0.0055 14.7943
228  12  0.0000  0.0000 14.4906
236  12  0.0000  0.0000  9.6628
244  12  0.0000  0.0000  7.9150
252  12 -0.1665 -0.0262  9.9924
260  12  0.0150 -0.0136 10.6693
268  12  0.0198 -0.0101  9.9766
276  12  0.1284 -0.0310  7.3527
284  12  0.0102 -0.0412  7.1001
292  12  0.0000  0.0000  8.4696
  4  20  0.0000  0.0000 15.7050
 12  20  0.0815  0.0231 13.3948
 20  20  0.0728 -0.0475 13.1276
 28  20  0.0202 -0.0092 11.3932
 36  20  0.0000  0.0863 11.5921
 44  20  0.0000 -0.0037  9.9684
 52  20  0.0000  0.0023  9.1541
 60  20 -0.0143  0.0094 13.3962
 68  20 -0.0014  0.0035 14.2297
 76  20 -0.0408 -0.0675 11.1503
 84  20  0.0000 -0.0379 12.0725
 92  20 -0.0012 -0.0389  8.8054
100  20 -0.0128 -0.0147 13.8621
108  20  0.0471 -0.0571 13.0091
116  20  0.0000  0.0000 14.2344
124  20  0.0000  0.0000 14.3330
132  20  0.0006 -0.0035 13.1705
140  20  0.0023 -0.0048 13.0349
148  20  0.0036  0.0265 13.4000
156  20  0.0000  0.0000 13.4613
164  20  0.0000  0.0000 12.2209
172  20  0.0000  0.0000 20.6466
180  20  0.0000  0.0000 16.1354
188  20  0.0000  0.0000 18.1265
196  20  0.0000  0.0000 18.8253
204  20 -0.0018  0.0181 25.6415
212  20 -0.0273 -0.0315 21.9891
220  20  0.0332 -0.0757 13.8162
228  20 -0.0188  0.0233  8.1558
236  20 -0.0652  0.0362 14.0621
244  20  0.0000  0.0000 18.4917
252  20  0.0000  0.0000 23.3772
260  20  0.0000  0.0000 14.5416
268  20 -0.0126  0.0403 11.0026
276  20 -0.0583 -0.0580 12.9981
284  20  0.0582 -0.0117 12.4393
292  20  0.0000  0.0000 17.8210
  4  28  0.0000  0.0000  9.5880
 12  28  0.0527 -0.0069 10.7008
 20  28 -0.0144 -0.0040 11.6168
 28  28 -0.0037 -0.0001 10.7353
 36  28 -0.0019 -0.0167 10.9517
 44  28  0.0010  0.0157 10.5864
 52  28 -0.0112  0.0024 10.6674
 60  28  0.0014 -0.0174  9.9779
 68  28 -0.0248 -0.0197 10.5278
 76  28  0.0000  0.0000 10.5041
 84  28 -0.0111  0.0030  9.4300
 92  28  0.0063 -0.0137  9.2220
100  28 -0.0040  0.0145 12.6585
108  28  0.0148  0.0152 13.3385
116  28  0.0241  0.0019  8.7558
124  28  0.0049  0.0023  9.1786
132  28  0.0104 -0.0026  8.5341
140  28  0.0029  0.0193  8.8224
148  28  0.0051  0.0017  9.1803
156  28  0.0035  0.0124 17.7543
164  28 -0.0026  0.0132 14.6373
172  28  0.0000  0.0000 21.5649
180  28  0.0000  0.0000 22.2698
188  28  0.0000  0.0000 10.7357
196  28  0.0138 -0.0003  8.7568
204  28 -0.0044 -0.0022  8.9767
212  28  0.0007 -0.0020  9.4485
220  28  0.0000  0.0000  9.3147
228  28 -0.0029 -0.0018  8.9780
236  28  0.0000  0.0000  8.6727
244  28  0.0021  0.0057  8.7821
252  28  0.0109  0.0022 11.0586
260  28 -0.0010 -0.0178 14.2589
268  28 -0.0309  0.0027 13.3182
276  28 -0.0018  0.0007 22.9210
284  28  0.0067  0.0213 13.2141
292  28  0.0000  0.0000 10.6848
  4  36  0.0008 -0.0006  7.4519
 12  36  0.0410 -0.0092  7.1867
 20  36  0.0044  0.0187  6.5196
 28  36  0.1202  0.0252  6.1045
 36  36 -0.0695  0.0265  6.4064
 44  36  0.0000  0.0000  9.0619
 52  36 -0.0362 -0.5579  7.3016
 60  36  0.1633 -0.0202 14.4309
 68  36  0.1487 -0.0045 10.4314
 76  36  0.0651 -0.0767 13.1762
 84  36  0.0000  0.0000 11.9696
 92  36  0.0000  0.0000 10.1958
100  36  0.0000  0.0000  9.1038
108  36  0.0000  0.0000  6.6387
116  36  0.0112 -0.0067  6.7486
124  36  0.0000  0.0000  8.9558
132  36  0.0000  0.0000  0.0000
140  36  0.0000  0.0000  8.8276
148  36 -0.0282  0.0122  5.7638
156  36  0.0003  0.0225 13.7069
164  36  0.0000  0.0000 15.2882
172  36  0.0016 -0.0001 11.6226
180  36  0.0000  0.0000 16.2429
188  36  0.0000  0.0000  7.3051
196  36  0.0800 -0.2526 12.4363
204  36  0.0000  0.0000 15.9971
212  36  0.0058  0.0376 14.4964
220  36  0.0000  0.0000 14.6166
228  36  0.0000 -0.2697  7.3143
236  36 -0.0308 -0.1268 11.5198
244  36  0.3148 -0.0336 11.2160
252  36  0.0459  0.1308  8.4268
260  36 -0.0089  0.1292  8.5242
268  36 -0.2183  0.3170 10.9921
276  36  0.0000  0.0000  9.0870
284  36  0.0000  0.0000  9.8011
292  36  0.0000  0.0000  9.5693
  4  44  0.0000  0.0000  9.4208
 12  44 -0.2076 -0.0667  9.6020
 20  44  0.0000  0.0000 10.9531
 28  44 -0.1216 -0.1318 13.6536
 36  44  0.0090  0.0182 13.9705
 44  44 -0.0064 -0.0069 10.2546
 52  44  0.0000  0.0000  8.9436
 60  44  0.0703  0.3324  7.5054
 68  44  0.0000  0.0000  7.3143
 76  44  0.0000  0.0000  8.9379
 84  44 -0.1345  0.5000  7.3745
 92  44  0.0000  0.0000 11.1304
100  44  0.0000 -0.5000  8.8276
108  44  0.0000  0.0000 11.1304
116  44  0.1151 -0.1151 16.5161
124  44 -0.1151 -0.1151 16.5161
132  44  0.0000  0.0000 14.4198
140  44  0.0000  0.0000  0.0000
148  44 -0.0462  0.0112  5.8974
156  44 -0.0505  0.0251 13.5949
164  44 -0.0048 -0.0023 14.1563
172  44  0.0085 -0.0051 18.3025
180  44  0.0100 -0.0010 15.1052
188  44  0.0000  0.0000  7.2093
196  44 -0.2264 -0.2174  8.1086
204  44 -0.1962  0.1719  6.4000
212  44  0.0367  0.0780  8.5648
220  44  0.0000  0.0000  9.4135
228  44 -0.0996 -0.0167 10.4918
236  44 -0.0033  0.1355 11.2402
244  44  0.0000  0.0000 12.4405
252  44  0.1392 -0.0186 16.5919
260  44  0.0000  0.0000 11.0903
268  44  0.0000  0.0000 11.0903
276  44  0.0272 -0.0238 11.1899
284  44  0.0000  0.0000 11.0903
292  44  0.0080 -0.1524 15.2409
  4  52  0.0000  0.0000  9.4762
 12  52  0.0262  0.1595  7.9051
 20  52 -0.0106 -0.1331  7.1772
 28  52  0.0000  0.0000 11.1304
 36  52  0.0000  0.0000  0.0000
 44  52  0.0000  0.0000 11.1304
 52  52  0.0000  0.0000 11.1304
 60  52  0.0000  0.0000  0.0000
 68  52  0.0000  0.0000  0.0000
 76  52  0.0000  0.0000 17.2183
 84  52 -1.5000  0.0000  8.2581
 92  52  0.0000  0.0000 11.1304
100  52  0.0000  0.0000 11.1304
108  52  0.0000  0.0000 11.1304
116  52  1.5000  2.5000  7.4357
124  52  0.0677  0.2414 11.7124
132  52  0.1050  2.5000  6.8903
140  52  0.0000  0.0000  9.4208
148  52  0.0045  0.0083  7.5711
156  52 -0.0141  0.0187 19.8847
164  52 -0.0185  0.0028 11.3518
172  52  0.0121  0.0016 10.2072
180  52 -0.0107  0.0094 26.3706
188  52  0.0009  0.0199  6.6334
196  52  0.0000  0.1556 12.2969
204  52  0.0000  0.0000 13.0803
212  52  0.1512  0.0437 12.6826
220  52  0.0263 -0.0108 10.1454
228  52  0.1049 -0.0039 10.8049
236  52 -0.2083 -0.0122 11.8362
244  52  0.0026  0.1313 13.1395
252  52  0.0000  0.0000 11.0903
260  52 -0.0179 -0.0423 15.1609
268  52 -0.0459 -0.1308  8.4268
276  52  0.0000  0.1287 13.4798
284  52  0.0265 -0.0479 12.7185
292  52 -0.2408  0.0909  9.2187
  4  60  0.0000  0.0000 11.1304
 12  60  0.0000  0.0000  0.0000
 20  60  0.0000  0.0000  0.0000
 28  60  0.0000  0.0000  0.0000
 36  60  0.0000  0.0000  0.0000
 44  60  0.0000  0.0000  0.0000
 52  60  0.0000  0.0000  0.0000
 60  60  0.0000  0.0000  0.0000
 68  60  0.0000  0.0000  0.0000
 76  60  0.0000  0.0000 11.1304
 84  60 -0.2879 -0.1341  9.1429
 92  60  0.0579 -0.2001 13.7634
100  60 -0.1706 -0.0862 16.7979
108  60  0.0000  0.0000  0.0000
116  60  1.5000  0.0448  8.9013
124  60 -0.2272  0.0241 12.9826
132  60 -0.4043  0.4043  8.0000
140  60  0.0000  0.0000 12.0628
148  60  0.0000  0.0000  6.1702
156  60  0.0000  0.0214  5.6816
164  60 -0.0023  0.0236  5.7015
172  60  0.0107 -0.0071  5.9050
180  60  0.0000  0.0000  6.2154
188  60  0.3082  0.1397  6.9803
196  60  0.0000  0.0000 11.1304
204  60  0.0000  0.0000  0.0000
212  60  0.0000  0.0000  0.0000
220  60  0.0000  0.0000  0.0000
228  60  0.0000  0.0000  0.0000
236  60  0.0000  0.0000  0.0000
244  60  0.0000  0.0000  7.8087
252  60  0.0149 -0.2749  9.0775
260  60 -0.0298 -0.0972 10.7370
268  60  0.0000  0.0000 10.9824
276  60  0.0000  0.0000 13.3565
284  60 -0.1195 -1.0576  7.0137
292  60  0.2342 -0.1278 11.6364
  4  68 -1.5000  0.0000  8.2581
 12  68  0.0000  0.0000  0.0000
 20  68  0.0000  0.0000  0.0000
 28  68  0.0000  0.0000  0.0000
 36  68  0.0000  0.0000  0.0000
 44  68  0.0000  0.0000 11.1304
 52  68  0.0000  0.0000 11.1304
 60  68  0.0000  0.0000  0.0000
 68  68  0.0000  0.0000  0.0000
 76  68  0.0199  0.0148 19.5659
 84  68  0.3521  0.0143  8.9336
 92  68 -0.0493 -0.1251 11.3492
100  68  0.0000  0.0000 16.7181
108  68  2.5000  0.0000  8.8276
116  68  0.0000  0.0000 11.1304
124  68  2.5000  0.0000  8.8276
132  68  0.0000  0.0000 16.1088
140  68  0.0000  0.0000 11.1304
148  68  0.0000  0.0000 11.2521
156  68  0.0000  0.0000 11.1304
164  68  0.0000  0.0000 16.1088
172  68  0.0000  0.0000 11.1304
180  68  0.0818 -0.0266 10.4000
188  68  0.0000  0.0000 11.1304
196  68  0.0000  0.0000  0.0000
204  68  0.0000  0.0000  0.0000
212  68  0.0000  0.0000  0.0000
220  68  0.0000  0.0000  0.0000
228  68  0.0000  0.0000  0.0000
236  68  0.0000  0.0000  0.0000
244  68  0.0000  0.0000 11.1304
252  68  0.0000  0.0000 11.1304
260  68  0.0000  0.0000 12.0455
268  68  0.0000  0.0000 16.1088
276  68  0.0000 -0.0000  9.2190
284  68  0.0651  0.1150 14.5523
292  68  0.0000  0.0000 11.1304
  4  76  0.0000  0.0000 11.1304
 12  76  0.0000  0.0000  0.0000
 20  76  0.0000  0.0000  0.0000
 28  76  0.0000  0.0000  0.0000
 36  76  0.0000  0.0000 11.1304
 44  76  0.0076  0.0902 19.2040
 52  76 -0.1282 -0.0505 10.0722
 60  76  0.0000  0.1760 15.0588
 68  76  0.0000  0.2730 10.6474
 76  76 -1.2751 -0.4600  7.0830
 84  76  0.0000 -0.1427 11.1179
 92  76  0.0384 -0.5000  6.8506
100  76  0.0000  0.0000  7.3911
108  76  2.5000 -0.1180  9.2850
116  76  0.0000 -0.1960 11.1304
124  76 -1.1838  2.5000  7.5779
132  76  0.0000  0.0000  0.0000
140  76  0.0000  0.0000 21.6135
148  76  0.0000  0.0000 12.8600
156  76  0.0000  1.7251  8.5018
164  76  0.0000  0.0000 11.9011
172  76  0.4431  0.8288  8.3138
180  76  0.0257 -0.1295  9.5278
188  76  0.0000  0.0000  0.0000
196  76  0.0000  0.0000  0.0000
204  76  0.0000  0.0000  0.0000
212  76  0.0000  0.0000  0.0000
220  76  0.0000  0.0000  0.0000
228  76  0.0000  0.0000  0.0000
236  76  0.0000  0.0000  0.0000
244  76  0.0000  0.0000  0.0000
252  76  0.0000  0.0000 11.1304
260  76  0.0000  0.0000 11.1304
268  76  0.5000  0.0000 11.1304
276  76 -0.5000  0.0000  8.8276
284  76  0.0000  0.0000 11.1304
292  76  0.1445 -0.0797  9.0256
  4  84  0.2907  1.6239  7.4662
 12  84 -0.5000 -0.1588 10.5785
 20  84  0.0000  0.0000  0.0000
 28  84  0.0000  0.0000  0.0000
 36  84  0.5000 -0.0509 13.1945
 44  84 -0.1963 -0.3243  6.4229
 52  84  0.0000  0.0000 19.4783
 60  84  0.0000  0.0000 11.9011
 68  84 -0.7920  0.3141  8.4131
 76  84 -0.0415 -0.0722  9.1176
 84  84 -0.1664 -0.0533  9.1048
 92  84  0.0000 -1.5000  7.3143
100  84  0.1162 -0.1181  9.0955
108  84  0.0000  0.0000  9.4208
116  84  0.1841  0.0418 12.3683
124  84  0.0000  0.0000 16.1088
132  84 -0.1290 -0.0106 12.7593
140  84  0.1136 -0.1909  8.9363
148  84  0.4043  0.4043  8.0000
156  84  0.0000  0.0000  0.0000
164  84  0.0000  0.0000  0.0000
172  84 -0.0391 -0.5000  9.3822
180  84  0.0000  0.0000  0.0000
188  84  0.0000  0.0000  0.0000
196  84  0.0000  0.0000  0.0000
204  84  0.0000  0.0000  0.0000
212  84  0.0000  0.0000  0.0000
220  84  0.5000  0.0000  8.4768
228  84  0.0000  0.0000  0.0000
236  84  0.0000  0.0000  0.0000
244  84  0.0000  0.0000  0.0000
252  84  0.0000  0.0000 11.1304
260  84  0.0000  0.0000 11.1304
268  84  0.0000  0.0000  0.0000
276  84  0.0000  0.0000 11.1304
284  84  0.0000  0.0000 11.1304
292  84  0.0000  0.0000  0.0000
  4  92  0.0383 -0.0202 19.3509
 12  92 -0.0192  0.1864 11.8154
 20  92 -0.0318  0.0253 10.8606
 28  92  0.2869  0.0431  7.2883
 36  92  0.0000  0.0000 11.4848
 44  92  0.0193  0.2436 10.3042
 52  92 -0.0116 -0.2865 14.6332
 60  92  0.1071 -0.0354 10.5562
 68  92  0.0000  0.0000  8.0000
 76  92  0.0000  2.0000 11.1304
 84  92  0.0000  0.0000 11.1304
 92  92  0.0000  0.0000  0.0000
100  92  0.0000  0.0000  0.0000
108  92 -0.5000 -0.1588 10.5785
116  92  0.0000  0.0000 12.8600
124  92  0.1841  0.0418 12.3683
132  92  0.0000  0.0000 11.9011
140  92  0.4043  0.4043  8.0000
148  92  0.0000  0.0000 11.1304
156  92  0.0000  0.0000 13.5576
164  92  0.0000  0.0000  0.0000
172  92  0.0000  0.0000  0.0000
180  92  0.0000  0.0000  0.0000
188  92  0.0000  0.0000  0.0000
196  92  0.0000  0.0000  0.0000
204  92  0.0000  0.0000  0.0000
212  92  0.0000  0.0000  0.0000
220  92  0.0000  0.0000  0.0000
228  92  0.0000  0.0000  0.0000
236  92  0.0000  0.0000  0.0000
244  92  0.0000  0.0000  0.0000
252  92  0.0000  0.0000  0.0000
260  92  0.0000  0.0000  0.0000
268  92  0.0000  0.0000 11.1304
276  92  0.0000  0.0000 11.1304
284  92  0.0000  0.0000 11.1304
292  92  0.0000  0.0000  0.0000
  4 100  0.0000 -0.5000  8.8276
 12 100  0.0000  0.0000 11.1304
 20 100  0.0000  2.5000  8.8276
 28 100  0.0000  0.0000  0.0000
 36 100  0.0000  0.0000  0.0000
 44 100 -0.4043 -0.4043  8.0000
 52 100 -0.2278  0.1162  9.2296
 60 100  0.0000  0.0000 12.0628
 68 100  0.0000  0.0000  8.0000
 76 100  0.0000  0.0000  0.0000
 84 100  0.0000  0.0000 11.1304
 92 100  0.0000  0.0000 16.1088
100 100  0.0000  0.0000  8.0842
108 100  0.4043  0.4043  8.0000
116 100  0.0000  0.0000  8.2581
124 100  0.0000  0.0000 16.7450
132 100  0.0000  0.0000 16.1088
140 100  0.0000  0.0000 16.1088
148 100  0.0000  0.0000 11.1304
156 100  0.0000  0.0000 16.1088
164 100  0.0000  0.0000  0.0000
172 100  0.0000  0.0000 11.1304
180 100  0.0000  0.0000 11.1304
188 100  0.0000  0.0000  0.0000
196 100  0.0000  0.0000  0.0000
204 100  0.0000  0.0000  0.0000
212 100  0.0000  0.0000  0.0000
220 100  0.0000  0.0000  0.0000
228 100  0.0000  0.0000  0.0000
236 100  0.0000  0.0000 11.1304
244 100  0.0000  0.0000  0.0000
252 100  0.0000  0.0000 16.1088
260 100  0.2780  0.1270 13.3759
268 100  0.0000  0.0000  0.0000
276 100  0.0000  0.0000 16.1088
284 100 -0.1848  0.0000 12.5039
292 100  0.0000  0.0000 11.1304
  4 108  0.0000  0.0000 16.1088
 12 108  0.1521 -0.1664 16.8251
 20 108 -0.0417 -0.1134  7.3143
 28 108  2.5000  0.0000  8.8276
 36 108  0.1010  0.2010  9.5387
 44 108  0.0000  0.0000 15.6775
 52 108  0.0000  0.0000 13.0803
 60 108  0.0000  0.0000  0.0000
 68 108  0.0000  0.0000  0.0000
 76 108  0.0000  0.0000 11.1304
 84 108  0.0000  0.0000 16.1088
 92 108 -1.3070 -0.0337 12.4709
100 108  0.0000  0.0000 11.1304
108 108  0.0000  0.0000 11.1304
116 108  1.0000 -0.0948  5.3585
124 108  0.0000  0.0000 15.0472
132 108  0.0000  2.5000  8.8276
140 108  0.0000  0.0000 16.1088
148 108  4.5000  4.5000  4.0635
156 108  0.0000  0.0000 12.0455
164 108  0.0000  0.0000  0.0000
172 108  0.0000  0.0000 11.1304
180 108  0.0000  0.0000  0.0000
188 108  0.0000  0.0000  0.0000
196 108  0.0000  0.0000  0.0000
204 108  0.0000  0.0000  0.0000
212 108  0.0000  0.0000 11.1304
220 108  0.0000  0.0000  0.0000
228 108  0.0000  0.0000 11.1304
236 108  0.0000  0.0000 11.1304
244 108  0.0000  0.0000  0.0000
252 108  0.0000  0.0000  0.0000
260 108  0.0000  0.0000 12.7696
268 108  0.0000  0.0000 12.0628
276 108  0.0000  0.0000  9.4208
284 108  0.0000  0.0000 16.6957
292 108  0.0000  0.0000  0.0000
  4 116  0.0000  0.0000 13.5576
 12 116  0.0327 -0.6458  9.4046
 20 116  2.8274 -0.3035  7.6077
 28 116  0.0000  0.0000 20.7059
 36 116  0.0000  0.0000 12.0628
 44 116  0.0000  0.0000 12.3458
 52 116  0.0000  0.0000  9.7047
 60 116  0.0000  0.0000  0.0000
 68 116  0.0000  0.0000  0.0000
 76 116  0.0000  0.0000 11.1304
 84 116 -0.2081  0.1864  9.6241
 92 116  0.0000  0.0000  0.0000
100 116  0.0000  0.0000 11.1304
108 116  0.0000  0.0000 16.1088
116 116 -0.0578 -0.1715  7.3953
124 116 -0.0307 -0.0824  9.0888
132 116  0.0328 -0.2156 15.3670
140 116  0.0000  0.0000 11.1304
148 116  0.0000  0.0000  0.0000
156 116  0.0000  0.5000  8.0688
164 116 -0.5000  0.0000 11.1304
172 116  0.0000  0.0000 11.1304
180 116  2.5000  0.0000  8.8276
188 116  0.0000  0.0000  0.0000
196 116 -0.5000  0.0000  8.8276
204 116  2.5000  0.0000  8.8276
212 116  0.0000  0.0000  0.0000
220 116  0.0000  0.0000 11.1304
228 116  0.0000  0.0000 11.1304
236 116  0.0000  0.0000  0.0000
244 116  0.0000  0.0000  0.0000
252 116  0.0000  0.0000  0.0000
260 116  0.0000  0.0000  0.0000
268 116  0.0000  0.0000 16.1088
276 116  0.0000  0.0000 11.1304
284 116  0.0000  0.0000  0.0000
292 116  0.0000  0.0000 11.1304
  4 124 -0.0369 -0.0789 16.5400
 12 124  0.0000  0.0000 13.7190
 20 124  0.1212 -0.0530 16.6957
 28 124  0.0000  0.0000 12.0067
 36 124  0.0000  0.0000  0.0000
 44 124  0.0000  0.0000  0.0000
 52 124  0.0000  0.0000 11.1304
 60 124  0.0000  0.0000  0.0000
 68 124  0.0000  0.0000  0.0000
 76 124  0.0000  0.0000 14.5615
 84 124  0.0000  0.0000 11.1304
 92 124  0.0000  0.0000  0.0000
100 124  5.1203 -0.5000  5.4468
108 124  0.0640  1.3812 11.7824
116 124  0.0000  0.0000 16.7450
124 124  0.4043  0.4043  8.0000
132 124  0.0000  0.0000  0.0000
140 124  0.0000  0.0000 11.1304
148 124  0.0000  0.0000 11.1304
156 124  2.5000  0.0000  8.8276
164 124  4.5000  4.5000  4.0635
172 124  0.0000  0.0000  0.0000
180 124  0.0000 -0.5000  8.8276
188 124  0.0000  1.5000  5.4468
196 124  0.0000  0.0000  0.0000
204 124  0.0000  0.0000 11.1304
212 124  0.2163  1.7528 13.1959
220 124  4.5000 -0.5000  4.0635
228 124  0.0000  0.0000 16.1088
236 124  0.0000  0.0000 15.5009
244 124  0.0000  0.0000 16.1088
252 124  0.0000  0.0000  0.0000
260 124  0.0000  0.0000 11.1304
268 124  0.0000  0.0000 16.1088
276 124  0.0000  0.0000  0.0000
284 124  0.0000  0.0000  0.0000
292 124  0.0000  0.0000 16.1088
  4 132  0.0000  0.0000 16.1088
 12 132  0.0000  0.0000 11.1304
 20 132  0.0000  0.0000  0.0000
 28 132  0.0000  0.0000 13.0803
 36 132  0.4043 -0.4043  8.0000
 44 132  0.0000  0.0000  0.0000
 52 132  0.0000  0.0000 11.1304
 60 132  0.0000  0.0000  0.0000
 68 132  0.0000  0.0000 16.1088
 76 132 -0.1138  0.0000  7.2997
 84 132  0.0000  0.0000  0.0000
 92 132  0.0000  2.5000  8.9154
100 132  0.0000  0.0000 12.0455
108 132  0.0000  0.0000  0.0000
116 132 -0.0869  0.0000 13.6426
124 132  0.0000  0.0000 17.0667
132 132  0.0000  0.0000  0.0000
140 132  0.0000  0.0000  0.0000
148 132  0.0000  0.0000  0.0000
156 132 -0.5000  4.5000  4.0635
164 132  1.5000 -1.8890  8.4253
172 132  0.0000  0.0000  0.0000
180 132  0.0000 -0.1063  6.9728
188 132  0.1151 -0.1151 16.5161
196 132  0.0000  0.0000  0.0000
204 132  0.0000  0.0000  8.2581
212 132  0.0000  0.0000  6.1440
220 132  0.0000  2.5000  8.8276
228 132 -0.5000 -1.8890  8.4253
236 132  0.0000  0.0000 11.1304
244 132  0.0000  0.0000 16.1088
252 132  0.0000  0.0000 11.1304
260 132  0.0000  0.0000 16.1088
268 132  0.0000  0.0000 11.1304
276 132  0.0000  0.0000  0.0000
284 132  0.0000  0.0000 11.1304
292 132  0.0000  0.0000 16.1088
  4 140  0.0000  0.0000 11.1304
 12 140  0.0000  0.0000  0.0000
 20 140  0.0000  0.0000 16.1088
 28 140  0.0000  0.0000 12.0455
 36 140  0.0000  0.0000 11.1304
 44 140  0.0000  0.0000  0.0000
 52 140  0.0000  0.0000  0.0000
 60 140  0.0000  0.0000 16.1088
 68 140  0.0832  0.3131  9.8462
 76 140 -0.5000  4.5000  4.0635
 84 140  0.0000  0.0000 11.1304
 92 140  0.0000  0.0000 11.1304
100 140  0.0000  0.0000 11.1304
108 140  0.0000  0.0000 11.1304
116 140 -0.2069 -0.0482  9.8733
124 140  1.5000  0.0000  8.2581
132 140 -0.5000 -0.5000  4.0635
140 140  0.0000  0.0000 11.1304
148 140  0.0000  0.0000  0.0000
156 140  0.0000  0.0000 17.0667
164 140  0.0000  0.0000 17.2183
172 140  0.0000  0.0000 11.1304
180 140  0.0000  0.0000 11.1304
188 140  0.0000  0.0000 16.1088
196 140  0.0000  0.0859 13.4737
204 140  0.0000  0.0000 12.0628
212 140 -0.5000  0.0000 11.1304
220 140 -0.5000 -0.5000  4.0635
228 140 -0.5000  0.0000  8.8276
236 140  0.0000  0.0000 11.1304
244 140  0.0000  0.0000  0.0000
252 140  0.0000  0.0000 19.4783
260 140  0.0000  0.0000 20.7059
268 140  0.0000  0.0000  8.2581
276 140  0.0000  0.0000  0.0000
284 140  0.0000  0.0000  0.0000
292 140 -1.3070  0.0337 12.4709
  4 148  0.0000  0.0000 16.1088
 12 148  0.0000  0.0000  0.0000
 20 148 -0.1960  0.0000 11.1304
 28 148  0.1848  0.0000 12.5039
 36 148  0.0000  0.0000 11.1304
 44 148  0.0000  0.0000 16.1088
 52 148  0.0000  0.0000  0.0000
 60 148  0.0000  0.0000  0.0000
 68 148  0.2069 -0.0482  9.8733
 76 148  0.0000  0.0000  0.0000
 84 148  0.0000  2.5000  8.8276
 92 148  0.0000  0.0000 16.1088
100 148  0.0000  0.0000  0.0000
108 148  0.0000  0.0000  0.0000
116 148  0.0000  0.0000  0.0000
124 148 -0.5000  0.1462  9.1963
132 148  1.5000  0.0000  8.2581
140 148  0.0000  0.0000  0.0000
148 148  0.0000  0.0000 11.1304
156 148  0.0000  0.0000 10.9491
164 148  0.0000  0.0000 11.1304
172 148  0.0000  0.0000  0.0000
180 148  0.0000  0.0000  0.0000
188 148  0.1138  0.0000  7.2997
196 148  0.0000  0.0000 11.1304
204 148  0.0000  0.0000  0.0000
212 148  0.0000  0.0000 11.1304
220 148  0.0000  0.0000 11.1304
228 148  0.0000  0.0000 11.1304
236 148  0.0000  0.0000 11.1304
244 148  0.0000  0.0000 11.1304
252 148  0.0000  0.0000  0.0000
260 148  0.0000  0.0000  0.0000
268 148  0.0000  0.0000  0.0000
276 148  0.0000  0.0000  0.0000
284 148  0.0000  0.0000  0.0000
292 148  0.0000  0.0000  0.0000
  4 156  0.0000  0.0000  0.0000
 12 156  0.0000  0.0000  0.0000
 20 156  0.0000  0.0000 11.1304
 28 156  0.0000  0.0000 11.1304
 36 156  0.0000  0.0000  0.0000
 44 156  0.0000  2.5000  8.8276
 52 156  0.0000  0.0000 11.1304
 60 156  0.0000  0.0000  0.0000
 68 156 -0.1760  0.0000 15.0588
 76 156  0.0000  0.0000  0.0000
 84 156  0.0000  0.0000 11.1304
 92 156  0.0000  0.0000 16.1088
100 156  0.0000  0.0000 11.1304
108 156  0.0000  0.0000  0.0000
116 156  0.0000  0.0000 19.1045
124 156  0.0000  0.0000 19.4783
132 156  0.5000  0.0000  8.8276
140 156  0.0000  0.0000  0.0000
148 156  0.0000  0.0000  0.0000
156 156  0.0000  0.0000  9.2850
164 156  0.0000  0.0000 11.1304
172 156  0.0000  0.0000  0.0000
180 156  0.0000 -0.5000  8.8276
188 156  0.0000  0.0000 22.2609
196 156  0.0000  0.0000 16.9590
204 156  0.0000  0.0000 11.1304
212 156  0.0000  0.0000 11.1304
220 156  0.0000  0.0000  0.0000
228 156  0.0000  0.0000  0.0000
236 156  0.0000  0.0000  0.0000
244 156  0.0000  0.0000  0.0000
252 156  0.0000  0.0000 11.1304
260 156  0.0000  0.0000 11.1304
268 156  0.0000  0.0000 11.1304
276 156  0.0000  0.0000  0.0000
284 156  0.0000  0.0000  0.0000
292 156  4.5000  4.5000  4.0635
  4 164  0.0000  0.0000  0.0000
 12 164  0.0000  0.0000  0.0000
 20 164  0.0000  0.0000 11.1304
 28 164  0.1960  0.0000 11.1304
 36 164  0.0000  2.5000  8.9154
 44 164  0.0000  0.0000 16.1088
 52 164  0.0000  0.0000 11.1304
 60 164  0.5000  0.0000 11.1304
 68 164 -0.0698  0.2911 10.5124
 76 164  0.0000  0.0000  0.0000
 84 164  0.0000  0.0000  0.0000
 92 164  0.0000  0.0000 11.1304
100 164  0.0000  0.0000 19.1045
108 164  0.1760  0.0000 15.0588
116 164  0.6306  0.1105 11.2757
124 164  0.0000  0.0000 21.6135
132 164  0.5000 -0.1329  7.0932
140 164  0.0000  0.0000  0.0000
148 164  0.0000  0.0000 11.1304
156 164  0.5000  0.3889  6.6693
164 164     NaN  0.0000 17.0667
172 164  0.0000  0.0000  0.0000
180 164  0.0000  0.0000 11.1304
188 164  0.0000  0.0000 11.1304
196 164  0.0000  0.0000 19.1045
204 164  0.0000  0.0000  0.0000
212 164  0.0000  0.0000 11.1304
220 164  0.0000  0.0000 11.1304
228 164  0.0000  0.0000 11.1304
236 164  0.0000  0.0000  0.0000
244 164  0.0000  0.0000  0.0000
252 164  0.0000  0.0000  0.0000
260 164  0.0000  0.0000  0.0000
268 164  0.0000  0.0000  0.0000
276 164  0.0000  0.0000  0.0000
284 164  0.0000  0.0000  0.0000
292 164  0.0000  0.0000 11.1304
  4 172  0.0000  0.0000  0.0000
 12 172  0.0000  0.0000  0.0000
 20 172  0.0000  0.0000 11.1304
 28 172  0.1960  0.0000 11.1304
 36 172  0.0000  2.5000  8.8276
 44 172  0.0000  0.0000 11.1304
 52 172  0.0000  0.0000 11.1304
 60 172  0.0000  0.0000 21.6135
 68 172  0.0000  0.0000 16.1088
 76 172  0.0000  0.0000 11.1304
 84 172  0.0000  0.0000  0.0000
 92 172  0.0000  0.0000 11.1304
100 172     NaN  0.0000 17.0667
108 172 -0.0391     NaN  9.3822
116 172 -0.0378  0.0868 15.2803
124 172  0.0000  0.0000 19.1045
132 172  0.0000  0.0000  0.0000
140 172  0.0000  0.0000 11.1304
148 172  0.0000  0.0000  0.0000
156 172  1.5000  0.0000  8.2581
164 172  0.0000  2.5000  8.8276
172 172  0.0000  0.0000  0.0000
180 172  0.0000  0.0000 11.1304
188 172 -0.1960  0.0000 11.1304
196 172  0.0000  0.0000 19.1045
204 172  0.0000  0.0000  0.0000
212 172  0.0000  0.0000  0.0000
220 172  2.5000  0.0000  8.8276
228 172  0.0000  0.0000  0.0000
236 172  0.0000  0.0000 11.1304
244 172  0.0000  0.0000 11.1304
252 172  0.0000  0.0000  0.0000
260 172  0.0000  0.0000  0.0000
268 172  0.0000  0.0000  0.0000
276 172  0.0000  0.0000  0.0000
284 172  0.0000  0.0000  0.0000
292 172  0.0000  0.0000 11.1304
  4 180  0.0000  0.0000  0.0000
 12 180  0.0000  0.0000  0.0000
 20 180  0.0000  0.0000 16.1088
 28 180  0.0000 -0.5000  8.8276
 36 180  0.0000  0.0000 11.1304
 44 180  0.0000  0.0000  0.0000
 52 180  0.0000  0.0000  0.0000
 60 180  0.0000  2.5000  8.8276
 68 180  0.0000  0.0000 20.7059
 76 180  0.1151  0.1151 16.5161
 84 180  0.0000  0.0000 11.1304
 92 180  0.0000  0.0000 12.0455
100 180  0.0000  0.0000  7.3911
108 180  0.0000  0.0000  7.3911
116 180  0.0000  0.0000  0.0000
124 180  0.0000  0.0000 13.0803
132 180  0.0000  0.0000 11.1304
140 180 -1.3070 -0.0337 12.4709
148 180  0.0000  0.0000  0.0000
156 180  0.0000  0.0000 16.1088
164 180 -0.0832 -0.3131  9.8462
172 180  0.0000  0.0000  0.0000
180 180  0.0000  0.0000  0.0000
188 180  0.0000  0.0000 12.0628
196 180  0.0000  0.0000  0.0000
204 180  0.0000  0.0000  0.0000
212 180  0.0000  0.0000  0.0000
220 180  0.0000  0.0000 11.1304
228 180  0.0000  0.0000 11.1304
236 180  0.0000  0.0000 11.1304
244 180  0.0000  0.0000  0.0000
252 180  0.0000  0.0000  0.0000
260 180  0.0000  0.0000  0.0000
268 180  0.0000  0.0000  0.0000
276 180  0.0000  0.0000 11.1304
284 180  0.0000  0.0000  0.0000
292 180  0.0000 -0.5000  8.8276
  4 188  2.5000  0.0000  8.8276
 12 188  0.0000  0.0000 16.1088
 20 188  0.0000  0.0000  0.0000
 28 188  0.0000  0.0000 11.1304
 36 188  0.0000  0.0000 11.1304
 44 188  0.0000  0.0000  0.0000
 52 188  0.0000  0.0000 11.1304
 60 188  0.0000  0.0000  0.0000
 68 188  0.0000  0.0000 16.1088
 76 188  0.0000  0.0000  0.0000
 84 188  0.1960  0.0000 11.1304
 92 188  0.1878  0.0251  8.4562
100 188  0.0000  0.0000  7.3211
108 188  0.0010  0.0305  8.8150
116 188  0.0000  0.0000  6.1414
124 188  0.0000  0.0000  0.0000
132 188  0.0000  0.0000 11.1304
140 188  0.0000  0.0000 13.0803
148 188  0.0000  0.0000 11.1304
156 188  2.5000  0.0000  8.8276
164 188  0.1562 -0.2821  7.0932
172 188  0.0000  0.0000  0.0000
180 188  0.0000  0.0000 11.1304
188 188  0.0000  0.0000 11.1304
196 188  0.0000  0.0000 11.1304
204 188  0.0000  0.0000  0.0000
212 188  0.0000  0.0000  0.0000
220 188  0.0000  0.0000  0.0000
228 188  0.0000  0.0000  0.0000
236 188  0.0000  0.0000 11.1304
244 188  0.0000  0.0000  0.0000
252 188  0.0000  0.0000  0.0000
260 188  0.0000  0.0000 11.1304
268 188  0.0000  0.0000  0.0000
276 188  0.0000  0.0000  0.0000
284 188  0.4337  0.0578  8.8276
292 188  0.0000  0.0000 20.7059
  4 196  0.0000  0.0000 11.1304
 12 196  0.0000  0.0000 16.1088
 20 196  0.0000  0.0000 17.2183
 28 196  0.0000  0.0000 11.1304
 36 196  0.0000  0.0000  0.0000
 44 196  0.0000  0.0000  0.0000
 52 196 -0.1960  0.0000 11.1304
 60 196  1.0756 -0.0431  7.0865
 68 196  0.0000  0.0000 11.1304
 76 196  2.5000  0.0000  8.8276
 84 196  0.0000  0.0000 11.1304
 92 196  0.0000 -0.5000  8.8276
100 196 -0.5000  0.0000  8.8276
108 196 -0.1057  0.0000 11.6507
116 196  1.3654  0.9212  8.4826
124 196  0.0182  0.0134  9.7149
132 196  0.0000  0.0855 10.6035
140 196  0.0000  0.0000 11.4743
148 196  0.0000  0.0000  0.0000
156 196  0.0000  0.0000  0.0000
164 196 -0.1760  0.0000 15.0588
172 196  0.5000  0.0000 11.1304
180 196  0.0000  0.0000  0.0000
188 196  0.0418  0.1521 12.6567
196 196  0.0000 -0.5000  8.8276
204 196  0.0000  0.0000  0.0000
212 196  0.0000  0.0000 11.1304
220 196  0.0000  0.0000  0.0000
228 196  0.0000  0.0000  0.0000
236 196  0.0000  0.0000  0.0000
244 196  0.0000  0.0000  0.0000
252 196  0.0000  0.0000  0.0000
260 196  0.0000  0.0000  0.0000
268 196  0.0000  0.0000  0.0000
276 196  0.0000  0.0000 16.1088
284 196  0.0000  0.0000  0.0000
292 196  0.0000  0.0000 11.1304
  4 204  0.0000  0.0000  0.0000
 12 204  0.0000  0.0000  0.0000
 20 204  0.0083 -0.0418 11.2576
 28 204  0.0000  0.0000  0.0000
 36 204  0.0000  0.0000  0.0000
 44 204  0.0000  0.0000 16.1088
 52 204  0.0000  0.0000 17.0667
 60 204  0.0000  0.0000 12.0628
 68 204  0.0000  0.0000  0.0000
 76 204  0.0000  0.0000  0.0000
 84 204  0.0000  0.0000  0.0000
 92 204  0.0000  0.0000  0.0000
100 204  0.0000  0.0000  0.0000
108 204  0.0000  0.0000  0.0000
116 204 -0.1008  0.0843 14.9901
124 204  0.0000  0.0000  0.0000
132 204  0.0000  0.0000  0.0000
140 204  0.0000  0.0000  0.0000
148 204  0.0000  0.0000  0.0000
156 204  0.0000  0.0000  0.0000
164 204  0.0000  0.0000 12.0628
172 204  0.0000  0.0000 11.1304
180 204  0.0000  0.0000  0.0000
188 204  0.0000  0.0000  0.0000
196 204  0.1180  2.5000  9.2850
204 204  0.0000  0.0000  0.0000
212 204  0.0000  0.0000  0.0000
220 204  0.0000  0.0000  0.0000
228 204  0.0000  0.0000  0.0000
236 204  0.0000  0.0000  0.0000
244 204  0.0000  0.0000  0.0000
252 204  0.0000  0.0000  0.0000
260 204  0.0000  0.0000 16.1088
268 204  0.0000  0.0000 11.1304
276 204  0.0000  0.0000 16.1088
284 204  0.0000  0.0000  0.0000
292 204  0.0000  0.0000 11.1304
  4 212  0.0000  0.0000  0.0000
 12 212  0.0000  0.0000 14.5615
 20 212  0.0000  2.5000  8.8276
 28 212  0.0000  0.0000  0.0000
 36 212  0.1960 -0.5000 11.1304
 44 212  0.0000  0.0000  0.0000
 52 212  0.0000  0.0000 11.9011
 60 212  0.0000  0.0000 16.1088
 68 212  0.0000  0.0000  0.0000
 76 212  0.0000  0.0000  0.0000
 84 212  0.0000  0.0000  0.0000
 92 212  0.0000  0.0000  0.0000
100 212  0.0000  0.0000  0.0000
108 212  0.0000  0.0000  0.0000
116 212 -0.1760  0.0000 15.0588
124 212 -0.5000  0.0000  8.2581
132 212  0.0000  0.0000  0.0000
140 212  0.0000  0.0000  0.0000
148 212  0.0000  0.0000  0.0000
156 212  0.0000  0.0000  0.0000
164 212  0.0000  0.0000 12.0628
172 212  0.0000  0.0000  0.0000
180 212  0.0000  0.0000  0.0000
188 212  0.0000  0.0000  0.0000
196 212  0.0000  0.0000 16.1088
204 212  0.0000  0.0000 11.1304
212 212  0.0000  0.0000 11.1304
220 212  0.0000  0.0000 11.1304
228 212  0.0000  0.0000 11.1304
236 212  0.0000  0.0000  0.0000
244 212  0.0000  0.0000 11.1304
252 212  0.0000  0.0000  0.0000
260 212  0.0000  0.0000 16.1088
268 212  0.0000  0.0000  0.0000
276 212  0.0000  0.0000  0.0000
284 212  0.0000  0.0000  0.0000
292 212  0.0000  0.0000  0.0000
  4 220  0.0000  0.0000 11.1304
 12 220  0.0000  0.0000 16.1088
 20 220 -0.5000  0.0000  8.8276
 28 220  0.0000  0.0000  0.0000
 36 220  0.0000  0.0000  0.0000
 44 220  0.0000  0.0000  0.0000
 52 220  0.0000  0.0000  0.0000
 60 220  0.0000 -0.5000  8.8276
 68 220  0.0000  0.0000  0.0000
 76 220  2.5000  0.0000  8.8276
 84 220  0.0000  0.0000 11.1304
 92 220  0.0000  0.0000  0.0000
100 220  0.0000  0.0000  0.0000
108 220  0.0000  0.0000  0.0000
116 220  0.1068  0.3135 15.1963
124 220  0.1981  0.1675 15.4662
132 220  0.0000  0.0000  0.0000
140 220  0.0000  0.0000  0.0000
148 220  0.0000  0.0000  0.0000
156 220  0.0000  0.0000  0.0000
164 220  0.0698  0.2911 10.5124
172 220  0.0000  0.0000  0.0000
180 220  0.0000  0.0000  0.0000
188 220  0.0000  0.0000  0.0000
196 220  0.0000  2.5000  8.8276
204 220  0.3308 -0.1127 11.8471
212 220  0.0000  0.0000 13.1641
220 220  0.0000  0.0000  0.0000
228 220  0.0000  0.0000  0.0000
236 220  0.0000  0.0000  0.0000
244 220  0.0000  0.0000  0.0000
252 220  0.0000  0.0000  0.0000
260 220  0.0000  0.0000 16.1088
268 220  0.0000  0.0000 11.1304
276 220  0.0000  0.0000  0.0000
284 220  0.0000  0.0000 11.1304
292 220  0.0000  0.0000  0.0000
