VARIABLES= "X pix", "Y pix", "U pix/dt", "V pix/dt", "CHC", ZONE I=28, J=37
  4   4 -0.0463 -0.0168 10.8378
 12   4 -0.0972  0.0000 10.9708
 20   4 -0.0030  0.0149 11.5765
 28   4 -0.0786  0.0000 11.7274
 36   4 -0.1376  0.0000 10.9708
 44   4 -0.0831  0.0000 11.0456
 52   4 -0.0416  0.0000 10.9708
 60   4 -0.0654  0.0000 11.0456
 68   4 -0.0877  0.0000 11.9577
 76   4  0.0000 -0.0027 10.9771
 84   4  0.0385 -0.0235 11.1504
 92   4  0.0020  0.0279 11.5241
100   4 -0.0010 -0.0384 12.2128
108   4 -0.1480  0.0000 11.7754
116   4 -0.1180  0.0000 11.0456
124   4 -0.0202  0.0000 11.0456
132   4 -0.0148  0.0000 11.0456
140   4 -0.0397  0.0000 11.0456
148   4 -0.0106  0.0000 11.7754
156   4  0.0000  0.0166 11.5214
164   4 -0.0437 -0.0056 11.9113
172   4  0.0330 -0.0162 11.7276
180   4 -0.0658  0.0000 11.7754
188   4 -0.0828  0.0000 11.7754
196   4 -0.0405  0.0140 11.7653
204   4 -0.0483  0.0634 11.7796
212   4  0.0040 -0.0193 11.9925
220   4 -0.0105  0.0403 11.6380
228   4  0.0083 -0.0503 10.1580
236   4  0.0175 -0.1368  9.5102
244   4  0.0074 -0.1252  9.7352
252   4 -0.0447  0.0000 10.7394
260   4 -0.0817  0.0594 11.3577
268   4  0.0071 -0.0956 12.3275
276   4  0.0488  0.0000 12.2384
284   4  0.0000 -0.1314 11.8045
292   4 -0.0162 -0.1169 12.4758
  4  12  0.2717 -0.1849 10.3208
 12  12  0.0497  0.1205 14.5008
 20  12 -0.2181  0.0639 11.2490
 28  12 -0.0838  0.1047 11.9626
 36  12 -0.1946  0.0396 15.2404
 44  12 -0.1057  0.0000 12.0628
 52  12  0.0000 -0.0791 22.5280
 60  12  0.0076  0.0000 13.5228
 68  12 -0.0275 -0.0075 17.9056
 76  12  0.0122 -0.0044 12.2281
 84  12 -0.0909  0.0026  9.1162
 92  12  0.0000  0.0901  7.4582
100  12  0.1801  0.0531  7.5981
108  12 -0.0629  0.1653  9.8021
116  12 -0.0861  0.0000  9.8073
124  12 -0.0426  0.0000 11.4382
132  12  0.0000  0.0738 10.4137
140  12  0.1543 -0.0095  9.8634
148  12  0.0477  0.0000  9.9740
156  12  0.0000  0.0160 10.4490
164  12  0.6120 -0.0594 13.1435
172  12  0.2007  0.0257  9.0441
180  12  0.0641  0.0049 10.3034
188  12  0.0715  0.0312 10.0367
196  12  0.0704  0.1747  9.5867
204  12  0.1103  0.1223  9.6889
212  12 -0.0089  0.0534 12.8713
220  12  0.0191  0.2045 16.1515
228  12  0.0000 -0.0097 12.3871
236  12 -0.3138 -0.6882  9.5462
244  12 -0.2362  0.0000 10.2314
252  12 -0.2799 -1.5869  7.1337
260  12 -0.0108  0.1128 10.9110
268  12 -0.0594  0.0000  8.6923
276  12 -0.1037  0.0042  8.5109
284  12  0.0504  0.1678  7.0364
292  12  0.0666  0.0000  8.3161
  4  20  0.1414  0.0183 14.5473
 12  20 -0.0093  0.0000 11.4321
 20  20  0.0000  0.1356 10.7778
 28  20  0.0000 -0.0742 10.4618
 36  20  0.0000 -0.0376 10.2841
 44  20 -0.0690  0.1333  9.8217
 52  20 -0.0323 -0.0439 11.5136
 60  20 -0.0491  0.0000 16.0455
 68  20 -0.0052 -0.0537 14.5248
 76  20 -0.0569  0.0374 12.7475
 84  20  0.0000 -0.0534 13.9770
 92  20  0.0709 -0.0309 11.3768
100  20  0.1987  0.0976 11.6509
108  20  0.0246  0.0148 12.3376
116  20  0.0194 -0.0564 12.7795
124  20  0.0222  0.0224 13.0470
132  20 -0.0305  0.0064 12.5443
140  20 -0.0013 -0.0110 12.0071
148  20 -0.0357  0.0031 12.5011
156  20  0.0250  0.0126 12.3460
164  20  0.1652 -0.0354 11.7234
172  20  0.2559  0.0509 18.1762
180  20  0.0143  0.0435 13.3671
188  20  0.0041 -0.0108 15.8566
196  20 -0.0217  0.0417 17.7834
204  20  0.0012  0.0041 18.8827
212  20  0.2070  0.0375 21.2994
220  20 -0.0302 -0.0300 20.7713
228  20 -0.3063  0.0654  9.4378
236  20 -0.1141  0.0358 12.0628
244  20  0.0904 -0.0270 12.0723
252  20  0.0907 -0.0216 11.9070
260  20  0.0447 -0.1019 10.8330
268  20 -0.1009 -0.0664 14.4668
276  20 -0.0239  0.0565 13.6231
284  20  0.0169  0.0182 15.3091
292  20  0.4185  0.0537 13.2541
  4  28  0.0840  0.0833 11.3857
 12  28  0.0476  0.0793 10.6819
 20  28  0.0095  0.0138 11.4255
 28  28 -0.0033  0.0165 10.8378
 36  28 -0.0022  0.0145 11.2686
 44  28  0.0017  0.0024 10.6497
 52  28  0.0090 -0.0003 10.3429
 60  28  0.0113  0.0000 10.2954
 68  28  0.0013  0.0298 10.5641
 76  28  0.0061 -0.0046 10.8978
 84  28 -0.0032  0.0015  9.8886
 92  28  0.0155  0.0039  9.6560
100  28 -0.0047 -0.0085 11.4657
108  28  0.0873  0.0312 14.7311
116  28  0.0290 -0.0002  9.2985
124  28 -0.0220  0.0216  9.7537
132  28  0.0134  0.0203  8.9994
140  28  0.0074  0.0025  9.6545
148  28  0.0534  0.0039  9.5205
156  28  0.1292 -0.0249 17.0883
164  28  0.0164  0.1201 16.3561
172  28  0.1792  0.1278 16.7967
180  28  0.1023 -0.0801 13.2638
188  28  0.0995 -0.0209 12.4634
196  28 -0.0069 -0.0023  9.1902
204  28 -0.0009  0.0030  9.5947
212  28 -0.0214  0.0015 10.5600
220  28  0.0142 -0.0018 10.2432
228  28  0.0192 -0.0102  9.7804
236  28 -0.0158  0.0080  9.3459
244  28  0.0013 -0.0010  9.8713
252  28  0.0576  0.0016 11.7600
260  28  0.0635  0.0165 16.5002
268  28  0.2208 -0.0034 14.7671
276  28 -0.0290  0.0682 31.1300
284  28  0.0645  0.0421 14.5317
292  28  0.0264  0.0083 11.9320
  4  36 -0.0045  0.0084  7.6658
 12  36 -0.0043  0.0216  8.2511
 20  36 -0.0135  0.0187  7.1153
 28  36 -0.0362  0.0026  7.2204
 36  36  0.1364  0.0666  6.3116
 44  36  0.0648  0.0000  6.5849
 52  36  0.0000  0.1597  5.5324
 60  36  0.0079  0.0000 11.6152
 68  36  0.0067 -0.0500  8.7837
 76  36  0.0090 -0.0090 10.3705
 84  36  0.0000  0.0413 13.8915
 92  36 -0.0170  0.1106 10.7697
100  36 -0.0133  0.1082  8.8262
108  36 -0.1482  0.0960  7.6856
116  36 -0.2394 -0.0140  7.4670
124  36 -0.0386 -0.0975  6.4475
132  36 -0.5000  0.0000  8.8276
140  36 -0.2020  0.0000 13.7544
148  36  0.0268  0.0940  5.5994
156  36  0.2436  0.2104 12.8920
164  36  0.2861  0.0265 13.7129
172  36  0.0709  0.0435 13.0744
180  36  0.1630  0.0129 13.5484
188  36  0.1454 -0.0026  8.2068
196  36  0.0000  0.1669 12.6856
204  36 -0.0770  0.0000 15.9971
212  36 -0.0265  0.0479 12.7185
220  36 -0.0218  0.0000 14.6166
228  36  0.0000 -0.1876  8.6893
236  36  0.0515  0.0083 11.0000
244  36 -0.0044  0.0000 10.1740
252  36  0.0270  0.0868  8.2065
260  36  0.0081 -0.1913  8.2514
268  36  0.0225  0.4012 10.1311
276  36 -0.0315 -0.1905  7.3278
284  36  0.0931 -0.1560  8.4624
292  36  0.3684  0.0876  8.0525
  4  44  0.0601  0.0000 13.3260
 12  44 -0.2076 -0.0667  9.6020
 20  44  0.1973  0.2189 12.2400
 28  44  0.0404  0.0000 15.4368
 36  44 -0.1255 -0.0262 14.8481
 44  44 -0.0929  0.0000 12.1086
 52  44 -0.0076 -0.1532  9.7497
 60  44  0.0000 -0.0514  8.6326
 68  44 -0.0169  0.0482  7.2854
 76  44 -0.0951 -0.1668  7.4383
 84  44  0.0509  0.0000 11.3350
 92  44  0.0618  0.0000 11.1304
100  44 -0.1960  0.0000 11.1304
108  44 -0.0456  0.0000 11.1304
116  44 -0.0138  0.0000 16.1088
124  44 -0.0391 -0.5000  9.3822
132  44 -0.1142  0.1142 10.6035
140  44 -0.0634  0.0000  0.0000
148  44 -0.0148  0.0270  5.3783
156  44  0.2433  0.0713 15.6349
164  44  0.3040  0.1360 11.5977
172  44 -0.0320  0.0474 14.1071
180  44  0.0647  0.0516 14.5680
188  44  0.1126 -0.0333  7.7571
196  44  0.1477  0.0000  8.6486
204  44 -0.0349  0.0853  6.6181
212  44  0.0261  0.0398  7.4505
220  44 -0.1148  0.1354  9.6034
228  44 -0.0040 -0.0091 10.5323
236  44 -0.0149  0.0100 12.3083
244  44  0.0798  0.0000 12.8227
252  44  0.0184  0.0000 18.1639
260  44  0.0106 -0.2269 11.3584
268  44  0.0192  0.1864 11.8154
276  44 -0.0272  0.0238 11.1899
284  44 -0.1044  0.0000 11.0903
292  44 -0.1101  0.1226 14.1362
  4  52 -0.1865  0.1319  8.1788
 12  52 -0.1023  0.0000  8.7453
 20  52 -0.0106 -0.1331  7.1772
 28  52  0.0000 -0.0157 12.7012
 36  52 -0.0452  0.0000  0.0000
 44  52 -0.2234  0.0000  0.0000
 52  52 -0.5000 -0.1469  9.0964
 60  52 -0.3161  0.0000  0.0000
 68  52 -0.1071  0.0000  0.0000
 76  52 -0.1383  0.0000 16.1088
 84  52 -0.1308  0.0000 13.0803
 92  52 -0.0547  0.0000  0.0000
100  52 -0.3274  0.0000 12.0628
108  52 -0.7217  0.0000 11.1304
116  52 -1.3070  0.0337 12.4709
124  52 -0.1960  2.5000 11.1304
132  52 -0.5000  0.0000  8.2581
140  52  3.9237 -4.8292  7.8943
148  52  0.0497  0.1013  6.7179
156  52  0.0270  0.3751 15.9661
164  52  0.1765  0.3062 12.3631
172  52  0.0442  0.1731 10.7120
180  52  0.0783  0.1841 30.5750
188  52  0.0645  0.0046  7.1591
196  52 -0.2005  0.0000 16.1088
204  52 -0.3769  0.0000 13.0803
212  52 -0.1382  0.0272 13.5484
220  52  0.0921  0.0247 12.2807
228  52  0.0767  0.0620 12.7231
236  52 -0.0139  0.0000 15.4368
244  52 -0.1240 -0.0127 10.5785
252  52  0.1845 -0.0201 14.5077
260  52  0.1102  0.0000 13.8188
268  52 -0.0145 -0.3437  7.7576
276  52  0.0000  0.1287 13.4798
284  52 -0.1813  0.0444 13.1582
292  52  0.0054  0.1446 10.6102
  4  60 -0.2418  0.0000 11.1304
 12  60 -0.5000  0.0000  8.8276
 20  60 -0.2223  0.0000  0.0000
 28  60 -0.2873  0.0000  0.0000
 36  60 -0.5135  0.0000  0.0000
 44  60 -0.7838  0.0000  0.0000
 52  60 -0.2156  0.0000  0.0000
 60  60  0.1157  0.0000  0.0000
 68  60  1.8609  0.0000  0.0000
 76  60  0.0824  0.0000 11.1304
 84  60  0.0000  2.5000  8.8276
 92  60 -2.8288 -0.0521 10.1243
100  60  0.1990  0.1141 17.3949
108  60  0.9525  0.0000  0.0000
116  60  1.5000 -0.2567  7.6281
124  60  0.0000  0.5000 11.1304
132  60 -0.3248  0.0515  8.8276
140  60  1.1697  0.2733  6.1029
148  60 -0.0378  0.0258  5.6383
156  60  0.0112  0.0087  5.7447
164  60  0.0031 -0.0017  5.8175
172  60  0.0208 -0.0267  5.7532
180  60 -0.0505  0.0176  5.8807
188  60  0.0611  0.1260  5.4346
196  60  0.0000  0.5000  7.8528
204  60 -0.2117  0.0000 11.1304
212  60 -0.2663  0.0000  0.0000
220  60 -0.1960 -0.5000 11.1304
228  60 -0.1687  0.0000 11.1304
236  60 -0.1960  0.0000  0.0000
244  60  0.0415  0.2503  7.1197
252  60 -0.0409  0.0000  8.5951
260  60 -0.0265  0.0479 12.7185
268  60 -0.1668  0.0000 10.9824
276  60  0.0104 -0.0457 13.9705
284  60 -0.0425  0.0000  9.2086
292  60 -0.0337  0.2057 11.4524
  4  68 -1.5000  0.0000  8.2581
 12  68 -1.2551  0.0000  0.0000
 20  68 -2.0641  0.0000  0.0000
 28  68 -0.4825  0.0000  0.0000
 36  68  0.1980  0.0000  0.0000
 44  68  0.1637  0.0000 16.1088
 52  68 -0.5000  0.0000  8.8276
 60  68 -0.3058  0.0000  0.0000
 68  68  1.1764  0.0000  0.0000
 76  68  0.0590 -0.0830 13.4007
 84  68 -0.0065  0.1059 10.8358
 92  68  0.0392  0.0599 14.2292
100  68 -0.0500  0.0558 14.7390
108  68 -0.0687  0.0000 16.1088
116  68  0.0000 -0.5000  8.8276
124  68 -0.1464  0.0000  0.0000
132  68 -0.5000 -0.1180  9.2850
140  68 -0.2249  0.0000 11.1304
148  68  0.1502 -0.0294 11.7575
156  68  0.1024  0.0000  8.4768
164  68 -0.0229  0.0000 16.1088
172  68 -0.1155  0.0000 11.1304
180  68 -0.2483  0.1160  9.3535
188  68 -0.2276  0.0000 11.1304
196  68 -0.0201  0.0000  0.0000
204  68  0.0206  0.0000  0.0000
212  68 -0.1652  0.0000  0.0000
220  68 -0.3367  0.0000  0.0000
228  68 -0.8599  0.0000  0.0000
236  68 -0.7232  0.0000  0.0000
244  68 -0.9509  0.0000 16.1088
252  68 -0.3411  0.0000 11.1304
260  68 -0.0173  0.0000 16.1088
268  68 -0.1841 -0.0418 12.3683
276  68  0.0957  1.0819  7.7485
284  68 -0.0101  0.1231 13.6113
292  68  2.5000  0.0000  8.8276
  4  76  1.4169  0.0000 11.1304
 12  76  0.5866  0.0000  0.0000
 20  76  0.1177  0.0000  0.0000
 28  76 -0.3052  0.0000  0.0000
 36  76 -0.1131  0.0000 11.1304
 44  76  0.0467  0.0000 19.4783
 52  76  0.0595  0.0254  8.9320
 60  76 -0.1282  0.0000 11.1304
 68  76 -0.0110 -0.0044 14.6193
 76  76  0.2441  0.0000  8.3718
 84  76  0.2205  0.1041  8.9154
 92  76  0.0418  0.2230  8.5451
100  76 -0.2784  0.4253  7.3143
108  76 -0.5000  0.0448  8.9013
116  76 -0.5325  0.0000 12.0628
124  76  0.0378  0.0868 15.2803
132  76  0.0320  0.0000 11.1304
140  76 -0.2229  0.0000 11.1304
148  76 -0.0867 -0.1071  9.3967
156  76  0.0000  0.1469 10.3584
164  76  0.4070  0.0000 11.9011
172  76  0.0000 -0.0955 11.7002
180  76  0.3200  0.0000 16.1088
188  76  1.1088  0.0000  0.0000
196  76  3.5000 -0.1203  5.4468
204  76  2.1767  0.0000  0.0000
212  76  1.4712  0.0000  0.0000
220  76  2.4122  0.0000  0.0000
228  76  1.6045  0.0000  0.0000
236  76  0.7120  0.0000  0.0000
244  76  0.0000  2.5000  8.8276
252  76 -0.5548  0.0000 11.1304
260  76 -0.1735  0.0000 11.1304
268  76  0.0698  0.2911 10.5124
276  76  0.1759  0.0000  0.0000
284  76  0.2108  0.0000 16.1088
292  76  0.2907 -1.6239  7.4662
  4  84  0.2936 -1.5732  7.8909
 12  84  0.1791  0.0000 11.1304
 20  84  0.0883  0.0000  0.0000
 28  84 -0.0183  0.0000 21.1729
 36  84  0.0479 -0.1116 16.5397
 44  84 -0.1195  1.0576  7.0137
 52  84 -0.0557 -0.0193 15.2661
 60  84  0.0145 -0.3437  7.7576
 68  84 -0.4276 -0.0205  7.8706
 76  84 -0.0573 -0.1143 13.5178
 84  84 -0.3113 -0.0858  9.0203
 92  84  1.0000 -0.0566 10.8242
100  84 -0.2831  0.2444 10.3204
108  84  0.0000 -0.3385 11.1304
116  84 -0.5000 -0.0265 11.4627
124  84  1.5100  0.0000 16.1088
132  84  1.3470  0.0000 12.0628
140  84  1.0867  0.0000 16.1088
148  84  1.8584 -0.2562  8.7008
156  84  1.0043  0.0000  0.0000
164  84  0.4272  0.0000  0.0000
172  84 -0.4462  0.0000  0.0000
180  84 -0.5605  0.0000  0.0000
188  84 -0.1800  0.0000  0.0000
196  84 -0.0062  0.0000  0.0000
204  84  0.1538  0.0000  0.0000
212  84  0.3691  0.0000  0.0000
220  84  0.5000  0.0000  8.4768
228  84 -0.0677 -0.2414 11.7124
236  84 -0.0193  0.0000  0.0000
244  84  0.1943  0.0000  0.0000
252  84  0.6011  0.0000  0.0000
260  84  2.5942  0.0000  0.0000
268  84  5.0000  0.1876  8.5995
276  84  0.1841  0.0418 12.3683
284  84  0.1052  0.0000 16.1088
292  84  0.0000 -0.5000  8.8276
  4  92 -0.1094  0.0000 21.6135
 12  92 -0.3127 -0.1061  9.8739
 20  92 -0.0947  0.0272 14.6099
 28  92 -0.3928  0.0000 10.4611
 36  92 -0.1807  0.0000  0.0000
 44  92 -0.0993  0.3192  9.6129
 52  92  0.3076  0.0000 19.4783
 60  92 -0.0490  0.3897  8.6154
 68  92 -0.5000  0.0339  9.3626
 76  92  0.1669  0.0000  9.7047
 84  92  0.0000  2.5000  8.8276
 92  92  0.4981  0.0000  0.0000
100  92  0.0000  0.5000 11.1304
108  92  0.0000  0.1960 11.1304
116  92 -0.0308  0.1823 13.1845
124  92 -0.1600  0.0000  0.0000
132  92 -0.0994  0.0000 16.1088
140  92  0.1753  0.0000 11.9011
148  92  0.2555  0.0000 16.1088
156  92 -0.0436  0.0000 11.1304
164  92 -0.1181  0.0000  0.0000
172  92  0.0427  0.0000  0.0000
180  92 -0.5684  0.0000 11.1304
188  92  1.4838  0.0000  0.0000
196  92  3.5235  0.0000  0.0000
204  92  2.4002  0.0000  0.0000
212  92  1.9300  0.0000  0.0000
220  92  1.3429  0.0000 16.1088
228  92  0.3041  0.0000  9.4815
236  92  0.2645 -0.0585 13.3056
244  92 -0.1341  0.0000  0.0000
252  92 -0.3827  0.0000 11.1304
260  92 -0.2548  0.0000  0.0000
268  92 -0.1757  0.0000  0.0000
276  92 -0.1409  0.0000  0.0000
284  92 -0.1562 -0.2821  7.0932
292  92 -0.2398  0.0000  0.0000
  4 100  0.2950  0.0000 11.1304
 12 100  1.3981  0.0000 11.1304
 20 100  2.1606  0.0000 11.1304
 28 100  2.5000  0.1588 10.5785
 36 100  1.5000  0.0946  7.7970
 44 100  0.1886  0.0000  8.0000
 52 100 -0.4072  0.0000 20.7059
 60 100 -0.5318  0.0000  0.0000
 68 100 -0.1063  0.0000  6.9728
 76 100  0.0408  0.0000  0.0000
 84 100 -0.0220  0.0000  0.0000
 92 100 -0.1960 -0.5000 11.1304
100 100  0.2995  0.0803  9.6728
108 100 -2.4341  2.6573 11.8596
116 100 -0.3359  0.0000 12.0628
124 100  1.6229  0.0000  0.0000
132 100  3.8244  0.0000 16.1088
140 100  3.4819  0.0000 16.1088
148 100  2.5000  0.0000  8.8276
156 100  0.0000  2.5000  8.8276
164 100 -0.2236  0.0000  0.0000
172 100 -0.3962  0.0000 11.1304
180 100 -0.4827  0.0000  0.0000
188 100 -0.2126  0.0000  0.0000
196 100 -0.1457  0.0000  0.0000
204 100 -0.2354  0.0000  0.0000
212 100  0.2486  0.0000  0.0000
220 100  0.4923  0.0000  0.0000
228 100  0.5291  0.0000  0.0000
236 100  2.7933  0.0000 13.4737
244 100  3.5000 -0.1203  5.4468
252 100  3.8433  0.0000 11.1304
260 100  1.0266  0.0000  0.0000
268 100 -0.0584  0.0000  0.0000
276 100 -0.6555  0.0000  0.0000
284 100 -1.0130  0.0000 16.1088
292 100 -0.4874  0.0000 11.1304
  4 108 -0.1500  0.0000  0.0000
 12 108  0.0913 -0.2044 18.7317
 20 108 -0.0417 -0.1134  7.3143
 28 108  0.1725  0.0000  8.0000
 36 108  0.0235  0.3939  8.7892
 44 108 -0.0382  0.1028 16.6166
 52 108 -0.1912  0.0000 12.4272
 60 108  4.5000 -0.5000  4.0635
 68 108  3.1828  0.0000  0.0000
 76 108  1.8225  0.0000 11.1304
 84 108  0.2360  0.0000 19.4783
 92 108 -0.2488  0.0000  9.4208
100 108 -0.4162  0.0000  0.0000
108 108 -0.5000 -0.5000  4.0635
116 108  0.0000 -0.3147  7.9175
124 108  0.0683  0.0491 15.4040
132 108 -0.1841  0.0418 12.3683
140 108  1.1542  0.0000 11.9011
148 108  1.7111  0.0000 16.1088
156 108 -0.5000  0.0000  8.8276
164 108  1.3762  0.0000 11.1304
172 108  1.9666  0.0000 11.1304
180 108  2.6031  0.0000  0.0000
188 108  0.1077  0.0000  0.0000
196 108 -0.2383  0.0000 11.1304
204 108 -0.1086  0.0000  0.0000
212 108 -0.5000 -0.5000  4.0635
220 108 -0.0429  0.0000  0.0000
228 108 -0.2420  0.0000  0.0000
236 108 -0.4376  0.0000 11.1304
244 108 -0.7789  0.0000 16.1088
252 108 -0.3787  0.3888  7.2706
260 108 -0.0035  0.0000  0.0000
268 108 -0.5000  0.0000  8.8276
276 108 -0.6309  0.0000 11.1304
284 108  0.3147 -1.2235  7.7576
292 108  0.0000  2.5000  8.8276
  4 116  0.0476  0.0000  9.8462
 12 116 -0.2057  0.0000  8.8514
 20 116 -0.2571  0.1311  7.2040
 28 116 -0.0868  0.0378 15.2803
 36 116  0.0944 -0.1174 13.2161
 44 116 -0.0208  0.0797 17.5452
 52 116 -0.0366  0.7091  6.7368
 60 116  0.5632  0.0000  0.0000
 68 116  2.4417  0.0000  0.0000
 76 116  4.5000 -0.5000  4.0635
 84 116  1.6571  0.0000 12.8600
 92 116  1.3070 -0.0337 12.4709
100 116 -0.0026  0.0000 11.1304
108 116  0.5889  0.0000 11.1304
116 116 -0.2840  0.9357  7.3507
124 116  0.0424  0.0254  9.4510
132 116  2.1952  0.0000 19.1045
140 116  4.5000  4.5000  4.0635
148 116  2.1051  0.0000  0.0000
156 116  0.2392  0.0000  0.0000
164 116 -0.2360  0.0000  0.0000
172 116 -0.5000  0.0000  8.8276
180 116  2.5000  0.0000  8.8276
188 116  0.8829  0.0000  0.0000
196 116 -0.3169  0.0000  0.0000
204 116  0.0000  2.5000  8.8276
212 116 -0.1513  0.0000  0.0000
220 116 -0.5685  0.0000  0.0000
228 116 -0.8647  0.0000 11.1304
236 116 -0.9818  0.0000  0.0000
244 116 -0.5196  0.0000  0.0000
252 116  0.1056  0.0000  0.0000
260 116  0.3043  0.0000  0.0000
268 116 -0.1313 -0.0812 16.9211
276 116 -0.2079  0.0000  0.0000
284 116  0.1077  0.0000 11.1304
292 116  0.6012  0.0000  0.0000
  4 124  0.2459  0.3925  8.0559
 12 124  0.0000 -0.0119  9.7130
 20 124 -0.0685  0.0153 14.3772
 28 124 -2.2581  0.0000 11.9353
 36 124  0.0000  0.5000 11.1304
 44 124 -0.1123 -0.0711 13.6764
 52 124  0.4515  4.7609  8.2581
 60 124  1.9841  0.0000  0.0000
 68 124  3.0218  0.0000  0.0000
 76 124  1.3639  0.0000 14.5615
 84 124  0.0000 -0.5000  8.8276
 92 124  0.7775  0.0000 11.1304
100 124  0.0983  0.0000  0.0000
108 124  0.8332  0.0000 16.1088
116 124 -0.5000 -0.1588 10.5785
124 124 -1.3070 -0.0337 12.4709
132 124  0.0000  2.5000  8.8276
140 124  0.1066  0.0000  0.0000
148 124 -0.2880  0.0000  0.0000
156 124 -1.2304  0.0000  0.0000
164 124 -1.7150  0.0000  0.0000
172 124 -0.6644  0.0000  0.0000
180 124  0.6672  0.0000  0.0000
188 124  1.0590  0.0000  0.0000
196 124  0.0000  2.5000  8.8276
204 124 -0.1489  0.0000  0.0000
212 124 -0.1088  0.0000  0.0000
220 124  0.0837  0.0000  0.0000
228 124  0.1063  0.0000  6.9728
236 124 -0.1841 -0.0418 12.3683
244 124  0.1890  0.0000  0.0000
252 124  0.1532  0.0000  0.0000
260 124  1.4210  0.0000  0.0000
268 124 -0.6421  0.0000  0.0000
276 124  0.0000  2.5000 12.0628
284 124  0.8040  0.0000 11.1304
292 124  1.0487  0.0000  0.0000
  4 132  0.3479  0.1837  8.2665
 12 132  1.0626  0.0000 11.1304
 20 132  2.5000  0.0000  8.8276
 28 132 -0.0221 -0.1788 10.3874
 36 132 -0.4264  0.0000  0.0000
 44 132 -1.0386  0.0000 11.1304
 52 132 -1.0972 -0.1976  5.4468
 60 132 -0.0995  0.0000  0.0000
 68 132  0.3665  0.0000 16.1088
 76 132  0.2611  0.1783  7.6338
 84 132 -1.3061  0.0000  0.0000
 92 132 -2.3677 -0.1145 12.8207
100 132 -0.5000  0.0000  8.8276
108 132  1.8746  0.0000 16.1088
116 132  3.0432  0.0000 13.0803
124 132  1.7294  0.0000  0.0000
132 132  0.6437  0.0000  0.0000
140 132  0.0175  0.0000  0.0000
148 132 -0.0592  0.0000  0.0000
156 132 -0.0737  0.0000  0.0000
164 132  0.0000  2.5000  8.8276
172 132  1.0776  0.0000  0.0000
180 132  2.5000 -0.5000  4.0635
188 132  2.5000 -5.0000  8.8276
196 132 -1.3112  0.0000  0.0000
204 132 -0.6706  0.0000 11.1304
212 132 -0.2278 -0.1162  9.2296
220 132 -0.1174  0.0944 13.2161
228 132  0.0995  0.0000  0.0000
236 132  0.5000  2.0000  8.4768
244 132  0.0295 -0.1889 17.8337
252 132 -0.6538  0.0000  0.0000
260 132 -1.0243  0.0000  0.0000
268 132 -1.1952  0.0000  0.0000
276 132 -0.8402  0.0000 16.1088
284 132  0.0000 -0.5000  8.8276
292 132  0.3232  0.0000 11.1304
  4 140 -0.0632  0.0000  8.4768
 12 140 -0.9579  0.0000  0.0000
 20 140 -1.4481  0.0000 11.1304
 28 140 -0.0832 -0.3131  9.8462
 36 140  2.7998  0.0000  0.0000
 44 140  4.5000 -0.5000  4.0635
 52 140  2.5292  0.0000  0.0000
 60 140  1.0415  0.0000  0.0000
 68 140  0.0308  0.1823 13.1845
 76 140 -0.0618  0.0000  0.0000
 84 140 -0.1957  0.0000  0.0000
 92 140 -0.1486  0.0000 11.1304
100 140  0.7269  0.0000 19.1045
108 140  1.8889  0.0000  0.0000
116 140 -0.3538  0.5000  7.5801
124 140 -1.5000  0.0000  8.2581
132 140 -1.0716  0.0000  0.0000
140 140 -0.9124  0.0000  0.0000
148 140 -0.5251  0.0000 11.1304
156 140  0.0000 -0.0996 10.0787
164 140 -0.2761 -0.0806  9.3746
172 140 -0.5000  0.0448  8.9013
180 140 -0.2944  0.0000  0.0000
188 140 -0.8872  0.0000  0.0000
196 140 -1.0641  0.0000 11.1304
204 140 -0.5707  0.0000  0.0000
212 140  0.3577  0.0000 13.4737
220 140  0.6571  0.0000 11.1304
228 140  0.1876  5.0000  8.5995
236 140 -0.2109  0.0000  0.0000
244 140 -0.6086  0.0000  0.0000
252 140  0.0000 -0.5000  8.8276
260 140  1.5000  0.0448  8.9013
268 140  0.0000  2.5000  8.8276
276 140  0.4758  0.0000  0.0000
284 140  0.5644  0.0000  0.0000
292 140  0.1088  0.0000 16.1088
  4 148  0.0000 -0.5000  8.8276
 12 148 -0.4337 -0.0578  8.8276
 20 148 -0.7054  0.0000 16.1088
 28 148  0.0000  2.5000 12.0628
 36 148  2.6375  0.0000  0.0000
 44 148 -0.0873  0.0000  0.0000
 52 148 -0.6609  0.0000  0.0000
 60 148 -0.8734  0.0000  0.0000
 68 148 -1.1838  2.5000  7.5779
 76 148 -0.6820  0.0000  0.0000
 84 148  0.0675  0.0000  0.0000
 92 148  0.6696  0.0000 16.1088
100 148  1.4462  0.0000  0.0000
108 148  1.8101  0.0000  0.0000
116 148  0.0000  2.5000  8.8276
124 148 -0.7154  0.0000 16.1088
132 148 -0.4043  0.4043  8.0000
140 148  0.5516  0.0000 11.1304
148 148  1.4969  0.0000  0.0000
156 148  2.5000  4.5000  4.0635
164 148  0.9766  0.0000 19.1045
172 148 -0.1644  0.0000  0.0000
180 148 -0.5781  0.0000  0.0000
188 148 -0.5000  4.5000  4.0635
196 148  0.2761  0.0806  9.3746
204 148  0.0578 -0.2986  6.4322
212 148  0.3610 -0.3610  5.9535
220 148 -0.3200  0.0000  0.0000
228 148 -0.7714  0.0000  0.0000
236 148 -1.1634  0.0000  0.0000
244 148 -1.2044  0.0000  0.0000
252 148 -0.5000  5.0000  8.8276
260 148  5.0391 -0.5000  9.3822
268 148  0.3291  0.2749 14.0203
276 148  0.9234  0.0000  0.0000
284 148  0.0297  0.0000 19.1045
292 148 -0.4367  0.0000  0.0000
  4 156 -0.4043 -0.4043  8.0000
 12 156  0.3662  0.0000  0.0000
 20 156  1.6491  0.0000 11.1304
 28 156  3.4207  0.0000  0.0000
 36 156  4.5000 -0.5000  4.0635
 44 156  1.6881  0.0000  0.0000
 52 156 -0.1538  0.0000  0.0000
 60 156 -0.1481  0.0000  0.0000
 68 156  0.1313 -0.0812 16.9211
 76 156  0.2203  0.0000  0.0000
 84 156  0.0000 -0.5000  8.8276
 92 156  0.0000 -4.6564 12.4564
100 156 -0.4498  0.0000  0.0000
108 156 -0.7279  0.0000  0.0000
116 156 -0.5600  0.0000  0.0000
124 156  0.4365  0.0000  0.0000
132 156  0.0000 -0.5000  8.8276
140 156 -0.6304  0.0000  0.0000
148 156 -1.1721  0.0000  0.0000
156 156 -1.5027  0.0000  8.2581
164 156 -1.5051  0.0000 11.1304
172 156 -0.5586  0.0000  0.0000
180 156 -0.0364  0.0000  0.0000
188 156  2.7390  0.0000 11.1304
196 156  1.6339  0.0000  0.0000
204 156  2.3628  0.0000  0.0000
212 156  0.7733  0.0000  0.0000
220 156  0.2042  4.3054 12.9265
228 156 -0.4379  0.0000  0.0000
236 156  0.2307  0.0000 11.1304
244 156  1.5000  0.0255  9.7158
252 156  3.0253  0.0000  0.0000
260 156  2.2682  0.0000  0.0000
268 156  1.2068  0.0000  0.0000
276 156  0.0000 -0.5000  4.0635
284 156  0.0000 -0.5000  8.8276
292 156 -0.4812  0.0000 11.1304
  4 164 -0.7552  0.0000  0.0000
 12 164 -0.9307  0.0000  0.0000
 20 164 -0.7531  0.0000 11.1304
 28 164 -0.6658  0.0000 11.1304
 36 164 -0.5100  0.0000  0.0000
 44 164  0.0000  2.5000  8.8276
 52 164  2.4863  0.0000  0.0000
 60 164  4.5000  0.0000  5.4468
 68 164  0.0000  2.5000  8.8276
 76 164 -1.1776  0.0000  0.0000
 84 164 -1.5508  5.1203  5.4468
 92 164 -1.5000  0.0000  8.2581
100 164  0.5000  0.0000 11.1304
108 164 -0.5000 -5.0000  8.8276
116 164  0.8954  0.0000  0.0000
124 164  1.2705  0.0000  0.0000
132 164  2.5000  0.0000 11.1304
140 164  0.5670  0.0000  0.0000
148 164 -0.0363  0.0000  0.0000
156 164 -1.0000  0.0000  8.2581
164 164 -0.0628  0.0000  0.0000
172 164  1.3113  0.0000  0.0000
180 164  2.5000  0.0000 11.1304
188 164 -0.3577  0.0000 13.4737
196 164  1.5515  0.0000  0.0000
204 164  4.5000 -0.5000  4.0635
212 164 -0.5000 -0.5000  4.0635
220 164 -1.0394  0.0000  0.0000
228 164 -1.2104  0.0000  0.0000
236 164 -1.2694  0.0000  0.0000
244 164 -1.0018  0.0000  0.0000
252 164 -0.5712  0.0000 11.1304
260 164  0.0000 -0.5000  8.8276
268 164  0.4692  0.0000  1.0000
276 164  2.1323  0.0000  0.0000
284 164  3.0874  0.0000  0.0000
292 164  0.5000  0.0000 11.1304
  4 172 -0.2850  0.0000  8.4768
 12 172 -0.4305  0.0000  0.0000
 20 172  0.0000  0.5000  8.0688
 28 172  0.0000  2.5000  8.8276
 36 172 -0.4165  0.0000 11.1304
 44 172  0.0000  2.5000  8.8276
 52 172  0.1063  5.0000  6.9728
 60 172  0.1068 -0.5000 14.1617
 68 172  0.0000 -0.5000  8.8276
 76 172  0.5000  0.0000  8.8276
 84 172 -0.2492  0.0000  0.0000
 92 172 -0.0994  0.0000 16.1088
100 172  0.1271  0.0000  0.0000
108 172 -0.0832  0.3131  9.8462
116 172  0.0000  2.5000  8.8276
124 172 -0.0758 -0.5000 10.3075
132 172  1.5000  0.0000  8.2581
140 172 -0.5000  4.5000  4.0635
148 172 -0.0268  0.0000 11.1304
156 172 -0.5000 -0.0203 12.4022
164 172 -0.9773  0.0000  0.0000
172 172 -0.8547  0.0000  0.0000
180 172 -0.4022  0.0000  0.0000
188 172  0.1180  2.5000  9.2850
196 172  0.0000  2.5000  8.8276
204 172  1.0646  0.0000  0.0000
212 172  2.0799  0.0000  0.0000
220 172  1.5000 -1.0000  7.4357
228 172  0.9373  0.0000 16.1088
236 172  0.3246  0.0000  0.0000
244 172  0.2431  0.0000  0.0000
252 172  0.0596  0.0000  0.0000
260 172 -0.2422  0.0000  0.0000
268 172 -0.3911  0.0000  0.0000
276 172 -0.9194  0.0000  0.0000
284 172  1.8454  0.0000  0.0000
292 172  2.2151  0.0000  0.0000
  4 180  0.7230  0.0000  0.0000
 12 180  0.1153  0.0000  0.0000
 20 180  0.0868 -0.0378 15.2803
 28 180 -0.1503  0.0000 11.1304
 36 180 -0.4260  0.0000 11.1304
 44 180 -0.2414  0.0000 11.1304
 52 180 -0.0677  0.2414 11.7124
 60 180  0.2027  0.1583  9.9181
 68 180  2.5000  4.5000  4.0635
 76 180  3.1897  0.0000 11.1304
 84 180  1.8088  0.0000  0.0000
 92 180 -0.2375 -0.3586 11.7728
100 180 -0.3882  0.0000  0.0000
108 180  0.1151 -0.1151 16.5161
116 180  1.4621  0.0000 16.1088
124 180 -0.5993  0.0000 13.0803
132 180  0.1175  0.0000  0.0000
140 180  1.6638  0.0000  0.0000
148 180  1.8563  0.0000 11.1304
156 180  1.8702  0.0000  0.0000
164 180  0.5174  0.0000  0.0000
172 180  0.2339  0.0000 11.1304
180 180  0.3110  0.0000  0.0000
188 180  0.1960  0.0000 11.1304
196 180 -0.2594  0.0000 11.1304
204 180 -1.4483  0.0000  0.0000
212 180  2.8287  0.0000  0.0000
220 180  4.5000  4.5000  4.0635
228 180  0.2599  0.0000 11.3947
236 180  0.0000  2.5000  8.8276
244 180  0.0032  0.0000  0.0000
252 180 -0.1609  0.0000  0.0000
260 180 -0.4020  0.0000  0.0000
268 180 -0.4730  0.0000  0.0000
276 180 -0.6603  0.0000  0.0000
284 180 -0.2881  0.0000  0.0000
292 180  1.5000 -1.0000  7.4357
  4 188  4.5000 -0.5000  4.0635
 12 188  3.5178  0.0000 16.1088
 20 188 -0.4043 -0.4043  8.0000
 28 188  0.0000 -0.5000  8.8276
 36 188  0.0000 -0.5000  8.8276
 44 188  3.7362  0.1450  7.9834
 52 188 -1.4070  0.1518 10.3087
 60 188  0.0000  0.1063  6.9728
 68 188  2.2787  0.0000 16.1088
 76 188  1.6976  0.0000 11.1304
 84 188  2.5000  0.0000  8.8276
 92 188  0.0000  0.3570  8.8724
100 188  0.0911  0.0000  0.0000
108 188  0.8433  0.0000  0.0000
116 188  1.5000  0.0836  9.2702
124 188  0.5683  0.0000 12.0628
132 188 -1.2651  0.0000  0.0000
140 188 -0.0382  0.1028 16.6166
148 188  1.9423  0.0000  0.0000
156 188 -0.1370  0.0000  0.0000
164 188 -0.2118  0.0000  0.0000
172 188  0.0000  4.6564 12.4564
180 188  0.0000  5.0000 11.1304
188 188  0.0000  2.5000  8.8276
196 188  0.3577  0.0000 13.4737
204 188 -0.8553  0.0000  0.0000
212 188 -0.9638  0.0000  0.0000
220 188 -0.9797  0.0000  0.0000
228 188 -0.5000  0.0000  8.8276
236 188  4.5000 -0.5000  4.0635
244 188  3.5510  0.0000  0.0000
252 188  1.2449  0.0000  0.0000
260 188 -0.2577  0.0000  0.0000
268 188  1.6074  0.0000  0.0000
276 188  1.2818  0.0000  0.0000
284 188  3.3284  0.0000  0.0000
292 188  4.5000 -0.5000  4.0635
  4 196  0.0000  2.5000  8.8276
 12 196  0.4283  0.0000 11.1304
 20 196 -0.1996  0.0000 11.1304
 28 196  0.1027  0.0000 11.1304
 36 196  0.9997  0.0000 11.1304
 44 196  1.8033  0.0000  0.0000
 52 196  1.4792  0.0000 11.1304
 60 196 -0.1174  4.1710 14.6131
 68 196  0.9039  0.0000  0.0000
 76 196  1.4874  0.0000  0.0000
 84 196 -0.1401 -0.2399 12.1506
 92 196  0.1910  0.0589  5.1167
100 196  0.0788 -3.4510  6.3924
108 196 -0.1516 -3.2451  6.3127
116 196  0.3696  0.0156  6.2279
124 196  5.0391 -0.5000  9.3822
132 196  0.0000 -0.1960 11.1304
140 196 -0.3301  0.2286  8.0000
148 196 -1.1396  0.0000  0.0000
156 196 -1.5032  0.0000 17.0667
164 196 -0.1263  0.0969 14.7403
172 196  4.5000 -0.5000  4.0635
180 196  1.1442  0.0000  0.0000
188 196 -1.5000  0.0000  4.0635
196 196 -0.1180 -0.5000  9.2850
204 196  2.4768  0.0000  0.0000
212 196  4.5000  4.5000  4.0635
220 196  3.5402  0.0000  0.0000
228 196  0.7029  0.0000  0.0000
236 196  0.1750  0.0000  0.0000
244 196 -0.1196  0.0000  0.0000
252 196  0.1168  0.0000  0.0000
260 196  1.0489  0.0000  0.0000
268 196  2.2413  0.0000  0.0000
276 196  3.0156  0.0000  0.0000
284 196  3.0657  0.0000  0.0000
292 196  3.2781  0.0000 12.0628
  4 204  3.7722  0.0000  0.0000
 12 204  4.5000  4.5000  4.0635
 20 204  2.2070  0.0000  9.8462
 28 204  0.4023  0.0000  0.0000
 36 204 -0.8897  0.0000  0.0000
 44 204 -1.6463  0.0000  0.0000
 52 204 -1.2596 -0.3479  7.1968
 60 204  0.1258 -0.2366 13.9760
 68 204  0.1907  0.0000  0.0000
 76 204 -0.1366  0.0000  0.0000
 84 204  0.0000 -0.5000  8.8276
 92 204  0.2492 -0.1657  7.0137
100 204 -0.3713 -0.2435  7.4727
108 204 -0.3096  0.5000  4.8905
116 204  1.5000  3.1409  4.6545
124 204 -0.1848 -0.5000  4.9841
132 204  2.5288  0.0000  0.0000
140 204  0.1848 -0.5000  4.9841
148 204  0.7837  0.0000  0.0000
156 204  0.2760  0.0000  0.0000
164 204  0.2021  0.2860 10.7438
172 204  0.0000 -0.5000  8.8276
180 204  0.0000 -0.5000  8.8276
188 204  0.9019  0.0000  0.0000
196 204  2.5625  0.0000 13.0803
204 204  4.5000  4.5000  4.0635
212 204  5.9789  0.0000  0.0000
220 204  4.1791  0.0000 11.1304
228 204  3.2928  0.0000  0.0000
236 204  2.8081  0.0000  0.0000
244 204  1.2783  0.0000  0.0000
252 204 -0.1420  0.0000  0.0000
260 204 -1.1624  0.0000  0.0000
268 204 -1.6718  0.0000  0.0000
276 204 -1.2005  0.0000 11.1304
284 204  0.1068 -0.3135 15.1963
292 204  0.6400  0.0000  0.0000
  4 212  0.3693  0.0000  0.0000
 12 212  0.0000 -0.5000  8.8276
 20 212 -0.1151  0.0000  9.4118
 28 212 -0.5547  0.0000  0.0000
 36 212  0.0000 -0.5000  8.8276
 44 212  0.0000 -0.1063  6.9728
 52 212 -1.5000  2.5000  8.2581
 60 212  5.5000 -0.5000  4.0635
 68 212  2.0938  0.0000  0.0000
 76 212  0.5799  0.0000  0.0000
 84 212 -0.0341  0.0000  0.0000
 92 212 -0.1001  0.0000 11.1304
100 212 -0.0885  0.0000  0.0000
108 212  0.0083  0.0000  0.0000
116 212  0.4241  0.0000  0.0000
124 212  2.1712  0.0000  0.0000
132 212  4.5203  0.0000  0.0000
140 212  7.0929  0.0000  0.0000
148 212  3.2320  0.0000  0.0000
156 212  1.1135  0.0000  0.0000
164 212 -0.5000  0.0000 11.1304
172 212 -1.0481  0.0000  0.0000
180 212 -1.1773  0.0000  0.0000
188 212 -0.8867  0.0000  0.0000
196 212 -0.2625 -0.0485  7.4854
204 212  1.1185  0.0000  0.0000
212 212  2.5000 -5.0000  8.8276
220 212  2.1283  0.0000  0.0000
228 212  1.0859  0.0000  0.0000
236 212  0.0370  0.0000  0.0000
244 212 -0.5259  0.0000  0.0000
252 212 -0.7739  0.0000 11.1304
260 212 -0.5039  0.0000  0.0000
268 212 -0.6390  0.0000 16.1088
276 212 -1.3613  0.0000 12.0628
284 212 -0.2780  0.1270 13.3759
292 212 -0.3936  0.0000  0.0000
  4 220 -0.7827  0.0000  0.0000
 12 220 -0.8579  0.0000 11.1304
 20 220 -0.6160  0.0000  0.0000
 28 220 -0.2830  0.0000  0.0000
 36 220  0.0000  2.5000  8.8276
 44 220 -0.3290  2.8274  8.0000
 52 220  1.4657  0.0000  0.0000
 60 220  3.9416  0.0000  0.0000
 68 220  6.8015  0.0000 11.1304
 76 220  1.3605  0.0000  0.0000
 84 220 -1.5718  0.0000  0.0000
 92 220 -3.5795  0.0000  0.0000
100 220 -3.7371  0.0000  0.0000
108 220 -2.4130  0.0000  0.0000
116 220 -0.0318  0.0000 13.0803
124 220  2.7620  2.5000  9.9740
132 220  4.4115  0.0000  0.0000
140 220  5.0766  0.0000  0.0000
148 220  3.9426  0.0000  0.0000
156 220  1.7645  0.0000  0.0000
164 220 -0.3577  0.0000 13.4737
172 220 -1.2797  0.0000 11.1304
180 220 -1.3081  0.0000  0.0000
188 220 -0.7212  0.0000  0.0000
196 220  0.0000  2.5000  8.8276
204 220  0.4929  2.5000  5.2245
212 220 -1.4172  0.0000  0.0000
220 220 -2.3765  0.0000  0.0000
228 220 -2.4711  0.0000  0.0000
236 220 -2.0181  0.0000  0.0000
244 220 -1.3227  0.0000  0.0000
252 220 -0.6709  0.0000  0.0000
260 220 -0.2490  0.0000  0.0000
268 220  0.0000 -0.5000  8.8276
276 220  0.9858  0.0000  0.0000
284 220  3.1116  0.0000  0.0000
292 220  5.8737  0.0000 11.1304
