VARIABLES= "X pix", "Y pix", "U pix/dt", "V pix/dt", "CHC", ZONE I=28, J=37
  4   4  0.0000  0.0000 10.6915
 12   4  0.0000  0.0000 10.9708
 20   4  0.0000  0.0000 10.9708
 28   4  0.0000  0.0570 11.2869
 36   4  0.0000  0.0000 10.9708
 44   4  0.0000  0.0000 11.0456
 52   4  0.0000  0.0000 11.9577
 60   4  0.0000  0.0000 10.9708
 68   4  0.0000  0.0000 10.9708
 76   4  0.0000  0.0000 10.9551
 84   4 -0.0016  0.0035 11.4642
 92   4  0.0015 -0.0019 10.9468
100   4 -0.0088  0.0027 11.5044
108   4  0.0000  0.0000 13.0864
116   4  0.0000  0.0000 11.0965
124   4  0.0000  0.0000 11.7754
132   4  0.0000  0.0000 11.8710
140   4  0.0000  0.0000 11.1241
148   4  0.0000  0.0000 11.7754
156   4  0.0000  0.0000 11.6152
164   4  0.0000  0.0000 11.7754
172   4  0.0000  0.0000 11.8620
180   4  0.0000  0.0000 11.8620
188   4  0.0000  0.0000 11.9407
196   4 -0.0432  0.0139 11.8566
204   4  0.0000  0.0000 12.0140
212   4 -0.0007  0.0053 12.9671
220   4  0.0454 -0.0195 10.5364
228   4 -0.1115  0.0204 10.5415
236   4  0.0000  0.0000 10.7968
244   4  0.0000  0.0000  9.5228
252   4  0.0000  0.0000 10.7394
260   4  0.0000  0.0000 12.3496
268   4  0.0000  0.0000 12.3010
276   4  0.0000  0.0000 12.2384
284   4  0.0000  0.0000 13.2965
292   4  0.0000  0.0000 12.9217
  4  12  0.0000  0.0000 10.4845
 12  12  0.0000  0.0000 12.7501
 20  12  0.0000  0.0000 11.9108
 28  12  0.0000  0.0000 12.1146
 36  12  0.0000  0.0000 13.5303
 44  12  0.0000  0.0000  9.3279
 52  12  0.0000  0.0000 22.6243
 60  12  0.0000  0.0000 10.5957
 68  12 -0.0194  0.0281 20.1673
 76  12  0.0047  0.0092 11.0399
 84  12  0.0584 -0.0367  9.0576
 92  12  0.0000  0.0000  8.6137
100  12  0.0000  0.0000  8.6137
108  12  0.0000  0.0000 10.7285
116  12  0.0000  0.0000 11.4185
124  12  0.0000  0.0000 12.6431
132  12  0.0000  0.0000 12.8260
140  12  0.0000  0.0000 13.1577
148  12  0.0000  0.0000 11.6022
156  12  0.0000  0.0000 14.3715
164  12  0.0000  0.0000 13.4233
172  12  0.0000  0.0000 10.0238
180  12  0.0000  0.0000 11.0985
188  12  0.0158  0.1035 12.4387
196  12 -0.2572 -0.1270  9.5044
204  12  0.0000  0.0000  9.4815
212  12 -0.0688  0.6672 12.8045
220  12  0.0747 -0.1799 14.7214
228  12  0.2060 -0.5532  9.9923
236  12  0.0000  0.0000 13.3114
244  12  0.0000  0.0000 10.2314
252  12 -0.0854  0.0545 12.5602
260  12  0.0000  0.0000 11.1841
268  12 -0.0939  0.0764  8.5112
276  12  0.0000  0.0000  8.6315
284  12  0.0000  0.0000  7.1763
292  12  0.0303  0.0568  7.6549
  4  20 -0.0692 -0.0193 14.0327
 12  20  0.0000  0.0000 14.1385
 20  20  0.0000  0.0000 13.4013
 28  20 -0.0009 -0.0901 13.2029
 36  20  0.0000 -0.1114 12.1715
 44  20  0.0000  0.0000 10.9372
 52  20  0.0000  0.0000 12.9050
 60  20  0.0000  0.0000 15.1370
 68  20  0.0000  0.0000 14.5683
 76  20  0.0000  0.0000 12.1341
 84  20  0.0000  0.0000 13.3497
 92  20  0.0523 -0.0541 12.2514
100  20  0.0010 -0.0380 10.8216
108  20  0.0396  0.1169 10.9921
116  20 -0.0000  0.0000 14.9704
124  20  0.0000  0.0000 14.4311
132  20  0.0000  0.0000 13.7414
140  20  0.0000  0.0000 13.9785
148  20  0.0000  0.0000 13.8397
156  20  0.0000  0.0000 13.7896
164  20 -0.0030  0.0233 12.5800
172  20  0.0000  0.0000 18.6972
180  20  0.0000  0.0000 14.3807
188  20 -0.0019 -0.0215 17.6304
196  20 -0.0067 -0.0128 17.7105
204  20  0.0000 -0.0213 23.0659
212  20  0.0050 -0.0235 21.7396
220  20  0.0235  0.0177 13.6527
228  20  0.0000  0.0324  7.9324
236  20  0.0597 -0.0145 13.7510
244  20  0.0258 -0.0349 13.5443
252  20 -0.0430  0.0211 12.9837
260  20 -0.0768  0.0219 10.2465
268  20 -0.0433  0.0580 11.6958
276  20 -0.0127 -0.0444 16.8037
284  20  0.2933  0.0000 17.6531
292  20  0.0073 -0.0693 14.7766
  4  28  0.0000  0.0000  9.3720
 12  28  0.0000  0.0000  9.6905
 20  28  0.0000  0.0000 10.9986
 28  28  0.0025  0.0024 10.2807
 36  28  0.0008 -0.0066 10.4854
 44  28  0.0000  0.0000 10.1697
 52  28  0.0000  0.0000 10.2854
 60  28  0.0000  0.0000  9.9048
 68  28  0.0000  0.0000 10.4817
 76  28  0.0000  0.0000 10.7447
 84  28  0.0000  0.0000  9.6357
 92  28 -0.0196  0.0004  9.5955
100  28  0.0029 -0.0020 12.2294
108  28  0.0038  0.0032 14.9255
116  28  0.0000  0.0000  8.9213
124  28  0.0000 -0.0000  9.6298
132  28  0.0000  0.0000  8.6973
140  28 -0.0017  0.0009  9.2462
148  28 -0.0069 -0.0023  9.2106
156  28 -0.0007  0.0020 19.3409
164  28  0.0000  0.0000 16.3493
172  28  0.0000  0.0000 16.4419
180  28  0.0000  0.0000 16.6150
188  28  0.0000  0.0000 13.1953
196  28 -0.0042 -0.0005  8.8845
204  28  0.0084 -0.0183  9.1700
212  28  0.0035 -0.0039  9.8142
220  28  0.0000  0.0000  9.7781
228  28  0.0000  0.0000  9.2044
236  28 -0.0001 -0.0293  8.9595
244  28  0.0088 -0.0020  9.1765
252  28  0.0126 -0.0006 10.7408
260  28 -0.0015 -0.0150 15.7895
268  28  0.0000  0.0000 12.5033
276  28  0.0001  0.0080 26.6439
284  28  0.0000  0.0000 14.6209
292  28 -0.0008 -0.0056 11.3826
  4  36 -0.0005  0.0138  7.4561
 12  36  0.0249 -0.0041  7.3103
 20  36 -0.0059  0.0015  6.8350
 28  36  0.0158  0.0320  6.0337
 36  36  0.0000  0.0000  6.5085
 44  36  0.0000  0.0000  8.2574
 52  36  0.0000  0.0000  9.4360
 60  36  0.0000  0.0000 10.1740
 68  36  0.0000  0.0000 10.5606
 76  36  0.0000  0.0000 11.4425
 84  36  0.0000  0.0000 11.9696
 92  36  0.0000  0.0000 11.9696
100  36  0.0000  0.0000  9.1038
108  36  0.0000  0.0000  7.3143
116  36  0.0000  0.0000  7.4054
124  36  0.0000  0.0000  8.1212
132  36  0.0000  0.0000 11.1304
140  36  0.0000  0.0000 17.0667
148  36  0.0227 -0.0528  6.8062
156  36  0.0282 -0.0315 13.3464
164  36 -0.0369  0.0007 13.8113
172  36  0.0018  0.0020 15.1198
180  36 -0.0007 -0.0053 12.8920
188  36  0.0000  0.0000  9.1942
196  36  0.0000  0.0000 12.3343
204  36 -0.0068 -0.0958 14.0008
212  36  0.0000  0.0000 14.8284
220  36  0.0000  0.0000 14.4906
228  36  0.0000  0.0000 12.7205
236  36  0.0948  0.0057 10.8041
244  36  0.0000  0.0000 11.5903
252  36  0.0000  0.0000 12.8656
260  36  0.0000  0.0000  9.5595
268  36  0.0000  0.0000  9.8076
276  36  0.0000  0.0000  9.4841
284  36  0.0000  0.0000  9.4311
292  36 -0.0407 -0.0083  8.1560
  4  44 -0.0557 -0.0193 15.2661
 12  44 -0.0272 -0.0238 11.1899
 20  44 -0.1014 -0.1491 12.0351
 28  44  0.0000  0.0000 15.4368
 36  44  0.0000  0.0000 15.4368
 44  44  0.0000  0.0000 12.3152
 52  44  0.0000  0.0000 10.1360
 60  44  0.0000  0.0000  9.0038
 68  44  0.0000  0.0000  8.3451
 76  44  0.0000  0.0000  9.0332
 84  44  0.0000  0.0000 12.0628
 92  44  0.0000  0.0000 11.1304
100  44  0.0000  0.0000 16.1088
108  44  0.0000  0.0000 11.1304
116  44  0.0000  0.0000 11.1304
124  44  0.0000  0.0000 11.1304
132  44  0.0000  0.0000  0.0000
140  44  0.0000  0.0000 21.6135
148  44  0.0039 -0.0892  5.9813
156  44  0.0071  0.0129 15.4220
164  44 -0.0015  0.0129 11.4331
172  44  0.0094  0.0060 14.2270
180  44 -0.0047  0.0004 13.7403
188  44  0.0002 -0.0070  8.9375
196  44  0.0000  0.0000  8.6486
204  44  0.0618  1.2791  6.8996
212  44  0.0000  0.0000  7.4479
220  44 -0.0084  0.0838  8.9875
228  44 -0.1035  0.0140 11.1935
236  44  0.0000  0.0000 12.4923
244  44  0.0000  0.0000 10.6057
252  44  0.0000  0.0000 16.2968
260  44  0.1633  0.0202 14.4309
268  44 -0.2308 -0.0050 11.9283
276  44  0.3145  0.0000  9.1653
284  44  0.0000  0.0000 11.0903
292  44  0.0000  0.0000 11.7363
  4  52  0.0222  0.1939  8.4826
 12  52  0.0222  0.1939  8.4826
 20  52  0.0146  0.1679  7.0644
 28  52  0.0000  0.0000 15.5009
 36  52  0.0000  0.0000  0.0000
 44  52  0.0000  0.0000  0.0000
 52  52  0.0000  0.0000  9.1308
 60  52  0.0000  0.0000 11.1304
 68  52  0.0000  0.0000  0.0000
 76  52  0.0000  0.0000  8.0000
 84  52 -0.0825  3.0000  8.3349
 92  52  0.0000  0.0000 11.1304
100  52  0.0000  0.0000 11.1304
108  52  0.0000  0.0000  0.0000
116  52  0.0000  0.0000 11.1304
124  52  0.0000  0.0000  0.0000
132  52  0.0000  0.0000 11.1304
140  52  0.0000  0.0000  0.0000
148  52  0.0138 -0.0032  6.3098
156  52 -0.0085  0.0196 27.6478
164  52  0.0000  0.0000 13.6719
172  52 -0.0036  0.0009 10.9320
180  52  0.0039 -0.0067 26.4422
188  52 -0.0170  0.0153  8.0142
196  52  0.0000  0.0000 12.5902
204  52 -0.3604  0.1235 13.6655
212  52  0.0000  0.0000 14.5082
220  52 -0.1582 -0.0022 12.3463
228  52  0.0000  0.0438 12.5902
236  52  0.0000  0.0000 15.4368
244  52  0.0000  0.0000 10.6057
252  52  0.0127 -0.1136 14.0379
260  52  0.0000  0.0000 12.8600
268  52 -0.3366 -0.0186  8.8276
276  52  0.0472 -0.0472  9.9328
284  52  0.0000  0.0000 16.2968
292  52  0.0000  0.0000 13.8188
  4  60 -0.1960 -0.5000 11.1304
 12  60  0.0000  0.0000 16.1088
 20  60  0.0000  0.0000  0.0000
 28  60  0.0000  0.0000 11.1304
 36  60  0.0000  0.0000  0.0000
 44  60  0.0000  0.0000 11.1304
 52  60  0.0000  0.0000 11.1304
 60  60  0.0000  0.0000  0.0000
 68  60  0.0000  0.0000  0.0000
 76  60  0.0000 -0.5000  8.8276
 84  60  0.0000  0.0000 13.7892
 92  60 -0.3145  0.0264 11.0777
100  60  0.0000  0.0000 20.1250
108  60  0.0000  0.0000 11.1304
116  60  0.0000  0.0000 13.0803
124  60  0.0360 -0.1854 12.6331
132  60  0.0000  0.0000 16.1088
140  60  0.0000  0.0000 12.1905
148  60  0.0047 -0.0017  5.5835
156  60  0.0000 -0.0008  5.8149
164  60  0.0000  0.0000  5.7671
172  60  0.0021 -0.0019  5.7244
180  60  0.0000  0.0000  5.8039
188  60 -0.0311  0.0097  5.7984
196  60  0.0000 -0.3042 13.4737
204  60  0.0000  0.0000 11.1304
212  60  0.0000  0.0000  0.0000
220  60  0.0000  0.0000  0.0000
228  60  0.0000  0.0000  0.0000
236  60  0.0000  0.0000 11.1304
244  60  0.0000  0.0000  7.8087
252  60  0.1566 -0.2968  9.4269
260  60  0.0000  0.0000 13.3851
268  60  0.2271 -0.2365  9.4445
276  60  0.0000  0.0000 11.5903
284  60  0.0000  0.0000 10.2729
292  60  0.0000  0.0000  9.9944
  4  68  0.0000  0.0000 12.0628
 12  68  0.0000  0.0000  0.0000
 20  68  0.0000  0.0000  0.0000
 28  68  0.0000  0.0000 11.1304
 36  68  0.0000  0.0000  0.0000
 44  68  0.0000  0.0000 16.1088
 52  68  0.0000  0.0000 20.7059
 60  68  0.0000  0.0000 11.1304
 68  68  0.0000  0.0000 11.1304
 76  68  0.0000  0.0000 14.0045
 84  68 -0.0000  0.0000 11.6208
 92  68  0.1062  0.0566 13.8614
100  68  0.0000  0.0000 16.2922
108  68  0.1841 -0.0418 12.3683
116  68  0.0000  0.0000 16.1088
124  68  0.0000  0.0000 17.0667
132  68  0.0000  0.0000 16.1088
140  68  0.0000  0.0000 13.5576
148  68  0.0000  0.0000 13.1731
156  68  0.0000  0.0000 16.1088
164  68  0.0000  0.0000 16.1088
172  68  0.0000  0.0000 11.1304
180  68  0.0000  0.0000 10.1261
188  68  0.0000  0.0000 16.1088
196  68  0.0000  0.0000 11.1304
204  68  0.0000  0.0000  0.0000
212  68  0.0000  0.0000  0.0000
220  68  0.0000  0.0000  0.0000
228  68  0.0000  0.0000  0.0000
236  68  0.0000  0.0000  0.0000
244  68  0.0000  0.0000 11.1304
252  68  0.0000  0.0000 11.1304
260  68  0.0000  0.0000 11.1304
268  68  0.0418  0.1521 12.6567
276  68  0.0000  0.0000  8.8167
284  68  0.0000  0.0000 10.8982
292  68  0.0000  0.0000 19.4783
  4  76  0.0000  0.0000  9.2086
 12  76  0.0000  0.0000  0.0000
 20  76  0.0000  0.0000  0.0000
 28  76  0.0000  0.0000  0.0000
 36  76  0.0000  0.0000 11.1304
 44  76  0.0000  0.0000 19.4783
 52  76  0.0000  0.0000  9.2086
 60  76  0.0000  0.0000 11.1304
 68  76  0.0000  0.0000 15.5414
 76  76  0.0000  0.0000  7.6402
 84  76  0.0000  0.0000 10.7558
 92  76  0.0183  0.2817 10.6111
100  76  0.0000  0.0000  9.4208
108  76  0.0000  0.0000 12.0628
116  76  0.3145 -0.0264 11.0777
124  76 -0.2907 -0.0403 10.5761
132  76  2.5000 -0.1588 10.5785
140  76  0.0000  0.0000 20.7059
148  76  0.0000  0.0000 12.3186
156  76  0.0000  0.0000 12.0628
164  76  0.0000 -0.1556 12.2969
172  76  0.0000  0.0000 12.0628
180  76 -0.0634  0.0922 12.5396
188  76  1.2596 -0.3479  7.1968
196  76  0.0000  0.0000  0.0000
204  76  0.0000  0.0000  0.0000
212  76  0.0000  0.0000  0.0000
220  76  0.0000  0.0000  0.0000
228  76  0.0000  0.0000  0.0000
236  76  0.0000  0.0000  0.0000
244  76  0.0000  0.0000 11.1304
252  76  0.0000  0.0000 11.1304
260  76  0.0000  0.0000 16.1088
268  76  0.0000  0.0000 12.0628
276  76  0.0000  0.0000 13.7892
284  76  0.0000  0.0000  0.0000
292  76  0.0000  0.0000 16.1088
  4  84  0.0000  0.0000 12.0628
 12  84  0.0000  0.0000 11.1304
 20  84  0.0000  0.0000  0.0000
 28  84 -2.1780  0.1433 17.9363
 36  84 -0.0180  0.0309 16.0475
 44  84  0.0513 -0.1326  6.0730
 52  84  0.0643  0.1490 15.0061
 60  84  0.0000  0.0000  9.9881
 68  84  0.0000  0.0000  7.8049
 76  84  0.0000  0.0000 12.6074
 84  84  0.0000  0.0000 14.8377
 92  84 -0.1760  0.0054 11.0569
100  84  0.0000  0.0000 15.5414
108  84  0.0000  0.1960 11.1304
116  84  0.0000  0.0000 11.1304
124  84  0.0000  0.0000 16.1088
132  84  2.5000  0.1588 10.5785
140  84 -0.1841  0.0418 12.3683
148  84  0.0000  0.0000 10.1191
156  84  0.0000  0.0000  0.0000
164  84  0.0000  0.0000  0.0000
172  84  0.0000  0.0000  0.0000
180  84  0.0000  0.0000  0.0000
188  84  0.0000  0.0000 11.1304
196  84  0.0000  0.0000  0.0000
204  84  0.0000  0.0000 11.1304
212  84  0.0000  0.0000  0.0000
220  84  0.0000  0.0000 11.1304
228  84  0.0000  0.0000  0.0000
236  84  0.0000  0.0000  0.0000
244  84  0.0000  0.0000  0.0000
252  84  0.0000  0.0000  0.0000
260  84  0.0000  0.0000  0.0000
268  84  0.0000  0.0000 11.1304
276  84  2.5000  0.1588 10.5785
284  84  0.0000  0.0000 11.1304
292  84  0.0000  0.0000 13.1641
  4  92  0.0000  0.0000 16.1088
 12  92  0.0000  0.0000 11.1304
 20  92 -0.0947  0.0272 14.6099
 28  92  0.2995 -0.0095  9.0913
 36  92 -0.1101 -0.0491 20.2295
 44  92 -0.1748 -0.0700  9.3263
 52  92  0.0000  0.0000 11.1304
 60  92  0.0000  0.0000 11.9011
 68  92  0.0000  0.0000  9.1323
 76  92  0.0000  0.0000  8.6413
 84  92  0.0000  0.0000  8.0000
 92  92  0.0000  0.0000  0.0000
100  92  0.0000  0.0000 11.1304
108  92 -0.3127  0.1061  9.8739
116  92  0.0000  0.0000 16.6956
124  92  0.0000  0.0000  0.0000
132  92 -0.2093 -0.0299 13.0089
140  92  0.0000  0.0000 12.0628
148  92 -1.3070 -0.0337 12.4709
156  92  0.0000  0.0000 13.5576
164  92  0.0000  0.0000  0.0000
172  92     NaN  0.0000 17.0667
180  92  1.8293 -0.5842  8.3510
188  92  0.0000  0.0000  0.0000
196  92  0.0000  0.0000  0.0000
204  92  0.0000  0.0000  0.0000
212  92  0.0000  0.0000  0.0000
220  92  1.3070 -0.0337 12.4709
228  92  0.0000  0.0000 20.7059
236  92 -0.2907 -0.0403 10.5761
244  92  0.0000  0.0000  0.0000
252  92 -0.5000  0.0000  8.8276
260  92  0.0000  0.0000  0.0000
268  92  0.0000  0.0000  0.0000
276  92  0.0000 -0.5000  8.8276
284  92  0.0000  0.0000 16.1088
292  92  0.0000  0.0000  0.0000
  4 100  0.0000  0.0000 11.1304
 12 100  0.0000  0.0000 11.3350
 20 100  0.0000  0.0000 11.1304
 28 100  0.0000  0.0000  9.2086
 36 100  0.0000  0.0000  8.3718
 44 100  0.0000  0.0000 11.9011
 52 100  0.0000  0.0000 18.9370
 60 100  0.0000  0.0000  0.0000
 68 100  0.0000  0.0000 11.1304
 76 100  0.0000  0.0000  0.0000
 84 100  0.0000  0.0000  0.0000
 92 100  0.0000  0.0000 11.1304
100 100  0.3491 -0.0272 10.8050
108 100  0.0000  0.0000 13.1204
116 100 -0.8247  0.0000  7.8596
124 100  0.0000  0.0000 11.1304
132 100  0.4043  0.4043  8.0000
140 100  0.0000  0.0000 11.1304
148 100  0.0000  0.0000  0.0000
156 100  0.0000  0.0000 11.1304
164 100  0.0000  0.0000  0.0000
172 100  0.0000  0.0000  0.0000
180 100  0.0000  0.0000  0.0000
188 100  0.0000  0.0000  0.0000
196 100  0.0000  0.0000  0.0000
204 100  0.0000  0.0000  0.0000
212 100  0.0000  0.0000  0.0000
220 100  0.0000  0.0000  0.0000
228 100  0.0000  0.0000  8.4768
236 100  0.0000  0.0000 17.0667
244 100  0.0000  0.0000  0.0000
252 100 -1.5000  0.0000  8.2581
260 100  0.0000  0.0000  0.0000
268 100  0.0000  0.0000  0.0000
276 100  0.0000  0.0000  0.0000
284 100 -0.4043  0.4043  8.0000
292 100  0.0000  0.0000 11.1304
  4 108  0.0000  0.0000  0.0000
 12 108  0.0000  0.0000 19.1045
 20 108  0.0000  0.0000  8.2581
 28 108  0.0000  0.1960 11.1304
 36 108  0.0000  0.0000 11.0903
 44 108  0.0000  0.0000  0.0000
 52 108  0.0418 -0.1521 12.6567
 60 108  0.0000  0.0000  0.0000
 68 108  0.0000  0.0000  0.0000
 76 108  2.5000  0.0000  8.8276
 84 108  0.0000  0.0000 16.1088
 92 108 -0.5000  0.0000  8.8276
100 108  0.0000  0.0000  0.0000
108 108  0.0000  0.0000 11.1304
116 108  0.0000  0.0000 11.1304
124 108  0.0000  0.0000 13.0803
132 108  0.0000  0.0000 16.1088
140 108  0.0000  0.0000 11.9011
148 108  0.0000  0.0000 16.1088
156 108  0.0000  0.0000 14.2222
164 108  0.0000  0.0000 11.1304
172 108  0.0000  0.0000  0.0000
180 108  0.0000  0.0000  0.0000
188 108  0.0000  0.0000  0.0000
196 108  0.0000  0.0000  0.0000
204 108  0.0000  0.0000  0.0000
212 108  0.0000  0.0000  0.0000
220 108  0.0000  0.0000  0.0000
228 108  0.0000  0.0000  0.0000
236 108  0.0000  0.0000 11.1304
244 108  0.0000  0.0000 16.1088
252 108  0.2780 -0.1270 13.3759
260 108  0.3127  0.1061  9.8739
268 108 -0.4043  0.4043  8.0000
276 108  0.0000  0.0000 11.1304
284 108  0.0000  0.0000  0.0000
292 108  0.0000  0.0000 11.1304
  4 116  0.0000  0.0000 16.7450
 12 116  0.0000  0.0000  9.2086
 20 116  0.0000  0.0000 16.1088
 28 116  0.0000  0.0000 12.0628
 36 116  0.0000  0.0000 11.1304
 44 116  0.0000  0.0000 21.1313
 52 116  0.0000  0.0000  9.4208
 60 116  0.0000  0.0000  0.0000
 68 116  0.0000  0.0000  0.0000
 76 116  0.1960  2.5000 11.1304
 84 116  0.0000  0.0000 11.9011
 92 116  0.0000  0.0000 16.1088
100 116  0.0000  0.0000 11.1304
108 116 -1.3070  0.0337 12.4709
116 116 -0.5000  0.0000  5.9112
124 116  0.0234 -0.1221 10.5109
132 116  0.0000  0.0000 11.1304
140 116  0.0000  0.0000 11.1304
148 116  0.0000  0.0000  0.0000
156 116  0.0000  0.0000 13.1641
164 116  0.0000  0.0000 11.1304
172 116  0.0000  0.0000 16.1088
180 116  0.0000  0.0000  0.0000
188 116  0.0000  0.0000  0.0000
196 116  0.0000  0.0000  0.0000
204 116  0.0000  0.0000  0.0000
212 116  0.0000  0.0000  0.0000
220 116  0.0000  0.0000  0.0000
228 116  0.0000  0.0000 11.1304
236 116  0.0000  0.0000 11.1304
244 116  0.0000  0.0000  0.0000
252 116  0.0000  0.0000  9.5632
260 116  0.0000 -0.1101  8.5742
268 116 -0.1313 -0.0812 16.9211
276 116  0.0000  0.0000 11.1304
284 116 -0.5000  0.0000  8.8276
292 116  0.0000  0.0000 11.1304
  4 124  0.0000 -0.0593  9.4016
 12 124  0.4337  0.0578  8.8276
 20 124  0.0000 -1.1711  9.1178
 28 124  0.0000  0.0000  8.0000
 36 124  0.2907 -0.0403 10.5761
 44 124  0.3078  0.1021  7.6998
 52 124  0.0000  0.0000 11.1304
 60 124  0.0000  0.0000  0.0000
 68 124  0.0000  0.0000  0.0000
 76 124  0.0000  0.0000 12.0455
 84 124  0.0000  0.0000 11.1304
 92 124  0.0000  0.0000 11.1304
100 124  0.0000  0.0000  0.0000
108 124  0.0000  0.0000  8.0000
116 124  0.0000  0.0000 11.9011
124 124  0.0000  0.0000  9.7047
132 124  0.0000  0.0000 16.1088
140 124  0.0000  0.0000 11.1304
148 124  0.0000  0.0000  0.0000
156 124  0.0000  0.0000  0.0000
164 124  0.0000  0.0000 16.1088
172 124  0.3947  0.0541  8.4887
180 124  0.0000  0.0000 11.1304
188 124  0.0000  0.0000  0.0000
196 124  0.0000  0.0000 11.1304
204 124  0.0000  0.0000 20.7059
212 124  0.0000  0.0000 11.1304
220 124  1.3070  0.0337 12.4709
228 124  0.0000  0.0000 11.1304
236 124  0.0000  0.0000 11.1304
244 124  0.0000  0.0000  0.0000
252 124  0.0000  0.0000  0.0000
260 124  0.0000  0.0000  0.0000
268 124  0.0000  0.0000 11.1304
276 124  0.0000  0.0000 17.2183
284 124  0.0000  0.0000  0.0000
292 124  0.0000  0.0000  0.0000
  4 132  0.0000  0.0000 15.4912
 12 132  0.0000  0.0000 20.7059
 20 132  0.0000  0.0000 12.0455
 28 132  0.0000  0.0000  0.0000
 36 132  0.0000  0.0000  0.0000
 44 132  0.0000  0.0000 11.1304
 52 132  0.0000  0.0000  0.0000
 60 132  0.0000  0.0000  0.0000
 68 132  0.0000  0.0000 16.1088
 76 132  0.0000  0.0000  9.4948
 84 132  0.0000  0.0000  0.0000
 92 132  0.0000  0.0000 11.1304
100 132  0.0000  0.0000  0.0000
108 132  0.0000  0.0000  0.0000
116 132  0.0000  0.0000  0.0000
124 132  0.0000  0.0000  0.0000
132 132  0.0000  0.0000  0.0000
140 132  0.0000  0.0000 11.1304
148 132  0.0000  0.0000  0.0000
156 132  0.0000  0.0000 11.1304
164 132  0.0000  0.0000 16.1088
172 132  0.0000  0.0000 20.7059
180 132  0.5000  0.0000 11.1304
188 132  0.0000  0.0000  0.0000
196 132  0.0000  0.0000  0.0000
204 132  0.0000  0.0000 11.1304
212 132  0.0000  0.0000  0.0000
220 132  0.6306 -0.1105 11.2757
228 132  0.1562  0.2821  7.0932
236 132  0.0000  0.0000  0.0000
244 132  0.0000  0.0000 19.4783
252 132  0.0000  0.0000 20.7059
260 132  0.0000  0.0000  0.0000
268 132  0.0000  0.0000  0.0000
276 132  0.1960  0.0000 11.1304
284 132  0.0000  0.0000  0.0000
292 132  0.0000  0.0000  0.0000
  4 140  0.0000  0.0000 11.1304
 12 140 -0.5000  0.0000  8.8276
 20 140  0.0000  0.0000 16.1088
 28 140 -1.0000  0.0000  9.2850
 36 140  0.0000  0.0000  8.2581
 44 140  0.0000  0.0000  0.0000
 52 140  0.0000  0.0000  0.0000
 60 140  0.0000  0.0000  0.0000
 68 140  0.0000  0.0000 12.0455
 76 140  0.0000  0.0000  0.0000
 84 140  0.0000  0.0000  0.0000
 92 140  0.0000  0.0000 11.1304
100 140  0.0000 -0.0158 17.0667
108 140  0.0000  0.0000  0.0000
116 140 -1.5000  0.0000  8.2581
124 140  0.0000  0.0000  0.0000
132 140  0.0000  0.0000 11.1304
140 140  0.0000  0.0000  0.0000
148 140  0.0000  0.0000  0.0000
156 140  0.0000  0.0000  0.0000
164 140  0.0000  0.0000 11.1304
172 140  0.0000  0.0000 16.1088
180 140  0.0000  0.0000  0.0000
188 140  1.5000  2.5000  7.4357
196 140  0.0000  0.0000 11.1304
204 140  0.0000  0.0000  0.0000
212 140  0.0000  0.0000 11.1304
220 140  0.0000  0.0000 11.1304
228 140  0.0000  0.0000  0.0000
236 140  0.0000  0.0000 11.1304
244 140  0.0000  0.0000 19.1045
252 140  0.0000  0.0000 19.4783
260 140  0.0000  0.0000 16.1088
268 140  0.0000  0.0000  0.0000
276 140 -1.0000  0.0000  8.2581
284 140  0.0000  0.0000  0.0000
292 140  0.0000  0.0000  0.0000
  4 148 -0.1574  0.1514 13.2548
 12 148  0.0000  0.0000 16.1088
 20 148  0.0000  0.1820 11.3219
 28 148  0.5000 -0.2012  9.9121
 36 148  0.0000  0.0000  0.0000
 44 148  0.0000  0.0000  0.0000
 52 148  0.0000  0.0000  0.0000
 60 148  0.0000  0.0000 16.1088
 68 148  0.0000  0.0000 11.1304
 76 148  0.0000  0.0000  0.0000
 84 148  0.0000  0.0000  0.0000
 92 148  0.0000  0.0000 11.1304
100 148  0.0000  0.0000  0.0000
108 148  0.0000  0.0000  0.0000
116 148  0.0000  0.0000 11.1304
124 148  0.0000  0.0000 11.1304
132 148  0.0000  0.0000 16.1088
140 148  0.0000  0.0000  0.0000
148 148  0.0000  0.0000 11.1304
156 148  0.0000  0.0000  0.0000
164 148 -0.1912  0.0000 12.4272
172 148  0.0000  0.0000 11.1304
180 148  0.0000  0.0000 11.1304
188 148  2.5000  0.0000  8.8276
196 148  0.0000  0.0000 11.1304
204 148  0.0000  0.0000 12.0628
212 148  0.0000  0.0000 16.1088
220 148  0.0000  0.0000  0.0000
228 148  0.0000  0.0000 11.1304
236 148  0.0000  0.0000 13.5576
244 148  0.0000  0.0000 22.2609
252 148  0.0000  0.0000 11.1304
260 148  0.0000  0.0000 16.1088
268 148  0.0000  0.0000  0.0000
276 148  0.1151  0.1151 16.5161
284 148  0.0000  0.0000 19.1045
292 148  0.0000  0.0000  0.0000
  4 156  0.0000  0.0000 16.1088
 12 156 -0.5000  2.5000  4.0635
 20 156  0.0000  0.0000 16.1088
 28 156  0.0000  0.0000 11.9011
 36 156 -0.5000  0.0000  8.8276
 44 156  0.0000  0.0000 11.1304
 52 156  0.0000  0.0000 11.1304
 60 156  0.0000  0.0000 11.1304
 68 156  0.0000  0.0000  0.0000
 76 156  0.0000  0.0000  0.0000
 84 156  0.0000  0.0000 16.1088
 92 156 -0.1546  0.0660 18.6254
100 156  0.0000  0.0000  0.0000
108 156  0.0000  0.0000  0.0000
116 156  0.0000  0.0000 16.1088
124 156  0.0000  0.0000 16.1088
132 156  0.0000  0.0000 11.1304
140 156  0.0000  0.0000  0.0000
148 156  0.0000  0.0000  0.0000
156 156  0.0000  0.0000 13.5576
164 156  0.0000  0.0000 13.0803
172 156  0.0000  0.0000  0.0000
180 156  0.0000  0.0000  0.0000
188 156  0.0000  0.0000  0.0000
196 156  0.0000  0.0000 11.1304
204 156  0.0000  0.0000  0.0000
212 156  0.0000  0.0000  0.0000
220 156  0.0000  0.0000 16.1088
228 156  0.0000  0.0000  0.0000
236 156  0.0000  0.0000  0.0000
244 156  0.0000  0.0000  0.0000
252 156  0.0000  0.0000  0.0000
260 156  0.0000  0.0000 17.0667
268 156  0.0000  0.0000 22.2609
276 156  0.0000  0.0000 11.1304
284 156  0.0418  0.1521 12.6567
292 156  0.0000  0.0000  0.0000
  4 164  0.0000  0.0000  0.0000
 12 164  0.0000  0.0000  0.0000
 20 164  0.0000  0.0000 11.1304
 28 164  0.0000  0.0000 16.1088
 36 164  0.0000  0.0000  0.0000
 44 164  0.0000  0.0000 11.1304
 52 164  0.0000  0.0000 11.1304
 60 164  0.0000  0.0000 11.1304
 68 164  0.0000  0.0000  0.0000
 76 164  0.0000  0.0000  0.0000
 84 164  0.0000  0.0000 22.2609
 92 164  0.0000  0.0000 11.1304
100 164  0.0000  0.0000  0.0000
108 164  0.0000  0.0000  0.0000
116 164  0.0000  0.0000  0.0000
124 164  0.0000  0.0000 11.1304
132 164  0.0000  0.0000 11.1304
140 164  0.0000  0.0000  0.0000
148 164  0.0000  0.0000  0.0000
156 164  0.0000  0.0000  8.2581
164 164  0.0000  0.0000 12.0628
172 164  0.0000  0.0000 11.1304
180 164  0.0000  0.0000  0.0000
188 164  0.0000  0.0000 11.1304
196 164  2.5000  0.0000  8.8276
204 164  0.0000  0.0000  0.0000
212 164  0.0000  0.0000  0.0000
220 164  0.0000  0.0000  8.2581
228 164  0.0000  0.0000  0.0000
236 164  0.0000  0.0000 11.1304
244 164  0.0000  0.0000 11.1304
252 164  0.0000  0.0000 16.1088
260 164  0.0000  0.0000  0.0000
268 164  0.0000  0.0000 19.4783
276 164  0.0000  0.0000 11.1304
284 164  0.0000  0.0000 22.2609
292 164  0.0000  0.0000  0.0000
  4 172  0.0000  0.0000  1.0000
 12 172  0.0000  0.0000  0.0000
 20 172  0.1960  0.0000 11.1304
 28 172  0.0000  0.0000  0.0000
 36 172  0.0000  0.0000  1.0000
 44 172  0.0000  0.0000 16.1088
 52 172 -1.0000  0.0640 12.3173
 60 172 -0.1760  0.0000 15.0588
 68 172  0.0000  0.0000  0.0000
 76 172  0.0000  0.0000 11.1304
 84 172  0.0000  0.0000 11.1304
 92 172  0.0000  0.0000 11.1304
100 172  0.0000  0.0000  0.0000
108 172  0.0000  0.0000 16.1088
116 172  0.0000  0.0000 11.1304
124 172  0.0000  0.0000  0.0000
132 172  0.0000  0.0000 16.1088
140 172  0.5000  0.0000  8.4768
148 172  0.0000  0.0000 11.1304
156 172  0.0000  0.0000  0.0000
164 172  0.0000  0.0000 14.5615
172 172  0.0000  0.0000 11.1304
180 172  0.0000  0.0000 11.1304
188 172  0.0000  0.0000 11.1304
196 172 -0.1151  0.1151 16.5161
204 172  0.0000  0.0000  0.0000
212 172  0.0000  0.0000  0.0000
220 172  0.0000  0.0000  0.0000
228 172  0.0000  0.0000  0.0000
236 172  0.0000  0.0000  0.0000
244 172  0.0000  0.0000  0.0000
252 172  0.0000  0.0000  0.0000
260 172  0.0000  0.0000  0.0000
268 172  0.0000  0.0000  0.0000
276 172  0.0000  0.0000  0.0000
284 172  0.0000  0.0000 11.1304
292 172  0.0000  0.0000  0.0000
  4 180  0.0000  0.0000  0.0000
 12 180  0.0000  0.0000  0.0000
 20 180  0.0000  0.0000 12.0455
 28 180  0.0000  0.0000  0.0000
 36 180  0.0000  0.0000 17.2183
 44 180  0.0000  0.0000  8.8276
 52 180  1.5000 -0.0448  8.9013
 60 180  0.0000  0.0000 12.0455
 68 180  0.0000  0.0000  0.0000
 76 180  0.0000  0.0000 22.2609
 84 180  0.0000  0.0000 20.7059
 92 180 -0.2780  0.1270 13.3759
100 180  0.0000  0.0000  0.0000
108 180  0.0000  0.0000  9.2850
116 180  0.4043  0.4043  8.0000
124 180  0.1357 -0.2503 11.6825
132 180  0.0000  0.0000  0.0000
140 180  0.0000  0.0000  0.0000
148 180  0.0000  0.0000 19.1045
156 180  0.0000  0.0000  0.0000
164 180  0.0218  0.2266 12.8350
172 180  0.0000  0.0000  0.0000
180 180  0.0000  0.0000  0.0000
188 180  0.0000  0.0000 11.1304
196 180  0.0000  0.0000 11.1304
204 180  0.0000  0.0000  0.0000
212 180  0.0000  0.0000  8.2581
220 180 -0.1960 -0.5000 11.1304
228 180  0.0000  0.0000 11.1304
236 180  0.0000  0.0000 16.1088
244 180  0.0000  0.0000  0.0000
252 180  0.0000  0.0000  0.0000
260 180  0.0000  0.0000  0.0000
268 180  0.0000  0.0000  0.0000
276 180  0.0000  0.0000 11.1304
284 180  0.0000  0.0000 11.1304
292 180  0.0000  0.0000 11.1304
  4 188  0.0000  0.0000 11.1304
 12 188  0.0000  0.0000 11.1304
 20 188 -0.5000  0.0000 11.1304
 28 188  0.0000  0.0000 11.1304
 36 188  0.0000  0.0000 22.2609
 44 188 -0.0382  0.1028 16.6166
 52 188  2.5000  0.0391  9.3822
 60 188  0.4130 -0.3679  7.6027
 68 188  0.0000  0.0000 11.1304
 76 188  0.0000  0.0000  0.0000
 84 188  0.0000  0.0000  8.2581
 92 188  0.0000  0.0000  0.0000
100 188  0.0000  0.0000  0.0000
108 188  0.0000  0.0000 16.1088
116 188  0.0000  0.0000 16.1088
124 188  0.0000  0.0000 13.6955
132 188  0.0000  0.0000  0.0000
140 188  0.0000  0.0000  0.0000
148 188  0.0000  0.0000 16.1088
156 188  2.3162 -0.1023  9.7439
164 188  0.0000  0.0000 12.0628
172 188  0.0000  0.0000 11.1304
180 188  0.0000  0.0000  0.0000
188 188  0.0000  0.0000 11.1304
196 188  0.1068  0.3135 15.1963
204 188  0.1927  0.0788 17.1842
212 188  0.0000  0.0000 11.1304
220 188  0.0000  0.0000  0.0000
228 188  0.0000  0.0000 11.1304
236 188  0.0000  0.0000 11.1304
244 188     NaN  0.0000 17.0667
252 188  0.0000  0.0000  0.0000
260 188  0.0000  0.0000  0.0000
268 188  0.0000  0.0000  0.0000
276 188 -1.5000  0.0000  8.2581
284 188  0.0000  0.0000  0.0000
292 188  0.0000  0.0000 11.1304
  4 196  0.0000  0.0000 16.1088
 12 196 -0.0418  0.1521 12.6567
 20 196  0.0000  0.0000 19.1045
 28 196  0.0000  0.0000 11.1304
 36 196  0.0000  0.0000  0.0000
 44 196  0.0000  0.0000  0.0000
 52 196  0.1960  0.0000 11.1304
 60 196  0.0000  0.0000 11.1304
 68 196  0.1439 -0.0853 11.4193
 76 196  0.0000  0.0000 11.1304
 84 196  0.0000  0.0000 16.1088
 92 196  0.0000  0.0000 11.1304
100 196  0.0000  0.0000  0.0000
108 196  0.0000  0.0000 17.0667
116 196  0.0000  0.0000 11.1304
124 196  0.0000  0.0000  8.7810
132 196  0.0000  0.0000  0.0000
140 196 -0.5000  0.0000  8.8276
148 196  5.0000  0.1876  8.5995
156 196  0.0000  0.0000  0.0000
164 196  0.0000  0.0000 12.0628
172 196  0.0000  0.0000  0.0000
180 196  0.0000  0.0000  0.0000
188 196  0.0000  0.0000  0.0000
196 196  0.0000  0.0000 16.1088
204 196  0.1760  0.0000 15.0588
212 196  0.0000  0.0000  0.0000
220 196  0.0000  0.0000  0.0000
228 196  0.0000  0.0000  0.0000
236 196  0.0000  0.0000 11.1304
244 196  0.0000  0.0000  0.0000
252 196  0.0000  0.0000  0.0000
260 196  0.0000  0.0000  0.0000
268 196  0.0000  0.0000  0.0000
276 196 -0.1050     NaN  6.8903
284 196  0.0000  0.0000  0.0000
292 196  0.0000  0.0000  0.0000
  4 204  0.0000  0.0000 11.1304
 12 204  0.0000  0.0000 11.1304
 20 204  0.0000  0.0000 11.1304
 28 204  0.0000  0.0000 11.1304
 36 204  0.0000  0.0000 11.1304
 44 204 -0.0654  2.5000  8.9154
 52 204  2.7933 -0.5000 13.4737
 60 204  0.0000  0.0000 11.9011
 68 204  0.0000  0.0000 22.2609
 76 204  0.0000  0.0000 11.1304
 84 204  0.0000  0.0000 16.1088
 92 204  0.0467 -0.0025  6.6236
100 204  0.0000  0.0000  8.6624
108 204  0.0000  0.0000  7.3071
116 204  0.0000  0.0000  0.0000
124 204  0.0000  0.0000 13.7544
132 204  0.0000  0.0000 13.0803
140 204  0.0000  0.0000  8.0000
148 204  0.0000  0.0000  0.0000
156 204  0.0000  0.0000  0.0000
164 204  0.0000  0.0000 12.0628
172 204  0.0000  0.0000  0.0000
180 204  0.0000  0.0000 11.1304
188 204  0.0000  0.0000  0.0000
196 204  0.0000  0.0000  0.0000
204 204  0.0000  0.0000 22.2609
212 204  0.0000  0.0000 11.1304
220 204  0.0000  0.0000 11.1304
228 204  0.0000  0.0000 16.1088
236 204  0.0000  0.0000  0.0000
244 204  0.0000  0.0000  0.0000
252 204  0.0000  0.0000  0.0000
260 204  0.0000  0.0000  0.0000
268 204  0.0000  0.0000  0.0000
276 204  0.0000  0.0000  0.0000
284 204  0.0000  0.0000 11.1304
292 204  0.0000  0.0000 16.1088
  4 212  0.0000  0.0000 11.1304
 12 212  0.0000  0.0000 11.1304
 20 212  0.0000  0.0000 11.1304
 28 212  0.0000  0.0000 11.1304
 36 212  0.0000  0.0000  0.0000
 44 212  0.0000  0.0000 11.1304
 52 212  0.0000  0.0000 16.1088
 60 212  0.0000  0.0000  0.0000
 68 212  0.0000  0.0000  0.0000
 76 212  0.0000  0.0000  0.0000
 84 212 -1.0000  0.0000  9.2850
 92 212  0.0000  0.0000  7.2119
100 212 -0.0036 -0.0195  8.0559
108 212  0.0000  0.0000  8.6927
116 212  0.0000  0.0000  0.0000
124 212  0.0000  0.0000 11.1304
132 212  0.0000  0.0000  0.0000
140 212  0.0000  0.0000 13.0803
148 212  0.0000  0.0000  0.0000
156 212  0.0000  0.0000 11.1304
164 212  0.0000  0.0000 12.0628
172 212  0.0000  0.0000 11.1304
180 212  0.0000  0.0000 11.1304
188 212  0.0000  0.0000  0.0000
196 212  0.0000  0.0000 17.0667
204 212  0.0000  0.0000 11.1304
212 212  0.0000  0.0000  0.0000
220 212  0.0000  0.0000 16.1088
228 212  0.0000  0.0000  0.0000
236 212  0.0000  0.0000  0.0000
244 212  0.0000  0.0000  0.0000
252 212  0.0000  0.0000  0.0000
260 212  0.0000  0.0000  0.0000
268 212  0.0000  0.0000 11.1304
276 212  0.0000  0.0000 11.1304
284 212  0.0000  0.0000 11.1304
292 212  0.0000  0.0000  0.0000
  4 220  0.0000  0.0000 16.1088
 12 220  0.0000  0.0000 16.1088
 20 220  0.0000  0.0000 11.1304
 28 220  0.0000  0.0000 11.1304
 36 220  0.0000  0.0000 11.1304
 44 220  0.0000  0.0000 12.5902
 52 220  0.0000  0.0000 11.1304
 60 220  0.0000  0.0000  0.0000
 68 220  0.0000  0.0000 11.1304
 76 220  0.0000  0.0000  0.0000
 84 220 -0.1151 -0.1151 16.5161
 92 220  0.0000  0.0000 16.1088
100 220  0.0000  0.0000 11.1304
108 220  0.0000  0.0000  0.0000
116 220  0.0000  0.0000 20.7059
124 220  0.0000  0.0000 12.0628
132 220  0.0000  0.0000 11.9011
140 220  0.0000  0.0000 20.7059
148 220  0.0000  0.0000  0.0000
156 220  0.0000  0.0000  0.0000
164 220  0.0000  0.0000 12.0455
172 220  0.0000  0.0000 11.1304
180 220  0.0000  0.0000 11.1304
188 220  0.0000  0.0000  0.0000
196 220  0.0000  0.0000  0.0000
204 220  0.0000  0.0000 16.1088
212 220  0.0000  0.0000 16.1088
220 220  0.0000  0.0000 11.1304
228 220  0.0000  0.0000  0.0000
236 220  0.0000  0.0000  0.0000
244 220  0.0000  0.0000  0.0000
252 220  0.0000  0.0000  0.0000
260 220  0.0000  0.0000  0.0000
268 220  0.0000  0.0000  0.0000
276 220  0.0000  0.0000 11.1304
284 220 -0.1834  0.0484 13.7039
292 220  0.0000  0.0000  0.0000
