VARIABLES= "X pix", "Y pix", "U pix/dt", "V pix/dt", "CHC", ZONE I=28, J=37
  4   4  0.1008  0.0000 10.6174
 12   4 -0.0242  0.0000 10.9708
 20   4 -0.1295  0.0000 10.9708
 28   4 -0.0862  0.0000 11.7274
 36   4 -0.0251  0.0000 11.0456
 44   4 -0.0407  0.0000 11.0456
 52   4 -0.0533  0.0164 11.8334
 60   4  0.0162 -0.0425 10.5955
 68   4  0.0129  0.0000 10.9708
 76   4  0.0006 -0.0146 10.8771
 84   4  0.0187 -0.0033 10.8808
 92   4 -0.0015  0.0093 11.0362
100   4 -0.0088  0.0575 12.3508
108   4  0.0096  0.0010 12.6611
116   4  0.0000  0.0572 12.7030
124   4  0.0000  0.0181 11.3868
132   4  0.0095  0.0391 12.2380
140   4  0.0000  0.0365 12.2274
148   4  0.0668  0.0000 11.7754
156   4  0.1591  0.0000 11.6152
164   4  0.2115  0.0000 11.3073
172   4  0.2156  0.0000 11.9577
180   4  0.1723  0.0000 11.7754
188   4  0.0925  0.0000 11.7754
196   4  0.0226  0.0000 11.7754
204   4  0.0000  0.0000 11.9407
212   4  0.0082  0.0000 11.4769
220   4  0.0677  0.0000 11.5182
228   4  0.0477  0.0000 10.2045
236   4  0.0000  0.0000 10.5223
244   4 -0.1034  0.1355  9.6032
252   4 -0.0018  0.0000 10.7291
260   4  0.0639  0.0151 10.6661
268   4  0.0236  0.0602 10.3119
276   4  0.0172 -0.0151 11.9337
284   4  0.0000  0.1179 12.4808
292   4 -0.0139 -0.0485 12.2937
  4  12 -0.0302  0.0000  9.9617
 12  12 -0.0471 -0.0427 12.2601
 20  12 -0.0569  0.0000 13.4652
 28  12 -0.0652 -0.2817 10.6181
 36  12  0.0854  0.0669 12.4610
 44  12  0.0000  0.1614 11.7772
 52  12  0.0205 -0.0167 22.9463
 60  12 -0.0280  0.0029 13.1618
 68  12 -0.0081  0.0000 18.9973
 76  12  0.0274  0.0000 12.1497
 84  12  0.0759  0.1148  9.8268
 92  12  0.1029  0.0000  9.7370
100  12  0.1035  0.0000  8.5061
108  12  0.0856 -0.0295 13.2497
116  12  0.0313  0.0000 10.4724
124  12 -0.0313  0.0121 11.3060
132  12 -0.0796  0.0000 10.8049
140  12 -0.0746  0.0000 11.5729
148  12  0.0609  0.0248 11.2551
156  12 -0.0251  0.0000 11.2680
164  12 -0.0291  0.0000 14.1799
172  12 -0.0229  0.0000  9.8773
180  12  0.0823  0.0062 11.4659
188  12  0.0849  0.0000 12.2977
196  12  0.0540  0.0000 12.1373
204  12 -0.0000  0.0000  9.8462
212  12 -0.0045  0.0000 13.3837
220  12 -0.0137  0.0000 18.0823
228  12 -0.0293  0.0000 14.4906
236  12 -0.0377  0.0000 11.2941
244  12 -0.0349  0.3882  8.7621
252  12 -0.0509  0.0000 10.6163
260  12 -0.0255  0.3082 11.3015
268  12 -0.0277  0.0000  8.6732
276  12 -0.0170 -0.0294  8.3934
284  12 -0.0207  0.0000  7.0945
292  12 -0.0021 -0.0085  7.1790
  4  20 -0.0109  0.0270 16.9485
 12  20 -0.0422  0.0030 13.8243
 20  20  0.0112  0.0000 14.3995
 28  20  0.0000  0.0825 12.9750
 36  20  0.0000  0.0206 12.2536
 44  20 -0.0127  0.0000 12.4141
 52  20 -0.0456 -0.0613  9.9497
 60  20 -0.1534  0.0000 15.1370
 68  20 -0.2164  0.0000 15.3658
 76  20  0.0030 -0.0124 12.1316
 84  20 -0.0284 -0.0101 14.0545
 92  20 -0.0557  0.0008 11.9124
100  20 -0.0218  0.0000 12.3401
108  20  0.0375  0.0000 11.7169
116  20  0.0340 -0.0027 16.2939
124  20  0.0514  0.0000 15.3434
132  20 -0.0337  0.0422 14.4374
140  20 -0.0000  0.0000 14.4665
148  20 -0.0008  0.0027 15.0163
156  20 -0.0185  0.0000 13.8502
164  20 -0.0159  0.0014 13.6976
172  20  0.0089  0.0035 18.6312
180  20 -0.0060  0.0083 15.6275
188  20 -0.0175  0.0000 19.1155
196  20 -0.0155  0.0000 19.2131
204  20 -0.0096  0.0000 28.9590
212  20 -0.0018  0.0000 24.3712
220  20  0.0238  0.0000 12.8317
228  20  0.0567  0.0320  9.0551
236  20 -0.0000  0.0000 19.0476
244  20  0.0122 -0.0555 20.1957
252  20 -0.1096 -0.0233 13.5062
260  20 -0.1494  0.1593  8.2020
268  20 -0.0197 -0.0512  6.3732
276  20  0.1065  0.0021 15.1515
284  20 -0.1614  0.0000 13.7399
292  20 -0.4132  0.1594 16.3643
  4  28 -0.2787  0.0000  8.9014
 12  28  0.1146  0.0138  9.3378
 20  28 -0.0035 -0.0101 10.7755
 28  28 -0.0086  0.0121 10.1806
 36  28  0.0152  0.0000 10.5668
 44  28  0.0021  0.0003 10.3356
 52  28 -0.0012 -0.0000 10.1729
 60  28 -0.0002 -0.0182 10.1613
 68  28  0.0021  0.0094 10.5030
 76  28  0.0082  0.0000 10.8792
 84  28 -0.0201  0.0000  9.5346
 92  28 -0.0247 -0.0018  9.5104
100  28  0.0076 -0.0242 11.9426
108  28  0.0000  0.0000 13.7637
116  28 -0.0027  0.0000  8.9925
124  28  0.0030  0.0075  9.4278
132  28  0.0022  0.0000  8.4370
140  28 -0.0001  0.0000  8.9409
148  28 -0.0016  0.0015  8.9837
156  28  0.0036 -0.0028 20.0221
164  28 -0.0209 -0.0302 16.2892
172  28  0.0197 -0.0575 17.1719
180  28 -0.0064  0.0065 21.3669
188  28 -0.0114  0.0014 13.6107
196  28  0.0208  0.0000  8.6396
204  28  0.0463  0.0000  9.0066
212  28 -0.1207  0.0000  9.6106
220  28 -0.2694  0.0000  9.3272
228  28 -0.2265  0.0000  8.9889
236  28  0.0131  0.0187  8.6724
244  28  0.0090  0.0022  8.9406
252  28  0.0057 -0.0232 10.4331
260  28  0.0236 -0.0033 15.0797
268  28  0.0091  0.0013 12.1481
276  28 -0.8375  0.0000 26.9167
284  28 -0.7325  0.0000 14.4186
292  28 -0.2205  0.0000 11.1603
  4  36 -0.0267  0.0000  7.4217
 12  36 -0.0016  0.0004  7.1508
 20  36  0.0724  0.0000  6.6026
 28  36  0.1396  0.0000  6.5305
 36  36  0.0817  0.0000  6.9763
 44  36  0.0190  0.0000  7.1381
 52  36 -0.0099  0.0000  8.2581
 60  36  0.0000 -0.0433  8.0897
 68  36  0.0056  0.0000 10.2089
 76  36  0.0087  0.0000 11.4787
 84  36  0.0014  0.0000 12.3457
 92  36  0.0101 -0.0069  9.5403
100  36  0.0312 -0.0336  9.2141
108  36  0.0000  0.0000  7.1712
116  36  0.0160  0.0859  7.1149
124  36  0.0135  0.0000  8.3399
132  36  0.0090  0.0000  0.0000
140  36 -0.0704  0.0000 13.4344
148  36 -0.1138  0.0000  5.7290
156  36 -0.0094  0.0062 13.6537
164  36  0.0203 -0.0015 13.9890
172  36  0.0020 -0.0072 15.2235
180  36  0.0210 -0.0004 13.1601
188  36  0.0013  0.0203 10.1088
196  36  0.0000 -0.0413 13.8915
204  36 -2.3963  0.0000 15.1250
212  36 -1.7877  0.0000 12.4405
220  36 -0.3470  0.0000 14.4906
228  36 -0.0073  0.0000 13.7993
236  36  0.0708  0.0000  8.5951
244  36  0.1546  0.0000 11.0903
252  36  0.2540  0.3730  8.9704
260  36  0.1186  0.0000  8.4696
268  36  0.0045  0.0000 12.3186
276  36 -0.0560  0.0000  9.4841
284  36 -0.0334  0.0000  9.6766
292  36  0.0065  0.0000  8.8789
  4  44  0.0327  0.0000  9.4208
 12  44  0.0000  0.2730 10.6474
 20  44  0.0000  0.0000 13.8995
 28  44  0.0059  0.0000 15.4368
 36  44 -0.0188 -0.1250 12.9868
 44  44 -0.0359  0.0000 10.3707
 52  44 -0.0095  0.2027  8.1783
 60  44  0.0000  0.0000  7.4680
 68  44 -0.0420  0.0000  6.7869
 76  44 -0.0479  0.0000  8.9379
 84  44  0.0000  0.5000  8.0688
 92  44  0.1960  0.0000 11.1304
100  44 -0.1960  0.0000 11.1304
108  44  0.0021  0.0000  0.0000
116  44  0.3184  0.0000  0.0000
124  44  0.1140 -0.1079 19.3902
132  44 -4.5000  0.0830 13.8795
140  44 -2.5815  0.0000  0.0000
148  44 -0.0084  0.0828  5.7729
156  44  0.0130 -0.0013 17.6245
164  44  0.0252 -0.0034 11.7754
172  44  0.0327  0.0000 14.2996
180  44  0.0105  0.0031 13.6772
188  44  0.0000  0.0000  9.6845
196  44 -0.0436  0.0000 12.9245
204  44 -0.0880 -0.0264  7.7477
212  44 -0.0422  0.0000  7.4479
220  44  0.0191  0.0000  9.4135
228  44  0.0765  0.0225 11.5566
236  44  0.0371  0.0000 12.2639
244  44  0.0384  0.0000 10.6057
252  44  0.0101 -0.1409 14.0895
260  44  0.0981  0.0070 17.1564
268  44 -0.0483  0.0000 11.0903
276  44  0.1120  0.0000 11.0903
284  44  0.0295  0.0000 10.8982
292  44 -0.0329  0.0000 10.5211
  4  52 -0.0207 -0.1336  9.0353
 12  52  0.0019  0.0000  7.8049
 20  52 -0.0251  0.0600  8.6768
 28  52 -0.2368  0.0000 16.1088
 36  52 -0.2160  0.0000  0.0000
 44  52 -0.0847  0.0000 11.1304
 52  52 -0.5273  0.0000  0.0000
 60  52 -2.3463  0.0000  0.0000
 68  52 -1.5647  0.0000  0.0000
 76  52 -0.2727  0.0000  0.0000
 84  52 -0.1375  0.0000 11.1304
 92  52 -0.1180 -0.5000  9.2850
100  52 -0.0875  0.0000 11.1304
108  52 -0.0435  0.0000 17.2183
116  52  0.0000 -0.5000  8.8276
124  52  0.0281  0.0000 11.1304
132  52  0.1121  0.0000  0.0000
140  52  0.0402  0.0000  9.4208
148  52  0.0329 -0.0161  6.2939
156  52 -0.0114  0.0167 27.6212
164  52  0.0091  0.0162 13.0113
172  52 -0.0008 -0.0274 10.7303
180  52 -0.2157  0.0000 24.5521
188  52 -0.1020  0.0000  8.6351
196  52 -0.2080  0.2715 12.3107
204  52  0.3118 -0.0945 14.5907
212  52  0.0579 -0.2001 13.7634
220  52 -0.0475  0.0000 12.7546
228  52 -0.0190  0.0000 12.1260
236  52  0.0000  0.0247 14.8421
244  52  0.0678  0.0431 10.0060
252  52 -0.1903  0.0000 14.9157
260  52 -0.3009  0.0000 12.8600
268  52  0.0106 -0.2269 11.3584
276  52 -0.0122 -0.0924 11.1554
284  52  0.0934  0.0000 14.3074
292  52  0.0751  0.0000 16.6956
  4  60  0.0130  0.0000  0.0000
 12  60 -0.3863  0.0000 11.1304
 20  60 -0.6426  0.0000  0.0000
 28  60 -0.2433  0.0000  0.0000
 36  60 -0.0340  0.0000  4.0635
 44  60 -0.0102  0.0000 11.1304
 52  60  0.0922  0.0000 17.0667
 60  60  0.4335  0.0000 11.1304
 68  60  0.1245  0.0000  0.0000
 76  60  0.1960 -0.5000 11.1304
 84  60  0.1651  0.0000  9.5632
 92  60  0.1780 -0.2756  7.6418
100  60 -0.1798  0.0246 17.0238
108  60 -0.5000 -0.5000  4.0635
116  60  0.0417 -0.1134  7.3143
124  60  0.2761  0.0806  9.3746
132  60  0.3214  0.0000  0.0000
140  60  0.1398  0.0000 12.8622
148  60 -0.0130  0.0141  5.8673
156  60  0.0005  0.0000  5.8857
164  60  0.0128 -0.0034  5.8581
172  60  0.0000  0.0000  5.8981
180  60 -0.0015 -0.0234  5.8493
188  60  0.0027 -0.0072  5.6322
196  60  1.3548  0.0000  7.3911
204  60  1.8488  0.0000 11.1304
212  60  2.5000  0.0000  8.8276
220  60  1.5462  0.0000 11.1304
228  60  0.4453  0.0000 11.1304
236  60 -0.4771  0.0000 11.1304
244  60 -1.0401  1.0311  8.3592
252  60  0.0373  0.8557 10.0619
260  60  0.2606  0.0000 13.3851
268  60  0.0385  0.0000  8.7453
276  60  0.0523 -0.0928 12.9129
284  60  0.8288  0.0412  9.9740
292  60 -0.0905  0.3654  7.7363
  4  68 -0.0159  0.0000  0.0000
 12  68  0.1204  0.0000  0.0000
 20  68  0.2470  0.0000  0.0000
 28  68 -0.0095  0.0000  0.0000
 36  68 -0.2314  0.0000  0.0000
 44  68  0.0000  0.1960 11.1304
 52  68  0.2372  0.0000 17.0667
 60  68  0.1353  0.0000 11.1304
 68  68  0.1948  0.0000  0.0000
 76  68  0.3260 -0.0724 10.0409
 84  68 -0.1126 -0.0129 10.2975
 92  68  0.1979  0.0663  8.1664
100  68 -0.1668  0.0000 17.7193
108  68  0.2093  0.0299 13.0089
116  68  0.7525  0.0000 16.1088
124  68  2.5000 -0.0391  9.3822
132  68  2.0518  0.0000  8.4768
140  68  1.7355  0.0000 11.1304
148  68  1.5296  0.0000 12.3230
156  68  0.4546  0.0000 11.1304
164  68 -0.1024  0.0000 16.1088
172  68 -0.1238  0.0000  0.0000
180  68  1.2980  0.0000 14.5615
188  68  0.9504  0.0000 11.1304
196  68  0.1934  0.0000  0.0000
204  68  0.1789  0.0000  0.0000
212  68  0.4338  0.0000  0.0000
220  68  0.0127  0.0000  0.0000
228  68 -0.0721  0.0000 11.1304
236  68 -0.0061  0.0000 11.1304
244  68  0.3127 -0.1061  9.8739
252  68  0.1487  0.0000 16.1088
260  68 -0.0433  0.0000 16.1088
268  68 -0.0418 -0.1521 12.6567
276  68  0.1717 -0.4043 10.4490
284  68 -0.2301  0.0403 10.2907
292  68 -0.0629  0.0000 16.6956
  4  76  0.0857  0.0000 11.1304
 12  76 -0.0714  0.0000  0.0000
 20  76  0.0850  0.0000  0.0000
 28  76 -0.4949  0.0000 11.1304
 36  76 -0.2170  0.0000 17.0667
 44  76 -0.1631  0.0147 13.3694
 52  76  0.4043  0.4043  8.0000
 60  76  0.4790  0.0000 11.1304
 68  76 -0.0557  0.0632 16.2106
 76  76  1.0756 -0.0431  7.0865
 84  76 -0.0317  0.3607  7.5464
 92  76  0.0264  0.1697 10.5156
100  76  0.1057  0.0293  8.3380
108  76  2.5000  0.0000  8.8276
116  76  1.2822  0.0000 11.1304
124  76 -0.0417  0.1134  7.3143
132  76  0.1012  0.0458 14.0274
140  76  0.1276  0.0000 16.1088
148  76 -0.0119  0.0000 12.8600
156  76 -0.1539  0.0000 12.0628
164  76 -0.4043 -0.4043  8.0000
172  76 -0.1441  0.0000 11.1304
180  76  0.0513  0.0000  0.0000
188  76  0.0000 -0.5000  8.9154
196  76 -0.0443  0.0000 16.1088
204  76 -0.0179  0.0000  0.0000
212  76 -0.2064  0.0000  0.0000
220  76 -0.1016  0.0000  0.0000
228  76  0.0490  0.0000  0.0000
236  76  0.0328 -0.2156 15.3670
244  76  0.1560  0.0000 12.0628
252  76 -0.5763  0.0000 11.1304
260  76  0.0555  0.0000  0.0000
268  76  0.6756  0.0000 11.1304
276  76  1.1795  0.0000 11.1304
284  76  0.7934  0.0000  0.0000
292  76  0.5493  0.0000 16.1088
  4  84  0.1631  0.0000 11.1304
 12  84 -0.3332  0.0000 11.1304
 20  84 -0.3106  0.0000 11.1304
 28  84 -0.3702  0.0000 17.0667
 36  84 -0.1130 -0.0468 12.1012
 44  84  0.1761  0.0000  6.6693
 52  84  0.0258  0.2496 11.9946
 60  84 -0.2936  1.5732  7.8909
 68  84 -0.1488  0.0300  7.8455
 76  84 -0.0507 -0.0801 10.8681
 84  84 -0.0328 -0.2156 15.3670
 92  84 -0.4172  0.0000  9.4208
100  84 -0.2259  0.0134 13.2809
108  84  0.0000 -0.3577 13.4737
116  84 -0.1087  0.0000 16.1088
124  84 -0.1091  0.0000 11.1304
132  84 -0.0896  0.0000  0.0000
140  84 -0.1609  0.0000 16.1088
148  84  0.0000 -0.1237  9.2702
156  84  0.3443  0.0000 11.1304
164  84  0.7009  0.0000  0.0000
172  84  0.5168  0.0000  0.0000
180  84 -0.4780  0.0000  0.0000
188  84  0.4422  0.0000  0.0000
196  84  1.7635  0.0000  0.0000
204  84  2.5000  0.0000  8.8276
212  84  1.2809  0.0000 16.1088
220  84  1.7779  0.3616  8.1086
228  84 -0.1546 -0.0660 18.6254
236  84 -0.3255  0.0000 11.1304
244  84 -0.1443  0.0000  0.0000
252  84 -0.0694  0.0000  0.0000
260  84 -0.3382  0.0000  0.0000
268  84 -0.2424  0.0000  0.0000
276  84 -0.0556  0.0000  8.0000
284  84  0.0643  0.0000 11.9011
292  84  0.1151 -0.1151 16.5161
  4  92 -0.2434  0.0000  8.8276
 12  92 -0.1355  0.0000  0.0000
 20  92 -0.1933 -0.0162 19.2688
 28  92  1.2085  0.0418  9.0756
 36  92 -0.4004  0.0579  9.9800
 44  92 -0.3809  0.0000 16.6957
 52  92 -0.1687  0.0000  9.4815
 60  92 -0.0424  0.0000 16.1088
 68  92 -0.1354  0.1123  7.3841
 76  92 -0.0178  0.3441  8.0339
 84  92  0.5000 -0.0930 14.1070
 92  92  1.5607  0.0000  0.0000
100  92  0.5698  0.0000  0.0000
108  92 -0.3695  0.0000 11.1304
116  92  0.2293  0.0000 11.9011
124  92  1.9420  0.0000 16.1088
132  92  1.5705  0.0000 16.6957
140  92 -0.1017  0.4175  8.7549
148  92  2.5000  0.0000  8.8276
156  92  1.0929  0.0000 11.1304
164  92  0.3862  0.0000  0.0000
172  92  0.3351  0.0000 11.1304
180  92  0.5000  0.0778 10.3892
188  92 -0.3567  0.0000 11.1304
196  92 -0.5506  0.0000  0.0000
204  92 -0.1358  0.0000  0.0000
212  92  0.6167  0.0000  0.0000
220  92  1.3070 -0.0337 12.4709
228  92 -0.2264  1.7826  8.1086
236  92  0.1182 -0.0617 12.7141
244  92  0.0000 -0.1760 15.0588
252  92 -0.1151  0.1151 16.5161
260  92 -0.4251  0.0000  0.0000
268  92 -0.2627  0.0000  0.0000
276  92 -0.0239  0.0000  0.0000
284  92  0.1960  0.0000 11.1304
292  92  0.1221  0.0000  0.0000
  4 100  0.1151  0.1151 16.5161
 12 100 -0.2761 -0.0806  9.3746
 20 100  2.5000  0.0000  8.8276
 28 100  0.0666  0.1681  8.6218
 36 100 -0.2217 -0.0525  7.3203
 44 100 -0.5000  0.0000  8.8276
 52 100  2.5000  0.0000  8.8276
 60 100  1.6802  0.0000  0.0000
 68 100  0.4530  0.0000  0.0000
 76 100  1.2740  0.0000  0.0000
 84 100  0.8069  0.0000  0.0000
 92 100  0.3047  0.0000  0.0000
100 100  0.0241 -0.0499 19.6692
108 100 -0.0819 -0.5000 10.9015
116 100 -1.2980  0.0000  0.0000
124 100 -1.4160  0.0000 11.1304
132 100 -0.8244  0.0000 16.1088
140 100  0.0624  0.0000  4.0635
148 100  0.7278  0.0000  0.0000
156 100  0.1426  0.0000 22.2609
164 100  0.1179  0.0000 11.1304
172 100  0.0412  0.0000  0.0000
180 100 -0.0255  0.0000  0.0000
188 100 -0.0459  0.0000 11.1304
196 100  0.0438  0.0000  0.0000
204 100  0.0347  0.0000  0.0000
212 100  0.0254  0.0000  0.0000
220 100  0.1611  0.0000  0.0000
228 100  0.2824  0.0000 16.1088
236 100  0.2767  0.0000 20.7059
244 100  1.4985  0.0000 11.1304
252 100  0.7305  0.0000  0.0000
260 100 -0.6030  0.0000 11.1304
268 100 -0.2139  0.0000  0.0000
276 100  1.2169  0.0000  0.0000
284 100  0.8503  0.0000 16.1088
292 100  0.0000  0.5000 11.1304
  4 108  0.0124  0.0000 16.1088
 12 108 -0.0100  0.0000  8.8276
 20 108 -0.1969  0.0000  0.0000
 28 108 -0.6558  0.0000 17.0667
 36 108 -1.4853  0.0000 11.9011
 44 108 -2.8274 -0.3035  7.6077
 52 108 -2.4559  0.0000  0.0000
 60 108 -1.7088  0.0000  0.0000
 68 108 -0.8046  0.0000  0.0000
 76 108  0.1294  0.0000  0.0000
 84 108  0.0960  0.0000 19.4783
 92 108  0.0149  0.0000 11.1304
100 108  0.0536  0.0000  9.5632
108 108  0.2358  0.0000 15.9357
116 108  0.2411  0.0000 11.1304
124 108  0.1535 -0.0643 13.8667
132 108 -0.0077  0.0000 11.1304
140 108 -0.1841  0.0418 12.3683
148 108  0.2183  0.0000 11.1304
156 108  0.5000  0.3889  6.6693
164 108  0.3438  0.0000  8.8276
172 108  0.8194  0.0000 11.1304
180 108  0.9072  0.0000  0.0000
188 108 -0.6934  0.0000 11.1304
196 108 -0.2149  0.0000  0.0000
204 108  0.3125  0.0000  0.0000
212 108 -0.0010  0.0000  0.0000
220 108 -0.6946  0.0000  0.0000
228 108 -1.0277  0.0000  0.0000
236 108 -0.5703  0.0000 16.1088
244 108 -0.3223  0.0000  8.8276
252 108 -0.7086  0.0000 11.1304
260 108 -1.6368  0.0000 16.1088
268 108 -2.3743  0.0000 11.1304
276 108 -2.3927  0.0000  0.0000
284 108 -2.0813  0.0000  0.0000
292 108 -1.5000  0.0000  8.2581
  4 116 -0.1960 -0.5000 11.1304
 12 116 -0.1291  0.0000  5.4468
 20 116 -0.2354  0.0000 11.9011
 28 116 -0.0672 -0.0361 14.4477
 36 116  0.3284  0.0000  0.0000
 44 116 -0.1068 -0.3135 15.1963
 52 116 -1.0264  0.0000 11.1304
 60 116 -0.1450  0.0000  0.0000
 68 116  0.2526  0.0000 11.1304
 76 116  0.5334  0.0000 16.1088
 84 116  0.4530  0.0000 16.1088
 92 116 -0.0054  0.0000  0.0000
100 116  0.2660  0.0000 16.1088
108 116  0.6101  0.0000 16.1088
116 116 -0.4271  0.0000 10.2693
124 116 -0.1228  0.0000 10.1740
132 116 -0.0126  0.0000  0.0000
140 116 -0.3495  0.0000  0.0000
148 116 -0.9376  0.0000  0.0000
156 116 -1.5000 -0.5000  7.4357
164 116 -0.2789  0.0000  0.0000
172 116  0.4532  0.0000 11.1304
180 116  0.1576  0.0000  0.0000
188 116 -1.0441  0.0000 11.1304
196 116 -1.2259  0.0000  0.0000
204 116 -1.6436  0.0000  0.0000
212 116 -1.8290  0.0000  0.0000
220 116 -1.5529  0.0000 11.1304
228 116 -0.7665  0.0000  0.0000
236 116 -0.5093  0.0000 11.1304
244 116 -0.5000 -0.1588 10.5785
252 116  0.0172  0.0000 11.1304
260 116  0.3694  0.0614  8.2977
268 116 -1.1905  0.0000 11.1304
276 116 -2.8274  0.3035  7.6077
284 116  0.0000  0.2917 11.1304
292 116  0.8912  0.0000 11.9011
  4 124  1.2330  0.0000 11.1304
 12 124  0.9812  0.0000 16.1088
 20 124  0.0000 -0.5000  8.8276
 28 124  0.0447  0.0000  0.0000
 36 124  0.1140 -0.1079 19.3902
 44 124  0.1194 -0.3239  7.5912
 52 124  0.2398  0.0000 16.1088
 60 124  0.2155  0.0000  0.0000
 68 124  0.0000 -0.5000  8.8276
 76 124 -0.0610  0.5000  7.7665
 84 124  0.0364  0.0000  0.0000
 92 124  1.3548  0.0000  0.0000
100 124  2.1983  0.0000 11.1304
108 124  1.9804  0.0000 11.1304
116 124 -0.2616 -0.0140  7.9175
124 124  0.1683  0.0060  9.0252
132 124 -0.8520  0.0000  0.0000
140 124 -1.5078  0.0000 11.1304
148 124 -1.5279  0.0000  0.0000
156 124 -0.9507  0.0000 11.1304
164 124 -0.5065  0.0000  8.8276
172 124 -0.3073  0.0000  0.0000
180 124 -0.0326  0.0000 11.1304
188 124 -0.0736  0.0000 11.1304
196 124 -1.0270  0.0000  0.0000
204 124 -1.5898  0.0000 11.1304
212 124  0.1213  0.0000  0.0000
220 124  1.3738  0.0000 11.1304
228 124  2.1985  0.0000  0.0000
236 124  2.6227  0.0000 11.1304
244 124  2.5000  0.0000  8.8276
252 124  0.5949  0.0000  0.0000
260 124 -0.7105  0.0000  0.0000
268 124  0.7931  0.0000  0.0000
276 124  0.8044  0.0000 12.0455
284 124  0.7971  0.0000  0.0000
292 124  0.6080  0.0000  0.0000
  4 132  0.1882  0.1285  9.6109
 12 132  0.9520  0.0000 16.7450
 20 132  2.5000  0.0000  8.8276
 28 132  3.6029  0.0000 11.1304
 36 132  4.5000 -0.1174 13.8795
 44 132  1.6926  0.0000 11.1304
 52 132  0.1540  0.0000  0.0000
 60 132 -0.8819  0.0000  0.0000
 68 132 -1.4594  0.0000 15.9357
 76 132 -1.5000  0.0000  8.2581
 84 132 -0.8140  0.0000 11.1304
 92 132 -0.2130  0.0000  0.0000
100 132 -0.0333  0.0000  0.0000
108 132  0.0347  0.0000  4.0635
116 132 -0.0830  0.0000 16.1088
124 132 -0.4607  0.0000  0.0000
132 132 -0.4451  0.0000 11.1304
140 132  0.5715  0.0000 16.1088
148 132  1.6639  0.0000  0.0000
156 132  2.5537  0.0000  0.0000
164 132  2.9559  0.0000 16.1088
172 132  2.0678  0.0000 11.1304
180 132 -0.1960  0.0000 11.1304
188 132 -1.8268  0.0000  0.0000
196 132  1.3417  0.0000  0.0000
204 132  1.3785  0.0000  0.0000
212 132  1.6339  0.0000 11.1304
220 132  2.0529  0.0000 13.5576
228 132  2.5000  0.0000  8.8276
236 132  1.1258  0.0000 11.1304
244 132  0.1841  0.0418 12.3683
252 132  1.9550  0.0000  0.0000
260 132  2.9225  0.0000  0.0000
268 132  1.3559  0.0000  0.0000
276 132 -0.5000  0.0000  8.8276
284 132 -0.9777  0.0000  0.0000
292 132 -1.1693  0.0000  0.0000
  4 140 -0.9363  0.0000 17.2183
 12 140 -0.3450  0.0000 16.1088
 20 140  0.2057  0.0000  8.8514
 28 140  0.1676  0.0000  0.0000
 36 140  0.1152  0.0000  0.0000
 44 140  0.0533  0.0000  0.0000
 52 140  0.0134  0.0000  0.0000
 60 140  0.2564  0.0000 19.4783
 68 140  0.8261  0.0000  8.8167
 76 140  1.5212  0.0000 11.1304
 84 140  2.1561  0.0000  0.0000
 92 140  2.5000  0.0000  8.8276
100 140  1.2409  0.0000  0.0000
108 140 -0.6665  0.0000  0.0000
116 140 -2.4572  0.0000 11.1304
124 140  1.5220  0.0000  0.0000
132 140  1.5668  0.0000  0.0000
140 140  1.8406  0.0000 13.1641
148 140  2.1623  0.0000 11.1304
156 140  2.1723  0.0000  0.0000
164 140  1.0958  0.0000  0.0000
172 140  0.3444  0.0000  0.0000
180 140  1.1872  0.0000 19.1045
188 140  1.8528  0.0000  0.0000
196 140  1.3161  0.0000  0.0000
204 140  0.4077  0.0000  0.0000
212 140  0.0264  0.3145 11.0777
220 140 -0.2080 -0.2715 12.3107
228 140 -0.0816  0.1203  5.4468
236 140  0.0000  0.5000 11.1304
244 140 -0.0791  0.0000 11.1304
252 140 -0.0453  0.0000 16.1088
260 140  0.0122  0.0000 11.1304
268 140  0.0612  0.0000 11.1304
276 140  0.1719  0.0000  0.0000
284 140  0.5000  0.0000 11.1304
292 140  0.6838  0.0000 16.1088
  4 148  0.8777  0.0000  0.0000
 12 148  0.8133  0.0000 11.1304
 20 148  0.1960  0.0000 11.1304
 28 148 -0.1791  0.0000 11.1304
 36 148 -1.3096  0.0000 11.1304
 44 148 -2.7773  0.0000  0.0000
 52 148  1.2580  0.0000  0.0000
 60 148  1.3337  0.0000 12.0455
 68 148  1.5341  0.0000  0.0000
 76 148  1.6750  0.0000  0.0000
 84 148  1.5157  0.0000  0.0000
 92 148  0.8854  0.0000  0.0000
100 148  0.5131  0.0000  0.0000
108 148  0.9982  0.0000  0.0000
116 148  1.5984  0.0000 11.1304
124 148  1.7865  0.0000 11.1304
132 148  1.8167  0.0000 19.1045
140 148  1.9989  0.0000 11.1304
148 148  1.9619  0.0000  0.0000
156 148  1.2225  0.0000  0.0000
164 148  0.2427  0.0000  8.0000
172 148 -0.5000  0.0000  8.8276
180 148 -0.3240  0.0000  4.0635
188 148 -0.1464  0.0000  0.0000
196 148 -0.0783  0.0000 11.1304
204 148 -0.0820  0.0000  0.0000
212 148  0.1100  0.0000  8.8276
220 148  0.2572  0.0000  0.0000
228 148  0.3916  0.0000  0.0000
236 148  0.3312  0.0000 16.1088
244 148 -0.0698  0.0000 11.1304
252 148 -0.5317  0.0000  0.0000
260 148 -1.5519  0.0000 16.1088
268 148 -2.9064  0.0000  0.0000
276 148  0.6659  0.0000  0.0000
284 148  0.8383  0.0000 19.1045
292 148  0.9938  0.0000  0.0000
  4 156  1.0421  0.0000 16.1088
 12 156  0.8937  0.0000 16.1088
 20 156  0.5793  0.0000 16.1088
 28 156  0.5000  0.0000  8.4768
 36 156  1.0090  0.0000  0.0000
 44 156  1.6937  0.0000  0.0000
 52 156  2.3193  0.0000 16.1088
 60 156  2.9938  0.0000 11.1304
 68 156  3.8078  0.0000 11.1304
 76 156  4.1880  0.0000  0.0000
 84 156  2.4292  0.0000 11.1304
 92 156  0.5343  0.0000 11.1304
100 156 -0.3356  0.0000  0.0000
108 156 -0.2568  0.0627  8.5469
116 156 -0.1320  0.0000 11.1304
124 156 -0.1236  0.0000 11.1304
132 156 -0.4146  0.0000 11.1304
140 156 -0.2737  0.0000  0.0000
148 156 -0.1031  0.0000  0.0000
156 156  0.2234  0.0000  0.0000
164 156  0.4787  0.0000 13.1731
172 156  0.3806  0.0000 11.1304
180 156 -0.1812  0.0000 11.1304
188 156 -1.4607  0.0000 11.1304
196 156 -3.0278  0.0000 16.1088
204 156  0.0000 -0.1960 11.1304
212 156  0.2938  0.0000 16.1088
220 156  0.4370  0.0000  0.0000
228 156  0.4615  0.0000  0.0000
236 156  0.3896  0.0000  0.0000
244 156  0.3041  0.0000 19.1045
252 156  0.5207  0.0000  0.0000
260 156  1.0894  0.0000  0.0000
268 156  1.7652  0.0000 16.1088
276 156  2.4266  0.0000 11.1304
284 156  3.1608  0.0000  0.0000
292 156  4.1306  0.0000 11.1304
  4 164  5.1203 -0.5000  5.4468
 12 164  2.3753  0.0000  0.0000
 20 164  0.0418  0.1521 12.6567
 28 164 -0.5379  0.0000 11.1304
 36 164 -0.3702  0.0000 11.1304
 44 164 -0.0535  0.0000  0.0000
 52 164  0.1262  0.0373  7.7886
 60 164 -0.5000  0.0000  8.8276
 68 164 -0.2343  0.0000  0.0000
 76 164 -0.2156  0.0000 11.1304
 84 164  0.3776  0.0000 16.1088
 92 164  1.0481  0.0000 19.1045
100 164  1.2020  0.0000 13.5576
108 164  0.5000  0.0000 11.1304
116 164 -1.2938  0.0000  0.0000
124 164 -3.3240  0.0000  0.0000
132 164 -0.4197  0.0000  0.0000
140 164 -0.1012  0.0000  0.0000
148 164  0.0060  0.0000  0.0000
156 164  0.0177  0.0000 17.0667
164 164  0.0218 -0.2266 12.8350
172 164  0.0545  0.0000  0.0000
180 164  0.5410  0.0000  0.0000
188 164  1.1890  0.0000  0.0000
196 164  1.7138  0.0000 11.1304
204 164  2.0031  0.0000  0.0000
212 164  1.9858  0.0000  0.0000
220 164  1.4406  0.0000  4.0635
228 164  0.0180  0.1317 12.5039
236 164 -0.1457  0.0000  0.0000
244 164 -0.7128  0.0000  0.0000
252 164 -0.7697  0.0000  0.0000
260 164 -0.4527  0.0000  0.0000
268 164  0.0287 -0.2391  8.2581
276 164  0.5151  0.0000 16.1088
284 164  0.6729  0.0000  0.0000
292 164  0.8203  0.0000  0.0000
  4 172 -0.0456  0.0000  0.0000
 12 172  0.8639  0.0000 11.1304
 20 172  1.9614  0.0000 16.1088
 28 172  2.1717  0.0000  0.0000
 36 172  0.8849  0.0000 11.1304
 44 172 -1.3506  0.0000 11.1304
 52 172 -3.7652  0.0000  0.0000
 60 172 -0.4605  0.0000 16.1088
 68 172 -0.2309  0.0000  0.0000
 76 172 -0.2153  0.0000  8.8276
 84 172 -0.2432  0.0000 22.2609
 92 172 -0.2037  0.0000  0.0000
100 172 -0.0786  0.3487  7.3143
108 172  0.7306  0.0000  8.8276
116 172  1.4572  0.0000  0.0000
124 172  1.7636  0.0000  0.0000
132 172  1.6746  0.0000  0.0000
140 172  1.2347  0.0000  0.0000
148 172  0.4523  0.0000 17.0667
156 172 -0.5000  0.0000  8.2581
164 172 -0.8127  0.0000 13.0803
172 172 -0.9163  0.0000  0.0000
180 172 -0.7586  0.0000  0.0000
188 172 -0.4296  0.0000 11.1304
196 172  0.1129  0.0000 11.1304
204 172  0.9784  0.0000  0.0000
212 172  1.8971  0.0000  0.0000
220 172  2.5000  0.0000  8.8276
228 172  0.1960  0.0000 11.1304
236 172  1.8639  0.0000 11.1304
244 172  3.3005  0.0000  0.0000
252 172  3.4615  0.0000  0.0000
260 172  1.2771  0.0000  0.0000
268 172 -1.4687  0.0000  0.0000
276 172 -3.8617  0.0000  0.0000
284 172 -0.0436  0.0000  0.0000
292 172 -0.0443  0.0000 17.0667
  4 180 -0.1728  0.0000  0.0000
 12 180 -0.1960  0.0000 11.1304
 20 180  0.0758  0.0000 11.1304
 28 180  0.5564  0.0000  0.0000
 36 180  1.3580  0.0000 16.1088
 44 180  2.0050  0.0000  7.5779
 52 180  1.9752  0.0000  0.0000
 60 180  1.5465  0.0000 11.1304
 68 180  0.9039  0.0000 11.1304
 76 180  0.1848  0.0000 12.5039
 84 180 -0.4864  0.0000  0.0000
 92 180 -0.7348  0.0000  0.0000
100 180 -0.6950  0.0000  0.0000
108 180 -0.5000  0.0000  8.8276
116 180 -0.3436  0.0000  0.0000
124 180  0.0180 -0.1317 12.5039
132 180  0.9924  0.0000  0.0000
140 180  2.0914  0.0000 11.1304
148 180  2.8790  0.0000  0.0000
156 180  2.6822  0.0000  0.0000
164 180  4.1081  0.0000 13.0803
172 180  4.7169  0.0000  0.0000
180 180  4.5000 -0.5000  4.0635
188 180  1.2700  0.0000 11.1304
196 180 -1.5000  0.0000  8.2581
204 180 -2.8834  0.0000  0.0000
212 180  0.8078  0.0000  0.0000
220 180  0.4047  0.0000  8.4768
228 180  0.0543  0.0000 17.0667
236 180  0.0719  0.0000 11.1304
244 180  0.5110  0.0000  0.0000
252 180  1.1897  0.0000  0.0000
260 180  1.9184  0.0000  0.0000
268 180  2.5000  0.0000 11.1304
276 180  2.0766  0.0000  0.0000
284 180  1.3983  0.0000  0.0000
292 180  0.6635  0.0000  0.0000
  4 188  0.0000 -0.5000  8.8276
 12 188 -0.3512  0.0000 12.0455
 20 188 -0.4371  0.0000  0.0000
 28 188 -0.3195  0.0000 17.2183
 36 188 -0.1063  0.0000  6.9728
 44 188 -0.1910  0.0000  0.0000
 52 188  0.0000  0.1063  6.9728
 60 188  0.7521  0.0000 11.1304
 68 188  1.7786  0.0000 11.1304
 76 188  2.8588  0.0000  0.0000
 84 188  3.9351  0.0000  0.0000
 92 188  5.5000 -0.5000  4.0635
100 188  4.2120  0.0000 11.1304
108 188  1.5000  0.0000  8.2581
116 188  0.0590  0.0000 12.0628
124 188  0.0421 -0.1634 12.8457
132 188 -0.5396  0.0000  0.0000
140 188  1.9353  0.0000 17.0667
148 188  0.9487  0.0000 11.1304
156 188  0.2014  0.0000  0.0000
164 188  0.1969  0.1847 11.2822
172 188  0.7379  0.0000  0.0000
180 188  1.4552  0.0000  0.0000
188 188  1.7949  0.0000  0.0000
196 188  1.9530  0.0000  0.0000
204 188  1.5933  0.0000 11.1304
212 188  1.0158  0.0000  0.0000
220 188  0.4341  0.0000  0.0000
228 188  0.0160  0.0000  0.0000
236 188 -0.1141  0.0000  0.0000
244 188 -0.1181  0.0000  0.0000
252 188 -0.0921  0.0000  0.0000
260 188 -0.1091  0.0000  0.0000
268 188 -0.2883  0.0000  0.0000
276 188 -0.2167  0.0000  8.8276
284 188  0.2442  0.0000  0.0000
292 188  0.9959  0.0000 11.1304
  4 196  1.9456  0.0000 16.1088
 12 196  3.0937  0.0000 12.0628
 20 196  4.4115  0.0000 11.1304
 28 196  4.0627  0.0000 11.1304
 36 196  2.5000  0.0000  8.8276
 44 196 -0.5000  0.0000  8.8276
 52 196 -0.0137  0.0000 12.0455
 60 196  0.5000  0.0000  8.4768
 68 196  3.0332  0.0000 11.1304
 76 196  1.4203  0.0000  0.0000
 84 196  0.0418 -0.1521 12.6567
 92 196  0.0560  0.0000  0.0000
100 196  0.5898  0.0000  0.0000
108 196  1.3070 -0.0337 12.4709
116 196  1.1156  0.0000 11.1304
124 196  1.0355  0.0000 12.0628
132 196  0.8166  0.0000  0.0000
140 196  0.4655  0.0000  0.0000
148 196  0.1340  0.0000 11.1304
156 196  0.0098  0.0000  0.0000
164 196  0.1846  0.0000 10.1191
172 196  0.2465  0.0000  0.0000
180 196  0.1282  0.0000  0.0000
188 196 -0.1044  0.0000  0.0000
196 196 -0.4740  0.0000 11.1304
204 196 -0.5237  0.0000  0.0000
212 196 -0.3445  0.0000  0.0000
220 196  0.0596  0.0000  0.0000
228 196  0.6519  0.0000  0.0000
236 196  1.5000  0.0000  8.2581
244 196  3.0383  0.0000  0.0000
252 196  3.6627  0.0000  0.0000
260 196  3.1242  0.0000 11.1304
268 196  1.3955  0.0000 11.1304
276 196  0.5000  0.0000 11.1304
284 196 -0.2713  0.0000  0.0000
292 196  3.6288  0.0000 11.1304
  4 204  1.7417  0.1830  6.7815
 12 204 -0.5000  0.0000 11.1304
 20 204 -0.1806  0.0000 11.1304
 28 204 -0.0573  0.0000  0.0000
 36 204  0.1574  0.0000  0.0000
 44 204 -0.1151 -0.1151 16.5161
 52 204  0.0000 -0.1063  6.9728
 60 204  0.0267  0.0000 11.1304
 68 204 -0.0823  0.0000 11.1304
 76 204 -0.1780  0.0000  0.0000
 84 204 -0.0262  0.0000 19.1045
 92 204  0.6382  0.0000  0.0000
100 204  0.7310  0.0000 11.1304
108 204  0.3948  0.0000 16.1088
116 204  0.0000 -0.5000  4.0635
124 204 -0.5000  0.0000  8.8276
132 204 -0.5983  0.0000  0.0000
140 204 -0.6673  0.0000  0.0000
148 204 -0.5000  0.0000 11.1304
156 204 -0.1902  0.0000  0.0000
164 204  0.6246  0.0000 12.0628
172 204  2.1534  0.0000 11.1304
180 204  3.4007  0.0000  0.0000
188 204  3.8289  0.0000  0.0000
196 204  2.8122  0.0000  0.0000
204 204 -0.5000 -0.5000  4.0635
212 204 -1.9667  0.0000 11.1304
220 204  3.1655  0.0000 11.1304
228 204  1.5762  0.0000  0.0000
236 204  0.3615  0.0000  0.0000
244 204  0.5000  0.0000  8.4768
252 204 -0.3732  0.3694 10.3318
260 204 -0.4651  0.0000  0.0000
268 204 -0.5903  0.0000  0.0000
276 204 -0.5000  0.0000  8.8276
284 204 -0.4631  0.0000 11.1304
292 204 -0.4339  0.0000 16.1088
  4 212 -0.3411  0.0000 11.1304
 12 212  0.0000 -0.5000  8.8276
 20 212  1.4340  0.0000 11.1304
 28 212  1.3542  0.0000  0.0000
 36 212  0.5952  0.0000  0.0000
 44 212 -0.1960  0.0000 11.1304
 52 212  0.4043  0.4043  8.0000
 60 212 -0.1269  0.0000 11.1304
 68 212 -0.5000  0.0000  8.8276
 76 212 -0.1841  0.0418 12.3683
 84 212 -0.5000  0.0000  8.8276
 92 212  0.0000  0.5000  8.2581
100 212  1.4168  0.0000  0.0000
108 212  2.8567  0.0000 11.1304
116 212  4.0239  0.0000 12.5445
124 212  4.5000  0.2391  8.2581
132 212  0.5217  0.0000 11.1304
140 212 -2.3102  0.0000 11.1304
148 212  1.9279  0.0000 17.0667
156 212  0.9434  0.0000  0.0000
164 212  0.3599  0.0000 16.1088
172 212  0.2660  0.0000 16.1088
180 212 -0.2252  0.0000  0.0000
188 212 -0.5503  0.0000  0.0000
196 212 -0.7950  0.0000  0.0000
204 212 -0.8563  0.0000 16.1088
212 212 -0.7989  0.0000 16.1088
220 212 -0.5931  0.0000  0.0000
228 212 -0.1458  0.0000  9.3822
236 212  0.7960  0.0000 19.1045
244 212  2.5000  0.0000  8.8276
252 212  1.9093  0.0000  0.0000
260 212  1.0926  0.0000  0.0000
268 212  0.4215  0.0000 13.5576
276 212  0.3760  0.0000  0.0000
284 212 -0.0314  0.0000  4.0635
292 212 -0.2006  0.0000 11.1304
  4 220  0.1068 -0.3135 15.1963
 12 220 -0.1658  0.0000  8.8276
 20 220  0.0056  0.0000  0.0000
 28 220  0.6848  0.0000  0.0000
 36 220  1.2946  0.0000 11.1304
 44 220  1.3266  0.0000 11.1304
 52 220  0.2780 -0.1270 13.3759
 60 220 -1.2562  0.0000  0.0000
 68 220 -2.8926  0.0000 11.1304
 76 220  0.2935  0.0000 16.1088
 84 220 -0.1098 -0.0601  6.2815
 92 220 -0.1164  0.0000  9.7322
100 220  0.0191 -0.0220  9.3124
108 220  0.0267 -0.0824  5.8163
116 220 -0.4712  0.0000 11.8819
124 220 -0.9771  0.0000 16.1088
132 220 -1.2384  0.0000 16.1088
140 220 -1.2084  0.0000 16.1088
148 220 -0.9331  0.0000  0.0000
156 220 -0.5337  0.0000 11.1304
164 220 -0.1917  0.0000 12.0628
172 220  0.0000 -0.5000  8.8276
180 220  0.9701  0.0000  0.0000
188 220  1.1716  0.0000  0.0000
196 220  0.7774  0.0000  0.0000
204 220  0.2335  0.0000 11.1304
212 220 -0.3782 -0.1793  4.9421
220 220 -0.5000 -0.5000  4.0635
228 220 -0.1281  0.0000  8.8276
236 220 -0.0790  0.0000  0.0000
244 220 -0.0636  0.0000 11.1304
252 220  0.0107  0.0000  0.0000
260 220 -0.1964  0.0000  0.0000
268 220 -1.0141  0.0000 11.1304
276 220 -2.2648  0.0000  0.0000
284 220 -3.0468  0.0000 11.1304
292 220 -3.6519  0.0000 11.1304
