VARIABLES= "X pix", "Y pix", "U pix/dt", "V pix/dt", "CHC", ZONE I=28, J=37
  4   4  0.0000  0.0000 10.6915
 12   4  0.0000  0.0000 10.8649
 20   4  0.0000  0.0000 10.9708
 28   4  0.0000  0.0000 10.9708
 36   4  0.0000 -0.0087 10.8624
 44   4  0.0000  0.0000 11.0456
 52   4  0.0000  0.0000 10.8796
 60   4 -0.0104  0.0363 10.6260
 68   4  0.0000 -0.0002 10.9299
 76   4  0.0000  0.0072 10.9961
 84   4  0.0000  0.0000 13.0561
 92   4  0.0000  0.0000 11.8646
100   4  0.0039 -0.0249 12.2470
108   4  0.0000 -0.0286 12.1954
116   4  0.0000  0.0000 11.7754
124   4  0.0000  0.0000 11.0456
132   4  0.0000  0.0000 11.6152
140   4  0.0000  0.0000 10.9762
148   4  0.0000  0.0000 11.7754
156   4  0.0000  0.0000 11.6559
164   4  0.0000  0.0000 11.7754
172   4  0.0000  0.0000 11.7754
180   4 -0.0108 -0.0739 11.8525
188   4  0.0000  0.0000 10.8740
196   4  0.0000  0.0000 11.7039
204   4  0.0000  0.0000 11.8876
212   4  0.0000  0.0000 12.5875
220   4  0.0000  0.0000 11.5182
228   4  0.0000  0.0000 10.3431
236   4  0.0000  0.0000 10.3848
244   4  0.0000  0.0000  9.5230
252   4  0.0000  0.0000 10.7574
260   4  0.0000  0.0000 10.7836
268   4 -0.0000  0.0000 10.5827
276   4  0.0000  0.0000 12.4073
284   4  0.0000  0.0000 11.9696
292   4  0.0000  0.0000 11.7813
  4  12  0.0000  0.0000 10.0696
 12  12  0.0000  0.0000 10.8253
 20  12  0.0000  0.0153 12.2969
 28  12  0.2028  0.0046 11.1597
 36  12  0.0000  0.0000 18.0769
 44  12  0.0000  0.0000 13.7685
 52  12  0.0247  0.0432 21.0461
 60  12  0.0000  0.0000 11.3457
 68  12 -0.0167  0.0099 17.1208
 76  12  0.0000  0.0000 11.2739
 84  12  0.0000  0.0000  9.2509
 92  12  0.0000  0.0000  9.0353
100  12  0.0000  0.0000  9.4413
108  12  0.0760 -0.0227 12.5249
116  12  0.0000  0.0000 11.6498
124  12  0.0486 -0.0227 11.6357
132  12  0.0000  0.0120 11.2139
140  12 -0.0000  0.0000 11.0339
148  12  0.0000  0.0000 10.8049
156  12  0.0000  0.0000 12.2937
164  12  0.1484 -0.0018 13.2216
172  12  0.0000  0.0000 10.2113
180  12  0.0041  0.0154 11.0708
188  12  0.0000  0.0000 11.4318
196  12  0.0000  0.0000 12.9625
204  12  0.0000  0.0000  9.7247
212  12  0.0000  0.0000 12.0763
220  12  0.0000  0.0000 17.8510
228  12  0.0000  0.0000 12.5159
236  12  0.0000  0.0000 11.2941
244  12  0.0000  0.0000 10.8163
252  12  0.0000  0.0000 10.2362
260  12  0.0000  0.0000 11.1304
268  12  0.0000  0.0000  8.6732
276  12  0.0000  0.0000  8.4287
284  12  0.0817 -0.2656  6.7731
292  12  0.0000  0.0000  7.7766
  4  20  0.0000  0.0000 18.6572
 12  20  0.0000  0.0000 14.8284
 20  20  0.0000  0.0000 14.6166
 28  20  0.0000  0.0000 13.8201
 36  20  0.0000  0.0550 14.1723
 44  20  0.0191  0.0204 11.9238
 52  20  0.0000  0.0000 11.1909
 60  20  0.0000  0.0000 13.0939
 68  20  0.0000  0.0000 16.8149
 76  20  0.0000  0.0000 12.6827
 84  20  0.0000  0.0000 13.0231
 92  20 -0.0093  0.0046 11.3903
100  20 -0.0275  0.0105 12.5650
108  20  0.0131 -0.0311 12.1720
116  20 -0.0190  0.0165 15.9357
124  20  0.0000  0.0000 14.1922
132  20  0.0005 -0.0007 15.5001
140  20  0.0193  0.0328 14.1821
148  20 -0.0140 -0.0045 15.7806
156  20  0.0000  0.0000 14.2954
164  20  0.0000  0.0000 15.1747
172  20  0.0000 -0.0004 18.4151
180  20  0.0005  0.0015 15.9572
188  20 -0.0022  0.0000 20.3373
196  20  0.0098  0.0043 19.5052
204  20  0.0018  0.0093 25.4998
212  20 -0.0964  0.0143 27.1336
220  20  0.0000  0.0000  9.8722
228  20 -0.1428  0.0736  9.8316
236  20  0.0000  0.0000 24.2424
244  20  0.0000  0.0000 21.4400
252  20  0.0000  0.0000 11.6331
260  20  0.1605 -0.2285 11.4511
268  20 -0.1026  0.0592  8.6764
276  20  0.0000  0.0000 15.6136
284  20 -0.0238 -0.0706 16.5811
292  20  0.0211  0.3861  8.7976
  4  28  0.0000  0.0000  9.1022
 12  28  0.0207  0.0464 10.0425
 20  28  0.0477 -0.0038 10.9980
 28  28 -0.0006 -0.0150 10.3778
 36  28  0.0000  0.0000 10.3094
 44  28  0.0152  0.0004 10.2167
 52  28  0.0000  0.0000 10.0504
 60  28  0.0000  0.0000  9.8862
 68  28  0.0000  0.0000 11.1027
 76  28  0.0000  0.0000 10.6135
 84  28  0.0000  0.0000  9.4697
 92  28  0.0049  0.0027  9.3443
100  28  0.0000  0.0000 12.8330
108  28  0.0031  0.0125 13.7306
116  28 -0.0216  0.0028  8.7521
124  28  0.0000  0.0000  9.3745
132  28  0.0000  0.0000  8.4888
140  28  0.0000  0.0000  8.7583
148  28  0.0000  0.0000  8.8222
156  28  0.0000  0.0000 20.2932
164  28 -0.0088 -0.0172 15.1339
172  28  0.0000  0.0000 15.3696
180  28  0.0000  0.0000 20.8215
188  28  0.0000  0.0000 15.4904
196  28  0.0000  0.0000  8.4752
204  28  0.0142 -0.0025  8.7853
212  28 -0.0057 -0.0156  9.6398
220  28  0.0000  0.0000  9.3315
228  28 -0.0025  0.0003  9.1028
236  28  0.0000  0.0000  8.5786
244  28  0.0000  0.0000  8.9520
252  28  0.0000  0.0000  9.8176
260  28 -0.0106 -0.0040 15.4899
268  28  0.0000  0.0000 12.2365
276  28 -0.0169  0.0008 23.9877
284  28 -0.0036 -0.0051 15.2466
292  28  0.0000  0.0000 11.4301
  4  36  0.0000  0.0000  7.3255
 12  36 -0.0005  0.0134  7.0072
 20  36 -0.0532  0.0215  6.4153
 28  36  0.0000  0.0000  7.3381
 36  36 -0.0446 -0.0079  8.3576
 44  36  0.0000  0.0000  9.4762
 52  36  0.0000  0.5000  7.1968
 60  36  0.0000  0.0000  8.4696
 68  36  0.0000  0.0000 15.1505
 76  36  0.0000  0.0000 12.8167
 84  36  0.0000  0.0000 12.7075
 92  36  0.0000  0.0000  9.4612
100  36  0.0000  0.0000  8.4976
108  36  0.0000  0.0000  7.6156
116  36  0.0000  0.0000  7.3088
124  36  0.0000  0.0000  9.3279
132  36  0.0000  0.0000 12.5902
140  36  0.0000  0.0000 13.5576
148  36  0.0000  0.0000  6.9607
156  36  0.0000  0.0000 13.5168
164  36  0.0322 -0.0041 13.6187
172  36 -0.0065 -0.0226 17.5952
180  36  0.0000  0.0000 13.5397
188  36  0.0000  0.0000 11.7728
196  36  0.0000  0.0000 12.2348
204  36 -0.1023  0.0079 14.5260
212  36 -0.0826 -0.1151 11.0985
220  36  0.1965 -0.0282 10.0909
228  36  0.0000  0.0000 13.7993
236  36  0.0000  0.0000 11.4015
244  36  0.0000  0.0000 10.1740
252  36  0.0000  0.0000 13.7993
260  36  0.0000  0.0000  8.2581
268  36  0.0106 -0.2269 11.3584
276  36  0.0000  0.0000  9.5295
284  36  0.2278  0.0077  9.3572
292  36  0.0000  0.0133  8.5009
  4  44  0.0000  0.0000  9.4208
 12  44  0.0000  0.0000  9.4208
 20  44  0.0000  0.0000 16.2968
 28  44  0.1310 -0.0159 15.4926
 36  44  0.0000  0.0000 12.1260
 44  44  0.0023 -0.0883 10.9298
 52  44  0.0000  0.0000  8.9798
 60  44  0.0000  0.0000  7.4479
 68  44  0.0083  0.2457  7.4189
 76  44  0.0000  0.0000  9.7047
 84  44  0.0000  0.0000 11.1304
 92  44  0.0000  0.0000 11.1304
100  44  0.0000  0.0000 16.1088
108  44  0.0000  0.0000 16.1088
116  44  0.0000  0.0000  9.5738
124  44 -0.0548  0.1795 19.6402
132  44  1.6909 -0.0391  9.8462
140  44  0.0000  0.0000  0.0000
148  44 -0.0269 -0.0368  5.9545
156  44  0.0000  0.0000 15.3513
164  44  0.0032  0.0010 11.7574
172  44  0.0000  0.0000 12.8454
180  44  0.0000  0.0000 13.1911
188  44 -0.0024 -0.0128 11.5188
196  44  0.3136 -0.1174 10.3034
204  44  0.0000  0.0000  8.5898
212  44  0.0000  0.0000  7.1381
220  44  0.0000  0.0000  8.5827
228  44  0.0000  0.0000 12.0000
236  44  0.0000  0.0000 12.2639
244  44  0.0000  0.0000 10.8982
252  44  0.0000  0.0000 12.8227
260  44  0.0000  0.0000 18.2092
268  44  0.0000  0.0000 11.0903
276  44 -0.0187 -0.1924 11.5779
284  44 -0.2149 -0.0041 15.0385
292  44  0.0000  0.0000 11.7363
  4  52  0.0000  0.0000  9.0038
 12  52  0.0000  0.0000  7.4479
 20  52  0.0000  0.0000  9.7687
 28  52  0.0000  0.0000 17.0667
 36  52  0.0000  0.0000 11.1304
 44  52  0.0000  0.0000 11.1304
 52  52     NaN  0.1203  5.4468
 60  52  0.0000  0.0000  0.0000
 68  52  0.0000  0.0000  0.0000
 76  52  0.0000  0.0000 11.1304
 84  52  0.0000  0.0000 11.1304
 92  52  0.0000  0.0000 11.1304
100  52  0.0000  0.0000 11.1304
108  52  0.0000  0.0000  0.0000
116  52  1.5000  0.0000  8.2581
124  52 -1.1838  2.5000  7.5779
132  52  0.0000  0.0000  0.0000
140  52  0.0000  0.0000  9.4208
148  52  0.0000  0.0000  6.0850
156  52 -0.0055 -0.0046 23.7207
164  52  0.0000  0.0000 12.7074
172  52  0.0000  0.0000  9.2509
180  52  0.0000  0.0000 21.3576
188  52 -0.0028 -0.0111  9.5459
196  52  0.0934 -0.2052 10.5433
204  52  0.0000  0.0000 19.1045
212  52  0.0000  0.0000  9.4208
220  52  0.0000  0.0000 12.7546
228  52  0.0282 -0.0168 12.2480
236  52  0.1423 -0.0079 14.9745
244  52  0.0000  0.0000 13.3851
252  52  0.0000  0.0000 10.8982
260  52  0.0000  0.0000 11.9011
268  52  0.0000  0.0000 11.0903
276  52 -0.0584 -0.0098 12.0159
284  52  0.0000  0.0000 15.9971
292  52  0.0000  0.0000 13.8188
  4  60  0.0000  0.0000  0.0000
 12  60  0.0000  0.0000  0.0000
 20  60  0.0000  0.0000  0.0000
 28  60  0.0000  0.0000  0.0000
 36  60  0.0000  0.0000  0.0000
 44  60  0.0000  0.0000 11.1304
 52  60  0.0000  0.0000  0.0000
 60  60  0.0000  0.0000  0.0000
 68  60  0.0000  0.0000  0.0000
 76  60  0.0000  0.0000 22.2609
 84  60  0.0000  0.0000 20.7059
 92  60  0.0000  0.0000  8.0000
100  60  0.0000  0.0000 21.6135
108  60  0.0000  0.0000  0.0000
116  60  0.0000  0.0000 16.1088
124  60  0.0000  0.0000 16.1088
132  60  0.0000  0.0000 16.1088
140  60 -0.1164  0.1164  7.1576
148  60  0.0033 -0.0220  6.0826
156  60 -0.0017 -0.0239  6.3746
164  60  0.0000  0.0000  6.3240
172  60  0.0000  0.0000  6.0348
180  60  0.0000 -0.0000  5.9643
188  60  0.0035  0.0086  5.5875
196  60  0.0000  0.0000  8.7889
204  60  0.0000  0.0000 11.1304
212  60  0.0000  0.0000 12.0628
220  60  0.0000  0.0000 11.1304
228  60  0.0000  0.0000 11.1304
236  60 -0.1717  0.4043 10.4490
244  60  0.0000  0.0000  7.8087
252  60 -0.1566  0.2968  9.4269
260  60  0.0000  0.0000 13.3851
268  60  0.0000  0.0000  7.9027
276  60 -0.0173  0.0000 16.3512
284  60  0.0000  0.0000 16.1088
292  60  0.0000  0.0000  7.4054
  4  68  0.0000  0.0000  0.0000
 12  68  0.0000  0.0000 11.1304
 20  68  0.0000  0.0000  0.0000
 28  68  0.0000  0.0000  0.0000
 36  68  0.0000  0.0000  0.0000
 44  68  0.0000  0.0000 11.1304
 52  68  0.0000  0.0000 22.2609
 60  68  0.0000  0.0000 13.5576
 68  68  0.0000  0.0000  0.0000
 76  68 -0.0106  0.1279 10.0894
 84  68  0.0000  0.0000 10.3342
 92  68  0.0000  0.0000 13.6379
100  68  0.0000  0.0000 17.2916
108  68  0.0000  0.0000 11.9011
116  68  0.0000  0.0000 11.9011
124  68  0.0000  0.0000 13.0803
132  68  0.0000  0.0000 11.1304
140  68  0.1151  0.1151 16.5161
148  68  0.0000  0.0000 13.1731
156  68  0.0000  0.0000 16.1088
164  68  0.0000  0.0000 16.1088
172  68  0.0000  0.0000  7.3911
180  68  0.0000  0.0000 16.1088
188  68  0.0000  0.0000 11.3350
196  68  0.0000  0.0000 11.1304
204  68 -0.5000  0.0000  8.8276
212  68  0.0000  0.0000 11.1304
220  68  0.2780  0.1270 13.3759
228  68  0.0000  0.0000 11.1304
236  68  0.0000  0.0000 17.0667
244  68  0.1841  0.0418 12.3683
252  68  0.0000  0.0000 12.0628
260  68  0.0000  0.0000 16.1088
268  68  0.0000  0.0000 16.1088
276  68  0.0000  0.0000 12.8600
284  68 -0.0000  0.0000  9.1934
292  68 -0.0450  0.1322 16.0000
  4  76  0.0000  0.0000 11.1304
 12  76  0.0000  0.0000  0.0000
 20  76     NaN     NaN  5.4468
 28  76     NaN     NaN  5.4468
 36  76  0.0000  0.0000 17.0667
 44  76 -3.5000  0.2067 10.3667
 52  76 -0.1960  2.5000 11.1304
 60  76  0.0000  0.0000 11.1304
 68  76  0.0000  0.0000 19.4783
 76  76  0.0000  0.0000  8.0000
 84  76  0.0000  0.0000  9.1958
 92  76  0.0000  0.0000 11.6910
100  76  0.0000  0.0000 13.3565
108  76  0.0000  0.0000 11.1304
116  76  0.0000  0.0000 11.1304
124  76  0.0000  0.0000 11.1304
132  76 -1.2188 -0.0495  7.9684
140  76  0.0000  0.0000  9.2086
148  76  0.1416  0.0436 13.7932
156  76  0.0000  0.0000 11.9011
164  76  0.0000  0.0000  8.0000
172  76  0.0000  0.0000  0.0000
180  76  0.0000  0.0000 13.5576
188  76  0.0000  0.0000 16.1088
196  76  0.0000  0.0000 11.1304
204  76  1.0000  0.0640 12.3173
212  76  0.0000  0.0000  0.0000
220  76  5.5000  0.1151  4.1694
228  76  0.0000  0.0000 11.1304
236  76  0.0000 -0.5000 11.1304
244  76  0.0000  0.1960 11.1304
252  76  0.0000  0.0000 11.1304
260  76  0.0000  0.0000 22.2609
268  76  0.0000  0.0000 11.1304
276  76  0.0000  0.0000 12.0628
284  76  0.0000  0.0000  0.0000
292  76 -0.1113  1.6014 11.9803
  4  84  0.0000  0.0000 11.1304
 12  84  0.0000  0.0000  0.0000
 20  84  0.0000  0.0000 16.1088
 28  84  0.0000  0.0000 17.0667
 36  84 -0.2075  0.2325 11.7073
 44  84  0.0000  0.0000  0.0000
 52  84  0.0000  0.1820 11.3219
 60  84  0.0000  0.5000  4.6545
 68  84  0.0000  0.0000  8.1876
 76  84 -0.0696 -0.0807  8.4480
 84  84  0.0000  0.0000  8.0000
 92  84  0.0000  0.0259 13.4737
100  84  0.0000  0.0000 11.9011
108  84  0.0000  0.0000 11.1304
116  84  0.0000  0.0000  0.0000
124  84  0.0000  0.0000 11.1304
132  84  0.0000  0.0000 11.1304
140  84  0.0000  0.0000 19.4783
148  84 -0.3476 -0.2927  7.3438
156  84  0.0000  0.0000  0.0000
164  84  0.5000  0.0000  8.4768
172  84  0.0000  0.0000  0.0000
180  84  0.0000  0.0000 11.1304
188  84  0.0000  0.0000 11.1304
196  84 -0.5000  0.0000  8.8276
204  84  0.0000  0.0000  0.0000
212  84  0.0000  0.0000 19.1045
220  84  0.0000  0.0000  9.2086
228  84  0.0000  0.0000 20.7059
236  84  0.0000  0.0000  0.0000
244  84  0.0000  0.0000 11.1304
252  84  0.0000  0.0000  0.0000
260  84  0.0000  0.0000 11.1304
268  84  0.0000  0.0000 11.1304
276  84  0.0000  0.0000 16.1088
284  84  0.0000  0.0000 12.0628
292  84  0.0000  0.0000 16.1088
  4  92  0.0000  0.0000 16.1088
 12  92  0.0000  0.0000 11.1304
 20  92  0.0000  0.0000 16.1088
 28  92  0.0000  0.0000 13.7958
 36  92  0.0234  0.0724  7.2635
 44  92  0.0000  0.0000 15.8661
 52  92 -0.0780  0.0277 12.9438
 60  92  0.0000  0.0000 11.1304
 68  92  0.0685 -0.0185  8.4013
 76  92 -0.0165  0.1441  9.8914
 84  92 -0.5000  0.1588 10.5785
 92  92  0.0000  0.0000  0.0000
100  92  0.0000  0.0000 11.1304
108  92  0.0000  0.0000 11.1304
116  92  0.0000  0.0000 16.1088
124  92  0.0000  0.0000 16.1088
132  92  0.0000  0.0000 16.6957
140  92  0.0417  0.1134  7.3143
148  92  0.0000  2.5000  8.8276
156  92  0.0000  0.0000  0.0000
164  92  0.0000  0.0000  0.0000
172  92  0.0000  0.0000 13.5576
180  92  0.0000  0.0000 17.2707
188  92  0.0000  0.0000 20.7059
196  92  0.0000  0.0000  0.0000
204  92  0.0000  0.0000  0.0000
212  92 -0.5000  0.0000  8.8276
220  92  0.2611 -0.1783  7.6338
228  92  0.0000  0.0000  9.4208
236  92  0.0000  0.0000 11.9011
244  92  0.0000  0.0000 11.1304
252  92  0.0000  0.0000 11.1304
260  92  0.0000  0.0000 11.1304
268  92  0.0000  0.0000 11.1304
276  92  0.0000  0.0000  0.0000
284  92  0.0000  0.0000  0.0000
292  92  0.0000  0.0000 17.2183
  4 100  0.0000  0.0000 12.0628
 12 100 -0.3394  0.0216  8.7863
 20 100  0.0000  0.0000 16.1088
 28 100  0.0000  0.0000 14.8145
 36 100  0.0000  0.0000  8.7950
 44 100  0.0000  0.0000 16.2126
 52 100  0.0000  0.0000 16.2126
 60 100  0.0000  0.0000  0.0000
 68 100  0.0000  0.0000  0.0000
 76 100  0.0000  2.5000  8.8276
 84 100  0.0000  0.0000  0.0000
 92 100  0.0000  0.0000  0.0000
100 100  0.0000  0.0000 17.7895
108 100  0.0000  0.0000 13.9426
116 100  0.0000  0.0000 11.1304
124 100  0.0000  0.0000 11.1304
132 100 -0.5000  0.0000  8.8276
140 100  0.0000  0.0000  0.0000
148 100  0.0000  0.0000 11.1304
156 100 -0.1960  2.5000 11.1304
164 100  0.0000  0.0000 11.1304
172 100  0.0000  0.0000 11.1304
180 100  0.0000  0.0000 13.0803
188 100 -0.2414  0.0000 11.1304
196 100  0.0000  0.0000 16.1088
204 100  0.0000  0.0000  0.0000
212 100  0.0000  0.0000  0.0000
220 100  0.0000  0.0000  0.0000
228 100  0.0000  0.0000 16.1088
236 100  0.0000  0.0000  0.0000
244 100  0.1102  0.9599  8.7723
252 100  0.0000  0.1960 11.1304
260 100  0.0000  0.0000  0.0000
268 100  0.0000  0.0000 11.1304
276 100  0.0000  0.0000  0.0000
284 100  0.0000  0.0000 11.1304
292 100  0.0000  0.0000 16.1088
  4 108  1.5000  0.0000  8.2581
 12 108 -0.5000  0.0000  8.8276
 20 108  0.0000  0.0000 11.1304
 28 108  0.0000  0.0000 17.0667
 36 108  0.0000  0.0000 12.3458
 44 108  0.0000  0.0000 22.2609
 52 108  0.0000  0.0000  0.0000
 60 108  0.0000  0.0000  0.0000
 68 108  0.0000  0.0000  0.0000
 76 108  0.0000  0.0000 11.1304
 84 108  0.0000  0.0000  0.0000
 92 108  0.0000  0.0000  9.4208
100 108  0.0000  0.0000  8.7658
108 108  0.0000  0.0000 16.4760
116 108  0.0000  0.0000  0.0000
124 108  0.0000  0.0000 11.1304
132 108  0.0000  0.0000  0.0000
140 108  0.0000  0.0000 16.1088
148 108  0.0000  0.0000 16.1088
156 108  0.0000  0.0000  8.0190
164 108  0.0000  0.0000  0.0000
172 108  0.0000  0.0000 11.1304
180 108  0.0000  0.0000  0.0000
188 108  0.0000  0.0000  0.0000
196 108  0.0000  0.0000  0.0000
204 108  0.0000  0.0000  0.0000
212 108  0.0000  0.0000  0.0000
220 108  0.0000  0.0000 11.1304
228 108  0.0000  0.0000 16.1088
236 108  0.0000  0.0000 16.1088
244 108  0.0000  0.0000  9.4948
252 108  0.0000  0.0000 11.1304
260 108  0.0000  0.0000 11.1304
268 108 -0.0696 -0.0812 10.9765
276 108  0.0000  0.0000  0.0000
284 108  0.0000  0.0000  0.0000
292 108  0.0000  2.5000  8.8276
  4 116  0.0000  0.0000 11.1304
 12 116  0.0000  0.0000  0.0000
 20 116  0.0000  0.0000  9.2086
 28 116  0.0000  0.0000 16.6957
 36 116  0.0000  0.0000  0.0000
 44 116  0.0000  0.0000 12.0628
 52 116  0.0000  0.0000  0.0000
 60 116  0.0000  0.0000  0.0000
 68 116  0.0000  0.0000  0.0000
 76 116  0.0000  0.0000 19.4783
 84 116  0.0000  0.0000 16.1088
 92 116  0.0000  0.0000  0.0000
100 116  0.0000  0.0000 11.1304
108 116  0.0000  0.0000  0.0000
116 116  0.0000  0.0000  9.4948
124 116  0.0000  0.0000  9.9720
132 116  0.0000 -1.7251  8.5018
140 116 -0.0244  1.5695  8.0539
148 116  0.0000  0.0000 11.1304
156 116  0.0000  0.0000  0.0000
164 116  0.0000  0.0000 17.2183
172 116  0.0000  0.0000  0.0000
180 116  0.0000  0.0000  0.0000
188 116  0.0000  0.0000  0.0000
196 116  0.0000  0.0000  0.0000
204 116  0.0000  0.0000 11.1304
212 116  0.0000  0.0000  0.0000
220 116  0.0000  0.0000  0.0000
228 116  0.0000  0.0000 16.1088
236 116  0.0000  0.0000 11.1304
244 116  0.0000  0.0000 11.1304
252 116  0.0000  0.0000 16.1088
260 116  0.0000  0.0000  8.2492
268 116  0.0000  0.0000 13.3565
276 116 -0.5000  0.1588 10.5785
284 116  0.0000  0.0000 12.0628
292 116  0.0000  0.0000 11.1304
  4 124  0.0000  0.0000 17.0667
 12 124  0.0000  0.0000 16.1088
 20 124  0.6907  0.2991  8.0688
 28 124  0.0000  0.0000  0.0000
 36 124  0.0551 -0.1827 24.0667
 44 124  0.0000  0.0000 16.1088
 52 124  0.0000  0.0000  0.0000
 60 124  0.0000  0.0000  0.0000
 68 124  0.0000  0.0000 11.1304
 76 124  0.0000  0.0000 10.1191
 84 124  0.0000  0.0000 11.1304
 92 124  0.0000  0.0000 11.1304
100 124  0.0000  0.0000 11.1304
108 124  1.3070 -0.0337 12.4709
116 124  0.0000  0.0000 12.1416
124 124  0.0000  0.0000  9.1555
132 124  0.0000  0.0000  0.0000
140 124  0.0000  0.0000  0.0000
148 124  0.0000  0.0000 16.1088
156 124  0.0000  0.0000  0.0000
164 124  0.0000  0.0000 19.1045
172 124  0.0000  0.0000 11.1304
180 124  0.0000  0.0000  0.0000
188 124  0.0000  0.0000  0.0000
196 124  0.0000  0.0000  0.0000
204 124  0.0000  0.0000  0.0000
212 124  0.0000  0.0000  0.0000
220 124  0.0000  0.0000  0.0000
228 124  0.0000  0.0000  0.0000
236 124  0.0000  0.0000 11.1304
244 124  0.0000  0.0000 11.1304
252 124  0.0000  0.0000 11.1304
260 124  0.0000  0.0000 13.5576
268 124  0.0000  0.0000 13.1204
276 124  0.0000  0.5000  8.0688
284 124  0.0000  0.0000  0.0000
292 124  0.0000  0.0000 11.1304
  4 132  0.0000  0.0000 11.9011
 12 132 -0.1258 -0.5000  6.9398
 20 132  0.0000  0.0000 16.1088
 28 132  0.1656 -0.0786 10.7522
 36 132 -0.2611 -0.1783  7.6338
 44 132  0.0000  0.0000  0.0000
 52 132 -0.1960  2.5000 11.1304
 60 132  0.0000  0.0000  0.0000
 68 132 -0.1969  0.1847 11.2822
 76 132  0.0000  0.0000 11.1304
 84 132  0.0000  0.0000  0.0000
 92 132  0.0000  0.0000  0.0000
100 132  0.0000  0.0000 11.1304
108 132  0.0000  0.0000 11.1304
116 132  0.0000  0.0000  9.2086
124 132  0.0000  0.0000 16.1088
132 132  0.0000  0.0000  0.0000
140 132  0.0000  0.0000  0.0000
148 132  0.0000  0.0000 11.1304
156 132  0.0000  0.0000  0.0000
164 132  0.0000  2.5000  8.8276
172 132  0.0000  0.0000  0.0000
180 132 -0.0418 -0.1521 12.6567
188 132  0.0000  0.0000  0.0000
196 132  0.0000  0.0000  0.0000
204 132  0.0000  0.0000 11.1304
212 132  0.0000  0.0000 11.1304
220 132  0.0000  0.0000 11.1304
228 132  0.0000  0.0000  0.0000
236 132  0.0000  0.0000  0.0000
244 132  0.0000  0.0000 11.1304
252 132  0.0000  0.0000 11.1304
260 132  0.0000  0.0000  0.0000
268 132 -0.1854  0.1854  7.8578
276 132 -0.2637 -0.0367 10.8805
284 132  0.0000  0.0000 11.1304
292 132  0.0000  0.0000  0.0000
  4 140  0.4043 -0.4043  8.0000
 12 140  1.5000  0.0000  8.2581
 20 140  0.0000  0.0000  0.0000
 28 140  0.0000  0.0000 11.1304
 36 140  0.0000  0.0000 11.1304
 44 140  0.0000  0.0000 11.1304
 52 140  0.0000  0.0000 17.0667
 60 140 -0.1151 -0.1151 16.5161
 68 140 -0.0136 -0.1807  7.9395
 76 140  0.0000  0.0000  0.0000
 84 140  0.0000  0.0000  0.0000
 92 140  0.0000  0.0000  0.0000
100 140  0.0000  0.0000 11.1304
108 140  0.0000  0.0000  0.0000
116 140  0.0000  0.0000 16.1088
124 140  0.0000  0.0000 11.1304
132 140  0.0000  0.0000 13.5576
140 140  0.0000  0.0000 11.1304
148 140  0.0000  0.0000  0.0000
156 140  0.0000  0.0000  0.0000
164 140  0.0000  0.0000 11.1304
172 140  0.0000  0.0000  0.0000
180 140  0.0000  0.0000 12.0455
188 140  0.0000  0.0000  0.0000
196 140  0.0000  0.0000  0.0000
204 140  0.0000  0.0000  0.0000
212 140  0.0000  0.0000 16.1088
220 140  0.0000  0.0000 11.1304
228 140  0.0000  0.0000 11.1304
236 140  0.0000  0.0000 16.1088
244 140  0.0000  0.0000 13.5576
252 140  0.0000  0.0000 16.1088
260 140  0.0000  0.0000  0.0000
268 140  0.0000  0.0000  0.0000
276 140 -0.5000  0.0000  8.8276
284 140  0.0000  0.0000 12.0628
292 140  0.0000  0.0000 11.1304
  4 148  0.0000  0.0000 11.1304
 12 148  0.0000  0.0000 12.0455
 20 148  0.0000  0.0000 11.1304
 28 148  0.0000  0.0000  0.0000
 36 148  0.0000  0.0000  0.0000
 44 148  0.0000  0.0000  0.0000
 52 148  0.0000  0.0000  0.0000
 60 148  0.0000  0.0000 12.0455
 68 148  0.0000  0.0000 11.1304
 76 148  0.0000  0.0000  0.0000
 84 148  0.0000  0.0000  0.0000
 92 148  0.0000  0.0000 11.1304
100 148  0.0000  0.0000 11.1304
108 148  0.0000  0.0000 11.1304
116 148  0.0000  0.0000 11.1304
124 148  0.0000  0.0000  0.0000
132 148  0.0000  0.0000  0.0000
140 148  0.0000  0.0000 16.1088
148 148  0.0000  0.0000  0.0000
156 148  0.0000  0.0000  0.0000
164 148  0.0000  0.0000 11.1304
172 148  0.0000  0.0000  0.0000
180 148 -0.0264  0.3145 11.0777
188 148  0.0000  0.0000  0.0000
196 148  0.0000  0.0000  0.0000
204 148  0.0000  0.0000  0.0000
212 148  0.0000  0.0000 11.1304
220 148  0.0000  0.0000 19.1045
228 148  0.0000  0.0000  0.0000
236 148 -0.5000  0.0000 11.1304
244 148  0.0000  0.0000 11.1304
252 148  0.0000  0.0000 11.1304
260 148  0.0000  0.0000 16.1088
268 148  0.0000  0.0000 11.1304
276 148  0.0000  0.0000  0.0000
284 148 -1.0000  0.0000  9.2850
292 148  0.0000  0.0000  0.0000
  4 156  0.0000  0.0000 11.1304
 12 156  0.0000  0.0000 12.0628
 20 156  0.0000  0.0000 11.1304
 28 156  0.0000  0.0000  0.0000
 36 156  0.0000  0.0000  0.0000
 44 156  0.0000  0.0000 11.1304
 52 156  0.0000  0.0000 12.0455
 60 156 -0.5000  0.0000  8.8276
 68 156  0.0000  0.0000  0.0000
 76 156  0.0000  0.0000  0.0000
 84 156  0.0000  0.0000 11.1304
 92 156  0.0000  0.0000 11.1304
100 156  0.0000  0.0000 11.1304
108 156  0.0000  0.0000 11.1304
116 156  0.0000  0.0000 11.1304
124 156  0.0000  0.0000  0.0000
132 156  0.0000  0.0000  0.0000
140 156  0.0000  0.0000 16.1088
148 156  0.0000  0.0000 11.1304
156 156  0.0000  0.0000 11.1304
164 156  0.0000  0.0000  8.0000
172 156  0.0000  0.0000 16.1088
180 156  0.0000  0.0000 16.1088
188 156  0.0000  0.0000  0.0000
196 156  0.0000  0.0000  0.0000
204 156  0.0000  0.0000 11.1304
212 156  0.0000  0.0000 11.1304
220 156  0.0000  0.0000 12.0628
228 156 -0.5000  0.0000 11.1304
236 156 -0.5000  0.0000  8.8276
244 156  0.0000  0.0000 11.1304
252 156  0.0000  0.0000 16.1088
260 156  0.0000  0.0000  0.0000
268 156 -1.3070  0.0337 12.4709
276 156  0.0000  0.0000  0.0000
284 156  0.0000 -0.5000  8.8276
292 156  0.0000  0.0000  0.0000
  4 164  0.0000  0.0000 16.1088
 12 164  0.0000  0.0000 12.0455
 20 164  0.0000  0.0000  0.0000
 28 164  0.0000  0.0000  0.0000
 36 164  0.0000  0.0000  0.0000
 44 164  0.0000  0.0000 16.1088
 52 164 -1.3070 -0.0337 12.4709
 60 164  0.0000  0.0000  0.0000
 68 164  0.0000  0.0000  0.0000
 76 164  0.0000  0.0000  0.0000
 84 164  0.0000  0.0000 11.1304
 92 164  0.0000  0.0000  0.0000
100 164  0.0000  0.0000  0.0000
108 164  0.0000  0.0000 11.1304
116 164  0.0000  0.0000 11.1304
124 164  0.0000  0.0000  0.0000
132 164  0.0000  0.0000 16.1088
140 164  0.0000  0.0000 11.1304
148 164  0.0000  0.0000 11.1304
156 164  1.5000  0.1960  9.2086
164 164  0.0000  0.0000 11.2521
172 164  0.0000  0.0000 20.7059
180 164  0.0000  0.0000 11.1304
188 164  0.0000  0.0000  0.0000
196 164  0.0000  0.0000 11.1304
204 164  0.0000  0.0000 11.1304
212 164  0.0000  0.0000 11.1304
220 164  0.0000  0.0000 11.1304
228 164  0.0000  0.0000  0.0000
236 164  0.0000  0.0000  0.0000
244 164  0.0000  0.0000  0.0000
252 164  0.0000  0.0000  0.0000
260 164  0.0000  0.0000  0.0000
268 164  0.0000  0.0000  0.0000
276 164  0.0000  0.0000  0.0000
284 164  0.0000  0.0000  0.0000
292 164  0.0000  0.0000  0.0000
  4 172  0.0000  0.0000  0.0000
 12 172  0.0000  0.0000 11.9011
 20 172  0.0000  0.0000 16.1088
 28 172  0.0000  0.0000  0.0000
 36 172  0.0000  0.0000  0.0000
 44 172  0.0418 -0.1521 12.6567
 52 172  0.0000  0.0000  0.0000
 60 172  0.0000  0.0000  0.0000
 68 172  0.0000  0.0000 11.1304
 76 172  0.0000  0.0000 16.1088
 84 172  0.0000  0.0000  0.0000
 92 172  0.0000  0.0000  0.0000
100 172  0.0000  0.0000  0.0000
108 172  0.0000  0.0000 11.1304
116 172  0.0000  0.0000 11.1304
124 172  0.0000  0.0000  0.0000
132 172  0.0000  0.0000 11.1304
140 172  0.0000  0.0000  0.0000
148 172  0.0000  0.0000  0.0000
156 172  0.0000  0.0000 17.0667
164 172  0.0000  0.0000 13.6955
172 172  0.0000  0.0000  0.0000
180 172  0.0000  0.0000  0.0000
188 172  0.0000  0.0000 11.1304
196 172  0.0000  0.0000  0.0000
204 172  0.0000  0.0000 16.1088
212 172  0.0000  0.0000  0.0000
220 172  0.0000  0.0000  0.0000
228 172  0.0000  0.0000 12.0628
236 172  0.0000  0.0000 11.1304
244 172  0.0000  0.0000  0.0000
252 172  0.0000  0.0000  0.0000
260 172  1.0492 -0.0305 12.6667
268 172  0.0000  0.0000  0.0000
276 172  0.0000  0.0000  0.0000
284 172  0.0000  0.0000  0.0000
292 172  0.0000  0.0000  0.0000
  4 180  0.0000  0.0000  0.0000
 12 180  0.0000  0.0000 16.1088
 20 180  0.0000  0.0000  0.0000
 28 180  0.0000  0.0000  0.0000
 36 180  0.0000  0.0000 11.1304
 44 180  1.5000 -1.0000  7.4357
 52 180  0.0000  2.5000  8.8276
 60 180  0.0000  0.0000  0.0000
 68 180  0.0000  0.0000 11.1304
 76 180  0.0000  0.0000 17.0667
 84 180  0.0000  0.0000 11.1304
 92 180  0.0000  0.0000 11.1304
100 180  0.0000  0.0000  0.0000
108 180  0.0000  0.0000  0.0000
116 180  0.0000  0.0000 11.1304
124 180  0.0000  0.0000 11.1304
132 180  0.0000  0.0000  0.0000
140 180  0.0000  0.0000  0.0000
148 180  0.0000  0.0000  0.0000
156 180  0.0000  0.0000 11.1304
164 180  0.0000  0.0000 12.0628
172 180  0.0000  0.0000 11.1304
180 180  0.0000  0.0000  0.0000
188 180  0.0000  0.0000 11.1304
196 180  0.0000  0.0000 11.1304
204 180  0.0000  0.0000 11.1304
212 180  0.0000  0.0000  0.0000
220 180  0.0000  0.0000 11.1304
228 180  0.0000  0.0000 12.0628
236 180  0.0000  0.0000  0.0000
244 180  0.0000  0.0000  0.0000
252 180  0.0000  0.0000  0.0000
260 180  0.0000  0.0000  0.0000
268 180  0.0000  0.0000  0.0000
276 180  0.0000  0.0000  0.0000
284 180  0.0000  0.0000  0.0000
292 180  0.0000  0.0000 11.1304
  4 188  0.0000  0.0000 10.2400
 12 188  0.0000  0.0000  0.0000
 20 188  0.0000  0.0000 16.1088
 28 188 -0.5000  0.0000  8.8276
 36 188  0.0000  0.0000  8.0000
 44 188  0.0000  0.0000 16.1088
 52 188  0.0000  0.0000  0.0000
 60 188  0.0000  0.0000  0.0000
 68 188  0.0000  0.0000 11.1304
 76 188  0.0000  0.0000 11.1304
 84 188  0.0000  0.0000  0.0000
 92 188  0.0000  0.0000 11.1304
100 188  0.0000  0.0000  0.0000
108 188  0.0000  0.0000  0.0000
116 188  0.0000  0.0000  8.2581
124 188  0.0000  0.0000 15.9357
132 188  2.5000  0.0000 11.1304
140 188  0.0000  0.0000  0.0000
148 188     NaN  0.0000 17.0667
156 188  0.0000  0.0000 11.1304
164 188  0.0000  0.0000 13.1731
172 188  0.0000  0.0000  0.0000
180 188  0.0000  0.0000  0.0000
188 188  0.0000  0.0000  0.0000
196 188  0.0000  0.0000 11.1304
204 188  0.0000  0.0000  0.0000
212 188  0.0000  0.0000  0.0000
220 188     NaN  0.0000 17.0667
228 188  0.0000  0.0000 11.1304
236 188  0.0000  0.0000  0.0000
244 188  0.0000  0.0000  0.0000
252 188  0.0000  0.0000  0.0000
260 188  0.0000  0.0000  0.0000
268 188  0.0000  0.0000  0.0000
276 188  0.0000  0.0000  0.0000
284 188  0.0000  0.0000 11.1304
292 188  0.0000  0.0000 11.1304
  4 196  0.0000  0.0000 11.1304
 12 196  0.0000  0.0000  0.0000
 20 196  0.0000  2.5000  8.8276
 28 196  0.0000  0.0000 16.1088
 36 196  0.0000  0.0000  0.0000
 44 196  0.0000  0.0000  0.0000
 52 196  0.0000  0.0000 11.1304
 60 196  0.0000  0.0000  0.0000
 68 196  0.3091  0.0000 15.7112
 76 196  0.0000  0.0000 11.1304
 84 196  0.0000  0.0000 11.1304
 92 196  0.0000  0.0000 11.1304
100 196  0.0000  0.0000 11.1304
108 196  0.0000  2.5000  8.8276
116 196  0.0705  1.6594  9.4378
124 196  0.0000  0.0000  9.4208
132 196  0.0000  0.0000 11.1304
140 196  0.0000  0.0000  0.0000
148 196  0.0000  0.0000 19.1045
156 196  0.0000  0.0000  0.0000
164 196 -0.1912  0.0000 12.4272
172 196  2.5000  0.0000  8.8276
180 196  0.0000  0.0000  0.0000
188 196  0.0000  0.0000  0.0000
196 196  0.0000  0.0000  0.0000
204 196  0.0000  0.0000  0.0000
212 196  0.0000  0.0000  0.0000
220 196  0.0000  0.0000 16.1088
228 196  0.0000  0.0000 11.1304
236 196  0.0000  0.0000  0.0000
244 196  0.0000  2.5000  8.8276
252 196  0.0000  0.0000  0.0000
260 196  0.0000  0.0000  0.0000
268 196  0.0000  0.0000  0.0000
276 196  0.0000  0.0000 11.1304
284 196  0.0000  0.0000  0.0000
292 196  0.0000  0.0000  0.0000
  4 204  0.0000  0.0000 11.1304
 12 204  0.0000  0.0000 11.1304
 20 204  0.0000  0.0000 11.1304
 28 204  0.0000  0.0000  5.4468
 36 204 -0.5000 -0.0391  9.3822
 44 204 -0.5000  0.0000 11.1304
 52 204  0.0000 -0.5000  8.8276
 60 204  0.0000  0.0000  0.0000
 68 204  0.0000  0.0000  0.0000
 76 204  0.0000  0.0000 16.1088
 84 204  0.0000  0.0000 16.1088
 92 204  0.0000  0.0000 11.1304
100 204  0.0000  0.0000 12.0455
108 204  0.0000  0.0000  0.0000
116 204  0.0000  0.0000 12.0628
124 204  0.2749  0.0000  8.5018
132 204  0.0000  0.0000  0.0000
140 204  0.0000  0.0000  0.0000
148 204     NaN  0.0000 17.0667
156 204  0.0000  0.0000  0.0000
164 204  0.0000  0.0000 11.1304
172 204  0.0000  0.0000 16.1088
180 204  0.0000  0.0000 11.1304
188 204  0.0000  0.0000  0.0000
196 204  0.0000  0.0000  0.0000
204 204  0.0000  0.0000  0.0000
212 204  0.0000  0.0000  0.0000
220 204  0.0000  0.0000  0.0000
228 204  0.0000  0.0000 11.1304
236 204  0.0000  0.0000 16.1088
244 204  0.0000  0.0000 16.1088
252 204  0.0000  0.0000 11.1304
260 204  0.0000  0.0000  0.0000
268 204  0.0000  0.0000 16.1088
276 204  0.0000  0.0000  0.0000
284 204  0.0000  0.0000  0.0000
292 204  0.0000  0.0000  0.0000
  4 212  0.0000  0.0000 11.1304
 12 212  0.0000  0.0000 11.1304
 20 212  0.0000  0.0000 11.1304
 28 212  2.5000  0.1588 10.5785
 36 212  0.0000  0.0000  0.0000
 44 212  0.0000  0.0000 16.1088
 52 212  0.0000  0.0000  8.8276
 60 212  0.0000  0.0000 16.1088
 68 212  2.5000  0.1588 10.5785
 76 212  0.0000  0.0000 12.0455
 84 212  0.0000  0.0000  0.0000
 92 212  0.0000  0.0000 19.4783
100 212  0.0000  0.0000 17.0667
108 212  0.0000  0.0000 12.0628
116 212  0.0000  0.0000 18.9370
124 212  0.6306  0.1105 11.2757
132 212  0.0000  0.0000  0.0000
140 212  0.0000  0.0000  0.0000
148 212     NaN  0.0000 17.0667
156 212  0.0000  0.0000  0.0000
164 212  0.0000  0.0000 11.1304
172 212 -0.5000  0.0000 11.1304
180 212  0.0000  0.0000 11.1304
188 212  0.0000  0.0000  0.0000
196 212  0.0000  0.0000  0.0000
204 212  0.0000  0.0000 11.1304
212 212  0.0000  0.0000  0.0000
220 212  0.0000  0.0000  0.0000
228 212  0.0000  0.0000  0.0000
236 212  0.0000 -1.0000  8.8276
244 212  0.0000  0.0000  0.0000
252 212  0.0264  0.3145 11.0777
260 212  0.0000  0.0000 11.1304
268 212  0.0000  0.0000  0.0000
276 212  0.0000  0.0000  0.0000
284 212  0.0000  0.0000  0.0000
292 212  0.0000 -0.5000  8.8276
  4 220  0.0000  0.0000 11.1304
 12 220  0.0000  0.0000 16.1088
 20 220  0.0000  0.0000 16.1088
 28 220  0.0000 -0.5000  8.8276
 36 220 -0.3290 -2.8274  8.0000
 44 220  0.0000  0.0000 11.1304
 52 220  0.0000  0.0000 16.1088
 60 220  0.0000  0.0000  0.0000
 68 220  0.0000  0.0000  0.0000
 76 220  0.0000  0.0000 11.1304
 84 220  0.0000  0.0000  0.0000
 92 220  0.0000  0.0000 11.1304
100 220  0.0000  0.0000 11.1304
108 220  0.0000  0.0000  0.0000
116 220  0.0076  0.2958 11.9432
124 220 -0.5000  0.0000  8.8276
132 220  0.0000  0.0000 11.1304
140 220  0.0000  0.0000 11.1304
148 220  0.0000  0.0000  0.0000
156 220  0.0000  0.0000  0.0000
164 220  0.0000  0.0000 11.1304
172 220  0.1960  0.0000 11.1304
180 220  0.0000  0.0000  0.0000
188 220  0.0000  0.0000  0.0000
196 220  0.0000  0.0000 11.1304
204 220  0.0000  0.0000 16.1088
212 220  0.0000  0.0000 11.1304
220 220  0.0000  0.0000  0.0000
228 220  0.0000  0.0000 16.1088
236 220 -0.1927 -0.0788 17.1842
244 220  0.0000 -0.5000 11.1304
252 220  0.1960  2.5000 11.1304
260 220  0.0000  0.0000  0.0000
268 220  0.0000  0.0000  0.0000
276 220  0.0000  0.0000 11.1304
284 220  0.0000  0.0000 11.1304
292 220 -0.8674 -2.5642 11.3629
