VARIABLES= "X pix", "Y pix", "U pix/dt", "V pix/dt", "CHC", ZONE I=28, J=37
  4   4 -0.1560  0.0000 10.6915
 12   4 -0.0407  0.0060 10.8867
 20   4  0.0830  0.0000 10.9708
 28   4  0.0863  0.0000 10.9708
 36   4  0.0000  0.0087 10.8624
 44   4 -0.0514  0.0000 11.0456
 52   4 -0.0450  0.0385 11.2615
 60   4  0.0000 -0.0040 10.8769
 68   4  0.0353  0.0000 10.9708
 76   4  0.0000 -0.0127 11.0049
 84   4 -0.0023 -0.0984 11.8345
 92   4  0.0054  0.0139 11.7488
100   4 -0.0070  0.0200 12.2218
108   4  0.0000  0.0875 12.5438
116   4  0.0039 -0.0027 11.7121
124   4  0.0397  0.0000 11.0456
132   4  0.1507  0.0000 11.6152
140   4  0.0936  0.0000 10.9762
148   4  0.0226  0.0000 11.7754
156   4  0.0036  0.0185 11.7900
164   4  0.0102  0.0000 11.7754
172   4  0.0000  0.0834 11.8967
180   4 -0.0489  0.0000 11.7754
188   4 -0.0090  0.0473 11.2848
196   4  0.0005  0.0015 11.7381
204   4 -0.0115 -0.0086 11.8157
212   4  0.0578 -0.0383 12.0744
220   4  0.0276  0.0027 11.4047
228   4 -0.1013  0.0000 10.3431
236   4  0.0000  0.0000 10.3848
244   4 -0.0103  0.0343  9.5664
252   4  0.0122  0.0254 10.7708
260   4 -0.0362  0.0050 10.8184
268   4 -0.0000  0.0000 10.5827
276   4 -0.0376  0.0000 12.4073
284   4  0.0402  0.0000 11.9696
292   4  0.1403  0.0000 11.7813
  4  12  0.1505  0.0094 10.0355
 12  12 -0.0119 -0.0556 11.6923
 20  12 -0.1273  0.1511 11.3888
 28  12 -0.0876  0.0000 11.3377
 36  12  0.2123  0.0730 12.9875
 44  12 -0.2076  0.0539 11.9091
 52  12 -0.0533  0.0639 20.1011
 60  12  0.0811 -0.0260 10.9436
 68  12 -0.0117  0.0958 18.5798
 76  12 -0.0617 -0.0570 11.1366
 84  12 -0.0292  0.0642  8.8166
 92  12  0.0000  0.0218  9.0724
100  12 -0.0014 -0.0174  9.5387
108  12 -0.0770  0.0515 12.9951
116  12 -0.0109 -0.0869 10.7422
124  12  0.0108  0.0300 11.5980
132  12  0.0000 -0.0073 11.1930
140  12 -0.0000  0.0000 11.0339
148  12  0.0000  0.0499 11.4159
156  12 -0.0549 -0.0060 12.2082
164  12  0.0956  0.0289 13.2467
172  12 -0.2963  0.0906  9.0954
180  12 -0.0842  0.0000 11.1372
188  12  0.0569  0.1417 11.3198
196  12  0.1672  0.0721 12.1373
204  12 -0.0495  0.1323  9.3035
212  12  0.0370  0.2628 11.4365
220  12  0.1704  0.0798 16.4970
228  12  0.1748  0.0000 12.5159
236  12  0.1262  0.0645 11.1182
244  12  0.0216  0.2994 10.2663
252  12 -0.3010  0.0483  9.2714
260  12  0.0000  0.0000 11.1304
268  12 -0.0179  0.0000  8.6732
276  12  0.1603  0.0331  7.7971
284  12 -0.1588  0.2354  6.8863
292  12 -0.0715  0.0000  7.7766
  4  20 -0.1364  0.0432 16.6228
 12  20  0.0754  0.0196 14.4771
 20  20  0.0000  0.0172 14.6969
 28  20 -0.0435 -0.0070 14.0524
 36  20  0.0000  0.0370 13.8454
 44  20 -0.0393 -0.0081 11.9536
 52  20 -0.0190  0.0077 10.7426
 60  20  0.0000 -0.0117 13.2653
 68  20  0.0000 -0.0199 17.1262
 76  20 -0.0069 -0.0120 12.6785
 84  20  0.0313 -0.0215 13.5668
 92  20  0.0041 -0.0310 10.7682
100  20  0.1065  0.0266 12.0059
108  20  0.0799  0.0430 11.9439
116  20  0.0049  0.0138 15.5368
124  20  0.0043  0.0090 14.2620
132  20 -0.0023  0.0256 15.0489
140  20 -0.0277 -0.0427 14.3440
148  20 -0.0098  0.0158 15.5841
156  20  0.0289  0.0074 14.1598
164  20  0.0056  0.0318 15.1993
172  20  0.2459  0.0009 17.8344
180  20  0.0788  0.0157 15.6338
188  20  0.0318  0.0144 19.8905
196  20 -0.0057  0.0045 19.2282
204  20  0.0087  0.0880 23.1195
212  20  0.1096  0.1302 23.7589
220  20  0.1879 -0.1615  9.6376
228  20 -0.0565 -0.0250  7.1619
236  20  0.2403 -0.0734 16.3929
244  20  0.0000  0.1411 14.1241
252  20  0.1236 -0.0062 11.3919
260  20  0.0203  0.0517 14.6676
268  20 -0.0711 -0.1621  9.0888
276  20  0.0247 -0.0142 15.2836
284  20  0.0119  0.0700 16.0835
292  20 -0.0764 -0.0543 14.2899
  4  28  0.1013  0.0242  9.0249
 12  28  0.0376  0.1782 10.0189
 20  28 -0.0952  0.0319 10.7790
 28  28  0.0000  0.0186 10.3913
 36  28  0.0254  0.0121 10.4219
 44  28  0.0135  0.0176 10.2825
 52  28  0.0076  0.0103 10.0650
 60  28 -0.0161 -0.0176  9.8269
 68  28  0.0083 -0.0150 10.8571
 76  28  0.0335 -0.0100 10.6410
 84  28  0.0040  0.0189  9.5573
 92  28 -0.0035  0.0008  9.3621
100  28  0.0022 -0.0097 12.6149
108  28  0.0538  0.0162 14.0154
116  28  0.0125  0.0225  8.7767
124  28 -0.0103 -0.0081  9.3661
132  28  0.0039 -0.0192  8.3981
140  28 -0.0036  0.0296  8.8425
148  28  0.0028  0.0200  8.8913
156  28  0.0221 -0.0016 20.7679
164  28  0.0536  0.1219 14.9622
172  28  0.0443  0.0625 14.0971
180  28  0.1729  0.2006 20.7621
188  28  0.1039  0.0154 16.3267
196  28  0.0082  0.0324  8.5584
204  28 -0.0034  0.0334  8.8627
212  28  0.0092  0.0022  9.5803
220  28 -0.0016  0.0021  9.3339
228  28 -0.0065  0.0171  9.1543
236  28  0.0052  0.0623  8.6111
244  28  0.0037  0.0153  8.9883
252  28 -0.0096  0.0261  9.7872
260  28  0.0098  0.0133 15.6351
268  28  0.0540  0.0295 12.3311
276  28 -0.0153 -0.0155 22.9310
284  28  0.0061  0.0333 15.5373
292  28 -0.0125  0.0253 11.5501
  4  36 -0.0285  0.0899  7.3733
 12  36  0.0231 -0.0160  7.0005
 20  36 -0.0131 -0.0254  6.4008
 28  36  0.0317 -0.1070  6.6942
 36  36  0.0000 -0.3645  6.5615
 44  36 -0.0505 -0.1965  7.4675
 52  36  0.0000 -0.5000  7.0104
 60  36 -0.1888 -0.2177  7.7057
 68  36  0.0611 -0.3651 11.3778
 76  36 -0.0615 -0.0091 12.8744
 84  36 -0.0067 -0.0037 12.4868
 92  36  0.0000  0.1383  9.7077
100  36  0.0869 -0.0416  8.0800
108  36  0.0917  0.0000  7.6156
116  36  0.0275  0.1651  7.2085
124  36  0.3060  0.3176  6.7924
132  36  0.5000 -0.3734  7.2391
140  36  1.0000 -0.0640 12.3173
148  36 -0.1558 -0.0954  5.8789
156  36  0.0394  0.2006 12.9868
164  36  0.0780  0.0309 12.8955
172  36  0.0693  0.1266 18.1967
180  36  0.1760  0.0442 12.7865
188  36  0.1434  0.0024 11.8218
196  36  0.0000  0.0508 12.9722
204  36 -0.0035  0.0000 15.1250
212  36  0.0234  0.0000 10.5392
220  36  0.0000  0.2658 11.4828
228  36  0.0001  0.0000 13.7993
236  36  0.0987  0.0000 11.4015
244  36  0.0000 -0.0736  9.7300
252  36  0.0106 -0.2269 11.3584
260  36  0.0000 -0.1870  7.4854
268  36  0.2032 -0.0056 10.6090
276  36 -0.1114  0.1301 10.3192
284  36 -0.2251  0.0904  9.7620
292  36 -0.0320  0.0000  8.6265
  4  44  0.0000  0.1469 10.3584
 12  44  0.0000  0.3309 10.5785
 20  44  0.1215 -0.1580 13.7109
 28  44 -0.1196 -0.0023 15.4390
 36  44 -0.0117 -0.0135 11.9161
 44  44  0.0326  0.0000 10.3707
 52  44  0.1605  0.0361  8.5363
 60  44 -0.1272 -0.0068  7.1243
 68  44  0.2981  0.0000  7.5563
 76  44 -0.1175 -0.0949  8.6851
 84  44  0.0000  0.5000  8.0688
 92  44 -0.2917  0.0000 11.1304
100  44 -0.1825 -0.2174 12.5315
108  44 -0.7763  0.0000 16.1088
116  44  0.4457  0.0765  9.9740
124  44  0.1780 -0.3757 17.7572
132  44  0.0845  0.0000  0.0000
140  44  0.1066  0.0000  0.0000
148  44  0.1275 -0.0366  5.7550
156  44  0.0247  0.6056 13.2637
164  44  0.2116  0.1854 10.5980
172  44  0.0189  0.0910 12.0924
180  44  0.1490  0.0872 12.1231
188  44  0.0768  0.0087 11.9631
196  44 -0.3136  0.1174 10.3034
204  44 -0.0298 -0.2186  7.1643
212  44  0.0131  0.1035  7.1215
220  44  0.0340  0.0426  8.5768
228  44  0.1035 -0.0140 11.1935
236  44  0.1322  0.0000 12.2639
244  44  0.0654  0.0000 10.8982
252  44 -0.1880  0.0000 12.8227
260  44 -0.1816  0.0000 18.2092
268  44 -0.0272  0.0238 11.1899
276  44  0.1126  0.2724 10.7680
284  44  0.0000 -0.2836 10.3034
292  44  0.0774  0.0041 11.1379
  4  52  0.0216  0.0000  9.0038
 12  52 -0.0043  0.0033  7.3898
 20  52  0.3346 -0.1270  6.2748
 28  52  0.2414  0.0000 11.1304
 36  52 -2.5000  0.0000 11.1304
 44  52 -0.8422  0.0000 11.1304
 52  52 -0.1716  0.0000 11.1304
 60  52 -0.0292  0.0000  0.0000
 68  52  0.0535  0.0000  0.0000
 76  52  0.0000 -0.5000  8.8276
 84  52  0.0000  2.5000  8.8276
 92  52 -0.1139  1.0757  9.3822
100  52 -0.5000  0.0000 11.1304
108  52 -0.9526  0.0000  0.0000
116  52 -1.5000  0.0000  8.2581
124  52  1.5000  0.0000  8.2581
132  52  1.1954  0.0000  0.0000
140  52 -0.5000  1.5000  5.2409
148  52 -0.0179  0.0803  5.9048
156  52 -0.0009  0.2687 24.1094
164  52  0.1339  0.3185 12.7370
172  52  0.0514  0.4022  9.2961
180  52 -0.0191  0.2191 20.1148
188  52  0.0990  0.0088 10.1260
196  52  0.0260  0.0513  9.1934
204  52  0.0000 -0.5000 11.1304
212  52  0.3268  0.1071  9.8171
220  52 -0.2010  0.0334 12.7240
228  52  0.0804  0.2374 13.7964
236  52 -0.1423  0.0079 14.9745
244  52  0.2072  0.0000 13.3851
252  52  0.0070  0.1846 11.5091
260  52 -0.0604  0.1566 11.3900
268  52  0.0235 -0.3939  8.7892
276  52  0.0861  0.1037 11.6638
284  52 -0.0436  0.0380 16.7300
292  52  0.0364 -0.2387 11.3832
  4  60 -0.1744  0.0000  0.0000
 12  60 -0.1517  0.0000  0.0000
 20  60 -0.2387  0.0000  0.0000
 28  60 -0.3742  0.0000  0.0000
 36  60 -0.5839  0.0000  0.0000
 44  60 -0.7170  0.0000 11.1304
 52  60  0.9298  0.0000  0.0000
 60  60  2.6189  0.0000  0.0000
 68  60  0.3374  0.0000  0.0000
 76  60  0.1960 -0.5000 11.1304
 84  60 -0.1720  0.0000  0.0000
 92  60 -0.4043  0.4043  8.0000
100  60 -0.2849 -0.5000 13.1959
108  60  1.0088  0.0000  0.0000
116  60  2.5000  0.0000  8.8276
124  60 -0.5000  0.0000  8.8276
132  60  2.5000  0.0000  8.8276
140  60  1.3757  0.0000  8.9704
148  60 -0.0500  0.0494  6.0025
156  60 -0.0007  0.0892  6.4639
164  60  0.0262  0.0660  6.4436
172  60 -0.0261  0.0996  6.2424
180  60  0.0070  0.0793  6.1982
188  60  0.0155  0.0554  5.5678
196  60  0.0139 -0.2049  7.6383
204  60  0.0000 -0.5000  7.3143
212  60 -0.0019  0.0000 12.0628
220  60  0.0000 -1.5000  7.8528
228  60  0.0000 -1.5000  7.8528
236  60  0.0565  0.0000 16.1088
244  60 -0.1211 -0.9236  8.0688
252  60  0.0607  0.0000 12.3186
260  60  0.1678  0.0074 12.5141
268  60 -0.1286  0.2660  7.9577
276  60  0.0173  0.0000 16.3512
284  60  4.5000  0.1174 13.8795
292  60 -0.1478  0.1666  7.5382
  4  68 -0.6292  0.0000  0.0000
 12  68 -0.4994  0.0000 11.1304
 20  68 -0.5585  0.0000  0.0000
 28  68 -0.3918  0.0000  0.0000
 36  68  0.6669  0.0000  0.0000
 44  68  2.2085  0.0000 11.1304
 52  68  0.9499  0.0000  0.0000
 60  68  1.4417  0.0000 13.5576
 68  68  0.9643  0.0000  0.0000
 76  68  0.0000 -0.0494 12.5954
 84  68  0.2359  0.1740 11.0615
 92  68  0.1508 -1.0394  9.5898
100  68 -0.0846  0.0152 12.5544
108  68 -0.3569  0.0000 11.9011
116  68 -0.1841 -0.0418 12.3683
124  68 -0.5000 -0.2271  9.5143
132  68 -0.4255  0.0000 11.1304
140  68 -0.1151 -0.1151 16.5161
148  68 -0.2478  0.2511 10.6983
156  68  2.5000  0.0000  8.8276
164  68  0.9640  0.0000 16.1088
172  68  0.0000 -0.5000  4.6545
180  68  0.2780  0.1270 13.3759
188  68 -0.0344  0.0000 11.4095
196  68  0.2926  0.0000 11.1304
204  68  1.1838 -0.5000  7.5779
212  68  2.1345  0.0000  8.4768
220  68 -0.2780 -0.1270 13.3759
228  68 -0.7428  0.0000 11.1304
236  68 -0.2414  0.0000 11.1304
244  68 -0.3911  0.0000 11.9011
252  68 -0.5963  0.0000 12.0628
260  68 -0.1151  0.1151 16.5161
268  68  2.3677 -0.1145 12.8207
276  68  1.6348  0.0000 12.8600
284  68  0.2609 -0.0493  8.8032
292  68  0.4344 -0.1551 12.1905
  4  76  0.1138  0.0000 11.1304
 12  76  0.0976  0.0000  0.0000
 20  76  0.0352  0.0000  0.0000
 28  76  4.5000 -0.5000  4.0635
 36  76 -0.0677  0.2414 11.7124
 44  76 -0.2316  0.0000 15.6775
 52  76  0.1960 -0.5000 11.1304
 60  76 -0.5000 -0.1588 10.5785
 68  76 -0.1146 -0.0101 17.4161
 76  76 -2.1698  0.1004  6.8538
 84  76  0.1823  0.2407  7.3593
 92  76  0.1649  0.0760 10.8652
100  76  1.3030 -0.0379 10.3409
108  76  0.6771  0.0000 11.1304
116  76  0.1245  0.0000 11.1304
124  76  0.0000  2.5000  8.8276
132  76  0.0000  0.8258  7.3143
140  76  0.2761  0.0806  9.3746
148  76 -0.0433 -0.1120 13.5925
156  76 -0.1841 -0.0418 12.3683
164  76  0.4043  0.4043  8.0000
172  76  0.0956  0.0000  0.0000
180  76 -0.3043  0.0000  8.4768
188  76  0.0000  2.5000  8.8276
196  76  2.5000  0.0000  8.8276
204  76  2.3677 -0.1145 12.8207
212  76  0.4685  0.0000  0.0000
220  76 -0.4342 -0.1409  8.7273
228  76  0.0000 -0.1960 11.1304
236  76  0.0000  0.5000 11.1304
244  76  0.0000 -0.1960 11.1304
252  76  4.5001  0.0000 11.1304
260  76  0.9351  0.0000 22.2609
268  76 -0.0120  0.0000 11.1304
276  76 -0.0442  0.0000 12.0628
284  76 -0.2523  0.0000  0.0000
292  76  0.1113 -1.6014 11.9803
  4  84 -0.8246  0.0000 11.1304
 12  84 -0.3119  0.0000  0.0000
 20  84 -0.1149  0.0000 16.1088
 28  84  0.5336  0.0000 17.0667
 36  84  0.3139 -0.3242  9.2632
 44  84  0.1860  0.0000  0.0000
 52  84  0.0000 -0.1820 11.3219
 60  84  0.5000  0.5623  6.6915
 68  84  0.9432  0.1907  6.8217
 76  84 -0.0637  0.0047  8.2515
 84  84  2.8274  0.3035  7.6077
 92  84  0.0000  0.1597 15.8584
100  84  0.2626  0.3144  8.8152
108  84  0.0578  0.0000 11.1304
116  84  0.2342  0.0000  0.0000
124  84  1.3991  0.0000 11.1304
132  84  1.8170  0.0000  0.0000
140  84  0.4012  0.0000 19.4783
148  84 -0.1568  0.0000  8.0190
156  84  0.2015  0.0000  0.0000
164  84  0.5000  0.0000  8.4768
172  84  0.3714  0.0000  0.0000
180  84  2.9423  0.0000 11.1304
188  84  0.9320  0.0000  0.0000
196  84  0.0069  0.0000  0.0000
204  84 -0.2679  0.0000 11.1304
212  84 -0.3468 -1.0000 10.2045
220  84  0.1484  0.0000  9.2086
228  84  0.1631  0.2029 15.8514
236  84 -0.2418  0.0000  0.0000
244  84 -0.2985 -0.0124  9.3822
252  84  0.2688  0.0000  0.0000
260  84  1.0167  0.0000 11.1304
268  84  0.9007  0.0000 11.1304
276  84  0.3320  0.0000 16.1088
284  84  0.0000 -0.1174  9.1793
292  84  0.2800  0.0000 16.1088
  4  92  0.0000 -0.5000  8.8276
 12  92  0.7571  0.0000 11.1304
 20  92 -0.5000  0.0000  8.8276
 28  92  0.1614  1.3660 13.8915
 36  92  0.0496  2.5000  5.6889
 44  92 -0.0180  0.0309 16.0475
 52  92  0.2855  0.0329 12.1905
 60  92  1.5000 -1.0000  7.4357
 68  92 -0.0059 -0.0583  8.8998
 76  92 -0.0243 -0.0936  9.6055
 84  92  0.2904  0.0000 20.7059
 92  92  0.3650  0.0000  0.0000
100  92  0.3069  0.0000  0.0000
108  92  1.2412  0.0000 11.1304
116  92  0.4605  0.0000 16.1088
124  92 -0.0792  0.0000 16.1088
132  92 -0.2093 -0.0299 13.0089
140  92  0.1463  0.0265  7.9644
148  92  0.0109  0.0000 16.1088
156  92 -0.5000 -0.5000  4.0635
164  92 -0.6173  0.0000  0.0000
172  92 -0.4761  0.0000  0.0000
180  92  0.5000 -0.0526  9.7439
188  92  2.5000 -0.1588 10.5785
196  92  1.9414  0.0000  0.0000
204  92  0.8859  0.0000  0.0000
212  92  0.2129  0.0000 11.1304
220  92 -0.0418 -0.1521 12.6567
228  92 -0.6243  0.0000  9.4208
236  92 -0.0258  0.2496 11.9946
244  92 -0.0553  0.0000  0.0000
252  92 -0.2646  0.0000 11.1304
260  92 -0.5000  0.0000  8.8276
268  92 -0.1983  0.0000 11.1304
276  92  0.1851  0.0000  0.0000
284  92  0.7968  0.0000  0.0000
292  92  0.2780 -0.1270 13.3759
  4 100  0.0317  0.0000 12.0628
 12 100  0.3394 -0.0216  8.7863
 20 100  0.1113 -1.6014 11.9803
 28 100  0.0261  0.0558 13.0369
 36 100  0.1945  0.3403  8.2955
 44 100  0.0579  0.2001 13.7634
 52 100 -0.2024  0.0000 16.2126
 60 100 -0.2711  0.0000  0.0000
 68 100 -0.0724  0.0000  0.0000
 76 100  0.0264  0.0000  0.0000
 84 100 -0.3094  0.0000  0.0000
 92 100 -0.4495  0.0000  0.0000
100 100 -0.0951  0.0751 16.8580
108 100  2.2310  0.0000 13.9426
116 100  4.5000  4.5000  4.0635
124 100  2.0019  0.0000 11.1304
132 100  0.6758  0.0000 11.1304
140 100  0.2107  0.0000  0.0000
148 100  0.1960  1.5000  9.2086
156 100 -0.1556 -0.5000 12.2969
164 100  4.5000  4.5000  4.0635
172 100  1.8559  0.0000  0.0000
180 100  0.0000  0.2917 11.1304
188 100 -0.2999 -0.3450  5.4468
196 100  0.0000 -0.5000  8.8276
204 100  0.2127  0.0000  0.0000
212 100  0.3766  0.0000  0.0000
220 100 -0.0200  0.0000  0.0000
228 100 -0.4043  0.4043  8.0000
236 100 -0.0277  0.0000  0.0000
244 100  0.0504  0.7803  8.3401
252 100  0.0000  2.0000 11.1304
260 100  0.2902  0.0000  0.0000
268 100  0.0289  0.0000 11.1304
276 100 -0.2482  0.0000  0.0000
284 100 -0.3949  0.0000 11.1304
292 100 -0.3468 -1.0000 10.2045
  4 108  0.1960  2.5000 11.1304
 12 108  0.0235  0.0000 11.1304
 20 108 -0.1122  0.0000 11.1304
 28 108 -0.0677 -0.2414 11.7124
 36 108  0.1968 -0.0852  9.8302
 44 108 -4.9386 -4.8642 16.2025
 52 108 -2.4668  0.0000  0.0000
 60 108 -1.1067  0.0000  0.0000
 68 108 -0.6038  0.0000  0.0000
 76 108 -0.5492  0.0000 11.1304
 84 108 -0.8604  0.0000  0.0000
 92 108  0.0339  0.0697  8.2581
100 108 -0.0825  0.5511  7.6163
108 108 -0.1083  0.1171 14.6826
116 108 -0.1176  0.0000  0.0000
124 108  0.0413  0.0000  0.0000
132 108  0.1778  0.0000  0.0000
140 108  0.1859 -0.0183 15.8584
148 108 -0.1610  0.0000 16.1088
156 108 -0.3476  0.2927  7.3438
164 108  0.0332  0.0000  0.0000
172 108  0.5000  0.0000  8.4768
180 108  0.4256  0.0000  0.0000
188 108  0.6146  0.0000  0.0000
196 108  0.1541  0.0000  0.0000
204 108 -0.1764  0.0000  0.0000
212 108 -0.3700  0.0000  0.0000
220 108 -0.4618  0.0000  0.0000
228 108  0.0000  2.5000  8.8276
236 108  0.0411  0.0000 16.1088
244 108 -0.0578  0.4337  9.0220
252 108 -0.5000  0.0000  8.8276
260 108  0.3359  0.0000  0.0000
268 108 -0.1164  2.5000  7.6040
276 108 -0.8594  0.0000  0.0000
284 108 -0.7767  0.0000  0.0000
292 108 -0.5899  0.0000 16.1088
  4 116 -0.5746  0.0000 11.1304
 12 116 -0.7878  0.0000  0.0000
 20 116 -0.7334  0.0000  9.2086
 28 116 -0.5360  0.0000 16.6957
 36 116 -0.2562  0.0000  0.0000
 44 116  0.0000  2.5000 12.0628
 52 116  0.0175  0.0000  0.0000
 60 116  0.0456  0.0000  0.0000
 68 116 -0.1838  0.0000  0.0000
 76 116 -0.3975 -0.0274  9.8694
 84 116 -0.4335  0.0000 16.1088
 92 116 -0.1571  0.0000  0.0000
100 116  0.2210  0.0000 11.1304
108 116  0.3412  0.0000  0.0000
116 116  0.1151  0.0000  9.4118
124 116  0.2054  0.5889 10.2003
132 116  0.0000  1.5000  7.3143
140 116 -0.1802 -0.1949  7.7576
148 116 -0.5000  0.0000  8.8276
156 116  0.0000  1.5000  5.4468
164 116 -0.0696  0.0812 10.9765
172 116 -0.2172  0.0000  0.0000
180 116 -0.4116  0.0000  0.0000
188 116  0.1536  0.0000  0.0000
196 116  0.4334  0.0000  0.0000
204 116  0.0143  0.0000  0.0000
212 116 -0.1638  0.0000  0.0000
220 116 -0.1305  0.0000  0.0000
228 116  0.0000  2.5000  8.8276
236 116  0.0742  0.0000 11.1304
244 116  0.0000 -0.1960 11.1304
252 116 -0.0414  0.0000 16.1088
260 116 -0.0282  0.1484  6.2604
268 116  0.2977 -0.2755 12.3502
276 116  0.0000 -0.1960 11.1304
284 116  0.0000  0.1960 11.1304
292 116 -0.5000  0.0000  8.8276
  4 124 -0.6135  0.0000  0.0000
 12 124 -0.5774  0.0000 16.1088
 20 124 -0.3941 -0.5000  7.7939
 28 124 -0.0831  0.0000  0.0000
 36 124  0.0548 -0.1795 19.6402
 44 124 -2.3162 -0.1023  9.7439
 52 124  0.3959  0.0000  0.0000
 60 124  0.5460  0.0000  0.0000
 68 124  0.0000  2.5000  8.8276
 76 124  0.4681  0.0000  9.5738
 84 124  0.3649  0.0000 11.1304
 92 124 -0.1148  0.0000 11.1304
100 124 -0.2835  0.0000 11.1304
108 124 -0.5000 -0.1525  9.9121
116 124 -0.1912 -0.1567 13.2207
124 124  0.2494  0.0599  9.5231
132 124  0.2271  0.0000  0.0000
140 124  0.1655  0.0000  0.0000
148 124  0.1884  0.0000  0.0000
156 124  0.4321  0.0000  0.0000
164 124  1.3144  0.0000 19.1045
172 124  2.5000 -0.5000  7.6040
180 124  0.9482  0.0000  0.0000
188 124  0.3480  0.0000  0.0000
196 124  0.2796  0.0000  0.0000
204 124  0.0697  0.0000  0.0000
212 124 -0.0895  0.0000  0.0000
220 124 -0.4190  0.0000  0.0000
228 124 -0.5741  0.0000  0.0000
236 124 -0.5299  0.0000 11.1304
244 124 -0.3448  0.0000  0.0000
252 124 -0.1318  0.1396  5.4468
260 124  0.1574 -0.1142  6.4229
268 124  0.1331  1.2165 10.8291
276 124  2.4484  0.0000 11.1304
284 124  1.7765  0.0000  0.0000
292 124  0.6255  0.0000 11.1304
  4 132  0.3127  0.1061  9.8739
 12 132  0.3290  2.8274  8.0000
 20 132 -0.3468 -1.0000 10.2045
 28 132 -0.1290  0.0280 12.4699
 36 132 -0.1796 -0.3984  6.1974
 44 132 -0.0006  0.0000  0.0000
 52 132  0.2295  0.0000  0.0000
 60 132  0.2119  0.0000  0.0000
 68 132  0.1969 -0.1847 11.2822
 76 132  0.1106  0.0000 11.1304
 84 132 -0.0821  0.0000  0.0000
 92 132  0.5122  0.0000  0.0000
100 132  0.9907  0.0000 11.1304
108 132 -0.1063  0.0000  6.9728
116 132  0.0000  0.7419  7.6910
124 132  0.1032  0.0000 16.1088
132 132  0.0746  0.0000  0.0000
140 132 -0.0706  0.0000  0.0000
148 132 -0.2412  0.0000  0.0000
156 132 -0.4350  0.0000  0.0000
164 132 -0.3416  0.0000 16.1088
172 132 -0.0660  0.0000  0.0000
180 132 -0.0585  0.2413 13.6170
188 132 -0.2064  0.0000  0.0000
196 132  3.9875  0.0000  0.0000
204 132  4.8566 -0.5000  8.3934
212 132  2.2844  0.0000 11.1304
220 132  0.3771  0.0000  0.0000
228 132 -0.3769  0.0000  0.0000
236 132 -0.3478  0.0000  0.0000
244 132 -0.3590  0.0000 11.1304
252 132 -0.1195  0.0000  0.0000
260 132  0.0134  0.0000  0.0000
268 132  0.2094 -0.3090  6.1637
276 132  0.2839  0.2263  8.6999
284 132  0.0570  0.0000 11.1304
292 132 -0.0378  0.0000  0.0000
  4 140  0.0000  4.7893 14.0767
 12 140 -0.5000  4.5000  4.0635
 20 140 -0.3059  0.0000  0.0000
 28 140 -0.0536  0.0000 11.1304
 36 140 -0.3447  0.0000 11.1304
 44 140 -0.1831  0.0000  0.0000
 52 140  0.0065  0.0000  0.0000
 60 140  0.1151  0.1151 16.5161
 68 140  0.0136  0.1807  7.9395
 76 140  0.0238  0.0000  0.0000
 84 140 -0.3444  0.0000  0.0000
 92 140 -0.1048  0.0000  0.0000
100 140  0.6176  0.0000 11.1304
108 140  0.6221  0.0000  0.0000
116 140  0.0000 -0.5000  8.8276
124 140  3.7416  0.0000  0.0000
132 140  2.0810  0.0000  8.4768
140 140  0.0000 -2.0000 11.1304
148 140 -1.2199  0.0000  0.0000
156 140 -1.6703  0.0000  0.0000
164 140 -1.0788  0.0000 11.1304
172 140 -0.3803  0.0000  0.0000
180 140 -0.0698  0.2911 10.5124
188 140  0.0582  0.0000  0.0000
196 140  0.2267  0.0000  0.0000
204 140  0.3117  0.0000 11.1304
212 140  0.0000 -0.5000  8.8276
220 140 -0.3482  0.0000 11.1304
228 140 -0.5000  0.0000  8.8276
236 140  2.5000  0.0000  8.8276
244 140  0.2568  0.0627  8.5469
252 140 -0.1371  0.0000 16.1088
260 140 -0.2512  0.0000  0.0000
268 140 -0.1086  0.0000  0.0000
276 140  0.0000  2.5000  8.8276
284 140  0.0698  0.2911 10.5124
292 140  0.2241  0.0000 11.1304
  4 148  0.3732 -0.3694 10.3318
 12 148 -0.5000 -0.1867  6.5641
 20 148 -0.0855  0.0000  0.0000
 28 148  1.6254  0.0000  0.0000
 36 148  1.7111  0.0000  0.0000
 44 148  1.3610  0.0000  0.0000
 52 148  2.5150  0.0000  0.0000
 60 148 -0.4681  0.0000  9.5738
 68 148 -1.6325  0.0000 11.1304
 76 148 -2.3851  0.0000  0.0000
 84 148 -2.7926  0.0000  0.0000
 92 148 -1.3834  0.0000 11.1304
100 148  0.0000 -0.5000  8.8276
108 148  0.1532  0.0000  0.0000
116 148  0.0000  2.5000  8.8276
124 148  0.2305  0.0000  0.0000
132 148  0.7526  0.0000  0.0000
140 148  1.3070 -0.0337 12.4709
148 148  0.4084  0.0000  0.0000
156 148 -0.0080  0.0000  0.0000
164 148  1.1304  0.0000 11.1304
172 148  0.3285  0.0000  0.0000
180 148  0.0562  0.0000 12.0628
188 148  0.0012  0.0000  0.0000
196 148  0.1869  0.0000  0.0000
204 148  0.1322  0.0000  0.0000
212 148 -0.0403  0.0000 11.1304
220 148  0.0180  0.1317 12.5039
228 148 -0.0950  0.0000  0.0000
236 148 -0.7069  0.0000  0.0000
244 148 -0.5000  0.0000  8.8276
252 148  2.5000  0.0000  8.8276
260 148  2.3042  0.0000  0.0000
268 148  2.2365  0.0000  0.0000
276 148  3.6213  0.0000  0.0000
284 148  1.5000  0.0000  8.2581
292 148 -0.7678  0.0000 11.1304
  4 156 -1.6202  0.0000 11.1304
 12 156 -2.7933  0.0000 13.4737
 20 156 -0.6603  0.0000  0.0000
 28 156  0.8989  0.0000  0.0000
 36 156  0.5190  0.0000  0.0000
 44 156 -0.5000  4.5000  4.0635
 52 156 -0.0853  0.0000 12.0455
 60 156  0.3238  0.0000 11.1304
 68 156  0.6789  0.0000  0.0000
 76 156  0.2071  0.0000  0.0000
 84 156 -0.5539  0.0000  0.0000
 92 156 -0.5000  0.0000  8.8276
100 156 -0.3117  0.0000  0.0000
108 156  0.0663  0.0000 11.1304
116 156  0.1481  0.0000 11.1304
124 156  0.6689  0.0000  0.0000
132 156  0.4395  0.0000  0.0000
140 156 -0.1151 -0.1151 16.5161
148 156 -0.1221  0.0000 11.1304
156 156 -0.1869  0.0000 11.1304
164 156 -0.4043 -0.4043  8.0000
172 156  0.0000  2.5000  8.8276
180 156  0.0000  2.5000  8.8276
188 156  1.0189  0.0000  0.0000
196 156  1.9179  0.0000  0.0000
204 156  4.0378  0.0000  0.0000
212 156  4.8566  2.5000  8.3934
220 156  0.1919  1.5000  8.6239
228 156  1.5179  0.0000  0.0000
236 156  1.1620  0.0000  0.0000
244 156  1.8844  0.0000 11.1304
252 156  2.5000  0.0000  8.8276
260 156  1.6476  0.0000  0.0000
268 156  1.3070 -0.0337 12.4709
276 156  0.4843  0.0000  0.0000
284 156  0.0000  4.6564 12.4564
292 156  0.0698  0.0000  0.0000
  4 164  0.0000 -0.5000  8.8276
 12 164 -1.3139 -0.3311  8.0688
 20 164 -1.7914  0.0000  0.0000
 28 164 -1.0623  0.0000  0.0000
 36 164  0.0000 -5.0000 11.1304
 44 164  0.0000 -0.5000  8.8276
 52 164  1.3070  0.0337 12.4709
 60 164  0.9898  0.0000  0.0000
 68 164  0.3538  0.0000  0.0000
 76 164  0.0830  0.0000  0.0000
 84 164  0.0000 -0.5000  8.8276
 92 164 -0.2315  0.0000  0.0000
100 164 -0.3635  0.0000  0.0000
108 164 -0.6609  0.0000 11.1304
116 164  0.3545  0.0000  0.0000
124 164  1.4471  0.0000  0.0000
132 164 -0.5000  0.0000  8.8276
140 164 -0.8133  0.0000  0.0000
148 164 -5.0000  0.0000 11.1304
156 164  3.5000 -1.0000  4.7533
164 164  3.4825  0.0000 11.2521
172 164  2.5000 -0.0265 11.4627
180 164 -0.0391 -0.5000  9.3822
188 164  0.4192  0.0000  0.0000
196 164  0.7932  0.0000  0.0000
204 164  0.4718  0.0000  0.0000
212 164  0.0908  0.0000 11.1304
220 164  0.0000 -0.5000  8.8276
228 164  0.5400  0.0000  0.0000
236 164 -1.2024  0.0000  0.0000
244 164 -2.5000  0.0000 11.1304
252 164 -1.7480  0.0000  0.0000
260 164 -0.7518  0.0000  0.0000
268 164 -0.0467  0.0000  0.0000
276 164  1.1838 -0.5000  7.5779
284 164  0.9753  0.0000  0.0000
292 164  0.4523  0.0000  0.0000
  4 172  0.1370  0.0000  0.0000
 12 172  0.1841  0.0418 12.3683
 20 172  0.0811  0.0000  0.0000
 28 172 -0.0623  0.0000  0.0000
 36 172 -0.5000  4.5000  4.0635
 44 172  0.5086  0.0000 12.0455
 52 172  1.3652  0.0000  0.0000
 60 172  0.2535  0.0000  0.0000
 68 172 -0.7649  0.0000  0.0000
 76 172 -2.6738  0.0000 16.1088
 84 172  1.3122  0.0000  0.0000
 92 172  2.1536  0.0000  0.0000
100 172  1.4456  0.0000  0.0000
108 172  0.0171  0.0000 11.1304
116 172  0.1822  0.0000  0.0000
124 172  0.4758  0.0000  0.0000
132 172  0.4988  0.0000 11.1304
140 172  0.5937  0.0000  0.0000
148 172  1.2354  0.0000  0.0000
156 172  2.5000  4.5000  4.0635
164 172  0.2029  0.0000 11.3947
172 172 -0.6796  0.0000  0.0000
180 172 -1.2065  0.0000  0.0000
188 172 -1.2180  0.0000  0.0000
196 172 -0.8786  0.0000  0.0000
204 172  0.0000 -0.5000  8.8276
212 172  0.2144  0.0000  0.0000
220 172  0.0778  0.0000  0.0000
228 172 -0.1556  0.0000 12.2969
236 172  0.0918  0.0000  0.0000
244 172  0.5518  0.0000  0.0000
252 172  1.4235  0.0000  0.0000
260 172  2.5000 -0.1121  7.6040
268 172  1.7626  0.0000  0.0000
276 172  1.3171  0.0000  0.0000
284 172  3.8776  0.0000  0.0000
292 172  1.8592  0.0000  0.0000
  4 180 -0.7619  0.0000  0.0000
 12 180  0.0000 -4.6564 12.4564
 20 180  0.3869  0.0000  0.0000
 28 180  0.1625  0.0000 11.1304
 36 180 -0.1757  0.0000 11.1304
 44 180  0.1960 -0.5000 11.1304
 52 180  0.3483  0.0000  0.0000
 60 180  0.4141  0.0000  0.0000
 68 180  0.4747  0.0000  0.0000
 76 180  0.7162  0.0000  0.0000
 84 180  1.3943  0.0000  0.0000
 92 180  1.7239  0.0000  0.0000
100 180  1.9303  0.0000  0.0000
108 180 -0.2655  0.0000  0.0000
116 180 -1.5208  0.0000  0.0000
124 180 -2.1926  0.0000 11.1304
132 180 -2.5000  0.0000 11.1304
140 180 -0.7915  0.0000  0.0000
148 180 -0.2108  0.0000  0.0000
156 180 -0.2099  0.0000  0.0000
164 180 -0.0888  0.0000 12.1905
172 180  0.3790  0.0000  0.0000
180 180  1.3634  0.0000  0.0000
188 180  2.1040  0.0000 11.1304
196 180  1.3357  0.0000  1.0000
204 180  0.0000  2.5000  8.8276
212 180  6.2667  0.0000  0.0000
220 180  4.5000  4.5000  4.0635
228 180  0.0698  0.2911 10.5124
236 180 -0.8191  0.0000  0.0000
244 180 -0.8853  0.0000  0.0000
252 180 -0.9337  0.0000  0.0000
260 180 -0.7234  0.0000  0.0000
268 180 -0.2241  0.0000  0.0000
276 180  0.1440  0.0000  0.0000
284 180  0.3512  0.0000  0.0000
292 180  0.3433  0.0000  0.0000
  4 188  0.0000  4.5000  4.0635
 12 188  0.0000  2.5000  8.8276
 20 188  2.4961  0.0000  0.0000
 28 188  4.5000 -0.5000  4.0635
 36 188  0.2625 -0.0485  7.4854
 44 188 -1.3156  0.0000  0.0000
 52 188 -1.9174  0.0000 11.1304
 60 188 -1.6338  0.0000  0.0000
 68 188  0.0000 -0.5000  8.8276
 76 188  0.1780  0.0000 11.1304
 84 188 -0.0336  0.0000  0.0000
 92 188 -0.1806  0.0000  0.0000
100 188 -0.1380  0.0000  0.0000
108 188  0.7333  0.0000  0.0000
116 188  1.1235  0.0000  0.0000
124 188  0.1814 -0.2975 15.2322
132 188 -2.5000  0.0000 11.1304
140 188  3.9010  0.0000  0.0000
148 188  3.4735  0.0000 17.0667
156 188  1.5574  0.0000  0.0000
164 188  0.0242 -0.1716 12.2831
172 188 -0.8458  0.0000  0.0000
180 188 -1.2852  0.0000  0.0000
188 188 -0.9051  0.0000  0.0000
196 188 -0.3551  0.0000 11.1304
204 188  0.1657  0.0000  0.0000
212 188  0.6037  0.0000  0.0000
220 188  1.0409  0.0000  1.0000
228 188  1.5000 -1.0000  7.4357
236 188  0.8194  0.0000  0.0000
244 188  1.8234  0.0000  0.0000
252 188  2.7394  0.0000  0.0000
260 188  0.6788  0.0000  0.0000
268 188 -0.7174  0.0000  0.0000
276 188 -1.2424  0.0000  0.0000
284 188 -0.9255  0.0000 11.1304
292 188  0.0413  0.0000  0.0000
  4 196  0.3382  0.0000 11.1304
 12 196  0.2284  0.0000  0.0000
 20 196  0.2320  0.0000 16.1088
 28 196 -0.1841  0.0418 12.3683
 36 196  0.5912  0.0000  0.0000
 44 196  0.4201  0.0000  0.0000
 52 196 -0.9301  0.0000 11.1304
 60 196 -3.5142  0.0000  0.0000
 68 196 -0.4087  0.0535  7.8528
 76 196  2.1811  0.0000 11.1304
 84 196  3.4841  0.0000 11.1304
 92 196  4.5000 -0.5000  4.0635
100 196  0.7092  0.0000  0.0000
108 196 -0.5000  0.0000  8.8276
116 196 -0.1530  1.9418  8.4287
124 196  0.1071  0.3268  9.8171
132 196  0.4351  0.0000  0.0000
140 196  0.6831  0.0000  0.0000
148 196  0.8616  0.0000  1.0000
156 196  0.8379  0.0000  0.0000
164 196  0.1683 -0.0604 12.2620
172 196  0.2234  0.0000 11.1304
180 196  0.9165  0.0000  0.0000
188 196  0.3840  0.0000  0.0000
196 196 -0.4369  0.0000  0.0000
204 196 -0.7845  0.0000  0.0000
212 196 -0.5589  0.0000  0.0000
220 196  0.0443  0.0000  0.0000
228 196  0.3901  0.0000  6.7368
236 196  0.5513  0.0000  0.0000
244 196  1.9547  0.0000  0.0000
252 196  2.9033  0.0000  0.0000
260 196  1.9925  0.0000  0.0000
268 196  0.4584  0.0000  0.0000
276 196 -1.4253  0.0000 11.1304
284 196 -3.8738  0.0000  0.0000
292 196 -2.0970  0.0000  0.0000
  4 204  0.6663  0.0000 11.1304
 12 204  2.2483  0.0000 11.1304
 20 204  2.3487  0.0000 11.1304
 28 204 -0.1142  0.1142 10.6035
 36 204  2.5000  0.0391  9.3822
 44 204  1.9259  0.0000 11.1304
 52 204  1.3319  0.0000 11.1304
 60 204  0.9895  0.0000  0.0000
 68 204  0.7257  0.0000  0.0000
 76 204  0.4479  0.0000 16.1088
 84 204  0.0382 -0.1028 16.6166
 92 204 -0.7447  0.0000  0.0000
100 204 -1.3139  0.3311  8.0688
108 204 -0.2024  0.0000  0.0000
116 204  0.1282 -0.0844  8.5523
124 204 -0.3634  0.0000  6.9986
132 204 -0.5469  0.0000  0.0000
140 204 -0.4470  0.0000  0.0000
148 204 -0.1144  0.0000  0.0000
156 204 -0.2810  0.0000  0.0000
164 204 -0.1960  0.0000 11.1304
172 204  2.5000  0.0000  8.8276
180 204  5.0000  0.0000 11.1304
188 204  2.5103  0.0000  0.0000
196 204  0.1727  0.0000  0.0000
204 204 -1.6918  0.0000  0.0000
212 204 -3.7927  0.0000  0.0000
220 204 -2.5587  0.0000  0.0000
228 204 -0.5000  0.0000  8.8276
236 204  0.8155  0.0000 16.1088
244 204  1.0195  0.0000 16.1088
252 204  0.5148  0.0000  1.0000
260 204  2.0945  0.0000  0.0000
268 204  2.3246  0.0000  0.0000
276 204  1.9578  0.0000  0.0000
284 204  1.3964  0.0000  0.0000
292 204  0.7623  0.0000  0.0000
  4 212  0.1640  0.0000 11.1304
 12 212 -0.2472  0.0000 11.1304
 20 212 -0.6091  0.0000 11.1304
 28 212 -0.6550  0.0000  0.0000
 36 212 -0.0391 -0.5000  9.3822
 44 212  0.0000 -0.5000  8.8276
 52 212 -0.1904  0.0000  0.0000
 60 212 -0.1954  0.0000 16.1088
 68 212 -0.3168  0.0000 11.1304
 76 212  0.0418 -0.1521 12.6567
 84 212 -0.5871  0.0000  0.0000
 92 212 -0.5000 -5.0391  9.3822
100 212 -1.5000  0.0986  7.1968
108 212 -0.5000  0.1180  9.2850
116 212 -0.2246  0.1162 14.0985
124 212 -1.0000  2.5000  9.2850
132 212 -1.7759  0.0000  0.0000
140 212 -3.1483  0.0000  0.0000
148 212 -2.3565  0.0000  0.0000
156 212 -1.0659  0.0000  0.0000
164 212 -0.1960  0.0000 11.1304
172 212  0.0168  0.0000 19.1045
180 212  0.1740  0.0000  0.0000
188 212  1.2589  0.0000  0.0000
196 212  2.2204  0.0000  0.0000
204 212  2.3289  0.0000 11.1304
212 212  1.7628  0.0000  0.0000
220 212  0.8611  0.0000  0.0000
228 212  0.0000 -0.5000  8.9154
236 212 -0.2584  0.0000  0.0000
244 212 -0.2208  0.0000  0.0000
252 212  0.0545 -0.0652 12.4746
260 212  0.0452  0.0000  0.0000
268 212 -0.0766  0.0000  0.0000
276 212  0.0726  0.0000  0.0000
284 212  0.8509  0.0000  0.0000
292 212  0.0000  2.5000  8.8276
  4 220  0.0000  2.5000  8.8276
 12 220 -1.1041  4.7367 10.6667
 20 220 -0.5000  0.0000  8.8276
 28 220 -0.5000  0.0000  8.8276
 36 220  0.0000  0.1063  6.9728
 44 220  0.1960  0.0000 11.1304
 52 220  0.0000  2.5000  8.8276
 60 220 -0.7284  0.0000  0.0000
 68 220 -1.7645  0.0000  0.0000
 76 220 -1.9098  0.0000  0.0000
 84 220 -1.3863  0.0000  0.0000
 92 220 -1.1072  0.0000 11.1304
100 220 -1.1422  0.0000  0.0000
108 220 -1.0039  0.0000  0.0000
116 220  0.0073 -0.2285 12.0368
124 220  2.5000  0.0000  8.8276
132 220  3.1364  0.0000 11.1304
140 220  2.4313  0.0000  0.0000
148 220  1.1377  0.0000  0.0000
156 220  0.0417  0.0000  0.0000
164 220 -0.2887  0.0000 11.1304
172 220 -0.0939  0.0000 11.1304
180 220  0.1083  0.0000  0.0000
188 220 -0.1758  0.0000  0.0000
196 220 -0.5000 -0.5000  4.0635
204 220  0.0000 -0.5000  8.8276
212 220  4.5000 -0.5000  4.0635
220 220  2.4892  0.0000  0.0000
228 220  0.0000 -0.5000  8.8276
236 220  0.0419  0.2568 11.3179
244 220  0.2059  0.0000  0.0000
252 220  0.5000  0.0000  8.8276
260 220  0.8300  0.0000  0.0000
268 220  1.0741  0.0000  0.0000
276 220  1.0848  0.0000 11.1304
284 220  0.6486  0.0000 11.1304
292 220  0.0000  2.5000  8.8276
