VARIABLES= "X pix", "Y pix", "U pix/dt", "V pix/dt", "CHC", ZONE I=28, J=37
  4   4  0.0000  0.0000 10.6915
 12   4  0.0010  0.0015 10.8322
 20   4  0.0000  0.0000 10.9708
 28   4  0.0000 -0.0171 11.5555
 36   4  0.0000  0.0000 10.9708
 44   4  0.0000  0.0000 11.0456
 52   4  0.0000  0.0239 12.0662
 60   4  0.0000  0.0087 10.8994
 68   4  0.0000  0.0000 10.9708
 76   4  0.0000  0.0000 10.9708
 84   4  0.0000  0.0000 10.9734
 92   4  0.0000  0.0000 10.8649
100   4  0.0040  0.0456 12.2455
108   4 -0.0089 -0.0094 12.2799
116   4  0.0000  0.0000 11.7754
124   4  0.0000  0.0000 11.0456
132   4  0.0000  0.0000 11.6152
140   4  0.0000  0.0000 10.9762
148   4  0.0000  0.0000 11.7754
156   4  0.0000  0.0000 11.9483
164   4  0.0000  0.0000 11.7754
172   4  0.0088  0.0307 11.4386
180   4 -0.0371 -0.0065 11.7934
188   4  0.0000  0.0000 11.7754
196   4 -0.0058  0.0732 11.4307
204   4  0.0000  0.0000 11.9407
212   4  0.0000  0.0000 11.7754
220   4  0.0654 -0.0728 11.4326
228   4  0.0449  0.0055 11.0840
236   4 -0.0190  0.0080 10.3596
244   4 -0.0020 -0.0452  9.7098
252   4 -0.0058 -0.0139 10.3937
260   4  0.0254  0.0661 11.4530
268   4 -0.0546  0.0051 11.4697
276   4  0.0721 -0.0857 11.9046
284   4 -0.0161  0.0341 12.0544
292   4  0.0000  0.0000 11.7813
  4  12  0.0226  0.1857  9.4460
 12  12  0.0151  0.4060 11.4627
 20  12  0.0296  0.1975  9.8754
 28  12 -0.1725  0.2687 10.1704
 36  12 -0.1651  0.0815 13.3139
 44  12  0.0000  0.1419 12.5902
 52  12 -0.0846  0.0791 22.9878
 60  12 -0.1186  0.1158 10.7338
 68  12 -0.0252  0.0022 19.6395
 76  12  0.1415  0.2714 11.1604
 84  12 -0.0729  0.2361  8.9716
 92  12 -0.0624  0.2111  9.2499
100  12  0.0526  0.2291  8.9030
108  12  0.0883  0.0425 11.1919
116  12  0.0000  0.0000 10.2499
124  12 -0.0164 -0.0015 11.9372
132  12 -0.0203  0.0449 11.4303
140  12  0.0989  0.0172 10.9331
148  12  0.0000  0.0383 11.4939
156  12  0.0000  0.0224 12.5185
164  12  0.2550  0.0131 13.2145
172  12 -0.0448  0.0200  9.7197
180  12  0.0421 -0.0072 11.1191
188  12  0.0084  0.1509 11.6720
196  12  0.0306  0.3159 10.1759
204  12 -0.1903  0.4156  9.4179
212  12 -0.0319  0.8071 11.0504
220  12 -0.0662 -0.1179 18.7622
228  12 -0.2956  0.0687  7.7880
236  12  0.1359  0.2633  8.8552
244  12 -0.0285  0.5919 10.2441
252  12 -0.0616  0.5000 10.1386
260  12 -0.0492  0.4977 10.1990
268  12 -0.0228  0.4492  8.6828
276  12  0.1637  0.3151  8.3991
284  12  0.0240  0.2948  7.2943
292  12 -0.0192  0.4112  7.1080
  4  20 -0.0645 -0.0264 15.9175
 12  20 -0.0556  0.0774 13.4531
 20  20  0.0000  0.2102 12.8159
 28  20 -0.0538  0.0311 14.1636
 36  20  0.0631  0.0754 13.0113
 44  20 -0.0517  0.0946 11.3516
 52  20  0.0463 -0.0055 11.0446
 60  20  0.0781 -0.0089 14.9421
 68  20  0.0278  0.0438 15.8204
 76  20  0.0089  0.0248 13.1828
 84  20 -0.0391  0.0528 13.9287
 92  20  0.0130  0.0272 11.4318
100  20  0.0657  0.3527 10.9183
108  20  0.0600  0.3734 10.3720
116  20 -0.0074  0.0319 15.0584
124  20  0.0475  0.0671 13.7236
132  20 -0.0189  0.0742 13.7635
140  20 -0.0234  0.0371 14.1349
148  20  0.0239  0.0582 14.5726
156  20  0.0184  0.0564 13.5030
164  20 -0.0667  0.3118 13.4358
172  20  0.0844  0.4748 15.5326
180  20  0.0179  0.1461 13.9065
188  20 -0.0177  0.0834 18.4609
196  20  0.0689  0.1257 16.8160
204  20  0.0309  0.0863 23.0278
212  20 -0.0432  0.0693 20.0904
220  20  0.1488  0.1369 15.3799
228  20  0.0718 -0.0917  5.5775
236  20  0.0479  0.2660  9.2674
244  20 -0.1184  0.0435 11.5613
252  20 -0.0725  0.0029 10.4214
260  20  0.0262 -0.0776  8.6190
268  20  0.0000  0.1494  7.2090
276  20 -0.0678 -0.0053 11.4492
284  20 -0.2221 -0.0321 17.8640
292  20  0.0760  0.0457 14.8399
  4  28 -0.0248  0.1011  9.4074
 12  28 -0.0025  0.4869  9.4204
 20  28 -0.0727  0.0384 10.5534
 28  28  0.0027 -0.0010 10.4759
 36  28 -0.0330 -0.0033 10.6058
 44  28  0.0054  0.0026 10.3750
 52  28  0.0162  0.0255 10.1548
 60  28  0.0164  0.0425  9.9025
 68  28  0.0383 -0.0013 10.4938
 76  28 -0.0642  0.0450 10.6631
 84  28  0.0087  0.0175  9.7949
 92  28 -0.0127  0.0548  9.4993
100  28 -0.0033  0.0040 11.7563
108  28 -0.0170  0.0187 14.2900
116  28  0.0156  0.0538  9.0908
124  28 -0.0011  0.0600  9.6341
132  28  0.0104  0.0890  8.5564
140  28 -0.0397  0.0436  9.1491
148  28  0.0175  0.0550  9.2021
156  28  0.0123  0.1509 21.7868
164  28  0.0565  0.4818 13.9208
172  28  0.1122  0.5963 12.1539
180  28 -0.2742  0.2326 18.7670
188  28  0.0971  0.0589 18.9496
196  28 -0.0151  0.0820  8.9335
204  28  0.0028  0.0572  9.2436
212  28 -0.0083  0.0864  9.9894
220  28  0.0213  0.0911  9.7941
228  28  0.0089  0.0624  9.5382
236  28  0.0365  0.0851  8.9845
244  28 -0.0252  0.0799  9.4923
252  28  0.1092  0.0442  9.8420
260  28  0.0345  0.1575 16.7883
268  28  0.0826  0.0967 13.5360
276  28 -0.0263  0.0092 22.6239
284  28  0.0655 -0.0014 16.1431
292  28  0.0237  0.1041 11.9835
  4  36 -0.0404  0.0186  7.5644
 12  36 -0.0001  0.1433  7.2879
 20  36  0.0450  0.0967  6.5355
 28  36  0.1168  0.0690  6.1349
 36  36 -0.0549 -0.0039  6.4138
 44  36 -0.0304 -0.8981  7.6518
 52  36  0.0000  0.1574  6.6289
 60  36  0.0465  0.2355  7.9068
 68  36 -0.0256  0.0633  9.0658
 76  36  0.1039 -0.1875 10.9059
 84  36 -0.0861  0.0241 13.3213
 92  36 -0.1410  0.0085 10.8606
100  36 -0.2023  0.0153  8.1413
108  36  0.0000  0.1164  7.1545
116  36  0.0840  0.0578  7.8012
124  36 -0.1258  0.5787  6.5264
132  36  0.0961  0.2917  8.4628
140  36  0.0000 -0.3130 11.4988
148  36  0.0884  0.1287  6.9181
156  36 -0.0082  0.4573 11.9573
164  36  0.0474 -0.0218 11.2849
172  36  0.0500  0.4176 21.0247
180  36  0.0860  0.1903 12.0854
188  36  0.0788  0.0228 12.2852
196  36  0.0992 -0.1196 12.8300
204  36  0.1437  0.0208 15.0001
212  36  0.0972  0.2162 11.4765
220  36  0.0000  0.0267 14.4906
228  36  0.0000  0.0000 13.7993
236  36  0.0948  0.0057 10.8041
244  36 -0.2076  0.0667  9.6020
252  36  0.2799  0.2079 10.1472
260  36  0.0000  0.2146  7.9063
268  36 -0.1407  0.0099  9.5353
276  36 -0.1672 -0.2360  8.1795
284  36 -0.0399 -0.0475  8.9040
292  36  0.1129  0.1853  9.2156
  4  44  0.0000  0.0000 12.0628
 12  44  0.0000 -0.3764  7.3143
 20  44 -0.2245 -0.0221 12.1905
 28  44  0.0245  0.0504 15.1898
 36  44  0.1931  0.1940 13.4321
 44  44 -0.0122  0.0924 11.1554
 52  44  0.0127  0.1497  9.2328
 60  44 -0.0033  0.0675  7.6235
 68  44 -0.1859  0.1556  7.1799
 76  44 -0.3868 -0.4324  6.0472
 84  44  0.0000  0.0000 13.7892
 92  44  0.2005  0.4382  8.2581
100  44 -0.2802  0.0546 12.7691
108  44  2.5000  0.1180  9.2850
116  44 -1.5000  2.5000  7.5687
124  44  0.0391  2.5000  9.3822
132  44  0.0000  0.0000  0.0000
140  44  0.0000  0.0000  0.0000
148  44 -0.0667 -0.1511  5.4293
156  44  0.0670  0.3538 13.5051
164  44  0.1283  0.3075  9.5679
172  44  0.0793  0.4150 10.2344
180  44  0.0449  0.1045 11.0783
188  44  0.1029  0.0104 13.1851
196  44 -0.0679 -0.2239  7.9859
204  44  0.1761  0.2721  5.7912
212  44  0.0481 -0.1260  8.2253
220  44  0.1123 -0.0390  9.0715
228  44 -0.0955  0.1291 11.6799
236  44 -0.0140  0.1543 11.0678
244  44  0.0000  0.0000 12.8227
252  44 -0.0101  0.1409 14.0895
260  44  0.0460 -0.0037 15.4524
268  44  0.0272 -0.0238 11.1899
276  44  0.0364 -0.2387 11.3832
284  44 -0.2761  0.0806  9.3746
292  44  0.1318  0.0214 11.1304
  4  52  0.0139  0.1561  9.5355
 12  52 -0.0149  0.2489  8.1196
 20  52 -0.0677 -0.1188  6.2873
 28  52  0.0000 -3.0000  8.8276
 36  52  0.0000  0.0000  0.0000
 44  52  0.0000  0.0000  0.0000
 52  52 -0.5000 -0.5000  4.0635
 60  52  0.0000  0.0000  0.0000
 68  52  0.0000  0.0000  0.0000
 76  52  0.0000  0.0000  0.0000
 84  52  0.0000 -0.5000  8.8276
 92  52  0.0000 -0.5000  8.8276
100  52  0.0000  0.0000  0.0000
108  52  0.0000  0.0000  0.0000
116  52  1.5000  0.0000  8.2581
124  52  0.0000  0.0000  0.0000
132  52  0.0000  0.0000  0.0000
140  52  0.0983 -0.6879  9.3209
148  52  0.0030  0.1077  5.6995
156  52 -0.0313  0.2824 23.0034
164  52 -0.0350  0.6760 12.9251
172  52 -0.0392  0.5777  9.4029
180  52  0.1313  0.5811 17.7351
188  52  0.0607  0.0244 11.4208
196  52  0.0884 -0.2547  8.7531
204  52 -3.5000 -0.2067 13.5929
212  52  0.2121  0.4121  7.0804
220  52  0.0000  0.0000 13.3260
228  52 -0.0478  0.1980 14.0911
236  52 -0.0065 -0.0070 12.3502
244  52  0.0000  0.0000  9.6997
252  52  0.1549  0.1462 12.0865
260  52  0.0697 -0.1129 10.5251
268  52  0.0459  0.1308  8.4268
276  52 -0.1682 -0.1767 10.4625
284  52 -0.0436  0.0380 16.7300
292  52  1.8314 -1.8690  6.0902
  4  60  0.0000  0.0000  0.0000
 12  60  0.0000  0.0000  0.0000
 20  60  0.0000  0.0000  0.0000
 28  60  0.0000  0.0000  0.0000
 36  60  0.0000  0.0000  0.0000
 44  60  0.0000  0.0000  0.0000
 52  60  0.0000  0.0000  0.0000
 60  60  0.0000  0.0000  0.0000
 68  60  0.0000  0.0000  0.0000
 76  60  0.0000  0.0000  0.0000
 84  60  0.0000  0.0000  0.0000
 92  60 -0.5000  0.0825 10.4642
100  60  5.5000  4.5000  4.0635
108  60  0.0000  0.0000  0.0000
116  60  0.0000 -0.5000  8.8276
124  60  0.3127  0.1061  9.8739
132  60 -0.5000  0.0000  8.8276
140  60 -0.3152  0.0276  9.6865
148  60 -0.0610  0.1558  6.0768
156  60 -0.0080  0.1083  6.7788
164  60 -0.0125  0.1404  6.7358
172  60 -0.0062  0.1063  6.6168
180  60 -0.0047  0.0939  6.6171
188  60  0.0148  0.0570  5.6986
196  60 -0.1864 -0.4336  6.7044
204  60  0.0000 -2.0000  9.8462
212  60  2.5000 -0.1180  9.2850
220  60  0.0000 -0.5000  7.8528
228  60     NaN -0.1197  7.0459
236  60 -0.1115 -0.6546  7.4505
244  60  0.0325  2.3822  6.8725
252  60  0.0490  0.3897  8.6154
260  60  0.0000  0.0000  9.4841
268  60  0.0000  0.0000 10.6057
276  60  0.0344  0.1531 17.9958
284  60  0.1655  0.3497  6.9478
292  60 -0.1353 -0.0199  8.9863
  4  68  0.0000  0.0000  0.0000
 12  68  0.0000  0.0000  0.0000
 20  68  0.0000  0.0000  0.0000
 28  68  0.0000  0.0000  0.0000
 36  68  0.0000  0.0000  0.0000
 44  68  0.0000  0.0000 11.1304
 52  68  0.0000  0.0000  0.0000
 60  68  0.0000  0.0000  0.0000
 68  68  0.0000  0.0000  0.0000
 76  68  0.1334  0.0729 10.5651
 84  68  0.3122 -0.1195 12.2736
 92  68  0.0620  0.1305 10.1430
100  68 -0.2616  2.1753  8.5742
108  68  0.1841 -0.0418 12.3683
116  68  0.3309  0.0637  7.1846
124  68  0.0000  0.0000  0.0000
132  68  0.0000 -0.5000  8.8276
140  68  0.0000  0.0000 16.1088
148  68  0.1275 -0.1466 13.2516
156  68  0.0000  0.0000  0.0000
164  68  0.0000  0.0000 16.1088
172  68  0.2916 -0.0583  5.3674
180  68 -0.1930 -0.1867 15.3090
188  68  0.1533  0.5000  8.0910
196  68  0.1876  5.0000  8.5995
204  68  0.0000  0.0000  0.0000
212  68  0.0000  0.0000  0.0000
220  68  0.0000  0.0000  0.0000
228  68  0.0000  0.0000  0.0000
236  68  0.0000  0.0000  0.0000
244  68  0.0000  0.0000 16.1088
252  68  0.0000  0.0000 11.1304
260  68  0.1151 -0.1151 16.5161
268  68  0.1123 -0.0711 13.6764
276  68  0.0000  0.0000 12.8600
284  68 -0.0308  0.3526  9.1159
292  68 -0.1212 -0.0530 16.6956
  4  76  2.5000  0.0000  8.8276
 12  76  0.0000  0.0000  0.0000
 20  76  0.0000  0.0000  0.0000
 28  76  0.0000  0.0000  0.0000
 36  76  0.0000  0.0000  0.0000
 44  76  0.4207 -0.2803  7.4250
 52  76 -4.9386  4.8642 16.2025
 60  76  0.0000  0.0000  0.0000
 68  76  0.1706 -0.0862 16.7979
 76  76  0.6630 -0.0236  6.9826
 84  76 -0.1773  0.7226  7.1341
 92  76  0.1126  0.0024 15.2028
100  76  0.0778  0.0525  8.4542
108  76  0.0000  0.0000 11.1304
116  76  0.0000  0.0000 12.0628
124  76 -0.0302 -0.0302  8.4628
132  76  0.0000  1.7251  8.5018
140  76  0.2761  0.0806  9.3746
148  76 -0.0969  0.0606 12.1018
156  76 -0.2907 -0.0403 10.5761
164  76  0.0000  0.0000 16.1088
172  76  0.0000  0.0000  0.0000
180  76  0.0000  0.0000  0.0000
188  76  0.0000 -0.5000  8.8276
196  76  0.0000  0.0000  0.0000
204  76  0.0000  0.0000  0.0000
212  76  0.0000  0.0000  0.0000
220  76 -0.5000  0.1588 10.5785
228  76  0.0000  0.0000  0.0000
236  76  0.0000  0.0000  0.0000
244  76  0.0000  0.0000  0.0000
252  76  0.0000  0.0000  0.0000
260  76  0.0000  0.0000 11.1304
268  76  0.0000 -0.5000  8.8276
276  76 -0.0698  0.2911 10.5124
284  76  0.0000  0.0000  0.0000
292  76  0.1841  0.0418 12.3683
  4  84  0.0000  0.0000 11.1304
 12  84  0.0000  0.0000 11.1304
 20  84 -0.5000  0.0000  8.8276
 28  84  0.0000  0.0000  0.0000
 36  84 -0.1138  0.1378 11.4627
 44  84  4.5000  2.5000  4.0635
 52  84  0.3321  0.1276 10.3409
 60  84 -0.0332  0.2006  8.3173
 68  84 -0.2393  0.1233  5.9855
 76  84 -0.1743  0.0478  9.0158
 84  84 -0.1883  0.0335  7.2166
 92  84  0.0000 -0.3577 13.4737
100  84  0.0000 -0.5000 11.1304
108  84  0.0000  0.0000  0.0000
116  84  0.0000  0.0000 11.1304
124  84  0.0000  0.0000  0.0000
132  84  0.0000  0.0000  0.0000
140  84  0.0000  0.0000  0.0000
148  84  0.1089  0.0640 10.0424
156  84 -0.5000  0.0000  8.8276
164  84  0.5000  0.0000  8.4768
172  84  2.5000  0.0000  8.8276
180  84  0.0000  2.5000  8.8276
188  84  2.5000  0.0000 11.1304
196  84  0.0000 -0.5000  8.8276
204  84  0.0000  0.0000  0.0000
212  84  0.0000  0.0000  0.0000
220  84 -2.8288 -0.0521 10.1243
228  84 -0.1156 -0.1385  9.0353
236  84  0.0000  0.0000  0.0000
244  84  2.5000  0.0000  8.8276
252  84  0.0000  0.0000  0.0000
260  84  0.0000  0.0000 11.1304
268  84  0.0000  0.0000 11.1304
276  84  0.0000  0.0000 16.1088
284  84  0.0000  0.0000 11.1304
292  84  2.5000  0.0000  8.8276
  4  92  0.0000  0.0000  0.0000
 12  92  0.0000  0.0000  0.0000
 20  92  0.3866  0.0365  9.3677
 28  92 -1.8525  2.7943  8.7839
 36  92 -0.0207  2.0656 10.1606
 44  92 -0.1386 -0.1528 12.1961
 52  92  0.2154 -0.5616  9.6058
 60  92 -1.0627  0.0000  7.7501
 68  92  0.1929 -0.0203  8.8268
 76  92  0.2085  0.0722  9.1197
 84  92  4.5678 -2.3820 14.8312
 92  92 -0.5000  3.1110  8.4253
100  92  0.0000  0.0000  0.0000
108  92 -0.2638  0.1041 10.2400
116  92  0.0000  0.0000 16.1088
124  92  0.0000  0.0000  0.0000
132  92  0.1603  0.1082 13.9738
140  92  0.2761  0.0806  9.3746
148  92  0.1180 -0.5000  9.2850
156  92  0.0000  0.0000  0.0000
164  92  0.0000  0.0000  0.0000
172  92  0.0000  0.0000  0.0000
180  92 -4.8566 -0.5000  8.3934
188  92  0.0000  0.0000  0.0000
196  92  0.0000  0.0000  0.0000
204  92  0.0000  0.0000  0.0000
212  92  0.0000  0.0000  0.0000
220  92 -0.3076 -0.1981 12.4931
228  92 -1.3118 -4.5000 11.5056
236  92  0.3707  0.3102 13.0327
244  92  0.0000  0.0000  0.0000
252  92  0.0000  0.0000  0.0000
260  92  0.0000  0.0000  0.0000
268  92  0.0000  0.0000  0.0000
276  92  0.0000  0.0000  0.0000
284  92  0.0000  0.0000  0.0000
292  92  2.5000  5.0000  8.8276
  4 100 -0.2795  0.1770 11.0673
 12 100 -0.1278  1.1582  8.4409
 20 100  0.0290  1.7188 11.7041
 28 100  0.2799  0.0201 14.7074
 36 100  0.1104 -0.0376  7.8855
 44 100 -0.2855 -0.0329 12.1905
 52 100  0.0000  0.0000 13.3565
 60 100  0.0000  0.0000  0.0000
 68 100  0.0000  0.0000  0.0000
 76 100  0.0000  0.0000  0.0000
 84 100  0.0000  0.0000  0.0000
 92 100  0.0000  0.0000  0.0000
100 100  0.0492 -0.1756 15.0698
108 100 -0.2628 -0.1995 11.3149
116 100  0.0000  0.0000  0.0000
124 100  2.5000  0.1588 10.5785
132 100  2.5000  0.0000  8.8276
140 100  0.0000  0.0000  0.0000
148 100  0.0000  2.5000  8.8276
156 100 -0.0101  0.1146 17.4161
164 100  0.0000  0.0000 11.1304
172 100  0.0000  0.0000  0.0000
180 100  0.0000  0.0000  0.0000
188 100  0.0000  0.0000  0.0000
196 100  0.0000  2.5000  8.8276
204 100  0.0000  0.0000  0.0000
212 100  0.0000  0.0000  0.0000
220 100  0.0000  0.0000  0.0000
228 100  0.0000  2.5000  8.8276
236 100  0.0000  0.0000  0.0000
244 100  0.2840  0.0000  9.0964
252 100  0.0000 -2.0000 11.1304
260 100  0.0000  0.0000  0.0000
268 100  4.5000 -0.5000  4.0635
276 100  0.0000  0.0000  0.0000
284 100  0.0000  0.0000  0.0000
292 100  0.0000  0.0000  0.0000
  4 108 -0.1960 -0.5000 11.1304
 12 108  0.0000  0.0000 11.1304
 20 108  0.0000  0.1960 11.1304
 28 108 -4.8899  3.8247  6.0337
 36 108  2.5000  0.0000  8.8276
 44 108     NaN  0.1203  5.4468
 52 108  0.0000  2.5000  8.8276
 60 108  0.0000  5.0000 11.1304
 68 108     NaN  5.1203  5.4468
 76 108  0.0000  0.0000 11.1304
 84 108 -0.2780  0.1270 13.3759
 92 108 -2.5771 -4.7029  6.3602
100 108  0.0415  0.8965  7.9444
108 108  0.0788  0.2077  9.6936
116 108  0.0000  0.0000  0.0000
124 108  0.0000  0.0000  0.0000
132 108  3.1838  2.5000  7.5779
140 108 -0.1981  0.2330 13.3504
148 108  0.0000 -0.0637  6.1029
156 108 -0.4681  0.0000  9.5738
164 108  0.0000  0.0000  0.0000
172 108  0.0000  0.0000  0.0000
180 108  0.0000  0.0000  0.0000
188 108  0.0000  0.0000  0.0000
196 108  0.0000  0.0000  0.0000
204 108  0.0000  0.0000  0.0000
212 108  0.0000  0.0000  0.0000
220 108  0.0000  0.0000  0.0000
228 108  0.0000  0.0000  0.0000
236 108  0.0000  0.0000  0.0000
244 108  0.0000  0.0000  0.0000
252 108  0.3127 -0.1061  9.8739
260 108  0.0000  0.0000  0.0000
268 108  5.5000  4.5000  4.0635
276 108  0.0000  0.0000  0.0000
284 108  0.0000  0.0000  0.0000
292 108  0.0000  0.0000  0.0000
  4 116  0.1180 -0.5000  9.2850
 12 116  0.0000  0.0000  0.0000
 20 116  2.8288 -0.0521 10.1243
 28 116  0.0000  0.0000 11.9011
 36 116  0.0000  0.0000  0.0000
 44 116  0.0000  0.0000 11.1304
 52 116  0.0000  0.0000  0.0000
 60 116  0.0000  0.0000  0.0000
 68 116  0.0000  0.0000  0.0000
 76 116 -0.1960  0.0000 11.1304
 84 116 -0.1841  0.0418 12.3683
 92 116  0.0000  0.0000  0.0000
100 116  0.0000  0.0000  0.0000
108 116  0.0000  0.0000 11.1304
116 116  0.0000  0.0000 16.1088
124 116 -0.0238  0.1624 15.7427
132 116  0.0000  0.4032 11.1304
140 116  0.8314 -0.0189  8.9320
148 116  0.4132 -0.2720  8.8276
156 116 -0.5000 -5.0000  9.6865
164 116  5.3223     NaN  5.4468
172 116  0.0000  0.0000 17.0667
180 116  0.0000  0.0000  0.0000
188 116  0.0000  0.0000  0.0000
196 116  0.0000  0.0000  0.0000
204 116  0.0000  0.0000  0.0000
212 116  0.0000  0.0000  0.0000
220 116  0.0000  0.0000  0.0000
228 116  0.0000  0.0000  0.0000
236 116  0.0000  0.0000  0.0000
244 116  0.0000  0.0000  0.0000
252 116  0.2780 -0.1270 13.3759
260 116 -0.3212 -1.5000  8.2444
268 116  0.0000  0.2917  6.5641
276 116     NaN  0.0618  9.8694
284 116  0.0000  0.0000  0.0000
292 116  0.0000  0.0000  0.0000
  4 124  0.0000  0.0000  0.0000
 12 124 -0.0418  0.1521 12.6567
 20 124     NaN -0.3777  6.6109
 28 124  0.0000  0.0000  0.0000
 36 124  0.2136 -0.2159 14.8252
 44 124  2.3162  0.1023  9.7439
 52 124  0.0000  0.0000  0.0000
 60 124  0.0000  0.0000  0.0000
 68 124  0.0000  0.0000 16.1088
 76 124  0.0000  0.0000 16.1088
 84 124  0.0000  0.0000 11.1304
 92 124  0.0000  0.0000 11.1304
100 124  0.0000  0.0000  0.0000
108 124 -0.5000 -0.5000  7.8168
116 124  0.2487 -0.1773  9.3560
124 124 -0.0284 -0.1335 10.1206
132 124  0.0000  0.0000  0.0000
140 124  0.0000  0.0000  0.0000
148 124  0.0000  0.0000  0.0000
156 124 -1.2593  2.5000  8.0000
164 124  0.0000  0.0000  0.0000
172 124  0.0000  0.0000  0.0000
180 124  0.0000  0.0000  0.0000
188 124  4.5000 -0.5000  4.0635
196 124  0.0000  0.0000  0.0000
204 124  0.0000  0.0000  0.0000
212 124  0.0000  0.0000  0.0000
220 124  0.0000  0.0000 11.1304
228 124  0.0000  0.0000 11.1304
236 124 -0.5000  0.0000  8.8276
244 124  2.5000  0.0000  8.8276
252 124  4.5000 -0.0677  5.7252
260 124 -0.4152 -5.1525  5.2447
268 124 -0.2215  1.1024  7.7091
276 124  5.5000  0.0000 11.1304
284 124  0.0000  0.0000 11.1304
292 124  0.0000  0.0000 11.1304
  4 132 -0.3056  0.2075  9.2501
 12 132 -5.0000  0.0000  8.0688
 20 132  4.5000  4.8102  6.3471
 28 132  0.2093  0.0299 13.0089
 36 132  0.0710 -0.0771  7.0976
 44 132  4.5000  4.5000  4.0635
 52 132  0.0000  0.0000  0.0000
 60 132  0.0000  0.0000  0.0000
 68 132 -0.2730  0.0000 10.6474
 76 132  0.0000  0.0000 11.1304
 84 132  0.0000  0.0000  0.0000
 92 132  0.0000  0.0000  0.0000
100 132  0.0000  0.0000 11.1304
108 132  1.0000  2.5000  9.2850
116 132  0.2910  0.2029  8.7870
124 132 -1.1695 -0.2068  6.1416
132 132 -0.2414  0.0000 11.1304
140 132 -1.6882 -0.3471  6.6888
148 132 -0.5000  2.5000  4.0635
156 132  0.5000  0.0000  8.4768
164 132 -0.1151  0.1151 16.5161
172 132  0.0000  0.0000  0.0000
180 132 -0.1867 -1.5000  6.4178
188 132  0.0000  0.0000 11.1304
196 132  0.0000  0.0000  0.0000
204 132  0.0000  0.0000  0.0000
212 132  0.0000  0.0000 11.1304
220 132  0.0000  0.0000  0.0000
228 132  0.0000  0.0000  0.0000
236 132  0.0000  0.0000  0.0000
244 132  0.0000  0.0000 11.1304
252 132  0.0000  0.0000  0.0000
260 132  0.0000  0.0000  0.0000
268 132  1.0000 -0.1311  5.5480
276 132  0.0000  0.0000  0.0000
284 132  4.5000  4.5000  4.0635
292 132  0.0000  0.0000 11.1304
  4 140 -0.1151 -0.1151 16.5161
 12 140 -0.1063  0.0000  6.9728
 20 140  0.0000  0.0000  0.0000
 28 140  0.0000  2.5000  8.8276
 36 140  0.0000  0.0000  0.0000
 44 140  0.0000  0.0000  0.0000
 52 140  0.0000  0.0000  0.0000
 60 140  0.0913 -0.2044 18.7317
 68 140 -0.0136 -0.1807  7.9395
 76 140  0.0000  0.0000  0.0000
 84 140  0.0000  0.0000  0.0000
 92 140  0.0000  0.0000  0.0000
100 140  0.0000  0.0000  0.0000
108 140  0.0000  0.1063  6.9728
116 140 -0.2976  1.5000  5.4468
124 140  0.0000  0.0000 11.1304
132 140 -0.5000  0.0000  8.8276
140 140  4.5000  1.5000  4.0635
148 140  0.0000  0.0000  0.0000
156 140  0.0000  0.0000  0.0000
164 140  0.5000  0.0000  8.8276
172 140 -0.5000 -0.5000  4.0635
180 140  0.0000  0.0000  0.0000
188 140  0.0000  0.0000  0.0000
196 140  0.0000  0.0000  0.0000
204 140  0.0000  0.0000 11.1304
212 140  0.0000  0.0000  0.0000
220 140  0.0000  0.0000  0.0000
228 140  0.0000  0.0000  0.0000
236 140  0.0000  0.0000  0.0000
244 140  0.0000  0.0000  0.0000
252 140 -0.5000  0.0000  8.8276
260 140  0.0000  0.0000  0.0000
268 140  0.0000  0.0000  0.0000
276 140  4.5000  4.5000  4.0635
284 140  0.1180  2.5000  9.2850
292 140  0.0000  0.0000  0.0000
  4 148 -0.2802  0.0546 12.7691
 12 148  0.0000  0.0000  0.0000
 20 148  0.0000  0.0000  0.0000
 28 148 -0.5000  0.0000  8.8276
 36 148  0.0000  0.0000  0.0000
 44 148  0.0000  0.0000  1.0000
 52 148  0.0000  0.0000  0.0000
 60 148 -0.2483 -0.1160  9.3535
 68 148  0.0000  0.0000 11.1304
 76 148  0.0000  0.0000  0.0000
 84 148  0.0000  0.0000  0.0000
 92 148 -0.5000  4.5000  4.0635
100 148  0.0000  2.5000  8.8276
108 148  0.0000  0.0000  0.0000
116 148  0.0000  0.0000  0.0000
124 148  0.0000  0.0000  0.0000
132 148  0.0000  0.0000  0.0000
140 148  1.5000  0.0448  8.9013
148 148  0.0000  0.0000  0.0000
156 148  0.0000  0.0000  0.0000
164 148  0.0894 -0.5000  8.1120
172 148  0.0000  0.0000  0.0000
180 148  4.5000 -0.5000  4.0635
188 148  0.0000  0.0000 11.1304
196 148  0.0000  0.0000  0.0000
204 148  0.0000  0.0000  0.0000
212 148  0.0000  2.5000  8.8276
220 148  0.0000  0.0000  0.0000
228 148  0.0000  0.0000  0.0000
236 148  0.0000  0.0000  0.0000
244 148  2.5000 -5.0000  8.8276
252 148  0.0000  0.0000  0.0000
260 148  0.0000  0.0000 11.1304
268 148  0.1203     NaN  5.4468
276 148  1.5000  2.5000  7.4357
284 148  0.0000  0.0000  0.0000
292 148  0.0000  0.0000  0.0000
  4 156  0.2840  0.0000  9.0964
 12 156  0.0000 -1.0000  5.8926
 20 156  4.5000 -0.5000  4.0635
 28 156  0.1960  2.5000 11.1304
 36 156  0.0000  0.0000  0.0000
 44 156  0.0000  0.0000  0.0000
 52 156  0.2802  0.0546 12.7691
 60 156 -1.3070 -0.0337 12.4709
 68 156  0.0000  0.0000 11.1304
 76 156  0.0000  0.0000  0.0000
 84 156  0.0000  0.0000  0.0000
 92 156 -0.5000  0.0000  8.8276
100 156  0.5000     NaN  4.0635
108 156  0.3732 -0.3694 10.3318
116 156 -2.5000  0.0000 11.1304
124 156  0.0000  0.0000  0.0000
132 156  0.0000  0.0000  0.0000
140 156  0.0000  0.0000  0.0000
148 156  0.0000  0.0000  0.0000
156 156  0.0000  0.0000  0.0000
164 156  0.0000  2.5000  8.8276
172 156  0.0000  0.0000  0.0000
180 156  0.0000  0.0000 11.1304
188 156  0.0000  0.0000  0.0000
196 156  0.0000  0.0000  0.0000
204 156  0.0000  0.0000  0.0000
212 156  0.0000  0.0000  0.0000
220 156 -0.2370 -0.0242 14.7460
228 156  0.0000  0.0000  0.0000
236 156  0.0000  0.0000  0.0000
244 156  0.0000  0.0000  0.0000
252 156  4.5000  4.5000  4.0635
260 156  0.0000  0.0000  0.0000
268 156  0.1151 -0.1151 16.5161
276 156  0.0000  0.0000  0.0000
284 156  0.0000  0.0000 11.1304
292 156  4.5000  4.5000  4.0635
  4 164  0.0000  0.0000 11.1304
 12 164 -0.5000  0.0000  8.2581
 20 164  4.5000  4.5000  4.0635
 28 164  0.0000  2.3093 11.7824
 36 164  0.0000  0.0000 11.1304
 44 164  0.0000  2.5000  8.8276
 52 164 -0.4043 -0.4043  8.0000
 60 164  0.0000  0.0000  0.0000
 68 164  0.0000  0.0000  0.0000
 76 164  0.0000  0.0000  0.0000
 84 164  0.0000  0.0000  0.0000
 92 164  0.0000  0.0000  0.0000
100 164  0.0000  0.0000  0.0000
108 164  0.1960  0.0000 11.1304
116 164  2.5000  4.5000  4.0635
124 164  0.0000  0.0000  0.0000
132 164  0.0000  0.0000  0.0000
140 164  0.0000  0.0000  0.0000
148 164  4.5000 -0.5000  4.0635
156 164  0.0000  0.0000  0.0000
164 164 -0.0180  0.0520  9.5553
172 164  1.6909  0.0391  9.8462
180 164  0.0000  0.0000 11.1304
188 164  0.0000  0.0000  0.0000
196 164  0.0000  0.0000 11.1304
204 164  0.0000  0.0000  0.0000
212 164  0.0000  0.0000 11.1304
220 164 -0.0458  3.4085 10.6667
228 164  0.0000  0.0000  0.0000
236 164  0.0000  0.0000  0.0000
244 164  0.0000  0.0000  0.0000
252 164  0.0000  0.0000  0.0000
260 164  0.0000  0.0000  0.0000
268 164  0.0000  0.0000  0.0000
276 164  0.0000  0.0000  0.0000
284 164  2.5000  0.0000  8.8276
292 164  0.0000  0.0000  0.0000
  4 172 -0.1960  2.5000 11.1304
 12 172 -0.0458  3.4085 10.6667
 20 172  0.0000  0.0000  0.0000
 28 172  0.0000  0.3770  6.9310
 36 172  4.5000 -0.5000  4.0635
 44 172  0.2021 -0.2860 10.7438
 52 172  0.0000  0.0000  0.0000
 60 172  0.0000  0.0000  0.0000
 68 172  0.0000  0.0000  0.0000
 76 172  0.0000  2.5000  8.8276
 84 172  0.0000  0.0000  0.0000
 92 172  0.0000  0.0000  0.0000
100 172  0.0000  0.0000  0.0000
108 172  0.0000  0.0000  0.0000
116 172  4.5000 -0.5000  4.0635
124 172  0.0000  0.0000 11.1304
132 172 -0.5000 -5.0000  8.8276
140 172  0.0000  0.0000  0.0000
148 172  0.0000  0.0000  0.0000
156 172  1.5000  0.1960  9.2086
164 172  0.0000  0.0000 10.1740
172 172  0.0000  0.0000  0.0000
180 172  0.0000  0.0000  0.0000
188 172  0.0000  0.0000  0.0000
196 172  0.0000  0.0000  0.0000
204 172 -0.5000  0.0000  8.8276
212 172  2.5000  0.1180  9.2850
220 172 -0.5000  0.0000  8.8276
228 172  0.0000  0.0000  0.0000
236 172  0.0000  0.0000  0.0000
244 172 -0.5000 -0.5000  4.0635
252 172  0.0000  0.0000  0.0000
260 172 -0.5000 -5.0000  8.8276
268 172  0.0000  0.0000  0.0000
276 172  0.0000  0.0000  0.0000
284 172  0.0000  0.0000  0.0000
292 172  0.0000  0.0000  0.0000
  4 180  0.0000  0.0000  1.0000
 12 180  0.0000  0.0000  8.0688
 20 180  0.0000  2.5000  8.8276
 28 180  0.0000  0.0000  0.0000
 36 180  0.0000  2.5000  8.8276
 44 180 -0.5000  0.5000  7.8168
 52 180  0.0000  0.0000  0.0000
 60 180  0.0000  0.0000 11.1304
 68 180  0.0000  0.0000  0.0000
 76 180  0.0000 -0.5000  8.8276
 84 180  0.0000  0.0000  0.0000
 92 180  0.0000  0.0000  0.0000
100 180  0.0000  0.0000  0.0000
108 180  0.0000  0.0000  0.0000
116 180  0.0000  0.0000  0.0000
124 180  0.0000  0.0000  0.0000
132 180  0.0000  0.0000  0.0000
140 180  0.0000  0.0000  0.0000
148 180  0.0000  0.0000  0.0000
156 180  0.0000  0.0000  0.0000
164 180 -0.2730  0.0000 10.6474
172 180  0.0000  0.0000  0.0000
180 180  0.0000  0.0000 11.1304
188 180  0.0000  0.0000  0.0000
196 180  0.0000 -0.5000  8.8276
204 180  0.0000  2.5000  8.8276
212 180  6.0000 -0.5000 13.4737
220 180 -5.0000  0.0000 11.1304
228 180  0.0000  0.0000  0.0000
236 180  0.0000  0.0000  0.0000
244 180  0.0000  0.0000  0.0000
252 180  0.0000  0.0000  0.0000
260 180  0.0000  0.0000  0.0000
268 180  0.0000  0.0000  0.0000
276 180  0.0000  0.0000  0.0000
284 180  0.0000  0.0000  0.0000
292 180  0.0000  0.0000  0.0000
  4 188  5.3223     NaN  5.4468
 12 188  0.0000  0.0000  0.0000
 20 188  0.0832 -0.3131  9.8462
 28 188  0.0000  0.0000  0.0000
 36 188 -0.2965 -0.2632 10.8887
 44 188  0.0000  0.0000  0.0000
 52 188  0.0000 -0.5000  8.8276
 60 188  0.0000  0.0000  0.0000
 68 188  0.0000  0.0000 16.1088
 76 188  0.3223     NaN  5.4468
 84 188  0.0000  0.0000  0.0000
 92 188  0.0000  0.0000  0.0000
100 188  0.0000  0.0000  0.0000
108 188  0.0000  0.0000  0.0000
116 188  0.0000  0.0000  0.0000
124 188 -0.1960  0.0000 11.1304
132 188  4.5000  4.5000  4.0635
140 188  0.0000  0.0000  0.0000
148 188  0.0000  4.5000  4.0635
156 188  0.0000  0.0000  0.0000
164 188  0.2165  0.0000 10.4284
172 188  0.0000  0.0000  0.0000
180 188  0.0000  0.0000  0.0000
188 188  0.0000  0.0000 11.1304
196 188  0.0000  0.0000 11.1304
204 188  0.0000  0.0000  0.0000
212 188  1.5000 -4.9552  8.9013
220 188  0.0000  0.0000  0.0000
228 188  3.2629  4.7073 11.0256
236 188 -0.0391     NaN  9.3822
244 188  0.0000  0.0000  0.0000
252 188  0.0000  0.0000  0.0000
260 188  0.0000  0.0000  0.0000
268 188  0.0000  0.0000  0.0000
276 188  0.0000  0.0000  0.0000
284 188 -0.5000  0.0000  8.8276
292 188  0.0000  0.0000  0.0000
  4 196  0.0000  0.0000  0.0000
 12 196  4.5000 -0.5000  4.0635
 20 196  0.0000  0.0000 16.1088
 28 196  4.5000 -0.5000  4.0635
 36 196  0.0000 -0.1063  6.9728
 44 196  0.0000  0.0000  0.0000
 52 196  0.0000  0.0000 11.1304
 60 196  0.0000 -0.5000  8.8276
 68 196 -0.5000 -5.0000  8.8276
 76 196  0.0000  0.0000 11.1304
 84 196  0.0000  0.0000  0.0000
 92 196  0.0000  5.0000 11.1304
100 196  0.0000  0.0000  0.0000
108 196  0.0000  0.0000  0.0000
116 196  2.5000  0.0731  8.9510
124 196 -0.1276 -0.3321 10.3409
132 196  0.0000  0.0000  0.0000
140 196  0.0000  0.0000  0.0000
148 196  0.0000  0.0000  0.0000
156 196  0.0000  0.0000  0.0000
164 196 -0.1502 -0.0294 11.7575
172 196  0.0000 -0.5000  4.0635
180 196  0.0000  0.0000  0.0000
188 196  0.0000  0.0000  0.0000
196 196  0.0000  0.0000 11.1304
204 196  0.0000  0.0000  0.0000
212 196  0.0000  0.0000  0.0000
220 196 -0.5000  0.0000  8.8276
228 196  4.6564  0.0000 12.4564
236 196  0.0000  0.0000  0.0000
244 196  0.0000  0.0000  0.0000
252 196  0.0000  0.0000  0.0000
260 196  0.0000  0.0000  0.0000
268 196  0.0000  0.0000  0.0000
276 196  0.0000  0.0000  0.0000
284 196  0.0000  0.0000  0.0000
292 196  0.0000  0.0000  0.0000
  4 204  0.0000  2.5000  8.8276
 12 204  0.0832  0.3131  9.8462
 20 204 -0.1867  2.5000  6.4178
 28 204  0.0000  0.0000  0.0000
 36 204  0.0000  0.0000 11.1304
 44 204  0.1960  2.5000 11.1304
 52 204  0.0000  0.0000  0.0000
 60 204  0.0000  0.0000 11.1304
 68 204  0.0000  0.0000  0.0000
 76 204  2.5000  0.0000  8.8276
 84 204 -0.2568  0.0627  8.5469
 92 204  0.0000  0.0000  0.0000
100 204  0.0000  0.0000 11.1304
108 204  0.0000  0.0000  0.0000
116 204 -0.2587 -0.1868 11.1614
124 204  0.0610 -0.5000  7.7665
132 204  0.0000  0.0000  0.0000
140 204  0.0000  0.0000  0.0000
148 204  0.0000  0.0000  0.0000
156 204  0.0000  0.0000  0.0000
164 204  0.0710 -0.0764 10.7893
172 204  0.0000  0.0000  0.0000
180 204  0.0000  0.0000  0.0000
188 204  0.0000  0.0000  0.0000
196 204  0.0000  0.0000 11.1304
204 204  0.0000  0.0000  0.0000
212 204  0.0000  0.0000  0.0000
220 204  0.0000  0.0000  0.0000
228 204  0.0000  0.0000  0.0000
236 204  0.0000 -0.5000  8.8276
244 204  0.0000  0.0000 16.1088
252 204  0.0000  0.0000  0.0000
260 204  0.0000  0.0000  0.0000
268 204  0.0000  0.0000  0.0000
276 204  0.0000  0.0000  0.0000
284 204  0.0000  0.0000  0.0000
292 204 -0.5000  4.5000  4.0635
  4 212  0.0000  0.0000 11.1304
 12 212  0.1960  0.0000 11.1304
 20 212  0.0000  0.0000 11.1304
 28 212  0.0000  0.0000  0.0000
 36 212 -0.5000 -0.5000  4.0635
 44 212  0.0832 -0.3131  9.8462
 52 212  0.0000  0.0000 11.1304
 60 212  0.0382 -0.1028 16.6166
 68 212  0.0000  0.0000  0.0000
 76 212  0.0000  0.0000  0.0000
 84 212  0.0000  0.0000  0.0000
 92 212  0.0000  0.0000  0.0000
100 212  0.6373  1.5000  7.3585
108 212  0.0000  2.5000  8.8276
116 212 -0.1799  0.0487 11.1304
124 212 -0.0610  0.5000  7.7665
132 212  0.0000  0.0000  0.0000
140 212  0.0000  0.0000  0.0000
148 212  0.0000  0.0000  0.0000
156 212  0.0000  0.0000 11.1304
164 212  0.0000  0.0000 12.0628
172 212  0.5000  0.0000 11.1304
180 212  0.0000  0.0000  0.0000
188 212  0.0000  0.0000  0.0000
196 212  0.0000  0.0000 11.1304
204 212  0.0000  0.0000  0.0000
212 212  0.0000  0.0000  0.0000
220 212  0.0000  0.0000  0.0000
228 212 -0.1164  2.5000  7.6040
236 212  0.0000  0.0000  0.0000
244 212  0.0000  0.0000  0.0000
252 212  0.0000  0.0000  0.0000
260 212  0.0000  0.0000  0.0000
268 212  0.0000  0.0000  0.0000
276 212  0.0000  0.0000  0.0000
284 212  0.0000  0.0000  0.0000
292 212  4.5000 -0.5000  4.0635
  4 220  0.2271 -0.5000  9.5143
 12 220  1.5000  0.0000  8.2581
 20 220  0.0000  0.0000  0.0000
 28 220  0.0000  0.0000  0.0000
 36 220  0.0000  0.0000  0.0000
 44 220  0.3732  0.3694 10.3318
 52 220  0.0000  0.0000  0.0000
 60 220  0.0000  0.0000  0.0000
 68 220  2.5000 -0.5000  4.0635
 76 220  4.5000 -0.5000  4.0635
 84 220  0.0000  0.0000  0.0000
 92 220  0.0000  0.0000  0.0000
100 220  2.5000  0.0000  8.8276
108 220  0.1841 -0.0418 12.3683
116 220  0.0331 -0.0297 10.2400
124 220  0.5000  0.2012  9.9121
132 220  0.0000  0.0000  0.0000
140 220  0.0000  0.0000  0.0000
148 220  0.0000  0.0000  0.0000
156 220  0.0000  0.0000  0.0000
164 220  0.0000  0.0000 11.1304
172 220  0.0000  0.0000 11.1304
180 220  0.0000  0.0000  0.0000
188 220  0.0000  0.0000  0.0000
196 220  0.0000  2.5000  8.8276
204 220 -4.8566 -0.5000  8.3934
212 220  0.0000 -0.5000  4.0635
220 220  0.0000  0.0000  0.0000
228 220  0.0000  0.0000  1.0000
236 220  0.0000  0.0000  0.0000
244 220  0.0000  0.0000  0.0000
252 220 -1.1846  2.5000  7.2471
260 220  0.0000  0.0000 11.1304
268 220  0.0000  0.0000  0.0000
276 220  0.0000  0.0000  0.0000
284 220  0.0000  0.0000 11.1304
292 220  0.0000  0.0000 11.1304
