VARIABLES= "X pix", "Y pix", "U pix/dt", "V pix/dt", "CHC", ZONE I=28, J=37
  4   4  0.0099  0.0108 10.6962
 12   4 -0.0391  0.0586 11.3220
 20   4  0.0899  0.0000 10.9708
 28   4  0.0000 -0.0570 11.2869
 36   4  0.0000  0.0127 11.0049
 44   4 -0.0437  0.0128 10.9762
 52   4  0.0000  0.0181 11.3868
 60   4  0.0088  0.0000 10.9132
 68   4  0.0000  0.0321 11.3446
 76   4  0.0000  0.0610 11.7124
 84   4  0.0006  0.0543 10.9412
 92   4 -0.0285  0.0000 11.8646
100   4 -0.0017  0.0148 13.6689
108   4  0.0000  0.0041 13.5196
116   4 -0.0253  0.0000 11.7754
124   4  0.0000  0.0181 11.3868
132   4  0.0039 -0.0027 11.7121
140   4  0.0000  0.0054 11.6920
148   4  0.0095  0.0444 12.1442
156   4  0.0000  0.0085 11.9856
164   4  0.0279  0.0000 11.7754
172   4  0.0000 -0.0321 11.3446
180   4  0.0295  0.0091 11.7870
188   4  0.0000  0.0512 12.3336
196   4 -0.0006  0.0252 12.0350
204   4  0.0392  0.0212 11.7486
212   4  0.0432 -0.0053 11.9055
220   4 -0.0115 -0.0702 11.1509
228   4 -0.0167  0.0185 11.1381
236   4 -0.0201 -0.1844  9.4385
244   4  0.1175  0.0184  9.3973
252   4  0.0037 -0.0028 10.6519
260   4 -0.0784 -0.0567 10.6913
268   4  0.0200  0.0857 11.1024
276   4 -0.0019  0.0958 11.8512
284   4  0.0182  0.1102 12.3847
292   4 -0.0154  0.0050 11.7834
  4  12  0.0613  0.1584 10.0279
 12  12 -0.0141 -0.4826 11.2058
 20  12 -0.0502 -0.1346 10.1583
 28  12  0.0084 -0.2321  9.4576
 36  12  0.0000 -0.0801 10.3373
 44  12  0.0000 -0.4266  8.2581
 52  12  0.1394  0.1545 15.1493
 60  12  0.1010 -0.0780 10.7262
 68  12  0.0080 -0.0166 20.6401
 76  12 -0.1636 -0.1280 13.1561
 84  12 -0.1611 -0.1819  9.5397
 92  12  0.0000  0.0765  9.3822
100  12 -0.0730 -0.0097  9.2978
108  12  0.0349 -0.1958 11.2480
116  12  0.1286 -0.0752 10.3807
124  12  0.0000 -0.0706 13.0442
132  12  0.0000  0.0186 12.0566
140  12  0.0425  0.0417 11.6120
148  12  0.0000 -0.0771 11.3202
156  12  0.1650 -0.0244 12.8489
164  12  0.0793 -0.0118 13.9951
172  12 -0.3090 -0.0109  8.4893
180  12  0.1032  0.0094 12.1592
188  12 -0.0292 -0.0549 12.4107
196  12 -0.1027 -0.1045  9.4633
204  12  0.1723 -0.4485  9.4032
212  12  0.0724 -0.5383 12.3566
220  12  0.0411  0.2806 13.9544
228  12  0.0529 -0.2492 11.0095
236  12 -0.1656 -0.7446  6.9052
244  12  0.0000  0.0396 10.4959
252  12  0.2457 -0.1664 10.8875
260  12 -0.0116 -0.2222 10.8198
268  12  0.0353 -0.2513 10.1452
276  12  0.0000 -0.2425  9.5029
284  12 -0.0183 -0.1022  7.2747
292  12 -0.0529 -0.4095  7.1155
  4  20  0.0930  0.0236 15.8118
 12  20 -0.0173 -0.1587 12.4098
 20  20  0.0000 -0.1001 12.3027
 28  20  0.0093 -0.0879 12.8081
 36  20 -0.0506  0.0049 12.8711
 44  20  0.0007  0.0000 11.4966
 52  20 -0.0029  0.0009 11.6359
 60  20  0.0097  0.0487 16.0982
 68  20  0.0000 -0.0191 16.5812
 76  20 -0.0451 -0.0529 14.9832
 84  20  0.0003  0.0093 15.2847
 92  20  0.0417 -0.0460 13.1005
100  20  0.0762 -0.0731 10.8931
108  20  0.0528 -0.2178 10.7421
116  20  0.0347 -0.0432 13.8748
124  20  0.0151 -0.0485 13.4160
132  20  0.0204 -0.0201 13.4722
140  20 -0.0294 -0.0392 13.0251
148  20 -0.0027  0.0006 13.8099
156  20 -0.0206 -0.0053 12.9326
164  20  0.1044 -0.2757 14.1042
172  20  0.1465 -0.3591 15.2573
180  20  0.0221 -0.0640 12.7127
188  20 -0.0546 -0.0647 17.2643
196  20 -0.0067 -0.0241 16.8043
204  20 -0.0029 -0.0153 21.4349
212  20  0.0931 -0.0413 20.5608
220  20  0.0107  0.0174 24.4347
228  20  0.1146 -0.1891  8.4333
236  20  0.5563  0.0000  1.0000
244  20  0.1594 -0.0497  8.8152
252  20  0.2850 -0.1023  9.9458
260  20  0.0558  0.3268  7.3573
268  20 -0.0616 -0.3955 11.1437
276  20 -0.0604 -0.1339  9.9445
284  20  0.2043 -0.1344 17.0762
292  20 -0.1052  0.0201 14.9598
  4  28  0.0000 -0.0443 11.1487
 12  28 -0.0362 -0.0563 10.5881
 20  28  0.0556 -0.0198 11.1988
 28  28  0.0140 -0.0210 10.2988
 36  28 -0.0058 -0.0287 10.6738
 44  28  0.0080  0.0018 10.5359
 52  28 -0.0344 -0.0019 10.3741
 60  28 -0.0012  0.0022 10.0820
 68  28  0.0022 -0.0128 10.5029
 76  28  0.0278 -0.0308 10.6687
 84  28 -0.0119 -0.0044  9.9427
 92  28  0.0113 -0.0188  9.8103
100  28  0.0346 -0.0005 11.3003
108  28 -0.0104 -0.0110 15.0934
116  28 -0.0176 -0.0089  9.0784
124  28  0.0289 -0.0337  9.8695
132  28  0.0149 -0.0011  8.8073
140  28  0.0000 -0.0462  9.2441
148  28  0.0064 -0.0413  9.4272
156  28  0.0112 -0.0299 21.3721
164  28  1.2785 -0.0548 13.2055
172  28  0.1217 -0.3058 12.3698
180  28  0.1858 -0.2190 16.8701
188  28  0.0829 -0.0721 25.6962
196  28  0.0147 -0.0633  8.9443
204  28 -0.0045 -0.0418  9.4419
212  28  0.0198 -0.0737 10.2436
220  28 -0.0099 -0.0658 10.3500
228  28 -0.0007 -0.0788  9.7965
236  28 -0.0135 -0.0307  9.2109
244  28  0.0066 -0.0396  9.7833
252  28  0.0066 -0.0470  9.4238
260  28  0.0086 -0.1086 17.0667
268  28 -0.0271 -0.0987 14.6408
276  28  0.0930 -0.0612 21.7649
284  28 -0.0756  0.0502 17.4964
292  28  0.0394 -0.0700 12.5375
  4  36  0.0176 -0.0687  7.8398
 12  36 -0.0006 -0.0322  8.1554
 20  36 -0.0158 -0.0264  6.9106
 28  36  0.0770 -0.0229  6.5782
 36  36  0.0818 -0.3030  5.8878
 44  36 -0.0856  0.0000  6.5305
 52  36 -0.2217  0.0313  6.0776
 60  36  0.0000  0.1933  8.7346
 68  36 -0.0089 -0.1072  7.5153
 76  36  0.0468 -0.0183  8.5289
 84  36  0.1167  0.0438 13.9037
 92  36  0.5693  0.0000 10.4867
100  36 -0.0379 -0.0181  8.2778
108  36  0.0000 -0.0322  6.8869
116  36  0.0813  0.0528  8.1445
124  36 -0.3423  0.1012  5.9063
132  36  1.0341  0.0000  0.0000
140  36  2.9396 -2.5000  8.8910
148  36  0.3222 -0.2888  8.9615
156  36  0.0781 -0.0901 11.8596
164  36  0.1142 -0.0521 10.6609
172  36  0.0585 -0.1999 23.6464
180  36  0.2502 -0.1334 12.2305
188  36  0.0964 -0.0083 11.2284
196  36  0.1505 -0.0228 13.5595
204  36  0.1177  0.0000 15.5346
212  36  0.1614 -0.2356 10.8009
220  36  0.2177 -0.0350 15.2013
228  36 -0.0762  0.2285 11.1830
236  36  0.0235 -0.3939  8.7892
244  36  0.0000 -0.3309 10.5785
252  36 -0.0507  0.0000 13.3851
260  36  0.0888 -0.0566 10.2537
268  36 -0.0235  0.3939  8.7892
276  36  0.0589 -0.2628  9.9774
284  36 -0.1412 -0.0459  6.4156
292  36 -0.0074 -0.0192  8.7791
  4  44  0.1187  0.5854  8.2051
 12  44  0.0000  0.0642  6.5641
 20  44  0.1348  0.0333 11.3522
 28  44 -0.1133  0.0675 13.3000
 36  44 -0.1632 -0.1678 14.0732
 44  44  0.0777 -0.0060 11.9242
 52  44 -0.0411 -0.1454  9.3404
 60  44 -0.0128 -0.2714  7.8773
 68  44 -0.1971 -0.3962  7.4702
 76  44  0.2115 -0.0830  5.6609
 84  44 -0.8971  0.3121  8.4223
 92  44 -0.2917  0.0000 11.1304
100  44  0.0000 -0.1063  6.9728
108  44  0.4398  0.0000 12.0628
116  44  0.8253 -0.3379  7.1111
124  44  0.1146  0.0101 17.4161
132  44 -0.2269  2.0609  8.2581
140  44 -0.3818  0.0000  0.0000
148  44  0.1878  0.0996  6.3574
156  44  0.0636 -0.0502 16.5473
164  44  0.0935 -0.0957  9.7950
172  44  0.1375 -0.1223 10.5589
180  44  0.3523 -0.0560 10.2385
188  44  0.1089 -0.1032 15.5726
196  44 -0.0919 -0.1788  8.1040
204  44  0.0582  0.0000  9.1045
212  44 -0.0033 -0.0382  7.7318
220  44  0.1688 -0.1956  8.2766
228  44 -0.0609 -0.1376 11.2886
236  44  0.1293 -0.1403 10.9978
244  44 -0.0903 -0.0180 12.1421
252  44 -0.0775  0.0193 14.0578
260  44 -0.3529  0.3821  6.3772
268  44  0.1386  0.2300 10.8679
276  44 -0.0364  0.2387 11.3832
284  44  0.0218 -0.1535 17.7669
292  44 -0.1597  0.0728 12.0580
  4  52  0.0170 -0.0957 10.1562
 12  52  0.0173 -0.0513  8.8014
 20  52 -0.0867 -0.2039  6.6081
 28  52  0.0000  1.0000  8.8276
 36  52  0.0215  0.0000  0.0000
 44  52  0.0000 -2.5000 11.1304
 52  52 -0.1806  0.0000  0.0000
 60  52 -0.4690  0.0000  0.0000
 68  52 -0.5000  0.0000  8.8276
 76  52  2.5000  0.0000  8.8276
 84  52  0.0000  2.5000  8.8276
 92  52 -0.2917  0.0000 11.1304
100  52  2.0744  0.0000 11.1304
108  52  4.5000  4.5000  4.0635
116  52 -1.1838  2.5000  7.5779
124  52  0.1798 -0.0246 17.0238
132  52  0.3724  0.0000  0.0000
140  52  0.3852  0.0000 22.2609
148  52 -0.0540  0.0372  5.7942
156  52  0.0679 -0.0723 18.0170
164  52  0.0175 -0.0319 14.9723
172  52 -0.0277 -0.1636  9.3536
180  52  0.1431 -0.1364 15.2923
188  52  0.0851  0.0415 14.0979
196  52  0.0377  0.0703  8.9154
204  52  0.0865  0.0000  0.0000
212  52  0.0328  0.2156 15.3670
220  52 -0.1673 -0.0151 13.0225
228  52  0.0323 -0.1809 14.4144
236  52  0.2110  0.0000 13.3851
244  52 -0.0558  0.0080 10.6810
252  52 -0.0396  0.0871 14.0985
260  52 -0.1602  0.0861 10.2936
268  52  0.1213  0.1179  9.1141
276  52  0.0190  0.1349 10.3468
284  52 -0.0671 -0.0284 17.6797
292  52 -0.2201  0.0118 17.0173
  4  60  0.0000 -0.5000  8.9154
 12  60 -0.0986  0.0000  0.0000
 20  60  0.1074  0.0000  0.0000
 28  60  1.3760  0.0000  0.0000
 36  60  2.0859  0.0000  0.0000
 44  60 -0.2727  0.0000  0.0000
 52  60  0.1949  0.0000  0.0000
 60  60  0.6692  0.0000  0.0000
 68  60  2.0387  0.0000  0.0000
 76  60  4.5000  4.5000  4.0635
 84  60  0.0000 -0.5000  8.8276
 92  60  0.2562  0.1718 13.7043
100  60 -0.5000  0.0000  8.8276
108  60  0.0451  0.0000  0.0000
116  60  0.3624  0.0000  0.0000
124  60  0.0951  0.0000 12.2969
132  60  0.6268  0.0000  0.0000
140  60  1.0000  0.0305  9.0241
148  60 -0.0019 -0.0060  6.6224
156  60  0.0120 -0.0070  8.3069
164  60  0.0004 -0.0182  8.2040
172  60  0.0062  0.0003  7.3531
180  60  0.0035 -0.0184  7.0503
188  60  0.0109 -0.0120  6.4596
196  60 -0.0615  0.6638  6.1583
204  60 -0.0483  0.0000  7.3911
212  60 -0.0983  0.6879  9.3209
220  60 -0.1702  0.0000  0.0000
228  60  0.0000 -1.5000  7.8528
236  60  0.3795  1.5000  6.0157
244  60  0.0223  0.6962  6.3308
252  60  0.1908 -0.0451  8.1743
260  60 -0.1287 -0.0287 10.9495
268  60 -0.3887  0.0000 10.6057
276  60  0.0512  0.0000 15.0281
284  60 -0.2060 -0.3986  8.3375
292  60  0.2267 -0.0075  8.0451
  4  68  2.5000  4.5000  4.0635
 12  68  0.5904  0.0000  0.0000
 20  68  0.0000 -0.5000  8.8276
 28  68 -0.2445  0.0000  0.0000
 36  68  0.4030  0.0000  0.0000
 44  68  1.0486  0.0000  0.0000
 52  68  0.5979  0.0000  0.0000
 60  68  1.1684  0.0000 11.1304
 68  68  2.1959  0.0000  0.0000
 76  68  4.8566  2.5000  8.3934
 84  68 -0.1841  0.0418 12.3683
 92  68 -0.2416  1.5000 11.8995
100  68  0.0940  0.0000 17.2183
108  68  0.0000  0.1960 11.1304
116  68 -0.0841  0.0000 11.1304
124  68  0.0000  0.0535 10.0787
132  68 -0.0291  0.0000 11.1304
140  68 -0.0837  0.0000  0.0000
148  68 -0.1059 -0.1865 12.7608
156  68  0.1749  0.0000 11.1304
164  68  0.1859 -0.0183 15.8584
172  68 -1.5525 -0.3113  8.5090
180  68  0.1779  1.7083 11.0199
188  68  0.0391  2.5000  9.3822
196  68 -0.2392  0.0000  0.0000
204  68 -0.0986  0.0000  0.0000
212  68 -0.1554  0.0000  0.0000
220  68  0.0581  0.0000  0.0000
228  68  0.7221  0.0000  0.0000
236  68  0.3681  0.0000  0.0000
244  68  0.0000 -0.5000  4.0635
252  68 -0.2078  0.0000  0.0000
260  68  0.3690 -0.2155  5.9933
268  68  0.8064  0.0802 11.1304
276  68 -0.3927  0.0140  8.4612
284  68  0.2119 -0.0204  9.7641
292  68 -0.1788 -0.0170 14.2824
  4  76  4.5000 -0.5000  4.0635
 12  76  1.7067  0.0000 11.1304
 20  76  0.2910  0.0000  0.0000
 28  76  0.1521  0.0000  0.0000
 36  76 -0.1241  0.0000  0.0000
 44  76 -0.3006  0.2454 12.7381
 52  76 -0.0452  1.6591  8.5690
 60  76  0.0050  0.0000  0.0000
 68  76  0.0380 -0.2036 18.6348
 76  76  0.1300  0.0000  7.4054
 84  76  0.2936  0.4856  7.3576
 92  76  0.0849 -0.1267 23.2041
100  76 -0.5000  0.0000  8.8276
108  76  0.0000 -0.1960 11.1304
116  76  0.0375  0.0000 12.0628
124  76 -0.1841 -0.0418 12.3683
132  76  0.0000 -0.1222 15.2583
140  76  0.1835  0.0000 11.9011
148  76  0.1637 -0.1079 11.9070
156  76 -0.3127  0.1061  9.8739
164  76  0.1305  0.0923  7.4950
172  76 -0.1353  0.0000  0.0000
180  76 -0.5000  2.5000  4.0635
188  76  0.0226 -0.2586 17.1257
196  76 -4.8566 -0.5000  8.3934
204  76 -3.2542  0.0000  0.0000
212  76 -1.3469  0.0000  0.0000
220  76 -0.2684  0.0000  0.0000
228  76  2.1728  0.0000  0.0000
236  76  1.4383  0.0000  0.0000
244  76  0.5538  0.0000  0.0000
252  76  0.2355  0.0000  0.0000
260  76 -0.1089  0.0000  0.0000
268  76 -0.0859  0.0000  0.0000
276  76  0.3577  0.0000 13.4737
284  76  0.0703  0.0000  0.0000
292  76  0.1717 -0.4043 10.4490
  4  84  0.2249  0.0000  0.0000
 12  84  0.2800  0.0000 11.1304
 20  84  0.2488  0.0000 11.1304
 28  84  0.1893  0.0000  0.0000
 36  84  0.1146  0.0101 17.4161
 44  84  0.0000  1.6236  7.0459
 52  84  0.0557  0.0193 15.2661
 60  84  0.1241  0.0900  9.7710
 68  84  0.5686 -0.7911  7.9265
 76  84 -0.1441 -0.2174 12.1905
 84  84 -0.1008  0.0000  9.3822
 92  84  0.2270 -0.3810  9.8547
100  84  0.0953  0.0000 11.1304
108  84 -0.1034  0.0000  0.0000
116  84 -0.6153  0.0000  0.0000
124  84 -2.8731  0.0000  0.0000
132  84 -2.2293  0.0000  0.0000
140  84 -0.9696  0.0000  0.0000
148  84 -0.1491  0.0485  9.7953
156  84  0.7592  0.0000  0.0000
164  84  0.5673  0.0000 11.1304
172  84  0.2832  0.3527 11.1304
180  84  0.1603 -0.1082 13.9738
188  84 -0.2580  0.0000  0.0000
196  84 -0.3432  0.0000  0.0000
204  84 -0.2148  0.0000  0.0000
212  84 -0.5000 -0.5000  4.0635
220  84 -0.3064  0.0000  0.0000
228  84  0.0000 -0.5000  8.8276
236  84  0.1097  0.0000  0.0000
244  84  0.3740  0.0000  0.0000
252  84  1.1906  0.0000  0.0000
260  84  2.5000  0.0000  8.8276
268  84 -1.5000  0.0000  8.2581
276  84  0.0000 -0.5000  8.8276
284  84  1.0330  0.0000  0.0000
292  84  1.7690  0.0000 11.1304
  4  92  1.1201  0.0000  0.0000
 12  92  0.7599  0.0000  0.0000
 20  92  0.0546 -0.1876 14.0829
 28  92  0.2350  0.0000 16.1088
 36  92  0.4681  0.0000  9.5738
 44  92 -0.0410  0.2036 12.9372
 52  92 -0.3145  0.0000  9.1653
 60  92 -0.2226 -0.0594  7.2146
 68  92  0.1111  0.0851 13.6217
 76  92 -0.0306  0.0545  8.5333
 84  92  0.0214  0.4361  8.9438
 92  92 -0.1793  0.6477  7.7576
100  92 -0.0311  0.3888  7.7057
108  92 -0.4604  0.0000  9.4208
116  92 -0.1151  0.1151 16.5161
124  92 -0.3795  0.0000  0.0000
132  92 -0.2795  0.0000  0.0000
140  92 -0.1841  0.0418 12.3683
148  92 -0.5000  0.2012  9.9121
156  92 -0.3270  0.0000  0.0000
164  92 -0.2980  0.0000  0.0000
172  92 -0.2624  0.0000  0.0000
180  92  0.0000 -0.5000  8.8276
188  92  0.5382  0.0000  0.0000
196  92 -0.8556  0.0000  0.0000
204  92  0.1459  0.0000  0.0000
212  92  1.4986  0.0000  0.0000
220  92  2.5000  0.0000  8.8276
228  92  1.8318  5.1203  5.4468
236  92  1.9331  0.0000  0.0000
244  92  0.4184  0.0000 11.1304
252  92  0.2908  0.0000  0.0000
260  92  0.3435  0.0000  0.0000
268  92  0.5182  0.0000  0.0000
276  92  0.5946  0.0000  0.0000
284  92  0.0000 -0.5000  8.8276
292  92 -0.0675  0.0000  0.0000
  4 100 -0.2259 -0.0134 13.2809
 12 100 -0.0192  0.1864 11.8154
 20 100  0.0323 -0.8247 13.6170
 28 100 -0.0497 -0.0256 11.8801
 36 100  0.0000  0.0000  8.7009
 44 100  2.5000 -0.1588 10.5785
 52 100  0.2907 -0.0403 10.5761
 60 100 -0.0570  0.0000 10.0356
 68 100  0.0120  0.0000  7.4054
 76 100  0.0000  0.5000  8.0688
 84 100 -0.1742  0.0000  0.0000
 92 100 -0.2932  0.0000  0.0000
100 100 -0.1142 -0.1142 10.6035
108 100  1.3070 -0.0337 12.4709
116 100  0.1841  0.0418 12.3683
124 100 -0.3145 -1.6511  7.8160
132 100  0.0130  0.0000 11.9011
140 100  0.3127  0.1061  9.8739
148 100 -1.1711  0.0215 11.8291
156 100  0.2780  0.1270 13.3759
164 100  2.5000  0.0000  8.8276
172 100  0.0000 -0.5000  8.8276
180 100  0.2163  1.7528 13.1959
188 100  0.0641  0.9597  9.6280
196 100  0.9485  0.0000  0.0000
204 100  1.5225  0.0000  0.0000
212 100  0.3220  0.0000  0.0000
220 100 -0.2394  0.0000  0.0000
228 100 -0.6134  0.0000 11.1304
236 100 -0.2571 -0.1311  7.2040
244 100  0.2951 -0.3304 10.0932
252 100 -0.5127  0.0000  0.0000
260 100  1.3055  0.0000  0.0000
268 100  1.9405  0.0000  0.0000
276 100  0.8019  0.0000  0.0000
284 100  0.2465  0.0000  0.0000
292 100  0.1277  0.0000 11.1304
  4 108  0.0703  0.0000  0.0000
 12 108 -0.0358  0.0000  0.0000
 20 108 -0.1736 -0.0058 10.3689
 28 108 -0.1460  0.4252  8.1920
 36 108  1.6153  0.0000 20.7059
 44 108  2.5000 -0.3577 12.8000
 52 108  1.1763  0.0000  0.0000
 60 108  0.1730  0.0000  0.0000
 68 108 -0.3602  0.0000  0.0000
 76 108 -1.0300  0.0000  0.0000
 84 108  0.5252  0.0000  0.0000
 92 108 -0.1760  0.0000 15.0588
100 108  0.0345  0.1995  8.4703
108 108  0.1696  0.0000 12.5902
116 108  0.2321  0.0000 11.1304
124 108  1.2463  0.0000  0.0000
132 108  2.5000  0.0000  8.8276
140 108  0.2780 -0.1270 13.3759
148 108  0.0000 -0.5000  8.8276
156 108  0.4681  0.0000  9.5738
164 108  4.5000  4.5000  4.0635
172 108  2.1354  0.0000  0.0000
180 108 -0.5000  0.0000 11.1304
188 108  1.5000 -1.0000  7.4357
196 108  1.1001  0.0000  0.0000
204 108  0.6784  0.0000  0.0000
212 108  0.2806  0.0000  0.0000
220 108  0.1611  0.0000  0.0000
228 108  0.0701  0.0000  0.0000
236 108  0.1399  0.0000  0.0000
244 108 -0.0906  0.0000  0.0000
252 108 -0.5000 -0.5000  4.0635
260 108  0.9351  0.0000  0.0000
268 108  1.8530  0.0000  0.0000
276 108  1.4892  0.0000  0.0000
284 108  0.3468 -0.5000 10.2045
292 108 -0.1292  0.0000  0.0000
  4 116 -0.5000  4.5000  4.0635
 12 116  2.5000  0.0000  8.8276
 20 116 -1.0756  0.0431  7.0865
 28 116 -0.5171  0.0000 11.9011
 36 116 -0.5000  0.0000  8.8276
 44 116 -0.4363  0.4002  8.0688
 52 116  0.0000  2.5000  8.8276
 60 116  0.8763  0.0000  0.0000
 68 116 -0.1178  0.0000 11.1304
 76 116 -0.5000  4.5000  4.0635
 84 116  0.8212  0.0000 11.9011
 92 116  0.3136  0.1275  6.9093
100 116  0.5965  0.0000  0.0000
108 116  0.6907  0.2991  8.0688
116 116  0.6815  0.0000 11.1304
124 116  0.0000 -0.5000  8.8276
132 116  0.5092  0.0000  0.0000
140 116  0.2802  0.0546 12.7691
148 116  0.1960 -0.5000 11.1304
156 116  0.0385 -0.0278 13.8942
164 116  0.5890  0.0000  0.0000
172 116  0.5000  0.0000  8.4768
180 116  0.0084  0.0000  0.0000
188 116  0.6141  0.0000 11.1304
196 116  1.0784  0.0000  0.0000
204 116  2.0621  0.0000  0.0000
212 116  1.6140  0.0000  0.0000
220 116  1.2397  0.0000  0.0000
228 116  0.1308  0.0000  0.0000
236 116  1.0592  0.0000  0.0000
244 116  0.9823  0.0000  0.0000
252 116  0.9771  0.0000  0.0000
260 116 -0.3430  0.0000  0.0000
268 116 -0.5000  0.1180  9.2850
276 116 -0.5000  0.1180  9.2850
284 116  0.0382 -0.1028 16.6166
292 116 -0.0823  0.0000  0.0000
  4 124  0.7275  0.0000  0.0000
 12 124  3.1286  0.1797  6.2754
 20 124 -0.2371  0.1911 13.1676
 28 124 -0.2308  0.0000  0.0000
 36 124 -0.0913  0.2044 18.7317
 44 124  0.1151  0.0000  9.4118
 52 124 -1.3411  0.0000  0.0000
 60 124  1.0802  0.0000 11.1304
 68 124  0.9342  0.0000  0.0000
 76 124  0.0720  0.0000 16.1088
 84 124 -0.0668  0.0000 11.1304
 92 124  1.1059  0.0000  0.0000
100 124  0.0000 -0.5000  8.8276
108 124 -0.0832 -0.3131  9.8462
116 124  0.3696  0.2945  8.0000
124 124 -0.0048 -0.0980 12.4508
132 124  2.5000  0.0000  8.8276
140 124  2.0886  0.0000  0.0000
148 124  2.3162 -0.1023  9.7439
156 124 -0.2617  0.9405  7.8528
164 124 -0.5000  0.0000 11.1304
172 124  2.5000 -0.5000  4.0635
180 124  2.5000  0.0000  8.8276
188 124 -0.5000  0.0000  8.8276
196 124 -0.6211  0.0000  0.0000
204 124 -0.6572  0.0000  0.0000
212 124 -0.6326  0.0000  0.0000
220 124 -0.7428  0.0000 11.1304
228 124 -0.5000  0.0000  8.8276
236 124  1.0134  0.0000 11.1304
244 124 -0.0448  0.0000 11.1304
252 124  0.1234  0.0000 11.1304
260 124  1.5000 -0.0448  8.9013
268 124  0.1164  0.1209  7.1069
276 124 -3.4179 -0.0666 10.9194
284 124  2.5000  0.0000  8.8276
292 124  1.7065  0.0000 11.1304
  4 132 -0.1028 -0.1893  9.9683
 12 132 -0.3732 -0.5000  9.6402
 20 132  2.5000  0.0000  8.8276
 28 132 -0.1151 -0.1151 16.5161
 36 132  0.1305 -0.0124  9.7363
 44 132  0.1421  0.0000  0.0000
 52 132 -0.0829  0.0000  0.0000
 60 132  0.6138  0.0000  0.0000
 68 132 -0.1180  2.5000  9.2850
 76 132  0.5526  0.0000 16.1088
 84 132 -0.2588  0.0000  0.0000
 92 132 -0.3466  0.0000  0.0000
100 132  0.4626  0.0000  0.0000
108 132 -0.0076  0.0480 12.0923
116 132  0.1738  0.0482 11.6752
124 132  0.0186  0.3409  9.6358
132 132 -0.2776  0.0000  0.0000
140 132 -0.6024  0.0000  0.0000
148 132 -0.5065  0.0000  0.0000
156 132  0.0706  0.0000  0.0000
164 132  0.2780  0.1270 13.3759
172 132 -0.0316  0.0000  0.0000
180 132 -0.1095  0.0000 11.1304
188 132 -0.5000 -0.5000  4.0635
196 132 -0.6640  0.0000  0.0000
204 132 -1.6099  0.0000  0.0000
212 132  1.2105  0.0000  0.0000
220 132  1.3499  0.0000 11.1304
228 132  0.5931  0.0000  0.0000
236 132  0.7128  0.0000  0.0000
244 132  1.8312  0.0000  0.0000
252 132  0.5672  0.0000  0.0000
260 132  0.1990  0.0000  0.0000
268 132  0.0763  3.0607  6.9728
276 132 -0.0932  0.0000  0.0000
284 132  0.0048  0.0000  0.0000
292 132 -0.2911  0.0000  0.0000
  4 140 -0.0127  0.0000  0.0000
 12 140 -0.0611  0.0000  0.0000
 20 140  0.1439 -0.0853 11.4193
 28 140  0.0610 -1.0000  8.9210
 36 140  1.8591  0.0000  0.0000
 44 140  1.1365  0.0000  0.0000
 52 140 -0.2250  0.0000  0.0000
 60 140  0.2271 -0.5000  9.5143
 68 140 -0.0832 -0.3131  9.8462
 76 140  0.3771  0.0000  0.0000
 84 140  1.9825  0.0000  0.0000
 92 140  1.3653  0.0000  0.0000
100 140  0.3948  0.0000  0.0000
108 140  0.0928  0.0822  7.6180
116 140 -0.1904 -0.2337  7.8298
124 140 -0.5000  0.1588 10.5785
132 140 -0.5723  0.0000  0.0000
140 140  0.6302  0.0000  0.0000
148 140  0.9196  0.0000  0.0000
156 140  0.9501  0.0000  0.0000
164 140  1.5000  0.0000  8.2581
172 140  1.7529  5.1203  5.4468
180 140  0.8584  0.0000  0.0000
188 140  0.1412  0.0000  0.0000
196 140 -0.0420  0.0000  0.0000
204 140 -0.0709  0.0000  0.0000
212 140  0.0000 -0.0637  6.1029
220 140 -0.1138 -0.0357 15.5152
228 140 -0.0963  0.0000  0.0000
236 140 -0.1268  0.0000  0.0000
244 140 -0.3685  0.0000  0.0000
252 140 -0.5000 -0.5000  4.0635
260 140  5.0000 -0.5000  8.8276
268 140  2.5565  0.0000  0.0000
276 140 -0.5000 -0.5000  4.0635
284 140  1.3984  0.0000 11.1304
292 140  1.5118  0.0000 16.1088
  4 148  1.5000  4.5000  4.0635
 12 148  4.5000 -0.1174 13.8795
 20 148  2.3035  0.0000 16.1088
 28 148  0.2578  0.0000  0.0000
 36 148 -0.5000  0.0000  8.8276
 44 148  2.5000  0.0000  8.8276
 52 148 -0.6616  0.0000  0.0000
 60 148 -0.1912  0.0000 12.4272
 68 148  0.4711  0.0000  0.0000
 76 148  0.4462  0.0000  0.0000
 84 148  0.8003  0.0000  0.0000
 92 148  2.1012  0.0000  0.0000
100 148  2.0007  0.0000  0.0000
108 148  1.0059  0.0000  0.0000
116 148  0.0000  2.5000  8.8276
124 148 -0.0898  0.0000  0.0000
132 148 -0.0485  0.0000  0.0000
140 148 -0.0529  0.0000  0.0000
148 148 -0.1697  0.0000  0.0000
156 148 -0.1422  0.0000  0.0000
164 148  0.1949 -0.2893  7.9785
172 148  0.8051  0.0000  0.0000
180 148  2.5000  4.5000  4.0635
188 148  4.5329  0.0000 11.1304
196 148  3.3746  0.0000 11.1304
204 148  2.7012  0.0000  0.0000
212 148  5.0000  0.1876  8.5995
220 148  4.3757  0.0000  0.0000
228 148  3.7900  0.0000  0.0000
236 148  3.8925  0.0000  0.0000
244 148  1.2879  0.0000  0.0000
252 148 -0.1130  0.0000  0.0000
260 148 -0.1603  0.0000  0.0000
268 148  1.9077  0.0000  0.0000
276 148 -0.8644  0.0000  0.0000
284 148 -0.0322  0.0000  0.0000
292 148  0.6864  0.0000 11.1304
  4 156 -0.1638  3.0000 12.9740
 12 156  0.0000  1.2678  8.2581
 20 156  2.5000  0.1180  9.2850
 28 156  2.0998  0.0000  0.0000
 36 156  1.1640  0.0000  0.0000
 44 156  0.3680  0.0000  0.0000
 52 156  0.1798  0.0246 17.0238
 60 156  0.1266  0.0000 16.1088
 68 156 -0.0734  0.0000  0.0000
 76 156 -0.4661  0.0000  0.0000
 84 156 -0.7690  0.0000  0.0000
 92 156 -0.8262  0.0000  0.0000
100 156  0.0000  2.5000  8.8276
108 156  1.4925  0.0000  0.0000
116 156  2.5880  0.0000  0.0000
124 156  2.1506  0.0000  0.0000
132 156  2.7774  0.0000  0.0000
140 156  4.6280  0.0000  0.0000
148 156  5.1043  0.0000  0.0000
156 156  4.8611  0.0000  0.0000
164 156  3.5693  0.0000 11.1304
172 156 -0.3732  0.5000  9.6402
180 156 -0.6143  0.0000  0.0000
188 156 -0.2559  0.0000 11.1304
196 156  0.6921  0.0000  0.0000
204 156 -0.7937  0.0000  0.0000
212 156  0.1434  2.5000  8.3934
220 156  1.5000 -0.5000  7.1627
228 156 -0.5000 -0.5000  4.0635
236 156 -0.6023  0.0000  0.0000
244 156  0.6131  0.0000  0.0000
252 156  0.9876  0.0000  0.0000
260 156  0.7644  0.0000  0.0000
268 156  0.3961  0.0000  0.0000
276 156  0.3509  0.0000  0.0000
284 156  0.4079  0.0000  0.0000
292 156  0.0000 -0.5000  4.0635
  4 164 -0.7829 -0.1577  5.4468
 12 164 -1.5508  0.0000  0.0000
 20 164 -2.7003 -0.2026  4.0635
 28 164 -2.1043  0.0000  0.0000
 36 164 -0.6942  0.0000  0.0000
 44 164  0.2780 -0.1270 13.3759
 52 164 -0.3301 -0.2286  8.0000
 60 164  1.0423  0.0000  0.0000
 68 164  2.9875  0.0000  0.0000
 76 164  4.4496  0.0000  0.0000
 84 164  5.1987  0.0000  0.0000
 92 164  4.5000 -0.5000  4.0635
100 164 -0.5000  4.5000  4.0635
108 164 -0.1151  0.0000  9.4118
116 164 -0.1334  0.0000  0.0000
124 164 -0.1677  0.0000  0.0000
132 164 -0.0379  0.0000  0.0000
140 164  0.5136  0.0000  0.0000
148 164  0.9089  0.0000  0.0000
156 164  0.0000  3.0000 11.1304
164 164 -0.4363 -0.4002  8.0688
172 164 -0.5000  2.0000  4.0635
180 164  0.1334  0.0000 11.1304
188 164  0.3173  0.0000  0.0000
196 164  0.1288  0.0000  0.0000
204 164  0.3777  0.0000  0.0000
212 164  0.9477  0.0000  0.0000
220 164  0.1050 -0.5000  6.8903
228 164 -0.7335  0.0000  0.0000
236 164 -1.4165  0.0000  0.0000
244 164 -4.5859  0.0000  0.0000
252 164 -4.0115  0.0000  0.0000
260 164 -2.5480  0.0000  0.0000
268 164 -1.6053  0.0000  0.0000
276 164 -1.5186  0.0000  0.0000
284 164 -0.6274  0.0000  0.0000
292 164  0.8456  0.0000  0.0000
  4 172  2.6180  0.0000  0.0000
 12 172  3.8862  0.0000  0.0000
 20 172  3.1132  0.0000  0.0000
 28 172 -0.0418 -0.1521 12.6567
 36 172 -0.0790  0.0000 11.1304
 44 172 -0.0452  0.1188 13.2497
 52 172 -0.5000  0.0000  8.8276
 60 172  1.2006  0.0000  0.0000
 68 172  0.9595  0.0000  0.0000
 76 172  0.6164  0.0000  0.0000
 84 172  0.6669  0.0000  0.0000
 92 172  2.5000 -0.5000  4.0635
100 172  0.8613  0.0000  0.0000
108 172  0.3761  0.0000  0.0000
116 172  0.2020  0.0000  0.0000
124 172 -0.4980  0.0000  0.0000
132 172  0.0571  0.0000  0.0000
140 172  2.5000  0.0000  8.8276
148 172  2.1861  0.0000  0.0000
156 172  0.4240  0.3567  6.7733
164 172  1.1373 -0.3364  7.6308
172 172 -4.8566 -0.5000  8.3934
180 172 -3.7583  0.0000  0.0000
188 172 -2.5821  0.0000  0.0000
196 172 -1.9962  0.0000  0.0000
204 172 -2.0345  0.0000  0.0000
212 172 -2.0269  0.0000 11.1304
220 172 -1.6394  0.0000  0.0000
228 172 -0.0832  0.3131  9.8462
236 172  2.5139  0.0000  0.0000
244 172  2.5556  0.0000  0.0000
252 172  1.0932  0.0000  0.0000
260 172  0.6443  0.0000  0.0000
268 172  0.3889  0.0000  0.0000
276 172 -0.0828  0.0000  0.0000
284 172  2.7999  0.0000  0.0000
292 172  1.5781  0.0000  0.0000
  4 180  0.1095  0.0000  6.1440
 12 180 -0.5000  0.3468 10.2045
 20 180  2.5000 -3.0000  4.0635
 28 180  0.5000 -2.5000  4.3390
 36 180  0.1068 -0.3135 15.1963
 44 180 -0.0832 -0.3131  9.8462
 52 180 -2.0287  0.0000  8.2581
 60 180 -1.8923  0.0000  0.0000
 68 180  3.4614  0.0000  0.0000
 76 180  4.5000 -0.5000  4.0635
 84 180  1.8669  0.0000  0.0000
 92 180  2.9726  0.0000  0.0000
100 180  4.5000 -0.5000  4.0635
108 180  0.9454  0.0000  0.0000
116 180 -0.4116  0.0000  0.0000
124 180 -0.8389  0.0000  0.0000
132 180 -1.4487  0.0000  0.0000
140 180 -2.4700  0.0000  0.0000
148 180 -3.9614  0.0000  0.0000
156 180 -5.2857  0.3883  5.8926
164 180  1.3168  0.0000  8.2581
172 180  2.2158  0.0000  0.0000
180 180  1.7709  0.0000  0.0000
188 180  1.4214  0.0000  0.0000
196 180  1.0177  0.0000  0.0000
204 180  0.5589  0.0000  0.0000
212 180  4.5670  0.0000  8.4768
220 180  2.6275  0.1048 13.8378
228 180  0.4461  0.0000  0.0000
236 180  0.1087  0.0000  0.0000
244 180  0.4348  0.0000  0.0000
252 180 -0.3061  0.0000  0.0000
260 180 -0.5525  0.0000  0.0000
268 180 -1.5050  0.0000  0.0000
276 180 -3.8778  0.0000  0.0000
284 180 -5.0000  0.0000 11.1304
292 180  4.5000 -0.5000  4.0635
  4 188  4.2304  0.0000 11.1304
 12 188  0.0000  2.5000  8.8276
 20 188 -0.5000  4.5000  4.0635
 28 188  0.0000  5.0000 11.1304
 36 188  0.1825 -0.2174 12.5315
 44 188  0.5345  0.0000  0.0000
 52 188  0.7991  0.0000  0.0000
 60 188  0.4003  0.0000  0.0000
 68 188 -0.4281  0.0000 11.1304
 76 188 -0.9572  0.0000  0.0000
 84 188  0.1063  0.0000  6.9728
 92 188  1.1504  0.0000  0.0000
100 188  1.4521  0.0000  0.0000
108 188  1.8213  0.0000 11.1304
116 188  1.9503  0.0000  0.0000
124 188  1.5105  0.0000  0.0000
132 188  0.9215  0.0000  0.0000
140 188  6.1252  0.0000  0.0000
148 188  2.8819  0.0000  0.0000
156 188  0.0000 -0.5000  8.8276
164 188  0.2730  0.0000 10.6474
172 188 -1.7402  0.0000  0.0000
180 188 -1.3689  0.0000  0.0000
188 188 -0.5000  0.0000  8.8276
196 188 -0.8064  0.0000  0.0000
204 188 -1.4425  0.0000  0.0000
212 188 -0.2780 -0.1270 13.3759
220 188  3.9005  0.0000  0.0000
228 188  4.8983  0.0000  0.0000
236 188  4.5000  4.5000  4.0635
244 188  1.4168  0.0000  0.0000
252 188  1.0563  0.0000  0.0000
260 188  0.8786  0.0000  0.0000
268 188  1.7464  0.0000  0.0000
276 188  2.8120  0.0000  0.0000
284 188  2.6257  0.0000  0.0000
292 188  1.6926  0.0000 11.1304
  4 196  0.5606  0.0000  0.0000
 12 196  0.0391 -2.5000  9.3822
 20 196 -0.4043  0.4043  8.0000
 28 196  0.0391  2.5000  9.3822
 36 196  1.5000 -0.5000  8.2581
 44 196  2.3123  0.0000  0.0000
 52 196  1.7125  0.0000 11.1304
 60 196  0.6927  0.0000  0.0000
 68 196  8.1343  0.0000 16.1088
 76 196  3.6472  0.0000  0.0000
 84 196 -0.2400  0.0000 11.1304
 92 196 -1.6705  0.0000  0.0000
100 196 -4.3986 -5.1571 14.8519
108 196 -1.9689  0.0000  0.0000
116 196  0.0000  2.5000  8.8276
124 196  0.3744  0.0000 11.1304
132 196  0.4166  0.0000  0.0000
140 196  0.8962  0.0000  0.0000
148 196  2.1078  0.0000  0.0000
156 196  2.4341  0.0000  0.0000
164 196  1.9214  0.0000  9.4208
172 196  0.4184  0.0000  0.0000
180 196  2.5922  0.0000  0.0000
188 196  1.2631  0.0000  0.0000
196 196  2.4276  0.0000  0.0000
204 196  4.5000  4.5000  4.0635
212 196  4.4436  0.0000  0.0000
220 196  3.4562  0.0000  0.0000
228 196  1.5000  0.3694  7.6715
236 196  0.0175  0.0000  0.0000
244 196 -0.6366  0.0000 11.1304
252 196 -0.2065  0.0000  0.0000
260 196  1.2273  0.0000  0.0000
268 196  2.5000  0.0000 11.1304
276 196  1.5007  0.0000  0.0000
284 196  0.0000 -0.5000  8.8276
292 196 10.3821  0.0000 11.1304
  4 204  4.9764  0.0000  0.0000
 12 204  0.1313 -0.0812 16.9211
 20 204  0.0000 -0.5000  8.8276
 28 204  0.0000 -0.5000  8.8276
 36 204  0.3223  2.5000  5.4468
 44 204  0.7145  0.0000  0.0000
 52 204  1.2994  0.0000  0.0000
 60 204  1.5828  0.0000 16.1088
 68 204  0.8977  0.0000  0.0000
 76 204  0.1746  0.0000  0.0000
 84 204 -0.1434  3.5000  8.3934
 92 204 -0.9971  0.0000  0.0000
100 204 -2.3143  4.4105 11.5371
108 204  4.5000  0.2391  8.2581
116 204  0.1313 -0.0812 16.9211
124 204  1.5339  0.0000 11.1304
132 204  3.7854  0.0000  0.0000
140 204  4.7609  0.0000  0.0000
148 204  4.7096  0.0000  0.0000
156 204  2.4191  0.0000  0.0000
164 204  0.0788 -0.2077  9.6936
172 204 -0.6791  0.0000  0.0000
180 204 -0.5697  0.0000  0.0000
188 204  0.2382  0.0000 11.1304
196 204  0.7823  0.0000 11.1304
204 204  0.4814  0.0000  0.0000
212 204 -0.1950  0.0000  0.0000
220 204 11.4925  0.0000  0.0000
228 204  6.4611 -0.5000  8.0397
236 204  1.2189  0.0000  0.0000
244 204 -0.0832  0.3131  9.8462
252 204  0.3627  0.0000  0.0000
260 204  0.4698  0.0000  0.0000
268 204  0.5000  0.0000  8.4768
276 204  1.6572  0.0000 11.1304
284 204  2.5000  0.0000  8.8276
292 204  0.9891  0.0000 11.1304
  4 212 -0.5000  0.0000  8.8276
 12 212  0.8899  0.5000  4.7533
 20 212  0.0000  2.5000  8.8276
 28 212 -0.7542  0.0000  0.0000
 36 212  1.4841  0.0000  0.0000
 44 212  0.2016  0.0000  0.0000
 52 212  1.0101  0.0000 11.1304
 60 212  2.5000  0.0000  8.8276
 68 212  3.5427  0.0000 11.1304
 76 212  4.8207  0.3487  8.0000
 84 212  2.4670  0.0000  0.0000
 92 212  0.3514  0.0000  0.0000
100 212 -0.5000 -5.0391  9.3822
108 212 -0.6683  0.0000  0.0000
116 212 -0.1063  5.0000  6.9728
124 212 -0.5739  0.0000 11.1304
132 212 -0.3862  0.0000  0.0000
140 212 -0.1369  0.0000  0.0000
148 212  9.3734  0.0000  0.0000
156 212  4.4263  0.0000  0.0000
164 212  0.2488  0.3400  9.1467
172 212  0.0000 -0.5000  8.8276
180 212  0.5509  0.0000  0.0000
188 212  0.3904  0.0000 11.1304
196 212  0.5356  0.0000  0.0000
204 212  1.3971  0.0000  0.0000
212 212  1.9724  0.0000  0.0000
220 212  1.2606  0.0000  0.0000
228 212  0.5000  0.0000 11.1304
236 212  0.9048  0.0000  0.0000
244 212  0.5000  0.0000  0.0000
252 212  0.0000 -0.5000  8.8276
260 212 -0.5000 -0.5000  4.0635
268 212 -0.3178  0.0000  0.0000
276 212  0.2212  0.0000  0.0000
284 212  0.1495  0.0000  0.0000
292 212 -0.5000  0.0000  8.8276
  4 220  0.0000  2.5000  8.8276
 12 220 -0.2733  0.0000  0.0000
 20 220 -0.7441  0.0000  0.0000
 28 220 -0.6789  0.0000 11.1304
 36 220  0.0000 -0.5000  8.8276
 44 220  2.5000 -4.8879  4.3390
 52 220 -0.5000 -0.1588 10.5785
 60 220 -0.4182  0.0000 11.1304
 68 220  0.1533  0.5000  8.0910
 76 220  5.6627  0.0000  0.0000
 84 220  1.6685  0.0000 11.1304
 92 220 -0.7341  0.0000 11.1304
100 220  0.0000  2.5000  8.8276
108 220  1.5000  0.0000  8.2581
116 220  0.0000 -0.5000  4.0635
124 220  0.0880  0.0000  4.8917
132 220  0.9834  0.0000  0.0000
140 220  1.6727  0.0000  0.0000
148 220  1.5818  0.0000  0.0000
156 220  1.1962  0.0000  0.0000
164 220  1.0000  0.0000  9.2850
172 220  0.6161  0.0000  0.0000
180 220 -0.0727  0.0000  0.0000
188 220 -0.7039  0.0000  0.0000
196 220 -0.0886  0.0000  0.0000
204 220  0.5000  0.0000 11.1304
212 220 -1.3165  0.0000  0.0000
220 220 -3.4104  0.0000  0.0000
228 220 -3.9607  0.0000 11.1304
236 220 -3.4280  0.0000  0.0000
244 220 -2.3597  0.0000  0.0000
252 220 -0.6914  0.0000 16.1088
260 220  1.6253  0.0000  0.0000
268 220  3.8590  0.0000 11.1304
276 220  2.5000  0.0000  8.8276
284 220  0.7861  0.0000  0.0000
292 220 -0.2422  0.0000  0.0000
