VARIABLES= "X pix", "Y pix", "U pix/dt", "V pix/dt", "CHC", ZONE I=28, J=37
  4   4  0.0508 -0.0205 10.9234
 12   4 -0.0039 -0.0370 11.2160
 20   4 -0.0200  0.0000 10.8930
 28   4 -0.0350  0.0000 10.9523
 36   4  0.0062 -0.0347 11.0529
 44   4  0.0444  0.0000 11.0456
 52   4  0.0121 -0.0123 10.9632
 60   4  0.0039 -0.0274 10.7908
 68   4  0.0437 -0.0128 10.9762
 76   4 -0.0437 -0.0120 10.9878
 84   4  0.0000 -0.0014 12.6177
 92   4  0.0043  0.0517 12.2754
100   4 -0.0056  0.0667 12.7415
108   4  0.0000  0.0374 13.1398
116   4  0.0011  0.0070 11.1617
124   4  0.1081  0.0000 11.0456
132   4  0.1493  0.0000 11.0456
140   4 -0.0093 -0.0131 11.5298
148   4  0.0000 -0.0209 11.8613
156   4  0.0000 -0.0219 12.0461
164   4 -0.0744  0.0000 11.7754
172   4  0.0149  0.0000 11.0965
180   4 -0.0045  0.0011 11.7517
188   4 -0.0256  0.0000 10.8101
196   4  0.0422  0.0024 11.8849
204   4 -0.0012  0.0000 11.7754
212   4 -0.0086 -0.0324 11.5047
220   4 -0.0394  0.0010 11.9070
228   4  0.0029  0.1435  9.8455
236   4  0.0175 -0.0260  8.8427
244   4  0.0000  0.0084  8.5649
252   4 -0.0512 -0.0099 11.1667
260   4 -0.0729  0.0041 10.5894
268   4 -0.0109  0.1410 11.2912
276   4  0.0000  0.0448 11.8022
284   4  0.0063  0.0185 12.8681
292   4 -0.0499  0.0109 12.3199
  4  12  0.1228 -0.0250  9.1468
 12  12  0.0073 -0.0582 11.6498
 20  12 -0.0136 -0.0038 11.2490
 28  12 -0.0396 -0.0166 12.5773
 36  12  0.1076 -0.0110 15.8779
 44  12  0.0467 -0.1960 16.5070
 52  12  0.0963 -0.0288 16.0093
 60  12  0.1956  0.0144  9.6542
 68  12  0.0135 -0.0746 15.3894
 76  12  0.0608 -0.0842 11.8325
 84  12  0.0000 -0.0143  8.7385
 92  12 -0.1319 -0.0352  8.6384
100  12  0.0576 -0.0447  9.0393
108  12  0.0100 -0.1382 10.1040
116  12 -0.0368  0.0571 10.4460
124  12  0.1381  0.0102 10.1901
132  12  0.0000 -0.0803 10.8572
140  12  0.0000  0.0129 12.3195
148  12  0.0000 -0.0483 11.8239
156  12  0.0390  0.0000 11.0129
164  12  0.0540  0.0467 13.1365
172  12 -0.0389 -0.0075  9.3914
180  12  0.0172  0.0006 11.1407
188  12  0.0414  0.0600 11.7245
196  12 -0.1771  0.0060 10.1087
204  12 -0.0243  0.0048 10.6142
212  12  0.0374  0.2309 12.4323
220  12 -0.0816 -0.1201 15.4232
228  12  0.0217 -0.2800 10.3079
236  12 -0.0770  0.5824 10.0779
244  12  0.0289  0.0058 10.9237
252  12  0.0417 -0.0834 11.6060
260  12  0.0434  0.2080  9.3513
268  12  0.0061  0.0000 11.6888
276  12 -0.0030 -0.0045 10.5375
284  12  0.0217  0.0993  7.8848
292  12  0.0000  0.3467  7.1614
  4  20  0.1284  0.0236 17.2556
 12  20  0.0106 -0.0019 13.8938
 20  20  0.0000  0.1105 12.3481
 28  20 -0.0425 -0.0496 13.9417
 36  20  0.0084 -0.0578 12.6066
 44  20  0.0210 -0.0041 12.5057
 52  20 -0.0043 -0.0548 13.4937
 60  20  0.0695  0.0000 16.3902
 68  20  0.0320  0.0124 16.5326
 76  20 -0.0353  0.0125 18.1103
 84  20 -0.0020  0.0275 14.8176
 92  20 -0.0554  0.0297 14.1970
100  20  0.1429 -0.0254 11.2639
108  20 -0.0116 -0.0073 10.4663
116  20  0.0034  0.0084 13.9937
124  20  0.0238  0.0195 13.3719
132  20 -0.0221  0.0001 13.0182
140  20  0.0321  0.0134 12.6820
148  20 -0.0176 -0.0148 13.8152
156  20 -0.0008 -0.0103 12.9558
164  20  0.0167 -0.0560 14.1107
172  20  0.1692 -0.0210 13.9332
180  20  0.0771  0.0437 12.9521
188  20 -0.0041 -0.0123 18.4103
196  20 -0.0186 -0.0021 17.2869
204  20 -0.0289  0.0006 19.4430
212  20  0.0440 -0.0415 18.4684
220  20  0.0238 -0.0029 30.2017
228  20  0.0000 -0.3422 22.3689
236  20  0.1072 -0.0572 12.7163
244  20  0.0609 -0.0594 14.9006
252  20  0.0223 -0.0619 14.8001
260  20  0.0536  0.0000 10.8169
268  20 -0.0545 -0.0960 11.9975
276  20  0.0668  0.0600 11.8362
284  20  0.2576  0.0562  9.3557
292  20  0.2484  0.1119 10.8730
  4  28 -0.0480 -0.0983  9.6281
 12  28 -0.0272 -0.1440  9.8880
 20  28 -0.0009 -0.0353 10.9618
 28  28  0.0235  0.0046  9.9149
 36  28 -0.0154  0.0135 10.1896
 44  28 -0.0178 -0.0139 10.5652
 52  28  0.0026 -0.0095 10.6047
 60  28 -0.0033  0.0050 10.1699
 68  28 -0.0013  0.0090 10.5780
 76  28 -0.0055  0.0216 10.8190
 84  28  0.0002  0.0192  9.9429
 92  28 -0.0127  0.0043  9.8674
100  28  0.0195 -0.0198 11.6470
108  28  0.0249  0.0164 15.4513
116  28 -0.0056 -0.0059  9.1418
124  28  0.0177  0.0027 10.1126
132  28 -0.1877  0.0000  9.0832
140  28  0.0037 -0.0017  9.4225
148  28  0.0054  0.0165  9.5838
156  28  0.0693 -0.0322 21.4837
164  28  0.1654 -0.0395 14.5323
172  28  0.1614 -0.0453 12.0576
180  28  0.4812 -0.0097 16.8341
188  28  0.1405 -0.1126 21.5708
196  28  0.0300 -0.0143  9.1934
204  28  0.0122 -0.0146  9.8360
212  28  0.0016  0.0011 10.4890
220  28  0.0023  0.0040 11.0860
228  28  0.0276 -0.0016 10.1683
236  28 -0.0180  0.0043  9.9730
244  28  0.0305 -0.0347 10.4816
252  28 -0.0040  0.0261 10.0276
260  28  0.0121 -0.0187 17.3830
268  28  0.0035  0.0325 16.0488
276  28  0.1149 -0.0412 22.9382
284  28  0.0469  0.0475 19.1966
292  28  0.0085  0.0204 13.7547
  4  36 -0.0151  0.0180  7.5846
 12  36 -0.0191 -0.0590  7.7355
 20  36 -0.0298 -0.0085  6.8130
 28  36  0.1884  0.0092  6.6987
 36  36 -0.0475  0.0000  6.5849
 44  36  0.0086 -0.1237  6.2561
 52  36  0.1039 -0.2647  7.0202
 60  36 -0.4564  0.0033  8.1422
 68  36 -0.0960  0.0161  8.0339
 76  36 -0.0388  0.0604  8.2529
 84  36  0.0000 -0.0522 14.2944
 92  36  0.0786  0.0000 11.1784
100  36  0.0199 -0.0433  9.2793
108  36 -0.0888  0.0254  8.1903
116  36  0.0131 -0.0536  8.2509
124  36 -0.0367  0.3574  6.3989
132  36 -0.5000  0.2302  9.0724
140  36  2.3677  0.1145 12.8207
148  36  0.6702  0.0060 12.1592
156  36  0.0816  0.0155 11.3992
164  36  0.0516  0.0199 12.3192
172  36  0.0639  0.0306 16.8416
180  36  0.3612 -0.0410 11.8596
188  36 -0.0078  0.0165  9.8529
196  36  0.3860 -0.0259  9.2703
204  36  0.0000 -0.0156 12.6826
212  36  0.0000  0.1406 11.0077
220  36  0.1275  0.0000 13.3851
228  36 -0.0853  0.0257 15.1402
236  36  0.0364 -0.2387 11.3832
244  36  0.0116  0.0000 11.0903
252  36  0.0969  0.0000 14.4906
260  36 -0.3144 -0.0301  8.4243
268  36 -0.0451  0.0000  8.6413
276  36  0.2188 -0.1227  7.6474
284  36 -0.0217  0.0252  9.0842
292  36  0.0236  0.1022  8.6717
  4  44 -0.0364 -0.2387 11.3832
 12  44  0.0240  0.0000  9.4208
 20  44  0.0420  0.0066 12.1618
 28  44  0.0198  0.0247 15.7992
 36  44 -0.0115 -0.1171 14.2850
 44  44  0.0500  0.0000 10.3707
 52  44  0.0448  0.0118  8.7919
 60  44  0.1140  0.0424  8.5818
 68  44  0.5805  0.0000  7.8049
 76  44 -0.0270  1.1551  6.3519
 84  44 -0.0328  0.5000  9.2632
 92  44  0.0215  0.0000 12.0628
100  44  0.0000  2.5000  8.8276
108  44  0.2323  0.0000 11.1304
116  44  0.1073  0.0000 17.0667
124  44 -0.1255  0.3330 13.4962
132  44 -2.8274  0.3035  7.6077
140  44 -1.1419  0.0000 17.0667
148  44  0.2552 -0.1889  8.5622
156  44  0.1151 -0.0441 16.1359
164  44  0.2857  0.0692  9.2655
172  44  0.1064  0.0202 10.1575
180  44  0.3615 -0.0109  9.2423
188  44 -0.0729 -0.0595 11.0644
196  44 -0.0104 -0.2514  5.9898
204  44  0.0113  0.1289  9.9417
212  44 -0.0571  0.1626  8.3848
220  44 -0.0863  0.0000  8.9436
228  44 -0.0886  0.0155 11.0697
236  44 -0.0040 -0.0091 10.5323
244  44 -0.2820  0.0000 12.4405
252  44 -0.0738  0.0000 19.1591
260  44  0.0364 -0.2387 11.3832
268  44  0.0443  0.0162  8.8356
276  44 -0.1439 -0.0853 11.4193
284  44  2.5000  0.0000  8.8276
292  44 -0.0235  0.3939  8.7892
  4  52 -0.0076  0.1342  9.4536
 12  52 -0.3057  0.0000  8.3451
 20  52  0.0302 -0.1359  6.8571
 28  52 -0.0983  0.6879  9.3209
 36  52  0.0716  0.0000 17.0667
 44  52 -0.1276  0.0000 17.0667
 52  52 -0.4508  0.0000  0.0000
 60  52 -1.3309  0.0000  0.0000
 68  52 -0.2672  0.0000  0.0000
 76  52  0.8338  0.0000 16.1088
 84  52  0.6678  0.0000 11.1304
 92  52  0.4717  0.0000 11.1304
100  52  0.2278  0.0000 11.1304
108  52  0.1146  0.0000  0.0000
116  52 -0.1097  0.0000 16.1088
124  52  0.0626  0.0000 16.7450
132  52  0.0965  0.0000  0.0000
140  52 -0.0271  0.0000  0.0000
148  52 -0.1081  0.1551  5.6802
156  52  0.0716 -0.0231 15.1087
164  52  0.0812  0.2229 14.4857
172  52  0.0072  0.1363  9.0994
180  52  0.0673  0.1185 12.5502
188  52  0.0916 -0.0030 18.2573
196  52 -0.0827  0.0253  6.3811
204  52 -2.6275  0.1048 13.8378
212  52  1.5000  0.3323 11.1304
220  52  2.5000 -0.0145 11.2598
228  52  0.0000  0.0000 11.7732
236  52 -0.4845  0.0000 13.7993
244  52 -0.0036  0.0000 10.8982
252  52  0.0151  0.0000 13.3851
260  52  0.1233  0.0210  9.4616
268  52 -0.2969  0.0000  9.4762
276  52 -0.2406 -0.2536  8.3626
284  52  0.1315 -0.0572 14.9320
292  52  0.8254  0.0000 10.4450
  4  60  1.5000 -0.0448  8.9013
 12  60  0.8530  0.0000 11.1304
 20  60  0.4253  0.0000  0.0000
 28  60  0.1371  0.0000  0.0000
 36  60 -0.3091  0.0000  0.0000
 44  60 -0.5000  0.0000  8.8276
 52  60  0.1286  0.0000  0.0000
 60  60  0.2880  0.0000  0.0000
 68  60  0.0780  0.0000  0.0000
 76  60  0.0000 -0.5000  8.8276
 84  60 -0.3330  0.0000 11.1304
 92  60 -0.1075 -0.4629  8.8276
100  60  5.0000  0.1876  8.5995
108  60 -0.1100  0.3176 14.8312
116  60 -0.2247  0.0000  0.0000
124  60 -0.0696 -0.0812 10.9765
132  60 -1.3333  0.0000  0.0000
140  60  0.0000  0.1936  5.1587
148  60  0.0141  0.0409  7.0602
156  60 -0.0034  0.0596  9.0267
164  60  0.0094  0.0466  8.9269
172  60 -0.0111  0.0514  8.7360
180  60  0.0074  0.0377  8.5141
188  60  0.0133  0.0808  7.6509
196  60 -0.5399  0.0529  7.9384
204  60  0.0000 -0.3810  9.0353
212  60 -0.0350  0.1208  8.2875
220  60  0.5000  1.5650  7.0459
228  60  0.0000  1.7251  8.5018
236  60  0.0235 -0.3939  8.7892
244  60  0.0121 -0.1720  8.1091
252  60 -0.0149  0.2749  9.0775
260  60 -0.9000  0.0000 11.7363
268  60 -1.3219  0.0000 10.8982
276  60  0.0930  0.0258 13.3893
284  60  0.4690  0.0000 15.5009
292  60  0.0781  0.0268  7.8084
  4  68  0.0938  0.0000  0.0000
 12  68  0.1958  0.0000 11.1304
 20  68  1.1884  0.0000  0.0000
 28  68  3.7938  0.0000  0.0000
 36  68  1.6584  0.0000  0.0000
 44  68  0.5722  0.0000  0.0000
 52  68  0.1464  0.0000 11.1304
 60  68  0.2360  0.0000  0.0000
 68  68  2.0205  0.0000  0.0000
 76  68  5.1936  0.4148  5.1200
 84  68 -0.1012  0.0458 14.0274
 92  68 -0.2501  0.4639 11.3892
100  68  0.1076  0.1327 17.6194
108  68  0.0656 -0.0326 15.2216
116  68 -0.0733  0.0000  9.7047
124  68  0.1385 -0.3289 13.2870
132  68  0.3991  0.0000  0.0000
140  68  0.2233  0.0000 16.1088
148  68  0.0000  0.0000 13.9636
156  68  0.5000  0.0000  8.4768
164  68  0.1613 -0.0424 17.4438
172  68  0.0000 -0.0736  9.7300
180  68  0.0344  0.2247  5.3930
188  68 -1.4828  0.0000 13.1728
196  68 -2.8274  0.3035  7.6077
204  68 -1.0503  1.5000  7.2590
212  68  0.4929  2.5000  5.2245
220  68  0.3104  0.0000 11.1304
228  68  0.2780  0.1270 13.3759
236  68  0.4401  0.0000  0.0000
244  68  1.4338  0.0000  0.0000
252  68  2.9026  0.0000  0.0000
260  68  2.5000  0.0000  8.8276
268  68  1.0863  0.0000  9.7047
276  68  0.0272 -0.0238 11.1899
284  68  0.1629 -0.0597  9.4297
292  68  0.0997  0.1744 15.9560
  4  76  2.3091  0.0000  0.0000
 12  76  0.3262  0.0000 11.1304
 20  76 -0.2850  0.0000  0.0000
 28  76  3.7868  0.0000  0.0000
 36  76  2.1513  0.0000  0.0000
 44  76  0.0366  0.0000 19.4783
 52  76 -0.1841  0.0418 12.3683
 60  76  0.3608  0.0000 11.1304
 68  76 -0.1070 -0.3049 12.8000
 76  76 -0.6479  0.0000  7.9027
 84  76 -0.0939 -0.1101  9.1637
 92  76 -0.0262  0.0000 17.0162
100  76 -0.2414  0.0000 11.1304
108  76 -0.1497  0.0000 11.1304
116  76 -0.9374  0.0000 11.1304
124  76 -1.5549  0.0789  5.8388
132  76 -1.0330  0.0000 13.0803
140  76  0.4337  0.0578  8.8276
148  76  0.0736 -0.0595 14.3846
156  76  0.0000  0.0000 11.8583
164  76  0.0452 -0.1188 13.2497
172  76  0.9068  0.0000  0.0000
180  76  1.9121  0.0000  0.0000
188  76  1.9491  0.0000 19.4783
196  76  1.0711  0.0000 12.0628
204  76  0.2191 -0.0364 11.2875
212  76  0.0000 -0.1960 11.1304
220  76 -0.0278  0.0000  0.0000
228  76  0.6235  0.0000 17.0667
236  76  0.1133  0.0000  0.0000
244  76  0.0000  0.5000 11.1304
252  76  7.3236  0.0000  0.0000
260  76  4.5000 -0.7432  8.0608
268  76  0.0000  2.5000  8.8276
276  76  0.0000  2.5000  8.8276
284  76 -0.1556  0.0000 12.2969
292  76 -3.6038 -0.3454  5.6813
  4  84 -2.5813  0.0000  0.0000
 12  84 -0.6221  0.0000  0.0000
 20  84  0.1720  0.0000 11.1304
 28  84  0.4028  0.0000 11.7824
 36  84  0.4957  0.0000  9.4208
 44  84  0.0557 -0.0193 15.2661
 52  84 -0.3604  0.1235 13.6655
 60  84  0.0334  0.1699  9.8910
 68  84  4.8577 -3.4403  6.9310
 76  84 -0.2879  1.8935  8.3901
 84  84 -0.7131  0.0000  8.2282
 92  84 -0.4363  1.6465  7.6149
100  84  0.2623  0.0000 12.0628
108  84  1.1333  0.0000  0.0000
116  84  1.3895  0.0000 16.1088
124  84  0.8513  0.0000 11.1304
132  84  0.1654  0.0000 11.1304
140  84  0.0112  0.0000 11.1304
148  84  0.1952  0.0671  8.4512
156  84 -0.1414  0.0000 11.1304
164  84 -0.2470  0.0000  0.0000
172  84 -0.0316  0.0000 11.1304
180  84  7.2313  0.0000 11.1304
188  84  3.9831  0.0000 11.1304
196  84  0.8497  0.0000  0.0000
204  84  0.0000  2.5000  8.8276
212  84 -0.5000 -0.1588 10.5785
220  84 -5.6832 -0.5000  8.3934
228  84 -3.1275  0.0000  0.0000
236  84 -0.1174 -4.1710 14.6131
244  84  0.7203  0.0000  0.0000
252  84  1.2018  0.0000  0.0000
260  84  1.4504  0.0000 11.1304
268  84  1.1833  0.0000 11.1304
276  84  1.5000  0.0000  8.2581
284  84  0.0000 -0.5000  8.8276
292  84  2.3387  0.0000  0.0000
  4  92  0.2760  0.0000 11.1304
 12  92 -0.4007  0.0000 20.7059
 20  92 -0.5082  0.0000 18.8048
 28  92 -0.1256  0.3164  9.2086
 36  92  0.8115  0.0000  0.0000
 44  92  1.2679  0.0000 16.1088
 52  92  0.7749  0.0000 16.1088
 60  92  0.0000 -0.2535  7.4096
 68  92  0.0205  0.0245 13.8981
 76  92  0.8668  4.0756  8.5333
 84  92 -0.3859  0.0233  9.7954
 92  92 -0.4219  0.0000 13.3565
100  92  0.0709  0.0000 11.1304
108  92  4.5652  0.0000 11.9011
116  92  2.5606  0.0000 16.1088
124  92  0.8301  0.0000  0.0000
132  92  0.2122  0.0000  0.0000
140  92  0.2780 -0.1270 13.3759
148  92  0.0000 -0.5000  8.8276
156  92 -0.3986  0.0000  0.0000
164  92  0.3416  0.0000 11.1304
172  92  0.7847  0.0000  0.0000
180  92  1.5458  0.0000 11.1304
188  92  1.9001  0.0000  0.0000
196  92  0.3301  0.0000  0.0000
204  92 -0.5000  0.0000  8.8276
212  92 -0.2199  0.0000  0.0000
220  92  1.0140  0.0000 16.1088
228  92  0.3793  3.1830  7.7576
236  92  0.0913  0.2044 18.7317
244  92 -0.3137  0.0000 11.1304
252  92 -0.0521  0.0000  0.0000
260  92  1.0231  0.0000  0.0000
268  92  1.7560  0.0000  0.0000
276  92  1.0791  0.0000  0.0000
284  92  0.0000  2.5000  8.8276
292  92 -0.1645  0.0000  1.0000
  4 100  0.3091  0.0000 15.7112
 12 100  0.9659  0.0000  8.0000
 20 100 -0.1013  0.0000  8.9379
 28 100  0.2521  0.0000  6.1744
 36 100  1.1711 -0.0215 11.8291
 44 100  0.8293  0.0000 17.0667
 52 100  0.1984  0.0000 11.1304
 60 100 -0.1085  0.1785  8.0503
 68 100  0.0318 -0.0058  9.1411
 76 100  0.7849  0.0000 16.1088
 84 100  0.5022  0.0000  0.0000
 92 100  0.3178  0.0000 13.3565
100 100  0.2907 -0.0403 10.5761
108 100  1.3889  0.0000 16.1088
116 100  2.5000  0.0000  8.8276
124 100 -0.3127  0.1061  9.8739
132 100 -0.0940  1.0523  8.7802
140 100  0.1841 -0.0418 12.3683
148 100  1.0642  0.0000 16.1088
156 100  0.6504  0.0000 16.1088
164 100  0.2854  0.0000 16.1088
172 100 -0.3558  0.0000 11.1304
180 100 -0.1546  0.0660 18.6254
188 100  1.2698  0.0000 13.3565
196 100  2.5000  0.0000  8.8276
204 100  1.5630  0.0000  0.0000
212 100  0.3704  0.0000  0.0000
220 100 -0.2686  0.0000  0.0000
228 100 -0.2780 -0.1270 13.3759
236 100  2.5000  0.3554  7.4688
244 100 -0.4224 -0.0046 13.2321
252 100 -0.5680  0.0000  0.0000
260 100 -1.0703  0.0000  0.0000
268 100 -0.4623  0.0000 11.1304
276 100 -0.2852  0.0000 11.1304
284 100  0.0323  0.0000  0.0000
292 100  0.6997  0.0000  0.0000
  4 108  1.1021  1.1515  8.7509
 12 108  0.6172  0.0000 20.7059
 20 108  0.1648  0.1748 11.1031
 28 108  0.2373  0.0712  7.0459
 36 108  0.2907 -0.0403 10.5761
 44 108  0.9051  0.0000 20.7059
 52 108 -0.5298  0.0000  0.0000
 60 108 -0.8414  0.0000  0.0000
 68 108 -0.3775  0.0000  0.0000
 76 108  1.5478  0.0000  0.0000
 84 108  0.6465  0.0000  0.0000
 92 108  0.3817  0.2129 11.0050
100 108 -0.5000  0.2012  9.9121
108 108 -0.0685  0.3367 12.7421
116 108  0.9457  0.0000 16.1088
124 108  1.6644  0.0000 11.1304
132 108  1.1833  0.0000  0.0000
140 108  0.3742  0.0000  0.0000
148 108 -0.1960  0.0000 11.1304
156 108 -0.8226  0.0000 12.0628
164 108 -0.1760  0.0000 15.0588
172 108  0.1113 -1.6014 11.9803
180 108 -0.1960  2.5000 11.1304
188 108 -2.1459  0.0000 16.1088
196 108 -1.1580  0.0000  0.0000
204 108 -0.5813  0.0000  0.0000
212 108  0.1309  0.0000  0.0000
220 108  1.2917  0.0000  0.0000
228 108  0.4719  0.0000  0.0000
236 108  0.1151 -0.1151 16.5161
244 108 -0.5000  2.0000  7.9524
252 108 -0.2965 -0.2632 10.8887
260 108  0.3785  0.5812  7.3724
268 108  0.2633 -0.8708  9.2602
276 108 -0.8895  0.0000 11.1304
284 108 -1.6341  0.0000  0.0000
292 108 -1.5000 -0.3694  7.6715
  4 116  2.5000  0.1588 10.5785
 12 116 -0.1796 -0.3984  6.1974
 20 116 -0.5000  0.0000  8.8276
 28 116 -0.4648  0.0000 11.1304
 36 116 -0.0490  0.0000  0.0000
 44 116  0.4994  0.0000  0.0000
 52 116  0.7320  0.0000  0.0000
 60 116  0.4372  0.0000 11.1304
 68 116 -0.0845  0.0000  0.0000
 76 116 -0.5782  0.0000 19.4783
 84 116 -0.9263  0.3343  9.2884
 92 116  0.1196  0.3995 10.2326
100 116  0.1142 -0.1142 10.6035
108 116 -0.0698  0.2911 10.5124
116 116 -2.2076  0.0000 16.1088
124 116 -1.2615  0.0000 11.1304
132 116 -0.6454  0.0000  0.0000
140 116  0.1151  0.1151 16.5161
148 116  2.5000  0.0000  8.8276
156 116  0.0000  2.5000  8.8276
164 116  0.0419  0.2568 11.3179
172 116  0.5000  0.0000  8.4768
180 116 -0.1031  0.0000  0.0000
188 116  0.1852  0.0000  0.0000
196 116 -0.3342  0.0000  0.0000
204 116 -0.8266  0.0000  0.0000
212 116 -1.1714  0.0000  0.0000
220 116 -0.8963  0.0000  0.0000
228 116  0.8463  0.0000  0.0000
236 116  0.0713  0.0000  0.0000
244 116  0.5379  0.0000  0.0000
252 116  0.2678 -0.0719 10.2400
260 116  0.2119  0.0000 16.1088
268 116  0.2426  1.1757  8.5018
276 116  0.0000  2.5000  8.8276
284 116 -0.2205  0.0000  0.0000
292 116 -0.4472  0.0000 19.1045
  4 124 -0.6128  0.0000  0.0000
 12 124 -0.5000  0.0000  8.8276
 20 124  0.2022  0.0000 16.1088
 28 124  0.5979  0.0000 11.1304
 36 124  0.8940  0.0000 16.1088
 44 124 -1.5883  0.0000  0.0000
 52 124 -0.8430  0.0000  0.0000
 60 124 -0.2271  0.0000  0.0000
 68 124  0.5015  0.0000  0.0000
 76 124  2.5219  0.0000 16.1088
 84 124  2.5000  4.5000  4.0635
 92 124  0.2039  0.0000  0.0000
100 124 -0.6682  0.0000 16.1088
108 124 -1.0548  0.0000 12.0628
116 124  0.4342 -0.1409  8.7273
124 124  0.1123  0.0711 13.6764
132 124  0.2907  0.0403 10.5761
140 124  0.0553  0.0000 16.1088
148 124 -0.1960  2.5000 11.1304
156 124  0.0908  0.0000  0.0000
164 124 -0.1068 -0.3135 15.1963
172 124  1.7124 -0.1464  7.6491
180 124  0.9567  0.0000  0.0000
188 124  0.4147  0.0000  0.0000
196 124  0.1247  0.0000  0.0000
204 124 -0.5000 -0.5000  4.0635
212 124 -0.5293  0.0000  0.0000
220 124 -0.5059  0.0000  0.0000
228 124 -0.4900  0.0000  0.0000
236 124 -0.1898  0.0000  0.0000
244 124  0.4171  0.0000  0.0000
252 124  1.2339  0.0000  0.0000
260 124  2.5000  0.0000  8.8276
268 124 -0.8131  0.0000  0.0000
276 124 -0.3354  0.0000 16.1088
284 124  0.0000  0.1960 11.1304
292 124 -0.5000  0.0000  8.8276
  4 132 -0.0360  0.1854 12.6331
 12 132 -3.3097 -0.2328 11.5768
 20 132 -2.7614  0.0000  0.0000
 28 132 -2.5313  0.0000 11.1304
 36 132 -2.5000  0.0000 11.1304
 44 132  1.2855  0.0000  0.0000
 52 132  4.5000  0.0000  4.0635
 60 132  3.3445  0.0000  0.0000
 68 132  1.9316  0.0000 16.1088
 76 132  0.8674  0.0000 16.1088
 84 132  0.2503  0.0000  0.0000
 92 132 -0.2689  0.0000  0.0000
100 132 -0.1960  2.5000 11.1304
108 132  0.0868  0.0000 12.0455
116 132  0.0696 -0.0812 10.9765
124 132  0.2749  0.0000  8.5018
132 132 -0.1538  0.0000  0.0000
140 132  0.0000  2.5000  8.8276
148 132  0.0000  2.5000  8.8276
156 132 -0.2388  0.0000  0.0000
164 132  0.0000  2.3093 11.7824
172 132  0.4629  0.0000 11.1304
180 132  1.5034  0.0000 11.1304
188 132  4.5000 -0.5000  4.0635
196 132 -0.3664  0.0000  0.0000
204 132  0.0402  0.0000  0.0000
212 132  0.2577  0.0000  0.0000
220 132 -0.1759  0.0000  0.0000
228 132 -0.5934  0.0000 11.1304
236 132 -2.1459  0.0000  0.0000
244 132 -2.0804  0.0000 11.1304
252 132 -1.4827  0.0000 11.1304
260 132 -0.5000  0.0000  8.8276
268 132  0.5000  0.0000  8.4768
276 132 -0.1443  0.2368  5.8956
284 132  2.5000  1.2414  5.4468
292 132  2.1878  0.0000  0.0000
  4 140  1.3742  0.0000  0.0000
 12 140  0.7201  0.0000 11.1304
 20 140  0.2764  0.0000  0.0000
 28 140  0.0900 -0.0178  9.0377
 36 140 -0.0806  0.0000  0.0000
 44 140 -0.2984  0.0000  0.0000
 52 140 -0.2185  0.0000  0.0000
 60 140  0.2128  0.0000 12.0628
 68 140  1.9054  0.0000 16.1088
 76 140  1.3047  0.0000  0.0000
 84 140  0.0057  0.0000  0.0000
 92 140 -0.2165  0.0000  0.0000
100 140  0.0000  2.5000  8.8276
108 140  0.0548  0.0000 10.1947
116 140  0.0984  0.0523 12.0819
124 140 -0.4589  0.0000 11.1304
132 140  0.3530  0.0000  0.0000
140 140  0.8822  0.0000  0.0000
148 140  0.6219  0.0000 11.1304
156 140  0.2083  0.0000  0.0000
164 140  0.0000 -0.5000  8.8276
172 140 -0.4244  0.0000  0.0000
180 140 -0.2853  0.0000 11.1304
188 140 -0.1228  0.0000  0.0000
196 140 -0.0611  0.0000  0.0000
204 140 -0.3792  0.0000  0.0000
212 140  1.1394  0.0000  0.0000
220 140  1.4912  0.0000  0.0000
228 140  1.2462  0.0000  0.0000
236 140  0.9912  0.0000  0.0000
244 140  0.9170  0.0000  0.0000
252 140  0.8388  0.0000  0.0000
260 140  0.1503  0.0000  0.0000
268 140 -0.4869  0.0000  0.0000
276 140 -0.5489  0.0000  0.0000
284 140  0.3429  1.5000  9.9134
292 140  4.5000  4.5000  4.0635
  4 148  2.8703  0.0000  0.0000
 12 148  0.2667 -0.1732 18.0390
 20 148 -0.1211  0.2596  6.9100
 28 148 -0.1221  0.0000  0.0000
 36 148 -0.5827  0.0000  0.0000
 44 148 -1.7351  0.0000  0.0000
 52 148 -1.0493  0.0000 11.1304
 60 148  0.5000  0.0000  8.8276
 68 148  1.7251  0.0000  0.0000
 76 148  1.3028  0.0000  0.0000
 84 148  0.3491  0.0000  0.0000
 92 148  0.2351  0.0000 11.1304
100 148  0.2351  0.0000  0.0000
108 148  0.4092  0.0495  8.1086
116 148 -0.0784  1.3061  7.0490
124 148 -0.1928  0.0000 11.1304
132 148 -0.4198  0.0000  0.0000
140 148  0.4540  0.0000 11.1304
148 148  0.7935  0.0000  0.0000
156 148  0.7791  0.0000  0.0000
164 148  0.8427  0.0000 10.1191
172 148  1.1821  0.0000  0.0000
180 148  1.5000  0.0000  8.2581
188 148  0.3761  0.0000  0.0000
196 148 -0.4071  0.0000  0.0000
204 148  0.0000 -0.5000  8.8276
212 148  1.7934  0.0000  0.0000
220 148  4.6564  0.0000 12.4564
228 148  3.6099  0.0000  0.0000
236 148  1.9012  0.0000  0.0000
244 148  1.5000 -1.0000  7.4357
252 148  0.5732  0.0000 11.1304
260 148 -0.4043  0.4043  8.0000
268 148 -1.9275  0.0000  0.0000
276 148 -1.6477  0.0000  0.0000
284 148  0.0000 -0.5000  8.8276
292 148  2.9341  0.0000  0.0000
  4 156  1.9717  0.0000  8.4768
 12 156  0.0000  2.5000  8.8276
 20 156 -0.0832  0.0000  0.0000
 28 156  0.0872  0.0000  0.0000
 36 156  0.1804  0.0000  0.0000
 44 156 -0.1066  0.0000  0.0000
 52 156 -0.1912  0.0000 12.4272
 60 156 -0.6923  0.0000 16.1088
 68 156  0.3759  0.0000  0.0000
 76 156  0.3527  0.0000  0.0000
 84 156  0.1492  0.0000  0.0000
 92 156  0.1805  0.0000  0.0000
100 156  0.5347  0.0000  0.0000
108 156  0.6655  0.0000  0.0000
116 156 -0.0503  0.0000  0.0000
124 156 -0.5000 -0.5000  4.0635
132 156  0.5508  0.0000  0.0000
140 156  2.2074  0.0000  0.0000
148 156  3.4955  0.0000  0.0000
156 156  2.8863  0.0000  0.0000
164 156  1.8732  0.0000 11.1304
172 156  1.3124  0.0000 19.1045
180 156  0.5356  0.0000  0.0000
188 156 -0.3417  0.0000  0.0000
196 156 -1.5296  0.0000  0.0000
204 156 -0.7930  0.0000  0.0000
212 156  1.5983  0.0000  0.0000
220 156  5.0000 -5.9031  9.3907
228 156  2.6783 -5.1203  5.4468
236 156  0.5997  0.0000 11.1304
244 156 -0.0031  0.0000  0.0000
252 156 -0.0593  0.0000  0.0000
260 156 -0.1054  0.0000  0.0000
268 156 -0.5000  0.0000  8.8276
276 156 -0.9097  0.0000  0.0000
284 156 -1.1838 -0.5000  7.5779
292 156  1.4010  0.0000  0.0000
  4 164  0.3143 -0.4000  8.3934
 12 164 -0.3694  0.0000  0.0000
 20 164 -0.5000 -0.5000  4.0635
 28 164 -0.0694  0.0000  0.0000
 36 164  0.1367  0.0000  0.0000
 44 164 -0.1151 -0.1151 16.5161
 52 164  0.0561  0.2765  9.5419
 60 164  1.2103  0.0000 11.1304
 68 164  2.3748  0.0000  0.0000
 76 164  2.3025  0.0000  0.0000
 84 164  1.4469  0.0000  0.0000
 92 164  0.8425  0.0000  0.0000
100 164  0.4867  0.0000 11.1304
108 164  0.1020  0.0000 11.1304
116 164 -0.2896  0.0000  0.0000
124 164 -0.9307  0.0000  0.0000
132 164 -0.4087  0.0535  7.8528
140 164 -0.0417  0.0000 11.1304
148 164 -0.5000 -0.5000  4.0635
156 164  0.0000  1.5000  5.4468
164 164 -0.1301  0.0000 11.1304
172 164 -0.1825 -0.2174 12.5315
180 164 -0.1014  0.0000  0.0000
188 164  0.0313  0.0000  0.0000
196 164 -0.2554  0.0000  0.0000
204 164 -0.2950  0.0000  0.0000
212 164  1.1227  0.0000  0.0000
220 164  4.5000  4.5000  4.0635
228 164  0.5000  0.0000 11.1304
236 164 -0.5000  0.0000  8.8276
244 164 -0.4504  0.0000  0.0000
252 164  0.0006  0.0000  0.0000
260 164  0.3927  0.0000 11.1304
268 164  0.6106  0.0000  0.0000
276 164  1.0224  0.0000  0.0000
284 164  1.7950  0.0000  0.0000
292 164  2.5000  0.0000  8.8276
  4 172  1.1380  0.0000  0.0000
 12 172 -0.1180 -0.5000  9.2850
 20 172 -0.3082  0.0000  0.0000
 28 172 -0.3462  0.0000  0.0000
 36 172 -0.3520  0.0000  0.0000
 44 172 -0.1138  0.1378 11.4627
 52 172 -0.1990  0.0000  0.0000
 60 172 -0.1908  0.0000  0.0000
 68 172  0.1372  0.0000  0.0000
 76 172 -0.5799  0.0000  0.0000
 84 172 -0.5000  0.0000  8.8276
 92 172 -0.3361  0.0000 11.1304
100 172 -0.2598  0.0000  0.0000
108 172 -0.0215  0.0000 11.1304
116 172  0.5824  0.0000  0.0000
124 172  0.1475  0.0000  0.0000
132 172 -0.4062 -0.0767  6.0399
140 172  0.3732  0.3694 10.3318
148 172  2.2892  0.0000  0.0000
156 172  0.6282  0.0000  0.0000
164 172 -0.1790  0.0000 11.1304
172 172  0.0000  2.5000  8.8276
180 172  0.4897  0.0000  0.0000
188 172  1.0076  0.0000 11.1304
196 172  1.3744  0.0000  0.0000
204 172  1.5678  0.0000  0.0000
212 172  1.3601  0.0000  0.0000
220 172  1.0114  0.0000  0.0000
228 172 -0.0698 -0.2911 10.5124
236 172 -0.5000 -0.5000  4.0635
244 172 -0.6362  0.0000 11.1304
252 172 -0.6029  0.0000  0.0000
260 172 -0.5000 -0.5000  4.0635
268 172  0.2298  0.0000 11.1304
276 172  0.7231  0.0000  0.0000
284 172  0.0000  2.5000  8.8276
292 172  1.1838  2.5000  7.5779
  4 180  0.2964  0.0000  0.0000
 12 180  0.0264  1.5957 10.2968
 20 180  0.0225  0.0000  0.0000
 28 180 -0.1249  0.0000  0.0000
 36 180  0.0418 -0.1521 12.6567
 44 180  1.5000 -1.0000  7.4357
 52 180  0.9417  0.0000  0.0000
 60 180  0.2969  0.0000  0.0000
 68 180  0.4002  0.0000  0.0000
 76 180  0.9260  0.0000  0.0000
 84 180  0.1940  0.0000  0.0000
 92 180 -0.2271  0.0000  0.0000
100 180  0.1960  2.5000 11.1304
108 180  0.9541  0.0000 11.1304
116 180  1.5943  0.0000  0.0000
124 180  1.9007  0.0000  0.0000
132 180  1.7362 -0.1450  7.9834
140 180  0.5239  0.0000  0.0000
148 180 -0.0213  0.0000  0.0000
156 180  0.5086  0.0000  0.0000
164 180  0.0000  0.5000  8.0688
172 180 -0.2203  0.0000  0.0000
180 180  0.0154  0.0000 16.1088
188 180  0.5000  0.0000 11.1304
196 180  1.2637  0.0000  0.0000
204 180  2.0493  0.0000  0.0000
212 180  0.4803  0.0000  0.0000
220 180  0.8460  0.0000  0.0000
228 180  0.2571  0.1311  7.2040
236 180 -0.1930 -0.1867 15.3090
244 180  0.3468 -0.5000 10.2045
252 180  0.1321  0.0000  0.0000
260 180  0.3336  0.0000  0.0000
268 180  1.1287  0.0000  0.0000
276 180  1.0319  0.0000  0.0000
284 180  0.6902  0.0000 11.1304
292 180  0.5078  0.0000 11.1304
  4 188  0.3862  0.0000  0.0000
 12 188 -0.2164  0.0000  0.0000
 20 188 -0.5000  0.0000  8.8276
 28 188  0.1960  2.5000 11.1304
 36 188  1.3139  0.3311  8.0688
 44 188  2.0198  0.0000  0.0000
 52 188  1.9803  0.0000  0.0000
 60 188  0.8525  0.0000  0.0000
 68 188 -1.0076  0.0000  0.0000
 76 188 -1.4483  0.0000  0.0000
 84 188  2.0240  0.0000  0.0000
 92 188  0.6121  0.0000  0.0000
100 188  0.2982  0.0000 11.1304
108 188  0.8668  0.0000 11.1304
116 188  1.6492  0.0000  0.0000
124 188  2.4722  0.0000  0.0000
132 188  3.5392  0.0000  0.0000
140 188  0.4936  0.0000 11.1304
148 188  0.7458  0.0000  0.0000
156 188  1.0674  0.0000  0.0000
164 188  1.6167  0.1821  8.5742
172 188  0.2803  1.8226  6.8386
180 188  0.0000  2.0000 11.1304
188 188  0.2044  0.0000  0.0000
196 188  0.6449  0.0000  0.0000
204 188  0.7995  0.0000  0.0000
212 188  0.8169  0.0000  0.0000
220 188  0.6505  0.0000  0.0000
228 188  0.4809  0.0000  0.0000
236 188 -0.0832  0.3131  9.8462
244 188 -0.3654  0.0000  0.0000
252 188  0.3363  0.0000  0.0000
260 188  1.5475  0.0000  0.0000
268 188  2.5305  0.0000  0.0000
276 188  2.4832  0.0000 11.1304
284 188  0.6309  0.0000  0.0000
292 188 -2.1102  0.0000  0.0000
  4 196 -3.6596 -3.9580  8.8649
 12 196  4.5000 -0.5000  4.0635
 20 196  0.3331 -4.8223  8.9372
 28 196  0.3728 -1.6289  9.6291
 36 196  1.5000  0.0000  8.2581
 44 196  2.5000 -0.5000  4.0635
 52 196  3.3405  0.0000  0.0000
 60 196  4.7559  0.0000  0.0000
 68 196  0.0000 -0.5000  8.8276
 76 196  0.1758  0.0000  0.0000
 84 196  0.6112  0.0000  0.0000
 92 196  0.9388  0.0000  0.0000
100 196  0.3749  0.0000 11.1304
108 196  0.0294  0.0000  0.0000
116 196 -0.0143  0.0000  0.0000
124 196  0.1294  0.0000  0.0000
132 196  0.3371  0.0000 11.1304
140 196  0.7321  0.0000  0.0000
148 196  0.6295  0.0000  0.0000
156 196  1.0613  0.0000  0.0000
164 196  1.3423 -0.1780  6.4146
172 196  0.0000 -4.6564 12.4564
180 196  0.4443  0.0000  0.0000
188 196  1.6539  0.0000  0.0000
196 196  3.1295  0.0000  0.0000
204 196  3.7795  0.0000  0.0000
212 196  1.9321  0.0000  0.0000
220 196 -0.0407  0.0000  0.0000
228 196 -1.6705  0.0000  0.0000
236 196  0.3732  0.3694 10.3318
244 196 -0.2396  0.0000  0.0000
252 196  0.3532  0.0000  0.0000
260 196  1.5807  0.0000  0.0000
268 196  2.1518  0.0000  0.0000
276 196  3.3098  0.0000  0.0000
284 196  5.3591  0.0000  0.0000
292 196 -0.6395  0.0000 16.1088
  4 204 -0.5000  5.3827  8.8276
 12 204 -0.1063  5.0000  6.9728
 20 204  0.0832  0.3131  9.8462
 28 204  0.1912  0.0000 12.4272
 36 204 -0.0932  0.0000 11.1304
 44 204 -0.3347  0.0000  0.0000
 52 204 -0.4961  0.0000  0.0000
 60 204 -0.5000  4.5000  4.0635
 68 204  0.2040  0.1382 10.7735
 76 204 -0.3848  0.0000  0.0000
 84 204  0.5963  0.0000  0.0000
 92 204  0.8412  0.0000  0.0000
100 204  0.0000 -0.5000  8.8276
108 204  0.2738  0.0000 11.1304
116 204  1.0758  0.0000 11.1304
124 204  2.8124  0.0000  0.0000
132 204  4.5000 -0.5000  4.0635
140 204  2.6137  0.0000  0.0000
148 204  2.7492  0.0000  0.0000
156 204  0.6013  0.0000  0.0000
164 204 -0.5000  0.0000  8.8276
172 204 -0.5000  0.0000 11.1304
180 204  0.0000 -5.0000 11.1304
188 204  1.7625  0.0000  0.0000
196 204  1.1721  0.0000  0.0000
204 204  2.5465  0.0000  0.0000
212 204  5.3321  0.0000  0.0000
220 204 -0.0259  0.0000  0.0000
228 204 -0.0461  0.0000  0.0000
236 204 -0.1419  0.0000  0.0000
244 204 -0.1642  0.0000 16.1088
252 204 -0.1387  0.0000  0.0000
260 204 -0.3303  0.0000  0.0000
268 204 -0.6430  0.0000  0.0000
276 204 -1.0438  0.0000  0.0000
284 204 -1.4409  0.0000  0.0000
292 204 -1.7534  0.0000  0.0000
  4 212 -2.5000 -1.0000  7.6040
 12 212  0.0000 -0.5000  8.8276
 20 212  0.4643  0.0000 11.1304
 28 212  0.1570  0.0000 16.1088
 36 212  0.0426  0.0000  0.0000
 44 212 -0.5000 -0.5000  4.0635
 52 212  0.0115  0.0000  0.0000
 60 212  0.0000  0.0264 10.8667
 68 212 -0.3309 -0.0637  7.1846
 76 212  4.5000 -0.5000  4.0635
 84 212  2.0826  0.0000  0.0000
 92 212  0.5722  0.0000  0.0000
100 212  0.0000  0.3577 13.4737
108 212 -2.3677  0.1145 12.8207
116 212  2.5000  0.0000  8.8276
124 212 -0.1960  0.0000 11.1304
132 212  1.3751  0.0000  0.0000
140 212  4.5000 -0.5000  4.0635
148 212  1.8560  0.0000  0.0000
156 212  1.0049  0.0000  0.0000
164 212  0.1949  0.2893  7.9785
172 212 -0.1767  0.0000  0.0000
180 212 -0.3010  0.0000  0.0000
188 212 -0.4376  0.0000  0.0000
196 212 -0.7432  0.0000  0.0000
204 212 -1.3042  0.0000  0.0000
212 212 -1.8530  0.0000  0.0000
220 212 -2.1216  0.0000 13.5576
228 212 -1.9378  0.0000  0.0000
236 212 -0.3419  0.0000  0.0000
244 212  0.1567  0.0000 11.1304
252 212  0.2798  0.0000  9.4633
260 212  0.4143  0.2480  4.2165
268 212 -0.8992  0.0000  0.0000
276 212 -1.7985  0.0000  0.0000
284 212 -2.3620  0.0000  0.0000
292 212 -1.9925  0.0000  0.0000
  4 220  0.4948  0.0000  0.0000
 12 220  0.0000 -0.5000  8.8276
 20 220  0.8271  0.0000  0.0000
 28 220  1.9340  0.0000 11.1304
 36 220  2.5000  0.0000  8.8276
 44 220  3.3431  0.0000  0.0000
 52 220  1.3133  0.0000 16.1088
 60 220  0.9279  0.0000  0.0000
 68 220  1.6844  0.0000  0.0000
 76 220  4.5000 -0.5000  4.0635
 84 220  2.2705  0.0000  0.0000
 92 220  0.5950  0.0000  0.0000
100 220 -0.2281  0.0000  0.0000
108 220 -0.4023  0.0000  0.0000
116 220 -0.3394  0.0000  1.0000
124 220 -0.5000  0.0000  8.2581
132 220 -1.3810  0.0000  0.0000
140 220 -2.1418  0.0000  0.0000
148 220 -2.1375  0.0000  0.0000
156 220 -1.1268  0.0000  0.0000
164 220  0.3270 -0.5000  7.6371
172 220  0.0000 -0.5000  8.8276
180 220  0.2816  0.0000  0.0000
188 220  0.0753  0.0000 11.1304
196 220 -1.6055  0.0000 11.1304
204 220 -3.5892  0.0000  0.0000
212 220 -4.8110  0.0000  0.0000
220 220 -4.5613  0.0000 11.1304
228 220 -2.9767  0.0000  0.0000
236 220 -1.4042  0.0000  0.0000
244 220  1.2573  0.0000  0.0000
252 220  4.1089  0.0000 12.0628
260 220  5.7965  0.0000  0.0000
268 220  5.2658  0.0000  0.0000
276 220  2.7569  0.0000  0.0000
284 220  0.3032  0.0000  0.0000
292 220 -1.6409  0.0000  0.0000
