VARIABLES= "X pix", "Y pix", "U pix/dt", "V pix/dt", "CHC", ZONE I=28, J=37
  4   4  0.0677  0.0000 10.6915
 12   4  0.1207  0.0000 10.9708
 20   4  0.1103  0.0000 10.7433
 28   4  0.0311  0.0000 11.0821
 36   4  0.0528  0.0000 11.0724
 44   4  0.0176  0.0000 11.0456
 52   4  0.0013  0.0000 11.0456
 60   4  0.0067  0.0000 11.0456
 68   4  0.0063  0.0000 11.0456
 76   4  0.0086 -0.0029 11.0005
 84   4 -0.0470 -0.0057 12.3022
 92   4 -0.0193  0.0000 12.7772
100   4  0.0385 -0.0055 13.4292
108   4  0.0260  0.0000 13.0257
116   4  0.0029  0.0140 11.1803
124   4  0.0119  0.0000 11.0456
132   4  0.0000  0.0328 11.4627
140   4  0.0006  0.0314 11.4999
148   4 -0.0727  0.0000 11.7754
156   4 -0.1073  0.0000 11.9483
164   4 -0.0650  0.0000 11.7754
172   4  0.0000 -0.0317 11.3371
180   4 -0.0116  0.0000 11.7754
188   4 -0.0448  0.0000 10.8101
196   4 -0.0429  0.0005 11.9681
204   4  0.0000  0.0154 10.9320
212   4  0.0379  0.0147 11.6514
220   4 -0.0098 -0.0003 12.2122
228   4 -0.0150 -0.0033 11.0949
236   4  0.0679  0.0000  9.1749
244   4  0.0812 -0.0035  8.7498
252   4 -0.0465 -0.0045 11.1383
260   4  0.0646  0.0169 10.6611
268   4  0.0147 -0.0149 10.7375
276   4  0.0000  0.1773 11.9239
284   4  0.0000  0.1034 14.2406
292   4 -0.0318  0.0000 12.2304
  4  12 -0.0477  0.0877  9.4017
 12  12 -0.0009  0.0437 11.8644
 20  12  0.0377  0.0000 11.7837
 28  12  0.1578  0.0000 16.1923
 36  12  0.0522  0.0000 19.4516
 44  12  0.0325  0.0000 15.1536
 52  12  0.0662  0.0000 16.8514
 60  12  0.0931  0.0058  9.5439
 68  12 -0.0577  0.0227 14.3605
 76  12 -0.0744  0.0000 11.7760
 84  12 -0.0885  0.0138  8.6762
 92  12 -0.0553  0.0334  8.7483
100  12 -0.0095  0.0000  9.4968
108  12  0.0056  0.0000 10.2683
116  12 -0.0012  0.0627 10.5505
124  12  0.0684  0.0000 10.2998
132  12  0.1433  0.0000 10.1847
140  12  0.1169  0.0000 12.7223
148  12  0.0470  0.0000 11.7754
156  12 -0.0342  0.0000 11.0319
164  12  0.0263 -0.0450 13.7408
172  12  0.0184  0.0000  9.5048
180  12 -0.0358  0.0000 11.1562
188  12  0.0041 -0.0026 11.4700
196  12  0.0497 -0.0013 10.3666
204  12  0.0141  0.0462 11.1673
212  12 -0.0109  0.0606 14.0273
220  12 -0.0168 -0.0851 13.8063
228  12  0.0519  0.1621 11.0400
236  12  0.1915 -0.2947 10.0787
244  12  0.0602 -0.1642  9.1951
252  12  0.2878  0.1558  9.6422
260  12  0.0098 -0.2759  9.4683
268  12  0.0031 -0.1192 11.3997
276  12  0.0411  0.0000 10.4696
284  12  0.0554  0.0000  8.0035
292  12  0.0188  0.0000  7.4854
  4  20 -0.0038  0.0459 17.9892
 12  20 -0.0249  0.0000 14.6938
 20  20 -0.0133 -0.0322 12.4417
 28  20  0.0146  0.0000 14.9604
 36  20  0.0427  0.0000 12.8720
 44  20  0.0168  0.0000 12.6647
 52  20  0.1456  0.0000 13.5252
 60  20  0.2909  0.0000 16.3902
 68  20  0.1853  0.0000 16.3803
 76  20  0.0453  0.0000 17.8587
 84  20 -0.0428  0.0000 14.4670
 92  20 -0.0050  0.0000 14.0544
100  20 -0.0149 -0.0604 12.1731
108  20 -0.0146 -0.0276 10.6775
116  20  0.0257  0.0000 13.9403
124  20  0.0688  0.0000 13.1828
132  20  0.0209  0.0000 13.0153
140  20  0.0214  0.0000 12.7275
148  20  0.0172  0.0026 13.9564
156  20 -0.0152  0.0018 13.0640
164  20  0.0001  0.0043 14.1820
172  20 -0.0116 -0.0020 13.9968
180  20 -0.0004 -0.0099 12.6563
188  20 -0.0148  0.0135 18.3922
196  20 -0.0245  0.0000 17.4366
204  20  0.0095  0.0042 19.7006
212  20  0.0048  0.0019 19.0300
220  20  0.0622 -0.0158 29.6731
228  20  0.0027  0.0000 16.2274
236  20 -0.0161 -0.0272 20.5752
244  20 -0.0602 -0.0345 13.9399
252  20  0.0069 -0.0414 14.1031
260  20  0.0730 -0.0509  8.7151
268  20 -0.0417 -0.0859 12.7199
276  20  0.1371 -0.1174 10.0460
284  20  0.3843 -0.0899  9.4691
292  20  0.1683  0.1617 11.4042
  4  28 -0.0190 -0.0055  9.2397
 12  28 -0.0354  0.0141  9.6971
 20  28  0.0013  0.0032 10.8335
 28  28  0.0027 -0.0109  9.7676
 36  28 -0.0127 -0.0005 10.2098
 44  28  0.0385  0.0000 10.1532
 52  28  0.0918  0.0000 10.6996
 60  28 -0.0024 -0.0005 10.2407
 68  28  0.0339 -0.0020 10.5487
 76  28  0.0141 -0.0034 11.0688
 84  28 -0.0274  0.0000 10.0293
 92  28 -0.0009 -0.0041  9.8155
100  28 -0.0026  0.0122 11.3351
108  28  0.0231  0.0000 15.9330
116  28  0.0187  0.0098  9.1694
124  28 -0.0353  0.0009 10.2101
132  28 -0.0010  0.0000  9.0832
140  28 -0.0050  0.0181  9.3416
148  28  0.0026  0.0027  9.5447
156  28 -0.0134 -0.0080 21.4976
164  28 -0.0284  0.0048 14.6047
172  28 -0.0220 -0.0050 11.9207
180  28  0.0039  0.0000 17.5981
188  28 -0.0045 -0.0466 20.2650
196  28 -0.0005 -0.0001  9.2503
204  28  0.0382  0.0000  9.7886
212  28  0.0069  0.0143 10.6383
220  28  0.0031  0.0170 10.9908
228  28 -0.0305  0.0036 10.1456
236  28  0.0035  0.0017  9.9553
244  28 -0.0004 -0.0004 10.4673
252  28  0.0029 -0.0170 10.2118
260  28 -0.0044 -0.0056 17.0991
268  28  0.0042 -0.0039 16.3545
276  28 -0.0015  0.0112 22.1318
284  28  0.0259  0.0511 19.5286
292  28 -0.0107  0.0022 14.0514
  4  36 -0.0000  0.0000  7.7351
 12  36  0.0015 -0.0098  7.5374
 20  36  0.0745  0.0000  6.8526
 28  36  0.0857  0.0000  7.0484
 36  36  0.1108 -0.0717  6.0706
 44  36  0.0518  0.0000  6.2502
 52  36  0.0164  0.0000  9.6034
 60  36  0.0456  0.0000 12.3559
 68  36 -0.0000  0.1373  8.0763
 76  36 -0.0191 -0.1126  8.9042
 84  36 -0.0557  0.0000 13.6955
 92  36 -0.0506  0.0000 11.1784
100  36 -0.0199  0.0433  9.2793
108  36  0.0303 -0.0298  8.1669
116  36 -0.0546 -0.0592  8.1376
124  36  0.0671 -0.1684  6.7949
132  36  0.0981  0.0000 11.1304
140  36  0.0699  0.0000 16.1088
148  36  0.1472 -0.1087 13.9032
156  36 -0.0035  0.0105 11.7726
164  36  0.0062  0.0000 13.3522
172  36  0.0073  0.0351 15.9628
180  36  0.0086  0.0037 11.5962
188  36  0.0258  0.0003 10.8489
196  36  0.0013  0.0050  9.6200
204  36 -1.2334  0.0000 12.4810
212  36 -0.8230  0.0000 12.4810
220  36 -0.1915  0.0000 12.2639
228  36 -0.1765 -0.0164 13.3612
236  36  0.2761 -0.0806  9.3746
244  36  0.1993 -0.3062  9.9402
252  36  0.1079  0.0000 14.4906
260  36  0.0754  0.0000  9.2194
268  36  0.0121 -0.1720  8.1091
276  36  0.0037  0.0000  8.6900
284  36  0.0829  0.0074  9.6744
292  36 -0.0407  0.0032  9.1338
  4  44 -0.0784  0.0000 11.9011
 12  44 -0.1182  0.0000  9.4208
 20  44 -0.0602  0.0000 10.0354
 28  44  0.0198  0.0247 15.7992
 36  44  0.1451  0.0000 13.2196
 44  44  0.1138  0.0000 10.3707
 52  44  0.1064  0.0000  8.9436
 60  44  0.0664  0.0000  8.4598
 68  44 -0.2116  0.5657  7.2521
 76  44 -0.3335 -0.2547  6.6043
 84  44  0.0000  0.8550 11.9890
 92  44 -0.0157  0.0000 13.0803
100  44  0.0000 -0.5000  8.8276
108  44  0.1203  0.0000 11.1304
116  44  0.2469  0.0000  0.0000
124  44 -0.0283 -0.2875 10.6787
132  44 -2.8274  0.3035  7.6077
140  44 -1.4902  0.0000 17.0667
148  44  0.0367 -0.2078 11.3888
156  44  0.0167  0.0054 16.4888
164  44 -0.0213 -0.0059  9.8230
172  44 -0.0243  0.0000 10.3383
180  44 -0.0250  0.0034  9.3503
188  44  0.0039  0.0180 10.6519
196  44 -0.0220  0.0152  6.6074
204  44 -0.1134 -0.0434  9.7927
212  44 -0.0136 -0.0133  8.7241
220  44 -0.0606  0.0000  8.9436
228  44 -0.0833  0.0000 11.7410
236  44 -0.1518  0.0324 10.9897
244  44 -0.0287  0.0000 12.4405
252  44  0.0996  0.0000 19.1591
260  44  0.2627  0.2755 11.7885
268  44  0.2052  0.0000  8.6413
276  44  0.0267  0.0000 16.4760
284  44 -0.0623  0.0000 11.1304
292  44 -1.0675  0.0000 11.0903
  4  52 -0.0219 -0.2282  8.9507
 12  52  0.5160  0.0000  8.3451
 20  52 -0.0358  0.0000  6.8809
 28  52  0.0099  0.0000 11.1304
 36  52  0.0784  0.0000 17.0667
 44  52  0.1190  0.0000  0.0000
 52  52 -0.2052  0.0000  0.0000
 60  52 -1.4865  0.0000  0.0000
 68  52 -0.8710  0.0000  0.0000
 76  52 -0.1387  0.0000 16.1088
 84  52 -0.0353  0.0000 11.1304
 92  52 -0.1406  0.0000 12.0628
100  52 -0.1954  0.0000 11.1304
108  52 -0.0897  0.0000  0.0000
116  52 -0.0386  0.0000 16.1088
124  52 -0.1313 -0.0812 16.9211
132  52 -0.2136  0.0000  0.0000
140  52 -0.1717  0.0000  0.0000
148  52 -0.1205 -0.0493  6.4017
156  52 -0.0119 -0.0128 14.9212
164  52 -0.0066  0.0221 15.6987
172  52  0.0000  0.0000  8.9333
180  52 -0.0019  0.0051 12.3137
188  52  0.0004 -0.0206 20.1519
196  52  0.0848  0.0216  6.0953
204  52 -0.2414  0.0000 11.1304
212  52  0.1063  0.0000  6.9728
220  52 -2.3935 -0.0198 11.5089
228  52 -0.2265  0.1575 13.2463
236  52  0.5172  0.0000 13.7993
244  52 -0.1495  0.0000 10.8982
252  52 -0.0170  0.0000 13.3851
260  52 -0.0185  0.0000  9.4762
268  52  0.0222 -0.1939  8.4826
276  52  0.0625  0.2465  9.9051
284  52 -0.3277  0.0000 13.3851
292  52  0.0139 -0.0612 13.8214
  4  60 -0.1953 -0.0201  6.8903
 12  60 -0.0817  0.0000 11.1304
 20  60 -0.1793  0.0000  0.0000
 28  60 -0.2563  0.0000  0.0000
 36  60  0.0894  0.0000  0.0000
 44  60  0.1612  0.0000  0.0000
 52  60 -0.1958  0.0000  0.0000
 60  60 -0.2605  0.0000  0.0000
 68  60 -0.2841  0.0000  0.0000
 76  60 -0.2293  0.0000 11.1304
 84  60 -0.1230  0.0000 11.1304
 92  60 -0.1334  0.0000 15.5009
100  60 -0.2414  0.0000 11.1304
108  60 -0.1800  0.0000 19.4783
116  60 -0.1627  0.0000 17.0667
124  60 -0.2026  0.0000 13.5576
132  60 -0.4763  0.0000  0.0000
140  60 -0.5000 -0.0422 14.3017
148  60 -0.0019 -0.0172  7.1797
156  60  0.0013 -0.0257  9.3359
164  60  0.0001 -0.0043  9.1176
172  60 -0.4384  0.0000  8.8920
180  60 -0.0047 -0.0001  8.6252
188  60  0.0060  0.0127  8.0021
196  60 -0.0623 -0.0446  8.8733
204  60  0.0000  0.2697  7.3143
212  60  0.0182  0.0000  7.4054
220  60  0.2970  0.0080 11.0117
228  60 -0.8431  0.0000 12.0628
236  60 -0.0875  0.0000  8.6413
244  60  0.0051  0.0000  8.6413
252  60 -0.0318 -0.0253 10.8606
260  60  0.8319  0.0000 11.7363
268  60  0.9658  0.0000 10.8982
276  60  0.0667 -0.0589 16.2091
284  60  0.0422  0.0000 18.2315
292  60 -0.2317  0.0000  7.9027
  4  68 -0.2714  0.0000  0.0000
 12  68 -0.1350  0.0000 11.1304
 20  68 -0.1055  0.0000  0.0000
 28  68 -0.1672  0.0000  0.0000
 36  68 -0.1601  0.0000  0.0000
 44  68 -0.1573  0.0000 11.1304
 52  68 -0.2122  0.0000  0.0000
 60  68 -0.4159  0.0000  0.0000
 68  68 -0.6306 -0.1105 11.2757
 76  68  0.0011  0.0000 15.6768
 84  68  0.0656  0.0000 11.9011
 92  68 -0.0480  0.0000 13.8343
100  68 -0.8891  0.0000 21.6135
108  68 -0.0980 -0.0048 12.4508
116  68  0.9298  0.0000  9.7047
124  68  1.8264  0.0000 16.6957
132  68  2.0554  0.0000  0.0000
140  68 -0.0226  0.0000 16.1088
148  68 -1.3028  0.0000 13.3965
156  68 -2.6275  0.1048 13.8378
164  68  0.1151  0.1151 16.5161
172  68  0.6246  0.0812 10.1857
180  68  1.3212  0.0000  9.4948
188  68  2.3883  0.0000 13.1728
196  68  2.5000 -0.1588 10.5785
204  68  1.3095  0.0000 12.5445
212  68  1.1180  0.0000 17.0667
220  68 -0.0044  0.0000 11.1304
228  68 -0.2514  0.0000 13.5576
236  68  0.0000  2.5000  8.8276
244  68  0.0452  0.0000  0.0000
252  68 -0.0153  0.0000  0.0000
260  68 -0.0447  0.0000 11.1304
268  68 -0.0281  0.0000  9.7047
276  68  0.0243  0.0000 11.0903
284  68  0.0875 -0.0479  9.1309
292  68  0.0298 -0.0797 15.6091
  4  76  0.1475  0.0000  0.0000
 12  76  0.1278  0.0000 11.1304
 20  76  0.0340  0.0000 11.1304
 28  76 -0.9599  0.0000  0.0000
 36  76  0.3432  0.0000  0.0000
 44  76  1.9120  0.0000 19.4783
 52  76  3.5808  0.0000 11.9011
 60  76  4.5000  4.5000  4.0635
 68  76 -0.0572 -0.0123 17.4522
 76  76 -1.2083  0.0000  7.9027
 84  76 -1.4172  0.0000 10.2227
 92  76 -0.1614  0.0000 15.4548
100  76  0.4614  0.0000 17.0667
108  76  1.9545  0.0000 11.1304
116  76  3.2217  0.0000 12.0628
124  76  2.0074  0.0000 10.9832
132  76  1.2307  0.0000 13.0803
140  76  2.5643  0.0000 11.9011
148  76 -0.0221  0.1623 13.5583
156  76 -0.3435 -0.0623  8.3561
164  76  0.2491 -0.1257 11.5459
172  76  0.1847  0.0000  0.0000
180  76  0.0840  0.0000  0.0000
188  76  0.0233  0.0000 19.4783
196  76  0.0303  0.0000 12.0628
204  76  0.0960  0.0000 16.6957
212  76  0.1609  0.0000 11.1304
220  76  0.1351  0.0000 13.5576
228  76  0.1633  0.0000  0.0000
236  76  0.1349  0.0000  0.0000
244  76  0.0872  0.0000 13.7892
252  76 -0.8803  0.0000  0.0000
260  76  0.3873 -0.0604  6.9060
268  76  1.7136  0.0000 11.1304
276  76  2.7632  0.0000 16.1088
284  76  2.6733  0.0000 19.1045
292  76  0.1138  0.0000  7.2997
  4  84 -0.0218  0.0000  0.0000
 12  84  0.4685  0.0000  0.0000
 20  84  0.2361  0.0000 11.1304
 28  84 -0.1985 -0.0415  7.5059
 36  84  1.6616  0.0000  9.4208
 44  84  3.4179 -0.0666 10.9194
 52  84  0.3604 -0.1235 13.6655
 60  84 -0.2138 -0.1399 12.9289
 68  84  4.8577 -3.4403  6.9310
 76  84 -0.0171  0.2782 10.4490
 84  84 -0.5815  0.0000  7.7276
 92  84 -0.1786  0.0000 14.5082
100  84 -0.0244  0.0000 13.3565
108  84  0.0279  0.0000  0.0000
116  84 -0.0161  0.0000 16.1088
124  84 -0.0213  0.0000 16.1088
132  84  0.0416  0.0000 11.1304
140  84  0.0877  0.0000 11.1304
148  84  0.0199  0.0000  9.4025
156  84  0.0966  0.0000 11.1304
164  84  0.0924  0.0000 11.1304
172  84  0.0824  0.0000 11.1304
180  84 -0.7485  0.0000 11.1304
188  84  0.1555  0.0000 11.1304
196  84  0.9959  0.0000  0.0000
204  84  1.4288  0.0000 11.1304
212  84  1.1452  0.0000 11.1304
220  84  0.5397  0.0000 13.7892
228  84  1.2740  0.0000  0.0000
236  84  2.5000  0.0000  8.8276
244  84  1.1980  0.0000  0.0000
252  84  0.0488  0.0000  0.0000
260  84 -0.0427  0.0000 11.1304
268  84 -0.5000  0.0000  8.8276
276  84 -0.9333  0.0000  8.2581
284  84 -0.2138  0.0000 11.1304
292  84  2.3338  0.0000  0.0000
  4  92  0.5281  0.0000 16.1088
 12  92 -0.1838  0.0000 20.7059
 20  92 -0.2009  0.0000 22.1282
 28  92 -0.1054  0.0620 10.5075
 36  92  0.0526  0.0000  8.8276
 44  92 -0.0845  0.0000 16.1088
 52  92 -0.1443  0.0000 16.1088
 60  92 -0.0604  0.0000  7.9289
 68  92  0.0225 -0.0182 11.8955
 76  92 -0.1490  0.2919  7.3143
 84  92  0.0579 -0.2001 13.7634
 92  92  0.0480 -0.0076 12.0923
100  92  0.0589  0.0000 11.1304
108  92 -0.4452  0.0000 12.0628
116  92  0.0000 -0.5000  8.8276
124  92  0.4556  0.0000  0.0000
132  92  0.4742  0.0000  0.0000
140  92 -0.0194  0.2035 10.7680
148  92  0.1669  0.0000 12.0455
156  92  0.8831  0.0000 11.1304
164  92  1.5147  0.0000 11.1304
172  92  0.7903  0.0000  0.0000
180  92  0.0010  0.0000 11.1304
188  92 -0.5625  0.0000  0.0000
196  92 -1.1052  0.0000 11.1304
204  92 -1.1115  0.0000 16.1088
212  92 -0.3722  0.0000 11.1304
220  92  0.8482  0.0000 16.1088
228  92  0.5063  0.0000  9.4815
236  92  0.1571  0.0260 14.5327
244  92 -0.0047  0.0000 11.1304
252  92  0.0999  0.0000  0.0000
260  92  0.3901  0.0000  0.0000
268  92 -0.1333  0.0000  0.0000
276  92 -0.3188  0.0000  0.0000
284  92 -0.1837  0.0000 11.1304
292  92  0.0000  2.5000  8.9154
  4 100 -0.0079  0.0000 18.9370
 12 100  0.0798  0.0000  8.0000
 20 100  0.0741  0.0000 10.3623
 28 100  0.0640  0.0000  9.5480
 36 100  0.1360  0.0000 14.2789
 44 100  0.3316  0.0000 17.0667
 52 100  0.5525  0.0000 11.1304
 60 100  0.5292  0.0000 10.8750
 68 100  0.2688  0.0000  8.8798
 76 100 -0.0973  0.0000  8.0000
 84 100  0.0660  0.0000  0.0000
 92 100  0.2565  0.0000 20.7059
100 100  0.0000  0.0855 10.6035
108 100 -0.0259  0.0000 16.1088
116 100 -0.4136  0.0000 11.1304
124 100 -0.7924  0.0000  9.2086
132 100 -0.8049  0.0000 11.0903
140 100 -0.3768  0.0000 16.1088
148 100  0.2314  0.0000 16.1088
156 100  0.4266  0.0000 16.1088
164 100  0.4002  0.0000 16.1088
172 100  0.1066  0.0000 11.1304
180 100  0.2414  0.0000 11.1304
188 100  1.1814  0.0000 13.3565
196 100 -0.2516  0.0000 11.1304
204 100 -0.5160  0.0000 11.1304
212 100 -0.2600  0.0000  0.0000
220 100  0.0636  0.0000  0.0000
228 100  0.1367  0.0000 16.1088
236 100  0.1442  0.0000  8.8276
244 100  0.0858  0.0482 20.3046
252 100  0.0536  0.0000  0.0000
260 100  0.6042  0.0000  0.0000
268 100  0.7551  0.0000 11.1304
276 100  0.9302  0.0000 11.1304
284 100  0.8144  0.0000  0.0000
292 100  0.2592  0.0000 17.0667
  4 108 -0.5000 -0.2348  8.6934
 12 108 -0.6367  0.0000 16.1088
 20 108 -0.5670  0.0000 13.2196
 28 108 -0.2118  0.0000  8.1249
 36 108  0.2907 -0.0403 10.5761
 44 108 -0.0340  0.0000 20.7059
 52 108 -0.2861  0.0000  0.0000
 60 108 -0.3750  0.0000  0.0000
 68 108 -0.2283  0.0000  0.0000
 76 108  0.0000  2.5000  8.9154
 84 108  0.3835  0.0000  0.0000
 92 108  0.5866  0.0000 10.2128
100 108 -0.0271  0.0000 13.1641
108 108 -0.1068 -0.3135 15.1963
116 108  2.5000  0.0000  8.8276
124 108 -0.5000  0.0000  8.8276
132 108 -0.4994  0.0000 11.1304
140 108 -0.1914  0.0000  0.0000
148 108  0.1960  0.0000 11.1304
156 108  0.2120  0.0000 12.0628
164 108  0.1458  0.0000 12.0628
172 108 -0.0439  0.0000 16.1088
180 108  0.0023  0.0000 11.1304
188 108  0.7875  0.0000 16.1088
196 108  1.0892  0.0000  0.0000
204 108  1.4337  0.0000  0.0000
212 108  1.3820  0.0000  0.0000
220 108  0.5908  0.0000  0.0000
228 108 -0.3380  0.0000  0.0000
236 108 -0.8463  0.0000 19.4783
244 108 -1.0475 -0.7207  9.3555
252 108 -0.4688 -0.4385  8.0910
260 108  0.0659  0.0000 11.1304
268 108  0.0000 -2.0000 11.1304
276 108  0.0391  2.5000  9.3822
284 108 -0.0488  0.0000  0.0000
292 108  0.0000 -0.5000  8.8276
  4 116  0.0474  0.0000 18.9370
 12 116  0.1987  0.0000 11.9011
 20 116  0.2052  0.0000  8.0000
 28 116 -0.1337  0.0000 11.1304
 36 116 -0.0181  0.0000  0.0000
 44 116  1.0473  0.0000 11.1304
 52 116  1.2481  0.0000  0.0000
 60 116  0.5986  0.0000  0.0000
 68 116  0.0000  2.5000  8.8276
 76 116  0.0000 -0.5000  8.8276
 84 116  0.0418  0.0000 13.1641
 92 116  0.0572 -0.0412 12.0477
100 116 -0.2727  0.0000 15.0980
108 116  0.0000  0.5000  8.0688
116 116  0.5793  0.0000 11.1304
124 116  1.1680  0.0000  0.0000
132 116  1.8580  0.0000  0.0000
140 116  2.0962  0.0000 19.4783
148 116  0.9825  0.0000 16.1088
156 116 -0.0433  0.0000 16.1088
164 116 -0.5231  0.0000  0.0000
172 116 -0.5833  0.0000 11.1304
180 116 -0.3420  0.0000  0.0000
188 116  0.0000  2.5000  8.8276
196 116 -0.0161  0.0000  0.0000
204 116  0.0007  0.0000  0.0000
212 116 -0.0388  0.0000  0.0000
220 116 -0.0236  0.0000  0.0000
228 116 -0.0063  0.0000  0.0000
236 116  0.0055  0.0000  0.0000
244 116 -0.1138  0.0000  0.0000
252 116 -0.3732 -0.5000  9.6402
260 116 -0.3081  0.2758  8.2202
268 116 -0.5000  0.0000  9.9740
276 116  2.7620 -0.5000  9.9740
284 116  1.2665  0.0000  0.0000
292 116 -0.5000  0.0000 11.1304
  4 124 -0.5565  0.0000 11.1304
 12 124 -0.3661  0.0000 11.1304
 20 124 -0.2198  0.0000 16.1088
 28 124 -0.2287  0.0000 17.0667
 36 124  0.0000  2.5000  8.8276
 44 124  0.0853  0.0000 16.1088
 52 124  0.8351  0.0000  0.0000
 60 124  1.8043  0.0000  0.0000
 68 124  2.5000  0.0391  9.3822
 76 124  0.8795  0.0000 16.1088
 84 124 -0.0323  0.0000 11.1304
 92 124 -0.2365  0.0000 17.0667
100 124 -0.1151 -0.1151 16.5161
108 124 -0.3425  0.0000 12.0628
116 124 -0.5000 -0.0391  9.3822
124 124 -0.2664  0.0000 16.1088
132 124 -0.1816  0.0000 11.1304
140 124 -0.1889  0.0000 16.1088
148 124 -0.1347  0.0000 11.1304
156 124 -0.0709  0.0000 11.1304
164 124 -0.0673  0.0000 11.1304
172 124 -0.2083  0.0000 16.1088
180 124 -0.5000  0.0000 11.1304
188 124 -0.5426  0.0000  0.0000
196 124 -0.4459  0.0000 11.1304
204 124  1.0362  0.0000  0.0000
212 124  0.4775  0.0000  0.0000
220 124 -0.5529  0.0000 11.1304
228 124 -0.7627  0.0000  0.0000
236 124 -0.6050  0.0000  0.0000
244 124 -0.3743  0.0000  0.0000
252 124 -0.2016  0.0000  0.0000
260 124 -0.0182  0.0000 11.1304
268 124 -0.2780  0.1270 13.3759
276 124  0.1841 -0.0418 12.3683
284 124  0.7527  0.0000 11.1304
292 124  0.5000  0.0000 11.1304
  4 132 -0.0830  0.0270  9.9225
 12 132 -0.2080 -0.2715 12.3107
 20 132 -0.1516  0.0000  0.0000
 28 132 -0.1579  0.0000 19.1045
 36 132 -0.3720  0.0000 11.1304
 44 132 -0.5037  0.0000 11.1304
 52 132 -0.2358  0.0000 13.7892
 60 132 -0.2745  0.0000  0.0000
 68 132 -0.3577  0.0000 16.1088
 76 132 -0.2218  0.0000 16.1088
 84 132 -0.0482  0.0000  0.0000
 92 132  0.0480  0.0000 11.1304
100 132  0.0416  0.0000  0.0000
108 132 -0.0418  0.1521 12.6567
116 132 -0.4660  0.0000 17.0667
124 132 -0.7136  0.0000 10.1191
132 132 -0.4681  0.0000 11.1304
140 132 -0.5324  0.0000 16.1088
148 132 -0.8565  0.0000 11.1304
156 132 -0.9112  0.0000 11.1304
164 132 -0.7179  0.0000 11.3350
172 132 -0.4135  0.0000 11.1304
180 132 -0.1445  0.0000 17.2183
188 132 -0.0325  0.0000 11.1304
196 132  0.0040  0.0000 11.1304
204 132  0.6135  0.0000  0.0000
212 132  1.1855  0.0000  0.0000
220 132  1.6964  0.0000  0.0000
228 132  2.5000  0.0000  8.8276
236 132  1.2835  0.0000  0.0000
244 132  0.4466  0.0000 11.1304
252 132 -0.0326  0.0000 11.1304
260 132 -0.3213  0.0000 16.1088
268 132 -0.5000  0.0000  8.8276
276 132 -0.0534  0.0000  8.1847
284 132 -0.3087  0.0000 12.0628
292 132 -0.5000 -0.1588 10.5785
  4 140 -0.1966  0.0000  0.0000
 12 140  0.0999  0.0000 11.1304
 20 140  0.2289  0.0000  0.0000
 28 140  0.1824  0.0000 10.1191
 36 140 -0.0210  0.0000  0.0000
 44 140 -0.4602  0.0000  0.0000
 52 140 -0.9069  0.0000  0.0000
 60 140 -1.3139 -0.3311  8.0688
 68 140 -1.0750  0.0000 11.1304
 76 140 -1.0400  0.0000  0.0000
 84 140 -0.9735  0.0000  0.0000
 92 140 -0.7521  0.0000 11.1304
100 140 -0.3956  0.0000 16.1088
108 140 -0.0463 -0.2927  7.3438
116 140 -0.0611 -0.0455 12.0979
124 140  0.4572  0.0000 11.1304
132 140  1.1876  0.0000  0.0000
140 140  1.5505  0.0000 11.1304
148 140  1.8626  0.0000 11.1304
156 140  2.1917  0.0000  0.0000
164 140  1.4131  0.0000 12.0628
172 140  0.5570  0.0000  0.0000
180 140 -0.0102  0.0000 11.1304
188 140 -0.1389  0.0000  0.0000
196 140 -0.3877  0.0000  0.0000
204 140 -0.3427  0.0000  0.0000
212 140 -0.4368  0.0000 11.1304
220 140 -0.3628  0.0000  0.0000
228 140  0.1097  0.0000  0.0000
236 140  0.4668  0.0000  0.0000
244 140  0.5321  0.0000  0.0000
252 140  0.3565  0.0000  0.0000
260 140  0.0526  0.0000 11.1304
268 140 -0.2630  0.0000  0.0000
276 140 -0.3873  0.9065  7.4018
284 140 -0.3674  0.5705  8.2915
292 140 -0.6294  0.0000 11.1304
  4 148 -0.8088  0.0000 11.1304
 12 148 -0.8576  0.0000 16.7450
 20 148 -0.7181  0.0718  9.6807
 28 148 -0.4147  0.0000  0.0000
 36 148 -0.1091  0.0000  0.0000
 44 148 -0.0069  0.0000  0.0000
 52 148  0.5000  0.0000 11.1304
 60 148  1.5000  0.0000  8.2581
 68 148  1.4167  0.0000  0.0000
 76 148  1.2371  0.0000 11.1304
 84 148  1.2849  0.0000 11.1304
 92 148  0.8856  0.0000 11.1304
100 148  0.3011  0.0000 11.1304
108 148 -0.1474  0.0213  8.7605
116 148  0.1464  0.1579  8.1133
124 148 -0.2758  0.0000 11.1304
132 148 -0.4591  0.0000  0.0000
140 148 -0.4684  0.0000 11.1304
148 148 -0.1984  0.0000  0.0000
156 148  0.6511  0.0000  0.0000
164 148  1.0623  0.0000 10.1191
172 148  0.9732  0.0000  0.0000
180 148  0.5869  0.0000 11.1304
188 148  0.1238  0.0000  0.0000
196 148 -0.1973  0.0000  0.0000
204 148 -0.1911  0.0000  0.0000
212 148 -0.0847  0.0000  0.0000
220 148 -0.2207  0.0000 16.1088
228 148 -0.4300  0.0000  0.0000
236 148 -0.5821  0.0000  0.0000
244 148 -0.5124  0.0000 11.1304
252 148 -0.3129  0.0000 11.1304
260 148 -0.0464  0.0000 16.1088
268 148  0.1177  0.0000  1.0000
276 148  0.1800  0.0000  0.0000
284 148  0.8216  0.0000 16.1088
292 148  0.7144  0.0000  0.0000
  4 156  0.2780 -0.1270 13.3759
 12 156  0.4218  0.0000 10.2729
 20 156  0.3687  0.0000  0.0000
 28 156  0.1871  0.0000 11.1304
 36 156  0.0948  0.0000  0.0000
 44 156  0.2648  0.0000  0.0000
 52 156  0.0218 -0.2266 12.8350
 60 156  0.0000 -0.5000  8.8276
 68 156 -0.1505  0.0000  0.0000
 76 156 -0.0686  0.0000  0.0000
 84 156  1.4734  0.0000  0.0000
 92 156  1.8375  0.0000 11.1304
100 156  1.4870  0.0000 11.1304
108 156  0.8472  0.0000 11.1304
116 156  0.1918  0.0000  0.0000
124 156 -0.2104  0.0000  0.0000
132 156 -0.0233  0.0000  0.0000
140 156  0.2686  0.0000 11.1304
148 156  0.3275  0.0000  0.0000
156 156  0.1639  0.0000  0.0000
164 156 -0.0832 -0.3131  9.8462
172 156 -0.0606  0.0000 19.1045
180 156  0.0000  2.5000  8.8276
188 156  0.2104  0.0000  0.0000
196 156  0.3775  0.0000  0.0000
204 156 -0.3763  0.0000  0.0000
212 156  0.3495  0.0000 16.1088
220 156  0.4118  0.0000  5.4468
228 156  0.1571  0.0000 11.1304
236 156  0.1281  0.0000 11.1304
244 156  0.1439  0.0000 11.1304
252 156  0.2249  0.0000  0.0000
260 156  0.4614  0.0000 17.0667
268 156  0.9633  0.0000 11.1304
276 156  1.6349  0.0000  0.0000
284 156  2.5000  0.0000  8.8276
292 156  0.8905  0.0000  0.0000
  4 164 -0.1164 -0.5000  7.6040
 12 164  2.5000  0.0000  8.8276
 20 164  2.4898  0.0000  0.0000
 28 164  1.8623  0.0000  0.0000
 36 164  1.0940  0.0000  0.0000
 44 164  0.3740  0.0000 16.1088
 52 164 -0.0900  0.0178  9.0377
 60 164  0.4310  0.0000 11.1304
 68 164  0.9750  0.0000  0.0000
 76 164  1.2163  0.0000  0.0000
 84 164  1.1421  0.0000  0.0000
 92 164  0.9300  0.0000  0.0000
100 164  0.7987  0.0000 11.1304
108 164  0.6857  0.0000 11.1304
116 164  0.6760  0.0000  0.0000
124 164  0.7461  0.0000  0.0000
132 164 -0.5000  0.0000  8.8276
140 164  0.3750  0.0000  0.0000
148 164  0.4968  0.0000  0.0000
156 164  0.2842  0.0000  0.0000
164 164  0.1015  0.0000 11.1304
172 164  0.0685 -0.3367 12.7421
180 164  0.2438  0.0000  0.0000
188 164  0.5786  0.0000  0.0000
196 164  1.1210  0.0000 11.1304
204 164  1.7864  0.0000  0.0000
212 164  2.2108  0.0000  0.0000
220 164  1.3281  0.0000 11.1304
228 164  0.8151  0.0000 11.1304
236 164  1.9713  0.0000 11.1304
244 164  2.1314  0.0000  0.0000
252 164  1.7586  0.0000  0.0000
260 164  1.2825  0.0000 11.1304
268 164  0.9382  0.0000 11.1304
276 164  0.9304  0.0000 13.1641
284 164  1.5109  0.0000  0.0000
292 164  2.1276  0.0000  0.0000
  4 172  2.4064  0.0000 11.1304
 12 172  2.2861  0.0000 12.0455
 20 172  2.0150  0.0000  0.0000
 28 172  1.7382  0.0000  0.0000
 36 172  1.3848  0.0000  0.0000
 44 172  1.1095  0.0000 12.0455
 52 172  1.0315  0.0000  0.0000
 60 172  0.6438  0.0000  0.0000
 68 172  0.9616  0.0000  0.0000
 76 172  0.8204  0.0000  0.0000
 84 172  0.4761  0.0000 16.1088
 92 172  0.1121  0.0000 11.1304
100 172  0.0307  0.0000 11.1304
108 172  0.1780  0.0000 11.1304
116 172  0.4007  0.0000  0.0000
124 172  0.7551  0.0000  0.0000
132 172  1.2047  0.0000 11.1304
140 172  1.4367  0.0000  0.0000
148 172  1.0990  0.0000  0.0000
156 172  0.8916  0.0000  0.0000
164 172  1.2963  0.0000 11.1304
172 172  1.4330  0.0000 16.1088
180 172  1.3458  0.0000  0.0000
188 172  1.3092  0.0000 11.1304
196 172  1.4757  0.0000  0.0000
204 172  1.9483  0.0000  0.0000
212 172  2.7307  0.0000  0.0000
220 172  3.4370  0.0000  0.0000
228 172  3.6496  0.0000 11.1304
236 172  3.2525  0.0000  8.4768
244 172  2.8066  0.0000 11.1304
252 172  2.4329  0.0000  0.0000
260 172  1.8042  0.0000 11.1304
268 172  1.2549  0.0000 11.1304
276 172  0.9939  0.0000  0.0000
284 172  1.5914  0.0000  0.0000
292 172  1.5000  0.0000  8.2581
  4 180  0.9914  0.0000  0.0000
 12 180  0.5000 -0.2012  9.9121
 20 180 -0.0638  0.0000  0.0000
 28 180 -0.1088  0.0000  0.0000
 36 180  0.0418 -0.1521 12.6567
 44 180  0.0496  0.0000 11.1304
 52 180  0.1260  0.0000  0.0000
 60 180  0.4043  0.0000  0.0000
 68 180  0.5997  0.0000  0.0000
 76 180  0.5298  0.0000 11.1304
 84 180  0.4492  0.0000  0.0000
 92 180  0.5609  0.0000 11.1304
100 180  0.6494  0.0000  0.0000
108 180  0.7546  0.0000 11.1304
116 180  1.1267  0.0000  0.0000
124 180  1.7517  0.0000  0.0000
132 180  2.6302  0.0000 17.0667
140 180  3.6770  0.0000  0.0000
148 180  4.5416  0.0000  0.0000
156 180  4.6427  0.0000  0.0000
164 180  3.5713  0.0000 13.7892
172 180  2.8270  0.0000 11.1304
180 180  2.5000  0.0000  8.8276
188 180  1.6327  0.0000 11.1304
196 180  0.9021  0.0000  0.0000
204 180  0.4844  0.0000  0.0000
212 180  1.3861  0.0000  0.0000
220 180  0.9750  0.0000  0.0000
228 180  0.5135  0.0000 16.1088
236 180  0.0106  0.0000 21.6135
244 180 -0.5000  0.0000 11.1304
252 180 -0.2830  0.0000  0.0000
260 180 -0.0920  0.0000  0.0000
268 180 -0.2848  0.0000  0.0000
276 180 -0.5000  0.0000  8.8276
284 180 -0.2835  0.0000 11.1304
292 180 -0.0651  0.0000 11.1304
  4 188 -0.0300  0.0000  0.0000
 12 188 -0.0897  0.0000 16.1088
 20 188 -0.1063  0.0000  6.9728
 28 188 -0.0584  0.0000 19.4783
 36 188  0.1138 -0.1378 11.4627
 44 188  0.7789  0.0000  0.0000
 52 188  1.6758  0.0000  0.0000
 60 188  2.7567  0.0000  0.0000
 68 188  3.9568  0.0000 16.1088
 76 188  5.0061  0.0000 11.1304
 84 188  5.1104  0.0000  0.0000
 92 188  2.6637  0.0000  0.0000
100 188  1.5123  0.0000 11.1304
108 188  1.1084  0.0000 11.1304
116 188  0.5720  0.0000  0.0000
124 188  0.0000  4.5000  4.0635
132 188 -0.4361  0.0000  0.0000
140 188  0.5516  0.0000 11.1304
148 188  0.1886  0.0000 11.1304
156 188 -0.0292  0.0000 11.1304
164 188 -0.2194  0.0000 17.0667
172 188 -0.3022  0.0000 16.1088
180 188 -0.0325  0.0000 11.1304
188 188  0.1556  0.0000 12.2969
196 188 -0.2792  0.0000  0.0000
204 188 -0.6834  0.0000 11.1304
212 188 -0.5308  0.0000  0.0000
220 188 -0.3131  0.0000  0.0000
228 188 -0.2950  0.0000  0.0000
236 188 -0.4241  0.0000 12.0455
244 188 -0.5184  0.0000  0.0000
252 188 -0.4737  0.0000  0.0000
260 188 -0.2035  0.0000  0.0000
268 188  0.4379  0.0000 11.1304
276 188  1.2765  0.0000 16.1088
284 188  2.1903  0.0000  0.0000
292 188  3.1311  0.0000  0.0000
  4 196  4.0473  0.0000  1.0000
 12 196  4.5000  4.5000  4.0635
 20 196  0.1760  0.0000 15.0588
 28 196 -0.6234  0.0000 13.3260
 36 196 -0.6194  0.0000 11.1304
 44 196 -0.7150  0.0000  0.0000
 52 196 -1.0218  0.0000  0.0000
 60 196 -1.4702  0.0000  0.0000
 68 196 -0.0760  0.0000 16.1088
 76 196 -0.4043  0.4043  8.0000
 84 196 -0.3308  0.0000  0.0000
 92 196 -0.2213  0.0000  0.0000
100 196  0.0362  0.0000 11.1304
108 196  0.3748  0.0000  0.0000
116 196  0.4400  0.0000  0.0000
124 196  0.0092  0.0000  0.0000
132 196 -0.5000 -0.5000  4.0635
140 196 -0.2108  0.0000  0.0000
148 196  0.0223  0.0000  0.0000
156 196 -0.0917  0.0000 11.1304
164 196 -0.4191  0.3131  7.4854
172 196 -0.6595  0.0000 16.1088
180 196 -0.6763  0.0000 11.1304
188 196 -0.4336  0.0000  0.0000
196 196  0.0878  0.0000  0.0000
204 196  0.6787  0.0000 11.1304
212 196  1.0848  0.0000  0.0000
220 196  1.0963  0.0000  0.0000
228 196  0.3671  0.0000  0.0000
236 196 -1.5000  0.0000  8.2581
244 196 -2.3724  0.0000 19.1045
252 196 -2.1860  0.0000  0.0000
260 196 -1.7875  0.0000  0.0000
268 196 -1.6341  0.0000  0.0000
276 196 -1.8233  0.0000 11.1304
284 196 -2.3370  0.0000 11.1304
292 196  0.0000  2.5000  8.8276
  4 204  0.0000  2.0000 11.1304
 12 204 -0.1627  0.0000 19.4783
 20 204 -0.0418  0.1521 12.6567
 28 204  0.4936  0.0000 14.5615
 36 204  1.0491  0.0000 11.1304
 44 204  1.1866  0.0000 11.1304
 52 204  0.9729  0.0000  0.0000
 60 204  0.7609  0.0000  0.0000
 68 204  0.9442  0.0000 22.2609
 76 204  1.0531  0.0000 11.1304
 84 204  0.6510  0.0000  0.0000
 92 204  0.0177  0.0000  0.0000
100 204 -0.5161  0.0000  0.0000
108 204 -0.6712  0.0000 11.1304
116 204 -0.5524  0.0000 11.1304
124 204 -0.1515  0.0000  0.0000
132 204  0.2350  0.0000 11.1304
140 204  0.2555  0.0000 11.1304
148 204 -0.1785  0.0000  0.0000
156 204 -1.1467  0.0000 11.1304
164 204 -2.4115  0.0000 11.1304
172 204 -2.6798  0.0000 19.1045
180 204 -2.3047  0.0000  0.0000
188 204 -1.9345  0.0000  0.0000
196 204 -1.8609  0.0000  0.0000
204 204 -2.1587  0.0000  0.0000
212 204 -2.8338  0.0000  0.0000
220 204 -0.1223  0.0000  0.0000
228 204 -0.2018  0.0000  0.0000
236 204 -0.2522  0.0000  0.0000
244 204  0.0000 -0.5000  8.8276
252 204  0.9141  0.0000  0.0000
260 204  1.8761  0.0000 11.1304
268 204  2.1436  0.0000  0.0000
276 204  2.1680  0.0000 11.1304
284 204  2.2267  0.0000  0.0000
292 204  2.4333  0.0000  0.0000
  4 212  2.5000  0.0000  8.8276
 12 212  1.7403  0.0000 11.1304
 20 212  0.7641  0.0000 11.1304
 28 212 -0.1151  0.1151 16.5161
 36 212 -0.4067  0.0000  0.0000
 44 212 -0.5000 -0.5000  4.0635
 52 212 -0.2021  0.0000 11.1304
 60 212  0.0951  0.0000 12.2969
 68 212 -0.0678  0.0000 11.1304
 76 212 -0.5206  0.0000 11.1304
 84 212 -1.1660  0.0000 11.1304
 92 212 -1.7094  0.0000 11.1304
100 212 -1.6346  0.0000 12.0628
108 212 -1.2466  0.0000  0.0000
116 212 -1.1480  0.0000 11.1304
124 212 -1.3906  0.0000 11.1304
132 212 -1.9785  0.0000  0.0000
140 212 -2.9001  0.0000  0.0000
148 212 -0.5124  0.0000  0.0000
156 212 -0.6134  0.0000  0.0000
164 212 -0.5530  0.0000  9.2850
172 212 -0.0998  0.0000  0.0000
180 212  1.0084  0.0000  0.0000
188 212  2.5000  0.0000  8.8276
196 212  2.8461  0.0000 11.1304
204 212  3.2053  0.0000  0.0000
212 212  3.5772  0.0000 11.1304
220 212  3.8166  0.0000 11.1304
228 212  3.6702  0.0000  0.0000
236 212  2.8672  0.0000  1.0000
244 212  1.7803  0.0000 11.1304
252 212  0.7916  0.0000  8.4223
260 212  0.2364  0.0000  7.7329
268 212 -0.1228  0.0000  0.0000
276 212 -0.1269  0.0000  0.0000
284 212 -0.0278  0.0000  0.0000
292 212 -0.1136  0.0000  0.0000
  4 220 -0.3434  0.0000 16.1088
 12 220 -0.5337  0.0000 11.1304
 20 220 -0.4626  0.0000  0.0000
 28 220  0.0000  2.5000  8.8276
 36 220  0.5000  0.0000  8.4768
 44 220  0.2547  0.0000  0.0000
 52 220 -0.3979  0.0000 16.1088
 60 220 -1.3792  0.0000  0.0000
 68 220 -2.6132  0.0000  0.0000
 76 220 -1.0592  0.0000  0.0000
 84 220 -1.2318  0.0000  0.0000
 92 220 -1.2477  0.0000  0.0000
100 220 -0.9048  0.0000  0.0000
108 220  0.0000  2.5000  8.9154
116 220  1.7200  0.0000 19.1045
124 220  2.7083 -0.5000  6.1440
132 220  3.9669  0.0000  0.0000
140 220  4.9597  0.0000  0.0000
148 220  5.4132  0.0000  0.0000
156 220  5.1546  0.0000  0.0000
164 220  4.1834  0.0000  8.7810
172 220  2.8414  0.0000  0.0000
180 220  1.5651  0.0000  0.0000
188 220  0.6479  0.0000 11.1304
196 220  0.0829  0.0000 11.1304
204 220 -0.1011  0.0000  0.0000
212 220 -0.0592  0.0000  0.0000
220 220  0.0000  2.5000  8.8276
228 220 -0.0386  0.0000  0.0000
236 220  0.1636  0.0000  0.0000
244 220  0.7781  0.0000  0.0000
252 220  1.6499  0.0000 12.0628
260 220  2.2384  0.0000  0.0000
268 220  1.9504  0.0000 16.1088
276 220  0.9461  0.0000 16.1088
284 220 -0.5000  4.5000  4.0635
292 220 -2.1362  0.0000 16.1088
