VARIABLES= "X pix", "Y pix", "U pix/dt", "V pix/dt", "CHC", ZONE I=28, J=37
  4   4 -0.0000  0.0000 10.4841
 12   4  0.0096  0.0000 10.3700
 20   4  0.0068  0.0061 10.9272
 28   4 -0.0101  0.0000 10.6370
 36   4 -0.0187  0.0000 10.9141
 44   4  0.0000 -0.0127 11.0049
 52   4  0.0437  0.0128 10.9762
 60   4 -0.0112  0.0000 11.0734
 68   4 -0.0394  0.0000 10.9708
 76   4  0.0366  0.0000 10.0666
 84   4  0.0580  0.0000 11.7754
 92   4  0.0074  0.0000 12.7772
100   4 -0.0552  0.0000 13.9590
108   4 -0.0490  0.0000 13.0257
116   4  0.0124  0.0000 11.7754
124   4  0.1218  0.0000 11.0456
132   4  0.2760  0.0000 11.0456
140   4  0.1655  0.0000 11.0456
148   4  0.1859  0.0000 11.2221
156   4  0.1441  0.0000 11.9483
164   4  0.0615  0.0000 11.7754
172   4  0.0000  0.0209 11.8613
180   4 -0.0191  0.0000 11.7754
188   4  0.0000  0.0655 11.4627
196   4  0.0093  0.0000 11.6753
204   4  0.0061  0.0000 11.7754
212   4 -0.0017 -0.0374 11.0326
220   4 -0.0029  0.0040 11.4091
228   4 -0.0041  0.0000 11.1378
236   4 -0.0022  0.0000  9.0345
244   4  0.0000  0.0082  8.7579
252   4 -0.0196  0.0000 11.5031
260   4 -0.0187  0.0000 10.6995
268   4  0.0206  0.0000 10.5558
276   4  0.0133  0.0000 11.9696
284   4 -0.0248  0.0000 13.0803
292   4 -0.0641  0.0560 12.5039
  4  12  0.0439 -0.0676  8.7792
 12  12  0.0460 -0.0087 10.8482
 20  12  0.0049  0.1002 10.9487
 28  12 -0.0064  0.0248 17.2378
 36  12  0.0124  0.0000 16.4829
 44  12  0.0259  0.0000 19.1045
 52  12 -0.0094  0.0091 12.7441
 60  12  0.2317 -0.0135  8.1688
 68  12 -0.0197 -0.0298 12.8258
 76  12  0.1106  0.0043 10.7853
 84  12  0.0784  0.0000  8.7384
 92  12  0.0082  0.0000  8.6260
100  12 -0.0597 -0.0229  9.5052
108  12 -0.0260  0.0000 10.7352
116  12 -0.0070  0.0000 10.9418
124  12  0.0117  0.0000 10.2197
132  12  0.0133  0.0000 10.3538
140  12  0.0000 -0.0042 10.8830
148  12  0.0101  0.0082 10.2812
156  12 -0.0064  0.0000 10.1941
164  12 -0.0254  0.0032 12.7131
172  12 -0.0608  0.0349  9.4717
180  12 -0.0460  0.0000  9.9126
188  12 -0.0355  0.0020 10.0040
196  12  0.0517 -0.0162  8.9820
204  12  0.0195 -0.0292 10.7789
212  12  0.0110 -0.1018 15.9589
220  12  0.0000  0.0082 13.2812
228  12  0.0159  0.0000 10.1010
236  12  0.0000  0.5000  7.6506
244  12 -0.0489  0.2374 11.8065
252  12  0.1073  0.3506 10.0438
260  12  0.0725  0.0000 10.6214
268  12  0.0841  0.0307 10.9981
276  12 -0.1104  0.0129 10.7704
284  12 -0.0256 -0.1671  8.2109
292  12  0.0024 -0.1514  7.5383
  4  20 -0.0171  0.0020 16.0532
 12  20  0.0104  0.0048 13.6023
 20  20 -0.0069  0.0014 12.0932
 28  20 -0.0349  0.0652 12.9917
 36  20  0.0259  0.0000 12.9268
 44  20  0.0047 -0.0008 12.8291
 52  20  0.0203 -0.0042 14.5038
 60  20  0.0324 -0.0426 17.4681
 68  20  0.0551  0.0000 16.1035
 76  20  0.0099  0.0238 17.2623
 84  20  0.0055  0.0000 14.9851
 92  20 -0.0000  0.0000 13.7523
100  20  0.0092 -0.0186 11.1591
108  20 -0.0002  0.0000  9.7439
116  20 -0.0109  0.0000 13.7553
124  20  0.0309  0.0000 12.8896
132  20  0.0135  0.0000 13.1359
140  20  0.0000  0.0000 12.6675
148  20 -0.0123  0.0000 13.6814
156  20 -0.0141  0.0049 12.9701
164  20  0.0011 -0.0087 13.9325
172  20 -0.0007  0.0011 13.2084
180  20  0.0210 -0.0037 12.2954
188  20 -0.0303  0.0178 17.2097
196  20  0.0312  0.0351 17.7404
204  20 -0.0187  0.0000 18.6028
212  20  0.0135 -0.0034 17.6964
220  20 -0.0334  0.0007 25.2987
228  20 -0.0134  0.0696 21.4130
236  20  0.0000  0.0020 13.9247
244  20  0.0055 -0.0029 12.8663
252  20  0.0866 -0.0394 14.0438
260  20  0.1315 -0.0573 18.9630
268  20  0.0205 -0.0103 12.8573
276  20 -0.0265 -0.1087 11.6053
284  20 -0.0370 -0.0688 10.1862
292  20  0.0976  0.0111 15.0642
  4  28  0.0515  0.0000  9.3818
 12  28  0.0120 -0.0146 10.0979
 20  28  0.0045 -0.0210 10.2539
 28  28 -0.0187  0.0050  9.5883
 36  28  0.0166  0.0022 10.0234
 44  28 -0.0128 -0.0004 10.4107
 52  28  0.0181  0.0000 10.1075
 60  28 -0.0009 -0.0008 10.0824
 68  28 -0.0129  0.0000 10.4547
 76  28 -0.0204 -0.0114 10.6136
 84  28 -0.0184  0.0134  9.9939
 92  28  0.0007  0.0000 10.0204
100  28  0.0024 -0.0082 11.5968
108  28 -0.0218  0.0000 16.5375
116  28  0.0031  0.0010  9.1662
124  28 -0.0093  0.0015 10.3243
132  28  0.0033 -0.0022  9.1176
140  28 -0.0070  0.0166  9.4461
148  28  0.0177 -0.0015  9.8365
156  28  0.0000  0.0000 20.5594
164  28  0.0014 -0.0100 14.2697
172  28  0.0036  0.0380 13.5243
180  28  0.0153  0.0068 17.9621
188  28  0.0092  0.0016 16.5989
196  28  0.0017  0.0028  9.3687
204  28  0.0111  0.0018  9.8626
212  28  0.0145  0.0114 10.6948
220  28 -0.0011  0.0101 11.3454
228  28 -0.0099 -0.0021 10.3805
236  28 -0.0003 -0.0003 10.2785
244  28 -0.0000  0.0000 10.4049
252  28  0.0160  0.0011 10.4272
260  28 -0.0012  0.0052 16.7253
268  28 -0.0072 -0.0018 17.5297
276  28  0.0000  0.0000 22.7157
284  28  0.0006 -0.0297 20.7929
292  28 -0.0009 -0.0042 15.4559
  4  36  0.0297  0.0000  7.9437
 12  36 -0.0064  0.0000  7.8058
 20  36  0.0050  0.0071  7.0044
 28  36 -0.0044  0.0000  6.5752
 36  36 -0.0325 -0.1211  6.4310
 44  36  0.1774 -0.0164  5.7444
 52  36  0.0083  0.0000  6.8851
 60  36 -0.1361 -0.0381  8.9036
 68  36  0.0000  0.0000  8.9250
 76  36  0.0529 -0.0222  9.2838
 84  36  0.0000  0.1217 10.9491
 92  36 -0.0050  0.0000 11.1784
100  36 -0.0043  0.0000  9.1518
108  36  0.0191  0.0000  8.1876
116  36  0.0196  0.1845  7.7578
124  36 -0.0190  0.1695  6.2662
132  36  0.0131  0.0000  0.0000
140  36  0.1050 -0.5000  6.8903
148  36 -0.5438 -0.0571 12.3343
156  36  0.0023  0.0016 11.4199
164  36  0.0011  0.0249 14.5673
172  36  0.0072 -0.0092 13.9674
180  36 -0.0055  0.0168 11.0202
188  36  0.0589  0.0014 12.7846
196  36  0.0085  0.0293  8.2847
204  36 -0.2712  0.0270 12.3641
212  36  0.0000  0.0172 14.6969
220  36  0.0070  0.1846 11.5091
228  36  0.0761  0.0000 14.4906
236  36 -0.0745  0.0000 11.9011
244  36  0.0000  0.2493 10.7749
252  36  0.0318  0.0253 10.8606
260  36  0.0054  0.1624  9.0345
268  36  0.0917  0.0000  9.5231
276  36  0.0276  0.0485  6.3706
284  36  0.0867  0.0076  7.1095
292  36  0.0152 -0.0961  8.2871
  4  44  0.0238  0.0000 20.7059
 12  44 -0.0002  0.0000  9.4208
 20  44 -0.0001  0.0000 15.0352
 28  44 -0.0101 -0.1409 14.0896
 36  44  0.0480  0.0000 16.2968
 44  44  0.0898  0.0000 12.1260
 52  44 -0.0040  0.0091 10.5323
 60  44 -0.3182  0.0000  8.7453
 68  44  0.0500  0.0946  8.7877
 76  44 -0.2061  0.4464  6.9040
 84  44  0.0612  0.8768  9.4815
 92  44  0.0034  0.0000  9.2850
100  44  0.0132  0.0000 16.1088
108  44  0.0209  0.0000 11.1304
116  44  0.0292  0.0000  0.0000
124  44 -0.0826  0.0000 20.7059
132  44 -0.2784  0.0000 11.1304
140  44 -0.1246  0.0000  0.0000
148  44 -0.0591  0.0000  9.9632
156  44 -0.0009 -0.0014 17.5208
164  44 -0.4305  0.0000  9.6809
172  44  0.0076  0.0014 11.1723
180  44  0.0027 -0.0016  9.3336
188  44 -0.0038 -0.0507  9.8976
196  44 -0.0238 -0.0837  6.3207
204  44 -0.0580  0.0000  9.1045
212  44  0.0269  0.0044  8.8842
220  44  0.0389  0.0000  8.9436
228  44  0.0130 -0.0802 12.1086
236  44 -0.0055  0.0000 10.7789
244  44  0.0187  0.0000 12.4405
252  44 -0.0082  0.0000 15.5414
260  44  0.0000  0.0859 18.2857
268  44 -0.0973  0.0000  8.6413
276  44 -0.8830  0.0000 16.6956
284  44 -1.6046  0.0000 16.1088
292  44 -0.7364  0.0000 10.8982
  4  52 -0.1490  0.0000  8.9436
 12  52  0.0000  0.0000  7.4680
 20  52  0.0029  0.0000  9.7047
 28  52  0.0173 -0.1110  8.4253
 36  52  0.0482  0.0000 11.1304
 44  52  0.0477  0.0000 17.0667
 52  52 -0.0914  0.0000  0.0000
 60  52 -0.3394  0.0000  0.0000
 68  52 -0.2656  0.0000 11.1304
 76  52 -0.4320  0.0000 11.1304
 84  52 -0.8190  0.0000 11.1304
 92  52 -1.5000  0.0000  8.2581
100  52 -0.7067  0.0000 11.1304
108  52 -0.3390  0.0000  0.0000
116  52 -0.2543  0.0000 11.1304
124  52 -0.2900  0.0000  0.0000
132  52 -0.2738  0.0000  0.0000
140  52 -0.1131  0.0000  0.0000
148  52  0.0288  0.0917  7.1865
156  52 -0.0015 -0.0080 12.9061
164  52 -0.0135 -0.0024 17.7849
172  52 -0.0091  0.0073  9.8256
180  52 -0.0082  0.0160 12.4594
188  52 -0.0001 -0.0073 19.0276
196  52  0.0194 -0.0022  6.0671
204  52 -1.4351  0.0000 16.1088
212  52 -2.8274 -0.3035  7.6077
220  52 -1.0634  0.0000  8.0000
228  52  0.0374  0.0765 14.8266
236  52 -0.2973  0.0070 15.0962
244  52  0.0000 -0.0267 14.4906
252  52  0.0070  0.1846 11.5091
260  52  0.0645  0.0711  9.9846
268  52  0.1233  0.0210  9.4616
276  52  0.1129  0.0143 10.0279
284  52 -0.2471 -0.0341 12.9736
292  52 -0.1793  0.0617  9.6604
  4  60 -0.4952  0.0000 13.5576
 12  60 -0.7677  0.0000 11.1304
 20  60 -0.9696  0.0000 11.1304
 28  60 -0.4981  0.0000  0.0000
 36  60 -0.3091  0.0000 11.1304
 44  60 -0.2952  0.0000 11.1304
 52  60 -0.3950  0.0000  0.0000
 60  60 -0.3788  0.0000  0.0000
 68  60 -0.1780  0.0000  0.0000
 76  60 -0.0345  0.0000 22.2609
 84  60  0.0974  0.0000  0.0000
 92  60  0.1960  2.5000 11.1304
100  60 -0.5000  0.0000  8.8276
108  60  0.1960 -0.5000 11.1304
116  60  0.2284  0.0000  0.0000
124  60  0.1313  0.0000  0.0000
132  60 -0.6389  0.0000  0.0000
140  60 -0.8907  0.0000 13.7544
148  60 -0.0008  0.0042  7.3284
156  60  0.0015  0.0024 11.2497
164  60  0.0033 -0.0053 11.2242
172  60 -0.0069  0.0099 11.2311
180  60  0.0006 -0.0073 10.6953
188  60 -0.0132 -0.0099  9.9790
196  60 -0.0482  0.1399  7.9638
204  60  0.6926  0.0000 10.1243
212  60  0.9309  0.0000  8.7453
220  60 -0.2208  0.1192  7.0932
228  60 -0.4929  0.0000  6.8970
236  60 -0.4206  0.0000  8.5951
244  60 -0.3239  0.0000 11.2640
252  60 -0.0149  0.2749  9.0775
260  60 -0.0221  0.0000 11.7363
268  60  0.0876  0.0000 10.8982
276  60  0.0575 -0.0170 12.6764
284  60  0.0936 -0.0369 20.3175
292  60  0.1631  0.0000  7.2698
  4  68 -0.0289  0.0000 11.1304
 12  68  0.0000  0.1960 11.1304
 20  68  0.0413  0.0000 16.1088
 28  68 -0.3234  0.0000  0.0000
 36  68 -0.0437  0.0000  0.0000
 44  68  0.2116  0.0000  0.0000
 52  68  0.4548  0.0000  0.0000
 60  68  0.0511  0.0000 11.1304
 68  68  0.5000 -0.3889  6.6693
 76  68  0.0182 -0.0644 14.3527
 84  68  0.2074  0.0000 16.4760
 92  68  0.0000  0.0000 11.8053
100  68 -0.2661 -0.2817  7.1595
108  68 -0.1063  0.0000 13.3565
116  68 -0.0549  0.0000 11.9011
124  68 -0.0000  0.0000 10.7801
132  68  1.4130  0.0000 11.1304
140  68  2.5000  0.0000  8.8276
148  68  0.0067  0.0097 10.7935
156  68 -0.3437  0.0000 19.4783
164  68 -0.1050  0.1638 17.0446
172  68 -0.1684 -0.1061  9.7508
180  68 -0.6155  0.3989  9.3968
188  68  0.0861 -0.1697  9.0225
196  68  1.0048  0.0000  8.0000
204  68  1.8523  0.0000  0.0000
212  68  2.3039  0.0000  0.0000
220  68  1.2850  0.0000  0.0000
228  68  0.0920  0.0000  0.0000
236  68 -0.0585  0.0000  0.0000
244  68  0.0000  2.5000  8.8276
252  68 -0.3374  0.0000  0.0000
260  68 -0.3732  0.0000 16.1088
268  68  0.0364 -0.2387 11.3832
276  68  1.0199  0.0000  8.6413
284  68 -0.0060 -0.1098  9.6311
292  68  0.4063  0.0000 12.5085
  4  76  0.5316  0.0000  0.0000
 12  76  1.2284  0.0000 11.1304
 20  76  2.2901  0.0000 11.1304
 28  76 -0.3647  0.0000 11.1304
 36  76 -0.1213  0.0000 11.1304
 44  76  0.1151  0.1151 16.5161
 52  76  0.2098  0.0000 11.1304
 60  76  0.9892  0.0000 11.1304
 68  76  1.3545  0.0000 20.7503
 76  76  0.5281  0.0000 10.3342
 84  76 -0.0701 -0.1030  8.5082
 92  76 -0.0945  0.0000 14.6131
100  76 -0.1228  0.0000 17.0667
108  76 -0.1219  0.0000 11.1304
116  76  0.6522  0.0000  8.4768
124  76  1.9156  0.0000 11.1304
132  76  3.4067  0.0000 12.0628
140  76  4.5000 -0.1174 13.8795
148  76  2.2022  0.0000 15.0037
156  76 -0.1138 -0.1378 11.4627
164  76 -0.1912  0.0000 12.4272
172  76 -0.1627  0.0000  0.0000
180  76 -0.4900  0.0000  0.0000
188  76 -0.7817  0.0000 16.6956
196  76 -0.5000  2.1375  8.5593
204  76  2.5000  0.3554  7.4688
212  76  1.3284  0.0000  0.0000
220  76  0.8030  0.0000  0.0000
228  76  0.9617  0.0000 11.1304
236  76  2.1514  0.0000  0.0000
244  76  4.5000 -0.5000  4.0635
252  76 -0.4002  0.0000  0.0000
260  76 -0.2893  0.0000 13.1641
268  76 -0.2292  0.0000  0.0000
276  76 -0.1529  0.0000  0.0000
284  76  0.2358  0.0000 16.1088
292  76 -0.0539  0.0000 16.1088
  4  84  0.8675  0.0000 17.0667
 12  84  0.1638  0.0000  0.0000
 20  84 -0.0572  0.0000 11.1304
 28  84 -0.0521  0.0000 18.0880
 36  84  0.1929 -0.0116  9.9968
 44  84  0.8302  0.0000  0.0000
 52  84  1.8542  0.0000 15.6775
 60  84  2.9680  0.0000 11.4658
 68  84  3.3917  0.0000  8.2444
 76  84  1.8714  0.0000 10.1261
 84  84  0.2140  0.0000  8.6564
 92  84 -0.1410  0.0000  9.9881
100  84 -0.0480  0.0076 12.0923
108  84 -0.3293  0.0000 11.1304
116  84 -0.5585  0.0000 13.5576
124  84 -0.2440  0.0000 17.2183
132  84  1.1365  0.0000 11.1304
140  84  0.8326  0.0000 11.1304
148  84  0.4256  0.1293  7.2484
156  84  0.6775  0.0000  0.0000
164  84  2.0770  0.0000 11.1304
172  84  3.9893  0.0000  0.0000
180  84 -0.3100  0.0000  0.0000
188  84 -0.3741  0.0000  0.0000
196  84 -0.5000 -0.5000  4.0635
204  84 -0.5000 -0.5000  7.4160
212  84  0.0000 -0.1960 11.1304
220  84 -1.5000  0.0000  8.2581
228  84  1.5000 -0.5000  4.0635
236  84  0.0000 -0.1960 11.1304
244  84 -0.1362  0.0000  0.0000
252  84 -0.1274  0.0000  0.0000
260  84  0.0941  0.0000 11.1304
268  84  0.5021  0.0000  0.0000
276  84  1.0917  0.0000  0.0000
284  84  1.7327  0.0000 11.1304
292  84  1.8122  0.0000 11.1304
  4  92  0.9156  0.0000 11.1304
 12  92 -0.0542  0.0000  0.0000
 20  92 -0.2855  0.0329 12.1905
 28  92  0.0062 -0.1707 15.5152
 36  92 -0.1143  0.0000  0.0000
 44  92 -0.2856  0.0000 16.6957
 52  92 -0.2604  0.0000  9.7047
 60  92  0.0000  0.0000  6.6726
 68  92 -0.0207  0.0000 10.2910
 76  92 -0.3053  0.0000  8.2581
 84  92 -0.0478  0.0914 14.3324
 92  92  1.5517  0.0000 12.6340
100  92  2.0575  0.0000  0.0000
108  92 -0.0644  0.0000 11.1304
116  92 -0.1958  0.0000 16.1088
124  92 -0.2433  0.0000 16.1088
132  92 -0.0749  0.0000  0.0000
140  92  0.3616  0.0000 16.1088
148  92  0.1960  0.0000 11.1304
156  92  0.0000 -0.5000  8.9154
164  92 -0.5000 -0.0203 12.4022
172  92 -0.1215 -0.1200 17.1775
180  92 -0.1834 -0.0484 13.7039
188  92 -0.0698  0.0000  0.0000
196  92  0.0458  0.0000  0.0000
204  92  0.1841  0.0418 12.3683
212  92  0.5290  0.0000  0.0000
220  92  0.4916  0.0000 11.1304
228  92 -0.0395  0.0000 10.2729
236  92 -0.5000 -0.0812 10.1857
244  92 -0.4995  0.0000 13.5576
252  92 -0.1151  0.0000  0.0000
260  92  0.0694  0.0000  0.0000
268  92  0.0595  0.0000  0.0000
276  92  0.0161  0.0000 16.1088
284  92 -0.0029  0.0000 11.1304
292  92 -0.1157  0.0000 19.1045
  4 100 -0.4342  0.1409  8.7273
 12 100  0.0282  0.8270  7.4710
 20 100  1.5000  0.1110  8.4253
 28 100 -0.0582 -0.0292 15.7491
 36 100  0.1656 -0.0786 10.7522
 44 100  0.0168  0.0000 22.2609
 52 100  0.0365  0.0000 10.1191
 60 100  0.2405  0.0000 12.0204
 68 100  0.5650  0.0000 10.0068
 76 100  0.6128  0.0000  8.0000
 84 100  0.3029  0.0438 14.2853
 92 100 -0.2442  0.0000 16.2126
100 100 -0.0815  0.0000 13.0803
108 100  0.0595  0.0000 19.4783
116 100 -0.0139  0.0000  0.0000
124 100 -0.1285  0.0000 16.1088
132 100 -0.2166  0.1179  7.0951
140 100 -0.1148  0.0000  0.0000
148 100 -0.1868  0.0000 12.0455
156 100 -0.4363 -0.4002  8.0688
164 100 -0.2498  0.0000 11.1304
172 100 -0.5145  0.0000 12.0628
180 100 -0.0616  0.0000  0.0000
188 100  0.3321 -0.1276 10.3409
196 100  0.4734  0.0000 11.1304
204 100  0.4649  0.0000  0.0000
212 100  0.4219  0.0000 11.1304
220 100  0.4358  0.0000 11.1304
228 100  0.2907  0.0403 10.5761
236 100 -1.7362  0.0000  6.8449
244 100 -0.2080 -0.2715 12.3107
252 100 -0.5000 -0.5000  4.0635
260 100  0.0902  0.0000  0.0000
268 100  0.0944  0.0000 11.1304
276 100  0.1578  0.0000 11.1304
284 100  0.3179  0.0000  0.0000
292 100  0.5579  0.0000  0.0000
  4 108  0.7029  0.0000 10.1661
 12 108  0.4088  0.2658 11.3778
 20 108 -0.1530 -0.0577 14.6691
 28 108 -0.0323  0.0000  8.1249
 36 108  0.3127  0.1061  9.8739
 44 108  0.0699  0.0000 12.0628
 52 108 -0.0989  0.0000  0.0000
 60 108 -0.2021  0.0000  0.0000
 68 108 -0.2066  0.0000 11.1304
 76 108 -0.1821  0.0000 11.1304
 84 108  0.0125  0.0000 11.1304
 92 108  0.5869  0.0103 11.5534
100 108 -0.5000  0.0000  8.8276
108 108  0.0698  0.2911 10.5124
116 108  0.4573  0.0000  0.0000
124 108  0.8278  0.0000  0.0000
132 108  0.8387  0.0000  0.0000
140 108  0.6346  0.0000 16.1088
148 108  0.4469  0.0000 16.1088
156 108  0.0610  0.5000  7.7665
164 108 -0.8671  0.0000 12.0455
172 108 -0.4851  0.0000 13.1641
180 108 -0.5421  0.0000  0.0000
188 108  0.0000  0.0000  8.8276
196 108  0.1018  0.0000 16.1088
204 108  0.1311  0.0000  0.0000
212 108  0.1476  0.0000  0.0000
220 108  0.2596  0.0000  0.0000
228 108  0.7260  0.0000 11.1304
236 108  1.5000  0.0000  8.2581
244 108  0.2488  0.0000  0.0000
252 108 -0.1824 -1.6838  7.3143
260 108 -0.1119  0.0000 11.1304
268 108 -0.2203  0.0000  0.0000
276 108 -0.1110  0.0000  0.0000
284 108 -0.0731  0.0000 11.1304
292 108 -0.1029  0.0000 11.1304
  4 116 -0.1330  0.0000 18.9370
 12 116 -0.0415  0.2503  7.1197
 20 116  0.4413  0.0000  0.0000
 28 116  0.1077  0.0000 16.1088
 36 116  0.1277  0.0000  0.0000
 44 116  0.3918  0.0000  0.0000
 52 116  1.1696  0.0000  0.0000
 60 116  1.1569  0.0000  0.0000
 68 116  0.6854  0.0000  0.0000
 76 116  0.4098  0.0000 12.0628
 84 116  0.2423  0.0000 14.2222
 92 116  0.0505  0.0872 13.6114
100 116 -0.1269  0.0000 13.7544
108 116 -0.2889  0.0000 11.1304
116 116  0.1960  0.0000 11.1304
124 116  0.1571  0.0000 11.1304
132 116  0.0639  0.0000  0.0000
140 116 -0.2333  0.0000 11.1304
148 116 -0.7769  0.0000  0.0000
156 116 -1.2311  0.0000 13.1641
164 116 -2.1588  0.0000 17.0667
172 116 -1.0492  0.0305 12.6667
180 116 -0.4493  0.0000  0.0000
188 116 -0.5000 -0.5000  4.0635
196 116 -0.6743  0.0000  0.0000
204 116 -0.0990  0.0000  0.0000
212 116  0.1223  0.0000  0.0000
220 116  0.0933  0.0000  0.0000
228 116  0.0445  0.0000  0.0000
236 116  0.1686  0.0000 11.1304
244 116  0.5218  0.0000  1.0000
252 116  0.5000  0.0000  8.4768
260 116  0.0255  0.0000 16.1088
268 116  0.0000  0.5000  8.2581
276 116  1.5000 -0.2302  9.0724
284 116  1.4786  0.0000 16.1088
292 116  0.6306  0.1105 11.2757
  4 124  0.2547  0.0000  0.0000
 12 124  0.1841 -0.0418 12.3683
 20 124  0.1351  0.0000  8.4768
 28 124  0.0311  0.0000  0.0000
 36 124 -0.0411  0.0000 11.1304
 44 124  0.2203  0.0000 11.1304
 52 124  0.2317  0.0000  0.0000
 60 124  0.1784  0.0000  0.0000
 68 124 -0.2237 -0.2000  8.0000
 76 124 -1.2642  0.0000 16.1088
 84 124 -1.7387  0.0000 16.1088
 92 124 -4.9386  4.8642 16.2025
100 124  0.0418 -0.1521 12.6567
108 124  0.2394  0.0000 16.1088
116 124 -0.5082  0.0000 16.7450
124 124 -1.1711  0.0215 11.8291
132 124  0.0000  0.1960 11.1304
140 124  0.3056  0.0000 16.1088
148 124  0.2052  0.0000  0.0000
156 124  0.0874  0.0000 16.1088
164 124  0.1960  2.5000 11.1304
172 124  0.4669  0.0000 11.1304
180 124  0.1536  0.0000 16.1088
188 124 -0.2599  0.0000  0.0000
196 124 -0.2427  0.0000 11.1304
204 124  0.7853  0.0000  0.0000
212 124  1.7873  0.0000  0.0000
220 124  1.0766  0.0000  0.0000
228 124  0.1732  0.0000  0.0000
236 124  0.0096  0.0000 11.1304
244 124  0.0226  0.0000  0.0000
252 124  0.0415  0.0000  0.0000
260 124  0.0853  0.0000 17.0667
268 124  0.0405  0.0000  0.0000
276 124  0.2782  0.0000 11.1304
284 124  0.4972  0.0000 16.1088
292 124  0.5000 -0.5000  7.8168
  4 132 -0.5000  0.0000  8.8276
 12 132  2.5000  0.0000  8.8276
 20 132 -0.3128  0.0000  0.0000
 28 132  0.6999  0.0000 11.1304
 36 132  0.5740  0.0000 11.1304
 44 132 -0.1229  0.0000  0.0000
 52 132 -0.7176  0.0000  0.0000
 60 132 -0.5000 -0.0391  9.3822
 68 132  0.2170  0.0000 16.1088
 76 132  0.0494  0.0000 11.1304
 84 132 -0.1347  0.0000  0.0000
 92 132  0.0631  0.0000 11.1304
100 132  0.6895  0.0000 11.1304
108 132 -0.0418  0.1521 12.6567
116 132 -0.4788  0.0000 13.5576
124 132 -0.6457 -0.0610  6.8903
132 132  0.0000 -0.1960 11.1304
140 132  2.5000  0.0000  8.8276
148 132  1.5641  0.0000 16.1088
156 132 -0.0000 -0.1254  9.5560
164 132 -0.1045  0.4072 11.6193
172 132 -0.0750  0.0000  0.0000
180 132  0.0000  2.5000  8.8276
188 132  0.0900  0.0000 11.1304
196 132 -0.2835  0.0000  0.0000
204 132  0.1519  0.0000  0.0000
212 132  0.4931  0.0000  0.0000
220 132  0.7122  0.0000 11.1304
228 132  0.7997  0.0000  0.0000
236 132  2.2554  0.0000  0.0000
244 132  1.2222  0.0000  0.0000
252 132  1.0046  0.0000 11.1304
260 132  0.7138  0.0000 11.1304
268 132  0.3324  0.0000 11.1304
276 132  0.0550  0.0000  0.0000
284 132 -0.0189 -0.0347  9.6583
292 132  0.3145 -0.0264 11.0777
  4 140 -0.4105  0.0000 11.1304
 12 140 -0.6485  0.0000  0.0000
 20 140 -0.2780 -0.1270 13.3759
 28 140  1.5000  0.0000  8.2581
 36 140  0.6736  0.0000  0.0000
 44 140 -0.1466  0.0000 11.1304
 52 140 -0.5355  0.0000 11.1304
 60 140  0.0000 -0.5000  8.8276
 68 140  2.5000  0.0000  8.8276
 76 140  1.7636  0.0000  0.0000
 84 140  0.4947  0.0000  0.0000
 92 140  0.0208  0.0000 11.1304
100 140 -0.0932  0.0000  0.0000
108 140 -0.0691  0.0000 12.0628
116 140  0.0000  0.0000 16.8408
124 140 -0.5000  0.2274  6.6693
132 140 -0.0136  0.0000  0.0000
140 140  0.3046  0.0000 11.1304
148 140  0.6025  0.0000 11.1304
156 140  0.9363  0.0000 11.1304
164 140  1.5119  0.0000 11.1304
172 140  1.0815  0.0000 11.1304
180 140  0.6619  0.0000 12.0628
188 140  0.5002  0.0000 11.1304
196 140  0.5287  0.0000  0.0000
204 140  0.7125  0.0000  0.0000
212 140  0.7447  0.3027  4.7863
220 140 -1.8063  0.5505  4.3314
228 140 -1.7454  0.0000 11.1304
236 140 -1.2713  0.0000 11.1304
244 140 -0.4680  0.0000 11.1304
252 140  0.7177  0.0000  0.0000
260 140  0.5548  0.0000 11.1304
268 140  0.0103  0.0000  0.0000
276 140 -0.3566  0.0000  9.4208
284 140 -0.1283 -0.2301  9.2370
292 140  1.0723  0.0000 13.9957
  4 148  1.0024  0.0000  0.0000
 12 148  0.3952  0.0000 18.8048
 20 148 -0.0000  0.0000  9.1934
 28 148 -0.1306  0.0000  0.0000
 36 148 -0.1457  0.0000  0.0000
 44 148 -0.1455  0.0000  0.0000
 52 148 -0.2240  0.0000 16.7450
 60 148 -0.0475  0.0000 16.1088
 68 148  0.0370  0.0000  0.0000
 76 148  0.2594  0.0000  0.0000
 84 148  0.5560  0.0000  0.0000
 92 148  0.7753  0.0000  0.0000
100 148  0.4640  0.0000 11.1304
108 148 -0.0260 -0.0312  8.0383
116 148 -0.0376 -0.0832  9.0387
124 148  0.1328  0.0000  0.0000
132 148  0.2101  0.0000  0.0000
140 148 -0.1942  0.0000 11.1304
148 148 -1.7489  0.0000 11.1304
156 148 -1.9486  0.0000 16.1088
164 148 -1.4861  0.0000 16.1088
172 148 -0.7239  0.0000 17.2183
180 148  0.0799  0.0000 11.1304
188 148  0.2424  0.0000  0.0000
196 148  0.0281  0.0000 11.1304
204 148 -0.2192  0.0000  0.0000
212 148 -0.2001 -0.0600  5.4093
220 148  0.0198  0.2071  6.5233
228 148  0.1856  0.0000  0.0000
236 148  0.0390  0.0000  0.0000
244 148 -0.1225  0.0000  0.0000
252 148 -0.1845  0.0000  0.0000
260 148 -0.1947  0.0000  0.0000
268 148 -0.2343  0.0000  0.0000
276 148  0.4293  0.0000  0.0000
284 148  0.0971  0.0000  0.0000
292 148 -0.2257  0.0000 19.1045
  4 156 -0.1204  0.0000 19.4783
 12 156  0.1454  0.0000  9.4948
 20 156  0.3001  0.0000  0.0000
 28 156  0.1085  0.0000 11.1304
 36 156 -0.2211  0.0000  0.0000
 44 156 -0.3250  0.0000 11.1304
 52 156 -0.3178  0.0000 11.2521
 60 156 -0.4233  0.0000 13.1641
 68 156 -0.8592  0.0000  0.0000
 76 156 -1.6452  0.0000  0.0000
 84 156 -1.7737  0.0000  0.0000
 92 156 -1.4129  0.0000  0.0000
100 156 -0.8469  0.0000  0.0000
108 156 -0.2768  0.0000  0.0000
116 156  0.0000 -0.5000  8.8276
124 156 -0.0025  0.0000  0.0000
132 156 -0.1931  0.0000  0.0000
140 156 -0.3158  0.0000  0.0000
148 156 -0.3315  0.0000  0.0000
156 156 -0.2580  0.0000  0.0000
164 156 -0.2515  0.0000 12.0455
172 156 -0.2535  0.0000 13.0803
180 156 -0.2194  0.0000  0.0000
188 156 -0.1786  0.0000  0.0000
196 156 -0.1969  0.0000  0.0000
204 156  1.2581  0.0000  0.0000
212 156  0.4720  0.0000 11.1304
220 156 -0.3696 -0.2945  8.0000
228 156 -0.3480  0.0000 16.1088
236 156 -0.0786  0.0000 11.1304
244 156  0.1192  0.0000 11.1304
252 156 -0.0125  0.0000 11.1304
260 156 -0.2804  0.0000 16.1088
268 156 -0.4798  0.0000  0.0000
276 156 -0.6294  0.0000  0.0000
284 156 -0.8396  0.0000 11.1304
292 156 -1.1844  0.0000  0.0000
  4 164 -1.5466  0.0000 13.0803
 12 164 -1.4603  0.0000 11.1304
 20 164 -1.1470  0.0000 11.1304
 28 164 -0.8193  0.0000 11.1304
 36 164 -0.4452  0.0000  0.0000
 44 164 -0.1744  0.0000 12.0455
 52 164 -0.0561 -0.2765  9.5419
 60 164 -0.2447  0.0000 11.1304
 68 164 -0.4172  0.0000  0.0000
 76 164 -0.5061  0.0000  0.0000
 84 164 -0.4949  0.0000  0.0000
 92 164 -0.4388  0.0000  0.0000
100 164 -0.3400  0.0000 11.1304
108 164 -0.2042  0.0000 11.1304
116 164 -0.0736  0.0000 11.1304
124 164  0.0000  2.5000 12.0268
132 164  1.8208  0.0000  8.4768
140 164  1.2291  0.0000  0.0000
148 164  0.1146  0.0000 16.1088
156 164 -0.2331  0.0000  0.0000
164 164 -0.0809  0.0000 11.1304
172 164  0.1556  0.0000 12.2969
180 164 -0.0035  0.0000  0.0000
188 164 -0.2732  0.0000 11.1304
196 164 -0.5305  0.0000 11.1304
204 164 -0.7573  0.0000 11.1304
212 164 -0.9795  0.0000  0.0000
220 164 -1.1951  0.0000  0.0000
228 164 -1.3070  0.0337 12.4709
236 164 -0.9524  0.0000  0.0000
244 164 -0.6746  0.0000 11.1304
252 164 -0.6859  0.0000  0.0000
260 164 -0.5141  0.0000 17.0667
268 164 -0.3744  0.0000 12.0628
276 164 -0.3465  0.0000  8.0000
284 164 -0.4156  0.0000  0.0000
292 164 -0.5307  0.0000 22.2609
  4 172 -0.6253  0.0000 17.2183
 12 172 -0.6393  0.0000  0.0000
 20 172 -0.5605  0.0000  0.0000
 28 172 -0.3849  0.0000  0.0000
 36 172 -0.1360  0.0000 16.1088
 44 172  0.1138 -0.1378 11.4627
 52 172  0.3603  0.0000 16.1088
 60 172  1.3490  0.0000  0.0000
 68 172  2.0839  0.0000  0.0000
 76 172  0.3242  0.0000  0.0000
 84 172 -0.2104  0.0000  0.0000
 92 172 -0.1212  0.0000  0.0000
100 172  0.0476  0.0000  0.0000
108 172 -0.0290  0.0000 16.1088
116 172 -0.2468  0.0000  0.0000
124 172 -0.4977  0.0000  0.0000
132 172 -0.7201  0.0000  0.0000
140 172 -0.8645  0.0000  0.0000
148 172 -0.8422  0.0000  0.0000
156 172 -0.5462  0.0000  0.0000
164 172 -0.1212  0.0000 11.1304
172 172  0.0000 -0.5000  8.8276
180 172 -0.5000 -0.1588 10.5785
188 172 -0.4342  0.0000 16.1088
196 172 -0.4171  0.0000 11.1304
204 172 -0.5000  0.0000  8.8276
212 172 -0.4719  0.0000  0.0000
220 172 -0.5528  0.0000 11.1304
228 172 -0.6776  0.0000 11.1304
236 172 -0.7304  0.0000 11.1304
244 172 -0.6572  0.0000  0.0000
252 172 -0.4240  0.0000  0.0000
260 172 -0.0401  0.0000  0.0000
268 172  0.3294  0.0000  0.0000
276 172  0.7403  0.0000 19.4783
284 172 -0.5000  0.0000  8.8276
292 172  2.9133  2.5000  7.8006
  4 180 -0.1960 -0.5000 11.1304
 12 180 -0.3099  0.0000 16.1088
 20 180 -0.0734  0.0000 11.1304
 28 180  0.0746  0.0000 11.1304
 36 180  0.0210  0.0000 12.0455
 44 180 -0.1658  0.0000 11.1304
 52 180 -0.3919  0.0000  0.0000
 60 180 -0.5809  0.0000  0.0000
 68 180 -0.6492  0.0000  0.0000
 76 180 -0.4404  0.0000  0.0000
 84 180  0.2640  0.0000 11.1304
 92 180  0.6782  0.0000 11.1304
100 180  0.2444  0.0000  0.0000
108 180 -0.1180  2.5000  9.2850
116 180 -0.1174  4.1710 14.6131
124 180 -0.1559  0.0000  0.0000
132 180 -0.1756  0.0000  0.0000
140 180 -0.1928  0.0000 11.1304
148 180 -0.3705  0.0000  0.0000
156 180 -0.6256  0.0000  0.0000
164 180 -0.7696  0.0000 11.1304
172 180 -0.7601  0.0000 11.1304
180 180 -0.5268  0.0000  0.0000
188 180  0.0331  0.0000 12.0628
196 180  0.4693  0.0000  0.0000
204 180  0.9712  0.0000  0.0000
212 180 -1.5495  0.0000  0.0000
220 180  0.1164 -1.0000  7.6040
228 180 -0.2047  0.0000 11.1304
236 180  0.1760  0.0000 15.0588
244 180  0.2957  0.0000  0.0000
252 180  0.2996  0.0000  0.0000
260 180  0.1757  0.0000  0.0000
268 180 -0.0263  0.0000  0.0000
276 180 -0.2333  0.0000  0.0000
284 180 -0.3805  0.0000 11.1304
292 180 -0.4072  0.0000 11.1304
  4 188 -0.1556  0.0000 12.2969
 12 188  1.1029  0.0000  0.0000
 20 188  1.6089  0.0000  0.0000
 28 188  0.1519  0.0000 11.1304
 36 188 -0.0698  0.2911 10.5124
 44 188 -0.0896  0.0000  0.0000
 52 188  0.0790  0.0000  0.0000
 60 188  0.2868  0.0000  0.0000
 68 188  0.3340  0.0000 11.1304
 76 188  0.0157  0.0000  0.0000
 84 188 -0.4650  0.0000  0.0000
 92 188 -0.7267  0.0000 11.1304
100 188 -0.8583  0.0000 22.2609
108 188 -0.8039  0.0000 16.1088
116 188  0.0000 -0.5000  8.8276
124 188  0.4182  0.0000  0.0000
132 188  0.9185  0.0000  0.0000
140 188 -2.0217  0.0000 19.1045
148 188 -0.7479  0.0000 11.1304
156 188 -0.1609  0.0000  0.0000
164 188  0.4256  0.0000 11.1304
172 188  0.6124  0.0000  0.0000
180 188  0.5435  0.0000  0.0000
188 188  0.3449  0.0000 12.0628
196 188  0.1112  0.0000  0.0000
204 188 -0.0763  0.0000  0.0000
212 188 -0.1476  0.0000  0.0000
220 188 -0.0563  0.0000 11.1304
228 188  0.2722  0.0000  0.0000
236 188  1.8075  0.0000 12.0455
244 188  2.5000  0.0000  8.8276
252 188 -0.5000  6.0435 10.0787
260 188 -0.7017  0.0000  0.0000
268 188 -0.3304  0.0000  0.0000
276 188  0.2280  0.0000 11.1304
284 188  0.8045  0.0000 11.1304
292 188  1.0810  0.0000  0.0000
  4 196  0.6043  0.0000  1.0000
 12 196 -0.1841 -0.0418 12.3683
 20 196 -0.4974  0.0000 11.1304
 28 196 -0.7705  0.0000 12.0455
 36 196 -1.3070 -0.0337 12.4709
 44 196 -0.5564  0.0000  0.0000
 52 196  0.0476  0.0000  0.0000
 60 196  0.5734  0.0000  0.0000
 68 196 -2.0841  0.0000 16.1088
 76 196 -0.9343  0.0000 11.1304
 84 196 -0.0545  0.0000  0.0000
 92 196  0.7276  0.0000  0.0000
100 196  0.8852  0.0000 12.0628
108 196  0.7173  0.0000 11.1304
116 196  0.4391  0.0000 16.1088
124 196  0.1614  0.0000  0.0000
132 196 -0.0391  0.0000  0.0000
140 196 -0.0916  0.0000  0.0000
148 196  0.0000 -0.5000  8.8276
156 196 -0.3145 -0.0264 11.0777
164 196  0.9218 -0.1858  7.6910
172 196  0.0000  0.0855 10.6035
180 196  1.5000 -0.0448  8.9013
188 196 -0.1960  0.0000 11.1304
196 196 -0.2260  0.0000  0.0000
204 196  0.3660  0.0000 11.1304
212 196  1.2516  0.0000 11.1304
220 196  1.9781  0.0000  0.0000
228 196  1.3440  0.0000  0.0000
236 196  0.4035  0.0000 11.1304
244 196  0.0105  0.0000  0.0000
252 196  0.0000  2.5000  8.8276
260 196 -0.6186  0.0000  0.0000
268 196 -0.4898  0.0000  0.0000
276 196 -0.1603  0.0000  0.0000
284 196  0.1643  0.0000 11.1304
292 196 -1.8957  0.0000  0.0000
  4 204 -0.8943  0.0000  0.0000
 12 204  0.0000  2.5000  8.8276
 20 204  1.0000  0.0000  9.2850
 28 204  0.9998  0.0000  8.2581
 36 204  0.7212  0.0000 11.1304
 44 204  0.3966  0.0000 16.1088
 52 204  0.0900  0.0000 11.1304
 60 204 -0.1671  0.0000  0.0000
 68 204 -0.3297  0.0000  0.0000
 76 204 -0.3328  0.0000  0.0000
 84 204 -0.3415  0.0000  0.0000
 92 204  0.2401  0.0000  0.0000
100 204  0.1960 -0.5000 11.1304
108 204  0.7939  0.0000 16.1088
116 204 -0.0176  0.0000 11.1304
124 204 -0.2517  0.0000  0.0000
132 204  0.1235  0.0000 11.1304
140 204  1.0767  0.0000  0.0000
148 204  2.5000  0.1588 10.5785
156 204  1.5288  0.0000 16.1088
164 204  0.3636  0.0000 17.0667
172 204 -0.1068 -0.5000 14.1617
180 204 -0.1126  0.0000 13.5576
188 204 -0.3537  0.0000  0.0000
196 204 -0.3727  0.0000 11.1304
204 204 -0.2644  0.0000 11.1304
212 204 -0.1647  0.0000 11.1304
220 204 -1.5715  0.0000  0.0000
228 204 -0.7635  0.0000  0.0000
236 204 -0.0131  0.0000  0.0000
244 204  0.6359  0.0000 11.1304
252 204  0.6932  0.0000 11.1304
260 204  0.4688  0.0000  0.0000
268 204  0.2267  0.0000  0.0000
276 204 -0.0135  0.0000  0.0000
284 204 -0.2602  0.0000 11.1304
292 204 -0.5000  0.0000  8.8276
  4 212 -0.5000  0.0000  8.8276
 12 212 -0.3636  0.0000 11.9011
 20 212 -0.0758  0.0000 16.1088
 28 212 -0.0114  0.0000  8.2581
 36 212  0.0523  0.0000  0.0000
 44 212 -0.3738  0.0000  0.0000
 52 212 -0.7037  0.0000  0.0000
 60 212 -0.7617  0.0000 16.1088
 68 212 -0.5000  0.0000  8.8276
 76 212  0.7185  0.0000 16.1088
 84 212  0.4391  0.0000 16.1088
 92 212 -0.3696  0.2945  8.0000
100 212 -0.4065  0.0000 11.1304
108 212 -0.2559  0.0000  0.0000
116 212 -0.2547  0.0000 11.1304
124 212 -0.2766  0.0000 11.1304
132 212 -0.3004  0.0000 11.1304
140 212 -0.3684  0.0000  0.0000
148 212 -1.2103  0.0000 11.1304
156 212 -0.6346  0.0000  0.0000
164 212 -0.1060  0.0000 13.1641
172 212  0.2653  0.0000 14.5615
180 212  0.2918  0.0000  0.0000
188 212  0.1151  0.1151 16.5161
196 212  0.0382  0.1028 16.6166
204 212 -0.0173  0.0000 11.1304
212 212 -0.0700  0.0000  0.0000
220 212 -0.1411  0.0000  0.0000
228 212 -0.1905  0.0000  0.0000
236 212 -0.1668  0.0000  0.0000
244 212 -0.0871  0.0000  0.0000
252 212 -0.1253  0.0000  0.0000
260 212 -0.3577 -0.5000 13.4737
268 212 -0.7324  0.0000  0.0000
276 212 -1.1653  0.0000  0.0000
284 212 -1.3901  0.0000  0.0000
292 212 -1.2157  0.0000  0.0000
  4 220 -0.5000  0.0000 11.1304
 12 220 -0.4365  0.0000 11.1304
 20 220 -0.6031  0.0000  0.0000
 28 220 -0.4272  0.0000 16.1088
 36 220 -0.1618  0.0000 11.1304
 44 220 -0.0707  0.0000  0.0000
 52 220 -0.1208  0.0000 11.1304
 60 220 -0.2588  0.0000 16.1088
 68 220 -0.4611  0.0000  0.0000
 76 220 -0.8511  0.0000 17.2183
 84 220 -0.5000  0.0000  8.8276
 92 220 -0.1468 -0.7158 12.0903
100 220  0.0415  0.0000 11.1304
108 220  0.0048  0.0000  0.0000
116 220 -0.1191  0.0000 11.1304
124 220 -0.1037  0.0000  0.0000
132 220  0.0588  0.0000  0.0000
140 220  0.3077  0.0000  0.0000
148 220  0.5000  0.0000 11.1304
156 220  0.3232  0.0000 11.1304
164 220  0.1660  0.0000 12.0628
172 220  0.1401  0.2399 12.1506
180 220  0.1648  0.0000  0.0000
188 220  0.0000  0.5000  8.0688
196 220 -0.8042  0.0000 13.1641
204 220 -1.6397  0.0000  0.0000
212 220 -2.1269  0.0000  0.0000
220 220 -2.0816  0.0000 11.1304
228 220 -1.6105  0.0000  0.0000
236 220 -1.2113  0.0000  0.0000
244 220 -0.8375  0.0000  0.0000
252 220 -0.3132  0.0000  0.0000
260 220  0.1960  0.0000 11.1304
268 220  0.2999  0.0000  0.0000
276 220  0.1525  0.0000  0.0000
284 220 -0.1373  0.0000  0.0000
292 220 -0.4905  0.0000  0.0000
