VARIABLES= "X pix", "Y pix", "U pix/dt", "V pix/dt", "CHC", ZONE I=28, J=37
  4   4 -0.0013 -0.0150 10.5601
 12   4  0.0307  0.0253 10.5984
 20   4  0.0112 -0.0147 10.6733
 28   4 -0.0187  0.0153 10.7885
 36   4  0.0049  0.0142 10.9957
 44   4  0.0041  0.0168 10.9317
 52   4  0.0000  0.0000 11.0456
 60   4  0.0000 -0.0007 11.0567
 68   4  0.0000  0.0269 11.2757
 76   4  0.0000  0.0000 10.0666
 84   4  0.0041 -0.0477 11.3465
 92   4  0.0000  0.0000 12.7772
100   4 -0.0051 -0.0980 12.6839
108   4  0.0000 -0.0413 13.1926
116   4  0.0039 -0.0154 11.4053
124   4  0.0000  0.0000 11.0456
132   4  0.0042  0.0197 10.9709
140   4  0.0000 -0.0052 11.6624
148   4  0.0000  0.0119 11.4836
156   4 -0.0113  0.0122 12.1848
164   4  0.0529  0.0112 11.8358
172   4  0.0000  0.0000 11.9577
180   4 -0.0436 -0.0245 11.7040
188   4  0.0000  0.0095 12.0915
196   4  0.0450 -0.0590 11.2818
204   4  0.0000  0.0000 11.7754
212   4  0.0000  0.0374 11.4514
220   4  0.0124  0.0538 11.7539
228   4 -0.0596 -0.0024 11.3980
236   4  0.0736 -0.0420  8.6811
244   4 -0.0818  0.0036  8.7430
252   4 -0.0014 -0.1209 10.9808
260   4 -0.0670  0.0128 10.6636
268   4 -0.0416 -0.0626 10.4463
276   4  0.0000  0.1073 12.2826
284   4  0.0000  0.0000 13.0803
292   4  0.0000  0.0000 13.0803
  4  12 -0.0207 -0.0588  8.8028
 12  12 -0.0472  0.0385  9.9905
 20  12  0.0170  0.0379 10.1320
 28  12 -0.0571 -0.0159 11.4009
 36  12 -0.1702 -0.0874 16.3927
 44  12  0.0000  0.0447 15.2780
 52  12  0.0522 -0.3627 10.8950
 60  12 -0.1447 -0.0065  8.4087
 68  12  0.0071  0.0647 13.1280
 76  12 -0.0712  0.0159 10.7388
 84  12  0.0352  0.1211  8.4500
 92  12  0.0000  0.0488  8.8276
100  12  0.0612  0.0329  9.1520
108  12 -0.1058  0.1641  9.7223
116  12  0.0380 -0.1067 10.1440
124  12  0.0000  0.0000 10.2197
132  12 -0.0177 -0.0242  9.8265
140  12  0.0000  0.0312 10.0188
148  12  0.0353  0.0070 10.2206
156  12  0.0000  0.0106 10.2702
164  12 -0.0371 -0.0121 11.8272
172  12  0.2377  0.0988  8.7539
180  12 -0.0091  0.0096  9.8444
188  12  0.0107  0.0078  9.9410
196  12  0.0200  0.0114  8.9068
204  12  0.0167  0.0242 10.6486
212  12 -0.0110  0.1018 15.9589
220  12 -0.0152  0.0205 13.1366
228  12  0.0280  0.4278  9.9923
236  12 -0.0162 -0.2303  6.9439
244  12  0.0547  0.5000 10.6304
252  12 -0.1073 -0.3506 10.0438
260  12  0.0298 -0.1759 10.5240
268  12 -0.0224 -0.0231 11.0642
276  12  0.0788  0.0663 10.8145
284  12  0.0220  0.1860  8.1987
292  12  0.0281  0.1025  7.4737
  4  20 -0.0145  0.0152 15.6384
 12  20 -0.0055  0.0514 13.4379
 20  20 -0.0375 -0.0353 11.9339
 28  20 -0.0349  0.0652 12.9917
 36  20  0.0808  0.0139 12.8154
 44  20 -0.0595 -0.0088 12.6674
 52  20 -0.0092  0.1045 13.8041
 60  20 -0.0332  0.0533 16.3887
 68  20  0.0000  0.0000 16.0434
 76  20  0.0330  0.0038 18.6958
 84  20  0.0329 -0.0052 15.0335
 92  20 -0.0007  0.0371 13.7691
100  20 -0.0424  0.0501 10.8745
108  20  0.0247  0.0081  9.3230
116  20  0.0276  0.0335 13.4707
124  20  0.0209  0.0125 12.7821
132  20  0.0000  0.0067 13.0899
140  20  0.0409  0.0271 12.5919
148  20 -0.0002  0.0387 13.3773
156  20 -0.0220  0.0065 12.9328
164  20  0.0293  0.0034 13.8665
172  20 -0.0077  0.0168 12.9190
180  20  0.0264 -0.0018 12.3389
188  20  0.0042 -0.0002 17.4678
196  20  0.0023  0.0319 16.6188
204  20  0.0277 -0.0042 18.3716
212  20  0.0043 -0.0666 18.5045
220  20 -0.0590  0.0202 28.2568
228  20 -0.0134 -0.0133 22.0199
236  20 -0.1364 -0.0438 12.3540
244  20  0.2232  0.0630 11.4904
252  20  0.0382  0.0463 14.2055
260  20 -0.0650  0.1081 10.8835
268  20  0.0225  0.0492 10.0040
276  20  0.1149  0.1223 10.0576
284  20 -0.1047  0.0924  9.8707
292  20 -0.0475 -0.0140 14.8676
  4  28  0.0351  0.0438  9.4616
 12  28 -0.0865  0.0716  9.9134
 20  28  0.0014  0.0265 10.2622
 28  28  0.0033  0.0110  9.5452
 36  28 -0.0178 -0.0032  9.9871
 44  28 -0.0201  0.0008 10.6263
 52  28 -0.0059 -0.0043 10.1107
 60  28 -0.0126  0.0118 10.1674
 68  28  0.0239  0.0329 10.4590
 76  28 -0.0065  0.0221 10.6051
 84  28  0.0204 -0.0256  9.9412
 92  28 -0.0027 -0.0069  9.8692
100  28 -0.0313 -0.0016 11.5457
108  28  0.0089 -0.0030 16.5555
116  28  0.0270  0.0026  9.3996
124  28  0.0072 -0.0007 10.5793
132  28 -0.0091 -0.0059  9.0970
140  28  0.0006 -0.0021  9.6012
148  28 -0.0078  0.0271  9.8032
156  28  0.0203  0.0215 20.2489
164  28 -0.0247  0.0662 14.1930
172  28 -0.1451  0.0872 13.2917
180  28  0.0994  0.0221 17.9172
188  28  0.1356 -0.0604 13.7953
196  28  0.0574  0.0270  9.5225
204  28  0.0075  0.0115 10.0072
212  28 -0.0014  0.0066 10.6742
220  28 -0.0007  0.0128 11.6276
228  28 -0.0044  0.0231 10.5404
236  28 -0.0045  0.0007 10.2745
244  28 -0.0113  0.0052 10.4891
252  28  0.0076  0.0024 10.4972
260  28 -0.0158  0.0162 17.0264
268  28 -0.0128  0.0124 17.7224
276  28  0.0461  0.0177 22.6959
284  28  0.0339 -0.0062 21.0983
292  28  0.0226 -0.0084 15.7824
  4  36  0.0147 -0.0039  7.6831
 12  36 -0.0008  0.0037  7.8834
 20  36 -0.0234 -0.0052  6.8716
 28  36 -0.0434  0.0074  6.3394
 36  36  0.1163  0.1551  6.4659
 44  36 -0.0086  0.1237  6.2561
 52  36 -0.0243  0.0622  7.0665
 60  36 -0.0221  0.0246  8.6646
 68  36 -0.0144  0.0084  9.0452
 76  36 -0.0950 -0.0009  8.8293
 84  36  0.1116 -0.0890 11.0076
 92  36 -0.0987  0.0338 11.3901
100  36 -0.0480  0.1492  9.3621
108  36  0.0000  0.0340  8.1935
116  36  0.0489 -0.0414  8.0946
124  36  0.1820 -0.0318  6.0593
132  36  0.0000 -0.1967  8.5333
140  36  0.5000 -0.0418 12.4022
148  36 -0.0962  0.1114 11.6594
156  36  0.0031  0.0502 11.4267
164  36 -0.0354  0.0836 14.9069
172  36  0.0217  0.1131 14.2127
180  36  0.1762  0.1020 10.9760
188  36  0.2397  0.0975 13.1607
196  36 -0.0408 -0.0461  8.1845
204  36  0.2676 -0.0149 12.5754
212  36  0.0000  0.0000 14.6166
220  36 -0.0070 -0.1846 11.5091
228  36  0.0000  0.0000 14.4906
236  36 -0.3208  0.1231  8.9997
244  36  0.1673  0.1405 11.6519
252  36  0.3646  0.0091 10.6790
260  36  0.0056 -0.3520  8.2732
268  36  0.1000 -0.1185  7.6234
276  36 -0.0118 -0.1168  6.2833
284  36  0.0342  0.0119  7.4515
292  36  0.0023 -0.0106  7.7611
  4  44  0.0000  0.0000 20.7059
 12  44  0.0000  0.3649 11.1304
 20  44  0.0925  0.0208 15.0150
 28  44 -0.0088 -0.0179 12.5766
 36  44 -0.1564 -0.0402 16.0460
 44  44  0.0000  0.0000 12.1260
 52  44  0.0000  0.0000 10.5606
 60  44  0.0000  0.0000  8.7453
 68  44  0.0000 -0.1826  8.9154
 76  44  0.0711  0.1313  8.4328
 84  44 -0.0612 -0.8768  9.4815
 92  44 -1.0000  0.0000  9.2850
100  44  0.0000  0.0000 16.1088
108  44  0.0000  0.0000  0.0000
116  44  0.0000  0.0000  0.0000
124  44  0.4342 -0.1409  8.7273
132  44  0.0000  0.0000 11.1304
140  44  0.0000  0.0000  0.0000
148  44 -1.0094  0.1231  8.5333
156  44 -0.0017  0.0016 17.7601
164  44  0.0948  0.1143  9.5569
172  44  0.0004  0.1128 10.9742
180  44  0.0623  0.0658  9.2040
188  44 -0.0954  0.1932  9.1977
196  44 -0.0459  0.1292  6.2815
204  44  0.0000  0.0000  9.3399
212  44 -0.0384  0.0239  8.2849
220  44  0.0000  0.0000  8.9436
228  44 -0.0033  0.1662 12.5292
236  44 -0.0224 -0.0052 10.8291
244  44  0.0128 -0.1206 11.2351
252  44  0.1542 -0.0094 14.2646
260  44 -0.2627 -0.2755 11.7885
268  44  0.3130 -0.2068  6.5864
276  44  0.2141 -0.0341 12.3209
284  44 -0.5000  0.0000  8.8276
292  44  0.0085  0.0259  9.5652
  4  52  0.0000  0.0000  8.9436
 12  52  0.0703  0.3324  7.5054
 20  52  0.0000  0.0000  9.7047
 28  52  1.5000  0.1110  8.4253
 36  52  0.0000  0.0000 11.1304
 44  52  0.0000  0.0000 17.0667
 52  52  0.0000  0.0000  0.0000
 60  52  0.0000  0.0000  0.0000
 68  52  0.0000  0.0000  0.0000
 76  52  0.0000  0.0000 11.1304
 84  52  0.0000  0.0000 11.1304
 92  52  0.0000  0.5000  8.0688
100  52  0.0000  0.0000 11.1304
108  52  0.0000  0.0000  0.0000
116  52  0.0000  0.0000 11.1304
124  52  0.0000  0.0000  0.0000
132  52  0.0000  0.0000  0.0000
140  52  0.0000  0.0000  0.0000
148  52 -0.0952  0.2773  6.2320
156  52 -0.0050  0.0730 12.5172
164  52  0.0944  0.1457 18.4737
172  52  0.0181  0.1364  9.7510
180  52 -0.0027  0.1382 12.5074
188  52 -0.0667  0.0261 16.9298
196  52 -0.0226  0.0363  5.9400
204  52  0.0382  0.1028 16.6166
212  52  0.0000  0.0000  0.0000
220  52  0.0000  0.0000  8.0000
228  52 -0.0226  0.0317 15.2031
236  52  0.1123  0.0521 18.5176
244  52  0.0000 -0.1935 10.3784
252  52  0.0000  0.0000 13.3851
260  52  0.2012 -0.0958  9.6672
268  52  0.0000  0.0000  9.4762
276  52  0.1480 -0.1450  8.7747
284  52 -0.1092 -0.1224 11.9444
292  52  0.0000 -0.0288  9.8239
  4  60  0.0000  0.0000 13.5576
 12  60  0.0000  0.0000 11.1304
 20  60  0.0000  0.0000 11.1304
 28  60  0.0000  0.0000  0.0000
 36  60  0.0000  0.0000  0.0000
 44  60  0.0000  0.0000  0.0000
 52  60  0.0000  0.0000  0.0000
 60  60  0.0000  0.0000  0.0000
 68  60  0.0000  0.0000  0.0000
 76  60  0.0000  0.0000  0.0000
 84  60  0.0000  0.0000  0.0000
 92  60  0.1415  5.5000 10.0674
100  60  3.7362  0.1450  7.9834
108  60     NaN     NaN  9.3822
116  60  0.0000  0.0000  0.0000
124  60  0.0000  0.0000  0.0000
132  60  0.0000  0.0000  0.0000
140  60  0.0000  0.0000 13.7544
148  60  0.0070  0.0653  7.0894
156  60  0.0139  0.0691 11.1013
164  60 -0.0287  0.0527 11.2874
172  60  0.0107  0.0517 11.2930
180  60  0.0028  0.0806 10.9399
188  60  0.0245  0.0522 10.2800
196  60 -0.0128 -0.0330  7.8235
204  60 -0.0100  0.2033 10.7848
212  60  0.0677  0.2094  9.3970
220  60 -0.2500 -0.1544  7.8484
228  60  0.0000  0.0000  6.8970
236  60  0.0837 -0.5379  7.1565
244  60  0.0498  0.1968  9.1429
252  60  0.0051  0.2361 10.3218
260  60 -0.0881  0.1529 10.3842
268  60  0.0558 -0.0080 10.6810
276  60  0.0383  0.1108 12.5031
284  60  0.1084  0.0157 17.9900
292  60 -0.2129  0.0971  6.7711
  4  68  0.5000  0.0000  8.4768
 12  68  0.0000  0.1960 11.1304
 20  68  0.0000  2.5000  8.8276
 28  68  0.0000  0.0000  0.0000
 36  68  0.0000  0.0000  0.0000
 44  68  0.0000  0.0000  0.0000
 52  68  0.0000  0.0000  0.0000
 60  68  0.0000  0.1960 11.1304
 68  68  0.0000  0.0000 10.9491
 76  68 -0.1270  0.0377 20.9591
 84  68  0.0000  0.0000 16.6957
 92  68  0.0000  0.0000 11.8053
100  68  0.0000  0.0000  8.0688
108  68  0.5000  0.1655 13.9602
116  68 -0.1990  0.0692 10.1096
124  68 -0.1015  0.8498 10.3183
132  68  0.0000  0.0000  8.4768
140  68  0.0000  0.0000 12.0628
148  68  0.0332  0.1596 11.7720
156  68  0.1050  0.1638 17.0446
164  68  0.1642  0.1376  9.7215
172  68  0.0000  0.0569  9.5560
180  68 -0.2290  1.5825  6.8054
188  68 -0.0685  0.1783  9.1257
196  68  0.1680  0.1348  7.3416
204  68 -0.5000  0.1588 10.5785
212  68  0.0000  0.0000  0.0000
220  68  0.0000  0.0000  0.0000
228  68  0.0000  0.0000  0.0000
236  68  0.0000  0.0000  0.0000
244  68  1.1838 -0.5000  7.5779
252  68  0.0000  0.0000 11.1304
260  68  0.0000  0.0000 16.1088
268  68  0.0000  0.0000 11.9011
276  68  0.0332  0.2006  8.3173
284  68 -0.0497 -0.1942  9.2790
292  68  0.0527 -0.0212 12.6979
  4  76  0.0000  0.0000  0.0000
 12  76  0.0000  0.0000 11.1304
 20  76  0.0000  2.5000  8.8276
 28  76  0.0000  0.0000  0.0000
 36  76  0.0000  0.0000  0.0000
 44  76  0.0000  0.0000 19.4783
 52  76 -0.5000  0.1588 10.5785
 60  76  0.0000  0.0000 16.1088
 68  76 -0.1001  0.0527 18.0369
 76  76 -0.3434 -0.0087 10.1228
 84  76 -0.1198 -0.3767  8.0892
 92  76  0.0438  0.0096 11.9743
100  76 -0.2414  0.0000 11.1304
108  76 -0.5000  0.0836  9.2702
116  76  0.0000  0.0000  0.0000
124  76 -0.1276 -0.3321 10.3409
132  76  0.2907 -0.0403 10.5761
140  76  0.0000  0.0000 11.1304
148  76  0.0000  0.0000 15.0037
156  76  1.0575 -0.1618  7.5801
164  76  0.1043  0.1202 12.2296
172  76  4.5000  4.5000  4.0635
180  76  0.0000  0.0000  0.0000
188  76 -0.2090 -0.2033 12.9516
196  76  0.0000  0.0000 12.0628
204  76 -0.0986  0.2568  5.9535
212  76  0.0000  0.0000  0.0000
220  76  0.0000  0.0000  0.0000
228  76  0.0000  0.0000 11.1304
236  76  0.0000  0.0000 11.1304
244  76  0.0000  0.0000 11.1304
252  76  0.0000  0.0000  0.0000
260  76  1.5000  0.0448  8.9013
268  76 -0.3732  0.3694 10.3318
276  76  0.0000  0.0000  0.0000
284  76  0.0000  0.0000 16.1088
292  76  0.0418  0.1521 12.6567
  4  84  2.5000  0.0000 11.1304
 12  84  0.0000  0.0000  0.0000
 20  84  2.5000  0.0000  8.8276
 28  84  0.0000  0.0000 19.4783
 36  84  0.0763  0.0786 10.6667
 44  84  4.5000 -4.7609  8.2581
 52  84 -5.1086 -5.0500 11.5706
 60  84  0.0380  0.1207 11.9752
 68  84  0.0000  0.0000  8.2444
 76  84  0.0914 -0.3359  8.4274
 84  84  0.0623  0.0231  9.2678
 92  84  0.0216  0.2705 10.2828
100  84  0.3145  0.0264 11.0777
108  84  0.0000  0.0000 11.1304
116  84  0.0000 -0.2996  9.7970
124  84  0.3309  0.0637  7.1846
132  84  0.0000  0.1960 11.1304
140  84  0.0000  0.0000 11.1304
148  84  0.0280  0.1784  8.9116
156  84  0.0000  0.0000  0.0000
164  84  0.0000  0.0000 11.1304
172  84  0.0000  0.0000  0.0000
180  84  0.0000  0.0000 11.1304
188  84  0.0000  0.0000  0.0000
196  84  0.0000  0.0000 16.1088
204  84  2.0000 -1.0000  6.5394
212  84  0.0000  0.1960 11.1304
220  84 -1.1838 -0.5000  7.5779
228  84  0.0677  0.2414 11.7124
236  84  0.0000  0.0000 12.0628
244  84  0.0000  0.0000  0.0000
252  84     NaN -5.1203  5.4468
260  84  0.0000 -0.1960 11.1304
268  84  0.0000  0.0000  0.0000
276  84  0.0000  0.0000  0.0000
284  84  0.0000  0.0000 11.1304
292  84 -0.5000  0.0000 11.1304
  4  92  0.0000  0.0000 16.1088
 12  92  0.0000  0.0000 17.0667
 20  92 -0.5000  0.0135 10.6667
 28  92 -0.2275  0.0431 11.6529
 36  92  0.0000  0.0000  0.0000
 44  92  0.0000  0.0000 16.6957
 52  92  0.0442  0.1478  8.3859
 60  92 -0.5742 -0.6567  5.8764
 68  92  0.0037  0.0974  9.4518
 76  92  0.0000  0.0000  0.0000
 84  92 -0.0553  0.1392 15.2935
 92  92  4.2219 -0.0662  6.1600
100  92  0.0000  0.0000  0.0000
108  92  0.0000  0.1960 11.1304
116  92  0.0000 -0.5000  8.8276
124  92  0.0000  0.0000 16.1088
132  92  0.0000  0.0000  0.0000
140  92  0.0000  0.0000 16.1088
148  92 -0.1960  0.0000 11.1304
156  92  0.0000  2.5000  8.9154
164  92 -0.0485  0.0488 12.5764
172  92     NaN  0.3157  9.7360
180  92  1.3070 -0.0337 12.4709
188  92  0.0000  0.0000  0.0000
196  92  0.0000  0.0000  0.0000
204  92  0.0000  0.0000 16.1088
212  92  0.0000  0.0000  0.0000
220  92  0.0000  0.0000  0.0000
228  92  2.8274  0.3035  7.6077
236  92  0.1212  0.0529  9.9808
244  92  2.5000 -0.1121  7.6040
252  92  0.0000  0.0000  0.0000
260  92  0.0000  0.0000  0.0000
268  92  0.0000  0.0000  0.0000
276  92  0.0000  0.0000  0.0000
284  92  0.0000  0.0000 11.1304
292  92  0.0000  0.0000 19.1045
  4 100  0.4088 -0.0535  7.8528
 12 100 -1.5872  1.1398  7.5701
 20 100  0.0000  0.5000 11.1304
 28 100 -0.1313  0.0812 16.9211
 36 100 -0.1656  0.0786 10.7522
 44 100 -2.9228  4.5000  8.8276
 52 100  0.1079  0.4668  7.3770
 60 100  0.0719 -0.1336 10.5052
 68 100  0.1516  0.0588  8.5400
 76 100  0.0329  0.3028  7.8126
 84 100  0.1146  1.6890 12.3780
 92 100 -0.2832 -0.3527 11.1304
100 100  0.0000  0.3577 13.4737
108 100 -0.0913 -0.2044 18.7317
116 100     NaN  5.1203  5.4468
124 100 -0.5000  0.0000  8.8276
132 100  1.5000 -0.0296  7.3455
140 100  0.0000  0.0000  0.0000
148 100  0.0000  0.0000 12.0455
156 100  0.0000  0.0000 11.1304
164 100  1.5000  0.0000  8.2581
172 100  0.2021  0.2860 10.7438
180 100  0.0000  0.0000  0.0000
188 100  2.5000 -0.1588 10.5785
196 100  0.0000  0.0000  0.0000
204 100  0.0000  0.0000  0.0000
212 100  0.0000  0.0000 11.1304
220 100  0.0000  0.0000 11.1304
228 100  0.0000  0.0000 11.9011
236 100  0.0000  0.0000  8.0000
244 100 -0.1151  0.1151 16.5161
252 100  0.0000  0.0000  0.0000
260 100  0.0000  0.0000  0.0000
268 100  0.0000  0.0000 11.1304
276 100  0.0000  2.5000  8.8276
284 100  0.0000  0.0000  0.0000
292 100  0.0000  0.0000  0.0000
  4 108 -0.3434 -0.5000  7.1890
 12 108  0.0840 -0.0646 11.9705
 20 108 -0.0613 -0.0312 15.1748
 28 108 -0.2046 -0.4087  6.2163
 36 108  0.3321 -0.1276 10.3409
 44 108 -0.3127 -0.1061  9.8739
 52 108  0.0000  0.0000  0.0000
 60 108  0.0000  0.0000  0.0000
 68 108  0.5000  0.0000 11.1304
 76 108  0.0000  0.0000  0.0000
 84 108  1.5000 -1.8890  8.4253
 92 108  0.1073  2.5800  7.5715
100 108  0.0000  0.0000 11.1304
108 108 -0.0698 -0.2911 10.5124
116 108  0.0000  0.0000  0.0000
124 108  0.0000  0.0000  0.0000
132 108  0.0000  0.0000  0.0000
140 108 -0.1841  0.0418 12.3683
148 108  2.5000  0.0000  8.8276
156 108  0.7379  2.5000  7.2172
164 108 -0.0832  0.3131  9.8462
172 108  0.0418  0.1521 12.6567
180 108  0.0000  0.0000  0.0000
188 108  4.6832  4.5000  5.3333
196 108  0.0000  0.0000 16.1088
204 108  0.0000  0.0000  0.0000
212 108  0.0000  0.0000  0.0000
220 108  0.0000  0.0000  0.0000
228 108  0.0000  0.0000 11.1304
236 108  0.0000  0.0000 12.0628
244 108  2.6359  3.5000  8.6646
252 108 -0.1098  0.2008  7.8578
260 108  0.0000  0.0000  0.0000
268 108  2.5000  5.0000  8.8276
276 108  0.1876  5.0000  8.5995
284 108  0.0000  0.0000 11.1304
292 108  0.0000  0.0000  0.0000
  4 116  0.3732  0.0000 17.0000
 12 116  0.0000  0.0000  7.4054
 20 116  0.0000  0.0000  0.0000
 28 116  0.0000  0.0000  0.0000
 36 116  0.0000  0.0000  0.0000
 44 116  0.0000  0.0000  0.0000
 52 116  0.0000  0.0000  0.0000
 60 116  0.0000  0.0000  0.0000
 68 116  0.0000  0.0000  0.0000
 76 116  0.0000  2.5000 12.0628
 84 116 -0.5000  0.2274  6.6693
 92 116 -0.0320  0.0069 12.1249
100 116 -0.0485 -0.0488 12.5764
108 116  0.0000  2.5000  8.8276
116 116  0.0000  0.0000 11.1304
124 116  0.0000  0.0000 11.1304
132 116  0.0000  0.0000  0.0000
140 116  0.0000  0.0000  0.0000
148 116  0.0000  0.0000  0.0000
156 116  0.0000  0.0000 13.1641
164 116  0.0000  0.0000 12.9293
172 116  1.0492 -0.0305 12.6667
180 116  0.0000  0.0000  0.0000
188 116  0.0000  0.0000  0.0000
196 116  0.0000  0.0000  0.0000
204 116  0.0000  0.0000  0.0000
212 116  0.0000  0.0000  0.0000
220 116  0.0000  0.0000  0.0000
228 116  0.0000  0.0000  0.0000
236 116  0.0000  0.0000  0.0000
244 116  0.0000 -0.2917 11.1304
252 116  0.5000 -0.1174  9.1793
260 116  0.0000 -4.5000  7.6704
268 116  0.0596 -2.2426  8.5166
276 116  0.0000  0.0000  0.0000
284 116  0.0000  0.0000 16.1088
292 116 -0.6306 -0.1105 11.2757
  4 124  0.0000  0.0000  0.0000
 12 124 -0.1841  0.0418 12.3683
 20 124  0.0000  0.0000 11.1304
 28 124  0.0000  0.0000  0.0000
 36 124  0.0000  0.0000 11.1304
 44 124  0.0000  0.0000 11.1304
 52 124  0.0000  0.0000  0.0000
 60 124  0.0000  0.0000  0.0000
 68 124 -0.5000 -0.0391  9.3822
 76 124  0.0000  0.0000 16.1088
 84 124 -0.5000  0.0000  8.8276
 92 124  0.3290 -2.8274  8.0000
100 124 -0.0418  0.1521 12.6567
108 124  0.0000  2.5000  8.8276
116 124 -0.3732 -0.5000  9.6402
124 124  0.2743  0.0236 10.8782
132 124 -0.4467 -0.1538  8.0147
140 124  0.0000 -0.5000  8.8276
148 124  0.0000  0.0000  0.0000
156 124  0.0000  2.5000  8.8276
164 124  0.0000  2.5000  8.8276
172 124  2.5000 -0.5000  4.0635
180 124 -0.2298  0.1898 13.8795
188 124 -0.5000  4.5000  4.0635
196 124  0.0000  0.0000 11.1304
204 124  0.0000  0.0000  0.0000
212 124  0.0000  0.0000  0.0000
220 124  0.0000  0.0000  0.0000
228 124  0.0000  0.0000  0.0000
236 124  0.0000  0.0000  0.0000
244 124  0.0000  0.0000  0.0000
252 124  0.0000  0.0000  0.0000
260 124  2.5000  4.5000  4.0635
268 124  0.0000  0.0000  0.0000
276 124  0.0000  0.0000  0.0000
284 124  0.0000  2.5000  8.8276
292 124 -0.0610  0.5000  7.7665
  4 132  2.5000  0.0000  8.8276
 12 132 -0.1151 -0.1151 16.5161
 20 132  0.0000  0.0000  0.0000
 28 132  0.0000  0.0000 11.1304
 36 132  0.0000  0.0000 11.1304
 44 132  0.0000  0.0000  0.0000
 52 132  0.0000  0.0000  0.0000
 60 132  0.0000  0.0000  0.0000
 68 132  0.0000  0.0000 16.1088
 76 132  0.0000 -0.5000  8.8276
 84 132  0.0000  0.0000  0.0000
 92 132  0.0000 -0.5000  8.8276
100 132  0.0000  0.0000 11.1304
108 132  0.1960  0.0000 11.1304
116 132  0.1164  2.5000  7.6040
124 132  0.1050  2.5000  6.8903
132 132  0.0000  0.1960 11.1304
140 132  0.3127  0.1061  9.8739
148 132 -0.5000  0.0000  8.8276
156 132  0.0000  0.4927  5.6889
164 132  0.1425  1.8424 10.3899
172 132  0.0000  0.0000  0.0000
180 132  0.0000  0.0000 11.1304
188 132  0.0000  0.0000  0.0000
196 132  0.0000  0.0000  0.0000
204 132  0.0000  0.0000  0.0000
212 132  0.0000  0.0000  0.0000
220 132  0.0000  0.0000  0.0000
228 132  0.0000  0.0000  0.0000
236 132  0.0000  0.0000  0.0000
244 132  0.0000  0.0000  0.0000
252 132  0.0000  0.0000 11.1304
260 132  0.0000  0.0000 11.1304
268 132  0.0000  0.0000 11.1304
276 132  0.0000  0.0000  0.0000
284 132 -0.1671 -0.0482 10.0147
292 132 -0.5000 -1.5000  6.5641
  4 140 -0.2704 -0.3936  8.6050
 12 140  0.0000  0.0000  0.0000
 20 140  0.0000  0.0000 16.1088
 28 140  0.0000  0.0000 11.1304
 36 140  0.0000  0.0000  0.0000
 44 140  0.0000  0.0000  0.0000
 52 140  0.1960  0.0000 11.1304
 60 140  0.0000 -0.5000  8.8276
 68 140  2.5000  0.0000  8.8276
 76 140  0.0000  0.0000  0.0000
 84 140  0.0000  0.0000  0.0000
 92 140  1.5000  0.0000  8.2581
100 140  0.0000  0.0000  0.0000
108 140  0.0698 -0.2911 10.5124
116 140  0.0151 -0.1219 15.5723
124 140 -1.5000  0.0000  8.2581
132 140  0.0000  0.0000  0.0000
140 140  0.0391 -2.5000  9.3822
148 140  0.0000  0.0000  0.0000
156 140  0.0000  0.0000  0.0000
164 140  0.0000 -0.5000  8.8276
172 140  0.0000  0.0000  0.0000
180 140  0.0698 -0.2911 10.5124
188 140  0.0000  0.0000  0.0000
196 140  0.0000  0.0000 11.1304
204 140  0.0000  0.0000  0.0000
212 140  0.3512 -0.8922  6.0664
220 140  0.0000  0.0000  0.0000
228 140  0.0000  0.0000  0.0000
236 140  0.0000  0.0000 11.1304
244 140  0.0000  0.0000 11.1304
252 140  0.0000  0.0000  0.0000
260 140  0.0000  0.0000  0.0000
268 140  0.0000  0.0000  0.0000
276 140  0.0000  0.0000  0.0000
284 140 -0.5000 -4.8825  4.8610
292 140  0.2417  0.3327 10.3376
  4 148  0.0000  0.0000  0.0000
 12 148  0.0854  0.0638 20.9591
 20 148  0.3462  0.0189  7.5962
 28 148  0.0000  0.0000  0.0000
 36 148  0.0000  0.0000  0.0000
 44 148  0.0000  0.0000  0.0000
 52 148 -0.0323 -0.5000 11.4040
 60 148  0.1180 -0.5000  9.2850
 68 148  0.0000  0.0000  0.0000
 76 148  0.0000  0.0000  0.0000
 84 148  0.0000  0.0000  0.0000
 92 148  0.0000  0.0000  0.0000
100 148  0.0000  0.0000 11.1304
108 148 -0.0710  0.0764 10.7893
116 148  0.0577  0.0422  9.3163
124 148  0.0000  0.0000  0.0000
132 148  0.0000  0.0000  0.0000
140 148  0.0000  0.0000 11.1304
148 148  0.0000  0.0000  0.0000
156 148  0.0000  0.0000 16.1088
164 148  0.0000  0.0000 16.1088
172 148  0.3696  0.2945  8.0000
180 148 -0.1960 -0.5000 11.1304
188 148  0.0000  0.0000  0.0000
196 148  0.0000  0.0000  0.0000
204 148  0.0000  0.0000  0.0000
212 148  0.0000  0.0000  0.0000
220 148 -0.0197  0.1062  6.0772
228 148  0.0000  0.0000  0.0000
236 148  0.0000  0.0000  0.0000
244 148  0.0000  0.0000  0.0000
252 148  0.0000  0.0000  0.0000
260 148  0.0000  0.0000  0.0000
268 148  0.0000  0.0000  0.0000
276 148  0.0000  0.0000  0.0000
284 148  0.0000  0.0000  0.0000
292 148  0.3577  0.0000 13.4737
  4 156  0.0868 -0.0378 15.2803
 12 156  0.0578  0.4337  9.0220
 20 156  0.0000  0.0000  0.0000
 28 156  0.0000  0.0000  0.0000
 36 156  0.0000  0.0000  0.0000
 44 156  0.0000  0.0000 11.1304
 52 156  0.0630 -0.1897 10.8534
 60 156  1.3070  0.0337 12.4709
 68 156  0.0000  0.0000  0.0000
 76 156  0.0000  0.0000  0.0000
 84 156  0.0000  0.0000  0.0000
 92 156  0.0000  0.0000  0.0000
100 156  0.0000  0.0000  0.0000
108 156  0.0000  0.0000  0.0000
116 156  0.2269 -2.0609  8.2581
124 156  0.0000  0.0000  0.0000
132 156  0.0000  0.0000  0.0000
140 156  0.0000  0.0000  0.0000
148 156  0.0000  0.0000  0.0000
156 156  0.0000  0.0000  0.0000
164 156  0.0832 -0.3131  9.8462
172 156 -0.0685  0.3367 12.7421
180 156  0.0000  0.0000  0.0000
188 156  0.0000  0.0000  0.0000
196 156  0.0000  0.0000  0.0000
204 156  0.0000  0.0000  0.0000
212 156  0.0000  0.0000  0.0000
220 156  5.0503 -4.9497 12.3671
228 156 -4.5000 -0.1174 13.8795
236 156  0.0000  0.0000  0.0000
244 156 -0.5000  4.5000  4.0635
252 156  0.0000 -0.1960 11.1304
260 156 -0.4043  0.4043  8.0000
268 156  0.0000  0.0000  0.0000
276 156  0.0000  0.0000  0.0000
284 156  4.5000 -0.5000  4.0635
292 156  0.0000  0.0000  0.0000
  4 164 -0.2271  2.5000  9.5143
 12 164  0.0000  0.0000 11.1304
 20 164  0.0000  0.0000 11.1304
 28 164  0.0000  0.0000 11.1304
 36 164  0.0000  0.0000  0.0000
 44 164  0.1825 -0.2174 12.5315
 52 164  0.0548  0.0000 10.1947
 60 164  0.0000  2.5000  8.8276
 68 164  0.0000  0.0000  0.0000
 76 164  0.0000  0.0000  0.0000
 84 164  0.0000  0.0000  0.0000
 92 164  0.0000  0.0000  0.0000
100 164  0.0000  0.0000  0.0000
108 164  0.0000  0.0000  0.0000
116 164  0.0000  0.0000  0.0000
124 164 -2.1757  2.5000 12.0628
132 164  2.5000  0.0000  8.8276
140 164  0.0000  0.0000  0.0000
148 164  0.0000  0.0000  0.0000
156 164  0.0000  0.0000  0.0000
164 164 -0.1960  0.0000 11.1304
172 164  0.0000  0.0000 12.0628
180 164  0.0000  0.0000  0.0000
188 164  0.0000  0.0000 11.1304
196 164  0.0000  0.0000  0.0000
204 164  0.0000  0.0000  0.0000
212 164  0.0000  0.0000  0.0000
220 164  0.0000 -0.5000  8.8276
228 164 -1.7362  0.1450  7.9834
236 164  0.0000  0.0000  0.0000
244 164 -0.5000 -2.7933 12.8000
252 164  0.0000  0.0000  0.0000
260 164  5.1203 -0.5000  5.4468
268 164  0.0000  0.1960 11.1304
276 164 -2.8274 -0.3035  7.6077
284 164  0.0000  0.0000  0.0000
292 164  0.1960 -0.5000 11.1304
  4 172 -0.1936  0.5000 10.4490
 12 172  0.0000  0.0000  0.0000
 20 172  0.0000  0.0000  0.0000
 28 172  0.0000  0.0000  0.0000
 36 172  0.0000 -0.5000  8.8276
 44 172  0.0000  0.0000 12.8600
 52 172  0.0000  0.0000 16.1088
 60 172  0.0000  0.0000  0.0000
 68 172  0.0000  0.0000  0.0000
 76 172  0.0000  0.0000  0.0000
 84 172  0.0000  0.0000  0.0000
 92 172  0.0000  0.0000  0.0000
100 172  0.0000  0.0000  0.0000
108 172  0.0000  0.0000 16.1088
116 172  0.0000  0.0000  0.0000
124 172  1.5000  0.0000  8.2581
132 172  0.0000  0.0000  0.0000
140 172  0.0000  0.0000  0.0000
148 172  0.0000  0.0000  0.0000
156 172  0.0000  0.0000  0.0000
164 172  0.0000  0.0000 11.1304
172 172  0.0000  2.5000  8.8276
180 172  0.0000  0.0000 11.1304
188 172 -0.1180 -0.5000  9.2850
196 172  0.0000  0.0000  0.0000
204 172  0.0000  0.0000  0.0000
212 172  0.0000  0.0000  0.0000
220 172  0.0000  0.0000  0.0000
228 172  0.0000  2.5000  8.8276
236 172 -0.0361  0.0799 21.1975
244 172  0.0000  0.0000  0.0000
252 172  0.0000  0.0000  0.0000
260 172  0.0000  0.0000  0.0000
268 172  0.0000  0.0000  0.0000
276 172 -0.5000  0.0391  9.3822
284 172  0.0000  0.0000 11.1304
292 172 -1.5000 -0.5000  5.8062
  4 180  0.0000 -0.5000  8.8276
 12 180  0.0000  0.0000  0.0000
 20 180  0.0000  0.0000  0.0000
 28 180  0.0000  0.0000  0.0000
 36 180  0.1912  0.0000 12.4272
 44 180  0.0000  0.0000 11.1304
 52 180  0.0000  0.0000  0.0000
 60 180  0.0000  0.0000  0.0000
 68 180  0.0000  0.0000  0.0000
 76 180  0.0000  0.0000  0.0000
 84 180  0.0000  0.0000  0.0000
 92 180  0.0000  0.0000 11.1304
100 180  0.0000  0.0000  0.0000
108 180  0.0832  0.3131  9.8462
116 180  0.0000  4.6564 12.4564
124 180  0.0000  0.0000  0.0000
132 180  0.0000 -0.5000  8.8276
140 180  2.5000  0.0000  8.8276
148 180  0.0000  0.0000  0.0000
156 180  0.0000  0.0000  0.0000
164 180  0.0000  0.0000 11.1304
172 180  0.0000  0.0000 11.1304
180 180  0.0000  0.0000  0.0000
188 180 -0.1556  0.0000 12.2969
196 180  0.0000  0.0000  0.0000
204 180  0.0000  0.0000  0.0000
212 180  0.0000  0.0000  0.0000
220 180  0.0000  0.0000  0.0000
228 180  0.0000  0.0000  0.0000
236 180  0.0000  0.0000 19.1045
244 180  0.0000  0.0000  0.0000
252 180  0.0000  0.0000  0.0000
260 180  0.0000  0.0000  0.0000
268 180  0.0000  0.0000 11.1304
276 180  0.0000  0.0000  0.0000
284 180  0.0000  0.0000  0.0000
292 180  0.0000  0.0000  0.0000
  4 188 -0.1180  2.5000  9.2850
 12 188  0.0000  0.0000  0.0000
 20 188  0.0000  0.0000  0.0000
 28 188  0.0000  0.0000 11.1304
 36 188  0.0000  0.0000 12.0455
 44 188  0.0000  0.0000  0.0000
 52 188  0.0000  0.0000  0.0000
 60 188  0.0000  0.0000  0.0000
 68 188  2.5000  0.0000  8.8276
 76 188  0.0000  0.0000 11.1304
 84 188  0.0000  0.0000  0.0000
 92 188  0.0000  0.0000 11.1304
100 188 -0.1960 -0.5000 11.1304
108 188 -1.1838 -0.5000  7.5779
116 188  1.1838 -0.5000  7.5779
124 188  0.0000  0.0000  0.0000
132 188  0.3927  3.5000  8.9363
140 188  0.0000  2.5000 11.1304
148 188 -0.5000  4.5000  4.0635
156 188  0.0000  0.0000  0.0000
164 188  0.0000  0.0000 11.1304
172 188  0.0000  0.0000  0.0000
180 188  0.0000  0.0000  0.0000
188 188  0.0000  0.0000 12.0628
196 188  0.0000  0.0000  0.0000
204 188  0.0000  0.0000  0.0000
212 188  0.0000  0.0000  0.0000
220 188  0.0000  0.0000 11.1304
228 188  0.0000  0.0000  0.0000
236 188  0.0418  0.1521 12.6567
244 188     NaN     NaN  5.2245
252 188  4.9386 -4.8642 16.2025
260 188  0.0000  0.0000  0.0000
268 188  0.0000  0.0000  0.0000
276 188  0.0000  0.0000 11.1304
284 188  0.0000  0.0000  0.0000
292 188 -0.5000  0.0000  8.8276
  4 196  0.0000 -0.5000  8.8276
 12 196  0.0000  0.0000  0.0000
 20 196  0.0000  0.0000 11.1304
 28 196  0.0000  0.0000 12.0455
 36 196  0.2571 -0.1311  7.2040
 44 196  0.0000  0.0000  0.0000
 52 196  0.0000  0.0000  0.0000
 60 196  0.0000  0.0000  0.0000
 68 196  0.0000  2.5000  8.8276
 76 196  0.0000  0.0000  0.0000
 84 196  0.0000  0.0000  0.0000
 92 196  0.0000  0.0000  0.0000
100 196  0.1556  0.0000 12.2969
108 196 -1.1838  2.5000  7.5779
116 196  0.0000  0.0000 16.1088
124 196  0.0000  0.0000  0.0000
132 196  0.0000  0.0000  0.0000
140 196  0.0000  0.0000  0.0000
148 196  0.0000  0.0000  0.0000
156 196  0.0000  0.0000  0.0000
164 196  0.0000  0.0000  0.0000
172 196  0.0000  0.0535 10.0787
180 196  0.0000  0.0000  0.0000
188 196  0.0000  0.0000 12.0628
196 196     NaN  0.0000  5.4468
204 196  0.0000  0.0000  0.0000
212 196  4.5000  4.5000  4.0635
220 196  0.0000  0.0000  0.0000
228 196  0.0000  0.0000  0.0000
236 196  0.0000  2.5000  8.8276
244 196  0.0000  0.0000  0.0000
252 196  0.0000  2.5000  8.8276
260 196  0.0000  0.0000  0.0000
268 196  0.0000  0.0000  0.0000
276 196  0.0000  0.0000  0.0000
284 196 -0.5000  0.0000 11.1304
292 196  0.0000  0.0000  0.0000
  4 204  0.0000  0.0000  0.0000
 12 204  0.0000  0.0000 16.1088
 20 204 -0.1960  0.0000 11.1304
 28 204  1.1838  2.5000  7.5779
 36 204  0.0000  0.0000 11.1304
 44 204  0.0000  0.0000  0.0000
 52 204  0.0000  0.0000  0.0000
 60 204  0.0000  0.0000  0.0000
 68 204  0.0000 -0.5000  4.0635
 76 204  0.0000  0.0000  0.0000
 84 204  0.0000  0.0000  0.0000
 92 204  0.0000  0.0000  0.0000
100 204  0.2917  0.0000 11.1304
108 204  0.0000  0.0000 16.1088
116 204  0.0000  0.0000 11.1304
124 204  0.0000  0.0000  0.0000
132 204  0.0000  0.0000  0.0000
140 204  0.0000  0.0000  0.0000
148 204 -4.1713 -5.1358 12.8000
156 204  0.0000 -5.0535 10.0787
164 204  0.0000  0.0000  0.0000
172 204  0.0000  0.0000 19.1045
180 204  0.0000  2.5000  8.9154
188 204  0.0000  2.5000  8.8276
196 204  0.5000  0.0000 11.1304
204 204  1.0790  3.5000  7.4487
212 204 -1.5000  0.0000  8.2581
220 204  0.0000  0.0000  0.0000
228 204  0.0000  0.0000  0.0000
236 204  0.0000  0.0000  0.0000
244 204  0.0000  0.0000 11.1304
252 204  0.0000  0.0000 11.1304
260 204  0.0000  0.0000  0.0000
268 204  0.0000  0.0000  0.0000
276 204  0.0000  0.0000  0.0000
284 204  0.0000  0.0000 11.1304
292 204  0.0000  0.0000 16.1088
  4 212  0.0000  0.0000  0.0000
 12 212  0.3313 -0.5000  6.6617
 20 212  0.0000 -0.5000  8.8276
 28 212  0.0000  0.0000  8.2581
 36 212  0.0000  0.0000  0.0000
 44 212  0.0000  0.0000  0.0000
 52 212  0.0000  0.0000  0.0000
 60 212  0.0000  0.0000 16.1088
 68 212  0.0000  0.0000  0.0000
 76 212  0.0000  0.0000  0.0000
 84 212  0.0000  2.5000  8.8276
 92 212  0.1399  0.0593  7.3827
100 212  0.0000  0.0000 11.1304
108 212  4.5000  4.5000  4.0635
116 212  0.0000  0.0000  0.0000
124 212  0.0000  0.0000  0.0000
132 212  0.0000  0.0000  0.0000
140 212  0.0000  0.0000  0.0000
148 212 -0.5000  4.5000  4.0635
156 212  0.0000  0.0000  0.0000
164 212  0.0000  0.0000  0.0000
172 212 -0.0218 -0.2266 12.8350
180 212  0.0000  0.0000  0.0000
188 212 -4.3989 -4.8530 12.0203
196 212  5.2095 -0.5000  8.0842
204 212 -0.5000  1.8890  8.4253
212 212  0.0000  0.0000  0.0000
220 212  0.0000  0.0000  0.0000
228 212  0.0000  0.0000  0.0000
236 212  0.0000  0.0000  0.0000
244 212  0.0000  0.0000  0.0000
252 212  0.0000  0.0000 11.1304
260 212  0.0000  0.0000  0.0000
268 212  0.0000  0.0000  0.0000
276 212  0.0000  0.0000 11.1304
284 212  0.0000  0.0000  0.0000
292 212  0.0000  0.0000  0.0000
  4 220 -0.5000  0.0000 11.1304
 12 220  0.0000  2.5000  8.8276
 20 220  0.0000  0.0000  0.0000
 28 220  0.0000  0.0000 16.1088
 36 220  0.0000  0.0000 11.1304
 44 220  0.0000  0.0000  0.0000
 52 220  0.0000  0.0000 11.1304
 60 220  0.0000  2.5000  8.8276
 68 220  0.0000  0.0000  0.0000
 76 220  0.0000  0.0000 11.1304
 84 220  0.0000  0.0000  0.0000
 92 220  0.0000  0.0000  0.0000
100 220  0.0000  0.0000 11.1304
108 220  2.5000  0.0000  8.8276
116 220 -0.5000  0.0000  8.8276
124 220  0.0000  0.0000  0.0000
132 220  0.0000  0.0000 11.1304
140 220  0.0000  0.0000  0.0000
148 220     NaN     NaN  5.4468
156 220  0.0000  0.0000  0.0000
164 220  0.0000  0.0000 11.1304
172 220  0.0000  0.0000 12.0628
180 220  0.0000  0.0000  0.0000
188 220 -0.0830  1.0000  8.5018
196 220 -0.8269 -1.0000  8.3015
204 220 -0.1960  0.0000 11.1304
212 220  0.0000  0.0000  0.0000
220 220  0.0000  0.0000 11.1304
228 220  0.0000  0.0000  0.0000
236 220  0.0000  0.0000  0.0000
244 220  0.0000  0.0000  0.0000
252 220  0.0000  0.0000  0.0000
260 220  0.1960  0.0000 11.1304
268 220  0.0000  0.0000  0.0000
276 220  0.0000  0.0000  0.0000
284 220  0.0000  0.0000  0.0000
292 220  0.0000  0.0000  0.0000
