VARIABLES= "X pix", "Y pix", "U pix/dt", "V pix/dt", "CHC", ZONE I=28, J=37
  4   4 -0.0196  0.0137 10.4477
 12   4  0.0101 -0.0029 11.1289
 20   4  0.0000  0.0027 10.6371
 28   4 -0.0150 -0.0108 10.4911
 36   4  0.0074 -0.0047 10.5158
 44   4  0.0460  0.0000 10.4973
 52   4  0.0725  0.0000 11.7719
 60   4  0.0610  0.0000 11.0456
 68   4  0.0331  0.0000 10.9708
 76   4  0.0081  0.0027 10.0719
 84   4 -0.0407 -0.0060 10.8867
 92   4  0.0036 -0.0365 11.2664
100   4 -0.0079  0.0317 12.7027
108   4 -0.0398 -0.0098 11.9179
116   4  0.0000 -0.0424 11.6284
124   4  0.0000 -0.1009 12.0845
132   4  0.0000  0.0000 11.1922
140   4 -0.0281  0.0000 11.0951
148   4 -0.0460  0.0000 11.7741
156   4 -0.0270  0.0000 11.6400
164   4  0.0076  0.0000 11.7754
172   4  0.0247  0.0000 11.9577
180   4  0.0039 -0.0255 11.5751
188   4 -0.0133 -0.0125 11.8897
196   4 -0.0288  0.0000 11.6152
204   4 -0.0145  0.0000 11.7754
212   4 -0.0760  0.0000 11.6831
220   4 -0.1868  0.0000 12.2428
228   4 -0.0101  0.0165 11.8446
236   4 -0.0874  0.0480 10.1874
244   4 -0.0689  0.0000  9.3237
252   4 -0.1015  0.0201 10.1405
260   4 -0.0306  0.0000 10.5892
268   4  0.0151  0.0000 10.5892
276   4  0.0422 -0.0088 12.3951
284   4  0.0269  0.0000 13.0803
292   4  0.0000 -0.0918 12.5902
  4  12 -0.0142  0.0000  8.0149
 12  12 -0.0203  0.0000  9.8413
 20  12  0.0064 -0.0655  9.7641
 28  12 -0.1267  0.0000 10.3280
 36  12 -0.1469 -0.0878 15.2509
 44  12  0.0512 -0.0048 13.1236
 52  12 -0.0337  0.0592 12.7605
 60  12  0.0037  0.0000  8.2420
 68  12 -0.0249  0.0000 14.2705
 76  12 -0.0601  0.0000 10.5535
 84  12 -0.0377  0.0000  8.8378
 92  12 -0.0042 -0.0232  8.7500
100  12  0.0031 -0.0204  8.8731
108  12 -0.0101  0.0000  9.9105
116  12  0.0000  0.0219 10.1741
124  12 -0.0483 -0.0105  9.5514
132  12 -0.0281  0.0014  9.5221
140  12 -0.1410  0.0000 10.8782
148  12 -0.2903  0.0000 10.3538
156  12 -0.0038  0.0000 10.9027
164  12 -0.0294  0.0000 11.6779
172  12 -0.0046  0.0211 10.4182
180  12 -0.0698  0.0010  9.5920
188  12 -0.0076 -0.0037  9.4911
196  12 -0.0000  0.0000  8.9256
204  12  0.0071  0.0000 10.6982
212  12  0.0066  0.0000 15.3807
220  12  0.0006  0.0000 13.4581
228  12 -0.0150  0.0000 11.4556
236  12  0.0000 -0.2411  7.8528
244  12  0.1571  0.0706 11.7426
252  12 -0.1453 -0.0314 11.4627
260  12 -0.1103  0.0000 10.3892
268  12  0.0000 -0.1328 10.0560
276  12  0.0878 -0.1580  8.7692
284  12  0.0856  0.0632  9.1674
292  12 -0.0036  0.0000  7.5234
  4  20 -0.0835  0.0021 16.1341
 12  20 -0.0480  0.0000 13.4866
 20  20 -0.0021 -0.0079 11.8653
 28  20 -0.0601  0.0000 12.6882
 36  20 -0.0606 -0.0542 13.9456
 44  20 -0.0132  0.0000 12.6550
 52  20 -0.0030 -0.0563 15.7616
 60  20 -0.0406  0.0000 16.3803
 68  20 -0.1922  0.0000 15.4547
 76  20 -0.3445  0.0000 18.5584
 84  20  0.0086  0.0000 15.9149
 92  20  0.0040 -0.0377 13.7783
100  20  0.0047  0.0150 11.7180
108  20 -0.0267  0.0000  9.3200
116  20 -0.0060  0.0000 13.9829
124  20 -0.0143  0.0000 12.9358
132  20 -0.0175  0.0042 13.1093
140  20  0.0002 -0.0007 12.1445
148  20  0.0165  0.0138 13.5656
156  20 -0.0072  0.0000 13.0018
164  20 -0.0082  0.0001 13.9455
172  20  0.0080  0.0062 12.6487
180  20  0.0009  0.0297 12.5312
188  20  0.0158 -0.0036 18.0954
196  20 -0.0214 -0.0098 18.3850
204  20  0.0191  0.0529 19.0593
212  20  0.0152 -0.0172 19.8364
220  20 -0.0066  0.0000 34.7068
228  20 -0.0523  0.0000 22.2845
236  20 -0.0582  0.0000 24.4088
244  20 -0.0692  0.0000 13.6510
252  20 -0.1247  0.0067 11.7738
260  20 -0.0648  0.0000 14.0201
268  20 -0.0059  0.0000 11.9477
276  20  0.0360  0.0523 12.3683
284  20 -0.0123  0.0102 10.3263
292  20 -0.2012  0.0681 14.2222
  4  28 -0.2776  0.0000  9.7382
 12  28  0.0104  0.0000  9.7677
 20  28  0.0292 -0.0013 10.2002
 28  28  0.0162  0.0013  9.6324
 36  28 -0.0071  0.0131 10.0174
 44  28  0.0000  0.0000 10.1675
 52  28 -0.0238  0.0000 10.2252
 60  28 -0.0125  0.0000 10.0372
 68  28  0.0188 -0.0104 10.6229
 76  28  0.0012  0.0151 10.6731
 84  28 -0.0148 -0.0021 10.1824
 92  28 -0.0020  0.0000  9.9929
100  28 -0.0276  0.0000 11.1095
108  28 -0.0563  0.0000 15.6812
116  28 -0.0180  0.0000  9.3529
124  28  0.0007 -0.0014 10.5564
132  28 -0.0087  0.0000  9.2341
140  28 -0.0101  0.0009  9.5049
148  28  0.0115  0.0179  9.9010
156  28 -0.0137  0.0000 19.5614
164  28 -0.0303 -0.0122 13.9244
172  28 -0.0222  0.0196 12.0409
180  28  0.0611  0.0038 17.2877
188  28  0.0197  0.0000 14.8252
196  28 -0.0031  0.0000 10.2855
204  28  0.0059 -0.0224  9.8401
212  28  0.0087  0.0000 10.5232
220  28 -0.0610  0.0000 11.2349
228  28 -0.0591  0.0000 10.5420
236  28 -0.0122  0.0000 10.1986
244  28  0.0111  0.0000 10.1683
252  28  0.0108 -0.0011 10.6953
260  28  0.0117 -0.0012 16.3026
268  28 -0.0235  0.0000 18.0744
276  28 -0.0549  0.0000 21.0360
284  28 -0.0202  0.0000 21.0956
292  28  0.0189  0.0010 15.5881
  4  36  0.0047  0.0170  7.7028
 12  36 -0.0210  0.0282  7.9539
 20  36  0.0265 -0.0038  6.9693
 28  36 -0.0286  0.0085  6.5095
 36  36 -0.1331 -0.2442  6.1055
 44  36 -0.0869  0.0000  6.2502
 52  36 -0.0772  0.0000  8.0842
 60  36 -0.0597  0.0000 10.3348
 68  36 -0.0268  0.0024  9.0511
 76  36  0.0064  0.0000  9.1937
 84  36  0.0045  0.0000 12.7075
 92  36 -0.0223  0.0000 11.6701
100  36  0.0015  0.0000  9.4876
108  36  0.0376  0.0000 10.0706
116  36 -0.0014  0.0000  8.4245
124  36 -0.0300  0.2099  6.3138
132  36 -0.0954  0.0000 11.1304
140  36 -0.0381  0.0000 10.9491
148  36 -0.0837  0.1522 13.5022
156  36  0.0800  0.0000 11.5240
164  36  0.0018 -0.0030 16.3838
172  36  0.0098  0.0148 14.3167
180  36  0.0122 -0.0137 11.4472
188  36 -0.0190  0.0097 13.7635
196  36 -0.0291  0.0088  7.0204
204  36 -0.0542  0.0311 15.4847
212  36  0.0000  0.1309 13.3565
220  36  0.0169  0.0000 13.6955
228  36 -0.0029  0.0000 14.4906
236  36 -0.0120  0.0000 11.4015
244  36  0.0000 -0.2493 10.7749
252  36  0.0241  0.0000 13.6349
260  36  0.0338  0.0642  9.8094
268  36 -0.0445  0.0000  9.5231
276  36 -0.1292  0.0000  7.0742
284  36 -0.0880  0.0000  7.3312
292  36 -0.0312  0.0000  8.3748
  4  44  0.0125  0.0000 11.1304
 12  44  0.0194 -0.2082 18.1599
 20  44 -0.0596  0.0000 14.8284
 28  44 -0.0208 -0.1588 13.8016
 36  44 -0.0374  0.0000 15.4368
 44  44 -0.1363  0.0000 12.1260
 52  44 -0.2724  0.0000 10.5606
 60  44 -0.3682  0.0000  9.0038
 68  44 -0.2266  0.1613  8.1828
 76  44 -0.8021  0.1407  7.1643
 84  44  0.0000 -0.5000  8.8276
 92  44  0.1206  0.0000  9.2850
100  44  0.0547  0.0000 11.1304
108  44  0.0384  0.0000  0.0000
116  44  0.0528  0.0000  0.0000
124  44  0.1154  0.0000  0.0000
132  44  0.1908  0.0000  0.0000
140  44  0.1374  0.0000  0.0000
148  44  0.0604  0.0000 13.9434
156  44  0.0011  0.0071 18.0609
164  44  0.0066  0.0061  9.8780
172  44 -0.0030 -0.0015 11.2125
180  44  0.0054 -0.0005  9.1386
188  44 -0.0386  0.0023 10.1491
196  44 -0.0702  0.0056  6.3768
204  44 -0.1582  0.2088  8.4067
212  44 -0.0096  0.0000  8.8816
220  44  0.0290  0.1350  9.4437
228  44  0.0467  0.0000 11.4515
236  44  0.0366  0.0000 10.9824
244  44 -0.1354 -0.0046 10.0675
252  44 -0.0535  0.0000 14.0146
260  44 -0.0661  0.0000 15.2515
268  44 -0.1810  0.0000 12.0628
276  44 -0.3663  0.0000 11.0903
284  44 -0.5000  0.1588 10.5785
292  44 -0.0000  0.0000  9.1934
  4  52 -0.3052  0.0000  8.9436
 12  52  0.0475  0.0000  8.3451
 20  52  0.1802  0.1949  7.7576
 28  52  0.0664  0.0000 12.5445
 36  52  0.0405  0.0000 11.6053
 44  52  0.0796  0.0000  0.0000
 52  52  0.1778  0.0000  0.0000
 60  52  0.3604 -0.1235 13.6655
 68  52  0.2044  0.0000  0.0000
 76  52  0.0752  0.0000 11.1304
 84  52  0.0133  0.0000 17.0667
 92  52  0.0167  0.0000 11.1304
100  52  0.0195  0.0000 12.0628
108  52 -0.0162  0.0000  0.0000
116  52 -0.1555  0.0000 11.1304
124  52 -0.2346  0.0000  0.0000
132  52  0.0912  0.0000  0.0000
140  52  0.4295  0.0000  0.0000
148  52  0.1902 -0.0057  9.0320
156  52  0.1299  0.0000 12.0824
164  52 -0.0095 -0.0114 19.8955
172  52 -0.0033 -0.0020 10.0621
180  52 -0.0056  0.0009 12.2986
188  52  0.0030 -0.0192 14.0766
196  52  0.0072 -0.0040  6.3349
204  52  0.0645  1.5757 11.2972
212  52  0.4108  0.1278  6.5641
220  52  0.3553  0.0000  0.0000
228  52  0.0395 -0.1889  9.5602
236  52  0.2201 -0.0118 17.0173
244  52  0.0000  0.1280  8.0000
252  52  0.0105  0.0000 10.8982
260  52 -0.0086  0.0000 10.3886
268  52 -0.0000  0.0000  8.2104
276  52 -0.0548  0.0000  8.5951
284  52 -0.1095 -0.0327 12.3871
292  52  0.0051  0.0000 12.0628
  4  60 -0.0099  0.0000 13.5576
 12  60 -0.0197  0.0000 11.1304
 20  60  0.0160  0.0000  0.0000
 28  60  0.0599  0.0000  0.0000
 36  60  0.0536  0.0000  0.0000
 44  60 -0.1549  0.0000  0.0000
 52  60 -0.3487 -0.0786  7.3143
 60  60  0.5000  0.0000 11.1304
 68  60  1.7314  0.0000  0.0000
 76  60  2.5000  0.0000  8.8276
 84  60  0.5304  0.0000  0.0000
 92  60 -1.5000  0.0000  8.2581
100  60 -0.9732  0.0000 17.0667
108  60 -0.4148  0.0000 19.4783
116  60 -0.0540  0.0000  0.0000
124  60  0.1675  0.0000  0.0000
132  60  0.4834  0.0000  0.0000
140  60  1.0000  0.0305  9.0241
148  60  0.5009  0.0000  7.2999
156  60 -0.0058 -0.0007 11.2638
164  60  0.0095  0.0009 11.5650
172  60 -0.0005  0.0106 11.3256
180  60  0.0341  0.0000 11.4222
188  60 -0.0089 -0.0009 11.0324
196  60 -0.0125  0.0265  7.4464
204  60 -0.0353  0.0709  9.9325
212  60  0.1356  0.0498  7.9211
220  60  0.0822  0.0000  8.6413
228  60  0.0000  0.5000  6.6321
236  60 -0.0462  0.0000  8.5951
244  60 -0.0151  0.0000  9.4841
252  60  0.0488  0.2737  8.9782
260  60  0.1741 -0.1560 10.6422
268  60  0.1311  0.0000 10.8982
276  60  0.1614 -0.2356 10.8009
284  60 -0.0423 -0.1603 15.5502
292  60  1.8867  0.0000  6.8809
  4  68  2.3758  0.0000 11.1304
 12  68  0.8944  0.0000 11.1304
 20  68 -0.7014  0.0000  0.0000
 28  68 -0.7983  0.0000 11.1304
 36  68 -0.4150  0.0000  0.0000
 44  68 -0.0389  0.0000  0.0000
 52  68  0.0677 -0.2414 11.7124
 60  68  0.1238  0.0000 10.3409
 68  68  0.0426 -0.0867 14.2919
 76  68  0.0680  0.0000 15.2558
 84  68 -0.1146 -0.0101 17.4161
 92  68 -0.0873  0.3280 11.3149
100  68  0.3532  0.0000  5.4468
108  68  0.2385  0.0000 16.2126
116  68  0.1897  0.0728 10.6871
124  68  0.5000  0.0175 10.8222
132  68  0.1229  0.0000 11.1304
140  68 -0.2080  0.2715 12.3107
148  68  0.0291  0.1433 11.2507
156  68  0.2093 -0.0299 13.0089
164  68 -0.0406 -1.2357  9.4815
172  68 -0.1061  0.0000 12.0628
180  68 -0.2369  0.0000  9.2086
188  68 -0.3290  0.1429  8.9171
196  68 -0.1482 -0.2050  8.3934
204  68  0.1473  0.0000 11.1304
212  68  0.8287  0.0000  0.0000
220  68  2.5000  0.0000  8.8276
228  68  2.1900  0.0000 11.1304
236  68  1.0711  0.0000  0.0000
244  68 -0.0037  0.0000 11.1304
252  68 -0.3459  0.0000 19.1045
260  68 -0.2240  0.0000 11.1304
268  68  0.0610  1.0000  8.9210
276  68 -0.0235  0.3939  8.7892
284  68  0.0394  0.0000 12.3186
292  68  0.1928 -0.0281 12.3373
  4  76  0.0717  0.0000 11.1304
 12  76 -0.0707  0.0000  0.0000
 20  76 -0.1300  0.0000 11.1304
 28  76  0.8678  0.0000  0.0000
 36  76  0.5007  0.0000  0.0000
 44  76  0.3840  0.0000 19.4783
 52  76  0.4441  0.0000 17.0667
 60  76  0.1841 -0.0418 12.3683
 68  76 -0.1523  0.0000 16.6285
 76  76 -0.1714  0.0000 12.1050
 84  76 -0.1759 -0.1481  7.3657
 92  76 -0.0414  0.1960 12.5033
100  76 -0.1151 -0.1151 16.5161
108  76 -0.4015  0.0000 14.4198
116  76 -0.6166  0.0000  0.0000
124  76 -1.2596  0.3479  7.1968
132  76 -0.3837  0.0000 12.0628
140  76  0.5788  0.0000 11.1304
148  76  1.2623  0.0000 15.0037
156  76  1.1403  0.0000 12.1315
164  76  0.7279  0.0000 12.8600
172  76  0.2518  0.0000  0.0000
180  76 -0.0846  0.0000  0.0000
188  76 -0.2455  0.0000 18.5922
196  76 -0.2833  0.0000  0.0000
204  76 -0.2281  0.0000  0.0000
212  76 -0.1768  0.0000  0.0000
220  76  0.0257  0.0000  0.0000
228  76  0.0216  0.0000 11.1304
236  76 -0.0276  0.0000 11.1304
244  76 -0.0590  0.0000 11.1304
252  76  1.2257  0.0000  0.0000
260  76  0.5497  0.0000 11.1304
268  76  0.3724  0.0000  8.8276
276  76  0.2864  0.0000 16.1088
284  76  0.0744  0.0000 16.1088
292  76 -0.1588  0.0000 16.1088
  4  84 -0.2228  0.0000  0.0000
 12  84 -0.2423  0.0000 11.1304
 20  84 -0.1295  0.0000  7.5779
 28  84 -0.1546  0.0660 18.6254
 36  84 -0.2907  0.0403 10.5761
 44  84  0.1960 -0.5000 11.1304
 52  84 -0.1960 -0.5000 11.1304
 60  84  0.0827  0.1355 14.3969
 68  84  0.5000 -0.5000  7.4187
 76  84  0.0987  0.0987 11.8867
 84  84  0.0295 -0.0115 12.0139
 92  84  0.2305  0.1755 10.9862
100  84  0.3335  0.0000 13.3565
108  84  0.0934  0.0000 20.7059
116  84 -0.2294  0.0000  9.2086
124  84 -0.5000  0.0000  8.8276
132  84 -0.2219  0.0000 11.1304
140  84 -0.2907  0.0403 10.5761
148  84 -0.0301 -0.2741  9.0272
156  84 -0.0033  0.0000  8.8276
164  84  0.0382  0.1028 16.6166
172  84  0.1036  0.0000  0.0000
180  84  1.0726  0.0000  0.0000
188  84  0.1538  0.0000  0.0000
196  84  0.1825  0.2174 12.5315
204  84  0.1001  0.0000  0.0000
212  84 -0.0621  0.0000 11.1304
220  84 -0.1970  0.0000  0.0000
228  84 -0.1739  0.0000  8.5995
236  84 -0.2287  0.0000 11.1304
244  84 -0.0328 -0.2156 15.3670
252  84  0.1474  0.0000  0.0000
260  84 -0.0054  0.0000 11.1304
268  84  0.0475  0.0000  0.0000
276  84  0.1129  0.0000 11.1304
284  84  1.2919  0.0000  0.0000
292  84  0.5858  0.0000 11.1304
  4  92 -0.0297  0.0000 16.1088
 12  92 -0.1360  0.0000  0.0000
 20  92 -0.1798 -0.0246 17.0238
 28  92  0.4574  0.1868  8.8406
 36  92  0.3243  0.0000 17.0667
 44  92  0.1125  0.0169 16.7813
 52  92  0.0643  0.1529  9.7789
 60  92  0.4500  0.2964  5.5505
 68  92  0.2095  0.0000  8.3442
 76  92  0.1242  0.0000  0.0000
 84  92  0.0074  0.0000 16.1088
 92  92  0.1809 -0.0229  9.2817
100  92  0.2946  0.0000 11.1304
108  92  0.0000 -0.1960 11.1304
116  92 -0.9231  0.0000  0.0000
124  92 -0.1157  0.0000 16.1088
132  92 -0.0678  0.0000  0.0000
140  92 -0.1528  0.0000 16.1088
148  92 -0.1960  0.0000 11.1304
156  92  0.0192  0.0000 11.1304
164  92 -0.2668  0.0000 13.7544
172  92  0.1198  0.0000 17.2183
180  92  0.5000 -0.0418 12.4022
188  92  0.1051  0.0000  0.0000
196  92 -0.3066  0.0000 11.1304
204  92 -0.4043  0.4043  8.0000
212  92  2.5000  0.0000  8.8276
220  92  0.3732 -0.3694 10.3318
228  92 -0.2414  0.0000 11.1304
236  92 -0.0272  0.0238 11.1899
244  92  0.1017  0.0000 22.2609
252  92  0.2221  0.5000  9.5908
260  92  0.3451  0.0000 11.1304
268  92  0.3429  0.0000  0.0000
276  92  0.3858  0.0000 11.1304
284  92  0.5432  0.0000  0.0000
292  92  0.4014  0.0000 19.1045
  4 100  0.2246 -0.1162 14.0985
 12 100 -0.1281  0.0160  9.4762
 20 100  0.1159  0.0000  7.0932
 28 100  0.3502  0.0000 16.1088
 36 100 -2.6671  0.0000 11.9011
 44 100 -2.5000  0.2146  7.4688
 52 100  0.0070  0.0729  8.3544
 60 100 -0.0489 -0.1051 11.3413
 68 100 -0.0804  0.2251  6.7403
 76 100  0.0592  0.4684  8.9980
 84 100  0.4379  0.3927 12.0124
 92 100 -0.5000 -0.1588 10.5785
100 100  0.0647  0.0771 14.4477
108 100  0.1960 -0.5000 11.1304
116 100  0.0339  0.0000  0.0000
124 100 -0.2258  0.0000  8.0000
132 100 -0.6094  0.0000 11.0903
140 100  0.2337  0.0000  0.0000
148 100 -0.0698  0.2911 10.5124
156 100 -1.0733  0.0000 16.1088
164 100 -1.5000  0.0000  8.2581
172 100  0.0698  0.2911 10.5124
180 100  0.3460  0.0000  0.0000
188 100  0.4435  0.0000  0.0000
196 100  0.4619  0.0000  0.0000
204 100  0.4726  0.0000 11.1304
212 100  0.4840  0.0000 11.1304
220 100  0.3634  0.0000 11.1304
228 100  0.1919  0.0000 11.9011
236 100  0.0188  0.0000 20.7059
244 100  0.1912  0.0000 12.4272
252 100  0.3741  0.0000  0.0000
260 100 -2.9102  0.0000  0.0000
268 100 -1.4230  0.0000 11.1304
276 100  0.2727  0.0000  0.0000
284 100  0.3576  0.0000  0.0000
292 100  0.0000  0.1063  6.9728
  4 108  0.3782 -0.3095 11.4772
 12 108  0.0136 -0.1149 14.7677
 20 108 -0.0342  0.0104 12.2284
 28 108  0.5000  0.0413  9.7338
 36 108 -0.3145 -0.0264 11.0777
 44 108 -0.0803  0.0812 10.1857
 52 108  0.0513  0.1326  6.0730
 60 108 -0.8461  0.0000  7.3911
 68 108 -0.8288  0.0412  9.9740
 76 108  2.7305  0.0000  8.0000
 84 108 -0.1841  0.0418 12.3683
 92 108 -0.7085  0.0000 11.1304
100 108 -0.0240  0.0000 11.1304
108 108  0.2880  0.0000 12.0455
116 108  0.4241  0.0000  0.0000
124 108  0.4398  0.0000  0.0000
132 108  0.4035  0.0000 11.1304
140 108  0.3412  0.0000 11.9011
148 108  0.2298  0.0000 16.1088
156 108  0.1081  0.0000 11.1304
164 108  0.0372  0.0000  0.0000
172 108  0.1676  0.0000  8.8276
180 108  0.3394  0.0000 17.0667
188 108 -1.7048  0.0000 12.0628
196 108  0.1841  0.0418 12.3683
204 108  1.4146  0.0000  0.0000
212 108  1.3521  0.0000  0.0000
220 108  0.9910  0.0000 11.1304
228 108  0.8675  0.0000  0.0000
236 108 -0.0698 -0.2911 10.5124
244 108  0.0603  0.0000 17.0667
252 108  0.3529  0.0000 18.4672
260 108  0.0127  0.0000  0.0000
268 108 -0.0302  0.0000 11.1304
276 108 -0.1559  0.0000 16.1088
284 108 -0.6602  0.0000 11.1304
292 108 -0.4370  0.0000 11.1304
  4 116  1.2966  0.0000  8.0000
 12 116  0.4941  0.0000 11.9039
 20 116  0.2435  0.0000 11.1304
 28 116  0.0974  0.0000 16.1088
 36 116  0.1552  0.0000  0.0000
 44 116  0.2936  0.0000  0.0000
 52 116  0.2933  0.0000  0.0000
 60 116  0.2249  0.0000  0.0000
 68 116  0.1372  0.0000  8.8276
 76 116  0.0543  0.0000  0.0000
 84 116  0.0009  0.0000  7.3143
 92 116 -0.0155  0.1309 12.6829
100 116  0.1321  0.0000 16.1088
108 116  0.3076  0.0000 11.1304
116 116 -0.7650  0.0000 11.1304
124 116  1.1446  0.0000  0.0000
132 116  2.4476  0.0000 11.1304
140 116  1.9038  0.0000  0.0000
148 116  1.4803  0.0000  0.0000
156 116  1.5000  0.0000  8.2581
164 116  0.4426  0.0000 13.5576
172 116  0.3153  0.0000 11.1304
180 116  0.4286  0.0000  0.0000
188 116  0.3401  0.0000 13.1641
196 116  0.1180  0.0000 16.1088
204 116 -0.1716  0.0000 11.1304
212 116 -0.5321  0.0000  0.0000
220 116 -0.5339  0.0000  0.0000
228 116  0.0095  0.0000 16.1088
236 116  0.2626  0.0000  0.0000
244 116  0.2855  0.1732 10.8782
252 116 -0.3776  0.0000 11.4120
260 116 -0.3118  0.0000 12.8622
268 116  0.0000 -0.1333 13.4737
276 116  0.0250  0.0000 19.1045
284 116 -0.0352  0.0000  8.8276
292 116 -0.1085  0.0000  8.2581
  4 124 -0.1306  0.0000  0.0000
 12 124 -0.0585  0.0000 16.1088
 20 124  0.0142  0.0000 11.1304
 28 124  0.1456  0.0000  0.0000
 36 124  0.3105  0.0000 11.1304
 44 124 -0.5000  0.0000  8.8276
 52 124  1.2059  0.0000  0.0000
 60 124  2.5000  0.0000  8.8276
 68 124  0.8900  0.0000  8.4768
 76 124  0.2352  0.0000 16.1088
 84 124 -0.2995 -0.0095  9.0913
 92 124 -0.2692  0.1402 10.2290
100 124  0.1573  0.1542 14.0000
108 124  0.3763  0.0000 11.1304
116 124  0.5000  0.0000 11.1304
124 124  0.2226  0.0000 16.1088
132 124 -0.0375  0.0000  8.0000
140 124 -0.2543  0.0000 11.1304
148 124 -0.3664  0.0000  0.0000
156 124 -0.5000  0.0000  8.8276
164 124 -0.1539  0.0336 11.1830
172 124 -2.8274 -0.3035  7.6077
180 124 -1.9354  0.0000 11.1304
188 124 -1.0939  0.0000  0.0000
196 124 -0.5394  0.0000 11.1304
204 124 -0.3387  0.0000  0.0000
212 124 -0.3224  0.0000  0.0000
220 124 -0.3625  0.0000  0.0000
228 124 -0.3247  0.0000  0.0000
236 124 -0.0735  0.0000 11.1304
244 124  0.0545  0.0000  0.0000
252 124  0.1573  0.0000  0.0000
260 124  0.3029  0.0000 17.0667
268 124  0.1866  0.0000 16.1088
276 124 -0.2110  0.0000  8.0000
284 124 -1.5000  0.0000  8.2581
292 124 -2.0000 -0.2638  5.0996
  4 132 -1.0756  0.0431  7.0865
 12 132 -0.8259  0.0000 20.7059
 20 132 -0.5353  0.0000  0.0000
 28 132 -0.1819  0.0000  0.0000
 36 132 -0.0158  0.0000 16.1088
 44 132  0.0000  0.5000  8.0688
 52 132  0.0724  0.0000 19.1045
 60 132  0.1593  0.0000  0.0000
 68 132  0.3936  0.0000 16.1088
 76 132  1.0434  0.0000 16.1088
 84 132  2.4552  0.0000  0.0000
 92 132  4.5000 -0.5000  4.0635
100 132  0.7970  0.0000 16.1088
108 132 -0.5548  0.0000 11.1304
116 132 -0.7253  0.0000 19.1045
124 132 -0.5779  0.0000 13.1641
132 132 -0.4774  0.0000 13.3565
140 132 -0.4763  0.0000 11.9011
148 132 -0.5302  0.0000 11.1304
156 132 -0.5000  0.0000  8.8276
164 132 -0.0244 -0.1546 12.0067
172 132  0.0736  0.0000 16.1088
180 132  0.1070  0.0000  8.8276
188 132  0.2080 -0.2715 12.3107
196 132  1.1890  0.0000  0.0000
204 132  0.1649  0.0000  0.0000
212 132 -1.1021  0.0000  0.0000
220 132 -1.6507  0.0000  0.0000
228 132 -1.1215  0.0000  0.0000
236 132 -0.6419  0.0000  0.0000
244 132 -0.4194  0.0000  0.0000
252 132 -0.2787  0.0000 11.1304
260 132 -0.2194  0.0000 16.1088
268 132 -0.1993  0.0000 11.1304
276 132  0.0239  0.0000  0.0000
284 132  0.3160  0.0000 16.1088
292 132  0.6899  0.0000 12.0628
  4 140  1.3459  0.0000 20.7059
 12 140  2.4635  0.0000 22.2609
 20 140  3.5009  0.0000 11.1304
 28 140  1.7124  0.0000  0.0000
 36 140  0.3825  0.0000 11.1304
 44 140 -0.1856  0.0000  0.0000
 52 140 -0.3526  0.0000 16.1088
 60 140 -0.3979  0.0000 16.1088
 68 140 -0.4328  0.0000 11.1304
 76 140 -0.4762  0.0000  0.0000
 84 140 -0.3829  0.0000  0.0000
 92 140 -0.0654  0.0000  8.2581
100 140 -0.0185  0.0000  0.0000
108 140 -0.0732  0.0000  9.4948
116 140 -0.0319 -0.0199 12.9249
124 140  1.5000  0.0000  8.2581
132 140  1.0920  0.0000  0.0000
140 140  0.1533  0.5000  8.0910
148 140 -0.6291  0.0000 11.1304
156 140 -0.5167  0.0000  0.0000
164 140 -0.0698  0.2911 10.5124
172 140 -0.0914  0.0000 11.1304
180 140 -0.1684  0.0000 12.0455
188 140 -0.2078  0.0000  0.0000
196 140 -0.2664  0.0000  0.0000
204 140  0.1448  0.0000  0.0000
212 140  0.5332  0.0000  0.0000
220 140  0.7238  0.0000  0.0000
228 140  0.8347  0.0000  0.0000
236 140  1.0978  0.0000 11.1304
244 140  1.6939  0.0000  0.0000
252 140  1.0968  0.0000  0.0000
260 140  0.4924  0.0000  0.0000
268 140  0.0891  0.0000  0.0000
276 140 -0.1355  0.0000  0.0000
284 140 -0.2535  0.0000 10.2492
292 140 -0.3120  0.2579  9.2086
  4 148 -0.3809  0.0000  0.0000
 12 148 -0.2714  0.0000  0.0000
 20 148  0.0000  0.6757 10.3282
 28 148 -0.1356  0.0000  0.0000
 36 148 -0.4044  0.0000  0.0000
 44 148 -0.6659  0.0000  0.0000
 52 148 -0.1960 -0.5000 11.1304
 60 148  1.3070  0.0337 12.4709
 68 148  0.3094  0.0000  0.0000
 76 148 -0.3427  0.0000  0.0000
 84 148 -0.3136  0.0000  0.0000
 92 148  0.0122  0.0000 11.1304
100 148  0.1128  0.0000 11.1304
108 148  0.0455  0.2143 10.4170
116 148  0.0273  0.1280 11.2565
124 148 -0.2330  0.0000  0.0000
132 148  0.6473  0.0000  0.0000
140 148  1.1525  0.0000 11.1304
148 148  1.0618  0.0000  0.0000
156 148  0.5428  0.0000 11.1304
164 148 -0.1180 -0.5000  9.2850
172 148  0.4713  0.0000 16.1088
180 148  0.2572  0.0000 11.1304
188 148  0.3358  0.0000 11.1304
196 148  0.1937  0.0000  0.0000
204 148 -0.0005  0.0000 11.1304
212 148 -0.1679  0.0000 11.1304
220 148 -0.3023  0.0000  0.0000
228 148 -0.3445  0.0000  0.0000
236 148 -0.1982  0.0000  0.0000
244 148  0.1903  0.0000  0.0000
252 148 -0.2300  0.0000  0.0000
260 148 -0.7746  0.0000  0.0000
268 148 -1.4010  0.0000  0.0000
276 148 -1.2956  0.0000  0.0000
284 148 -0.3148  0.0000 11.1220
292 148 -0.8810 -0.7274  8.7398
  4 156 -0.8393  0.0000 16.6957
 12 156 -0.4777  0.0000 12.3045
 20 156  0.0410  0.0000 11.1304
 28 156  0.4548  0.0000 11.1304
 36 156  0.6245  0.0000 11.1304
 44 156  0.4342 -0.1409  8.7273
 52 156  0.0418 -0.1521 12.6567
 60 156  1.9476  0.0000  6.9531
 68 156  2.4598  0.0000  0.0000
 76 156  2.1307  0.0000  0.0000
 84 156  1.5223  0.0000  0.0000
 92 156  1.0396  0.0000  0.0000
100 156  1.0000  0.0000  8.2581
108 156 -0.0549  0.0080 14.4470
116 156  0.4275  0.0909  7.1837
124 156  0.2892  0.0000  0.0000
132 156  0.0835  0.0000  0.0000
140 156 -0.0908  0.0000  0.0000
148 156 -0.2693  0.0000  0.0000
156 156 -0.1985  0.0000  0.0000
164 156  0.0698  0.2911 10.5124
172 156  0.9334  0.0000 13.0803
180 156 -0.2034  0.0000 11.1304
188 156 -1.0226  0.0000  0.0000
196 156 -1.9132  0.0000  0.0000
204 156 -1.4103  0.0000 11.1304
212 156 -1.0408  0.0000 16.1088
220 156 -1.3020  0.0000  8.8276
228 156 -1.1503  0.0000  0.0000
236 156 -0.6338  0.0000  0.0000
244 156  0.1202  0.0000  0.0000
252 156  0.9634  0.0000  0.0000
260 156  1.7044  0.0000  0.0000
268 156  1.9995  0.0000  0.0000
276 156  2.6236  0.0000  0.0000
284 156  4.5000  0.0000  4.0635
292 156  4.0458  0.0000 13.5576
  4 164  3.2428  0.0000  8.8276
 12 164  2.5982  0.0000 11.1304
 20 164  2.3799  0.0000 11.1304
 28 164  2.5000  0.0000  8.8276
 36 164  0.6339  0.0000 11.1304
 44 164  0.5553  0.0000 13.3565
 52 164  0.1960  0.0000 11.1304
 60 164  0.0504  0.0000 19.4783
 68 164 -0.0027  0.0000 20.7059
 76 164 -0.2252  0.0000  0.0000
 84 164  0.2700  0.0000  0.0000
 92 164  1.3262  0.0000  0.0000
100 164  2.5000  0.0000  8.8276
108 164 -0.1802 -0.1949  7.7576
116 164 -1.0039  0.0000  0.0000
124 164 -1.9182  0.0000 11.1304
132 164  0.5000  0.0000 11.1304
140 164 -0.7812  0.0000  0.0000
148 164 -1.3054  0.0000  0.0000
156 164 -1.2449  0.0000 11.1304
164 164 -0.7477  0.0000 12.0628
172 164  0.0837  0.0000 11.1304
180 164  1.2083  0.0000 13.1641
188 164  2.5000  0.0000  8.8276
196 164  2.9020  0.0000  0.0000
204 164  3.4924  0.0000  0.0000
212 164  4.3515  0.0000  0.0000
220 164  4.0164  0.0000  0.0000
228 164  3.2908  0.0000  0.0000
236 164  2.6160  0.0000 11.1304
244 164  2.0830  0.0000 11.1304
252 164  1.3599  0.0000 12.0628
260 164 -0.2780 -0.1270 13.3759
268 164  0.4043  0.4043  8.0000
276 164 -0.4043  0.4043  8.0000
284 164 -0.1439  0.0000  0.0000
292 164  0.0825 -0.0825  9.2850
  4 172 -0.5000 -0.5000  4.0635
 12 172  0.1162  0.0000 11.1304
 20 172  1.0551  0.0000 11.1304
 28 172  1.5723  0.0000  0.0000
 36 172  0.2281  0.0000 16.1088
 44 172 -0.4681  0.0000  9.5738
 52 172 -1.3273  0.0000 11.1304
 60 172  5.1203 -0.5000  5.4468
 68 172 -0.0382  0.1028 16.6166
 76 172 -0.8842  0.0000 11.1304
 84 172 -1.0676  0.0000  0.0000
 92 172 -0.7966  0.0000  0.0000
100 172 -0.2121  0.0000 11.1304
108 172  0.6565  0.0000 11.1304
116 172  1.8241  0.0000 19.4783
124 172  2.5147  0.0000  0.0000
132 172  3.0091  0.0000 11.1304
140 172  3.3135  0.0000  0.0000
148 172  3.0203  0.0000  0.0000
156 172  2.4971  0.0000 16.1088
164 172  1.9466  0.0000 11.1304
172 172  1.4143  0.0000  9.2850
180 172  0.7775  0.0000  0.0000
188 172 -0.1151  0.1151 16.5161
196 172  0.1965  0.0000  0.0000
204 172 -0.0804  0.0000  0.0000
212 172 -0.0274  0.0000  0.0000
220 172 -0.0499  0.0000 11.1304
228 172 -0.4043  0.4043  8.0000
236 172 -0.1150  0.0000  0.0000
244 172  0.3930  0.0000  0.0000
252 172  0.5978  0.0000  0.0000
260 172 -0.0286  0.0000  0.0000
268 172 -0.5000 -0.0391  9.3822
276 172 -0.4784  0.0000 11.1304
284 172  0.2907  0.0403 10.5761
292 172 -0.0102  0.0000 14.4198
  4 180  0.1319  0.0000 11.1304
 12 180 -0.5000  0.0000  8.8276
 20 180 -0.5841  0.0000  0.0000
 28 180 -0.3988  0.0000  0.0000
 36 180 -0.0203  0.1804 15.3082
 44 180  0.9952  0.0000 16.1088
 52 180  1.6967  0.0000 20.7059
 60 180  2.0282  0.0000  0.0000
 68 180  2.0098  0.0000  0.0000
 76 180  1.6640  0.0000  0.0000
 84 180  1.3753  0.0000  0.0000
 92 180  1.0632  0.0000 11.1304
100 180  0.8021  0.0000  0.0000
108 180  0.8164  0.0000 11.1304
116 180  1.0000  0.0000  8.2581
124 180  0.7487  0.0000  0.0000
132 180  0.4943  0.0000  0.0000
140 180  0.3731  0.0000  0.0000
148 180  0.1422  0.0000  0.0000
156 180 -0.2173  0.0000 11.1304
164 180 -0.2801  0.0000 16.1088
172 180 -0.1432  0.0000 11.1304
180 180  0.0000 -0.5000  8.8276
188 180 -0.1113  0.0000 12.0628
196 180  0.1725  0.0000  0.0000
204 180  1.0215  0.0000  0.0000
212 180 -1.6900  0.0000  0.0000
220 180  0.1160  0.0000 11.1304
228 180  1.5000  0.0000  8.2581
236 180  0.3577  0.0000 13.4737
244 180  0.0222  0.0000  0.0000
252 180  0.0099  0.0000  0.0000
260 180  0.2295  0.0000  0.0000
268 180  0.7743  0.0000  0.0000
276 180  1.1599  0.0000  0.0000
284 180  1.2205  0.0000  0.0000
292 180  0.9425  0.0000  0.0000
  4 188  0.4660 -0.3157  9.7360
 12 188  0.4314  0.0000 11.1304
 20 188  0.2950  0.0000 11.1304
 28 188  0.1151  0.1151 16.5161
 36 188  0.3962  0.0000  9.4948
 44 188  0.7280  0.0000  8.8276
 52 188  0.8002  0.0000  0.0000
 60 188  0.8855  0.0000  0.0000
 68 188  0.8682  0.0000  0.0000
 76 188  0.5156  0.0000  0.0000
 84 188  0.0046  0.0000  0.0000
 92 188 -0.3074  0.0000  0.0000
100 188 -0.4134  0.0000 16.1088
108 188 -0.4043 -0.4043  8.0000
116 188  0.0000 -0.5000  8.8276
124 188  0.8490  0.0000  8.8276
132 188  2.3677  0.1145 12.8207
140 188 -2.3677  0.1145 12.8207
148 188 -0.3468 -1.0000 10.2045
156 188  1.0706  0.0000  0.0000
164 188  0.9332  0.0000 16.1088
172 188  0.7563  0.0000 11.1304
180 188  0.7216  0.0000  0.0000
188 188  0.8312  0.0000 11.1304
196 188  1.0435  0.0000  0.0000
204 188  1.1016  0.0000 11.1304
212 188  0.9133  0.0000  0.0000
220 188  0.5333  0.0000  0.0000
228 188  0.2152  0.0000 16.1088
236 188  0.1807  0.0000 16.1088
244 188  0.0752  0.0000  1.0000
252 188 -0.0582  0.0000 19.4783
260 188  0.0219  0.0000 16.1088
268 188  0.2189  0.0000 19.1045
276 188  0.5245  0.0000  0.0000
284 188  1.1168  0.0000  0.0000
292 188  1.4258  0.0000 11.1304
  4 196  0.9503  0.0000  0.0000
 12 196  0.2284  0.0000  0.0000
 20 196 -0.0793  0.0000 11.1304
 28 196  0.1912  0.0000 12.4272
 36 196  1.5000  0.0000  8.2581
 44 196  1.1871  0.0000  0.0000
 52 196  1.3455  0.0000  0.0000
 60 196  2.1866  0.0000  0.0000
 68 196 -2.2769  0.0000 11.1304
 76 196 -0.4681  0.0000 11.1304
 84 196  0.8380  0.0000 11.1304
 92 196  1.2860  0.0000  0.0000
100 196  1.4288  0.0000 11.1304
108 196  1.5131  0.0000  0.0000
116 196  1.6074  0.0000 16.1088
124 196  1.6672  0.0000  0.0000
132 196  1.5000  0.0000  9.9740
140 196  1.0080  0.0000 16.1088
148 196  0.4408  0.0000  0.0000
156 196  0.2446  0.0000  0.0000
164 196  0.3181  0.0000 11.1304
172 196  0.1718  0.0000 11.1304
180 196 -0.0594  0.0000  0.0000
188 196 -0.2703  0.0000  8.2581
196 196 -0.3466  0.0000 11.1304
204 196 -0.0310  0.0000  0.0000
212 196  1.2178  0.0000  8.8276
220 196  2.0526  0.0000  0.0000
228 196  1.2612  0.0000  0.0000
236 196  0.1470  0.0000 11.1304
244 196 -0.1138 -0.1378 11.4627
252 196  0.2810  0.0000  0.0000
260 196  1.1251  0.0000 11.1304
268 196  1.1113  0.0000  0.0000
276 196  1.0279  0.0000  0.0000
284 196  1.1172  0.0000 11.1304
292 196 -2.0594  0.0000  0.0000
  4 204 -0.4043  0.4043  8.0000
 12 204  0.8801  0.0000 16.1088
 20 204  1.6488  0.0000 16.1088
 28 204  2.0689  0.0000 12.0455
 36 204  2.2975  0.0000  0.0000
 44 204  2.4272  0.0000  0.0000
 52 204  2.5000  0.0000  8.8276
 60 204  2.5000  0.0000  8.8276
 68 204  1.2691  0.0000 11.1304
 76 204  0.2576  0.0000 11.1304
 84 204  0.1750  0.0000  0.0000
 92 204  0.5000  0.0000 11.1304
100 204  0.2991  0.0000  8.8276
108 204  0.0000 -0.1063  6.9728
116 204 -0.4352  0.0000 11.1304
124 204 -0.8046  0.0000  0.0000
132 204 -0.8176 -0.5000  7.3397
140 204  1.0503 -0.5000  7.2590
148 204  2.5000  0.0000  8.8276
156 204  1.1188  0.0000 11.1304
164 204 -0.5000 -0.1588 10.5785
172 204 -0.6336  0.0000 11.1304
180 204 -0.2310  0.0000  0.0000
188 204  0.3208  0.0000  8.2581
196 204  0.4491  0.0000 17.0667
204 204  0.3149  0.0000 13.1641
212 204 -0.0698 -0.2911 10.5124
220 204 -2.0395  0.0000  0.0000
228 204 -0.3942  0.0000  0.0000
236 204  1.0748  0.0000  0.0000
244 204  2.1144  0.0000 16.1088
252 204  2.7493  0.0000 16.1088
260 204  3.0504  0.0000  0.0000
268 204  3.0771  0.0000  0.0000
276 204  2.8474  0.0000  0.0000
284 204  2.2636  0.0000  0.0000
292 204  0.9072  0.0000 10.1191
  4 212 -0.3732  0.3694 10.3318
 12 212 -0.2883  0.0000 12.0628
 20 212  0.0736  0.0000 12.0628
 28 212  0.1132  0.0000 11.1304
 36 212 -0.0740  0.0000 16.1088
 44 212 -0.3982  0.0000  0.0000
 52 212 -0.6373  0.0000 16.1088
 60 212 -0.5000  0.0000  8.8276
 68 212  0.0890  0.0000 11.1304
 76 212  0.7287  0.0000  0.0000
 84 212 -0.0022  0.0000 11.1304
 92 212 -0.9833  0.0000 12.0628
100 212 -1.1818  0.0000 11.1304
108 212 -0.9079  0.0000 16.1088
116 212 -0.4998  0.0000  0.0000
124 212 -0.2722  0.0000  0.0000
132 212 -0.2508 -0.0156 14.5049
140 212 -0.3816  0.0000 16.1088
148 212 -2.1168  0.0000 11.1304
156 212 -0.2945 -0.0125  8.9554
164 212  1.5000  0.0000  8.2581
172 212  2.8124  0.0000 14.5615
180 212  3.6250  0.0000  8.2581
188 212  3.9319  0.0000  8.8276
196 212  3.7558  0.0000  1.0000
204 212  3.1350  0.0000  8.2581
212 212  2.1067  0.0000 12.0628
220 212  0.7499  0.0000  0.0000
228 212 -0.3346  0.0000  0.0000
236 212 -0.4909  0.0000  0.0000
244 212 -0.2235  0.0000 16.1088
252 212 -0.0339  0.0000 11.1304
260 212 -0.1077  0.0000 16.1088
268 212 -0.3495  0.0000  0.0000
276 212 -0.6716  0.0000 17.0667
284 212 -1.1062  0.0000  0.0000
292 212 -1.5000  0.0000  8.2581
  4 220 -1.3031  0.0000  0.0000
 12 220 -1.5618  0.0000  9.2850
 20 220 -1.9421  0.0000 11.1304
 28 220 -1.9756  0.0000 12.5902
 36 220 -1.6965  0.0000 11.1304
 44 220 -1.2754  0.0000 16.1088
 52 220 -0.8749  0.0000 11.1304
 60 220 -0.5336  0.0000  0.0000
 68 220 -0.2080 -0.2715 12.3107
 76 220 -2.1046  0.0000  0.0000
 84 220  0.1096  0.0000  0.0000
 92 220  2.2342  0.0000 11.1304
100 220  3.9030  0.0000  0.0000
108 220  4.9229  0.0000  0.0000
116 220  5.2081  0.0000 16.1088
124 220  4.7562  0.0000  0.0000
132 220  3.6528  0.0000  0.0000
140 220  2.1070  0.0000  0.0000
148 220  0.5049  0.0000  0.0000
156 220 -0.5960  0.0000  7.5124
164 220 -0.8225  0.0000  0.0000
172 220 -0.4299  0.0000 11.0903
180 220  0.0319  0.0309 11.6225
188 220  0.0000  1.5000  5.4468
196 220 -0.1799  0.5000 12.6674
204 220 -0.5000  0.0000  8.2581
212 220 -1.5962  0.0000 16.1088
220 220 -2.6722  0.0000 16.1088
228 220 -3.0888  0.0000  0.0000
236 220 -3.2141  0.0000  4.0635
244 220 -3.2069  0.0000 11.1304
252 220 -3.0115  0.0000 11.1304
260 220 -2.6129  0.0000 11.1304
268 220 -2.0668  0.0000 17.0667
276 220 -1.4427  0.0000  0.0000
284 220 -0.7742  0.0000  0.0000
292 220 -0.0700  0.0000  0.0000
