VARIABLES= "X pix", "Y pix", "U pix/dt", "V pix/dt", "CHC", ZONE I=28, J=37
  4   4 -0.0163 -0.0143 10.4389
 12   4  0.0041  0.0135 11.3558
 20   4 -0.0133  0.0377 10.5856
 28   4  0.0155  0.0167 10.5771
 36   4 -0.0134  0.0343 10.7786
 44   4  0.0121  0.0346 10.7479
 52   4  0.0000  0.0000 11.0456
 60   4  0.0000  0.0000 11.0456
 68   4  0.0000  0.0000 10.9708
 76   4  0.0000  0.0000 10.0799
 84   4  0.0406  0.0186 10.9230
 92   4  0.0144 -0.0029 10.9360
100   4 -0.0051  0.0275 12.8302
108   4  0.0000  0.0000 11.9577
116   4  0.0000 -0.0449 11.0202
124   4  0.0000 -0.0286 12.1954
132   4 -0.0005  0.0180 11.4657
140   4  0.0037  0.0220 11.4132
148   4 -0.0023  0.0100 11.8504
156   4  0.0000 -0.0095 11.6968
164   4  0.0000  0.0000 11.7754
172   4  0.0000  0.0000 11.9577
180   4 -0.0533 -0.0164 11.8334
188   4  0.0000  0.0095 12.0915
196   4 -0.0036  0.0105 11.7317
204   4 -0.0057  0.0048 11.3819
212   4  0.0000  0.0000 11.5883
220   4  0.0090 -0.0673 11.7043
228   4  0.0101 -0.0165 11.8446
236   4  0.0000 -0.1863  9.1836
244   4  0.0785  0.1269  9.6242
252   4  0.1015 -0.0201 10.1405
260   4 -0.0784 -0.0128 10.4806
268   4  0.0756  0.0189 10.3853
276   4  0.0000  0.0199 12.0121
284   4  0.0000  0.0000 13.0803
292   4 -0.0181  0.0053 12.1418
  4  12  0.1061 -0.1182  7.8459
 12  12  0.0026 -0.1308 10.5330
 20  12  0.0406 -0.0544  9.5685
 28  12  0.0473  0.0047 10.6035
 36  12  0.1869  0.1070 16.6775
 44  12 -0.0222 -0.1510 12.2210
 52  12  0.2752  0.0597 11.2549
 60  12  0.1469  0.0526  8.2871
 68  12  0.0485 -0.0586 13.0639
 76  12  0.1154  0.0821 11.2795
 84  12  0.1601 -0.1336  8.5333
 92  12  0.0060  0.0055  8.6579
100  12  0.0498 -0.0583  9.1191
108  12 -0.0177  0.0225  9.8408
116  12 -0.0213 -0.0030 10.0501
124  12 -0.0654  0.0739 10.0398
132  12  0.0782  0.0524 10.0320
140  12  0.0132 -0.0043 10.8149
148  12 -0.0193 -0.0278 10.2083
156  12  0.0492  0.0901 10.7836
164  12  0.0000  0.0000 11.6779
172  12  0.0056  0.0381 11.1220
180  12  0.1001  0.0669  9.7448
188  12 -0.0500  0.0974  9.8763
196  12 -0.0000  0.0000  8.9256
204  12 -0.0006 -0.1742 10.4204
212  12  0.0324  0.0124 15.5161
220  12 -0.1210 -0.0356 13.2662
228  12  0.0521 -0.3623  8.8970
236  12  0.0000  0.5000  7.2529
244  12 -0.1571 -0.0706 11.7426
252  12  0.1235  0.1082 10.5785
260  12 -0.0327 -0.2067 10.5582
268  12  0.0018 -0.3310  8.9891
276  12  0.1568 -0.2786  8.4858
284  12 -0.0931 -0.8666  7.7576
292  12 -0.0686  0.0547  7.6177
  4  20  0.0344 -0.0291 16.3479
 12  20 -0.0052 -0.1105 14.4933
 20  20 -0.0003 -0.1174 12.2193
 28  20  0.0446 -0.1111 13.7671
 36  20  0.0644 -0.0912 14.5822
 44  20 -0.0305 -0.0434 12.8435
 52  20 -0.0065 -0.0139 15.8327
 60  20  0.0018 -0.0857 17.4152
 68  20  0.0055 -0.1311 17.0832
 76  20 -0.0328 -0.0102 18.5243
 84  20  0.0261 -0.0362 15.8924
 92  20 -0.0217 -0.0224 14.6393
100  20  0.0358 -0.0375 11.7149
108  20  0.0499  0.0618  9.1759
116  20  0.0385 -0.0036 14.1852
124  20 -0.0130 -0.0302 13.0526
132  20 -0.0041 -0.0464 13.2992
140  20 -0.0232 -0.0735 12.7016
148  20  0.0314 -0.0657 13.9048
156  20 -0.0055 -0.0534 13.3875
164  20  0.0201 -0.1126 14.0042
172  20  0.2082 -0.1710 12.2077
180  20  0.0311 -0.0078 12.3446
188  20 -0.0067  0.0036 18.2258
196  20 -0.0083  0.0012 18.1736
204  20 -0.0095 -0.0102 18.7484
212  20 -0.0124 -0.0670 20.8327
220  20  0.0838 -0.0367 30.3111
228  20 -0.0120 -0.0931 14.6104
236  20 -0.1262 -0.3448 16.9695
244  20 -0.0487 -0.1534  9.7675
252  20  0.2761 -0.0059  9.2913
260  20  0.0354 -0.1391  9.3403
268  20  0.0000 -0.8323 12.4737
276  20 -0.1890 -0.3265  9.2825
284  20  0.3774  0.1842  8.6850
292  20  0.1162 -0.0076 13.7137
  4  28  0.0353 -0.0943  9.2388
 12  28  0.0502 -0.2347  9.2675
 20  28  0.0084  0.0001 10.1201
 28  28 -0.0344  0.0059  9.6741
 36  28  0.0062  0.0151 10.1054
 44  28 -0.0018  0.0069 10.1794
 52  28  0.0228  0.0216 10.1671
 60  28  0.0013  0.0209 10.0184
 68  28  0.0320  0.0216 10.5660
 76  28  0.0577 -0.0300 10.8238
 84  28  0.0163 -0.0088 10.1739
 92  28 -0.0190 -0.0279  9.8085
100  28 -0.0037 -0.0245 11.0390
108  28 -0.0078  0.0192 15.8980
116  28  0.0201  0.0007  9.3109
124  28  0.0195 -0.0284 10.2788
132  28  0.0209 -0.0232  9.1600
140  28  0.0153 -0.0280  9.4540
148  28  0.0063 -0.0100  9.9949
156  28  0.0495 -0.0103 18.7118
164  28  1.4333 -0.0160 12.4127
172  28  0.0573 -0.1490 11.4233
180  28  0.4104  0.0219 15.7470
188  28  0.5154 -0.1204 12.6393
196  28  0.1823 -0.0725 10.2071
204  28  0.0032 -0.0289  9.6907
212  28 -0.0018 -0.0415 10.3351
220  28 -0.0207 -0.0382 11.0471
228  28 -0.0238 -0.0357 10.4397
236  28 -0.0019 -0.0425  9.9258
244  28  0.0003 -0.0494  9.8183
252  28  0.0314 -0.0537 10.3730
260  28  0.0037 -0.0253 15.9479
268  28 -0.0211 -0.0402 17.4853
276  28  0.2139 -0.0081 19.5105
284  28  0.0364  0.1606 21.3603
292  28  0.0397 -0.0509 15.2408
  4  36  0.0154 -0.0041  7.7700
 12  36  0.0122 -0.0450  7.9155
 20  36 -0.0580 -0.0451  6.7451
 28  36 -0.0176  0.2314  6.4430
 36  36 -0.1179 -0.0222  6.5905
 44  36 -0.1774  0.0164  5.7444
 52  36  0.0668  0.1257  6.9945
 60  36 -0.2757  0.1390 11.0209
 68  36  0.3210 -0.1596  7.5799
 76  36  0.1351 -0.0253  8.6212
 84  36  0.0686  0.0063 12.5457
 92  36 -0.1511  0.0111 11.7790
100  36  0.1752 -0.0304  9.0403
108  36 -0.0990 -0.0230  8.6944
116  36 -0.1045 -0.0236  8.1935
124  36 -0.0556 -0.0193  6.5156
132  36  0.5000 -0.5000  4.0635
140  36  0.0000  0.0000 10.9491
148  36 -0.0329 -0.1689 11.2397
156  36  0.0946  0.0615 11.2214
164  36  0.0614 -0.0290 16.6902
172  36  0.0391  0.0227 14.1149
180  36  0.6093  0.0169 11.1340
188  36  0.1812  0.0319 13.3349
196  36  0.0656 -0.0975  6.8144
204  36  0.0604 -0.1605 13.5163
212  36 -0.1193 -0.2304 11.5417
220  36  0.0000 -0.2029 11.3947
228  36 -0.1139 -0.0650 12.9337
236  36  0.0524  0.1656 10.4828
244  36  0.0440 -0.2409  9.8756
252  36 -0.0296 -0.0239 13.4861
260  36 -0.0447 -0.0887 10.2201
268  36  0.0000  0.0000  9.5231
276  36  0.0627 -0.1828  6.4944
284  36 -0.1193  0.1093  8.2219
292  36 -0.0407 -0.0251  7.8544
  4  44  0.0000  0.5000 11.1304
 12  44  0.0243  0.3143 16.2696
 20  44  0.0000  0.0846 16.2417
 28  44  0.0208  0.1588 13.8016
 36  44  0.0000  0.0000 15.4368
 44  44  0.0000  0.0000 12.1260
 52  44 -0.0315 -0.0093 10.4336
 60  44 -0.0058  0.0137  8.9347
 68  44 -0.2684  0.6293  8.5362
 76  44 -0.1536 -0.0295  6.8558
 84  44  0.0726  0.5000  7.5653
 92  44 -0.3479  0.0358  7.8325
100  44  0.0000  0.0000 11.1304
108  44  0.0000  0.0000  0.0000
116  44  0.0000  0.0000  0.0000
124  44  0.0000  0.0000  0.0000
132  44  0.0000  0.0000  0.0000
140  44  0.0000  0.0000  0.0000
148  44  0.5000 -1.8467  6.2076
156  44  0.0695 -0.0091 17.6619
164  44  0.2053  0.0679  9.8754
172  44  0.0989 -0.0337 10.6100
180  44  0.1448 -0.0242  9.2217
188  44  0.0310 -0.0257 10.9318
196  44  0.1316 -0.0748  6.4060
204  44  0.1419 -0.1319  7.3374
212  44  0.0298  0.0146  8.8071
220  44 -0.0492 -0.0189  8.9674
228  44  0.0160 -0.1830 11.2704
236  44 -0.0743  0.0577 11.1908
244  44 -0.1285  0.1084 10.8169
252  44 -0.0080  0.1524 15.2409
260  44 -0.3201 -0.1570 13.6756
268  44  0.0000 -0.1960 11.1304
276  44 -0.0940 -1.0523  8.7802
284  44 -0.5000  0.0000  8.8276
292  44  0.3321 -0.1565  8.0183
  4  52 -0.0953  0.1553  9.3688
 12  52  0.0536  0.0443  8.5017
 20  52 -0.0529 -0.6259  8.9516
 28  52 -0.3592 -1.1225  8.8776
 36  52 -0.5000 -0.5000  8.4476
 44  52  0.0000  0.0000  0.0000
 52  52  0.0000  0.0000  0.0000
 60  52  0.0000 -0.5000 11.1304
 68  52  0.0000  0.0000  0.0000
 76  52  0.0000  0.0000 11.1304
 84  52     NaN  0.0000  5.4468
 92  52 -0.1960  0.0000 11.1304
100  52  0.1960  0.0000 11.1304
108  52  0.0000  0.0000  0.0000
116  52  0.0000  0.0000 11.1304
124  52  0.0000  0.0000 11.1304
132  52  0.0000  0.0000  0.0000
140  52  0.0000  0.0000  0.0000
148  52 -0.4081 -0.0594  4.9453
156  52  0.1164 -0.0145 11.4637
164  52  0.0709  0.0791 19.5772
172  52  0.0493  0.0229 10.0027
180  52  0.1195 -0.0011 12.0855
188  52 -0.0229 -0.0620 11.0347
196  52 -0.0486  0.0556  6.2900
204  52 -0.0645 -1.5757 11.2973
212  52 -3.5000  0.0634  8.7887
220  52  0.0808 -0.0808  4.8302
228  52  0.0000  0.0000 12.6818
236  52  0.0000  0.0000 14.2815
244  52 -0.1497  0.0158  8.2228
252  52  0.0922 -0.0034 10.6934
260  52  0.1841 -0.1220  9.8065
268  52 -0.1720  0.3132  8.6841
276  52  0.1353  0.0199  8.9863
284  52 -0.1080  0.0585 10.2884
292  52  0.0000  0.0000 13.3565
  4  60  2.3677  0.1145 12.8207
 12  60  0.0000  0.0000 11.1304
 20  60  0.0000  0.0000  0.0000
 28  60  0.0000  0.0000  0.0000
 36  60  0.0000  0.0000  0.0000
 44  60  0.0000 -0.5000  4.0635
 52  60  0.0000  0.0000  0.0000
 60  60  0.0000  0.6853 11.1304
 68  60  2.5000  4.5000  4.0635
 76  60 -0.5000 -0.5000  4.0635
 84  60  0.0000  0.0000  0.0000
 92  60 -1.2220 -0.0893  7.9034
100  60  0.0000  0.0000 20.7059
108  60  0.1546  0.0660 18.6254
116  60  1.5000  0.0000  8.2581
124  60  0.0000  0.0000  0.0000
132  60  0.0000  0.0000  0.0000
140  60  1.0000  0.0305  9.0241
148  60  0.0071  0.0092  7.1608
156  60  0.0088  0.0162 11.2836
164  60 -0.0118  0.0319 11.7574
172  60 -0.0012  0.0351 11.3378
180  60  0.0032  0.0145 11.3422
188  60  0.0039  0.0185 11.1645
196  60  0.0382 -0.1736  6.7104
204  60 -0.0630  0.4240  9.2338
212  60 -0.0649  0.1771  8.7461
220  60 -0.1837  0.2064  8.3101
228  60 -0.0669 -0.1771  7.7178
236  60  0.1947 -0.2451  6.7950
244  60 -0.0814 -0.0176  9.1227
252  60 -0.0656 -0.0621  9.6467
260  60  0.0000  0.0000 11.7363
268  60  0.0558 -0.0080 10.6810
276  60  0.0000  0.0000 16.2968
284  60  0.0312  0.2456 18.3838
292  60  0.0731 -0.2273  6.7865
  4  68  0.0000  0.0000 11.1304
 12  68  0.0000 -0.1960 11.1304
 20  68  0.0000  0.0000  0.0000
 28  68  0.0000  0.0000  0.0000
 36  68  0.0000  0.0000  0.0000
 44  68  0.0000  0.0000  0.0000
 52  68  5.8826  4.5000  6.1440
 60  68  0.0000 -0.7251  9.9740
 68  68 -0.0582  0.0292 15.7491
 76  68  0.0000 -0.1357 15.8433
 84  68 -0.2508  0.0156 14.5049
 92  68  0.0425  0.0251 11.9222
100  68  0.0000  0.0000 20.7059
108  68  0.0220 -0.0321 14.8421
116  68 -0.3060  0.0814  9.4577
124  68  0.3671  0.2890 13.1356
132  68  0.0000  0.0000 11.1304
140  68 -2.5000 -0.0474 12.9667
148  68  0.0000  0.2345 11.6676
156  68  1.7173  0.0611 13.5748
164  68  0.0448 -1.3371  9.1516
172  68 -0.0660  0.2234  9.2086
180  68  0.5000 -0.0509  7.7710
188  68  1.3922 -1.3122  7.1093
196  68  0.1482  0.2050  8.3934
204  68 -0.5000  0.0836  9.2702
212  68  0.0000  0.0000  0.0000
220  68 -0.5000  0.0000  8.8276
228  68 -0.5000  4.5000  4.0635
236  68  0.0000  0.0000  0.0000
244  68 -0.0391 -0.5000  9.3822
252  68  0.5000  0.0000 11.1304
260  68     NaN -2.5000  8.4476
268  68  0.1802 -0.1949  7.7576
276  68 -0.0235  0.3939  8.7892
284  68  0.1787 -0.3624  7.6735
292  68  0.2270  0.0831 11.4381
  4  76  0.0000  0.0000  0.0000
 12  76  0.0000  0.0000  0.0000
 20  76 -0.1142 -0.5000  6.2007
 28  76 -0.5000  0.1588 10.5785
 36  76  0.0000  0.0000  0.0000
 44  76  0.0000  0.0000 19.4783
 52  76  0.2232  0.0000  8.2581
 60  76 -0.1841  0.0418 12.3683
 68  76  0.1086 -0.0417 17.4262
 76  76  0.1609  0.0309  9.3037
 84  76  0.0000  0.0000  8.7566
 92  76 -0.0962  0.2602 11.0345
100  76  0.0637  0.1508  9.1601
108  76  0.9260 -0.0421 13.4321
116  76     NaN  0.0000  5.4468
124  76 -0.6001  0.1776  6.9856
132  76  0.1270  0.1618 11.8661
140  76 -0.5000  0.0000  8.8276
148  76 -0.1405 -0.0604 12.9186
156  76  2.4564  0.1473 11.5795
164  76  0.1123  0.0711 13.6764
172  76 -0.5000  0.0000  8.8276
180  76  0.0000  0.0000  0.0000
188  76 -0.0078 -0.0596 19.5884
196  76  0.5000 -1.6036  7.6612
204  76 -0.2626 -0.3224 11.1304
212  76  2.5000 -0.5000  4.0635
220  76  0.0000  0.0000  0.0000
228  76 -0.5000 -0.1588 10.5785
236  76  0.0000  5.0000 11.1304
244  76  4.5000  2.5000  4.5230
252  76  0.0000  0.0000  0.0000
260  76  2.5000  0.1588 10.5785
268  76 -0.2780 -0.1270 13.3759
276  76  2.5000  0.0000  8.8276
284  76  0.1113 -1.6014 11.9803
292  76  0.0000  2.5000  8.8276
  4  84  0.0000  0.0000  0.0000
 12  84  4.5000 -0.5000  4.0635
 20  84  0.0000  0.0000  0.0000
 28  84 -0.0557 -0.0193 15.2661
 36  84  0.3397  0.0819  8.3561
 44  84 -1.8263  0.3157 10.5375
 52  84  0.1538 -0.4196 12.3286
 60  84 -0.0711 -0.0988 13.6695
 68  84  0.0000  0.0000  8.2444
 76  84 -0.4124  0.1710 10.0373
 84  84  0.0209  0.2018 10.4684
 92  84  0.1667  0.0910  6.2439
100  84  0.0000  0.0000 13.3565
108  84  0.0000  0.0000 20.7059
116  84 -0.5000 -0.1507  5.2379
124  84  0.1841  0.0418 12.3683
132  84  0.0000  0.0535 10.0787
140  84  0.0000  0.1960 11.1304
148  84  0.0610  0.1159 10.1401
156  84  0.0000  0.0000  0.0000
164  84  1.5000  0.0448  8.9013
172  84  0.0000  0.0000  0.0000
180  84  0.0000  0.0000  0.0000
188  84  0.0000  0.0000  0.0000
196  84 -0.1147 -0.1160  8.8276
204  84  0.5000  2.6615  8.2581
212  84  0.0000  5.0000 11.1304
220  84  0.0000  0.0000  0.0000
228  84  0.0000  0.0000  0.0000
236  84  0.0000  0.0000 12.0628
244  84  0.0000  0.0000 20.7059
252  84  0.0000  0.0000  0.0000
260  84  0.0000  0.0000 11.1304
268  84  0.0000  0.0000 11.1304
276  84  0.0000  0.0000  0.0000
284  84  0.0000  0.0000 11.1304
292  84  0.0000  0.0000 11.1304
  4  92  2.5000  2.0000  8.8276
 12  92  0.0000  0.0000  0.0000
 20  92 -0.0546  0.1876 14.0829
 28  92 -0.2758  2.5000  6.3232
 36  92     NaN  5.1203  5.4468
 44  92  0.0000  0.0000 18.8048
 52  92  0.0348 -0.1045  8.5014
 60  92 -0.3734 -0.0421  6.4262
 68  92  0.0101 -0.0445  7.7960
 76  92  0.0000  0.0000  0.0000
 84  92 -0.0337 -3.0751 10.0832
 92  92  0.2654  0.1318  8.3985
100  92  0.0000 -2.0000 11.1304
108  92  0.0000  0.0000  8.4768
116  92  1.5000  0.0000  8.2581
124  92  0.0000  0.0000  0.0000
132  92  0.0000  0.0000  0.0000
140  92  0.0000  0.0000 16.1088
148  92  0.0000  0.0000 12.0455
156  92  4.5000  0.2391  8.2581
164  92  0.5000  0.0150 12.9239
172  92  0.0000  0.0000 17.2183
180  92 -0.4354  0.2547 12.8000
188  92  0.0000  0.0000  0.0000
196  92  0.0000  0.0000  0.0000
204  92  0.5000 -0.0790  7.5881
212  92 -0.3468  2.5000  7.1197
220  92  0.0000  2.5000  8.8276
228  92 -0.1490 -1.5781 10.6945
236  92 -0.2400 -0.0514 11.6804
244  92 -4.9386  4.8642 16.2025
252  92  5.2840  0.0000  9.0964
260  92  0.0000  0.0000  0.0000
268  92  0.0000  0.0000  0.0000
276  92  0.0000  0.0000  0.0000
284  92  0.0000  0.0000  0.0000
292  92  0.1631  0.0000 12.1018
  4 100  0.0190  0.0701 10.1536
 12 100 -0.1163  0.0829  8.2178
 20 100  0.3127  0.1061  9.8739
 28 100 -0.5000  0.1180  9.2850
 36 100  0.0000  0.0000 11.9011
 44 100  3.8952 -5.8356  8.8729
 52 100  0.0237  0.0267  8.4591
 60 100  0.1960 -0.0376 11.4468
 68 100 -0.1104 -0.0162  8.0503
 76 100 -0.2725  0.0377  9.9214
 84 100 -0.1727  0.3401 11.1014
 92 100 -0.5000  0.0000  8.8276
100 100 -0.3572 -0.2520 11.1988
108 100  0.1434  2.5000  8.3934
116 100  0.0000  0.0000  0.0000
124 100 -0.4043  0.4043  8.0000
132 100 -0.0776 -0.2162  9.2125
140 100  0.0000  0.0000  0.0000
148 100 -1.4070  0.1518 10.3087
156 100  1.1838 -0.5000  7.5779
164 100  1.5000  0.0000  8.2581
172 100 -0.1556  0.0000 12.2969
180 100  0.0000  0.0000  0.0000
188 100  0.0000  0.0000  0.0000
196 100  0.0000  0.0000  0.0000
204 100  0.0000  0.0000  0.0000
212 100 -0.5000 -0.1588 10.5785
220 100  4.5000  4.5000  4.0635
228 100  0.2645 -0.0585 13.3056
236 100  2.5000 -0.0265 11.4627
244 100  0.0832 -0.3131  9.8462
252 100  0.0000  0.0000  0.0000
260 100  0.0000  0.0000  0.0000
268 100  0.0000  0.0000  0.0000
276 100  0.0000  0.0000  0.0000
284 100  0.0000  0.0000  0.0000
292 100  1.1838 -0.5000  7.5779
  4 108 -0.0296  1.6667 15.2716
 12 108  0.0711  0.2626 11.6701
 20 108  0.2031  0.0720 11.1928
 28 108 -0.2813  1.0358 10.0533
 36 108 -2.8288  0.0521 10.1243
 44 108  0.0208 -0.0797 17.5452
 52 108 -0.1663  0.0000  6.6321
 60 108 -0.0324  1.5462  7.5795
 68 108 -0.8967 -1.6504 10.1123
 76 108  0.0000  0.0000  0.0000
 84 108  0.3018  0.0109 13.1984
 92 108 -0.3321  0.1276 10.3409
100 108  0.0000  0.0000 11.1304
108 108 -0.0218 -0.2266 12.8350
116 108  0.0000  0.0000  0.0000
124 108  0.0000  0.0000  0.0000
132 108 -0.5000  4.5000  4.0635
140 108  0.0000  0.0000 11.9011
148 108  0.2270  0.0629 12.9740
156 108  1.2596  0.3479  7.1968
164 108  0.0000  0.0000  0.0000
172 108 -0.0418 -0.1521 12.6567
180 108  0.0000  4.5000  4.0635
188 108  0.4145 -0.0724  9.4225
196 108  0.3127 -0.1061  9.8739
204 108  0.0000  0.0000  0.0000
212 108  0.0000  0.0000  0.0000
220 108  0.0000  0.0000  0.0000
228 108  0.0000  0.0000  0.0000
236 108  0.0000  0.0000  0.0000
244 108  0.5000  0.0930 14.1070
252 108     NaN  1.5000  6.1836
260 108  0.0000  0.0000  0.0000
268 108  0.0000  0.0000  0.0000
276 108  0.0000  0.0000  0.0000
284 108 -0.1960  1.5000  9.2086
292 108  0.0000 -0.5000  8.8276
  4 116  0.0000 -0.1368  6.8725
 12 116 -0.2935  0.7405  9.1456
 20 116 -0.5000  1.8197  6.5164
 28 116  2.5000 -0.1180  9.2850
 36 116  0.0000  0.0000  0.0000
 44 116  0.0000  0.0000 11.1304
 52 116  0.0000  0.0000 11.1304
 60 116 -5.0000  0.0000 11.1304
 68 116 -0.0585  0.2413 13.6170
 76 116  0.0000  0.0000  0.0000
 84 116  1.9665  0.1000 16.7148
 92 116  0.0113 -0.0577  9.2430
100 116  0.0000  0.0000 16.1088
108 116  0.5000  4.3099  7.1263
116 116 -0.3732  0.5000  9.6402
124 116  0.0000  0.0000  0.0000
132 116 -0.1533 -1.0000  8.0910
140 116  0.0000  0.0000  0.0000
148 116  0.0000  0.0000  0.0000
156 116 -0.1960  0.0000 11.1304
164 116 -0.1167  0.2066  8.4768
172 116  1.5000  0.0000  8.2581
180 116  0.0000  0.0000  0.0000
188 116  0.9246 -0.1538 14.1070
196 116  0.1841 -0.0418 12.3683
204 116  4.5000 -0.5000  4.0635
212 116  0.0000  0.0000  0.0000
220 116  0.0000  0.0000  0.0000
228 116  0.0000  0.0000  0.0000
236 116  0.0000  0.0000  0.0000
244 116  0.0000  0.2917 11.1304
252 116  0.5000 -2.8150  6.2126
260 116 -0.5000  0.1151  6.0664
268 116  0.1677  1.5341 11.5221
276 116 -0.5000  2.4545  7.4250
284 116 -0.2763  0.4008  7.8237
292 116  1.0000  0.0000  6.5641
  4 124  2.6615  0.5000  4.6545
 12 124  0.0000  0.0000 16.1088
 20 124  0.0000  0.0000 11.1304
 28 124  0.0000  0.0000  0.0000
 36 124  0.0000  0.0000  0.0000
 44 124  0.0000  0.0000  0.0000
 52 124  0.0000  0.0000  0.0000
 60 124 -0.0378  0.0868 15.2803
 68 124  0.0000  0.0535 10.0787
 76 124  0.0000  0.0000 16.1088
 84 124  0.2508 -0.2969  7.0974
 92 124 -1.5528  1.9232  7.4511
100 124  0.1401  0.2399 12.1506
108 124  2.5000  0.0000 11.1304
116 124  0.0000  0.0000  1.0000
124 124  0.0000  0.0000 16.1088
132 124  0.0696  0.0812 10.9765
140 124  0.0000  0.0000 11.1304
148 124  0.0000  0.0000  0.0000
156 124  0.0000 -0.1063  6.9728
164 124  6.1775 -4.6143  9.1429
172 124  0.0000  0.0000  0.0000
180 124  0.0000  0.0000  0.0000
188 124  0.0000  0.0000  0.0000
196 124  0.8227  0.3995  7.8528
204 124  0.0000  0.0000  0.0000
212 124  0.0000  0.0000  0.0000
220 124  0.0000  0.0000  0.0000
228 124  0.0000  0.0000  0.0000
236 124  0.0000  0.0000  0.0000
244 124  0.0000  0.0000  0.0000
252 124  0.0000  0.0000  0.0000
260 124     NaN  0.0000  8.2581
268 124  0.3081 -0.2758  8.2202
276 124  0.2918 -6.0428  4.8871
284 124  1.1353  0.0322  5.9749
292 124  1.1028  2.5000  5.7744
  4 132 -2.0000 -0.0301  5.9670
 12 132 -0.1619 -0.1608 18.2329
 20 132 -2.5000  0.0000 11.1304
 28 132  0.0000  0.0000  0.0000
 36 132  0.0000  0.0000 16.1088
 44 132 -0.0377  2.3850 12.5315
 52 132  0.0000  0.0000  0.0000
 60 132  0.0000  0.0000  0.0000
 68 132  0.0000  0.0000 16.1088
 76 132 -0.5000  0.0000  8.8276
 84 132  0.0000  0.0000  0.0000
 92 132  0.5000  0.0000  8.4768
100 132 -0.5000  0.0000  6.5641
108 132 -0.0533  0.0000  7.9096
116 132 -0.4065 -5.3162  8.8646
124 132 -1.3070 -0.0337 12.4709
132 132 -4.8682 -0.5000  6.7172
140 132  0.1867 -0.5000  6.4178
148 132  0.0000  0.0000 11.1304
156 132  2.5000  2.0000  8.8276
164 132 -0.1521 -4.2197 13.2375
172 132  0.2789 -0.2264  7.7744
180 132 -1.5000  5.3847  8.2952
188 132  4.5000 -0.5000  4.0635
196 132  0.0000  0.0000  0.0000
204 132  0.0000  0.0000  0.0000
212 132  0.0000  0.0000  0.0000
220 132  0.0000  0.0000  0.0000
228 132  0.0000  0.0000  0.0000
236 132  0.0000  0.0000  0.0000
244 132  0.0000  0.0000  0.0000
252 132  0.0000 -2.0000 11.1304
260 132  0.0000  0.0000  0.0000
268 132  4.5000 -0.5000  4.0635
276 132  0.0000  0.0000  0.0000
284 132  2.5000 -0.1180  9.2850
292 132  0.0360 -0.1854 12.6331
  4 140  3.0000  4.5000  7.0995
 12 140 -0.1960  2.5000 11.1304
 20 140  0.0000  0.0000 11.1304
 28 140  0.0000  0.0000  0.0000
 36 140  2.5000  4.5000  4.0635
 44 140  0.0000  0.0000  0.0000
 52 140 -1.1731 -0.0306 10.0981
 60 140  0.2780 -0.1270 13.3759
 68 140  0.0000  0.0000 11.1304
 76 140  0.0000  0.0000  0.0000
 84 140  0.0000  0.0000  0.0000
 92 140 -1.5000  0.0000  8.2581
100 140  0.0000  0.0000  0.0000
108 140 -0.0561 -0.2765  9.5419
116 140 -0.1095  0.2985 12.8542
124 140 -1.5000  2.5000  7.4357
132 140  0.0000  0.0000  0.0000
140 140  0.0000  0.0000 11.1304
148 140  0.0000  0.0000 11.1304
156 140  0.0000  0.0000  0.0000
164 140  0.0334  2.8961 10.7174
172 140  4.5000  0.2391  8.2581
180 140 -0.1573 -0.1542 14.0000
188 140  0.0000  0.0000  0.0000
196 140  0.0000  0.0000  0.0000
204 140  4.5000  4.5000  4.0635
212 140  0.0000  0.0000  0.0000
220 140  0.0000  0.0000  0.0000
228 140  0.0000  0.0000  0.0000
236 140  0.0000  0.0000  0.0000
244 140  0.0000  0.0000  0.0000
252 140  0.0000  0.0000  0.0000
260 140  0.0000  0.0000  0.0000
268 140  0.0000  0.0000  0.0000
276 140 -0.1063  5.0000  6.9728
284 140  1.8211  0.4052  6.9607
292 140 -0.2168 -0.3506 11.0947
  4 148  0.0000  0.0000  0.0000
 12 148  0.0000  0.0000  0.0000
 20 148 -0.1809  1.7428  8.5057
 28 148  0.0000  0.0000  0.0000
 36 148  0.0000  0.0000  0.0000
 44 148  0.0000  0.0000  0.0000
 52 148  0.1151  0.0000  9.4118
 60 148  0.0000  0.0000 16.1088
 68 148  0.0000  0.0000  0.0000
 76 148  0.0000  0.0000  0.0000
 84 148  0.0000  0.0000  0.0000
 92 148  0.0000  0.0000  0.0000
100 148  0.0000  0.0000 11.1304
108 148 -0.1546  1.3775 10.8089
116 148  0.1201 -0.0323 10.3018
124 148  0.0000  0.0000  0.0000
132 148  0.0000  0.0000  0.0000
140 148  0.0000  0.0000  0.0000
148 148  0.0000  0.0000  0.0000
156 148  0.0000 -2.5000  5.4468
164 148 -0.0832 -0.3131  9.8462
172 148  2.5000  0.0000  8.8276
180 148  0.0000  0.0000  0.0000
188 148  0.0000  0.0000  0.0000
196 148  0.0000 -0.1063  6.9728
204 148  0.3681 -0.3881  9.7710
212 148 -0.3309  0.0637  7.1846
220 148  0.0000  0.0000  0.0000
228 148  0.0000  0.0000  0.0000
236 148  0.0000  0.0000  0.0000
244 148  0.0000  0.0000  0.0000
252 148  0.0000  0.0000 11.1304
260 148  0.0000  0.0000  0.0000
268 148  0.0000  0.0000  0.0000
276 148  0.0000  0.0000  0.0000
284 148  1.9246 -0.2045  8.2307
292 148  2.2701  2.2189  6.0594
  4 156  0.0000  0.0000 16.6957
 12 156 -0.2233  0.2366  9.1713
 20 156  2.5000 -4.8879  4.3390
 28 156  4.5000 -0.5000  4.0635
 36 156  0.0000  2.5000  8.8276
 44 156  5.5000 -0.1151  4.1694
 52 156  0.0698 -0.2911 10.5124
 60 156  0.0000  0.0000 17.0667
 68 156  0.0000  0.0000  0.0000
 76 156  0.0000  0.0000  0.0000
 84 156  0.0000  0.0000  0.0000
 92 156  0.0000  0.0000  0.0000
100 156  0.0610 -0.5000  7.7665
108 156  0.1574  0.0548  8.8276
116 156  0.3814  0.1746  7.7361
124 156  0.0000  0.0000  0.0000
132 156  0.0000  0.0000  0.0000
140 156  0.0000  0.0000  0.0000
148 156  0.0000  0.0000  0.0000
156 156  0.0000  0.0000  0.0000
164 156  0.0418  0.1521 12.6567
172 156 -0.1760  0.0000 15.0588
180 156  0.0000  0.0000  0.0000
188 156  0.0000  0.0000  0.0000
196 156  0.0000  0.0000  0.0000
204 156  0.0000  0.0000  0.0000
212 156 -0.5000 -1.0000  4.0635
220 156  0.0000  0.0000 11.1304
228 156  0.0000  0.0000  0.0000
236 156  0.0000  0.0000  0.0000
244 156  0.0000  0.0000  0.0000
252 156  0.0000  0.0000  0.0000
260 156  0.0000  0.0000  0.0000
268 156  0.0000  0.0000  0.0000
276 156  0.0000  0.0000  0.0000
284 156  0.0000  0.0000  0.0000
292 156  2.5000  0.0000  8.8276
  4 164  0.3301  0.2286  8.0000
 12 164  0.0000  0.0000  0.0000
 20 164  0.0000  5.0000 11.1304
 28 164  0.0000  0.0000  0.0000
 36 164  0.5000  0.0000  8.4768
 44 164  0.1622 -0.3147 11.3947
 52 164 -0.0698  0.2911 10.5124
 60 164  0.0000  0.0000  0.0000
 68 164 -0.1434 -0.5000  8.3934
 76 164  0.0000  0.0000  0.0000
 84 164  0.0000  0.0000  0.0000
 92 164  0.0000  0.0000  0.0000
100 164 -0.1326  0.1909  7.2783
108 164 -0.1704  0.5000  8.3901
116 164  0.0000  0.0000  0.0000
124 164  2.5000 -0.5000  4.0635
132 164  0.0000  0.0000 19.1045
140 164  0.0000  0.0000  0.0000
148 164  0.0000  0.0000  0.0000
156 164  0.3732  0.5000  9.6402
164 164 -1.0000  2.5000  9.2850
172 164 -0.2917  0.0000 11.1304
180 164  0.0000  0.0000  0.0000
188 164  0.0000  0.0000  0.0000
196 164  0.0000  0.0000  0.0000
204 164  5.0000  2.5000  8.8276
212 164  0.0000  0.0000  0.0000
220 164  4.5000  4.5000  4.0635
228 164 -0.5000  0.1588 10.5785
236 164  0.0000  0.0000 11.1304
244 164 -0.5000 -0.1588 10.5785
252 164  0.0000  0.0000  0.0000
260 164 -0.5000  0.0000  8.8276
268 164  0.0593 -0.1399  7.3827
276 164 -4.6564  0.0000 12.4564
284 164  0.0000  0.0000  0.0000
292 164  3.5000 -0.1203  5.4468
  4 172  0.0000  0.0000  0.0000
 12 172  0.0000 -0.1960 11.1304
 20 172  0.0000 -0.1960 11.1304
 28 172  0.0000  0.0000  0.0000
 36 172  0.1313 -0.0812 16.9211
 44 172  0.0000  0.0000 12.0455
 52 172  0.0000  0.0000 11.1304
 60 172 -0.5000  2.5000  8.4476
 68 172 -0.1511  5.2264 14.4225
 76 172  0.0000  0.0000  0.0000
 84 172  0.0000  0.0000  0.0000
 92 172  0.0000  0.0000  0.0000
100 172  0.0000  0.0000  0.0000
108 172 -0.5000 -0.5000  4.0635
116 172  0.0000  0.0000  0.0000
124 172  0.0000  0.0000 11.1304
132 172  0.3468 -0.5000 10.2045
140 172  0.0000  0.0000  0.0000
148 172  0.0000  0.0000  0.0000
156 172  0.3468  2.5000 10.2045
164 172  0.1960  0.0000 11.1304
172 172 -0.1180 -0.5000  9.2850
180 172  0.0000  0.0000  0.0000
188 172  0.1146 -0.0101 17.4161
196 172  0.0000  0.0000  0.0000
204 172  0.0000  0.0000  0.0000
212 172  0.0000  0.0000  0.0000
220 172  0.0000  0.0000 11.1304
228 172 -0.2271 -0.5000  9.5143
236 172  5.0000  0.0000 11.1304
244 172  0.0000  0.0000  0.0000
252 172  0.0000  0.0000  0.0000
260 172  3.5000 -0.1203  5.4468
268 172  0.0000  0.0000  0.0000
276 172  0.0000  0.0000  0.0000
284 172 -1.7783  2.4477 10.6264
292 172 -0.1633  4.6683 12.1767
  4 180 -0.5000     NaN  6.0952
 12 180  0.0000 -0.5000 11.1304
 20 180  0.0000  0.0000  0.0000
 28 180  0.0000  0.0000  0.0000
 36 180 -0.1573 -0.1542 14.0000
 44 180  0.0000  0.0000 16.1088
 52 180  0.0000  0.0000  0.0000
 60 180  0.0000  0.0000  0.0000
 68 180  0.0000  0.0000  0.0000
 76 180  0.0000  0.0000  0.0000
 84 180  3.5000 -0.1203  5.4468
 92 180 -0.5000  4.5000  4.0635
100 180  0.0000  0.0000  0.0000
108 180  0.0000  0.0000 11.1304
116 180  2.5000  4.5000  4.0635
124 180  0.0000  0.0000  0.0000
132 180  0.0000  0.0000  0.0000
140 180  0.0000  0.0000  0.0000
148 180  0.0000  0.0000  0.0000
156 180  4.5000 -0.5000  4.0635
164 180  0.0000 -0.5000  8.8276
172 180  0.5000  0.0000  8.8276
180 180  0.3468 -0.5000 10.2045
188 180  1.0000  0.0000  9.2850
196 180  0.0000  0.0000  0.0000
204 180  0.0000  0.0000  0.0000
212 180  0.0000  0.0000  0.0000
220 180 -0.5000 -0.5000  4.0635
228 180  1.5000  2.5000  7.4357
236 180  0.0677  4.5000  5.7252
244 180  0.0000  0.0000  0.0000
252 180  0.0000  0.0000  0.0000
260 180  0.0000  0.0000  0.0000
268 180  0.0000  0.0000  0.0000
276 180  0.0000  0.0000  0.0000
284 180  0.0000  0.0000  0.0000
292 180  0.0000  0.0000  0.0000
  4 188  0.0000     NaN  9.4233
 12 188  0.0000 -5.1960 11.1304
 20 188  0.1960  2.5000 11.1304
 28 188 -0.1151 -0.1151 16.5161
 36 188 -0.0287  0.3978  8.5434
 44 188  0.0000  0.0000  0.0000
 52 188  0.0000  0.0000  0.0000
 60 188  0.0000  0.0000  0.0000
 68 188  0.0000  0.0000  0.0000
 76 188  0.0000  0.0000 11.1304
 84 188  0.0000  0.0000  0.0000
 92 188  0.0000  0.0000  0.0000
100 188  0.0000 -0.5000  8.8276
108 188  1.3070  0.0337 12.4709
116 188  0.0000  0.0000  0.0000
124 188  0.3223     NaN  5.4468
132 188 -0.0382  0.1028 16.6166
140 188  1.5000  0.0448  8.9013
148 188  0.3272  0.2603 13.7301
156 188  0.0000  0.0000  0.0000
164 188  0.0000  2.5000  8.8276
172 188  0.0000  0.0000  0.0000
180 188  0.0000  0.0000  0.0000
188 188  4.5000 -0.5000  4.0635
196 188  0.0000  0.0000  0.0000
204 188  0.0000  0.0000  0.0000
212 188  0.0000  0.0000  0.0000
220 188  0.0000  0.0000  0.0000
228 188  0.0000  0.0000  0.0000
236 188  0.0000  0.0000 16.1088
244 188  0.0000 -0.5000  4.0635
252 188 -0.5000 -5.0391  9.3822
260 188  0.0000  0.0000  0.0000
268 188  5.5000 -0.5000  4.0635
276 188  0.0000  0.0000  0.0000
284 188  0.0000  0.0000  0.0000
292 188  0.0000  0.0000 11.1304
  4 196  0.0000  0.0000  0.0000
 12 196  0.0000  0.0000  0.0000
 20 196  0.0000  2.5000  8.8276
 28 196 -0.1960  0.0000 11.1304
 36 196  0.0000  0.0000  8.2581
 44 196  0.0000  0.0000  0.0000
 52 196  0.0000  0.0000  0.0000
 60 196  0.0000  0.0000  0.0000
 68 196  0.0000  0.0000  0.0000
 76 196  0.0000  0.0000 11.1304
 84 196 -0.5000  4.5000  4.0635
 92 196  0.0000  0.0000  0.0000
100 196  0.3732  0.3694 10.3318
108 196 -0.5000  0.0000  8.2581
116 196  0.0000  0.0000 11.1304
124 196  0.0382 -0.1028 16.6166
132 196 -0.7389  0.5000  8.0688
140 196  0.3157  5.5642 10.6667
148 196  0.0000  0.0000  0.0000
156 196  0.0000  0.0000  0.0000
164 196  0.0000  0.0000  0.0000
172 196  0.0000  0.0000 11.1304
180 196  0.0000  0.0000  0.0000
188 196  0.0000  0.0000  0.0000
196 196     NaN  0.0000  5.4468
204 196  0.0000  0.0000  0.0000
212 196  0.0000  0.0000  0.0000
220 196  0.0000  0.0000  0.0000
228 196  0.0000  0.0000  0.0000
236 196  2.5000  0.0000  8.8276
244 196 -0.0897 -0.5000  8.2581
252 196  0.0000  0.0000  0.0000
260 196  0.0000  0.0000  0.0000
268 196  0.0000  0.0000  0.0000
276 196  0.0000  0.0000  0.0000
284 196  0.0000  2.5000  8.8276
292 196  0.3641 -0.1868 12.8000
  4 204 -0.1780  2.8632  5.4468
 12 204  0.0000 -0.5000  8.8276
 20 204  0.0000 -0.5000  8.8276
 28 204 -0.0832 -0.3131  9.8462
 36 204  0.0000  0.0000  0.0000
 44 204  0.0000  0.0000 11.1304
 52 204  0.0000  0.0000 11.1304
 60 204  0.0000  2.5000  8.8276
 68 204  0.0000  0.0000 11.1304
 76 204  0.0000  0.0000 11.1304
 84 204  0.0000  0.0000  0.0000
 92 204 -5.2472  0.0000  7.7576
100 204  0.0000  0.0000 11.1304
108 204 -2.7620  2.5000  9.9740
116 204  0.0000  0.0000  0.0000
124 204  0.0000  5.0000  8.4768
132 204  0.7556 -0.5000  6.7747
140 204 -1.1282 -0.5000  7.3397
148 204  0.0000  0.0000  0.0000
156 204  0.0000  2.5000 11.1304
164 204     NaN     NaN  4.0635
172 204  0.0000  2.5000  8.8276
180 204  0.0000  0.0000  0.0000
188 204     NaN     NaN  4.0635
196 204     NaN  0.0000 17.0667
204 204  1.7362  0.1450  7.9834
212 204  0.0000  0.0000 16.1088
220 204  0.0000  0.0000  0.0000
228 204  0.0000  0.0000  0.0000
236 204  0.0000  0.0000  0.0000
244 204  0.0342 -0.4215 12.4327
252 204 -0.1151  0.1151 16.5161
260 204  0.0000  0.0000  0.0000
268 204  0.0000  0.0000  0.0000
276 204  0.0000  0.0000  0.0000
284 204  0.0000  0.0000  0.0000
292 204  0.0000 -0.3436  8.3792
  4 212  0.0000  0.0000 11.1304
 12 212     NaN  2.5000  4.0635
 20 212 -0.1180  2.5000  9.2850
 28 212 -2.5000  0.0000 11.1304
 36 212  5.2952  0.1511 15.1864
 44 212  2.5000  4.5000  4.0635
 52 212  0.0000  0.0000  1.0000
 60 212  0.0000  0.0000 16.1088
 68 212  0.0000  0.0000  0.0000
 76 212  0.0000  0.0000  0.0000
 84 212  0.0000  0.0000  0.0000
 92 212  0.1368  0.0000 10.1774
100 212  0.0000  0.0000 11.1304
108 212  0.0000  0.0000  0.0000
116 212  0.0000  0.0000  0.0000
124 212  0.0000  0.0000  0.0000
132 212  0.2847  2.5000 11.1304
140 212  0.0000  0.0000 16.1088
148 212  0.0000  0.0000 11.1304
156 212  0.2711  2.3770  8.7691
164 212 -2.0000     NaN  5.4468
172 212 -0.0306  1.5000 12.5602
180 212 -0.5000 -2.8181  5.7949
188 212  0.0000  0.0000  0.0000
196 212  0.0000  0.0000 11.1304
204 212  1.5000  2.5000  8.2581
212 212  0.1180  2.5000  9.2850
220 212  0.0000  0.0000  0.0000
228 212  0.0000  0.0000  0.0000
236 212  0.0000  0.0000  0.0000
244 212  0.4025  2.5000  7.3745
252 212 -0.1151  0.1338  8.2581
260 212  0.0000  0.0000  0.0000
268 212  0.0000  0.0000  0.0000
276 212 -2.5000  0.0000 11.1304
284 212  0.0000  0.0000  0.0000
292 212  3.2536 -0.5000  6.6232
  4 220  0.0000  0.0000  0.0000
 12 220  1.0000  0.0000  9.2850
 20 220  0.1203     NaN  5.4468
 28 220  0.0000  0.0000  0.0000
 36 220  0.0000 -0.1876  6.4621
 44 220 -1.3070  0.0337 12.4709
 52 220  0.0000 -0.1063  6.9728
 60 220  0.0000  0.0000  0.0000
 68 220     NaN -0.0599  8.4476
 76 220  0.0000  0.0000  0.0000
 84 220  0.0000  0.0000  0.0000
 92 220  0.3732 -0.3694 10.3318
100 220  0.0000  0.0000  0.0000
108 220  0.0000  0.0000  0.0000
116 220  0.0000  0.0000  0.0000
124 220  0.0000  0.0000  0.0000
132 220  2.6359 -0.5000  8.6646
140 220  0.0000  0.0000  0.0000
148 220  0.0000 -5.0000 11.1304
156 220 -1.5000 -5.2485  7.6910
164 220  0.0000  0.0000  0.0000
172 220 -0.1225  0.3719 10.5034
180 220 -0.9422  0.1724 10.1301
188 220  0.0000 -0.5000  8.2581
196 220 -5.2107 -1.5000  6.5247
204 220  3.7577  2.5000  7.8736
212 220 -0.2271  2.5000  9.5143
220 220 -0.2780 -0.1270 13.3759
228 220  0.0000  0.0000  0.0000
236 220  2.5000 -0.5000  4.0635
244 220  1.5000  0.0000  8.2581
252 220  0.5000  0.0000  8.8276
260 220  0.0000  0.0000  0.0000
268 220     NaN  0.1203  5.4468
276 220  0.0000  0.0000  0.0000
284 220  0.0000  0.0000  0.0000
292 220  0.0000  0.0000  0.0000
