VARIABLES= "X pix", "Y pix", "U pix/dt", "V pix/dt", "CHC", ZONE I=28, J=37
  4   4 -0.0073  0.0326 10.5353
 12   4  0.0021 -0.0159 11.4298
 20   4  0.0033 -0.0113 10.9152
 28   4  0.0029  0.0056 10.7091
 36   4 -0.0129 -0.0051 11.0808
 44   4 -0.0023  0.0123 11.0182
 52   4  0.0000  0.0000 11.0456
 60   4  0.0000  0.0000 10.9708
 68   4  0.0000 -0.0127 11.0049
 76   4  0.0000  0.0000 10.0799
 84   4  0.0039 -0.0231 10.8817
 92   4 -0.0890  0.0072 11.0380
100   4 -0.0099 -0.0505 12.4824
108   4  0.0000 -0.0877 11.5161
116   4  0.0000  0.0000 11.7754
124   4  0.0000  0.0000 11.7754
132   4  0.0000 -0.0162 11.8572
140   4  0.0000 -0.0181 11.3868
148   4  0.0000  0.0000 11.9407
156   4  0.0000  0.0000 11.7754
164   4  0.0000  0.0000 11.7754
172   4  0.0000  0.0000 11.9577
180   4  0.0000  0.0000 11.9625
188   4  0.0000  0.0000 11.2081
196   4  0.0000  0.0000 10.8619
204   4  0.0000  0.0000 11.3597
212   4  0.0422 -0.0007 11.5284
220   4  0.0288  0.0641 11.8441
228   4  0.0659  0.0141 11.8703
236   4  0.0231  0.1507  9.3056
244   4  0.0000  0.0000  9.3237
252   4  0.0000  0.0000  9.8516
260   4  0.0000  0.0000 10.6691
268   4  0.0000  0.0000 10.4590
276   4  0.0192  0.0446 12.4435
284   4  0.0000  0.0000 13.0803
292   4  0.0000  0.0000 12.1563
  4  12 -0.1330 -0.0464  8.2341
 12  12  0.0008 -0.0019 12.2563
 20  12  0.0232 -0.0006 11.2940
 28  12  0.0000  0.0000 11.8629
 36  12  0.0000  0.0000 14.9800
 44  12 -0.1767  0.0307 11.6382
 52  12  0.0130 -0.0035 14.6083
 60  12  0.0000  0.0000  8.7516
 68  12 -0.0483  0.0364 13.2315
 76  12  0.0068  0.0145 13.1165
 84  12 -0.0498  0.0130  8.6368
 92  12  0.0000  0.0000  8.7034
100  12 -0.0030 -0.0198  9.1345
108  12 -0.0129  0.0233 10.0004
116  12  0.0664 -0.0071 10.3688
124  12  0.0395  0.0290 10.7678
132  12  0.0000  0.0000 11.1300
140  12  0.0323 -0.0507 11.1854
148  12  0.0149 -0.0530 10.5562
156  12  0.0509  0.0352 11.2508
164  12  0.0139 -0.0096 11.8013
172  12  0.0151  0.0426 11.7209
180  12  0.0186  0.0264 10.7100
188  12  0.0000  0.0000 10.4914
196  12  0.0000  0.0000  9.1318
204  12  0.0000  0.0000 11.6809
212  12  0.0000  0.0000 15.7598
220  12  0.1495  0.0433 12.5218
228  12  0.0000  0.0073 12.6248
236  12  0.0000 -0.1140 11.9739
244  12  0.1003 -0.0455 11.8992
252  12 -0.0361  0.1936 10.7592
260  12 -0.0202  0.2248 11.0647
268  12  0.0000  0.0000  9.5397
276  12  0.0000  0.0000 10.0438
284  12 -0.0214 -0.2874  7.5921
292  12  0.0123 -0.0127  8.7615
  4  20 -0.0223  0.0179 16.7179
 12  20  0.0000  0.0000 16.1490
 20  20  0.0000  0.0000 13.0742
 28  20  0.0078 -0.0012 14.9083
 36  20 -0.0289  0.0002 15.8472
 44  20  0.0000  0.0000 13.1065
 52  20 -0.0199 -0.0543 16.1183
 60  20  0.0376 -0.0049 18.5442
 68  20 -0.0002 -0.0327 18.9248
 76  20  0.0041 -0.0126 18.3430
 84  20  0.0000  0.0000 15.9936
 92  20 -0.0211 -0.0185 14.9909
100  20  0.0424  0.0084 11.6558
108  20  0.0215  0.0057  9.2433
116  20  0.0000  0.0000 14.4865
124  20  0.0014  0.0092 13.3880
132  20 -0.0181  0.0197 13.7885
140  20  0.0202 -0.0013 13.1816
148  20 -0.0003  0.0011 14.5959
156  20 -0.0019 -0.0112 13.7463
164  20  0.0000  0.0000 14.4493
172  20  0.0035  0.0113 12.7185
180  20 -0.0018 -0.0065 12.6284
188  20  0.0000  0.0000 18.5078
196  20  0.0000  0.0000 17.7656
204  20  0.0000  0.0000 19.2855
212  20  0.0037  0.0109 22.4782
220  20  0.0044  0.0059 33.4982
228  20 -0.0722  0.1226 11.3602
236  20  0.0553  0.3010 15.1704
244  20 -0.0706  0.0371  8.7782
252  20  0.1647 -0.0504 13.6142
260  20  0.3028  0.1972  9.6865
268  20  0.0714 -0.6901 10.6926
276  20 -0.0552 -0.0249 13.8725
284  20 -0.0084  0.1384 10.0120
292  20  0.0934  0.0512 14.8970
  4  28 -0.0523 -0.0094  9.0195
 12  28 -0.0180  0.0041  9.2440
 20  28  0.0507 -0.0060  9.9657
 28  28  0.0034  0.0126  9.7587
 36  28  0.0097 -0.0001 10.2143
 44  28 -0.0005 -0.0131 10.2266
 52  28 -0.0028  0.0006 10.1717
 60  28 -0.0223 -0.0160 10.1219
 68  28  0.0000  0.0000 10.5684
 76  28 -0.0057 -0.0003 10.9838
 84  28 -0.0070  0.0050 10.2686
 92  28  0.0161  0.0012  9.6859
100  28  0.0096  0.0030 10.8203
108  28 -0.0063  0.0103 16.0100
116  28  0.0261 -0.0022  9.3258
124  28  0.0070 -0.0070 10.2543
132  28  0.0000  0.0000  9.1234
140  28 -0.0019  0.0013  9.4361
148  28  0.0000  0.0000 10.0611
156  28  0.0000  0.0000 18.0294
164  28 -0.0063 -0.0139 13.7935
172  28  0.0000  0.0000 12.6460
180  28  0.0216 -0.0213 16.4464
188  28  0.0411 -0.0701 13.4687
196  28  0.0000  0.0000 10.6717
204  28  0.0000  0.0000  9.6096
212  28  0.0015  0.0007 10.2008
220  28  0.0026  0.0024 10.8759
228  28  0.0122  0.0017 10.2322
236  28  0.0102  0.0002  9.7990
244  28 -0.0002 -0.0259  9.6347
252  28  0.0124 -0.0008 10.1423
260  28 -0.0065  0.0083 15.4132
268  28  0.0042 -0.0038 17.1666
276  28  0.0007 -0.0168 18.6695
284  28 -0.0343  0.0250 25.0693
292  28  0.0173  0.0007 14.9606
  4  36 -0.0006  0.0065  7.8011
 12  36  0.0196  0.0048  7.8179
 20  36  0.0208  0.0239  6.8563
 28  36 -0.0022 -0.0870  6.5103
 36  36 -0.1179 -0.0222  6.5905
 44  36  0.0000  0.0000  5.7744
 52  36  0.0000  0.0000  9.0593
 60  36  0.0000  0.0000 14.6166
 68  36 -0.0072 -0.0464  8.2770
 76  36  0.0000  0.0000  9.6078
 84  36  0.0000  0.0000 12.7398
 92  36  0.1032 -0.0115 11.8992
100  36 -0.0000  0.0000  9.1213
108  36 -0.1227  0.0263  7.8138
116  36 -0.1045 -0.0236  8.1935
124  36  0.0000  0.0000  6.8113
132  36  0.5000 -0.3889  6.6693
140  36  0.0000  0.0000 10.9491
148  36 -0.0043 -0.1132 11.2164
156  36 -0.0005  0.0126 11.4155
164  36 -0.0016  0.0118 17.2004
172  36  0.0000  0.0000 15.0067
180  36  0.0000  0.0000 11.3722
188  36  0.0037  0.0054 13.9880
196  36  0.0047 -0.0226  7.1330
204  36  0.0395 -0.2472 13.4798
212  36 -0.0395 -0.1421 11.1908
220  36  0.1965 -0.0282 10.0909
228  36  0.0000 -0.0267 14.4906
236  36 -0.0412  0.1615 10.1505
244  36 -0.1458  0.0122  9.1777
252  36  0.0000  0.0582 13.2562
260  36 -0.2478 -0.2132 10.1529
268  36 -0.0432 -0.1726  8.9356
276  36  0.0000  0.0000  8.3144
284  36  0.0000  0.0000 10.1104
292  36  0.0020 -0.0591  8.2240
  4  44  0.0000 -0.5000 11.1304
 12  44  0.0338 -0.1012 12.6632
 20  44  0.0000  0.0000 17.7376
 28  44  0.0000  0.0000 16.2968
 36  44  0.0198  0.0247 15.7992
 44  44  0.0000  0.0000 12.1260
 52  44 -0.0076  0.1342  9.4536
 60  44  0.0058 -0.0137  8.9347
 68  44 -0.0920 -0.3014 10.0582
 76  44 -0.3031 -0.1389  7.5429
 84  44  0.0452 -0.0931 10.5296
 92  44  0.0977 -0.1454  8.4612
100  44  1.5000  0.0000  8.2581
108  44  0.0000 -0.5000  8.8276
116  44  0.0000  0.0000  0.0000
124  44  0.1518 -0.1282  8.5018
132  44  0.0000  0.0000 17.0667
140  44  0.0000  0.0000 11.1304
148  44  0.0000  0.0000 11.1304
156  44 -0.0016 -0.0018 17.6631
164  44  0.0084  0.0365 10.3629
172  44  0.0000  0.0000 11.0049
180  44  0.0149 -0.0000  9.6126
188  44  0.0062 -0.0004 12.5506
196  44 -0.0034  0.0290  6.8158
204  44  0.1419 -0.1319  7.3374
212  44  0.0000  0.0000  9.1221
220  44  0.0000  0.0000  8.9436
228  44  0.0209 -0.0097  9.9364
236  44  0.0000  0.1139 13.0446
244  44  0.1162  0.0019 12.2480
252  44  0.0080 -0.1524 15.2409
260  44  0.1146 -0.0101 17.4161
268  44  0.0000  0.1960 11.1304
276  44  0.0368  0.3683 11.3927
284  44  0.1841  0.0418 12.3683
292  44  0.0000  0.0000 10.1738
  4  52  0.0940 -0.0164 10.3071
 12  52  0.0000  0.0000  8.8736
 20  52 -0.1074  0.5368  7.8314
 28  52  0.0000  0.0000 11.1242
 36  52 -0.5000  0.0000  9.9740
 44  52  0.0000  0.0000 17.0667
 52  52 -4.0298  0.0254 12.0988
 60  52  0.0000  0.0965 20.1348
 68  52 -0.3118 -0.0945 14.5907
 76  52  0.0000  0.1960 11.1304
 84  52  0.0000  0.0000 11.1304
 92  52  0.0000  0.0000 12.0628
100  52  0.0000  0.0000 11.1304
108  52  0.0000  0.0000 11.1304
116  52  0.0000  0.0000 11.1304
124  52  0.0000  0.0000 11.1304
132  52  0.0000  0.0000  0.0000
140  52  0.0000  0.0000 13.5576
148  52  0.0000  0.0000  9.2850
156  52  0.0000  0.0000 11.2915
164  52  0.0009 -0.0094 20.0527
172  52 -0.0060 -0.0019 10.1904
180  52  0.0000  0.0000 12.0841
188  52  0.0223 -0.0045 12.4491
196  52  0.0479 -0.0173  6.4167
204  52  0.0000  0.0000 19.4783
212  52  0.3145 -0.0264 11.0777
220  52  0.0000  0.0000 14.3448
228  52  0.0000  0.0000 12.6818
236  52  0.0000  0.0000 14.2815
244  52  0.0150  0.0309  7.9584
252  52 -0.0922  0.0034 10.6934
260  52  0.0069  0.0415  8.3482
268  52  0.0908  0.5447  9.2453
276  52  0.0558 -0.0080 10.6810
284  52 -0.0245 -0.1385 11.4998
292  52 -0.0151  0.2751 13.3565
  4  60  0.0000  0.0000 11.1304
 12  60  0.0000  0.0000 11.1304
 20  60  0.0000  0.0000 11.1304
 28  60  0.0000  0.0000 17.0667
 36  60  0.0000  0.0000  0.0000
 44  60  0.0000  2.5000  8.9154
 52  60  0.0000  0.0000  0.0000
 60  60  0.0000  0.0000 11.1304
 68  60  0.0000 -2.0000 11.1304
 76  60  0.0000  2.5000  8.8276
 84  60  0.0000  0.0000  0.0000
 92  60 -0.0698 -0.2911 10.5124
100  60  0.0000  0.0000  8.0000
108  60  0.0000  0.0000 20.7059
116  60 -1.5000  0.0000  8.2581
124  60  0.0000  0.0000  0.0000
132  60  0.0000  0.0000  0.0000
140  60  1.0000  0.0640 12.3173
148  60  0.0058 -0.0016  7.2555
156  60  0.0000  0.0000 11.2664
164  60 -0.0097 -0.0126 12.1133
172  60  0.0092 -0.0008 11.2993
180  60 -0.0080  0.0073 11.3205
188  60  0.0085  0.0100 11.3218
196  60  0.0289  0.0478  6.0527
204  60 -0.0258  0.0828 16.9103
212  60 -0.0337 -0.0523 10.0314
220  60  0.4699  0.0714 10.6583
228  60  0.0427 -0.3404  7.7576
236  60 -0.1960 -0.0098  8.4056
244  60 -0.0378  0.0504  9.3447
252  60 -0.1455  0.2301  9.4565
260  60  0.1018  0.0178 11.0673
268  60  0.0000  0.0000 10.6057
276  60 -0.1006 -0.0863 13.5149
284  60 -0.0461  0.1031 24.6331
292  60  0.0138  0.1956  7.7576
  4  68  0.0000  0.0000 11.1304
 12  68  0.0000  0.0000 12.0628
 20  68 -0.2414  0.0000 11.1304
 28  68  0.0000  0.0000  0.0000
 36  68  0.0000  0.0000  0.0000
 44  68  0.0000  0.0000  0.0000
 52  68 -0.1960 -0.5000 11.1304
 60  68  0.0000  0.5000  8.8276
 68  68 -0.2138 -0.5000  9.6704
 76  68  0.0000  0.0000 15.6878
 84  68  0.0000  0.0000 16.6957
 92  68  0.0000  0.0000 13.8612
100  68  0.0000  0.0000 20.7059
108  68  0.0000  0.0000 15.2558
116  68  0.0272 -0.0238 11.1899
124  68  0.0000  0.0000 18.0144
132  68  0.0000  0.0000 11.1304
140  68  0.0000  0.0000 12.1905
148  68 -0.0341  0.1347 12.7929
156  68  0.0000  0.0000 14.5327
164  68  0.0000  0.0000 11.1263
172  68 -0.2494  0.1292  9.9240
180  68 -0.1778  0.0390  8.7644
188  68 -0.0897 -0.4787  9.1839
196  68  0.0000  0.0000 10.4446
204  68  3.5000 -0.1203  5.4468
212  68  0.0000  0.0000  0.0000
220  68  0.0000  0.0000  0.0000
228  68  0.0000  0.0000 11.1304
236  68  0.0000  0.0000 20.7059
244  68  0.0000  0.0000 19.4783
252  68  0.0000  0.0000  0.0000
260  68  0.0000  0.0000 13.7892
268  68 -0.1211 -0.9236  8.0688
276  68 -0.1318 -0.0214 11.1304
284  68  0.0000  0.0000  8.6116
292  68 -0.0618  0.0277 10.4472
  4  76  0.0000  0.0000 11.1304
 12  76  0.0000  0.0000  0.0000
 20  76  0.0000  0.0000  0.0000
 28  76  0.0000  0.5000 11.1304
 36  76 -0.5000 -0.1588 10.5785
 44  76 -0.1830  0.0131 18.1453
 52  76  0.2392  0.1962 10.6896
 60  76  0.0000  0.0000 11.1304
 68  76 -0.0842  0.0665 12.4888
 76  76  0.0000  0.0000  9.4841
 84  76  0.3391  0.0254  7.3588
 92  76  0.0000  0.0000 12.5842
100  76  0.0000  0.0000  9.7978
108  76 -0.1310  0.3926  9.4648
116  76     NaN  0.0000 17.0667
124  76  0.0000  0.0000  9.2850
132  76  0.1972  0.1999 10.8588
140  76  0.0000  0.0000 11.1304
148  76  0.0000  0.0000 12.0455
156  76  0.0000  0.1198  8.6075
164  76  0.0000  0.0000 16.1088
172  76  0.0000  0.0000 16.1088
180  76  4.5000 -2.5000  4.5230
188  76 -0.1261  0.0116 18.2740
196  76  0.0000  0.0000 11.1304
204  76  0.0000  0.0000 14.5433
212  76 -0.5000  0.0000  8.8276
220  76  0.0000  0.1960 11.1304
228  76 -0.1546  0.0660 18.6254
236  76  0.0000  0.0000 11.1304
244  76  0.0000  0.0000  0.0000
252  76 -0.3968 -0.5000 10.0650
260  76  2.5000  2.1588 10.5785
268  76 -0.0378 -0.0868 15.2803
276  76  0.0000 -0.5000  8.8276
284  76  0.0000  0.0000  8.0000
292  76 -1.1711 -0.0215 11.8291
  4  84  0.0000  0.0000  0.0000
 12  84  0.0000  0.0000  0.0000
 20  84  0.0000  0.0000  0.0000
 28  84  0.2177  0.3134 11.1304
 36  84  0.0000  0.0000 13.9636
 44  84 -0.5000 -1.1883  7.1846
 52  84 -0.1780  0.3757 17.7572
 60  84 -0.0711 -0.0988 13.6695
 68  84 -1.9517  1.8843  7.8705
 76  84 -0.0523  0.1039 10.4125
 84  84 -0.0426  0.0192 11.9121
 92  84 -0.0058  0.1135 12.3653
100  84  0.0000  0.0000 13.3565
108  84  0.0000  0.0000 20.7059
116  84  0.1029  0.5900  9.9908
124  84  0.0000  0.0000 11.9011
132  84  0.0000  0.0000 12.0628
140  84  2.5000 -0.1180  9.2850
148  84  0.0969 -0.0606 12.1018
156  84 -2.3677 -0.1145 12.8207
164  84 -2.3677  0.1145 12.8207
172  84  0.0000  0.0000  0.0000
180  84  0.0000  0.0000  0.0000
188  84  0.0000  0.0000  0.0000
196  84  0.0000  0.0000 24.3712
204  84  0.0000  0.0000 13.5576
212  84  0.0000  0.0000 11.1304
220  84  0.0000  0.0000 11.1304
228  84  0.0000  0.0000 11.1304
236  84  2.5000  0.0265 11.4627
244  84  0.0000  0.0000 20.7059
252  84  0.0000  0.0000  0.0000
260  84  0.0000  0.0000 11.1304
268  84  0.0000  0.0000 11.1304
276  84  0.0000  0.0000  0.0000
284  84  0.0000  0.0000  0.0000
292  84 -1.5000  2.5000  7.4357
  4  92  0.0000  0.0000 11.1304
 12  92  0.0000  0.0000  0.0000
 20  92 -0.1048  0.0193 13.4737
 28  92     NaN     NaN  6.8903
 36  92  1.5000 -0.1960  9.2086
 44  92  0.0854  0.0638 20.9591
 52  92  0.4374  0.0867  8.4243
 60  92 -0.0092 -0.4530  6.2779
 68  92  0.0316 -0.0395  9.8178
 76  92  0.0000  0.0000 11.1304
 84  92  0.2299  1.1022  9.9063
 92  92  0.1703  0.3979 13.1364
100  92  0.0000  2.0000 11.1304
108  92  0.0000  0.0000 16.1088
116  92 -1.0000  0.0000  8.2581
124  92  0.0000  0.0000  0.0000
132  92  0.0000  0.0000  0.0000
140  92  0.0382 -0.1028 16.6166
148  92  0.0000  0.0000 12.0455
156  92  0.0000  0.0000 11.1304
164  92  0.2416  0.0394 18.3221
172  92  0.1930  0.1867 15.3090
180  92  0.8950 -0.1417 13.4737
188  92  0.0000  0.0000  0.0000
196  92  0.0000  0.0000  0.0000
204  92  0.0000  0.0000 11.9407
212  92  0.3008 -0.1445  7.7576
220  92 -0.3681  0.3881  9.7710
228  92 -0.1008 -0.5842 15.5939
236  92  0.2146 -0.1172 15.0346
244  92  2.7362 -3.1843  6.8449
252  92 -0.1698 -2.0000 14.4225
260  92  0.0000  0.0000  0.0000
268  92  0.0000  0.0000  0.0000
276  92  0.0000  0.0000 11.1304
284  92  0.0000  0.0000  0.0000
292  92 -0.1994 -0.1051  9.4019
  4 100  0.0000  0.0000 12.1905
 12 100  0.0000  0.0000 10.0809
 20 100  0.0000  0.0000 11.9011
 28 100  0.0000  0.0000 12.0628
 36 100  0.0000  0.0000 11.9011
 44 100  0.0000  0.0000 12.9600
 52 100  0.1133 -0.0282  9.4706
 60 100 -0.0082  0.0243 10.2984
 68 100  0.0000  0.1276  7.8675
 76 100 -0.1963 -0.3274 11.6676
 84 100  0.0153  0.1486 10.4065
 92 100  0.0000  0.0000 11.4848
100 100  0.2907 -0.0403 10.5761
108 100 -0.5000  0.1588 10.5785
116 100  0.0000  0.0000 11.1304
124 100  0.0000  0.0000 11.4848
132 100  0.0000  0.0000 11.9011
140 100 -0.4043 -0.4043  8.0000
148 100  0.0000 -0.2402  9.7303
156 100  2.1050  2.5000  6.8903
164 100  0.5000  0.0000 11.1304
172 100  0.1556  0.0000 12.2969
180 100  2.5000 -0.0731  8.9510
188 100  0.0000  0.0000  0.0000
196 100  0.0000  0.0000  0.0000
204 100  0.3066  0.2613  9.6402
212 100  0.0000  0.0000 20.7059
220 100  0.0000  0.0000 11.1304
228 100  0.0000  0.0000 17.2183
236 100 -0.2907  0.0403 10.5761
244 100  0.0000  0.0000 11.1304
252 100  0.0000  0.0000  0.0000
260 100  0.0000  0.0000 11.1304
268 100  0.0000  0.0000  0.0000
276 100 -1.5000  0.0000  8.2581
284 100  0.0000  0.0000  0.0000
292 100 -1.1838 -0.5000  7.5779
  4 108  0.0778  0.0593 13.7458
 12 108  0.0000  0.0000 11.1476
 20 108 -0.0318  0.0030 12.1717
 28 108 -0.7393 -0.1278 10.4490
 36 108  0.0000  0.0000 12.0628
 44 108  0.0000  0.0000 16.1088
 52 108  0.0000  0.0000 10.5533
 60 108  0.0000 -0.0396  8.1415
 68 108 -1.3054 -0.1447  7.9891
 76 108 -0.0766 -0.6870  8.1529
 84 108 -0.0152 -0.0197 12.1354
 92 108  2.0748 -0.8968 10.3034
100 108  0.0000  0.0000 11.1304
108 108  0.1355  0.2776  9.5429
116 108  0.0000 -0.5000  8.8276
124 108  0.0000  0.0000 11.1304
132 108  4.5000 -0.5000  4.0635
140 108  0.0000  0.0000 16.1088
148 108 -0.1888 -0.2400 11.3584
156 108 -1.0000 -1.5000  8.5333
164 108 -0.1117  0.0315  9.3996
172 108  0.0000  0.0000 12.0455
180 108  0.0000  0.0000  8.4768
188 108  0.0844  0.1282  8.5523
196 108 -0.0515  0.3248  8.8276
204 108     NaN     NaN  5.9535
212 108 -2.5000  4.5000  4.5230
220 108  0.0000  0.0000  0.0000
228 108  0.0000  0.0000  0.0000
236 108  0.0000  0.0000  0.0000
244 108  0.0000  0.0000  0.0000
252 108  0.0000  0.0000 11.8583
260 108  0.0000  0.0000 11.1304
268 108  0.0000  0.0000  0.0000
276 108  0.0000  0.0000  0.0000
284 108  0.0000  0.0000 21.1729
292 108  0.0000  2.5000  8.8276
  4 116 -0.1329  0.4800 10.4442
 12 116  0.0000  0.0000  9.6952
 20 116 -0.2486  0.0305  9.3269
 28 116  0.0000  0.0000 11.9011
 36 116  0.0000  0.0000  0.0000
 44 116  0.0000  0.0000  0.0000
 52 116  0.0000 -0.5000  4.0635
 60 116  0.0000  2.5000  8.8276
 68 116  0.0000  0.0000 16.6956
 76 116  0.0000  0.0000  0.0000
 84 116  0.0000  0.0000 15.5408
 92 116  0.0770 -0.0593  9.4267
100 116  0.8176 -0.5000  7.3397
108 116 -0.2193 -0.0923  7.5156
116 116     NaN     NaN  9.3822
124 116  0.0000  0.0000  0.0000
132 116 -0.4260  0.7603  9.7439
140 116  0.0000  0.0000 16.1088
148 116  0.0000  0.0000  0.0000
156 116  0.0610 -0.5000  7.7665
164 116 -0.1008  0.0843 14.9901
172 116  0.0000  0.0000  8.2581
180 116  0.0000  0.0000  0.0000
188 116  0.0000  0.0000 12.0628
196 116 -0.5000 -0.0825 10.4642
204 116 -0.5000  0.0000  8.8276
212 116  0.0000  0.0000  0.0000
220 116  0.0000  0.0000  0.0000
228 116  0.0000  0.0000  0.0000
236 116  0.0000  0.0000  0.0000
244 116  0.0000  0.0000  0.0000
252 116  0.0000  0.0000 11.1304
260 116  0.0000  0.0000  0.0000
268 116  0.1111 -0.0746  9.7917
276 116  0.0187 -0.6320  9.8285
284 116  0.0503  0.1505 13.1628
292 116  0.5000 -0.0786  6.7368
  4 124  0.0000  0.0000  9.4815
 12 124 -0.2568 -0.0627  8.5469
 20 124  2.5000  0.1588 10.5785
 28 124  0.0000  0.0000  0.0000
 36 124  0.0000  0.0000  0.0000
 44 124  0.0000  0.0000  0.0000
 52 124  0.0000  0.0000  0.0000
 60 124  0.1546 -0.0660 18.6254
 68 124  0.6936 -0.4308  8.4253
 76 124  0.0000  0.0000 16.1088
 84 124  0.0240 -0.0237  9.6048
 92 124  0.0471  0.0837  6.6915
100 124  0.0000  0.0000 12.0628
108 124  0.0000  0.0000  0.0000
116 124  0.0000  0.0000 11.1304
124 124  0.0000  0.0000 11.1304
132 124  0.0000  0.0000  0.0000
140 124  0.0000  0.0000 11.1304
148 124  0.0000  0.0000  0.0000
156 124  0.1960  2.5000 11.1304
164 124 -0.2645  0.1506  9.4411
172 124  2.5000  0.0000 11.1304
180 124  0.0000  0.0000  0.0000
188 124  0.0000  0.0000 11.1304
196 124 -0.2389  0.1015  8.2387
204 124  0.1824  1.6838  7.3143
212 124  0.0000  0.0000  0.0000
220 124  0.0000  0.0000  0.0000
228 124  0.0000  0.0000  0.0000
236 124  0.0000  0.0000  0.0000
244 124  0.0000  0.0000  0.0000
252 124  0.0000  0.0000  0.0000
260 124  0.0000  0.0000 11.1304
268 124  0.0844  0.8659  7.2288
276 124  0.0000  0.1844  9.0353
284 124  0.2516  0.0943  6.6560
292 124  0.0000  0.0000  9.7047
  4 132 -0.0830  0.7440  7.7408
 12 132 -0.0511  0.2554 19.4430
 20 132  0.0000  0.0000  8.2581
 28 132  1.5000 -0.0448  8.9013
 36 132  0.0000  0.0000 16.1088
 44 132 -0.0382 -0.1028 16.6166
 52 132  0.0000  0.0000  0.0000
 60 132  0.4518 -0.1718  9.9023
 68 132  0.0000  0.0000 16.1088
 76 132  0.0000  0.0000 13.5576
 84 132  0.0000  0.0000  0.0000
 92 132  0.5000  0.0000  8.4768
100 132  0.5000  0.0000  6.5641
108 132 -0.0142  0.0148  7.9815
116 132 -0.2780 -0.1270 13.3759
124 132  0.0000  0.0000  8.2581
132 132  0.0000  0.0000 11.1304
140 132  0.0000  0.0000 11.1304
148 132  0.0000  0.0000  0.0000
156 132  0.0000  0.0000 11.1304
164 132 -0.0700  0.0000 11.1304
172 132  0.0000  0.0000 15.8118
180 132  0.0291 -0.0447 10.2972
188 132  0.0000  0.0000 11.1304
196 132 -0.5000 -0.2274  6.6693
204 132  0.0000  0.0000 16.9590
212 132 -0.3468 -1.0000 10.2045
220 132  0.0000  0.0000  0.0000
228 132  0.0000  0.0000  0.0000
236 132  0.0000  0.0000  0.0000
244 132  0.0000  0.0000  0.0000
252 132  0.0000  0.0000  0.0000
260 132  0.0000  0.0000  0.0000
268 132  0.0000  0.1960  9.2086
276 132  0.1883  0.0335  7.2166
284 132  0.0000  0.0000 12.0628
292 132  0.0000  0.0000 13.0803
  4 140  0.0000  0.0000 17.0667
 12 140  0.0000  0.0000 11.1304
 20 140  0.0000  0.0000 11.1304
 28 140  0.0000  0.0000 16.1088
 36 140  0.0000  0.0000  0.0000
 44 140 -0.2414  0.0000 11.1304
 52 140  0.0000  0.0000 16.1088
 60 140 -0.1152  0.3764  8.7605
 68 140  0.0000  0.0000  0.0000
 76 140  0.0000  0.0000  0.0000
 84 140  0.0000  0.0000  0.0000
 92 140  0.0000 -0.5000  8.8276
100 140 -1.5000  2.5000  7.4357
108 140  0.2051 -0.1244 12.0363
116 140  0.0153 -0.1475 10.3784
124 140 -0.1056 -1.5746 10.0855
132 140  0.0000  0.0000 11.1304
140 140  0.1113  1.6014 11.9803
148 140  0.0000  0.0000  0.0000
156 140  0.0000 -0.3764  7.3143
164 140  0.0000  0.0000 10.7692
172 140  0.0000  0.0000  0.0000
180 140 -0.1244  0.0375 16.8192
188 140  0.0000  0.0000  0.0000
196 140  0.0000  0.0000  0.0000
204 140  0.0000  2.0000 11.1304
212 140  1.5000 -0.0825  7.4357
220 140  0.0000  0.0000  0.0000
228 140  0.0000  0.0000  0.0000
236 140  0.0000  0.0000  0.0000
244 140  0.0000  0.0000  0.0000
252 140  0.0000  0.0000 11.1304
260 140  0.0000  0.0000  0.0000
268 140  0.0000  0.0000 11.1304
276 140 -2.8274 -0.3035  7.6077
284 140  0.0000  0.0000 10.6667
292 140  0.0000  0.0000 12.5445
  4 148  0.0000  0.0000 11.1304
 12 148  0.0000  0.0000 11.1304
 20 148  0.0000  0.0000 12.6818
 28 148  2.5000  0.0000  8.8276
 36 148  0.0000  0.0000  0.0000
 44 148  0.0000  0.0000 11.1304
 52 148  0.0000  0.0000 13.3565
 60 148  0.0000  0.0000 16.1088
 68 148  0.0000  0.0000  0.0000
 76 148  0.0000  0.0000  0.0000
 84 148  0.0000  0.0000  0.0000
 92 148  0.0000  0.0000  0.0000
100 148  0.0000  0.0000 11.1304
108 148 -0.1865  0.1035 11.6473
116 148 -0.0814 -0.0109 11.7975
124 148  0.0000  0.0000 11.1304
132 148  0.0000  0.0000  0.0000
140 148  0.0000  0.0000  0.0000
148 148  0.0000  0.0000  0.0000
156 148  0.0000  0.0000 11.1304
164 148 -0.1180  2.5000  9.2850
172 148  0.0000  0.5000 11.1304
180 148  0.0000  0.0000 11.1304
188 148  0.0000  0.0000  0.0000
196 148  4.5000 -0.1174 13.8795
204 148 -0.2080 -0.2715 12.3107
212 148 -3.0000  0.3356  6.6954
220 148  0.0000  0.0000  0.0000
228 148  0.0000  0.0000  0.0000
236 148  0.0000  0.0000  0.0000
244 148  0.0000  0.0000 11.1304
252 148  0.0000  0.0000 11.1304
260 148  0.0000  0.0000 12.5445
268 148  0.0000  0.0000  9.4208
276 148  0.0000  0.0000 11.0903
284 148  0.0000  0.0000 18.0271
292 148  0.0000  0.0000  9.7898
  4 156  0.0000  0.0000 20.1250
 12 156  0.2764 -0.0197  8.3507
 20 156  0.0000  0.0000  5.4468
 28 156  0.0000  0.0000 11.1304
 36 156  0.0000  0.0000 16.1088
 44 156  0.0000  0.0000 11.1304
 52 156  0.0000  0.0000 12.0628
 60 156  0.0000  0.0000  0.0000
 68 156  0.0000  0.0000  0.0000
 76 156  0.0000  0.0000  0.0000
 84 156  0.0000  0.0000  0.0000
 92 156 -0.1960  2.5000 11.1304
100 156  0.0000  0.0000  9.2850
108 156  0.0000  0.0000 12.5445
116 156 -0.0503 -0.2480  9.9599
124 156  0.0000  0.0000  0.0000
132 156  0.0000  0.0000  0.0000
140 156  0.0000  0.0000  0.0000
148 156  0.0000  0.0000  0.0000
156 156  0.0000  0.0000  0.0000
164 156  0.0000  0.0000 11.1304
172 156  0.0000  0.0000  1.0000
180 156  0.0000  0.0000 11.1304
188 156  0.0000  0.0000 11.1304
196 156  0.0000  0.0000  0.0000
204 156  0.0000  0.0000  0.0000
212 156  0.0696 -0.0812 10.9765
220 156  0.0000  0.0000 11.1304
228 156  0.1050 -0.5000  6.8903
236 156  0.0000  0.0000  0.0000
244 156  0.0000  0.0000  0.0000
252 156  0.0000  0.0000  0.0000
260 156 -0.5000  0.1180  9.2850
268 156  0.0000  0.0000  9.4208
276 156 -0.8064  0.0094 12.6801
284 156  0.0000  0.0000  0.0000
292 156  0.0000  0.0000 16.1088
  4 164  0.0000 -0.3446 11.8291
 12 164  0.0000  0.0000  0.0000
 20 164 -0.5000  0.0000  8.8276
 28 164 -0.1520 -1.8231  8.2581
 36 164  0.0000  0.0000 13.5576
 44 164     NaN     NaN 10.5392
 52 164 -0.0548  0.0000 10.1947
 60 164  0.0000  0.0000  0.0000
 68 164  0.0000  0.0000 11.1304
 76 164  0.0000  0.0000  0.0000
 84 164  0.0000  0.0000  0.0000
 92 164     NaN  0.0000  5.4468
100 164  0.0000  0.1459  8.6176
108 164  0.2559  0.0147 11.1304
116 164  0.0000  0.0000  8.0000
124 164  0.0000  0.0000 11.1304
132 164  0.0000  0.0000  0.0000
140 164  0.0000  0.0000  0.0000
148 164  0.0000  0.0000  0.0000
156 164  0.0000  0.0000 16.7450
164 164 -0.1151  0.1151 16.5161
172 164  0.0000  0.3120 13.1657
180 164  0.0000  0.0000 11.1304
188 164  0.0000  0.0000  0.0000
196 164  0.0000  0.0000  0.0000
204 164  0.0000  0.0000  0.0000
212 164  0.0000  0.0000 16.1088
220 164  0.0000  0.0000  0.0000
228 164  0.3487 -0.0786  7.3143
236 164  0.0000  1.7251  8.5018
244 164 -0.1546  0.0660 18.6254
252 164  0.0000  0.0000  0.0000
260 164  0.0000  0.0000 11.1304
268 164  0.0000  0.0000 12.0628
276 164  0.0382 -0.1028 16.6166
284 164  0.0000  0.0000 11.1304
292 164  0.0000  0.0000  0.0000
  4 172  0.0000  0.0000 17.0667
 12 172  0.0000  0.1960 11.1304
 20 172  1.5000 -0.0925 10.0418
 28 172  0.3147 -0.1622 11.3947
 36 172 -0.1927  0.0788 17.1842
 44 172  0.0000  0.0000 12.0455
 52 172  0.0000 -0.5000  8.8276
 60 172  0.5000  0.0000  8.4768
 68 172 -0.5000  0.0000  8.8276
 76 172  0.0000  0.0000  0.0000
 84 172  0.0000  0.0000  0.0000
 92 172  0.0000  0.0000 11.1304
100 172  0.0000  0.0000  0.0000
108 172  0.0000  0.0000  0.0000
116 172  0.0000  0.0000  0.0000
124 172  0.0000 -0.5000  8.8276
132 172 -0.5000  0.0000 11.1304
140 172  0.0000  0.0000  0.0000
148 172     NaN  5.1203  5.4468
156 172  0.0000  0.0000 13.0803
164 172  0.0000  0.0000 12.0628
172 172  0.0000  0.0000 12.0628
180 172  0.0000  0.0000  0.0000
188 172  0.0000 -0.0535 10.0787
196 172  2.5000  0.0000  8.8276
204 172  0.0000  0.0000  0.0000
212 172  0.0000  0.0000  0.0000
220 172  0.0000  0.0000 11.1304
228 172  0.5000  0.0000 11.1304
236 172 -0.1960 -0.5000 11.1304
244 172  0.0000  0.0000  0.0000
252 172  0.0000  0.0000  0.0000
260 172  0.0000  0.0000  0.0000
268 172 -0.2875  0.0000 10.3034
276 172  5.2917  0.0000  5.4468
284 172  0.0000  0.0000  0.0000
292 172  0.0000  0.5000  8.0688
  4 180  0.2813  0.1224  8.6154
 12 180 -0.0216  0.2307 14.1350
 20 180 -0.0955  0.0000  7.4160
 28 180  0.5000 -2.1822  7.8528
 36 180 -0.2802 -0.0546 12.7691
 44 180 -1.3070 -0.0337 12.4709
 52 180  0.0000  0.0000  0.0000
 60 180  0.0000  0.0000 11.1304
 68 180  0.0000  0.0000  0.0000
 76 180  0.0000  0.0000 11.1304
 84 180 -0.5000  0.1588 10.5785
 92 180  0.0000 -0.5000  8.8276
100 180  0.0000  0.0000  0.0000
108 180  0.0000  2.5000  8.8276
116 180  0.0000  0.0000 11.1304
124 180  0.0000  0.0000 16.1088
132 180  0.0000  0.0000  0.0000
140 180  0.0000  0.0000  0.0000
148 180  0.0000  0.0000  0.0000
156 180 -0.5000  0.0000 11.1304
164 180  0.0000  0.0000 11.1304
172 180 -1.0000  0.0000  9.2850
180 180 -0.5000  0.0000 11.1304
188 180  0.0000  0.0000  9.2850
196 180  0.0000  0.0000  0.0000
204 180  0.0000  0.0000 11.1304
212 180  0.0000  0.0000  0.0000
220 180  0.0000  0.0000 11.1304
228 180  1.3070 -0.0337 12.4709
236 180  0.0677  0.2414 11.7124
244 180     NaN  0.1203  5.4468
252 180  0.0000  0.0000  0.0000
260 180  0.0000  0.0000  0.0000
268 180  0.0000  0.0000  0.0000
276 180  0.0000  0.0000  0.0000
284 180  2.3677 -0.1145 12.8207
292 180  0.0000  0.0000 17.0667
  4 188  0.2278 -0.1162  9.2296
 12 188  0.0000  0.0000  0.0000
 20 188  0.0000  0.0000 22.2609
 28 188  0.0000  0.0000 16.1088
 36 188  0.0000  0.0000 12.8600
 44 188  0.0000  0.0000  0.0000
 52 188  0.0000  0.0000  0.0000
 60 188  0.0000  0.0000  0.0000
 68 188  0.0000  0.0000  0.0000
 76 188  0.0000  0.0000 11.1304
 84 188  2.5000  0.0000  8.8276
 92 188  0.0000  0.0000 11.1304
100 188  0.0000  0.0000 11.1304
108 188  0.0000  0.0000 16.1088
116 188  0.0000  0.0000  0.0000
124 188  0.0000  2.5000  8.8276
132 188  0.1546 -0.0660 18.6254
140 188  0.0000  0.0000 12.0628
148 188  0.0000  0.0000 20.7059
156 188  0.0000  0.0000  0.0000
164 188  0.0000  0.0000 11.1304
172 188  0.0000  0.0000 12.0628
180 188 -1.9080  0.3259  8.8276
188 188  0.0000  0.0000 19.4783
196 188  0.0000  0.0000  0.0000
204 188  0.0000  0.0000  0.0000
212 188  0.0000  0.0000  0.0000
220 188  0.0000  0.0000  0.0000
228 188  0.0000  0.0000  0.0000
236 188  0.0000 -0.5000  8.8276
244 188  0.0000  0.0000  0.0000
252 188  0.0000  0.0000 11.1304
260 188  0.5000  0.0000  8.4768
268 188  0.0000  0.0000  1.0000
276 188  0.0000  0.0000  0.0000
284 188  0.0000  0.0000  0.0000
292 188  0.0000  0.0000  0.0000
  4 196  0.0000  0.0000  0.0000
 12 196  0.0000  0.0000 19.4783
 20 196 -0.1113 -1.6014 11.9803
 28 196  0.5000  0.0000 11.1304
 36 196  0.0000  0.0000 11.1304
 44 196  0.0000  0.0000  0.0000
 52 196  0.0000  0.0000  0.0000
 60 196  0.0000  0.0000  0.0000
 68 196 -0.5000  4.5000  4.0635
 76 196  0.0000  0.0000 11.1304
 84 196  0.0000  0.0000  0.0000
 92 196  0.0000  0.0000  0.0000
100 196  0.0000  0.0000 16.1088
108 196  0.0000  0.0000  8.2581
116 196  0.0000  0.0000  0.0000
124 196 -0.5000  0.4926  5.2245
132 196  0.0000  0.0000 10.1191
140 196  0.0000  0.0000 13.1641
148 196  0.0000  0.0000 11.1304
156 196  0.0000  0.0000  0.0000
164 196  0.0000  0.0000  0.0000
172 196  0.0000  0.5000  8.0688
180 196  0.0000 -0.5000  6.5641
188 196  0.0000  0.0000  0.0000
196 196  0.0000  0.0000 11.1304
204 196  0.0000  0.0000  0.0000
212 196  0.0000  0.0000  0.0000
220 196  0.0000  0.0000  0.0000
228 196  0.0000  0.0000  0.0000
236 196  0.0000  0.0000  0.0000
244 196  0.0907  0.3135  9.3746
252 196  0.2780  0.1270 13.3759
260 196  0.0000  0.0000  0.0000
268 196  0.0000  0.0000 11.1304
276 196  1.5000  0.0000  8.2581
284 196  0.0000  0.0000 16.1088
292 196  0.0776 -0.0747 10.1123
  4 204  0.0000  2.5000  5.4468
 12 204  0.0000  0.0000 11.1304
 20 204  0.0000  0.0000 11.1304
 28 204  0.5000  0.0000 11.1304
 36 204  0.0000  2.5000  8.8276
 44 204  0.0000  0.0000  0.0000
 52 204  0.0000  0.0000 11.1304
 60 204  0.0000  0.0000  0.0000
 68 204  0.0000  0.0000 11.1304
 76 204  2.5000  0.0000  8.8276
 84 204  0.0000  0.0000 11.1304
 92 204     NaN  0.0000 17.0667
100 204  0.1960 -0.5000 11.1304
108 204  2.5000 -0.5000  4.0635
116 204  0.0000  0.0000 11.1304
124 204  0.0000  0.0000  0.0000
132 204  0.4628 -0.0638 11.0472
140 204  0.0000  0.0000 16.2126
148 204  0.0000  0.0000  0.0000
156 204 -0.5000  2.5000  4.0635
164 204  0.0000  0.0000 11.1304
172 204  0.0000  2.5000  8.8276
180 204  0.0000  0.1960 11.1304
188 204  0.0000  0.5000 11.1304
196 204  0.0000  0.0000  1.0000
204 204  0.0000 -0.5000  8.8276
212 204 -0.5000  0.0000  8.8276
220 204  0.0000  0.0000  0.0000
228 204  0.0000  0.0000  0.0000
236 204  0.0000  0.0000 11.1304
244 204 -0.1432  0.4161  9.5346
252 204  0.1140  0.1079 19.3902
260 204  0.0445 -0.2761  7.5124
268 204  0.0000  0.0000  0.0000
276 204  0.0000  0.0000  0.0000
284 204  0.0000  0.0000 11.1304
292 204  0.0000  0.0000 11.0617
  4 212 -0.5000  0.0000 11.1304
 12 212  0.1113  1.6014 11.9803
 20 212  0.0000  0.0000 16.1088
 28 212  0.0000  2.5000 12.0268
 36 212  0.0000  0.0000 22.2609
 44 212  0.0000  0.0000  0.0000
 52 212  0.0000  0.0000  0.0000
 60 212  0.0000  0.0000 16.1088
 68 212  0.0000  0.0000  0.0000
 76 212  0.0000  0.0000 16.1088
 84 212  0.0000  0.2875 12.1018
 92 212  0.0526  0.5000  8.6646
100 212  0.0000  0.0000 11.1304
108 212  0.0000  0.0000  0.0000
116 212  0.0000  2.0000 11.1304
124 212  0.0000  0.0000  0.0000
132 212  0.0000  0.0000  7.0932
140 212 -0.0453  0.0000 16.0000
148 212  0.0000 -2.0000 11.1304
156 212  0.0000 -2.0000 11.1304
164 212  0.1089 -0.0661  6.8591
172 212  0.0000  0.0000 14.2973
180 212  0.0000  0.0000  9.4815
188 212  1.0492  0.0305 12.6667
196 212 -0.1068 -0.3135 15.1963
204 212  0.0913 -0.2044 18.7317
212 212  1.3070 -0.0337 12.4709
220 212  0.0000  0.0000  0.0000
228 212     NaN  0.0000 17.0667
236 212  0.0000  0.0000  0.0000
244 212  0.0000  0.0000  9.2850
252 212  0.0000  0.0000 17.2183
260 212  0.0000  0.0000  0.0000
268 212  0.0000  0.0000  0.0000
276 212  0.0000  0.0000  8.4768
284 212  0.0000  0.0000 11.1304
292 212  0.0000  0.0000  9.2850
  4 220  0.0000  0.0000 17.2183
 12 220  0.0000  0.0000 12.0628
 20 220  0.0000  0.0000  5.4468
 28 220  0.0000  0.0000  0.0000
 36 220  0.0000  0.0000 13.7892
 44 220 -0.1050  2.5000  6.8903
 52 220  0.0000  0.0000  8.0000
 60 220 -1.0000 -0.2814 11.0834
 68 220 -0.3118 -0.0945 14.5907
 76 220  0.0000  0.0000 16.1088
 84 220 -2.5000  0.0000 11.1304
 92 220  0.0227  0.3058 12.8715
100 220  0.0000  0.0000 11.1304
108 220  0.0000  0.0000 11.1304
116 220  0.0000  0.0000  0.0000
124 220  0.0000  0.0000  0.0000
132 220  0.1353 -0.1326  7.3628
140 220  2.5000  0.0000  8.8276
148 220  0.0000  0.0000  0.0000
156 220  0.7389 -0.5000  8.0688
164 220 -0.0083 -0.0418 11.2576
172 220  0.0673 -0.4096 12.7403
180 220  0.0000  0.0000 13.1641
188 220  1.1036 -0.2924 10.7563
196 220 -0.0786  0.3487  7.3143
204 220  0.0000  0.0000 12.0455
212 220  0.1456  0.0942 11.4627
220 220  0.5000  0.0000 11.1304
228 220  0.0000  0.0000  0.0000
236 220  0.0000  0.0000 19.1045
244 220 -1.3070 -0.0337 12.4709
252 220  0.0000  0.0000  9.2850
260 220  0.0000  0.0000  0.0000
268 220  0.0000  0.0000 11.1304
276 220  0.0000  0.0000  0.0000
284 220 -1.3070 -0.0337 12.4709
292 220 -0.5000  0.2274  6.6693
