VARIABLES= "X pix", "Y pix", "U pix/dt", "V pix/dt", "CHC", ZONE I=28, J=37
  4   4  0.0353  0.0002 10.4413
 12   4  0.0000  0.0000 10.6915
 20   4  0.0000  0.0000 10.9708
 28   4  0.0000  0.0000 10.9708
 36   4 -0.0416  0.0450 11.2270
 44   4  0.0000  0.0127 11.0049
 52   4  0.0110 -0.0128 10.9321
 60   4 -0.0093  0.0076 10.2328
 68   4  0.0000  0.0000 10.9734
 76   4 -0.0054 -0.0081 10.9200
 84   4  0.0000  0.0000 10.9708
 92   4  0.0483 -0.0514 11.5179
100   4  0.0000  0.0000 13.1758
108   4  0.0000  0.0000 11.0985
116   4  0.0000  0.0000 11.7754
124   4  0.0000  0.0000 11.7754
132   4  0.0000  0.0000 11.7794
140   4  0.0000  0.0000 11.0456
148   4  0.0000  0.0000 11.7754
156   4  0.0000  0.0000 11.7754
164   4  0.0171  0.0019 11.9956
172   4  0.0000 -0.0025 11.9694
180   4  0.0000  0.0000 11.9577
188   4 -0.0006 -0.0062 11.1525
196   4  0.0000  0.0000 11.6559
204   4  0.0000  0.0000 11.4294
212   4  0.0146 -0.0194 11.8825
220   4  0.0008  0.0029 11.6193
228   4  0.0000  0.0000 12.5279
236   4  0.0000  0.0000 10.7257
244   4  0.0000  0.0000 10.1204
252   4  0.0000  0.0000 10.9406
260   4  0.0096 -0.0029 10.7990
268   4  0.0000  0.0000 10.2878
276   4  0.0000  0.0000 12.4836
284   4  0.0000  0.0000 13.0803
292   4 -0.0159 -0.0859 12.5394
  4  12  0.0000  0.0000  8.4750
 12  12  0.0624  0.1291  9.9055
 20  12  0.0447 -0.0250 12.9936
 28  12 -0.0000  0.0000 16.4195
 36  12  0.0000  0.0000 16.6892
 44  12 -0.0451 -0.2428 14.3273
 52  12 -0.0524 -0.4261 10.0192
 60  12 -0.0242 -0.0297  9.3537
 68  12  0.0000 -0.0362 12.5138
 76  12 -0.0152 -0.0420 12.0811
 84  12  0.0215  0.0678  8.3584
 92  12  0.0000  0.0000  8.7834
100  12  0.0000  0.0000  8.5007
108  12  0.0000  0.0000 10.6227
116  12  0.0000  0.0000  9.7079
124  12  0.0000  0.0000 10.2954
132  12  0.0000  0.0000 10.8831
140  12  0.0000  0.0000 10.2586
148  12  0.0000  0.0000 10.1941
156  12  0.0000  0.0000 11.0512
164  12  0.0000  0.0000 12.1696
172  12 -0.0203 -0.0163 18.7670
180  12  0.0000  0.0000 10.4999
188  12  0.0000  0.0000  9.9310
196  12  0.0449 -0.0047  8.8270
204  12 -0.0230  0.0591 11.7413
212  12 -0.0016 -0.0487 16.4326
220  12 -0.0026  0.0082 13.0198
228  12  0.0000  0.0000 12.2330
236  12 -0.0163 -0.0284 11.9335
244  12  0.0000  0.0000 11.3629
252  12  0.0000  0.0000  9.5899
260  12  0.0000  0.0000 10.0438
268  12 -0.0015  0.0126  9.5329
276  12  0.0018  0.0070  8.8913
284  12  0.0135  0.0020  8.1767
292  12  0.0054  0.0300  8.3661
  4  20  0.0000  0.0000 17.0988
 12  20  0.0000  0.0000 17.3438
 20  20 -0.0039  0.0037 14.8829
 28  20  0.0000  0.0000 15.9262
 36  20 -0.0383  0.0101 16.3136
 44  20 -0.0062  0.0607 14.2235
 52  20  0.0413  0.0567 12.3805
 60  20  0.0000  0.0000 13.8689
 68  20  0.0000  0.0000 14.9009
 76  20  0.0000  0.0000 16.0673
 84  20  0.0000  0.0000 14.4623
 92  20 -0.0262  0.0094 13.3567
100  20  0.0000  0.0000 12.8544
108  20  0.0000  0.0000 10.8231
116  20  0.0000  0.0000 16.3593
124  20 -0.0063 -0.0021 16.6218
132  20 -0.0124 -0.0019 16.2644
140  20  0.0000  0.0000 15.8007
148  20 -0.0003 -0.0253 15.6147
156  20  0.0000  0.0000 14.6836
164  20  0.0016  0.0223 17.8361
172  20 -0.0025  0.0142 13.6928
180  20 -0.0183  0.0117 13.8192
188  20 -0.0192 -0.0051 19.9215
196  20  0.0000  0.0000 17.9671
204  20  0.0000  0.0000 22.5611
212  20  0.0000 -0.0449 30.5612
220  20  0.0110  0.0037 31.6525
228  20 -0.0161  0.0490  8.0017
236  20 -0.0823 -0.0167 10.6201
244  20  0.1907  0.0148 12.4720
252  20  0.0000  0.0000 23.2028
260  20  0.0000  0.0000 13.1415
268  20  0.0000  0.0000 16.2689
276  20  0.0066 -0.1182 14.4007
284  20 -0.0033  0.0012 14.4559
292  20  0.0771  0.0416 15.4674
  4  28  0.0511  0.0041  8.9175
 12  28  0.0000  0.0000 10.0369
 20  28  0.0000  0.0000  9.7929
 28  28  0.0064  0.0038 10.1952
 36  28  0.0045  0.0119 10.3329
 44  28 -0.0017 -0.0149 10.2205
 52  28  0.0130 -0.0012 10.0813
 60  28  0.0130  0.0036  9.9311
 68  28 -0.0002 -0.0214 10.4223
 76  28 -0.0082 -0.0183 10.8692
 84  28 -0.0056 -0.0191  9.8046
 92  28 -0.0003  0.0026  9.6283
100  28  0.0096 -0.0173 12.2907
108  28 -0.0083 -0.0151 15.5763
116  28  0.0000  0.0000  8.7816
124  28 -0.0087  0.0013  9.2929
132  28  0.0204  0.0076  8.5234
140  28  0.0000  0.0000  8.7546
148  28  0.0000  0.0000  9.1916
156  28 -0.0216  0.0061 15.6964
164  28 -0.0056  0.0040 13.9695
172  28  0.0000  0.0000 12.3418
180  28  0.0033  0.0029 15.5865
188  28  0.0000  0.0000 13.3467
196  28  0.0110 -0.0021 11.0036
204  28  0.0000  0.0000  8.7893
212  28  0.0000  0.0000  9.2546
220  28  0.0017  0.0086  9.5314
228  28  0.0133  0.0027  9.4623
236  28  0.0000  0.0000  8.9515
244  28 -0.0095 -0.0173  8.8847
252  28 -0.0017  0.0181  9.0088
260  28  0.0012  0.0053 13.3555
268  28 -0.0016  0.0311 14.8213
276  28  0.0181  0.0120 14.4763
284  28  0.0000  0.0000 27.2134
292  28  0.0000  0.0000 13.3752
  4  36 -0.0076  0.0030  7.4331
 12  36  0.0000  0.0000  7.0828
 20  36 -0.0087  0.0097  6.6432
 28  36  0.1100  0.0567  6.4748
 36  36  0.1686  0.0153  6.8981
 44  36  0.0000  0.2989  8.7325
 52  36  0.3906  0.0837 10.1634
 60  36  0.0000 -0.1637 11.1304
 68  36 -0.0623  0.1091 12.9525
 76  36  0.0206 -0.1111 11.8385
 84  36  0.0000  0.0061 12.5011
 92  36  0.0000 -0.0426 11.9210
100  36 -0.0813 -0.0275 10.6111
108  36  0.0000  0.0000 10.1360
116  36  0.0000  0.0000  8.0183
124  36  0.0000  0.0000  7.4723
132  36  0.0000  0.0000 11.6112
140  36 -0.0702 -0.3519  7.1183
148  36  0.0137 -0.1719 19.1045
156  36 -0.0018 -0.0070 11.5550
164  36  0.0000  0.0000 16.1556
172  36 -0.0161 -0.0238 14.2964
180  36 -0.0286  0.0057 11.5465
188  36  0.0000  0.0000 14.3666
196  36  0.0005 -0.0164  7.3252
204  36  0.0000  0.0000 14.5653
212  36  0.0488 -0.0043 15.9639
220  36  0.0070  0.1846 11.5091
228  36  0.0000  0.0000 13.7993
236  36  0.0000  0.0000 13.9950
244  36  0.0000  0.0000 10.8982
252  36  0.0000  0.0000 11.4939
260  36  0.0000  0.0000 13.7634
268  36  0.0375  0.0282 13.0140
276  36  0.0037 -0.0470 11.3289
284  36  0.0000  0.0000 12.2105
292  36  0.0000  0.0000 10.9991
  4  44  0.0557  0.0193 15.2661
 12  44 -0.0347  0.1355 12.8494
 20  44  0.0000  0.0000 17.0667
 28  44  0.0000  0.0000 12.8227
 36  44  0.0108 -0.0032 16.0674
 44  44  0.0000  0.0000 10.5606
 52  44 -0.1140 -0.0424  8.5818
 60  44  0.0000  0.0000  8.7453
 68  44  0.0000  0.2146  7.9063
 76  44  0.0000  0.0000  9.4249
 84  44  0.0000  0.0000 11.1304
 92  44  0.0083 -0.0418 11.2576
100  44  0.0000  0.0000  8.2581
108  44  0.0000  0.0000  0.0000
116  44  0.0000  0.0000  0.0000
124  44 -0.2363  0.0671 15.1144
132  44  0.0000  0.0000  6.0043
140  44  0.0000  0.0000  0.0000
148  44  0.0000  0.0000 11.1304
156  44 -0.0166  0.0056 16.4678
164  44  0.0106  0.0039 11.0670
172  44  0.0023  0.0128 10.9776
180  44 -0.0011  0.0047 10.1141
188  44  0.0000  0.0000 15.3416
196  44 -0.0007 -0.0158  7.2954
204  44  0.0000  0.0000  8.7227
212  44  0.0000  0.0000  8.8500
220  44  0.0000  0.0000  9.0038
228  44  0.0105 -0.1117 11.1223
236  44  0.1437  0.0199 13.4456
244  44  0.0000  0.0000 10.8982
252  44 -0.1300  0.0183 12.3309
260  44  0.0090  0.1944 16.1041
268  44  0.0000  0.0000 13.3565
276  44  0.0000  0.0000  8.6413
284  44  0.0000  0.0000 11.8583
292  44  0.0000  0.0000  9.9881
  4  52  0.0000  0.0000 10.7529
 12  52  0.0000  0.0000  8.9868
 20  52  0.0000  0.0000  9.7047
 28  52  0.0000  0.0000  9.2850
 36  52  0.0000  0.0000 17.0667
 44  52  0.0000  0.0000 11.1304
 52  52  0.0000 -0.5000  8.9154
 60  52  0.0000  0.0000  0.0000
 68  52  0.0000  0.0000 13.1417
 76  52  0.0000  0.0000 16.1088
 84  52  0.0000  0.0000 11.1304
 92  52  0.0000  0.0000 12.0628
100  52  0.0000  0.0000 11.1304
108  52  0.0000  0.0000 11.1304
116  52  0.0000  0.0000 11.1304
124  52 -0.5000  0.0000  8.8276
132  52  0.0000  0.0000  0.0000
140  52     NaN  0.0000 17.0667
148  52  0.0000  0.0000 12.2657
156  52  0.0008 -0.0283 11.3525
164  52  0.0000  0.0000 19.9024
172  52 -0.0179  0.0020 10.1163
180  52 -0.0076 -0.0016 11.1639
188  52  0.0308  0.0063 18.3898
196  52  0.0022 -0.0151  7.0979
204  52  0.0000  0.0000 19.4783
212  52  0.0000 -1.7251  8.5018
220  52  0.0509 -1.0000 13.8682
228  52  1.5000  0.0000  9.9740
236  52 -0.1075 -0.0615 10.9686
244  52 -0.1338 -0.0649  8.3794
252  52  0.1366  0.0179 13.5229
260  52  0.0208 -0.0688 13.0299
268  52  0.0405 -0.0060  9.9459
276  52  0.0000  0.0000 10.8982
284  52  0.0000  0.0000 11.0983
292  52  0.0000  0.0000 17.2172
  4  60  0.0000  0.0000 13.5576
 12  60  0.0000  0.0000  0.0000
 20  60  0.0000  0.0000 11.1304
 28  60  0.0000  0.0000 11.1304
 36  60  0.0000  0.0000 11.1304
 44  60  0.0000  0.0000 11.1304
 52  60  0.0000  0.0000 17.0667
 60  60  0.0000  0.5000 11.1304
 68  60  0.0000  0.0000 11.1304
 76  60  0.0000  0.0000 16.1088
 84  60  0.0000  0.0000 11.1304
 92  60  0.0000  0.0000 10.1261
100  60 -2.8274 -0.3035  7.6077
108  60  0.0000  0.0000  9.4815
116  60  0.0000  0.0000 11.1304
124  60  0.0000  0.0000  8.4768
132  60  0.0000  0.0000  0.0000
140  60  0.0000  0.0000 13.5576
148  60 -0.0068  0.0013  7.2786
156  60  0.0094  0.0117 11.7131
164  60  0.0000  0.0106 12.3214
172  60 -0.0069  0.0058 12.1449
180  60  0.0000  0.0000 11.6559
188  60  0.0070 -0.0005 11.3655
196  60  0.0058  0.0118  5.9888
204  60  0.0000  0.0000 17.7376
212  60  0.0620 -0.0549 16.1799
220  60  0.0000  0.0000 11.0903
228  60  0.0000  0.0000  6.8970
236  60  0.2826  0.4149  6.8392
244  60  0.0000  0.0000  9.6034
252  60  0.1281 -0.3544  8.5889
260  60  0.1890 -0.1626 11.1179
268  60  0.0000  0.0000 11.7363
276  60  0.0000  0.0000 16.1438
284  60  0.0000  0.0000 24.4618
292  60  0.0000  0.0000 12.0615
  4  68  0.0000  0.0000 11.1304
 12  68  0.0000  0.0000 11.1304
 20  68  0.0000  0.0000 19.1045
 28  68  0.0000  0.0000  0.0000
 36  68     NaN  0.0000 17.0667
 44  68  0.0000  0.0000  0.0000
 52  68  0.0000  0.0000 19.4783
 60  68  0.0000  0.0000 11.1304
 68  68  0.0000  0.0000 12.5445
 76  68  0.0630  0.0072 16.0436
 84  68  0.0000  0.0000 20.1250
 92  68  0.0000 -0.0000 13.9782
100  68  0.0000  0.0000 15.2216
108  68  0.0000  0.0000 19.5188
116  68  0.0000  0.0000 15.2515
124  68  0.0930  0.1875 16.8514
132  68  0.0000  0.0000 11.1304
140  68  0.0000  0.0000 16.1088
148  68  0.0000  0.0000 15.8661
156  68 -0.5000  0.1588 10.5785
164  68  0.0568  0.0000  8.2478
172  68  0.0000  0.0000 10.5211
180  68 -0.0254 -0.0198  9.4955
188  68 -0.3175  0.0000  9.0353
196  68  0.0000  0.0000 10.8280
204  68  0.0000  0.0000  0.0000
212  68  2.5000  0.0000  8.8276
220  68  0.0000  0.0000 11.1304
228  68  0.0000  0.0000 11.1304
236  68  2.5000 -0.5000  4.0635
244  68  0.0000  0.0000  0.0000
252  68  0.0000  0.0000  8.0000
260  68  0.0000 -0.5000  8.8276
268  68  0.0000  0.1993  6.1505
276  68  0.1241 -0.0900  9.7710
284  68  0.0000  0.0000 10.8132
292  68  0.0000  0.0000 10.2298
  4  76  0.0000  0.0000  0.0000
 12  76  0.0000  0.0000 11.1304
 20  76  0.0000  0.0000  0.0000
 28  76  0.0000  0.0000  0.0000
 36  76  0.0696 -0.0812 10.9765
 44  76 -0.0000  0.0000 26.9767
 52  76  0.0000  0.0000  7.0995
 60  76 -0.5000 -0.1588 10.5785
 68  76 -0.0532  0.2372 15.1645
 76  76  0.0209 -0.2267  7.7804
 84  76  0.1963  0.0279  8.6009
 92  76  0.1336  0.0312 13.5709
100  76  0.0000  0.0000 20.1250
108  76  0.0000  0.0000 13.7544
116  76  0.0000  0.0000 19.1045
124  76  0.0000  0.0000 12.0628
132  76  0.0000  0.0000 12.0628
140  76  0.0000  0.0000 12.0628
148  76  0.0000  0.0000 12.0455
156  76 -0.1053  0.0538  8.3682
164  76  0.1841 -0.0418 12.3683
172  76  0.0526  0.5000  8.6646
180  76  0.0000  0.0000  0.0000
188  76 -0.0913 -0.2044 18.7317
196  76  0.0000  0.2790  9.0724
204  76 -0.0994 -0.2121 11.7241
212  76  0.0000  0.0000 19.1045
220  76  0.0000  0.0000  0.0000
228  76  0.0000  0.0000  0.0000
236  76  0.0000  0.0000  6.1440
244  76  0.0000 -1.0000 11.1304
252  76  0.0000  0.0000 12.0342
260  76  0.0000  0.0000 11.1304
268  76  0.0000  0.0000 11.1304
276  76  0.0000  0.0000  8.8276
284  76  0.0000  0.0000 12.5445
292  76  0.0000  0.0000 12.0455
  4  84  0.0000  0.0000  0.0000
 12  84  0.0000  0.0000  0.0000
 20  84  0.0000  0.0000  0.0000
 28  84  0.0000  0.1960 11.1304
 36  84 -0.3517 -0.0411 10.9508
 44  84  0.0000  0.0000  7.4357
 52  84  0.0000  0.0000 18.1858
 60  84  0.2885  0.0640 13.0679
 68  84  0.0000  0.0000  8.7325
 76  84  0.0378  0.1271  9.1826
 84  84  0.0139 -0.0362 13.5194
 92  84 -0.1035 -0.0705  8.3393
100  84  0.0000  0.0000 13.3565
108  84  0.0000  0.0000 20.7059
116  84  0.0000  0.0000 11.3457
124  84  0.0000  0.0000 16.1088
132  84  0.0000  0.0000 11.1304
140  84  0.0000  0.0000 11.9011
148  84 -0.0457  0.1313 12.9403
156  84  0.0000  0.0000 13.5576
164  84  0.0000  0.0000 13.5576
172  84  0.0000  0.0000  0.0000
180  84  0.0000  0.0000  0.0000
188  84  0.0000  0.0000  0.0000
196  84 -0.2080 -0.2715 12.3107
204  84  0.0000  0.0000 11.1304
212  84  0.0000  0.0000  0.0000
220  84 -0.1468 -0.7158 12.0903
228  84  0.0000  0.0000  0.0000
236  84  0.1151 -0.1151 16.5161
244  84 -0.0958 -1.1053 10.4100
252  84  0.0000  0.0000  8.8276
260  84  0.0000  0.0000 11.1304
268  84  0.0000  0.0000  0.0000
276  84  0.0000  0.0000 11.1304
284  84  0.0000  0.0000 11.1304
292  84  0.0000  0.0000  8.0688
  4  92  0.0000  0.0000 13.5576
 12  92  0.0000  0.0000 13.7892
 20  92  0.0000  0.0000 12.5009
 28  92  0.4043 -0.4043  8.0000
 36  92  0.0000  0.0000 11.1304
 44  92  0.1575  0.1838 11.9070
 52  92 -0.0199 -0.2873  8.7149
 60  92 -0.5000 -0.5000  5.9948
 68  92  0.0000  0.0000 20.7059
 76  92  0.0000  0.0000 13.7892
 84  92  0.5000  0.0000 11.1304
 92  92  0.0183 -0.0210 11.7291
100  92 -0.5000  0.0000  8.8276
108  92 -0.2780  0.1270 13.3759
116  92 -1.0000  0.0000  9.2850
124  92  0.0000  0.0000  0.0000
132  92  0.0000  0.0000  0.0000
140  92  0.0000 -0.5000  8.8276
148  92  0.1138 -0.1378 11.4627
156  92  0.0000  0.0000 11.1304
164  92  0.3321  0.1276 10.3409
172  92  0.0000  0.0000 16.5225
180  92  0.2989 -1.2825 10.8021
188  92  0.0000  0.0000  0.0000
196  92  0.0000  0.0000  0.0000
204  92  0.0000  0.5000  9.2086
212  92  0.0000  0.0000  8.5425
220  92  0.0000  0.0000  0.0000
228  92  0.5000  0.0930 14.1070
236  92  0.1151 -0.1151 16.5161
244  92  0.0000  0.0000 11.1304
252  92 -2.6359 -0.5000  8.6646
260  92  0.0000  0.0000  0.0000
268  92  0.0000  0.0000  0.0000
276  92  0.0000  0.0000  8.8276
284  92  0.0000  0.0000  0.0000
292  92  0.0000  0.0000 11.1304
  4 100 -0.1378  0.0086 11.3013
 12 100  0.0000  0.0000 13.3565
 20 100  0.0000  0.0000 15.2515
 28 100 -0.3147  0.1030 10.3164
 36 100  0.0000  0.0000 11.0617
 44 100  0.0000  0.0000 11.1304
 52 100  0.2002 -0.0518  8.9936
 60 100 -0.1052 -0.0577 11.9430
 68 100  0.0000  0.0000 13.8145
 76 100  0.2854  0.1616  9.3084
 84 100 -0.0860  0.0393  7.8496
 92 100  0.0000  0.0000 13.1204
100 100  0.1151  0.1151 16.5161
108 100  0.0000  0.0000 19.4783
116 100  0.0000  0.0000 11.1304
124 100  0.0000  0.0000 11.4848
132 100  0.0396 -0.2657 13.8981
140 100  0.0000  0.0000 10.6945
148 100 -0.6658  0.0000 10.1386
156 100  0.0000  0.0000  8.5333
164 100 -0.1556  0.0000 12.2969
172 100  0.0000  0.0000 12.0628
180 100  0.0000 -1.0000 11.1304
188 100  0.0000  0.0000 19.1045
196 100  0.0000  0.0000  0.0000
204 100  0.0000  0.0000  0.0000
212 100  0.3918 -0.0405 14.8364
220 100  0.0000  0.0000 11.1304
228 100  0.0000  0.0000 20.7059
236 100  0.3433 -0.4058  8.7429
244 100  0.1960  0.0000 18.0282
252 100  4.5000 -0.5000  4.0635
260 100  0.0000  0.0000 11.1304
268 100  0.0000  0.0000  4.0635
276 100     NaN  0.0000  5.4468
284 100  0.0000  0.0000  0.0000
292 100 -0.1960 -0.5000 11.1304
  4 108 -0.0604 -0.5592  8.2306
 12 108  0.0000  0.0000  8.7531
 20 108 -0.2423  0.0109 17.8002
 28 108  0.0000  0.0000 11.5903
 36 108  0.0000  0.0000 13.7892
 44 108  0.0000  0.0000  8.2581
 52 108 -0.0695  0.1519 12.4318
 60 108  0.0000  0.0000  8.8167
 68 108  0.0000  0.0000 11.9011
 76 108  0.0000  0.0000 15.5009
 84 108  0.0000  0.0000 10.4245
 92 108  0.0000 -0.2662  6.7780
100 108  1.6464  0.0736  8.2903
108 108  0.0000  0.0000 13.0803
116 108 -0.5000 -0.5000  4.0635
124 108  0.0000  0.0000 11.1304
132 108  0.0000  0.0000 16.1088
140 108 -0.1841  0.0418 12.3683
148 108  0.1355 -0.2776  9.5429
156 108 -0.1276  0.3321 10.3409
164 108  0.0594  0.5000 12.1798
172 108  0.0000  0.0000  8.2581
180 108  0.0000  0.0000  0.0000
188 108  0.0000  0.0000  0.0000
196 108  0.1140 -0.1079 19.3902
204 108 -0.5000  0.0000  8.8276
212 108  0.0000  0.0000  0.0000
220 108  0.0000  0.0000 11.1304
228 108  0.0000  0.0000  0.0000
236 108  0.0000  0.0000 11.1304
244 108  0.0000  0.0000  0.0000
252 108  0.0000  0.0000 11.1304
260 108  0.1151 -0.1151 16.5161
268 108  0.0000  0.0000  0.0000
276 108  0.0000  0.0000  0.0000
284 108  0.0000  0.1063  6.9728
292 108  0.0000  0.0000  7.0932
  4 116  0.0526  0.0849 14.3336
 12 116  0.1263 -0.0495  8.6491
 20 116  0.0000  0.0000 27.7056
 28 116  0.0000  0.0000 11.9011
 36 116  0.0000  0.0000 11.1304
 44 116  0.0000  0.0000 11.1304
 52 116  0.0000  0.0000 11.1304
 60 116  0.0000  0.0000 18.9370
 68 116 -0.5000  0.0263  7.3143
 76 116  0.0000  0.0000  0.0000
 84 116  0.1511  0.0509  7.6027
 92 116 -0.4256  0.1293  7.2484
100 116  0.0000  0.0000 11.1304
108 116 -0.0319  0.2003 10.4572
116 116  0.0000  0.0000 16.1088
124 116  0.0000  0.0000 11.1304
132 116  0.0000  0.0000 12.5445
140 116  0.0000  0.0000 11.1304
148 116  0.0000  0.0000  0.0000
156 116  0.0000  0.0000 22.2609
164 116  0.0000  0.0000 17.2183
172 116  0.0000  0.0000 10.1191
180 116  0.0000  0.0000  0.0000
188 116  0.0000  0.0000 12.5445
196 116 -0.1067 -0.5000  7.8528
204 116  0.0000  0.0000 11.1304
212 116  0.0000  0.0000  0.0000
220 116  0.0000  0.0000  0.0000
228 116  0.0000  0.0000  0.0000
236 116  0.0000  0.0000  0.0000
244 116 -0.5000  0.0000  8.8276
252 116  0.0000  0.0000 13.7892
260 116  0.0000  0.0000 11.1304
268 116  0.0000  0.0000 11.1304
276 116  0.0000  0.0000 12.0628
284 116 -0.1475  0.0146 11.5019
292 116  0.0000  0.0000 21.6135
  4 124  0.0000  0.0000  9.5632
 12 124  0.0000  0.0000 11.1304
 20 124  0.0000  0.0000 15.3781
 28 124  0.0000  0.0000 11.1304
 36 124  0.0000  0.0000  0.0000
 44 124  0.0000  0.0000  0.0000
 52 124  0.0000  0.0000  0.0000
 60 124  0.0000  0.0000 11.1304
 68 124  0.0634  0.1259  6.4621
 76 124  0.0000  0.0000  0.0000
 84 124  0.0000  0.0000 15.6908
 92 124  0.0000  0.0000  7.2215
100 124  0.0000  0.0000 13.0803
108 124  0.0000  0.0000  0.0000
116 124  0.1960  1.5000  9.2086
124 124  0.0000  0.0000 16.1088
132 124  0.0000  0.0000  0.0000
140 124 -0.1068 -0.3135 15.1963
148 124  0.0000  0.0000  0.0000
156 124  0.0000  0.0000  0.0000
164 124  0.0000  0.0000 17.2183
172 124  0.0000  0.0000 17.0667
180 124  0.0000  0.0000  0.0000
188 124  0.0000  0.0000 11.1304
196 124 -0.5000  0.0000  8.8276
204 124  0.0000  0.0000 11.1304
212 124  0.0000  0.0000  0.0000
220 124  0.0000  0.0000  0.0000
228 124  0.0000  0.0000  0.0000
236 124 -2.3162  0.1023  9.7439
244 124  0.0000  0.0000  0.0000
252 124  0.0000  0.0000 11.1304
260 124  0.0000  0.0000  0.0000
268 124  0.0000  0.0000  9.4680
276 124 -0.2233 -0.5986  8.4253
284 124  0.0000  0.0000 12.4272
292 124 -0.4067 -0.0376 11.8065
  4 132  0.0147  0.1059 10.0201
 12 132  0.1290  0.0106 12.7593
 20 132  0.0000  0.0000 11.1304
 28 132  0.0000  0.0000 11.1304
 36 132  0.0000  0.0000 11.1304
 44 132  0.0000  0.0000  0.0000
 52 132  0.0000  0.0000  0.0000
 60 132  0.0000  0.0000  7.2874
 68 132  0.0585  0.2413 13.6170
 76 132 -0.3261  0.0588  8.5742
 84 132  0.2329 -0.0602  8.2522
 92 132  1.7124 -0.1464  7.6491
100 132  0.0000  0.0000 16.1088
108 132 -0.4554  0.1775  8.5131
116 132  0.0000  0.0000  0.0000
124 132  0.0000  0.0000 11.8583
132 132  0.1215  0.1200 17.1775
140 132  0.0000  0.0000 11.1304
148 132  0.0000  0.0000  0.0000
156 132  0.0000  0.0000  0.0000
164 132  0.0000  0.0000 12.0628
172 132  0.0000  0.0000 11.1119
180 132  0.0000  0.0000 13.7892
188 132  0.0000  0.0000  0.0000
196 132  0.0000  0.0000 11.1304
204 132  0.0000 -0.5845  9.6744
212 132  0.0000  0.0000  0.0000
220 132  0.0000  0.0000  0.0000
228 132  0.0000  0.0000  0.0000
236 132  0.0000  0.0000  0.0000
244 132  0.0000  0.0000  0.0000
252 132  0.0000  0.0000  0.0000
260 132  0.0000  0.0000  0.0000
268 132  0.0000  0.0000 11.1304
276 132  0.2867 -0.1023  9.9271
284 132  0.0240  0.6574  9.8108
292 132  2.5000 -0.1588 10.5785
  4 140  0.0000  0.0000 20.7059
 12 140  0.0000  0.0000 11.1304
 20 140  0.3127  0.1061  9.8739
 28 140  0.0000  0.0000 13.1641
 36 140  0.0000  0.0000 11.1304
 44 140  0.0000  0.0000 17.0667
 52 140 -1.5000 -0.2187  8.5018
 60 140  0.1841 -0.0418 12.3683
 68 140  0.0000  0.0000  8.0000
 76 140  0.0000  0.0000  0.0000
 84 140  0.0000  0.0000  6.1440
 92 140  0.0000  0.0000 16.1088
100 140  0.0000  0.0000 11.1304
108 140  0.0000  0.0000 13.0803
116 140  0.0599  0.1496 18.7317
124 140  0.0000  0.0000 17.0667
132 140  0.0000  0.0000  0.0000
140 140  0.0000  0.0000 16.1088
148 140  0.0000  0.0000 11.1304
156 140 -0.0112 -0.0861 12.7070
164 140 -0.1833  0.0567 11.2234
172 140  0.0000  0.0000 10.6845
180 140  0.0000  0.0000 12.0628
188 140  0.0000  0.0000  0.0000
196 140  0.0000  0.0000  0.0000
204 140  0.0000  0.0000 11.1304
212 140  0.0000  0.0000 17.2183
220 140  0.0000  0.0000  0.0000
228 140  0.0000  0.0000  0.0000
236 140  0.0000  0.0000  0.0000
244 140  0.0000  0.0000 11.1304
252 140  0.0000  0.0000 11.1304
260 140  0.0000  0.0000 20.7059
268 140  0.0000  0.0000  0.0000
276 140  0.0000  0.0000 11.1304
284 140  0.0544  0.0000  9.8359
292 140  0.0000  0.0000  0.0000
  4 148  0.0000  0.0000 11.1304
 12 148  0.0143  0.0564 11.7098
 20 148  0.0000  0.0000 11.1304
 28 148  0.0000  0.0000 11.1304
 36 148  0.0000  0.0000  0.0000
 44 148  0.0000  0.0000 22.2609
 52 148  0.0000  0.0000 11.1304
 60 148  0.0000  0.0000 16.1088
 68 148  0.0000  0.0000  0.0000
 76 148  0.0000  0.0000  0.0000
 84 148  0.0000  0.0000  0.0000
 92 148  0.0000  0.0000  0.0000
100 148  0.0000  0.0000 16.1088
108 148  0.2780 -0.1270 13.3759
116 148  0.0000  0.0000 10.5898
124 148  0.0000  0.0000  0.0000
132 148  0.0000  0.0000  0.0000
140 148  0.0000  0.0000  0.0000
148 148  0.0000  0.0000 11.1304
156 148  0.0000  0.0000 10.2729
164 148 -0.3128  0.1379 10.3403
172 148 -0.2761  0.2274  7.5124
180 148  0.2780 -0.1270 13.3759
188 148 -0.2568 -0.0627  8.5469
196 148  0.0000  0.0000  0.0000
204 148  0.0000  0.0000 16.1088
212 148  0.0000  0.0000  8.1086
220 148  0.0000  0.0000  0.0000
228 148  0.0000  0.0000  0.0000
236 148  0.0000  0.0000  0.0000
244 148  0.0000  0.0000  0.0000
252 148  0.0000  0.0000  0.0000
260 148  0.2414  0.0000 11.1304
268 148  0.0000  0.0000 17.0667
276 148  0.0000  0.0000  0.0000
284 148 -0.0240  0.6574  9.8108
292 148 -0.0365  0.1130 12.4508
  4 156  0.0000  0.0000 19.1045
 12 156  0.0000  0.0000 12.0455
 20 156  0.0000  0.0000  0.0000
 28 156 -0.0677  0.2414 11.7124
 36 156  0.0000  0.0000 16.1088
 44 156  0.0000  0.0000 17.2183
 52 156  0.0000  0.0000 16.1088
 60 156  0.0000  0.0000  0.0000
 68 156  0.0000  0.0000  0.0000
 76 156  0.0000  0.0000 11.1304
 84 156  0.0000  0.0000  0.0000
 92 156  0.0000  0.0000  8.2581
100 156 -0.0698  0.2911 10.5124
108 156  0.0443  0.0694 10.2774
116 156 -0.0788 -0.2077  9.6936
124 156  0.0000  0.0000  0.0000
132 156  0.0000  0.0000  0.0000
140 156  0.0000  0.0000  0.0000
148 156  0.0000  0.0000 11.1304
156 156  0.0000  0.0000  0.0000
164 156  0.0418  0.1521 12.6567
172 156  0.0000  0.0000  0.0000
180 156  0.0000  0.0000 11.1304
188 156  0.0000  0.0000  0.0000
196 156  0.0000  0.0000 11.1304
204 156  0.0000  0.0000  0.0000
212 156  0.0000  0.0000  0.0000
220 156  0.0000  0.0000 11.1304
228 156  0.0000  0.0000  0.0000
236 156  0.0000  0.0000  0.0000
244 156  0.0000  0.0000 16.1088
252 156  0.0000  0.0000 16.1088
260 156  0.0000  0.0000 16.1088
268 156  0.0000  0.0000 19.1045
276 156  0.0000  0.0000  6.8903
284 156  0.0000  0.0000  0.0000
292 156 -0.2414  0.0000 11.1304
  4 164  0.0000  0.0000 10.5211
 12 164  0.0000  0.0000 11.9552
 20 164  0.0000  0.0000 11.1304
 28 164  0.0000  0.0000  0.0000
 36 164  0.0000  0.0000  8.4768
 44 164  0.0000  0.0000 12.0628
 52 164  0.0000  0.0000 11.1304
 60 164  0.0000  0.0000 11.1304
 68 164  0.0000  0.0000  0.0000
 76 164  0.0000  0.0000  0.0000
 84 164  0.0000  0.0000  0.0000
 92 164  0.0000  0.0000 11.1304
100 164  0.2593  0.0000  8.7521
108 164  0.0000  0.0000 12.1564
116 164  0.0000  0.0000  9.4208
124 164  0.0000  0.0000  0.0000
132 164  0.0000  0.0000  0.0000
140 164  0.0000  0.0000  0.0000
148 164  0.0000  0.0000  0.0000
156 164  0.0000  0.0000  0.0000
164 164  0.0000  0.0000 11.1304
172 164  0.0000  0.0000 11.1304
180 164  0.0000  0.0000  0.0000
188 164  0.0000  0.0000 11.1304
196 164  0.0000  0.0000  0.0000
204 164  0.0000  0.0000 16.1088
212 164  0.0000  0.0000 16.1088
220 164  0.0000  0.0000  0.0000
228 164  0.0000  0.0000 11.1304
236 164  0.0000  0.0000  0.0000
244 164  0.0000  0.0000  0.0000
252 164  0.0000  0.0000  0.0000
260 164     NaN  0.0000 17.0667
268 164  0.0000  0.0000  0.0000
276 164  0.0000  0.0000  8.2581
284 164  0.0000  0.0000  0.0000
292 164  0.0000  0.0000  0.0000
  4 172  0.0000  0.0000  0.0000
 12 172  0.0000  0.0000  0.0000
 20 172  0.0000  0.0000  0.0000
 28 172  0.0000  0.0000  0.0000
 36 172  0.1140 -0.1079 19.3902
 44 172  0.0000  0.0000  9.4948
 52 172  0.0000  0.0000  0.0000
 60 172  0.0000  0.0000  0.0000
 68 172  0.0000  0.0000  0.0000
 76 172  0.0000  0.0000  0.0000
 84 172  0.0000  0.0000  0.0000
 92 172     NaN  0.0000 17.0667
100 172 -0.0188 -0.1629  7.6029
108 172  0.0000  0.0000 10.3886
116 172  0.0000  0.0000  0.0000
124 172  0.0000  0.0000  7.4357
132 172  0.1253  0.2072 11.1304
140 172  0.0000  0.0000  0.0000
148 172  0.0000  0.0000 11.1304
156 172  0.1927 -0.0788 17.1842
164 172  0.0000  0.0000 12.0455
172 172  0.0000  0.0000 12.0455
180 172  0.0000  0.0000 11.1304
188 172  0.0000  0.0000 11.1304
196 172  0.0000  0.0000  0.0000
204 172  0.0000  0.0000 11.1304
212 172  0.0000  0.0000 11.1304
220 172  0.0000  0.0000 11.1304
228 172  0.0000  0.0000  0.0000
236 172  0.0000  0.0000  0.0000
244 172  0.0000  0.0000  0.0000
252 172  0.0000  0.0000  0.0000
260 172  0.0000  0.0000  0.0000
268 172  0.0000  0.0000 11.1304
276 172  0.0000  0.0000  0.0000
284 172  2.5000  0.0000 11.1304
292 172  0.0000  0.0000  0.0000
  4 180  0.0000  0.0000 11.1304
 12 180  0.0000  0.0000 11.1304
 20 180  0.2626 -0.3224 11.1304
 28 180  0.0000  0.0000 11.1304
 36 180 -0.1401 -0.2399 12.1506
 44 180  0.0000  0.0000 11.1304
 52 180  0.0000  0.0000  0.0000
 60 180  0.0000  0.0000  0.0000
 68 180  0.0000  0.0000  0.0000
 76 180  0.0000  0.0000  0.0000
 84 180  0.0000  0.0000  0.0000
 92 180  0.0000  0.0000  0.0000
100 180  0.0000  0.0000  0.0000
108 180  0.0000  0.0000 11.1304
116 180  0.0000  0.0000  0.0000
124 180 -1.3070  0.0337 12.4709
132 180  0.0000  0.0000 13.0803
140 180 -0.5000  0.0000  8.8276
148 180  0.0000  0.0000  0.0000
156 180  0.5000  0.0000 11.1304
164 180  0.0000  0.0000 11.1304
172 180  0.0000  0.0000 12.0628
180 180  0.0000  0.0000 16.1088
188 180  0.0000  0.0000 19.4783
196 180  0.0000  0.0000 11.1304
204 180  0.0000  0.0000  8.2581
212 180  0.0000  0.0000  0.0000
220 180  0.0000  0.0000  0.0000
228 180  0.0000  0.0000 19.1045
236 180  0.0000  0.0000  0.0000
244 180  0.0000  0.0000  0.0000
252 180  0.0000  0.0000  0.0000
260 180  0.0000  0.0000  0.0000
268 180  0.0000  0.0000  0.0000
276 180  0.0000  0.0000  0.0000
284 180  0.0000  0.0000  0.0000
292 180  0.0000  0.0000 11.1304
  4 188 -0.5000  0.0265 11.4627
 12 188  0.0000  0.0000 11.1304
 20 188  0.3732  0.5000  9.6402
 28 188  0.0000  0.0000  8.8276
 36 188 -0.1422 -0.0393  9.4028
 44 188  0.0000  0.0000 11.1304
 52 188  0.0000  0.0000  9.9740
 60 188  0.0000  0.0000  0.0000
 68 188  0.0000  0.0000  0.0000
 76 188  0.0000  0.0000  0.0000
 84 188  0.0000  0.0000  0.0000
 92 188  0.0000  0.0000  0.0000
100 188  0.0000  0.0000  0.0000
108 188  0.0000 -0.5000  8.8276
116 188  0.0000  0.0000 11.1304
124 188  0.0000  0.0000 16.1088
132 188 -0.0371  0.0634  7.5982
140 188  0.0000  0.0000  0.0000
148 188  0.0000  0.0000 11.1304
156 188  0.3308 -0.1127 11.8471
164 188  0.0000  0.0000 11.1304
172 188  0.0000  0.0000 11.1304
180 188  0.0000  0.0000 13.2207
188 188  0.0000  0.0000  0.0000
196 188  0.0000  0.0000 11.1304
204 188  0.0000  0.0000  0.0000
212 188  0.0000  0.0000  0.0000
220 188 -1.0000  0.0000  7.0932
228 188  0.0000  0.5000 11.1304
236 188  0.0000  0.0000 12.5902
244 188  0.0000  0.0000 17.0667
252 188  0.0000  0.0000  0.0000
260 188  0.0000  0.0000  0.0000
268 188  0.0000  0.0000  0.0000
276 188  0.0000  0.0000 11.1304
284 188  0.1656 -0.0786 10.7522
292 188  0.1264  0.6475  8.2342
  4 196  0.0000  0.0000  0.0000
 12 196  0.0000  0.0000  0.0000
 20 196  0.1415 -0.0400 12.6420
 28 196 -0.1912  0.0000 12.4272
 36 196  0.0000  0.0000  7.3143
 44 196  0.0000  0.0000  0.0000
 52 196  0.0000  0.0000  0.0000
 60 196  0.0000  0.0000  0.0000
 68 196  0.0000  0.0000  0.0000
 76 196  0.0000  0.0000  0.0000
 84 196  0.0000  0.0000 16.1088
 92 196  0.0000  0.0000 11.1304
100 196  0.0000  0.0000 11.1304
108 196  0.0000  0.0000 10.9491
116 196  2.5000  0.0000  8.8276
124 196  0.0000  0.0000 16.1088
132 196  0.0000  0.0000 14.0861
140 196  0.0000  0.0000  0.0000
148 196  0.0000  0.0000  0.0000
156 196  0.0000  0.0000  0.0000
164 196  0.0000  0.0000 11.1304
172 196  0.0000  0.0000 11.1304
180 196  0.0000  0.0000 17.0667
188 196  0.0000  0.0000  0.0000
196 196  0.0000  0.0000  0.0000
204 196  0.0000  0.0000  0.0000
212 196  0.0000  0.0000  0.0000
220 196  0.0000  0.0000  0.0000
228 196  0.0000  0.0000 16.1088
236 196  0.0000  0.0000 13.7544
244 196  0.0000  0.0000 11.1304
252 196 -0.5000 -0.5000  4.0635
260 196  0.0000  0.0000  0.0000
268 196  0.0000  0.0000  0.0000
276 196  0.0000  0.0000 11.1304
284 196  0.0000  0.0000 10.1191
292 196  0.0000  0.0000 17.2183
  4 204  0.0000  0.0000  0.0000
 12 204  0.2080 -0.2715 12.3107
 20 204 -0.0418  0.1521 12.6567
 28 204  0.1960  0.0000 11.1304
 36 204  0.0000  0.0000  0.0000
 44 204  0.0000  0.0000  0.0000
 52 204  0.0000  0.0000  0.0000
 60 204  0.0000  0.0000  0.0000
 68 204  0.0000  0.0000  0.0000
 76 204  0.0000  0.0000  0.0000
 84 204  0.0000  0.0000  0.0000
 92 204  0.0000  0.0000  0.0000
100 204  0.0000  0.0000 11.1304
108 204  0.0000  0.0000  0.0000
116 204  0.0000  0.0000  0.0000
124 204  0.0000  0.0000  0.0000
132 204  0.0000  0.0000 10.1191
140 204  0.0000  0.0000 11.9011
148 204  0.0000  0.0000 16.1088
156 204  0.0000  0.0000  0.0000
164 204  0.0000  0.0000 11.1304
172 204  0.0000  0.0000 11.1304
180 204  1.6611  0.0419 10.0620
188 204  0.0000  0.0000 12.0628
196 204  0.1930  0.1867 15.3090
204 204  0.0000  0.0000  0.0000
212 204  0.0000  0.0000  0.0000
220 204  0.0000  0.0000  0.0000
228 204  0.0000  0.0000  0.0000
236 204  0.0000  0.0000 11.1304
244 204  0.0000  0.0000 13.1641
252 204  0.1008 -0.5842 15.5939
260 204  2.5000  0.0000  8.8276
268 204  0.0000  0.0000  0.0000
276 204  0.0000  0.0000  0.0000
284 204  0.0000  0.0000 22.2609
292 204  0.4518 -0.1718  9.9023
  4 212  0.0000  0.0000  0.0000
 12 212 -1.1838 -0.5000  7.5779
 20 212  0.0000  0.0000 11.1304
 28 212 -0.2375  0.3586 11.7728
 36 212  0.0000  0.0000 11.1304
 44 212  0.0000  0.0000  0.0000
 52 212  0.0000  0.0000 19.1045
 60 212  0.0000  0.0000 16.1088
 68 212  0.0000  0.0000 16.1088
 76 212  2.5000  0.0000  8.8276
 84 212  0.0000  0.0000 11.1304
 92 212  0.0000  0.0000 19.1045
100 212  0.0000  0.0000 11.1304
108 212  0.0000  0.0000  0.0000
116 212  0.0000  0.0000  0.0000
124 212     NaN  0.0000 17.0667
132 212  0.0000  0.0000  9.2850
140 212 -0.5000  0.5000  6.9040
148 212  0.0000  0.0000 12.9293
156 212  0.0000  0.0000 11.1304
164 212  0.0000  0.0000  0.0000
172 212  0.1521  0.1664 16.8251
180 212 -0.0182  0.0134  9.7149
188 212  0.2568 -0.0627  8.5469
196 212  0.0000  0.0000 16.1088
204 212  0.0000  0.0000  0.0000
212 212  0.0000  0.0000  0.0000
220 212  0.0000  0.0000  0.0000
228 212  0.0000  0.0000  0.0000
236 212  0.0000  0.0000  0.0000
244 212  0.0000  0.0000  0.0000
252 212  0.0000  0.0000 12.0628
260 212  0.1960 -0.5000 11.1304
268 212  0.0000  0.0000 16.1088
276 212  0.0000  0.0000  0.0000
284 212  0.0000  0.0000  0.0000
292 212  1.5000  0.0000  8.2581
  4 220  0.2011  0.1988 14.8099
 12 220  0.0209  0.2092 10.3087
 20 220  0.0000  0.0000  0.0000
 28 220  0.0000 -0.5000  8.8276
 36 220  0.0000  0.3577  9.9740
 44 220 -1.1733  0.0000  8.5333
 52 220  0.0000  0.0000 11.1304
 60 220  0.0000  0.0000  0.0000
 68 220  0.0000  0.0000 19.1045
 76 220  0.0000  0.0000  0.0000
 84 220  0.0000  0.0000  0.0000
 92 220  0.1180 -0.5000  9.2850
100 220  0.0000  0.0000 11.1304
108 220  0.0000  0.0000  0.0000
116 220  0.5000  0.0000  8.4768
124 220  0.0000  0.0000  0.0000
132 220  2.5942 -0.5000  9.7970
140 220  0.0000  0.0000  0.0000
148 220  2.7083 -0.5000  6.1440
156 220  0.5000  0.0930 14.1070
164 220  0.0000  0.0000 11.1304
172 220 -0.5000 -0.5000  4.0635
180 220  0.1792  0.0643  9.4269
188 220 -0.0978  0.0707 15.7377
196 220  0.0000  0.0000  8.4253
204 220  0.0000  0.0000  0.0000
212 220 -0.5000  0.0000  8.8276
220 220  0.2780  0.1270 13.3759
228 220  0.0000  0.0000  0.0000
236 220  0.0000  0.0000  0.0000
244 220  0.0000  0.0000  0.0000
252 220  0.0000  0.0000  8.0190
260 220  0.2414  0.0000 11.1304
268 220 -0.1624  0.3947  9.9505
276 220  0.0000  0.0000  0.0000
284 220 -1.5000  0.0000  8.2581
292 220  0.0000  0.0000  8.2581
