VARIABLES= "X pix", "Y pix", "U pix/dt", "V pix/dt", "CHC", ZONE I=28, J=37
  4   4 -0.0211 -0.0055 10.7829
 12   4 -0.0050  0.0451 10.9362
 20   4 -0.0053 -0.0584 10.4044
 28   4 -0.0081 -0.0740 10.4230
 36   4 -0.0039 -0.0221 11.1314
 44   4  0.0000  0.0022 10.9152
 52   4 -0.0041  0.0185 10.9004
 60   4  0.0053  0.0191 10.7770
 68   4  0.0000  0.0241 10.1515
 76   4  0.0000  0.0000 10.8649
 84   4  0.0000  0.0000 10.9708
 92   4 -0.0015 -0.0275 10.5226
100   4 -0.0043 -0.0517 12.2754
108   4  0.0000  0.0000 11.7754
116   4  0.0000  0.0000 11.7754
124   4  0.0000  0.0000 11.7754
132   4 -0.0039  0.0027 11.7121
140   4  0.0000  0.0000 11.0456
148   4  0.0000  0.0000 11.7754
156   4  0.0000 -0.0504 11.9197
164   4  0.0000  0.0000 11.7754
172   4  0.0000  0.0000 11.9577
180   4  0.0000  0.0000 10.8101
188   4  0.0000  0.0000 12.8672
196   4  0.0000  0.0000 11.9483
204   4  0.0000  0.0000 11.7754
212   4  0.0000  0.0000 11.4812
220   4  0.0000  0.0000 12.2428
228   4 -0.0728 -0.0061  9.9552
236   4  0.0792  0.0395  9.9363
244   4 -0.0835  0.0024  9.0078
252   4  0.0000  0.0000 10.7394
260   4  0.0000  0.0000 10.7010
268   4  0.0000  0.0000 10.7517
276   4  0.0000  0.0000 12.6664
284   4  0.0000  0.0000 13.0803
292   4  0.0000  0.0000 12.1563
  4  12  0.0838  0.1035  7.7621
 12  12  0.0010  0.0075 10.1093
 20  12  0.0000  0.0000  9.5872
 28  12  0.0360  0.0104 11.7245
 36  12 -0.0127  0.0308 18.6102
 44  12 -0.0074  0.0234 10.3189
 52  12 -0.0412  0.0496  9.0263
 60  12  0.1021  0.1105  9.0663
 68  12 -0.0135  0.0028 12.2356
 76  12 -0.0275 -0.0006 10.9534
 84  12 -0.0533  0.0009  8.4435
 92  12 -0.0252 -0.0319  8.5783
100  12  0.0373  0.0103  8.4375
108  12  0.0057  0.0911  9.2742
116  12  0.0000  0.0000  9.5728
124  12 -0.0142 -0.0035 10.2674
132  12  0.0000  0.0000  9.6105
140  12  0.0000  0.0000 10.3892
148  12  0.0000  0.0000  9.9787
156  12  0.0000  0.0000  9.9787
164  12  0.0000  0.0000 11.1036
172  12  0.0056  0.0120 14.5010
180  12  0.0116 -0.0336 10.2835
188  12 -0.0361 -0.0114 10.2362
196  12  0.0255 -0.0050  8.4068
204  12  0.0000  0.0000 10.5078
212  12  0.0000  0.0000 16.0056
220  12  0.0000  0.0000 12.6265
228  12 -0.0699 -0.1388 10.2828
236  12  0.0000  0.0000 10.4065
244  12 -0.0432 -0.0981 11.2047
252  12 -0.1032  0.1615 13.1417
260  12  0.1029 -0.0130 10.4782
268  12  0.0000  0.0000  8.8091
276  12  0.0152 -0.0444 10.1243
284  12  0.0000  0.0000  8.0379
292  12  0.0000  0.0000  7.4117
  4  20  0.0000  0.0000 17.6002
 12  20 -0.0254  0.0089 14.8854
 20  20  0.0000  0.0000 13.3120
 28  20  0.0000 -0.0087 14.4977
 36  20  0.0074 -0.0369 14.8887
 44  20  0.0000 -0.0303 13.8865
 52  20  0.0053 -0.0447 14.9318
 60  20  0.0000  0.0383 18.0790
 68  20  0.0514  0.0060 16.6983
 76  20 -0.0209 -0.0012 16.8426
 84  20  0.0000  0.0000 15.5290
 92  20  0.0029 -0.0052 14.6925
100  20  0.0000  0.0000 11.8871
108  20 -0.0550 -0.0342  9.5879
116  20 -0.0005  0.0152 14.5430
124  20 -0.0213  0.0031 13.8144
132  20  0.0042  0.0035 14.1172
140  20  0.0000  0.0000 13.4472
148  20 -0.0117  0.0310 14.9275
156  20 -0.0033  0.0281 14.3975
164  20 -0.0017  0.0049 15.6733
172  20 -0.0027 -0.0073 12.7650
180  20 -0.0024  0.0074 17.1732
188  20 -0.0013 -0.0012 17.6306
196  20  0.0043  0.0367 17.3924
204  20  0.0000  0.0000 20.7906
212  20  0.0000 -0.0052 23.8507
220  20  0.0000  0.0000 28.5042
228  20  0.0000  0.0000  9.3134
236  20 -0.0371 -0.0282  9.1474
244  20 -0.0352 -0.0752  9.9713
252  20 -0.3392 -0.0426 14.4561
260  20 -0.0198  0.1703  9.1188
268  20  0.1049 -0.0772  9.6886
276  20  0.0205  0.0041 15.0923
284  20 -0.0851  0.0951 11.4627
292  20  0.0096  0.0091 17.2200
  4  28  0.0000  0.0000  8.8686
 12  28 -0.0014 -0.0002  9.1235
 20  28 -0.0001  0.0003  9.9685
 28  28  0.0090  0.0019  9.7864
 36  28  0.0000  0.0000 10.1358
 44  28  0.0000  0.0000 10.2008
 52  28  0.0023 -0.0054 10.0153
 60  28  0.0003  0.0139  9.8341
 68  28  0.0114  0.0035 10.4945
 76  28 -0.0008 -0.0035 10.6772
 84  28 -0.0133  0.0015  9.8826
 92  28  0.0000  0.0000  9.5506
100  28  0.0195  0.0026 11.4198
108  28 -0.0021 -0.0028 16.6623
116  28  0.0043 -0.0257  9.3792
124  28  0.0134 -0.0319 10.2260
132  28 -0.0044 -0.0104  8.9556
140  28  0.0022  0.0086  9.0263
148  28 -0.0003  0.0020  9.6273
156  28 -0.0179 -0.0137 16.4678
164  28 -0.0127  0.0140 14.4245
172  28  0.0010  0.0123 12.5082
180  28 -0.0203 -0.0230 15.3920
188  28 -0.0435 -0.0199 12.3788
196  28 -0.0082  0.0148 13.1352
204  28  0.0126  0.0015  9.2270
212  28 -0.0104  0.0019 10.0517
220  28  0.0000  0.0000 10.0979
228  28  0.0008  0.0016 10.0802
236  28  0.0086  0.0134  9.3305
244  28 -0.0003  0.0017  9.3480
252  28  0.0000  0.0000  9.9574
260  28  0.0077 -0.0201 14.4976
268  28  0.0000  0.0000 16.6142
276  28 -0.0067  0.0023 15.4372
284  28  0.0000  0.0000 28.8990
292  28  0.0108 -0.0015 15.2789
  4  36  0.0000  0.0000  7.6584
 12  36  0.0000  0.0000  7.3576
 20  36  0.0000  0.0000  6.7228
 28  36  0.0000  0.0000  6.6171
 36  36  0.0000  0.0000  6.5703
 44  36  0.0000  0.3290  5.8094
 52  36 -0.0103  0.2898  8.2768
 60  36  0.0000  0.0000 13.0803
 68  36  0.1070 -0.0320  9.7643
 76  36  0.0000  0.0000 11.5152
 84  36  0.0000  0.0000 13.0603
 92  36  0.0000  0.0000 11.7811
100  36  0.0000  0.0000  8.6536
108  36  0.0000  0.0000  9.5395
116  36  0.0000  0.0000  8.3667
124  36  0.0556  0.0193  6.5156
132  36  0.0000  0.0000 13.6170
140  36  0.0000  0.0000  8.2581
148  36  0.0701  0.0457 11.7551
156  36 -0.0005 -0.0175 11.2734
164  36  0.0133  0.0031 19.6058
172  36 -0.0274 -0.0196 13.4022
180  36  0.0000  0.0000 11.6502
188  36  0.0000  0.0000 15.3541
196  36  0.0002 -0.0098  8.4864
204  36 -0.1839 -0.1400 12.4927
212  36  0.0000  0.1309 13.3565
220  36  0.0000  0.0000 12.5085
228  36  0.0000  0.0000 15.2515
236  36  0.0000  0.0000  9.9881
244  36  0.0000  0.0000 10.8982
252  36  0.0000  0.0000  9.4208
260  36  0.0000  0.0000 13.7634
268  36 -0.0286 -0.0369  9.2958
276  36 -0.0859 -0.0735  6.5597
284  36  0.0846  0.0114  8.7254
292  36 -0.0872 -0.1154  8.7514
  4  44  0.0000  0.0000 20.7059
 12  44  0.0000  0.0000 17.6251
 20  44  0.0288  0.0453 16.8513
 28  44 -0.1567 -0.1507 14.4549
 36  44  0.0000  0.0000 12.8227
 44  44 -0.0033 -0.1355 11.2402
 52  44  0.0000  0.0000 10.4382
 60  44  0.0000  0.0000  9.0038
 68  44  0.0000  0.0000  8.8141
 76  44  0.0000  0.0000  8.5829
 84  44  0.0000  0.0000 11.1304
 92  44  0.0000  0.0000 12.0628
100  44  0.0000  0.0000  8.2581
108  44  0.0000  0.0000  0.0000
116  44  0.5000  0.0000  8.4768
124  44  0.1245  0.0626 13.9425
132  44  0.0000  0.0000  0.0000
140  44  0.0000  0.0000  0.0000
148  44  0.3271 -0.3054  9.3091
156  44  0.0000  0.0000 15.8671
164  44 -0.0153  0.0199 10.3476
172  44 -0.0150 -0.0110 10.3957
180  44 -0.0011 -0.0318  9.9531
188  44  0.0010  0.0112 14.4820
196  44 -0.0155  0.0016  8.7761
204  44  0.1646 -0.0639  8.7993
212  44  0.1174  0.0029  8.8602
220  44  0.0000  0.0000  8.9436
228  44  0.0000  0.0000  9.9062
236  44  0.0000  0.0000 12.3010
244  44 -0.0558  0.0080 10.6810
252  44  0.0000  0.0000 12.8227
260  44  0.0000  0.0000 18.8048
268  44  0.0000  0.0000 11.1304
276  44  0.0000  0.0000  8.6413
284  44 -0.1146  0.0101 17.4161
292  44  0.0417 -0.1134  7.3143
  4  52  0.0000  0.0000 10.3707
 12  52  0.0237 -0.1051  7.6884
 20  52 -0.0167 -0.0398  7.5912
 28  52  0.0000  0.0000  9.3279
 36  52  0.0000  0.0000 11.1304
 44  52  0.0000  0.0000  0.0000
 52  52  0.0000  0.0000  0.0000
 60  52  0.0000  0.0965 20.1348
 68  52  0.0000  0.0000 11.1304
 76  52  0.1841 -0.0418 12.3683
 84  52  0.0000  0.0000 11.1304
 92  52  0.0000  0.0000 12.0628
100  52  0.0000  0.0000 11.1304
108  52  0.0000  0.0000 11.1304
116  52  0.0000  0.0000 16.1088
124  52  0.0000  0.5000  8.0688
132  52  0.0000  0.0000  0.0000
140  52  0.0000  0.0000  0.0000
148  52  0.0000  0.0000  0.0000
156  52 -0.0024 -0.0021 11.2162
164  52  0.0006  0.0032 25.8333
172  52  0.0007  0.0021 11.7110
180  52  0.0027  0.0008 13.8726
188  52  0.0095  0.0042 17.9387
196  52  0.0000  0.0000  7.9976
204  52  0.0544  0.0000  9.8359
212  52  0.0000  0.0000 12.0628
220  52  0.0981 -0.3266 14.1673
228  52  0.0000  0.0000 15.5009
236  52  0.0000  0.0000 19.2688
244  52  0.0523  0.1416  7.7642
252  52  0.1366  0.0179 13.5229
260  52  0.0000  0.0000  9.4762
268  52  0.0000  0.0000  8.4985
276  52  0.0000  0.0000  8.9703
284  52  0.0000  0.0000 10.9824
292  52  0.0000  0.0000  9.9881
  4  60  0.0000  0.0000 16.1088
 12  60  0.0000  0.0000 16.1088
 20  60  0.0000  0.0000 11.1304
 28  60  0.0000  0.0000  0.0000
 36  60  0.0000  0.0000  0.0000
 44  60 -0.3127 -0.1061  9.8739
 52  60  0.0000  0.0000 11.1304
 60  60  0.0000  0.0000 11.1304
 68  60  0.0000  0.0000  0.0000
 76  60  0.0000  0.0000 11.1304
 84  60  0.0000  0.0000 11.1304
 92  60  0.0000 -0.5000 12.0628
100  60  0.0417 -0.1134  7.3143
108  60  0.0913  0.2044 18.7317
116  60  0.0000  0.0000  0.0000
124  60 -0.3309  0.0637  7.1846
132  60  0.0000  0.0000  0.0000
140  60  0.0000  0.0000 13.5576
148  60 -0.0064 -0.0004  7.2017
156  60  0.0000  0.0000 14.2396
164  60  0.0057 -0.0018 14.8847
172  60 -0.0008 -0.0047 11.9970
180  60  0.0004 -0.0024 11.7697
188  60  0.0000  0.0000 16.3325
196  60 -0.0315 -0.0085  6.4978
204  60  0.0000  0.0000 12.2502
212  60 -0.0248 -0.0297 13.4174
220  60 -0.0070  0.1846 11.5091
228  60  0.0000  0.0000  9.4208
236  60  0.0000  0.0000  6.8970
244  60 -0.0316  0.1749  8.6916
252  60  0.0000  0.0000  8.7453
260  60 -0.0409 -0.0202 10.5520
268  60 -0.1422  0.0049 12.3023
276  60 -0.0372 -0.3093 12.3083
284  60 -0.0080  0.1524 15.2409
292  60 -0.1956  0.2498  6.6207
  4  68  0.0000  0.0000 11.1304
 12  68  0.0000  0.0000 11.1304
 20  68  0.0000  0.0000  0.0000
 28  68  0.0000  0.0000  0.0000
 36  68  0.0000  0.0000  0.0000
 44  68  0.0000  0.0000 11.1304
 52  68 -0.1142 -0.1142 10.6035
 60  68  2.5000  0.0000  8.8276
 68  68 -0.0417 -0.1134  7.3143
 76  68  0.0000  0.0000 20.7059
 84  68  0.3275  0.0000 15.9762
 92  68  0.0000  0.0000 16.6956
100  68  0.0000  0.0000  8.2581
108  68  0.0000  0.0000 16.2126
116  68  0.0360  0.1854 12.6331
124  68  0.1785  0.0000 12.6604
132  68  0.0000  0.0000  0.0000
140  68  0.0000  0.0000 11.1304
148  68 -0.1378  0.0087 16.8068
156  68  0.0000  0.0000  8.6413
164  68  0.0000  0.0000  9.8917
172  68  0.0000  0.0000 18.4154
180  68  0.0000  0.0000 13.6629
188  68  0.0000  0.0000 10.9776
196  68  0.0000  0.0000 10.0153
204  68  0.0000  0.0000 11.1304
212  68  0.0000  0.0000  0.0000
220  68  0.0000  0.0000  0.0000
228  68  0.0000  0.0000  0.0000
236  68  0.0000  0.0000  0.0000
244  68  0.0000  0.0000  0.0000
252  68  0.0000  0.0000 11.1304
260  68  4.5000  2.5000  4.0635
268  68  0.0000  0.0000  7.8087
276  68  0.0000  0.0000 11.0903
284  68 -0.2188  0.0146  8.3817
292  68  0.1100 -0.0698  9.5067
  4  76  0.0000  0.0000  0.0000
 12  76  0.0000  0.0000  0.0000
 20  76  0.0000  0.0000  0.0000
 28  76  0.0000  0.0000  0.0000
 36  76  0.0000  0.0000 11.1304
 44  76  0.0364  0.2387 11.3832
 52  76  0.9244  0.9401  7.0743
 60  76 -0.5000  0.0000  8.8276
 68  76  0.0700 -0.1626 12.3871
 76  76  0.1178  0.0033  9.6911
 84  76  0.0000  0.0000 13.1415
 92  76  0.1041 -0.7163 14.4870
100  76  0.0000  0.0000 13.3565
108  76  0.1344 -0.0111 14.6286
116  76  0.0000  0.0000 11.1304
124  76  0.0000  0.0000 12.0628
132  76  0.0000  0.0000 19.4783
140  76  0.0000  0.0000 12.0628
148  76  0.3447 -0.0643 12.4063
156  76  0.0000  0.0000 11.8583
164  76  0.0000  0.0000 16.1088
172  76  0.0000  0.0000  0.0000
180  76  0.0000  0.0000  0.0000
188  76  0.0000  0.0000 16.6956
196  76  0.0000  0.0000  9.4208
204  76  0.0000  0.0000 12.0628
212  76 -0.3468  2.5000 10.2045
220  76  0.0000  0.0000 11.1304
228  76  0.0000  0.0000 11.1304
236  76  0.0000  0.0000 11.1304
244  76  2.5000  0.0000  8.8276
252  76 -0.3290 -2.8274  8.0000
260  76  0.0000  0.0000 11.1304
268  76  0.0000  0.0000 11.1304
276  76  0.0000  0.0000  0.0000
284  76  0.0000  0.0000 16.1088
292  76  0.5000  0.0000 11.1304
  4  84  0.0000  0.0000  0.0000
 12  84  0.0000  0.0000  0.0000
 20  84  0.0000  0.0000  0.0000
 28  84  0.0000  0.0000 16.1088
 36  84  0.0000  0.0000 11.8583
 44  84  0.0000  0.0000 13.7544
 52  84  0.2414  0.0000 11.1304
 60  84 -0.0221  0.1662 16.5930
 68  84  0.0000  0.2362 11.9773
 76  84  0.1225 -0.0755  6.7671
 84  84 -0.0041 -0.0052 11.4883
 92  84  0.1932 -0.0329 10.0974
100  84  0.0000  0.0000 12.0628
108  84  0.0000  0.1408 10.0728
116  84  0.2828  0.0243 12.1187
124  84  0.0000  0.0000 16.1088
132  84  2.5000  0.0000  8.8276
140  84  0.0000  0.0000 16.1088
148  84 -0.0279 -0.0785 14.8866
156  84 -1.3070  0.0337 12.4709
164  84  0.0000  0.0000 11.1304
172  84  0.0000  0.0000  0.0000
180  84  0.0000  0.0000  0.0000
188  84  0.0000  0.0000  0.0000
196  84  0.0000  0.0000 19.4783
204  84  0.0000  0.0000  0.0000
212  84  0.0000  0.0000 19.5669
220  84  0.0000  0.0000 13.5576
228  84  0.0000  0.0000  0.0000
236  84  0.0000  0.0000  0.0000
244  84  0.0000  0.0000  0.0000
252  84  0.0000  0.0000  0.0000
260  84  0.0000  0.0000 11.1304
268  84  0.0000  0.0000  0.0000
276  84  0.0000  0.0000  0.0000
284  84  0.0000  0.0000 11.1304
292  84 -0.1401 -0.2399 12.1506
  4  92  0.0000  0.0000  9.9341
 12  92  0.0000  0.0000 10.4446
 20  92  0.0000  0.0000 10.1417
 28  92  0.0000  0.0000 12.0628
 36  92  0.0000  0.0000 11.1304
 44  92  0.0000  0.0000 20.1250
 52  92 -0.1254 -0.0326  9.4606
 60  92  0.0000  0.0000 17.0667
 68  92  0.0000  0.0000 16.1088
 76  92  0.0109  0.9254  8.2774
 84  92  0.0000 -0.2662  6.7780
 92  92  2.8274 -0.3035  7.6077
100  92  0.0000  0.0000 11.1304
108  92  0.0000  0.0000 16.1088
116  92 -1.0000  0.0000  9.2850
124  92  0.0000  0.0000  0.0000
132  92  0.0000  0.0000  0.0000
140  92  0.0000  0.0000 16.1088
148  92  0.0000  0.0000 12.0455
156  92  0.0000  0.0000  8.2581
164  92  0.0000  0.0000 11.1304
172  92  0.0000  0.0000 11.1304
180  92  0.0000  0.0000 13.5576
188  92  0.0000  0.0000 11.1304
196  92  0.0000  0.0000  0.0000
204  92  0.0000  0.0000  0.0000
212  92  0.0000  0.0000  0.0000
220  92  0.0000  0.0000 11.1304
228  92  0.0000  0.0000 17.0667
236  92  0.0000 -0.5000  8.8276
244  92  0.0000  0.0000 11.1304
252  92  0.0000  0.0000  0.0000
260  92  0.0000  0.0000  0.0000
268  92  0.0000  0.0000  0.0000
276  92  0.0000  0.0000 16.1088
284  92 -0.1960 -0.5000 11.1304
292  92  0.1174  4.1710 14.6131
  4 100 -0.0762 -0.0239 14.1946
 12 100  0.0000  0.0000  8.3399
 20 100  0.0000  0.0000  8.0688
 28 100  0.0000  0.0000  0.0000
 36 100  0.0000  0.0000 16.1088
 44 100  0.0000  0.0000 22.2609
 52 100  0.0000  0.0000  9.0014
 60 100  0.0000  0.0000  9.0813
 68 100  2.5000  0.1588 10.5785
 76 100  0.0000  0.0000 16.2126
 84 100  0.1753 -0.3342 12.5432
 92 100  0.0000  0.0000  0.0000
100 100  0.0000 -0.1960 11.1304
108 100  0.0000  0.0000 19.4783
116 100  0.0000  0.0000  0.0000
124 100  0.0000  0.0000 16.1088
132 100  0.1841 -0.0418 12.3683
140 100  0.0000  0.0000 16.1088
148 100  0.0000  0.0000 10.1191
156 100  0.0000  0.0000 13.5576
164 100  0.0000  0.0000 19.1045
172 100  0.0000  0.0000 11.1304
180 100  1.0747 -0.6869 11.1304
188 100  0.0000  0.0000 22.2609
196 100  0.0000  0.0000  0.0000
204 100  0.0000  0.0000  0.0000
212 100 -0.0973 -0.1439 10.5822
220 100  0.0000  0.0000  0.0000
228 100 -0.1151  0.1151 16.5161
236 100  2.6601  0.6689  8.0457
244 100  0.2484  0.3292  9.7215
252 100  0.0000  0.0000  0.0000
260 100  0.0000  0.0000 11.1304
268 100  0.0000  0.0000 11.1304
276 100  0.0000  0.0000 11.1304
284 100  0.0000  0.0000  0.0000
292 100  0.0000  0.0000 11.1304
  4 108 -0.2117  1.1735 13.4737
 12 108  0.0000  0.0000 11.1304
 20 108  0.0000  0.0000 16.1088
 28 108  0.0000  0.0000 12.0628
 36 108  0.0000  0.0000 16.1088
 44 108  0.0000  0.0000 10.6167
 52 108  0.0000  0.0000 10.7436
 60 108  0.0000  0.0000 11.8583
 68 108  0.0000  0.0000 22.2609
 76 108  0.0000 -0.2730 10.6474
 84 108  0.0000  0.0000 17.0667
 92 108  0.0000  0.0000 12.0628
100 108 -1.3066  1.0000  8.5333
108 108 -0.2917  0.0000 11.1304
116 108  2.5000  0.0000  8.8276
124 108  0.0000  0.0000 11.1304
132 108  0.0000  0.0000 11.1304
140 108  0.0000  0.0000 16.1088
148 108  0.0000  0.0000  9.2850
156 108 -0.1174  4.1710 14.6131
164 108  0.5000  0.0000 11.1304
172 108  0.0000  0.0000 11.1304
180 108  0.0000  0.0000  0.0000
188 108  0.0000  0.0000  0.0000
196 108  0.0000  0.0000  0.0000
204 108  0.0000  0.0000  0.0000
212 108  0.0000  0.0000  0.0000
220 108  0.0000  0.0000  0.0000
228 108  0.0000  0.0000 11.1304
236 108  2.5000  0.0000  8.8276
244 108  0.0000  0.0000  0.0000
252 108  0.0000  0.0000 11.1304
260 108  0.0000  0.0000  0.0000
268 108  0.0000  0.0000  0.0000
276 108  0.0000  0.0000  0.0000
284 108  0.0000  0.0000  0.0000
292 108  0.0000  0.0000 11.1304
  4 116  0.0000  0.0000 16.5009
 12 116 -0.0354 -0.0223 11.3736
 20 116 -0.1824  0.6476  8.1940
 28 116  0.0000  0.0000 11.9011
 36 116  0.0000  0.0000 20.7059
 44 116  0.0000  0.0000 20.7059
 52 116  0.0000  0.0000  9.5632
 60 116  0.0000  0.0000 11.3350
 68 116 -1.1761 -1.6671  7.5124
 76 116 -0.0610  1.0000  8.9210
 84 116  0.0000  0.0000 11.1304
 92 116  0.0000  0.0000 11.1304
100 116  0.0000  0.0000 11.1304
108 116  0.0000  0.0000 17.2183
116 116  0.0000  0.0000 16.1088
124 116  0.0000  0.0000 11.1304
132 116  2.5000 -0.1180  9.2850
140 116  0.0000  0.0000 16.1088
148 116  0.0000  0.0000  0.0000
156 116  0.0000  0.0000 16.1088
164 116  0.0000  0.0000 16.1088
172 116 -1.3070  0.0337 12.4709
180 116  0.0000  0.0000 11.1304
188 116  0.1151  0.1151 16.5161
196 116  0.0000  0.0000 19.4783
204 116  0.0000  0.0000  0.0000
212 116  0.0000  0.0000  0.0000
220 116  0.0000  0.0000  0.0000
228 116  0.0000  0.0000  0.0000
236 116  0.0000  0.0000 11.1304
244 116  0.0000  0.0000  0.0000
252 116  0.0000  0.0000  0.0000
260 116  0.3309  0.0637  7.1846
268 116  0.0000  0.0000 11.1304
276 116  0.0000  0.0000 11.1304
284 116  0.0000  2.5000  8.8276
292 116  0.2780  0.1270 13.3759
  4 124  0.0000  0.0000  8.3718
 12 124  2.5000 -0.1588 10.5785
 20 124 -0.3101  0.0275 10.5124
 28 124  0.0000  0.0000  0.0000
 36 124  0.0000  0.0000  0.0000
 44 124  0.0000  0.0000  0.0000
 52 124  0.0000  0.0000  0.0000
 60 124  0.0000  0.0000 11.1304
 68 124  0.0000  0.0000  0.0000
 76 124  0.0000  0.0000  5.4468
 84 124  0.0000  0.0000 16.6161
 92 124 -0.5000  0.1159 13.1064
100 124  0.0000  0.0000 19.1045
108 124  0.5000  0.0000  8.4768
116 124 -0.1535 -0.0643 13.8667
124 124  0.1180  2.5000  9.2850
132 124  0.0000  0.0000  0.0000
140 124  0.0000  0.0000  0.0000
148 124  0.0000  0.0000  0.0000
156 124  0.0000  0.0000  0.0000
164 124  0.0000  0.0000 11.1304
172 124  0.0000  0.0000  8.8276
180 124  0.0000  0.0000 11.1304
188 124  0.0000  0.0000 20.7059
196 124  0.1151  0.1151 16.5161
204 124  0.0000  0.0000  0.0000
212 124  0.0000  0.0000  0.0000
220 124  0.0000  0.0000  0.0000
228 124  0.0000  0.0000  0.0000
236 124  0.0000  0.0000  0.0000
244 124  0.0000  0.0000 11.1304
252 124  0.0000  0.0000 11.1304
260 124  0.0000  0.0000 11.1304
268 124  0.0000  0.0000 11.1304
276 124  0.1898 -0.0214  7.7511
284 124  0.0000  0.0000 10.1676
292 124 -0.1894  0.0865 14.5254
  4 132  0.0187 -0.1924 11.5779
 12 132  0.0000  0.0000 20.7059
 20 132  0.0000  0.0000 16.1088
 28 132  0.0000  0.0000  0.0000
 36 132  0.0000  0.0000  0.0000
 44 132  0.0000  0.0000  0.0000
 52 132  0.0000  0.0000 16.1088
 60 132  0.0000 -0.1960 11.1304
 68 132  0.0000  0.0000 16.1088
 76 132 -0.0575 -0.1219 11.1304
 84 132  0.0000  0.0000 11.1304
 92 132  0.0000  0.0000 12.5902
100 132  0.0000  0.0000 11.1304
108 132  0.0000  0.0000 11.1304
116 132 -0.1088 -0.1876 13.0169
124 132  0.0208  0.0797 17.5452
132 132  0.0000  0.0000 16.1088
140 132  0.1960  2.5000 11.1304
148 132  0.0000  0.0000  0.0000
156 132  0.0000  0.0000  0.0000
164 132  0.0000  0.0000 11.1304
172 132  0.2571  0.1311  7.2040
180 132  0.0000  0.0000 13.0803
188 132  0.0000  0.0000  0.0000
196 132  0.0000  2.5000  8.8276
204 132  0.0000 -0.1151  9.2086
212 132 -0.5000 -0.1588 10.5785
220 132  0.0000  0.0000  0.0000
228 132  0.0000  0.0000  0.0000
236 132  0.0000  0.0000  0.0000
244 132  0.0000  0.0000  0.0000
252 132  0.0000  0.0000  0.0000
260 132  0.0000  0.0000  0.0000
268 132  0.0000  0.0000  0.0000
276 132  0.0000  0.0000 13.1641
284 132  0.0000  0.0000 18.1858
292 132  0.0000 -0.0847 14.7886
  4 140  0.0677 -0.2414 11.7124
 12 140  0.0000  0.0000 16.1088
 20 140  0.0000  2.5000  8.8276
 28 140  0.0000  0.0000 16.1088
 36 140  0.0000  0.0000 11.1304
 44 140  0.0000  0.0000  0.0000
 52 140  0.0000  0.0000  0.0000
 60 140  0.1538 -0.4196 12.3286
 68 140  0.0000  0.0000 13.5576
 76 140 -0.2780  0.1270 13.3759
 84 140 -0.5000  0.1588 10.5785
 92 140  0.0000  0.0000 16.1088
100 140  0.0000  0.0000 16.1088
108 140  0.1258 -0.2366 13.9760
116 140  0.0698  0.2911 10.5124
124 140     NaN     NaN  5.4468
132 140  0.0000  0.0000  8.4768
140 140  0.0000  0.0000 11.1304
148 140  0.0000  0.0000  0.0000
156 140  0.0000  0.0000  0.0000
164 140 -0.2072 -0.5000  8.6972
172 140  0.2259  0.3414 14.2606
180 140  0.0391  2.5000  9.3822
188 140  0.0000  0.0000  0.0000
196 140  0.0000  0.0000 16.1088
204 140 -0.5000  0.0000 11.1304
212 140  0.0000  0.0000 11.1304
220 140  0.0000  0.0000  0.0000
228 140  0.0000  0.0000  0.0000
236 140  0.0000  0.0000  0.0000
244 140  0.0000  0.0000 11.1304
252 140  0.0000  0.0000 11.1304
260 140  0.0000  0.0000  0.0000
268 140  0.0000  0.0000  0.0000
276 140  0.0000  0.0000  0.0000
284 140  0.0000  0.0000 11.1304
292 140 -0.0712 -2.0000 12.8136
  4 148  0.3732  0.3694 10.3318
 12 148  0.1556  0.0000 12.2969
 20 148  0.0000 -0.5000  8.8276
 28 148  0.0000  0.0000  0.0000
 36 148  0.0000  0.0000  0.0000
 44 148  0.0000  0.0000 11.1304
 52 148  0.0000  0.0000 11.1304
 60 148  0.0000  0.0000 11.1304
 68 148  0.0000  0.0000  0.0000
 76 148  0.0000  0.0000  0.0000
 84 148  0.0000  0.0000  0.0000
 92 148  0.0000  0.0000  0.0000
100 148  0.0000  0.0000 11.1304
108 148  0.0000  2.5000  8.9154
116 148 -0.5000  0.2012  9.9121
124 148  0.0000  0.0000 11.1304
132 148  0.0000  0.0000 11.1304
140 148  0.0000  0.0000 16.1088
148 148  0.0000  0.0000 11.1304
156 148  0.0000  0.0000 11.4743
164 148  0.0000  0.0000 12.0455
172 148  0.0000  0.0000 13.5576
180 148  0.0000  0.0000 11.1304
188 148  0.0000  0.0000  0.0000
196 148  0.0000  0.0000  0.0000
204 148  0.0000  0.0000 11.1304
212 148  0.0000  0.0000  0.0000
220 148  0.0000  0.0000  0.0000
228 148  0.0000  0.0000  0.0000
236 148  0.0000  0.0000  0.0000
244 148  0.0000  0.0000  0.0000
252 148  0.0000  0.0000  0.0000
260 148  0.0000  0.0000  0.0000
268 148  0.0000  0.0000  0.0000
276 148  0.0000  0.0000  0.0000
284 148  0.0000  0.0000  0.0000
292 148  0.1930  0.1867 15.3090
  4 156  0.0000  0.0000 19.1045
 12 156 -0.1960  0.0000 11.1304
 20 156  0.0000  0.0000 11.1304
 28 156  0.0000  0.0000  0.0000
 36 156  0.0000  0.0000  0.0000
 44 156  0.0000  0.0000 16.1088
 52 156  0.0000  0.0000 11.1304
 60 156  0.0000  0.0000  0.0000
 68 156  0.0000  0.0000  0.0000
 76 156  0.0000  0.0000  0.0000
 84 156  0.0000  0.0000 11.1304
 92 156  0.0000  0.0000  0.0000
100 156  0.0000  0.0000 12.0455
108 156  0.0238 -0.1301  9.4599
116 156  0.2149  0.0057  9.7459
124 156  0.0000  0.0000  0.0000
132 156  0.0000  0.0000  0.0000
140 156  0.0000  0.0000  0.0000
148 156  0.0000  0.0000 11.1304
156 156  0.0000  0.0000 11.1304
164 156 -0.3133  0.7944  9.3155
172 156  0.0776 -0.3496  7.4033
180 156  0.0000  0.0000  0.0000
188 156  0.0000  0.0000  0.0000
196 156  0.0000  0.0000 11.1304
204 156  0.0000 -1.7251  8.5018
212 156 -0.2780  0.1270 13.3759
220 156  0.0000  0.0000 11.1304
228 156  0.0000  0.0000  0.0000
236 156  0.0000  0.0000 11.1304
244 156  0.0000  0.0000 11.1304
252 156  0.0000  0.0000 11.1304
260 156  0.0000  0.0000 12.0628
268 156  0.0000  0.0000 11.1304
276 156  0.0000  0.0000 11.1304
284 156  0.0000  0.0000  8.0000
292 156  0.0000  0.0000 11.9011
  4 164 -1.3070 -0.0337 12.4709
 12 164  0.0000  0.0000  0.0000
 20 164  0.0000  0.0000 11.1304
 28 164  0.0000  0.0000  0.0000
 36 164  0.0000  0.0000  0.0000
 44 164  0.0000  0.0000 12.0455
 52 164  0.0000  0.0000  0.0000
 60 164  0.0000  0.0000  0.0000
 68 164  0.0000  0.0000  0.0000
 76 164  0.0000  0.0000  0.0000
 84 164  0.0000  0.0000  0.0000
 92 164  0.0000  0.0000 11.1304
100 164  0.1596  0.0247 12.9529
108 164 -0.0040  0.1858 12.1650
116 164  0.0000  0.0000  9.2850
124 164  0.0000  0.0000  0.0000
132 164  0.0000  0.0000 11.1304
140 164  0.0000  0.0000  0.0000
148 164  0.0000  0.0000 16.1088
156 164  0.0000  0.0000  0.0000
164 164  0.0698  0.2911 10.5124
172 164  0.0000  0.0000  0.0000
180 164  0.0000  0.0000 11.1304
188 164  0.0000  0.0000  0.0000
196 164  0.0000  0.0000  0.0000
204 164  0.0000  0.0000  0.0000
212 164  0.0000  0.0000  0.0000
220 164  0.0000  0.0000 11.1304
228 164  0.0000  0.0000 11.1304
236 164  0.0000  0.0000  0.0000
244 164  0.0000  0.0000  0.0000
252 164  0.0000  0.0000  0.0000
260 164  0.0000  0.0000  0.0000
268 164  0.0000  0.0000  0.0000
276 164  0.0000  0.0000  0.0000
284 164  0.0000  2.5000  8.8276
292 164  0.0000  0.0000  0.0000
  4 172  0.2780 -0.1270 13.3759
 12 172  0.1548  0.5000 10.8245
 20 172  0.0000  0.0000 11.1304
 28 172  0.0000  0.0000 11.1304
 36 172  0.3577  0.0000 13.4737
 44 172  0.0000  0.0000  8.2581
 52 172  0.0000  0.0000  0.0000
 60 172  0.0000  0.0000  0.0000
 68 172  0.0000  0.0000  0.0000
 76 172  0.0000  0.0000  0.0000
 84 172  0.0000  0.0000 13.5576
 92 172  0.0000  0.0000  0.0000
100 172  0.0967 -0.1865 14.1102
108 172  0.0207 -0.1093 11.2192
116 172  0.0000  0.0000  0.0000
124 172     NaN     NaN  5.4468
132 172  0.0000  0.0000 11.1304
140 172  0.0000  0.0000  0.0000
148 172  0.0000  0.0000 11.1304
156 172  0.0000  0.0000  0.0000
164 172  0.0000  0.0000 16.1088
172 172 -0.1008  0.0843 14.9901
180 172  0.0000  0.0000  0.0000
188 172  0.0000  0.0000  0.0000
196 172  0.0000  0.0000  0.0000
204 172  0.0000  0.0000  8.4768
212 172  0.0000  0.0000 11.1304
220 172  0.0000  0.0000  0.0000
228 172  0.3468  2.5000 10.2045
236 172  0.0000  0.0000  0.0000
244 172  0.0000  0.0000 16.1088
252 172  0.0000  0.0000  0.0000
260 172  0.0000  0.0000  0.0000
268 172  0.0000  0.0000  0.0000
276 172  0.0000  0.0000  0.0000
284 172  0.0000  0.0000  0.0000
292 172  0.0000  0.0000 11.1304
  4 180  0.0000  0.0000 11.1304
 12 180  0.0000  0.0000 11.9011
 20 180  0.0000  0.0000  0.0000
 28 180  0.0000  0.0000  0.0000
 36 180  0.0900 -0.0178  9.0377
 44 180  0.0000  0.0000 11.1304
 52 180  0.0000  0.0000  0.0000
 60 180  0.0000  0.0000  0.0000
 68 180  0.0000  0.0000  0.0000
 76 180  0.0000  0.0000  0.0000
 84 180  0.0000  0.0000 11.1304
 92 180  0.0000  0.0000 11.1304
100 180 -0.0186  0.1647 18.7933
108 180  0.3078  0.1021  7.6998
116 180  0.0000  0.0000  0.0000
124 180  0.0000  0.0000 16.1088
132 180  0.1063  0.0000  6.9728
140 180  0.0000  0.0000  0.0000
148 180  0.0000 -0.5000  8.8276
156 180  0.0000  0.0000  0.0000
164 180  0.0000  0.0000 11.1304
172 180  0.0000  0.0000 11.1304
180 180  0.0000  0.0000  0.0000
188 180  0.0000  0.0000  0.0000
196 180  0.0000  0.0000  0.0000
204 180  0.0000  0.0000  0.0000
212 180  0.0000  0.0000  0.0000
220 180  0.0000  0.0000 11.1304
228 180  0.0000  0.0000 11.1304
236 180  0.1960 -0.5000 11.1304
244 180  2.5000  0.0000  8.8276
252 180  0.0000  0.0000  0.0000
260 180  0.0000  0.0000  0.0000
268 180  0.0000  0.0000  0.0000
276 180  0.5000  0.0000  8.4768
284 180  0.0000  0.0000  0.0000
292 180  0.0000  0.0000  0.0000
  4 188 -0.2907  0.0403 10.5761
 12 188  0.0000  0.0000  9.4208
 20 188  0.0257  0.1295  9.5278
 28 188  0.0000  0.0000 12.0628
 36 188  1.5000  0.0000  8.2581
 44 188  0.0000  0.0000 11.1304
 52 188  0.0000  0.0000  0.0000
 60 188  0.0000  0.0000  0.0000
 68 188  0.0000  0.0000  0.0000
 76 188  0.0000  0.0000  0.0000
 84 188  0.0000  0.0000  0.0000
 92 188  0.0000  0.0000  0.0000
100 188 -0.3035 -0.1830  8.0000
108 188  0.0000  0.0000  0.0000
116 188  0.0000  0.0000 11.1304
124 188  0.0000  0.0000 11.1304
132 188  0.0000  0.0000 11.1304
140 188  0.0000  0.0000  0.0000
148 188  0.0000  0.0000 11.1304
156 188  0.0000  2.5000  8.8276
164 188  1.5000  0.0000  8.2581
172 188  0.0000  0.0000 12.0455
180 188  0.0000  0.0000  0.0000
188 188  0.0000  0.0000  0.0000
196 188  0.0000  0.0000 11.1304
204 188  0.0000  0.0000  0.0000
212 188  0.0000  0.0000  0.0000
220 188  0.0000  0.0000  0.0000
228 188  0.0000 -0.5000  8.8276
236 188  0.0000  0.0000  0.0000
244 188  0.0000  0.0000  0.0000
252 188  0.0000  0.0000  0.0000
260 188  0.0000  0.0000  0.0000
268 188  0.0000  0.0000  0.0000
276 188  0.0000  0.0000  0.0000
284 188  0.0000 -0.5000  8.8276
292 188  0.0000  0.0000  0.0000
  4 196  0.0000  0.0000 11.1304
 12 196  0.0000  0.0000  0.0000
 20 196 -0.2021  0.2860 10.7438
 28 196 -0.4681  0.0000  9.5738
 36 196  0.0000  0.0000 16.1088
 44 196  0.0000  0.0000  0.0000
 52 196  0.0000  0.0000  0.0000
 60 196  0.0000  0.0000  0.0000
 68 196  0.0000  0.0000 11.1304
 76 196  0.0000  0.0000  0.0000
 84 196  0.0000  0.0000 11.1304
 92 196  0.0000  0.0000  0.0000
100 196  0.0000  0.0000 11.1304
108 196  0.0000  0.0000  0.0000
116 196  0.0000  0.0000 11.1304
124 196  0.0000 -0.5000  8.8276
132 196 -1.5000  0.0000  8.2581
140 196  0.0000  0.0000  0.0000
148 196  0.0000  0.0000  0.0000
156 196  0.0000  0.0000  0.0000
164 196  0.0000  0.0000 11.1304
172 196  0.0000  0.0000 11.1304
180 196  0.0000  0.0000 19.1045
188 196  0.0000  0.0000  0.0000
196 196  0.0000  0.0000  0.0000
204 196  0.0000  0.0000 11.1304
212 196  0.0000  0.0000  0.0000
220 196  0.0000  0.0000  0.0000
228 196  0.0000  0.0000 16.1088
236 196  0.0000  0.0000 11.1304
244 196  0.0000  0.0000 16.1088
252 196  0.0000  0.0000  0.0000
260 196  0.0000  0.0000  0.0000
268 196  0.0000  0.0000  0.0000
276 196  0.0000  0.0000  0.0000
284 196  0.0000  0.0000 11.1304
292 196  0.0000  0.0000  8.0000
  4 204  0.0000  0.0000  0.0000
 12 204  0.0000  0.0000 16.1088
 20 204  0.0000  0.0000 12.0455
 28 204 -0.3476 -0.2927  7.3438
 36 204  0.0000  0.0000  0.0000
 44 204  0.0000  0.0000  0.0000
 52 204  0.0000  0.0000  0.0000
 60 204  0.0000  0.0000  0.0000
 68 204  0.0000  0.0000  0.0000
 76 204  0.0000  0.0000  0.0000
 84 204  0.0000  0.0000 11.1304
 92 204  0.0000  0.0000  0.0000
100 204  0.0000  0.0000 11.1304
108 204  0.0000  0.0000  0.0000
116 204  0.0000  0.0000  0.0000
124 204  0.0000  0.0000  0.0000
132 204  0.0000  0.0000  0.0000
140 204  0.0000  0.0000 11.1304
148 204  0.0000  0.0000  0.0000
156 204  0.0000  0.0000 11.1304
164 204  0.0000 -0.5000  8.8276
172 204  0.0000  0.0000 11.1304
180 204  0.0000  0.0000  0.0000
188 204 -0.5000  0.0000 11.1304
196 204  2.5000  0.0000  8.8276
204 204  0.0000  0.0000  0.0000
212 204 -0.5000  0.0000  8.8276
220 204  0.0000  0.0000  0.0000
228 204  0.0000  0.0000 17.0667
236 204  0.0000  0.0000  0.0000
244 204  0.0000  0.0000  0.0000
252 204  0.0000  0.0000 19.1045
260 204  0.0000  0.0000  0.0000
268 204  0.0000  0.0000 11.1304
276 204  0.0000  0.0000  0.0000
284 204  0.0000  0.0000  0.0000
292 204 -0.2021  0.2860 10.7438
  4 212  0.0000  0.0000 11.1304
 12 212  0.0000  0.0000 16.1088
 20 212  0.1800 -0.0532  9.7244
 28 212  0.0000  0.0000 11.1304
 36 212  0.0000  0.0000  0.0000
 44 212  0.0000  0.0000 11.1304
 52 212  0.0000  0.0000  0.0000
 60 212  0.0000  0.0000 11.1304
 68 212  0.0000  0.0000 11.1304
 76 212  0.0000  0.0000 11.1304
 84 212  0.0000  0.0000 16.1088
 92 212  0.0000  0.0000 16.1088
100 212  0.0000  0.0000 11.1304
108 212  0.0000  0.0000  0.0000
116 212  0.0000  0.0000  0.0000
124 212  0.0000 -0.5000  8.9154
132 212  0.0000  0.0000  8.8276
140 212  0.0000  0.0000  0.0000
148 212  0.0000  0.0000  0.0000
156 212  0.0000  0.0000 11.1304
164 212  0.0000  0.0000 11.1304
172 212  0.0000  0.0000  0.0000
180 212  0.0000 -0.5000  8.8276
188 212  0.3468 -0.5000 10.2045
196 212  0.0000  0.0000  0.0000
204 212  0.0000  0.0000  0.0000
212 212  0.0000  0.0000  0.0000
220 212  0.0000  0.0000 11.1304
228 212  0.0000  0.0000  0.0000
236 212  0.0000  0.0000 11.1304
244 212  0.0000  0.0000 16.1088
252 212  0.0000  0.0000 19.1045
260 212  0.0000  0.0000  0.0000
268 212  0.0000  0.0000  0.0000
276 212  0.0000  0.0000  0.0000
284 212  0.0000  0.0000 11.1304
292 212  0.3577 -0.5000 13.4737
  4 220  0.0000  0.0000 12.0628
 12 220  0.0000  0.0000 11.1304
 20 220  2.5000  0.0000  8.8276
 28 220 -1.3070  0.0337 12.4709
 36 220  0.0000 -2.5000  8.2581
 44 220  0.0000  0.0000 11.1304
 52 220  0.0000  0.0000  0.0000
 60 220  0.0000  0.0000 16.1088
 68 220  0.0000  0.0000 11.1304
 76 220  0.0000  0.0000  0.0000
 84 220  0.0000  0.0000 16.1088
 92 220 -0.0418  0.1521 12.6567
100 220  0.0000  0.0000 11.1304
108 220  0.0000  0.0000  0.0000
116 220 -0.5000  4.5000  4.0635
124 220     NaN  0.0000 17.0667
132 220  1.5000  2.5000  8.2581
140 220  0.0000  0.0000  0.0000
148 220  0.0000  0.0000  0.0000
156 220  0.0000  0.0000 11.1304
164 220  0.0000  0.0000  0.0000
172 220  0.0000  0.0000  0.0000
180 220  0.0000  0.0000 16.1088
188 220  0.0000  0.0000  0.0000
196 220 -1.2596 -0.3479  7.1968
204 220  0.0000  0.0000  0.0000
212 220  0.0000  0.0000  0.0000
220 220  0.0000  0.0000  0.0000
228 220  0.0000  0.0000  0.0000
236 220  0.0000  0.0000  0.0000
244 220  0.0000  0.0000  0.0000
252 220  0.0000  0.0000 12.0628
260 220  0.0000 -0.5000  8.8276
268 220  0.0000  0.0000 11.1304
276 220  0.0000  0.0000  0.0000
284 220  0.0000  0.0000 11.1304
292 220  0.0000  0.0000 11.1304
