VARIABLES= "X pix", "Y pix", "U pix/dt", "V pix/dt", "CHC", ZONE I=28, J=37
  4   4  0.0000 -0.0130 10.7305
 12   4 -0.0010 -0.0030 10.8025
 20   4  0.0000 -0.0190 10.8865
 28   4 -0.0069  0.0019 10.8664
 36   4  0.0064 -0.0650 10.3700
 44   4  0.0068 -0.0723 10.3372
 52   4  0.0105 -0.0037 10.0460
 60   4 -0.0011  0.0000  9.4202
 68   4  0.0041 -0.0377 10.9671
 76   4  0.0461 -0.0625 10.3588
 84   4  0.0406  0.0186 10.9230
 92   4 -0.0066  0.0214 11.3660
100   4  0.1069  0.0000 11.8646
108   4  0.1939  0.0000 11.7754
116   4  0.1114  0.0000 11.3146
124   4  0.0000 -0.0491 11.1505
132   4  0.0100  0.0262 11.1441
140   4 -0.0497  0.0000 11.7754
148   4 -0.0207 -0.0097 11.8530
156   4  0.0000 -0.0157 11.4243
164   4  0.0083  0.0000 11.7754
172   4  0.0244  0.0000 12.6664
180   4  0.0608  0.0000 11.7754
188   4  0.0693  0.0000 10.8619
196   4  0.0463  0.0000 11.5695
204   4  0.0360 -0.0165 11.5630
212   4 -0.0458 -0.0592 11.5672
220   4 -0.0026 -0.0114 10.5148
228   4  0.1077  0.1055 11.2640
236   4 -0.1234  0.0264  9.9756
244   4  0.0957  0.0186 10.0688
252   4 -0.0074  0.1252  9.7352
260   4  0.0712  0.0198 11.1130
268   4  0.0097 -0.0129 10.7001
276   4  0.0059  0.0000 12.3152
284   4 -0.0060  0.0000 13.0803
292   4 -0.0110  0.0000 13.0803
  4  12 -0.0270  0.0406  7.3315
 12  12  0.0008 -0.0276 10.0630
 20  12  0.0022  0.0220  8.6954
 28  12  0.0826  0.0000 10.3926
 36  12  0.1516  0.0350 11.9432
 44  12  0.0611  0.0000 11.2249
 52  12 -0.0163  0.0277  9.3008
 60  12  0.0522  0.0240  7.7575
 68  12 -0.0559 -0.0139 12.5032
 76  12  0.0318 -0.0369 10.5633
 84  12 -0.0060  0.0000  7.7872
 92  12 -0.0013  0.0000  8.0874
100  12  0.0000 -0.0051  8.5257
108  12  0.0294 -0.0073  8.8696
116  12  0.0389  0.0000  9.2416
124  12  0.0007 -0.0289  9.5456
132  12  0.0370  0.0011  9.9106
140  12  0.0000  0.0025  9.5825
148  12  0.0000 -0.0338  9.3955
156  12 -0.0017  0.0364 10.0641
164  12 -0.0649  0.0000 11.4994
172  12  0.0024 -0.0180 12.7260
180  12  0.0158 -0.0423  9.6100
188  12  0.0326  0.0000 10.1751
196  12 -0.0137  0.0060  8.1526
204  12  0.0043  0.0000  9.0292
212  12 -0.0055 -0.0501 14.3810
220  12  0.0051  0.0150 11.6537
228  12 -0.0209 -0.0145  9.2945
236  12  0.0000 -0.1742  7.3143
244  12  0.0297 -0.5894  8.5875
252  12  0.0258  0.0000 12.1564
260  12 -0.0153  0.1654 11.2054
268  12 -0.0114  0.0000  9.1066
276  12  0.0033 -0.0350  9.1480
284  12  0.0259 -0.0477  9.1433
292  12 -0.0022 -0.0099  7.6810
  4  20  0.0082  0.0147 15.8890
 12  20 -0.0526 -0.0058 13.2460
 20  20  0.0000  0.0117 12.4527
 28  20  0.0086  0.0000 13.2159
 36  20 -0.0270 -0.0964 12.9444
 44  20  0.0084 -0.0069 12.4417
 52  20  0.0089  0.0355 14.9577
 60  20  0.0385 -0.0048 18.9246
 68  20  0.0194 -0.0038 17.2584
 76  20 -0.0025  0.0193 17.9917
 84  20 -0.0046 -0.0326 15.8302
 92  20  0.0009  0.0037 15.3567
100  20 -0.0101  0.0082 10.9391
108  20  0.0042  0.0000  9.5939
116  20  0.0114  0.0000 12.9805
124  20  0.0005  0.0257 13.2915
132  20 -0.0333 -0.0012 14.1203
140  20  0.0090  0.0014 12.5405
148  20  0.0026  0.0008 13.5157
156  20  0.0062  0.0000 13.2563
164  20  0.0035 -0.0174 14.1101
172  20  0.0028 -0.0008 12.3269
180  20  0.0168 -0.0106 17.2953
188  20 -0.0230 -0.0022 17.9851
196  20 -0.0300  0.0000 18.6872
204  20 -0.0036  0.0170 20.8987
212  20  0.0679  0.0253 21.3257
220  20  0.1839 -0.0049 30.7740
228  20  0.1187 -0.0326 15.0100
236  20 -0.0109 -0.3579 17.4406
244  20  0.0123 -0.0120 11.2508
252  20  0.0287 -0.0600  9.9192
260  20 -0.1108  0.0000 10.8936
268  20 -0.2610 -0.3506  9.2086
276  20  0.0690 -0.0706 19.1130
284  20 -0.0728 -0.1652 11.4627
292  20 -0.0332  0.0000 14.2463
  4  28  0.0146  0.0445  8.9969
 12  28  0.0255 -0.0080  8.9801
 20  28 -0.0237  0.0166  9.7722
 28  28 -0.0039  0.0278  9.6881
 36  28  0.0004  0.0075 10.2295
 44  28 -0.0013 -0.0041 10.5783
 52  28  0.0000  0.0010  9.9892
 60  28  0.0004 -0.0167  9.9818
 68  28 -0.0112 -0.0150 10.1633
 76  28 -0.0100 -0.0134 10.7956
 84  28  0.0139 -0.0154  9.9657
 92  28  0.0009  0.0164  9.7797
100  28  0.0062 -0.0186 10.8721
108  28  0.0319  0.0000 16.9097
116  28  0.0640  0.0000  9.6472
124  28  0.0016  0.0210 10.4301
132  28 -0.0010  0.0016  9.0691
140  28 -0.0032  0.0214  9.4126
148  28  0.0040 -0.0021  9.8856
156  28  0.0104 -0.0015 16.2994
164  28 -0.0117  0.0041 14.0820
172  28  0.0065 -0.0229 12.1310
180  28  0.0029  0.0231 16.9989
188  28  0.0150  0.0058 16.7060
196  28  0.0072 -0.0008 14.6153
204  28 -0.0117  0.0025  9.4224
212  28  0.0062 -0.0038 10.2521
220  28 -0.0100 -0.0006 10.7306
228  28 -0.0008 -0.0013 10.7909
236  28  0.0011 -0.0049  9.9525
244  28 -0.0156  0.0343  9.5389
252  28  0.0071  0.0026 10.4397
260  28  0.0033  0.0075 14.2504
268  28  0.0267  0.0003 17.7095
276  28  0.0230  0.0006 15.9209
284  28 -0.0026  0.0288 23.5318
292  28  0.0059 -0.0217 16.4052
  4  36  0.0037  0.0006  7.9231
 12  36 -0.1088  0.0000  7.9558
 20  36 -0.1041  0.0000  6.8983
 28  36 -0.0595 -0.0453  6.7567
 36  36  0.0259  0.1155  6.2994
 44  36  0.1864  0.1138  5.8838
 52  36  0.0595 -0.3163  8.0806
 60  36  0.0000 -0.2292  9.0353
 68  36  0.0095  0.0000  7.6269
 76  36 -0.0017 -0.0191  9.4401
 84  36  0.0747  0.0051 14.6876
 92  36  0.0416  0.0000 11.9696
100  36  0.0420  0.0000  9.1807
108  36  0.0563  0.0000  9.4035
116  36  0.0973  0.0000  8.1881
124  36  0.1600  0.0000  6.6229
132  36  0.3103  0.3888  6.4646
140  36  0.1658  0.0000 17.0667
148  36  0.0259  0.0070 13.2615
156  36 -0.0104 -0.0095 11.2936
164  36  0.0045 -0.0014 18.8140
172  36 -0.0216  0.0000 12.6673
180  36 -0.0312  0.0000 12.6126
188  36  0.0090 -0.0036 13.4568
196  36  0.0012 -0.0117  8.9429
204  36  0.9987  0.0000 12.9951
212  36  2.3072  0.0000 12.4083
220  36  2.7876  0.0000 17.0568
228  36  0.0000 -0.2430 11.4008
236  36 -0.2336  0.0000 13.7993
244  36 -0.1598  0.0000 12.3564
252  36 -0.0664  0.0000 13.6955
260  36  0.0231 -0.2187  9.5374
268  36  0.1597 -0.0728 12.0580
276  36  0.0891  0.0000  9.8631
284  36  0.0550  0.0000  8.3816
292  36  0.0876  0.0000  8.6507
  4  44  0.0262  0.0000 11.1304
 12  44  0.0000  0.0000 16.7828
 20  44  0.0198  0.0247 15.7992
 28  44  0.0444  0.0000 12.8227
 36  44  0.0567  0.0000 12.8227
 44  44  0.0369  0.0000 12.4405
 52  44 -0.0681 -0.0014 10.3131
 60  44 -0.0129  0.0702  8.2280
 68  44  0.0234  0.3371  8.1110
 76  44  0.0000  0.4379  8.0674
 84  44 -0.0128  0.0000 11.1304
 92  44  0.1091  0.0000 12.0628
100  44 -0.0406  0.0000 11.1304
108  44 -0.1843  0.0000 11.1304
116  44 -0.3060  0.0000  0.0000
124  44 -0.1960 -0.5000 11.1304
132  44  1.6576  0.0000  0.0000
140  44  4.2509  0.0000  0.0000
148  44  6.1822  0.1115  7.1111
156  44 -0.0152  0.0066 15.1233
164  44  0.0004 -0.0162 11.9807
172  44 -0.0094  0.0276 11.0197
180  44  0.0220  0.0000  9.5904
188  44  0.0288 -0.0001 14.6678
196  44  0.0349  0.0000  9.9478
204  44  0.0061  0.0000  9.1590
212  44  0.0081  0.0000  8.8816
220  44  0.1009 -0.0381  8.7319
228  44 -0.0139  0.0199 14.1020
236  44 -0.2008  0.0000 15.0536
244  44  0.0016  0.0000 10.6057
252  44  0.0297  0.0000 14.3074
260  44  0.0291  0.0000 16.6761
268  44 -0.0382  0.0000 12.0628
276  44 -0.4426  0.0000 11.0903
284  44 -0.7019  0.0000 11.1263
292  44 -0.3987  0.0000 11.1304
  4  52 -0.1685  0.0000 10.3707
 12  52 -0.0454  0.0366  7.7545
 20  52  0.1802  0.1949  7.7576
 28  52 -0.0133  0.0000  9.9261
 36  52 -0.1778  0.0000 11.1304
 44  52 -0.2707  0.0000  0.0000
 52  52 -0.0320  0.0000  0.0000
 60  52  0.9841  0.0000  0.0000
 68  52  2.3926  0.0000  0.0000
 76  52  2.9837  0.0000 16.1088
 84  52  0.3696  0.0000 17.0667
 92  52  0.0418  0.1521 12.6567
100  52  0.1556  0.0000 12.2969
108  52  0.1198  0.0000  0.0000
116  52  0.0247  0.0000 11.1304
124  52 -0.1159  0.0000 11.1304
132  52 -0.1121  0.0000  0.0000
140  52 -0.1583  0.0000  0.0000
148  52 -0.2888 -2.2607  8.3718
156  52  0.0030  0.0258 11.2992
164  52 -0.6234  0.0000 26.7296
172  52  0.0170  0.0031 12.1872
180  52 -0.0024  0.0036 16.3108
188  52 -0.0161  0.0042 18.0454
196  52 -0.0100  0.0019  9.0000
204  52 -0.7237  0.0000 11.5903
212  52 -1.3070  0.0337 12.4709
220  52 -0.5698  0.0000 16.1088
228  52 -0.2036  0.0000 11.1304
236  52 -0.0138  0.0000 13.5773
244  52  0.0305  0.0000  7.9882
252  52  0.0098  0.0000 12.2639
260  52 -0.0858  0.1110 10.4043
268  52 -0.1573  0.0000  7.8049
276  52  0.0000 -0.2119  8.5643
284  52 -0.0883 -0.0058 12.4498
292  52  0.0053 -0.0302 10.9281
  4  60  0.0000  0.0955 11.7002
 12  60 -0.3165  0.0000  0.0000
 20  60 -0.2755  0.0000  0.0000
 28  60 -0.0545  0.0000  0.0000
 36  60  0.0801  0.0000 11.1304
 44  60 -0.0121  0.0000 16.1088
 52  60 -0.3343  0.0000 11.1304
 60  60 -0.0313  0.0000 11.1304
 68  60  0.2954  0.0000 16.1088
 76  60  0.7867  0.0000 11.1304
 84  60  0.1018  0.0000 11.1304
 92  60 -1.4070  0.1518 10.3087
100  60  0.0000 -0.1063  6.9728
108  60  0.0303  0.0000 20.7059
116  60 -0.0795  0.0000  0.0000
124  60 -0.2505  0.0000  0.0000
132  60 -0.6083  0.0000  0.0000
140  60 -0.6777  0.0000  8.8276
148  60  0.0076  0.0023  7.0045
156  60 -0.0034  0.0004 18.8750
164  60  0.0009 -0.0019 18.5934
172  60  0.0097  0.0026 11.5436
180  60 -0.0025 -0.0024 11.8124
188  60 -0.0065  0.0037 18.9827
196  60 -0.0178  0.0000  7.3385
204  60  0.3519 -0.1451  8.6189
212  60 -0.0747  0.0000 11.4015
220  60 -0.2076 -0.0667  9.6020
228  60  0.2188 -0.3086  9.9070
236  60 -0.2040  0.0000 17.6251
244  60 -0.3670  0.0000  9.4841
252  60 -0.1804 -0.0590  9.0815
260  60  0.0978  0.0000 10.8982
268  60  0.0000  0.0000  9.5538
276  60 -0.8807  0.0000 17.6698
284  60  0.0131 -0.1719 16.2315
292  60  0.7194  0.0000 10.0099
  4  68  2.8124  0.0000 11.1304
 12  68  1.6707  0.0000  0.0000
 20  68 -0.1217  0.0000  0.0000
 28  68 -0.2576  0.0000 11.1304
 36  68 -0.1753  0.0000  0.0000
 44  68 -0.1580  0.0000 11.1304
 52  68 -0.3838  0.0000 11.1304
 60  68 -0.4790  0.0000  0.0000
 68  68 -0.3735  0.0000  8.0000
 76  68  0.0000  1.1711  9.1178
 84  68  0.0141  0.0000 18.8048
 92  68 -0.1416 -0.0282 17.1387
100  68 -0.3095 -0.3883  6.7172
108  68 -0.5000 -0.1588 10.5785
116  68  0.0360  0.1854 12.6331
124  68  0.2635 -0.2067 12.6081
132  68  0.0779  0.0000  0.0000
140  68 -0.1145  0.0000 11.1304
148  68 -0.0955  0.0000 22.2609
156  68  0.0192  0.0000  9.7627
164  68 -0.2399  0.0000  6.7868
172  68 -0.4215 -0.0688  9.0585
180  68 -0.1196 -0.0272 14.0340
188  68  0.1943  0.0000 10.1243
196  68  0.0200  0.2274 11.4627
204  68 -1.8956 -1.8011 10.5108
212  68 -0.3873  3.0437  7.5832
220  68  0.0000 -2.0000 11.1304
228  68  4.5000  4.5000  4.0635
236  68  2.5527  0.0000  0.0000
244  68  0.4532  0.0000 11.1304
252  68 -0.5000  0.0000 11.1304
260  68 -0.2063  0.0000  0.0000
268  68  0.1563  0.0000 11.9011
276  68 -0.2032  0.0056 10.6090
284  68 -0.2173  0.0000  9.5231
292  68 -0.1949  0.0000 10.2577
  4  76  0.0000 -0.5000  8.8276
 12  76  0.0497  0.0000 11.1304
 20  76  0.0130  0.0000 11.1304
 28  76 -0.2527  0.0000  0.0000
 36  76  0.9642  0.0000  0.0000
 44  76  2.5000  0.0000  8.8276
 52  76  1.3129  0.0000  0.0000
 60  76  0.0000  2.5000  8.8276
 68  76 -0.1344  0.0000 16.2126
 76  76  0.0204  0.2621 10.1442
 84  76 -0.0601 -0.4139 17.3470
 92  76 -0.1823  0.0000 15.9357
100  76 -0.2093 -0.0299 13.0089
108  76 -0.0037  0.0000 12.9245
116  76  0.2554  0.0000 11.1304
124  76  0.3056  0.0000 12.0628
132  76  0.0000  0.1960 11.1304
140  76  0.2907 -0.0403 10.5761
148  76  0.2116 -0.3344 12.2312
156  76 -0.3360 -0.1503 10.2400
164  76  0.2173  0.0000 16.1088
172  76 -0.2156  0.0000 11.1304
180  76 -0.4936  0.0000  0.0000
188  76  0.1270  0.0377 20.9591
196  76  1.3151  0.0000  8.0000
204  76  1.0072  0.0000 11.1304
212  76  0.4497  0.0000  0.0000
220  76 -0.0293  0.0000  0.0000
228  76 -0.0768  0.0000 16.1088
236  76  0.0856  0.0000  0.0000
244  76  0.2645  0.0000  0.0000
252  76 -0.2414  0.0000 11.1304
260  76  1.1707  0.0000 16.1088
268  76  2.1034  0.0000  0.0000
276  76  1.3756  0.0000  0.0000
284  76  0.3371  0.0000 16.1088
292  76 -0.0472  0.0000  8.0000
  4  84 -0.0931  0.0000  0.0000
 12  84 -0.1146  0.0000  0.0000
 20  84 -0.1432  0.0000  0.0000
 28  84 -0.1213  0.0000 22.2609
 36  84  0.0000  0.0855 10.6035
 44  84  0.1376  0.0000  0.0000
 52  84  0.1105  0.0000 13.2207
 60  84 -0.1422 -0.0049 12.3023
 68  84  0.1553  0.0000  9.2086
 76  84 -0.0202 -0.0526  7.4414
 84  84 -0.1159 -0.1160 14.7719
 92  84 -0.2039  0.0000 16.1088
100  84 -0.5000  0.0000  8.8276
108  84 -0.6372  0.0000  8.0000
116  84 -0.1012 -0.0458 14.0274
124  84  2.5000  0.0000  8.8276
132  84  1.9418  0.0000 11.1304
140  84  0.9384  0.0000 16.1088
148  84 -0.0201 -0.0803 13.5936
156  84 -0.1983  0.0000 11.1304
164  84  0.1336  0.0000 11.1304
172  84  0.4987  0.0000  0.0000
180  84  0.2422  0.0000  0.0000
188  84  0.9956  0.0000  0.0000
196  84  1.3604  0.0000 19.4783
204  84  0.9349  0.0000 20.7059
212  84  0.2804  0.0000 17.2183
220  84 -0.0732  0.0000  0.0000
228  84 -0.1760  0.0000 15.0588
236  84 -0.1209  0.0000  0.0000
244  84 -0.1119  0.0000  0.0000
252  84 -0.0982  0.0000  0.0000
260  84 -0.0353  0.0000 11.1304
268  84  0.0516  0.0000  0.0000
276  84  0.0996  0.0000  0.0000
284  84  0.1032  0.0000 11.1304
292  84  0.3916  0.0000  8.0000
  4  92  0.2561  0.0000  9.2086
 12  92  0.1505 -0.0563 11.1047
 20  92 -0.0320  0.0000 11.0903
 28  92 -0.3663  0.0000 16.7450
 36  92 -0.5000  0.0448  8.9013
 44  92 -0.1695 -0.0783 16.2025
 52  92  1.3627  0.0000 10.0068
 60  92  1.4140  0.0000  0.0000
 68  92  0.7918  0.3111  6.7921
 76  92  0.0843 -0.0198  9.3303
 84  92 -0.2514  0.0431 13.8541
 92  92  0.1841 -0.0418 12.3683
100  92  0.5730  0.0000 11.1304
108  92  0.4701  0.0000 16.1088
116  92  0.7124  0.0000 12.0628
124  92  0.6386  0.0000 11.1304
132  92  0.3254  0.0000  0.0000
140  92 -0.0393  0.0000 16.1088
148  92 -0.1614  0.0000 12.0455
156  92  0.0008  0.0000  0.0000
164  92  0.0015  0.0000  0.0000
172  92 -0.0654  0.0000 11.1304
180  92 -0.1152  0.0000  0.0000
188  92 -0.1136  0.0000  0.0000
196  92 -0.0747  0.0000  0.0000
204  92  0.0000 -0.5000  8.8276
212  92  0.0631  0.0000 11.1304
220  92  0.3053  0.0000 12.0628
228  92  0.3728  0.0000  0.0000
236  92  0.3926  0.0000  0.0000
244  92  0.2717  0.0000 16.1088
252  92 -0.2416  0.0000  8.0000
260  92 -0.5623  0.0000 11.1304
268  92 -0.4182  0.0000  0.0000
276  92  0.3410  0.0000  0.0000
284  92  0.5274  0.0000 11.1304
292  92 -0.5000  0.0000 11.1304
  4 100  0.2927  0.4123  5.8808
 12 100  0.1631  0.7241  7.4357
 20 100 -0.1841 -0.0418 12.3683
 28 100  0.3091  0.0000 15.7112
 36 100  0.2114  0.0000 10.1261
 44 100  0.3878  0.0763  7.5294
 52 100 -0.0193 -0.1579  7.5500
 60 100 -0.2782  0.0000  8.0691
 68 100 -0.5014  0.0000  0.0000
 76 100 -0.4605  0.0000  8.9968
 84 100  0.1074 -0.1393 10.1562
 92 100  0.0437  0.0000  8.4768
100 100 -0.0911  0.0000 11.1304
108 100 -0.1823  0.0000 11.1304
116 100 -0.2123  0.0000 11.1304
124 100 -0.2686  0.0000  0.0000
132 100 -0.5000 -0.0391  9.3822
140 100 -0.2168  0.0000 16.1088
148 100  0.1137  0.0000 12.0455
156 100  0.2789  0.0000 16.1088
164 100  0.3938  0.0000 19.4783
172 100  0.4138  0.0000 14.1939
180 100 -0.3666  0.0000 19.4783
188 100 -0.8024  0.0000 21.6135
196 100 -0.7657  0.0000  0.0000
204 100 -0.0754  0.0000  0.0000
212 100  1.2284  0.0000  0.0000
220 100  0.4220  0.0000  0.0000
228 100  0.2515  0.0000  0.0000
236 100 -0.1824 -0.6476  8.1940
244 100 -0.2233  0.0000 11.9011
252 100 -0.0059  0.0000 20.7059
260 100 -0.4071  0.0000 11.1304
268 100 -0.1121  0.0000  0.0000
276 100 -0.3533  0.0000 16.1088
284 100 -0.6285  0.0000 12.0628
292 100 -0.8919  0.0000  0.0000
  4 108 -1.0495  2.2897 12.6375
 12 108 -0.4251  0.0000 11.9011
 20 108 -0.2301  0.0000 11.9011
 28 108 -0.2539  0.0000 16.1088
 36 108 -0.2773  0.0000  0.0000
 44 108 -0.1661  0.0000 10.3886
 52 108  0.0583  0.0579 10.7104
 60 108 -0.0142  0.0000  9.9881
 68 108 -0.0934 -0.0619 16.2025
 76 108  0.0324  0.0000 14.2795
 84 108 -0.0063  0.0000  0.0000
 92 108 -0.1239  0.0000  0.0000
100 108 -0.4010  0.0000  0.0000
108 108 -0.9878  0.0000  0.0000
116 108 -1.0920  0.0000 16.1088
124 108 -1.0428  0.0000 11.1304
132 108 -0.5000  0.0000  8.8276
140 108  2.5000  0.0000  8.8276
148 108  1.0567  0.0000 10.1191
156 108  0.4970  0.0000 11.1304
164 108  0.3916  0.0000  8.0000
172 108  0.0626  0.0000  9.2850
180 108 -0.0489  0.0000 11.1304
188 108 -0.5000 -0.0391  9.3822
196 108 -0.1755  0.0000  0.0000
204 108 -0.3925  0.0000  0.0000
212 108 -0.5956  0.0000  0.0000
220 108 -0.6721  0.0000  0.0000
228 108 -0.6116  0.0000 11.1304
236 108 -0.3827  0.0000 11.1304
244 108 -0.3220  0.0000 11.1304
252 108 -0.3826  0.0000 11.1304
260 108 -0.3999  0.0000  0.0000
268 108 -0.1557  0.0000 11.1304
276 108  0.4788  0.0000  0.0000
284 108  0.8547  0.0000 16.1088
292 108  0.2414  0.0000 11.1304
  4 116 -0.0322 -0.2107  7.5508
 12 116 -0.2532  0.0000 11.3696
 20 116 -0.5556  0.0000  9.5632
 28 116 -0.9437  0.0000 11.1304
 36 116 -1.3070 -0.0337 12.4709
 44 116 -0.7017  0.0000 11.2634
 52 116 -0.4616  0.0000  8.8167
 60 116 -0.1779  0.0000 11.9011
 68 116  0.7291  0.0000 11.1304
 76 116 -0.3145  0.0264 11.0777
 84 116 -0.1083  0.0000 11.9011
 92 116  0.0767  0.0000  9.7047
100 116 -0.0163  0.1755  9.6376
108 116 -0.0804  0.0000  0.0000
116 116  0.9178  0.0000  0.0000
124 116  0.4019  0.0000  0.0000
132 116 -0.1710  0.0000 12.0628
140 116 -0.3745  0.0000 11.9011
148 116 -0.2648  0.0000  8.0000
156 116  0.0000  2.5000  8.8276
164 116 -0.0919  0.0000 16.1088
172 116 -0.2325  0.0000 16.1088
180 116 -0.3932  0.0000  0.0000
188 116 -0.5000 -0.0391  9.3822
196 116 -0.2490  0.0000 19.4783
204 116  1.0516  0.0000  0.0000
212 116  2.5035  0.0000  0.0000
220 116  1.3688  0.0000  0.0000
228 116  0.4607  0.0000  0.0000
236 116 -0.1169  0.0000 11.1304
244 116 -0.5043  0.0000 11.1304
252 116 -0.6144  0.0000  0.0000
260 116 -0.1005  0.0000 11.1304
268 116  0.8263  0.0000  0.0000
276 116  0.7233  0.0000  0.0000
284 116  0.3592  0.0000  0.0000
292 116  0.1960  0.0000 11.1304
  4 124  0.1081 -0.5628  7.4658
 12 124 -0.0664  0.0000 11.1304
 20 124 -0.1085  0.0000 11.1304
 28 124 -0.1850  0.0000  0.0000
 36 124 -0.2133  0.0000  0.0000
 44 124  2.9556  0.0000  0.0000
 52 124  1.2591  0.0000 11.1304
 60 124  0.1055 -0.0763  8.6881
 68 124 -0.2023  0.0000  0.0000
 76 124 -0.0875  0.0000  0.0000
 84 124  0.1235  0.2137  7.3745
 92 124  0.0201  0.0000  0.0000
100 124 -0.0872  0.0000 22.2609
108 124 -0.1912  0.0000 16.1088
116 124 -0.3777  0.0000  0.0000
124 124 -0.5000  0.0000 11.1304
132 124  1.1730  0.0000  0.0000
140 124  4.5000 -0.5000  4.0635
148 124  1.8232  0.0000  0.0000
156 124  0.6841  0.0000  0.0000
164 124  0.0693  0.0000  0.0000
172 124 -0.2666  0.0000 17.0667
180 124 -0.1760  0.0000 15.0588
188 124  1.0681  0.0000 11.1304
196 124  2.5000  0.0391  9.3822
204 124  1.7951  0.0000 11.1304
212 124  0.9111  0.0000  0.0000
220 124  0.3397  0.0000  0.0000
228 124  0.0820  0.0000  0.0000
236 124 -0.1517  0.0000  0.0000
244 124 -0.3051  0.0000 16.1088
252 124 -0.4301  0.0000 16.1088
260 124 -0.5000  2.5000  4.0635
268 124  4.5000  4.5000  4.0635
276 124  1.9407  0.0000  0.0000
284 124  0.4711  0.0000  0.0000
292 124 -0.0589 -0.7406 11.4095
  4 132 -0.0503  0.0000 11.1304
 12 132 -0.0566  0.0000 16.1088
 20 132 -0.0453  0.0000 16.1088
 28 132  0.0987  0.0000  0.0000
 36 132  0.3828  0.0000  0.0000
 44 132  0.6164  0.0000  0.0000
 52 132  0.4552  0.0000  0.0000
 60 132 -0.1068  0.3135 15.1963
 68 132  4.5000 -0.5000  4.0635
 76 132  0.0000  0.0779 10.0313
 84 132  0.2228  0.1425  9.7456
 92 132  0.1109  0.0000 10.3926
100 132  0.0298  0.0000  0.0000
108 132  0.3046  0.0000 11.1304
116 132  1.2064  0.0000  0.0000
124 132  2.0004  0.0000 11.1304
132 132  1.5705  0.0000  0.0000
140 132  0.7962  0.0000 11.1304
148 132  0.2412  0.0000  0.0000
156 132 -0.0876  0.0000  0.0000
164 132 -0.3415  0.0000 19.1045
172 132 -0.5422  0.0000 13.1641
180 132 -0.7366  0.0000 11.1304
188 132 -0.9644  0.0000  0.0000
196 132  4.0705  0.0000 11.1304
204 132  1.8438  0.0000  0.0000
212 132  0.4528  0.0000  0.0000
220 132 -0.0343  0.0000  0.0000
228 132  0.1256  0.0000  0.0000
236 132 -0.2005  0.0000  0.0000
244 132 -0.1674  0.0000  0.0000
252 132  0.1773  0.0000 11.1304
260 132  0.9175  0.0000 11.1304
268 132  1.8789  0.0000 11.1304
276 132  2.5000  0.0000 11.1304
284 132 -0.2449  0.0361  8.7112
292 132 -0.2373 -0.2761 10.1891
  4 140 -0.8986  0.0000 11.1304
 12 140  0.0000 -0.5000  8.8276
 20 140  0.0930  0.0000 11.1304
 28 140  0.1173  0.0000 11.1304
 36 140  0.3328  0.0000  0.0000
 44 140  0.8213  0.0000 11.1304
 52 140  1.1479  0.0000 11.1304
 60 140  0.8265  0.0000 12.0455
 68 140  0.2340  0.0000 17.0667
 76 140 -0.0762  0.0000 11.9005
 84 140 -0.3226  0.0000 11.0617
 92 140 -0.5543  0.0000 16.6957
100 140 -0.7579  0.0000 11.1304
108 140 -0.9948  0.0000 11.1304
116 140 -1.3712  0.0000 19.4783
124 140  2.8274 -0.3035  7.6077
132 140  1.2327  0.0000  0.0000
140 140  0.0882  0.0000  0.0000
148 140 -0.1472  0.0000  0.0000
156 140  0.8534  0.0000  0.0000
164 140 -0.0698 -0.2911 10.5124
172 140 -0.2027  0.0000  0.0000
180 140 -0.0387  0.0000 11.1304
188 140  0.6762  0.0000  0.0000
196 140  1.4418  0.0000  0.0000
204 140  1.4794  0.0000  0.0000
212 140 -0.3145  0.0000  9.1653
220 140 -1.0326  0.0000  0.0000
228 140 -1.1158  0.0000  0.0000
236 140 -0.4730  0.0000  0.0000
244 140 -0.1554  0.0000  0.0000
252 140 -0.0297  0.0000  0.0000
260 140  0.0742  0.0000  0.0000
268 140  0.3183  0.0000  0.0000
276 140  0.4416  0.0000 11.1304
284 140  0.1785  0.0000 17.0667
292 140 -0.3118 -0.0945 14.5907
  4 148 -0.2806  0.0000  0.0000
 12 148 -0.4527  0.0000 11.1304
 20 148 -0.6871  0.0000  0.0000
 28 148 -0.8621  0.0000  0.0000
 36 148 -1.0759  0.0000 11.1304
 44 148 -1.5000  2.5000  8.2581
 52 148  1.6093  0.0000 11.1304
 60 148  0.5894  0.0000 16.1088
 68 148 -0.3430  0.0000  0.0000
 76 148 -0.5000  0.0000  8.8276
 84 148  2.5000  0.0000  8.8276
 92 148  1.2883  0.0000  0.0000
100 148  0.2476  0.0000 11.1304
108 148 -0.2780  0.1270 13.3759
116 148  0.1931  0.0000 12.0628
124 148  0.6855  0.0000  0.0000
132 148  0.6112  0.0000 11.1304
140 148 -0.2926  0.0000 16.1088
148 148 -0.9007  0.0000  0.0000
156 148 -0.9583  0.0000 17.0667
164 148 -0.5840  0.0000 10.0009
172 148 -0.2802  0.0000 11.1304
180 148 -0.1627  0.0000  0.0000
188 148 -0.2313  0.0000  0.0000
196 148 -0.0361  0.0000  0.0000
204 148  0.1458  0.0000 11.1304
212 148  0.1249  0.0000 11.1304
220 148  0.0417 -0.1134  7.3143
228 148  0.0000  0.1063  6.9728
236 148 -0.3369  0.0000  8.0000
244 148 -0.6748  0.0000  0.0000
252 148 -0.7886  0.0000 16.1088
260 148 -0.8884  0.0000  8.0000
268 148 -1.1680  0.0000  0.0000
276 148  0.8450  0.0000  0.0000
284 148  0.3659  0.0000 11.1304
292 148 -0.1504  0.0000 11.1304
  4 156 -0.3732 -0.5000  9.6402
 12 156  1.2595  0.0000  0.0000
 20 156  1.0537  0.0000  0.0000
 28 156  0.3698  0.0000  0.0000
 36 156 -0.0967  0.0000 16.1088
 44 156  0.0000 -0.0158 17.0667
 52 156  0.2163  0.0000 16.1088
 60 156  0.1677  0.0000  0.0000
 68 156 -0.1916  0.0000  0.0000
 76 156 -0.6121  0.0000  0.0000
 84 156 -0.6696  0.0000  0.0000
 92 156 -0.4544  0.0000  0.0000
100 156 -0.2225  0.0000  8.0190
108 156 -0.1215  0.1200 17.1775
116 156 -0.4337 -0.0578  8.8276
124 156 -0.1035  0.0000  0.0000
132 156  0.2567  0.0000  0.0000
140 156  0.3313  0.0000 16.1088
148 156  0.0000 -0.5000  8.8276
156 156 -0.0796 -0.0629 11.0322
164 156 -0.0901  0.0000 13.6955
172 156 -0.5000  0.1588 10.5785
180 156 -0.5134  0.0000  0.0000
188 156 -0.4657  0.0000 11.1304
196 156 -0.5791  0.0000  0.0000
204 156  0.4559  0.0000 11.1304
212 156  0.3927  0.0000 12.0628
220 156  0.3577  2.5000 13.4737
228 156 -0.0443  0.0000 19.4783
236 156  0.3799  0.0000 19.4783
244 156  0.5052  0.0000 16.1088
252 156  0.2430  0.0000 11.1304
260 156  0.0000  2.5000  8.8276
268 156 -0.0148  0.0000  0.0000
276 156  0.0345  0.0000 11.1304
284 156  0.0000 -0.5000 11.1304
292 156  0.0000 -0.5000 11.1304
  4 164 -0.3577  0.0000 13.4737
 12 164 -0.3792  0.0000  0.0000
 20 164 -0.2569  0.0000  0.0000
 28 164 -0.1386  0.0000 11.1304
 36 164 -0.0698  0.2911 10.5124
 44 164 -0.1669  0.0000 11.1304
 52 164  0.2955  0.0000 16.1088
 60 164  0.9726  0.0000  0.0000
 68 164  1.5181  0.0000  0.0000
 76 164  1.7235  0.0000  0.0000
 84 164  1.5106  0.0000  0.0000
 92 164  1.1607  0.0000  0.0000
100 164  0.2749  0.0000  8.5018
108 164 -0.0184  0.0754 11.6346
116 164  0.0666  3.4179 10.9194
124 164  0.0073  0.0000 16.1088
132 164  0.1506  0.0000  0.0000
140 164  0.1264  0.0000  0.0000
148 164  0.0000  2.5000  8.8276
156 164 -0.2480  0.0000  0.0000
164 164 -0.2780  0.1270 13.3759
172 164  0.1068 -0.3135 15.1963
180 164  0.0983  0.0000 11.1304
188 164  0.0981  0.0000 11.1304
196 164  0.0682  0.0000  0.0000
204 164  0.0433  0.0000 16.1088
212 164  0.0106  0.0000  0.0000
220 164 -0.0016  0.0000  0.0000
228 164 -0.1352  0.0000  0.0000
236 164 -0.1118  0.0000  0.0000
244 164 -0.0565  0.0000  0.0000
252 164 -0.1023  0.0000 19.1045
260 164 -0.1503  0.0000 17.0667
268 164 -0.0376  0.0000 11.1304
276 164  0.7603  0.0000 11.1304
284 164  1.8230  0.0000 13.7892
292 164  2.8084  0.0000 11.1304
  4 172  3.5000 -0.1203  5.4468
 12 172  3.0303  0.0000 22.2609
 20 172  2.5000  0.0000  8.8276
 28 172  1.0085  0.0000  0.0000
 36 172  0.0610 -0.5000  7.7665
 44 172  0.2013  0.0000 16.1088
 52 172  0.3833  0.0000  0.0000
 60 172 -0.0976  0.0000  0.0000
 68 172 -0.0777  0.0000  0.0000
 76 172 -0.1387  0.0000  0.0000
 84 172 -0.2438  0.0000  0.0000
 92 172 -0.2375  0.0000  0.0000
100 172  0.0201  0.0803 13.5936
108 172 -0.0107 -0.0995 13.6526
116 172  0.1960 -0.5000 11.1304
124 172  0.1586  0.0000 16.1088
132 172  0.0906  0.0000 11.1304
140 172  0.0271  0.0000  0.0000
148 172 -0.0182  0.0000 16.1088
156 172 -0.0616  0.0000 11.1304
164 172  0.0308 -0.1823 13.1845
172 172  0.1311  0.0000  0.0000
180 172 -0.0478  0.0000 11.1304
188 172 -0.1760  0.0000  0.0000
196 172  0.0000  2.5000  8.8276
204 172  1.1619  0.0000  0.0000
212 172  2.3980  0.0000  0.0000
220 172  3.2350  0.0000 11.1304
228 172  3.4033  0.0000 16.1088
236 172  2.8539  0.0000  0.0000
244 172  2.0636  0.0000  0.0000
252 172  0.9923  0.0000 11.1304
260 172  0.4104  0.0000  0.0000
268 172  0.5580  0.0000  0.0000
276 172  0.8827  0.0000  0.0000
284 172 -0.2750  0.0000  0.0000
292 172 -0.1942  0.0000 11.1304
  4 180 -0.1593  0.0000  0.0000
 12 180 -0.1517  0.0000 12.0455
 20 180 -0.1629  0.0000  0.0000
 28 180 -0.0694  0.0000 11.1304
 36 180 -0.0698  0.2911 10.5124
 44 180  0.1310  0.0000  0.0000
 52 180  0.1673  0.0000  0.0000
 60 180  0.1102  0.0000  0.0000
 68 180  0.0237  0.0000  0.0000
 76 180 -0.0654  0.0000 11.1304
 84 180 -0.1657  0.0000 16.1088
 92 180 -0.2220  0.1529  9.0549
100 180  0.2202  0.0665 11.1268
108 180  0.0164  0.2197 10.1060
116 180  0.0440  0.0000  0.0000
124 180  0.5864  0.0000  0.0000
132 180  1.7739  0.0000 11.1304
140 180  2.9151  0.0000  0.0000
148 180  3.3235  0.1000  5.4468
156 180  2.6404  0.0000  0.0000
164 180  1.8698  0.0000 11.1304
172 180  1.0376  0.0000 17.2183
180 180  0.4910  0.0000  0.0000
188 180  0.5362  0.0000  0.0000
196 180  0.9765  0.0000 11.1304
204 180  1.5756  0.0000  0.0000
212 180 -0.3748  0.0000 11.1304
220 180 -0.2711  0.0000  0.0000
228 180 -0.1604  0.0000 11.1304
236 180 -0.0295  0.0000  0.0000
244 180 -0.0723  0.0000 11.1304
252 180  0.0328  0.0000 11.1304
260 180  0.1249  0.0000  0.0000
268 180  0.2394  0.0000  0.0000
276 180  0.2381  0.0000 11.1304
284 180  0.1500  0.0000  0.0000
292 180  0.0416  0.0000  0.0000
  4 188 -0.0365  0.0000 17.2183
 12 188 -0.0738  0.0000 16.1088
 20 188 -0.0808  0.0000  0.0000
 28 188 -0.1138  0.1378 11.4627
 36 188 -0.0989  0.0000 11.1304
 44 188  0.1391  0.0000  0.0000
 52 188  1.0024  0.0000  0.0000
 60 188  2.2923  0.0000  0.0000
 68 188  3.4112  0.0000  0.0000
 76 188  3.4754  0.0000 16.1088
 84 188  1.5184  0.0000 16.1088
 92 188  0.7651  0.0000 10.2693
100 188  0.0236 -0.1885 16.6627
108 188 -0.0136 -0.1807  7.9395
116 188  0.6888  0.0000  0.0000
124 188  1.4220  0.0000  0.0000
132 188  2.2935  0.0000  0.0000
140 188 -0.3840  0.0000 11.1304
148 188 -0.3793  0.0000  0.0000
156 188 -0.2924  0.0000  0.0000
164 188  0.0000  2.5000  8.8276
172 188 -0.0418 -0.1521 12.6567
180 188  0.2546  0.0000  0.0000
188 188  0.4391  0.0000 11.1304
196 188  0.4828  0.0000  0.0000
204 188  0.3823  0.0000  0.0000
212 188  0.2096  0.0000  0.0000
220 188  0.0497  0.0000  0.0000
228 188 -0.0186  0.0000 11.1304
236 188  0.0318  1.0000  5.4468
244 188  0.1960  2.5000 11.1304
252 188  0.0172  0.0000  8.2581
260 188 -0.0825  0.0000  0.0000
268 188  0.0913  0.2044 18.7317
276 188  1.1069  0.0000  0.0000
284 188  2.4156  0.0000  0.0000
292 188  3.5716  0.0000  0.0000
  4 196  3.7441 -2.0000 12.4053
 12 196  0.0000  0.5000 11.1304
 20 196  0.1173 -2.6740  8.7757
 28 196 -0.0391  0.0000 11.1304
 36 196  0.3719  0.0000 11.1304
 44 196  1.2187  0.0000  0.0000
 52 196  1.8121  0.0000  0.0000
 60 196  2.6817  0.0000  0.0000
 68 196 -0.2650  0.0000  0.0000
 76 196 -0.5502  0.0000 16.1088
 84 196 -0.7736  0.0000  0.0000
 92 196 -0.6908  0.0000 13.3565
100 196  0.0415 -0.2503  7.1197
108 196  0.6878  0.0000  0.0000
116 196  0.8792  0.0000 17.0667
124 196  0.8107  0.0000 16.1088
132 196  0.5574  0.0000  0.0000
140 196  0.2564  0.0000 11.1304
148 196  0.0000  4.5000  4.0635
156 196 -0.1297  0.0000 11.1304
164 196 -0.1790  0.0000  0.0000
172 196 -0.1960  0.0000 11.1304
180 196  0.0000 -0.5000  8.9154
188 196  0.0334  0.0000 11.1304
196 196  0.2709  0.0000 16.1088
204 196  0.9870  0.0000 11.1304
212 196  1.8440  0.0000 11.1304
220 196  2.3777  0.0000  0.0000
228 196  1.9216  0.0000 16.1088
236 196 -0.2669  0.0000 16.1088
244 196 -0.6632  0.0000 21.6135
252 196 -0.1151 -0.1151 16.5161
260 196  0.6230  0.0000 19.1045
268 196  1.5000  0.0000  8.2581
276 196  1.6625  0.0000 11.1304
284 196  2.3030  0.0000  0.0000
292 196  0.0000  2.5000  8.8276
  4 204 -0.5367  0.0000  8.4768
 12 204 -0.9900  0.0000 19.1045
 20 204 -1.0000  0.0000  9.2850
 28 204  1.5000  0.0000  8.2581
 36 204  1.4907  0.0000 11.1304
 44 204  1.3388  0.0000  0.0000
 52 204  1.1219  0.0000  0.0000
 60 204  0.6869  0.0000  0.0000
 68 204  0.2675  0.0000  0.0000
 76 204 -0.0512  0.0000  0.0000
 84 204 -0.2231  0.0000  0.0000
 92 204 -0.2555  0.0000  0.0000
100 204 -0.1631  0.0000  0.0000
108 204 -0.0050  0.0000  0.0000
116 204  0.0822  0.0000  0.0000
124 204  0.2725  0.0000  0.0000
132 204  0.6635  0.0000  0.0000
140 204  1.0404  0.0000  0.0000
148 204  1.0679  0.0000  0.0000
156 204  0.4907  0.0000  0.0000
164 204 -0.7278  0.0000  0.0000
172 204 -1.1838  2.5000  7.5779
180 204  0.2849  1.0000 13.1959
188 204  0.2595  0.0000 22.2609
196 204  0.0418  0.1521 12.6567
204 204  0.4011  0.0000 11.1304
212 204  0.9833  0.0000  0.0000
220 204  0.1826  0.0000  0.0000
228 204 -0.2117  0.0000  0.0000
236 204 -0.5000  0.0000  8.8276
244 204 -0.5000  2.0000  8.8276
252 204  0.6740  0.0000  0.0000
260 204  0.9468  0.0000 11.1304
268 204  1.2037  0.0000 20.7059
276 204  1.2378  0.0000 11.1304
284 204  0.6632  0.0000  0.0000
292 204  0.1805  0.0000  9.2850
  4 212 -0.1659  0.0000 11.1304
 12 212 -0.3458  0.0000 12.0455
 20 212 -0.3229  0.0000 11.1304
 28 212 -0.0638  0.0000 11.1304
 36 212  0.0250  0.0000  0.0000
 44 212  0.0515  0.0000  0.0000
 52 212  0.1321  0.0000 11.1304
 60 212  0.2903  0.0000 11.1304
 68 212  0.3802  0.0000 11.1304
 76 212  0.1745  0.0000 16.1088
 84 212 -0.1473  0.0000 11.1304
 92 212 -0.5351  0.0000  0.0000
100 212 -0.6699  0.0000  0.0000
108 212 -0.1222  0.0000  0.0000
116 212 -0.3282  0.0000  0.0000
124 212 -0.7782  0.0000  0.0000
132 212 -0.9014  0.0000  0.0000
140 212 -0.8173  0.0000  0.0000
148 212  0.4402  0.0000  0.0000
156 212  0.1902  0.0000  0.0000
164 212  0.0159  0.0000  0.0000
172 212  0.0000  2.5000  8.8276
180 212 -0.1180 -0.5000  9.2850
188 212  0.0000  2.5000  8.8276
196 212  0.7966  0.0000  0.0000
204 212  1.3070 -0.0337 12.4709
212 212  0.5000  0.0000 11.1304
220 212  0.0141  0.0000 16.1088
228 212 -0.3527  0.0000  0.0000
236 212 -0.5457  0.0000  0.0000
244 212 -0.5000  0.0342  8.6646
252 212  0.0000 -0.3577 13.4737
260 212 -0.0333  0.0000  0.0000
268 212 -0.0971  0.0000  0.0000
276 212 -0.1118  0.0000  0.0000
284 212 -0.0607  0.0000 11.1304
292 212  0.0000 -0.5000  8.8276
  4 220 -0.1960  0.0000 11.1304
 12 220  0.0000 -0.5000  8.8276
 20 220  0.3597  0.0000  0.0000
 28 220  0.1603  0.0000 11.9011
 36 220 -0.1221  0.0000 12.0628
 44 220 -0.7769  0.0000 11.1304
 52 220 -1.5854  0.0000  0.0000
 60 220 -2.2655  0.0000  0.0000
 68 220 -2.8209  0.0000  0.0000
 76 220  0.7469  0.0000 11.1304
 84 220  0.5399  0.0000 11.1304
 92 220  0.2837  0.0000 22.2609
100 220 -0.0940  0.0000  0.0000
108 220 -0.5762  0.0000  0.0000
116 220 -0.4496  0.0000  0.0000
124 220  0.4295  0.0000  0.0000
132 220  1.0287  0.0000  0.0000
140 220  0.5617  0.0000  0.0000
148 220 -0.0928  0.0000  0.0000
156 220 -0.6021  0.0000  0.0000
164 220 -0.8120  0.0000  0.0000
172 220 -0.6798  0.0000 16.1088
180 220 -0.3347  0.0000 16.1088
188 220 -0.3577  0.0000 13.4737
196 220 -0.3977  0.0000  0.0000
204 220 -0.4734  0.0000 11.1304
212 220 -0.5000  0.0000 11.1304
220 220 -0.3410  0.0000 11.1304
228 220  0.1528  0.0000  0.0000
236 220  1.3480  0.0000  0.0000
244 220  2.5000 -0.1588 10.5785
252 220  1.5000  0.0000  8.2581
260 220  0.2715  0.0000  0.0000
268 220 -1.0674  0.0000  0.0000
276 220 -2.4197  0.0000  0.0000
284 220 -3.6926  0.0000  0.0000
292 220 -4.8950  0.0000 11.1304
