VARIABLES= "X pix", "Y pix", "U pix/dt", "V pix/dt", "CHC", ZONE I=28, J=37
  4   4  0.0117  0.0108 10.6447
 12   4 -0.0048 -0.0082 11.7647
 20   4  0.0000  0.0000 10.0321
 28   4  0.0000  0.0000  9.7879
 36   4  0.0000  0.0000 10.8967
 44   4  0.0000  0.0000 11.0456
 52   4  0.0000  0.0000 10.6010
 60   4  0.0000  0.0000  9.4202
 68   4  0.0000  0.0000 10.0409
 76   4  0.0000  0.0000 10.9378
 84   4  0.0000  0.0000 10.8649
 92   4  0.0000  0.0000 11.8646
100   4 -0.0086 -0.0057 10.9917
108   4 -0.0102 -0.0119 11.2047
116   4  0.0104 -0.0029 11.2818
124   4  0.0000  0.0000 11.8362
132   4  0.0000  0.0000 11.7754
140   4  0.0000  0.0000 11.7754
148   4 -0.0398  0.0048 11.9137
156   4  0.0000  0.0000 11.9483
164   4  0.0000  0.0000 12.7678
172   4  0.0000 -0.0209 11.8613
180   4 -0.0413  0.0059 10.8891
188   4  0.0000  0.0000 10.8619
196   4  0.0071 -0.0140 11.7396
204   4 -0.0036  0.0026 11.7986
212   4  0.0052  0.0055 11.5611
220   4 -0.0318 -0.0044 11.4386
228   4  0.0000  0.0000 10.0348
236   4  0.0000  0.0000 10.1305
244   4  0.0000  0.0000 10.1204
252   4  0.0000  0.0000  9.5228
260   4  0.0000  0.0000 10.8453
268   4  0.0000  0.0000 10.5490
276   4  0.0000  0.0000 12.3152
284   4  0.0000  0.0000 13.0803
292   4  0.0000  0.0000 13.4111
  4  12  0.0000  0.0000  7.7427
 12  12  0.0147  0.0246  9.8797
 20  12  0.0000  0.0000  9.7627
 28  12 -0.0257  0.0115  9.0532
 36  12  0.0234 -0.0098 13.8038
 44  12  0.0032  0.0955 11.9037
 52  12  0.0000  0.0000  9.4223
 60  12  0.0000  0.0000  8.1150
 68  12  0.0000  0.0000 13.1384
 76  12  0.0000  0.0000 10.4897
 84  12  0.0000  0.0000  7.5806
 92  12  0.0000  0.0000  7.9015
100  12  0.0000  0.0000  7.5905
108  12 -0.0065  0.0844  9.0075
116  12  0.0400  0.0173  8.8794
124  12  0.0429  0.0032  9.1986
132  12 -0.0057  0.0106  9.4754
140  12  0.0000  0.0000  9.2738
148  12  0.0000  0.0000  9.1059
156  12 -0.0010  0.0563  9.5719
164  12  0.0291  0.0557 10.7487
172  12 -0.0094  0.0001 14.9067
180  12  0.0312 -0.0094 11.4559
188  12  0.0010 -0.0394  9.5904
196  12 -0.0006  0.0827  7.5794
204  12  0.0625  0.0683  9.1325
212  12  0.0000  0.0000 14.7298
220  12 -0.0025  0.0012 13.1451
228  12  0.0000  0.0000 11.4461
236  12  0.0000  0.0000 13.0776
244  12  0.0000  0.0000  8.8514
252  12  0.0000  0.0000 12.2135
260  12 -0.2800  0.0000 11.7188
268  12  0.0000  0.0000  9.2086
276  12  0.0000  0.0000  9.5561
284  12  0.0000  0.0000  8.1013
292  12  0.0000  0.0000  8.4772
  4  20  0.0118 -0.0423 17.4242
 12  20  0.0073  0.0001 15.2390
 20  20  0.0000  0.0000 13.2895
 28  20  0.0261 -0.0090 13.5626
 36  20  0.0008 -0.0644 13.9606
 44  20  0.0364  0.0055 13.9543
 52  20  0.0000  0.0000 14.7008
 60  20  0.0000  0.0000 19.8172
 68  20  0.0010 -0.0009 19.6086
 76  20  0.0000  0.0000 18.1255
 84  20  0.0000  0.0000 16.8446
 92  20  0.0000  0.0000 14.9165
100  20  0.0000  0.0000 10.9069
108  20  0.0000  0.0000 10.2305
116  20  0.0176  0.0384 14.8118
124  20 -0.0006 -0.0016 14.1263
132  20 -0.0003 -0.0009 15.5326
140  20  0.0000  0.0064 13.6795
148  20  0.0000  0.0000 15.3534
156  20  0.0038  0.0466 15.0816
164  20 -0.0005 -0.0167 15.3817
172  20 -0.0002 -0.0099 13.5758
180  20  0.0056  0.0212 19.3548
188  20  0.0000  0.0000 19.2355
196  20  0.0000  0.0000 19.5944
204  20  0.0265  0.0241 22.3377
212  20  0.0050  0.0018 26.5314
220  20  0.0012  0.0000 35.9100
228  20  0.0000  0.0836 15.7261
236  20  0.1933 -0.0081  9.8462
244  20 -0.0700 -0.0726  9.0808
252  20 -0.0084  0.0043 15.6249
260  20  0.0475 -0.0583 14.5716
268  20 -0.2591 -0.0057 12.5996
276  20  0.0000  0.0000 13.5077
284  20 -0.0545 -0.0031 20.6256
292  20  0.0000  0.0000 17.6475
  4  28 -0.0513 -0.0143  8.8291
 12  28 -0.0003 -0.0025  9.0599
 20  28  0.0000  0.0000  9.6900
 28  28  0.0101  0.0017 10.1413
 36  28  0.0000  0.0000 10.4998
 44  28  0.0000  0.0000 10.0683
 52  28  0.0003  0.0008 10.1165
 60  28 -0.0127 -0.0012  9.8863
 68  28 -0.0185 -0.0014 10.0596
 76  28  0.0015  0.0193 10.3399
 84  28  0.0000  0.0000  9.6054
 92  28  0.0000  0.0000  9.7168
100  28  0.0000  0.0000 11.8566
108  28  0.0000  0.0000 16.4856
116  28 -0.0037 -0.0050  8.9373
124  28  0.0000  0.0000 10.0336
132  28  0.0000  0.0000  8.8144
140  28  0.0073 -0.0007  8.9768
148  28  0.0007 -0.0008  9.3214
156  28  0.0000  0.0000 15.7019
164  28  0.0000  0.0000 15.3573
172  28 -0.0164  0.0077 15.0097
180  28 -0.0031 -0.0124 14.5670
188  28  0.0000  0.0000 11.6359
196  28 -0.0008 -0.0128 14.5031
204  28  0.0000  0.0000  9.0874
212  28  0.0000  0.0000  9.6123
220  28 -0.0231  0.0021  9.9907
228  28  0.0000  0.0000  9.9740
236  28  0.0195  0.0153  9.2980
244  28 -0.0132  0.0012  8.9935
252  28  0.0000  0.0000  9.6004
260  28  0.0047 -0.0035 12.7410
268  28  0.0041 -0.0217 15.2606
276  28 -0.0202 -0.0079 14.1273
284  28 -0.0017  0.0022 30.4403
292  28  0.0000  0.0000 14.3793
  4  36  0.0000  0.0000  7.6821
 12  36  0.0000  0.0000  7.3294
 20  36  0.0000  0.0000  6.6609
 28  36  0.0000  0.0000  6.6538
 36  36  0.0000 -0.0000  6.2751
 44  36  0.2124 -0.0293  5.6276
 52  36  0.0000  0.0000  7.9175
 60  36  0.0000  0.0000 14.6166
 68  36  0.0000  0.0000 13.9255
 76  36  0.0305 -0.0047 10.6391
 84  36  0.0000  0.0000 12.3152
 92  36  0.0000  0.0000 11.5376
100  36  0.0000  0.0000  8.7312
108  36  0.0000  0.0000  7.9667
116  36  0.0000  0.0000  7.5285
124  36  0.0000  0.0000  6.9503
132  36  0.0000  0.0000 17.0667
140  36  0.0000  0.0000 11.1304
148  36  0.0794 -0.0438 17.1023
156  36  0.0007  0.0146 11.2860
164  36  0.0000  0.0000 19.2862
172  36  0.0000  0.0000 12.5060
180  36  0.0000  0.0000 12.3651
188  36  0.0000  0.0000 13.5278
196  36  0.0143 -0.0026  9.7314
204  36  0.0000  0.0000 12.7075
212  36  0.0000  0.0000 12.7068
220  36  0.0000  0.0000 14.6166
228  36  0.0000  0.0000 14.4906
236  36  0.0000  0.0000 13.8188
244  36  0.0000  0.0000 14.0146
252  36  0.0000  0.0000 13.6955
260  36  0.0000  0.0000 12.2259
268  36  0.0000  0.0000 14.6762
276  36  0.0000  0.0000  7.6026
284  36  0.0000  0.0000  9.9425
292  36  0.0000  0.0000  7.7844
  4  44  0.0000  0.0000 11.1304
 12  44  0.0000  0.0000 19.1591
 20  44  0.0000  0.0000 16.2968
 28  44  0.0000  0.0000 12.8227
 36  44  0.0000  0.0000 12.8227
 44  44  0.0000  0.0000 12.1260
 52  44  0.0000  0.0000 10.4230
 60  44  0.0000  0.0000  8.7453
 68  44  0.0000  0.0000  8.5951
 76  44  0.0000  0.0000  8.5829
 84  44  0.0000  0.0000 16.1088
 92  44  0.0000  0.0000 12.0628
100  44  0.0000  0.0000 11.1304
108  44  0.0000  0.0000 11.1304
116  44  0.0000  0.0000  0.0000
124  44  0.0000  0.0000 11.1304
132  44  0.0000  0.0000  0.0000
140  44  0.0000  0.0000  0.0000
148  44 -0.1847  0.0323 10.9777
156  44  0.0000  0.0000 15.2762
164  44  0.0057 -0.0231 11.9079
172  44  0.0000  0.0000 10.3591
180  44  0.0000  0.0000  9.8316
188  44 -0.0119 -0.0311 13.4760
196  44 -0.0015  0.0080 10.7240
204  44 -0.0880 -0.0378  8.0851
212  44  0.0000  0.0000  9.1929
220  44  0.0000  0.0000  8.9436
228  44  0.0000  0.0000 10.6826
236  44  0.0000  0.0000 14.2858
244  44  0.0000  0.0000 11.9585
252  44  0.0000  0.0000 13.6433
260  44  0.0000  0.0000 15.2515
268  44  0.0000  0.0000 11.1304
276  44  0.0000  0.0000 11.9011
284  44  0.0000  0.0000 11.1263
292  44  0.0000  0.0000 11.3629
  4  52  0.0000  0.0000 10.5606
 12  52  0.0000  0.0000  8.6690
 20  52  0.0000  0.0000  9.7494
 28  52  0.0000  0.0000  9.3279
 36  52  0.0000  0.0000 11.1304
 44  52  0.0000  0.0000 11.1304
 52  52  0.0000  0.0000  0.0000
 60  52  0.0000  0.0000  0.0000
 68  52  0.0000  0.0000 11.1304
 76  52  0.0000  0.0000 16.1088
 84  52  0.0000  0.0000  0.0000
 92  52  0.0000  0.0000 16.1088
100  52  0.0000  0.0000 11.1304
108  52  0.0000  0.0000  0.0000
116  52  0.0000  0.0000 16.1088
124  52  0.0000  0.0000 11.1304
132  52  0.0000  0.0000  0.0000
140  52  0.0000  0.0000  0.0000
148  52  0.0000  0.0000  0.0000
156  52 -0.0023 -0.0063 11.3704
164  52  0.0000  0.0000 26.8181
172  52  0.0000  0.0000 11.7460
180  52  0.0000  0.0000 16.0100
188  52  0.0000 -0.0009 18.8928
196  52  0.0000  0.0000  9.5200
204  52  0.0000  0.0000  9.2779
212  52  0.0000  0.0000 17.0667
220  52  0.0000  0.0000 10.9491
228  52  0.0000  0.0000 11.1304
236  52  0.0000  0.0000 13.5773
244  52  0.0000  0.0000  9.5231
252  52  0.0000  0.0000 12.2639
260  52 -0.0145 -0.1321 10.6586
268  52  0.0000  0.0000  9.0909
276  52  0.0000  0.0000  9.4135
284  52  0.0000  0.0000 12.4405
292  52  0.0000  0.0000 13.2514
  4  60  0.0000  0.0000 11.1304
 12  60  0.0000  0.0000 20.7059
 20  60  0.0000  0.0000  0.0000
 28  60  0.0000  0.0000  0.0000
 36  60  0.0000  0.0000 11.1304
 44  60  0.0000  0.0000 16.1088
 52  60  0.0000  0.0000 11.1304
 60  60  0.0000  0.0000 11.1304
 68  60  0.0000  0.0000 11.1304
 76  60  0.0000  0.0000 11.1304
 84  60  0.0000  0.0000 11.1304
 92  60  1.3070  0.0337 12.4709
100  60  0.0000  0.0000  0.0000
108  60 -0.0677 -0.2414 11.7124
116  60  0.0000  0.0000 16.1088
124  60  0.0000  0.0000  0.0000
132  60  0.0000  0.0000  0.0000
140  60  0.0000  0.0000  8.8276
148  60  0.0000  0.0000  7.0509
156  60  0.0167  0.0007 18.8325
164  60 -0.0074 -0.0052 18.5143
172  60  0.0000  0.0000 11.5967
180  60  0.0000  0.0000 11.7188
188  60  0.0000  0.0000 18.7108
196  60 -0.0000  0.0000  7.5040
204  60  0.0000  0.0000 10.6090
212  60  0.0000  0.0000 11.0903
220  60  0.0000  0.0000 11.0903
228  60  0.0000  0.0000 11.5903
236  60  0.2208  0.1192  7.0932
244  60  0.0000  0.0000  8.5951
252  60  0.0000  0.0000  8.8141
260  60  0.0000  0.0000 11.0903
268  60  0.0000  0.0000  9.5538
276  60  0.0000  0.0000 15.5956
284  60  0.0000  0.0000 15.2515
292  60  0.0000  0.0000 10.4450
  4  68  0.0000  0.0000 11.1304
 12  68  0.0000  0.0000  0.0000
 20  68  0.0000  0.0000  0.0000
 28  68  0.0000  0.0000 11.1304
 36  68  0.0000  0.0000  0.0000
 44  68  0.0000  0.0000 11.1304
 52  68  0.0000  0.0000 11.1304
 60  68  0.0000  0.0000  0.0000
 68  68  0.0000  0.0000  9.2086
 76  68 -2.8274 -0.3035  7.6077
 84  68  0.0000  0.0000 16.2126
 92  68 -0.0155 -0.0578 19.3970
100  68  0.1056 -1.5746 10.0855
108  68  0.0000  0.0000 19.1045
116  68  0.0000  0.0000 19.1471
124  68  0.0000  0.0000 13.3565
132  68  0.0000  0.0000  0.0000
140  68  0.0000  0.0000  0.0000
148  68 -0.0199  0.0511 18.4336
156  68 -0.1033  0.2318  6.9837
164  68  0.0000  0.0000  6.7868
172  68  0.0000 -0.0135  8.7605
180  68  0.0000  0.0000 16.8148
188  68  0.0000  0.0000  8.8569
196  68  0.0000  0.0000 13.9957
204  68  0.0000  0.0000  9.2086
212  68  0.0000  0.0000 16.1088
220  68  0.0000  0.0000 11.1304
228  68  0.0000  0.0000  0.0000
236  68 -0.1468 -0.7158 12.0903
244  68  0.0000  0.0000  0.0000
252  68  0.0000  0.0000  0.0000
260  68  0.0000  0.0000  0.0000
268  68  0.0000  0.0000  9.2086
276  68  0.0000  0.0000  8.6413
284  68  0.0000  0.0000 13.8188
292  68 -0.0000  0.0000  9.1934
  4  76  0.0000  0.0000  0.0000
 12  76  0.0000  0.0000 11.1304
 20  76  0.0000  0.0000  0.0000
 28  76  0.0000  0.0000  0.0000
 36  76  0.0000  0.0000  0.0000
 44  76  0.0000  0.0000 11.1304
 52  76  0.0000  0.0000  0.0000
 60  76  0.0000  0.0000 16.1088
 68  76  0.0000  0.0000 16.2126
 76  76  0.0367  0.0283 11.5264
 84  76  0.0000  0.0000 22.2609
 92  76  0.0000  0.0000 13.0803
100  76  0.0000  0.0000 19.4783
108  76  0.0000  0.0000 12.9245
116  76  0.0000  0.0000  0.0000
124  76 -0.7389 -0.5000  8.0688
132  76  0.0000  0.0000 11.1304
140  76  0.0000  0.0000 11.9011
148  76  0.0000  0.0000 12.0455
156  76  0.0000  0.0000 12.3299
164  76  0.0000  0.0000 16.1088
172  76 -1.0492  0.0305 12.6667
180  76  0.0000  0.0000  0.0000
188  76  0.0245  0.1614 16.5879
196  76  0.0000  0.0000  8.0000
204  76  0.0000  0.0000 20.7059
212  76  0.0000  0.0000 16.1088
220  76  0.0000  0.0000 11.1304
228  76 -0.0418  0.1521 12.6567
236  76  0.0000  0.0000 11.1304
244  76  0.0000  0.0000  0.0000
252  76  0.0000  0.0000  0.0000
260  76  0.0000  0.0000  0.0000
268  76  0.0000  0.0000  0.0000
276  76  0.0000  0.0000  0.0000
284  76  0.0000  0.0000 16.1088
292  76  0.0000  0.0000 11.1304
  4  84     NaN  0.0000 17.0667
 12  84  0.0000  0.0000  0.0000
 20  84  0.0000  0.0000  0.0000
 28  84  0.0000  0.0000 19.4783
 36  84  0.0000  0.1960 11.1304
 44  84  0.0000  0.0000 13.7892
 52  84  0.0000  0.0000 17.0667
 60  84  0.0000  0.0000 11.7363
 68  84 -0.1404  0.0346  7.5167
 76  84 -0.0887 -0.2941  7.3456
 84  84  0.0866  0.0327 14.1559
 92  84 -0.0913  0.2044 18.7317
100  84  0.0000  0.0000 16.1088
108  84  0.0000  0.0000  8.0000
116  84  0.0000  0.0000 13.3565
124  84  0.0000  0.0000 16.1088
132  84  0.0000  0.0000 11.1304
140  84  0.0000  0.0000 16.1088
148  84  0.0000  0.0000 14.5615
156  84  0.0000  0.0000 11.1304
164  84  0.0000  0.0000 11.1304
172  84  0.0000  0.0000 17.0667
180  84  0.0000  0.0000  0.0000
188  84  0.0000  0.0000  0.0000
196  84  0.0000  0.0000 18.5922
204  84  0.0000  0.0000 21.6135
212  84  0.0000  0.0000 11.1304
220  84  0.0000  0.0000  0.0000
228  84  0.0000  0.0000 13.0803
236  84  0.0000  0.0000  0.0000
244  84  0.0000  0.0000  0.0000
252  84  0.0000  0.0000  0.0000
260  84  0.0000  0.0000  0.0000
268  84  0.0000  0.0000  0.0000
276  84  0.0000  0.0000  0.0000
284  84  0.0000  0.0000  0.0000
292  84  0.0000  0.0000  8.0000
  4  92  0.0000  0.0000 11.1304
 12  92  0.0000  0.0000 19.4783
 20  92  0.0000  0.0000 11.0903
 28  92 -0.5000  0.0000 11.1304
 36  92  0.0000  0.0000 16.1088
 44  92  0.0000  0.0000 24.3712
 52  92  0.0000  0.0000  9.4216
 60  92  0.0000  0.0000 13.7892
 68  92 -0.3516  0.1883  9.5064
 76  92  0.1600  0.1934 10.3796
 84  92  0.0000  0.0000 19.1471
 92  92  0.1195 -1.0576  7.0137
100  92  0.0000  2.5000  8.8276
108  92  0.0000  0.0000 16.1088
116  92  0.0000  0.0000 12.0628
124  92  0.0000  0.0000 11.1304
132  92  0.0000  0.0000 11.1304
140  92  0.0000  0.0000 16.1088
148  92  0.0000  0.0000 12.0455
156  92  0.0000  0.0000  0.0000
164  92  0.0000  0.0000 11.1304
172  92  0.0000  0.0000 11.1304
180  92  0.0000  0.0000  0.0000
188  92  0.0000  0.0000  0.0000
196  92  0.0000  0.0000  0.0000
204  92  0.0000  0.0000 11.1304
212  92  0.0000  0.0000 11.1304
220  92  0.0000  0.0000 11.1304
228  92  0.0000  0.0000 22.2609
236  92  0.0000  0.0000  0.0000
244  92  0.0000  0.0000 11.1304
252  92  0.0000  0.0000  0.0000
260  92  0.0000  0.0000  0.0000
268  92  0.0000  0.0000  0.0000
276  92  0.0000  0.0000  0.0000
284  92  0.0000  0.0000 11.1304
292  92 -0.1180 -0.5000  9.2850
  4 100  0.0000  0.0000  8.7801
 12 100  0.0000  0.0000 10.1261
 20 100  0.0000  0.0000  9.4208
 28 100  0.0000  0.0000 13.5576
 36 100  0.0000  0.0000 10.1261
 44 100  0.0000  0.0000 12.0342
 52 100  0.0000  0.0000  8.9217
 60 100  0.0000  0.0000  7.8087
 68 100  0.0000  0.0000 11.1304
 76 100  0.0000  0.0000 11.1304
 84 100  0.0000  0.0000  0.0000
 92 100  0.0000  0.0000  0.0000
100 100  0.0000  0.0000 11.1304
108 100  0.0000  0.0000  0.0000
116 100  0.0000  0.0000  0.0000
124 100  0.0000  0.0000  0.0000
132 100  0.0000  0.0000 11.1304
140 100  0.0000  0.0000 16.1088
148 100  0.0000  0.0000 12.0455
156 100  0.0000  0.0000 16.1088
164 100  0.1146  0.0101 17.4161
172 100  0.0000  0.0000 16.6956
180 100 -0.1834  0.0484 13.7039
188 100  0.0000  0.0000 21.6135
196 100  0.0000  0.0000  0.0000
204 100  0.0000  0.0000 11.1304
212 100  0.0000  0.0000 11.1304
220 100  0.0000  0.0000  0.0000
228 100  0.0000  0.0000 11.1304
236 100  1.7556 -0.0380 14.3918
244 100  0.0000  0.0000 16.1088
252 100  0.0000  0.0000  0.0000
260 100  0.0000  0.0000  0.0000
268 100  0.0000  0.0000  0.0000
276 100  0.0000  0.0000 11.1304
284 100  0.0000  0.0000 11.1304
292 100  2.5000  0.1588 10.5785
  4 108  0.0000  0.0000  8.9379
 12 108  0.0000  0.0000  9.7047
 20 108  0.0000  0.0000 11.9011
 28 108  0.0000  0.0000  8.0000
 36 108  0.0000  0.0000  9.4208
 44 108  0.0000  0.0000  9.9956
 52 108  0.0000  0.0000 10.1448
 60 108 -0.0000  0.0000  9.1934
 68 108  0.0000  0.0000 10.4024
 76 108 -0.5689  0.1396  9.0619
 84 108  0.0000  0.0000  0.0000
 92 108  0.0000  0.0000  0.0000
100 108  0.0000  0.0000  0.0000
108 108  0.0000  0.0000 11.1304
116 108  0.0000  0.0000 11.1304
124 108  0.0000  0.0000 12.0628
132 108  0.0000  0.0000 16.1088
140 108  0.0000  0.0000 11.1304
148 108  0.0000  0.0000 10.1191
156 108  0.0000  0.0000 11.1304
164 108  0.0000  0.0000 11.1304
172 108  0.0000  0.0000  9.2850
180 108  0.0000  0.0000 20.7059
188 108  0.1151  0.1151 16.5161
196 108  0.0000  0.0000  0.0000
204 108  0.0000  0.0000  0.0000
212 108  0.0000  0.0000 11.1304
220 108  0.0000  0.0000 11.1304
228 108  0.0000  0.0000  0.0000
236 108  0.0000  0.0000  0.0000
244 108  0.0000  0.0000  0.0000
252 108  0.0000  0.0000 11.1304
260 108  0.0000  0.0000  0.0000
268 108  0.0000  0.0000 11.1304
276 108  0.0000  0.0000  0.0000
284 108  0.0000  0.0000 16.1088
292 108  2.5000 -0.1588 10.5785
  4 116  0.0000  0.0000  8.8167
 12 116  0.1841 -0.0418 12.3683
 20 116  0.0000  0.0000  0.0000
 28 116  0.0000  0.0000 11.1304
 36 116  0.0000  0.0000 10.3154
 44 116  0.0000  0.0000 10.5976
 52 116  0.0000  0.0000 12.8600
 60 116  0.0000  0.0000 11.9011
 68 116  0.0000  0.0000  0.0000
 76 116  0.0000  0.0000 22.2609
 84 116  0.0000  0.0000 12.0628
 92 116  0.3329  0.0842  7.1879
100 116  0.2921  0.0670 14.1785
108 116  0.0000  0.0000  0.0000
116 116  0.0000  0.0000  0.0000
124 116  0.0000  0.0000  0.0000
132 116  0.0000  0.0000 11.1304
140 116  0.0000  0.0000 11.9011
148 116 -0.4043 -0.4043  8.0000
156 116  0.0000  0.0000 11.1304
164 116  0.0000  0.0000 16.1088
172 116  0.0000  0.0000 11.1304
180 116  4.5000  4.5000  4.0635
188 116  0.0000  0.0000  0.0000
196 116  0.0000  0.0000 11.1304
204 116  0.0000  0.0000 11.1304
212 116  0.0000  0.0000 11.1304
220 116  0.0000  0.0000  0.0000
228 116  0.0000  0.0000 11.1304
236 116  0.0000  0.0000  0.0000
244 116  0.0000  0.0000 11.1304
252 116  0.0000  0.0000 17.0667
260 116  0.0000  0.0000 16.1088
268 116  0.0000  0.0000  0.0000
276 116  0.0000  0.0000  0.0000
284 116  0.0000  0.0000 11.1304
292 116  1.0000  0.0000  9.2850
  4 124  0.0127  0.6178 10.4936
 12 124  0.0000  0.0000 11.1304
 20 124  0.0000  0.0000 11.1304
 28 124 -0.5000  0.0000  8.8276
 36 124  0.0000  0.0000  0.0000
 44 124  0.0000  0.0000  0.0000
 52 124  0.0000  0.0000 16.1088
 60 124  0.0000  0.0000  8.0000
 68 124  0.0000  0.0000  0.0000
 76 124  0.0000  0.0000  0.0000
 84 124  0.0000  0.0000 22.2609
 92 124  0.0000  0.0000  0.0000
100 124  0.0000  0.0000 22.2609
108 124  0.0000  0.0000 16.1088
116 124  0.0000  0.0000  0.0000
124 124  0.0000  0.0000 11.1304
132 124  0.0000  0.0000  0.0000
140 124  0.0000  0.0000  0.0000
148 124  0.0000  0.0000  0.0000
156 124  0.0000  0.0000  0.0000
164 124  0.0000  0.0000  0.0000
172 124  0.0000  0.0000  0.0000
180 124  0.0000  0.0000 19.1045
188 124  0.0000  0.0000 11.1304
196 124  0.1151  0.1151 16.5161
204 124  0.0000  0.0000  0.0000
212 124  0.0000  0.0000  0.0000
220 124  0.0000  0.0000  0.0000
228 124  0.0000  0.0000  0.0000
236 124  0.0000  0.0000 11.1304
244 124  0.0000  0.0000 11.1304
252 124  0.0000  0.0000 16.1088
260 124  0.0000  0.0000  8.2581
268 124  0.0000  0.0000 16.1088
276 124  0.0000  0.0000 11.1304
284 124  0.0000  0.0000 11.1304
292 124 -0.5000 -0.1525  9.9121
  4 132 -0.5000  0.1588 10.5785
 12 132  0.0000  0.0000 12.0628
 20 132  0.0000  0.0000 16.1088
 28 132  0.0000  0.0000  0.0000
 36 132  0.0000  0.0000  0.0000
 44 132  0.0000  0.0000  0.0000
 52 132  0.0000  0.0000 16.1088
 60 132  0.0000  0.0000 12.0628
 68 132  0.0000  0.0000  0.0000
 76 132  0.0000  0.0000 12.5445
 84 132 -0.2494 -0.0599  9.5231
 92 132  0.2404  0.0190 14.2104
100 132  0.0000  0.0000  0.0000
108 132  0.0000  0.0000 11.1304
116 132  0.0000  0.0000 16.9590
124 132  0.0000  0.0000 11.1304
132 132  0.0000  0.0000  0.0000
140 132  0.0000  0.0000 11.1304
148 132  0.0000  0.0000  0.0000
156 132  0.0000  0.0000  0.0000
164 132  0.0000  0.0000  8.0000
172 132  0.0000  0.0000 13.1641
180 132  0.0000  0.0000 13.0803
188 132  0.0000  0.0000  0.0000
196 132  0.0000  0.0000 11.1304
204 132 -0.5000  0.0000  8.8276
212 132  0.0000  0.0000  0.0000
220 132  0.0000  0.0000  0.0000
228 132  0.0000  0.0000 11.1304
236 132  0.0000  0.0000  8.0000
244 132  0.0000  0.0000  0.0000
252 132  0.0000  0.0000 11.1304
260 132  0.0000  0.0000  0.0000
268 132  0.0000  0.0000 16.1088
276 132  0.0000  0.0000 11.1304
284 132  0.0000  0.0000 10.4619
292 132  0.0000  0.0000 10.0049
  4 140  0.0000  0.0000 20.7059
 12 140  0.0000  0.0000 11.1304
 20 140  0.0000  0.0000 11.1304
 28 140  0.0000  0.0000  0.0000
 36 140  0.0000  0.0000  0.0000
 44 140  0.0000  0.0000 11.1304
 52 140  0.0000  0.0000 20.7059
 60 140  0.0000  0.0000 12.0455
 68 140  0.0000  0.0000  9.2850
 76 140  0.0000  0.0000 13.4158
 84 140  0.0000  0.0000  9.9341
 92 140  0.0000  0.0000 16.6957
100 140  0.0000  0.0000 11.1304
108 140  0.0000  0.0000 16.1088
116 140 -0.5000  0.0000  8.8276
124 140  0.0000  0.0000  0.0000
132 140  0.0000  0.0000 11.1304
140 140  0.0000  0.0000  0.0000
148 140  0.0000  0.0000  0.0000
156 140  0.0000  0.0000  0.0000
164 140  0.0000  0.0000 12.0628
172 140  0.0000  0.0000 11.1304
180 140  0.0000  0.0000 11.1304
188 140  0.0000  0.0000  0.0000
196 140  0.0000  0.0000  0.0000
204 140  0.0000  0.0000 11.1304
212 140  0.0000  0.0000  7.3143
220 140  0.0000  0.0000  0.0000
228 140  0.0000  0.0000  0.0000
236 140  0.0000  0.0000 11.1304
244 140  0.0000  0.0000  0.0000
252 140  0.0000  0.0000  0.0000
260 140  0.0000  0.0000 11.1304
268 140  0.0000  0.0000  0.0000
276 140  0.0000  0.0000 11.1304
284 140  0.0000  0.0000 11.1304
292 140  0.0000  0.0000 10.4831
  4 148  0.0000  0.0000  0.0000
 12 148  0.0000  0.0000 11.1304
 20 148  0.0000  0.0000 11.1304
 28 148  0.0000  0.0000  0.0000
 36 148  0.0000  0.0000 16.1088
 44 148  0.0000  0.0000  0.0000
 52 148  0.0000  0.0000 16.1088
 60 148  0.0000  0.0000 16.1088
 68 148  0.0000  0.0000 11.1304
 76 148  0.0000  0.0000  9.4815
 84 148  0.0000  0.0000 16.1088
 92 148 -0.5000  0.0000  8.8276
100 148  0.0000  0.0000 11.1304
108 148 -0.5000  0.0000  8.8276
116 148  0.0000  0.0000 11.1304
124 148  0.0000  0.0000  0.0000
132 148  0.0000  0.0000 11.1304
140 148  0.0000  0.0000 16.1088
148 148  0.0000  0.0000  0.0000
156 148  0.0000 -2.0000 11.1304
164 148  0.0000  0.0000 11.2521
172 148  0.0000  0.0000  0.0000
180 148  0.0000  0.0000  0.0000
188 148  0.0000  0.0000  0.0000
196 148  0.0000  0.0000 11.1304
204 148  0.0000  0.0000 16.1088
212 148  0.0000  0.0000 13.5576
220 148  0.0000  0.0000  0.0000
228 148  0.0000  0.0000 16.1088
236 148  0.0000  0.0000 11.1304
244 148  0.0000  0.0000  8.0000
252 148  0.0000  0.0000 11.1304
260 148  0.0000  0.0000 11.1304
268 148  0.0000  0.0000  0.0000
276 148  0.0000  0.0000 11.1304
284 148  0.0000  0.0000  0.0000
292 148  0.0000  0.0000 12.0067
  4 156  0.0000  0.0000  8.4768
 12 156  0.0000  0.0000 11.1304
 20 156  0.0000  0.0000  0.0000
 28 156  0.0000  0.0000  0.0000
 36 156 -0.4043 -0.4043  8.0000
 44 156     NaN  0.0000 17.0667
 52 156  0.0000  0.0000 16.1088
 60 156  0.0000  0.0000 11.1304
 68 156  0.0000  0.0000  0.0000
 76 156  0.0000  0.0000 11.1304
 84 156  0.0000  0.0000  0.0000
 92 156  0.0000  0.0000  0.0000
100 156 -1.0000  0.0000  9.2850
108 156  0.1927 -0.0788 17.1842
116 156  0.0000  0.0000 16.1088
124 156  0.0000  0.0000  0.0000
132 156  0.0000  0.0000  0.0000
140 156  0.0000  0.0000 11.1304
148 156 -0.2870  0.2457  6.8591
156 156  0.0000  0.0000 13.7366
164 156  0.0000  0.0000 18.3524
172 156  0.0000  0.0000  8.4768
180 156  0.0000  0.0000  0.0000
188 156  0.0000  0.0000 11.1304
196 156  0.0000  0.0000  0.0000
204 156  0.0000  0.0000 11.1304
212 156  0.0000  0.0000 11.1304
220 156  0.0000  0.0000 11.1304
228 156  0.5000  0.0000  8.4768
236 156  0.0000  0.0000  0.0000
244 156  0.0000  0.0000 20.7059
252 156  0.0000  0.0000 19.4783
260 156  0.0000  0.0000 11.1304
268 156  0.0000  0.0000  0.0000
276 156  0.0000  0.0000  0.0000
284 156  0.0000  0.0000  8.0000
292 156  0.0000  0.0000 13.3565
  4 164 -1.5000  0.0000  8.2581
 12 164  0.0000  0.0000  0.0000
 20 164  0.0000  0.0000  0.0000
 28 164  0.0000  0.0000 11.1304
 36 164 -0.5000  0.0000  8.8276
 44 164  0.0000  0.0000 11.1304
 52 164  0.0000  0.0000 11.1304
 60 164  0.0000  0.0000  0.0000
 68 164  0.0000  0.0000  0.0000
 76 164  0.0000  0.0000  0.0000
 84 164  0.0000  0.0000 11.1304
 92 164  0.0000  0.0000  0.0000
100 164 -0.0698  0.2911 10.5124
108 164  0.0000  0.0000 13.7314
116 164  0.0000  0.0000  0.0000
124 164  0.0000  0.0000 16.1088
132 164  0.0000  0.0000 11.1304
140 164  0.0000  0.0000  0.0000
148 164  0.0000  0.0000 22.2609
156 164  0.0000  0.0000  7.3911
164 164  0.0000  0.0000 16.1088
172 164  0.2802 -0.0546 12.7691
180 164  0.0000  0.0000 11.1304
188 164  0.0000  0.0000 11.1304
196 164  0.0000  0.0000  0.0000
204 164  0.0000  0.0000 11.1304
212 164  0.0000  0.0000 16.1088
220 164  0.0000  0.0000  0.0000
228 164  0.0000  0.0000  0.0000
236 164  0.0000  0.0000  0.0000
244 164  0.0000  0.0000  0.0000
252 164  0.0000  0.0000  0.0000
260 164  0.0000  0.0000 11.1304
268 164  0.0000  0.0000 11.1304
276 164  0.0000  0.0000 11.1304
284 164  0.0000  0.0000  0.0000
292 164  0.0000  0.0000  0.0000
  4 172  0.0000  0.0000 11.1304
 12 172 -0.3290 -2.8274  8.0000
 20 172  0.0000  0.0000 11.1304
 28 172  0.0000  0.0000 11.1304
 36 172  0.0000  0.0000 16.1088
 44 172  0.0000  0.0000 16.1088
 52 172  0.0000  0.0000  0.0000
 60 172  0.0000  0.0000  0.0000
 68 172  0.0000  0.0000 11.1304
 76 172  0.0000  0.0000  0.0000
 84 172  0.0000  0.0000  0.0000
 92 172  0.0000  0.0000  0.0000
100 172 -0.0804 -0.5000  9.5223
108 172 -0.0144  0.1624 11.7906
116 172 -0.7920  0.3141  8.4131
124 172  0.0000  0.0000 11.1304
132 172  0.0000  0.0000 11.1304
140 172  0.0000  0.0000 11.1304
148 172  0.0000  0.0000 11.1304
156 172  0.0000  0.0000 11.1304
164 172  0.2922  0.3837  7.7576
172 172 -0.0391 -0.5000  9.3822
180 172  0.0000  0.0000  0.0000
188 172  0.0000  0.0000 11.1304
196 172  0.0000  0.0000 11.1304
204 172  0.0000  0.0000 11.1304
212 172  0.0000  0.0000  0.0000
220 172  0.0000  0.0000 11.1304
228 172  0.0000  0.0000 19.4783
236 172  0.0000  0.0000  0.0000
244 172  0.0000  0.0000  0.0000
252 172  0.0000  0.0000  0.0000
260 172  0.0000  0.0000 19.4783
268 172  0.0000  0.0000 19.4783
276 172  0.0000  0.0000  0.0000
284 172  0.0000  0.0000  0.0000
292 172  0.0000  0.0000  0.0000
  4 180     NaN  0.0000 17.0667
 12 180  0.0000  0.0000 16.1088
 20 180  0.0000  0.0000 11.1304
 28 180 -0.1760  0.0000 15.0588
 36 180  0.0000  0.0000 11.1304
 44 180  0.0000  0.0000  0.0000
 52 180  0.0000  0.0000 11.1304
 60 180  0.0000  0.0000  0.0000
 68 180  0.0000  0.0000  0.0000
 76 180  0.0000  0.0000 11.1304
 84 180  0.0000  0.0000  0.0000
 92 180  2.1763 -0.0612  8.3212
100 180  0.2614  0.0323 10.5709
108 180  0.0000  0.0000 10.1078
116 180  0.0000  0.0000 11.1304
124 180  0.0000 -0.5000  8.8276
132 180  0.0000  0.0000 11.1304
140 180  0.0000  0.0000  0.0000
148 180  0.0000  0.0000 16.1088
156 180  0.0000  0.0000 11.1304
164 180 -1.0000  0.0000  9.2850
172 180  0.0000  0.0000 11.1304
180 180  0.0000  0.0000  0.0000
188 180  0.0000  0.0000  0.0000
196 180  0.0000  0.0000 11.1304
204 180  0.0000  0.0000 16.1088
212 180  0.0000  0.0000 11.1304
220 180  0.0000  0.0000  0.0000
228 180  0.0000  0.0000 11.1304
236 180  0.0000  0.0000  0.0000
244 180  0.0000  0.0000 11.1304
252 180  0.0000  0.0000  0.0000
260 180  0.0000  0.0000  0.0000
268 180  0.0000  0.0000  0.0000
276 180  0.0000  0.0000  0.0000
284 180  0.0000  0.0000 11.1304
292 180  0.0000  0.0000 11.1304
  4 188  0.0000  0.0000 16.1088
 12 188  0.0000  0.0000 11.1304
 20 188  0.0000  0.0000  0.0000
 28 188 -0.0568 -0.3064  9.4208
 36 188  0.0000  0.0000 11.1304
 44 188  0.0000  0.0000  0.0000
 52 188  0.0000  0.0000 16.1088
 60 188  0.0000  0.0000  0.0000
 68 188  0.0000  0.0000  0.0000
 76 188  0.0000  0.0000  0.0000
 84 188  0.0000  0.0000 16.1088
 92 188  0.0000  0.0000 10.5898
100 188  0.0043 -0.1586 16.6448
108 188 -0.1185 -0.1795 10.9133
116 188  0.0000  0.0000  0.0000
124 188  0.0000  0.0000 11.1304
132 188  0.0000  0.0000  0.0000
140 188  0.0000  0.0000  0.0000
148 188  0.0000  0.0000  0.0000
156 188  0.0000  0.0000 11.1304
164 188  0.0000  0.0000 11.1304
172 188  0.0000  0.0000 16.1088
180 188  0.0000  0.0000  0.0000
188 188  0.0000  0.0000 11.1304
196 188  0.0000  0.0000  0.0000
204 188  0.0000  0.0000 11.1304
212 188  0.0000  0.0000  0.0000
220 188  0.0000  0.0000 16.1088
228 188  0.0000  0.0000 11.1304
236 188  0.0000  0.0000 19.1045
244 188  0.0000  0.0000 11.1304
252 188 -0.1151  0.1151 16.5161
260 188  0.0000  0.0000  0.0000
268 188  0.0000  0.0000 11.1304
276 188  0.0000  0.0000  0.0000
284 188  0.0000  0.0000 11.1304
292 188  0.0000  0.0000  0.0000
  4 196  0.1927  0.0788 17.1842
 12 196  0.0000  0.0000 11.1304
 20 196  0.0101  0.1146 17.4161
 28 196  0.0000  0.0000  8.0000
 36 196  0.0000  0.0000 11.1304
 44 196  0.0000  0.0000  0.0000
 52 196  0.0000  0.0000  0.0000
 60 196  0.0000  0.0000  0.0000
 68 196  0.0000  0.0000  0.0000
 76 196  0.0000  0.0000 11.1304
 84 196  0.0000  0.0000  0.0000
 92 196  0.0000  0.0000 11.5903
100 196  0.0000  0.0000 11.7363
108 196  0.0000  0.0000 13.5576
116 196  0.0000  0.0000  0.0000
124 196  0.2780 -0.1270 13.3759
132 196  0.0000  0.0000 11.1304
140 196  0.0000  0.0000  0.0000
148 196  0.0000  0.0000 19.1045
156 196  0.0000  0.0000  0.0000
164 196  0.0000  0.0000 11.1304
172 196  1.3070 -0.0337 12.4709
180 196  0.0000  0.0000 13.5576
188 196  0.0000  0.0000 16.1088
196 196 -0.5000  0.0000  8.8276
204 196  0.0000  0.0000  0.0000
212 196  0.0000  0.0000  0.0000
220 196  0.0000  0.0000  0.0000
228 196  0.0000 -0.5000  8.8276
236 196  0.0000  0.0000  0.0000
244 196  0.0000  0.0000 11.9011
252 196  0.0000  0.0000 16.1088
260 196  0.0000  0.0000 11.1304
268 196  0.0000  0.0000 16.1088
276 196  0.0000  0.0000 11.1304
284 196  0.0000  0.0000 11.1304
292 196  0.0000  0.0000 11.1304
  4 204     NaN  0.0000 17.0667
 12 204  0.0000  0.0000 12.0628
 20 204  0.0000  0.0000  9.2850
 28 204  0.0000  0.0000 11.1304
 36 204  0.0000  0.0000  0.0000
 44 204  0.0000  0.0000  0.0000
 52 204     NaN  0.0000 17.0667
 60 204  0.0000  0.0000  0.0000
 68 204  0.0000  0.0000  0.0000
 76 204  0.0000  0.0000  0.0000
 84 204  0.0000  0.0000 11.1304
 92 204  0.0000  0.0000  8.7531
100 204  0.0000  0.0000 20.7059
108 204  0.0000  0.0000 11.1304
116 204  0.0000  2.5000  8.8276
124 204  0.0000  0.0000 11.1304
132 204  0.0000  0.0000  0.0000
140 204  0.0000  0.0000  0.0000
148 204  0.0000  0.0000  0.0000
156 204  0.0000  0.0000 11.1304
164 204  0.0000  0.0000  0.0000
172 204  0.0000  0.0000  8.2581
180 204  0.0000  0.0000  0.0000
188 204  0.0000  0.0000  0.0000
196 204  0.0000  0.0000 16.1088
204 204  0.0000  0.0000  0.0000
212 204  0.0000  0.0000  0.0000
220 204  0.0000  0.0000  0.0000
228 204  0.0000  0.0000  0.0000
236 204  0.0000  0.0000 16.1088
244 204  0.0000  0.0000 20.7059
252 204  0.0000  0.0000  0.0000
260 204  0.0000  0.0000 20.7059
268 204  0.0000  0.0000 20.7059
276 204  0.0000  0.0000 16.1088
284 204  0.0000  0.0000 11.1304
292 204  0.0000  0.0000  8.2581
  4 212  0.0000  0.0000  0.0000
 12 212  0.0000  0.0000  9.4208
 20 212  0.0000  0.0000 12.0628
 28 212  0.0000  0.0000 11.1304
 36 212  0.0000  0.0000  0.0000
 44 212  0.0000  0.0000  0.0000
 52 212  0.0000  0.0000  0.0000
 60 212  0.0000  0.0000 11.1304
 68 212  0.0000  0.0000 11.1304
 76 212  0.0000  0.0000  0.0000
 84 212  0.0000  0.0000  0.0000
 92 212  0.0000  0.0000 11.1304
100 212  0.0000  0.0000  0.0000
108 212  0.0000  0.0000  0.0000
116 212  0.0000  0.0000  0.0000
124 212  0.0000  0.0000  0.0000
132 212  0.0000  0.0000 11.1304
140 212  0.0000  0.0000  0.0000
148 212  0.0000  0.0000  0.0000
156 212  0.0000  0.0000 11.1304
164 212  0.0000  0.0000  0.0000
172 212  0.0000  0.0000 11.1304
180 212 -1.5000 -0.5000  7.4357
188 212  0.0000  0.0000 11.1304
196 212 -0.5000  0.0000  8.8276
204 212  0.0000  0.0000 11.1304
212 212  0.0000  0.0000  0.0000
220 212  2.5000  0.0000  8.8276
228 212  0.0000  0.0000  0.0000
236 212  0.0000  0.0000  0.0000
244 212  0.0000  0.0000  0.0000
252 212  0.0000  0.0000 16.7450
260 212  0.0000  0.0000 11.1304
268 212  0.0000  0.0000 11.1304
276 212  0.0000  0.0000  0.0000
284 212  0.0000  0.0000 11.1304
292 212  0.0000  0.0000  8.2581
  4 220 -0.1960  0.0000 11.1304
 12 220  0.0000  0.0000 11.1304
 20 220  0.0000  0.0000 16.1088
 28 220  0.0000  0.0000 11.2095
 36 220  0.0000  0.0000 11.1304
 44 220  0.0000  0.0000 11.1304
 52 220  0.0000  0.0000  0.0000
 60 220  0.0000  0.0000  0.0000
 68 220  0.0000  0.0000  0.0000
 76 220  0.0000  0.0000  0.0000
 84 220  0.0000  0.0000 11.1304
 92 220  0.0000  0.0000  0.0000
100 220  0.0000  0.0000  0.0000
108 220  0.0000  0.0000  0.0000
116 220  0.0000  0.0000 16.1088
124 220  0.0000  0.0000  0.0000
132 220  0.0000  0.0000 17.0667
140 220  0.0000  0.0000  0.0000
148 220  0.0000  0.0000  0.0000
156 220  0.0000  0.0000  0.0000
164 220  0.0000  0.0000  0.0000
172 220  0.0000 -0.5000  8.8276
180 220 -1.5000  0.0000  8.2581
188 220  0.1313  0.0812 16.9211
196 220  0.0000  0.0000  0.0000
204 220  0.0000  0.0000  0.0000
212 220  0.0000  0.0000 19.1045
220 220  0.0000  0.0000 11.1304
228 220  0.0000  0.0000  0.0000
236 220  0.0000  0.0000  0.0000
244 220  0.0000  0.0000 14.7761
252 220  0.0000  0.0000 22.2609
260 220  0.0000  0.0000 11.1304
268 220  0.0000  0.0000  0.0000
276 220  0.0000  0.0000  0.0000
284 220  0.0000  0.0000  0.0000
292 220  0.0000  0.0000 11.1304
