VARIABLES= "X pix", "Y pix", "U pix/dt", "V pix/dt", "CHC", ZONE I=28, J=37
  4   4 -0.0328  0.0000 10.6915
 12   4  0.0040  0.0085 10.7867
 20   4  0.0000 -0.0127 11.0049
 28   4  0.0000  0.0019 10.4065
 36   4  0.0046 -0.0157 10.7620
 44   4  0.0022  0.0639 10.2720
 52   4  0.0050  0.0000 10.0321
 60   4  0.0000  0.0761 10.9736
 68   4 -0.0204  0.0000 10.8796
 76   4 -0.0568  0.0244 11.2482
 84   4 -0.0407 -0.0060 10.8867
 92   4 -0.0054 -0.0076 11.1077
100   4 -0.0012 -0.0091 11.0071
108   4  0.0098  0.0009 11.1431
116   4  0.0000 -0.0286 12.1954
124   4  0.0103  0.0000 11.0456
132   4 -0.0062  0.0000 11.0456
140   4 -0.0011  0.0070 11.1617
148   4  0.0034  0.0000 12.6664
156   4  0.0000  0.0121 10.8330
164   4  0.0093 -0.0113 11.0928
172   4  0.0000 -0.0209 11.8613
180   4  0.0000  0.0000 11.2402
188   4 -0.0237  0.0000 10.4173
196   4 -0.0307 -0.0109 11.5296
204   4  0.0289 -0.0098 11.1100
212   4 -0.0340  0.0245 11.5086
220   4 -0.0641  0.0000 11.3167
228   4 -0.0368  0.0519 10.9647
236   4  0.0778 -0.1416  9.4272
244   4  0.0446  0.0000 10.3710
252   4  0.0209  0.0000  9.9568
260   4  0.0142 -0.0021 11.4230
268   4  0.0086  0.0000 10.3537
276   4  0.0104  0.0000 11.9769
284   4  0.0163  0.0000 13.6955
292   4  0.0194  0.0000 12.3152
  4  12 -0.0142 -0.0292  8.1362
 12  12 -0.0577  0.0000  8.8987
 20  12 -0.0041 -0.0690  7.8090
 28  12  0.0975 -0.0646  7.4876
 36  12  0.0812 -0.0528  8.7344
 44  12  0.0000  0.1407  7.7939
 52  12 -0.0013  0.0400  9.5354
 60  12 -0.0590  0.0000  7.1963
 68  12  0.0308  0.0290 10.3093
 76  12  0.0084  0.0000  9.9998
 84  12 -0.0237  0.0395  7.6548
 92  12 -0.0106  0.0000  8.0258
100  12 -0.0083 -0.0756  8.4028
108  12  0.0000 -0.0084  8.8283
116  12 -0.0171  0.0000  9.2416
124  12  0.0000  0.0115  8.5770
132  12  0.0000  0.0508  8.9485
140  12 -0.0050  0.0000  9.1197
148  12  0.0013  0.0000  8.5893
156  12  0.0000  0.0084  9.2147
164  12 -0.0148  0.0431 10.7836
172  12  0.0000  0.0142 13.9649
180  12  0.0005 -0.0132 10.8591
188  12 -0.0023 -0.0560  9.6978
196  12  0.0015  0.0000  8.3307
204  12  0.0057  0.0000  8.6187
212  12  0.0148 -0.0361 13.5575
220  12  0.0271  0.0066 11.2108
228  12 -0.0714 -0.0475  9.6271
236  12 -0.1173  0.5781  7.4210
244  12 -0.0317  0.0000 12.4810
252  12  0.0461  0.0000 11.0851
260  12  0.0695  0.0000 10.2912
268  12  0.0736  0.2438 10.7623
276  12 -0.0513  0.0000 11.6888
284  12 -0.1890  0.0350  8.1610
292  12 -0.0122 -0.1468  7.8757
  4  20 -0.0046  0.0450 13.2666
 12  20 -0.0130  0.0000 11.8956
 20  20 -0.0015  0.0444 11.4310
 28  20 -0.0034  0.0000 11.9883
 36  20 -0.0078  0.0313 11.7904
 44  20 -0.0540  0.0000 11.7735
 52  20  0.0131  0.0515 12.6854
 60  20 -0.0575  0.0015 14.4050
 68  20 -0.0058 -0.0298 13.7922
 76  20  0.0339  0.0000 15.8558
 84  20  0.0131  0.0000 14.3044
 92  20 -0.0168  0.0000 13.0525
100  20 -0.0102  0.0000  9.9975
108  20 -0.0094  0.0374  7.8955
116  20 -0.0020 -0.0234 12.5057
124  20 -0.0003  0.0117 12.1927
132  20  0.0000  0.0167 12.3773
140  20  0.0017  0.0000 11.9670
148  20  0.0012 -0.0273 12.2794
156  20  0.0013 -0.0067 12.1062
164  20  0.0014  0.0074 13.7310
172  20  0.0049  0.0004 12.1459
180  20 -0.0046 -0.0090 21.6494
188  20 -0.0061 -0.0011 15.9672
196  20  0.0297  0.0000 16.2762
204  20 -0.0265  0.0000 19.4922
212  20 -0.0697  0.0000 21.9298
220  20  0.0139 -0.0161 29.7057
228  20 -0.0051  0.0000 13.9479
236  20 -0.0067  0.0000 15.1142
244  20 -0.0040  0.0000 13.5030
252  20 -0.0242  0.0000 13.2555
260  20 -0.0852  0.0000 28.5420
268  20 -0.1742 -0.0603 10.8936
276  20 -0.0808  0.0062 15.6073
284  20  0.0337 -0.0661  9.0486
292  20 -0.0346  0.0776 13.6234
  4  28  0.0194 -0.0459  9.4911
 12  28  0.0239 -0.0307 10.1362
 20  28 -0.0093 -0.0024 10.1296
 28  28  0.0023  0.0006  9.8090
 36  28  0.0030  0.0000 10.2191
 44  28  0.0127  0.0008 10.1974
 52  28  0.0006 -0.0125  9.9373
 60  28  0.0168  0.0014  9.9354
 68  28  0.0018 -0.0080 10.3887
 76  28 -0.0010 -0.0103 10.2786
 84  28  0.0088  0.0000 10.2843
 92  28  0.0150  0.0004 10.0089
100  28  0.0058  0.0000 11.1003
108  28  0.0163  0.0223 16.4605
116  28 -0.0029 -0.0031  9.9255
124  28  0.0432  0.0000 10.7963
132  28  0.0124 -0.0034  9.4619
140  28  0.0090  0.0091  9.7858
148  28 -0.0039 -0.0039 10.4225
156  28 -0.0280 -0.0016 16.7538
164  28  0.0068 -0.0017 13.3286
172  28  0.0063  0.0000 11.4096
180  28  0.0012 -0.0202 16.2388
188  28 -0.0348  0.0000 14.0844
196  28  0.0093  0.0097 22.9587
204  28 -0.0002  0.0017 10.1313
212  28  0.0593  0.0000 10.6381
220  28  0.0012 -0.0007 11.4838
228  28 -0.0165  0.0013 11.1360
236  28  0.0076 -0.0083 10.3907
244  28  0.0006  0.0016 10.1025
252  28 -0.0009  0.0000 10.8942
260  28 -0.0091  0.0000 13.8390
268  28 -0.0353  0.0032 19.0368
276  28  0.0048  0.0051 14.8879
284  28  0.1276  0.0000 16.9049
292  28 -0.0066  0.0065 17.5154
  4  36  0.0128  0.0000  8.6287
 12  36  0.0121 -0.0175  8.4718
 20  36  0.0386 -0.0033  7.5620
 28  36 -0.0160 -0.0208  7.2787
 36  36  0.0000 -0.0000  7.7946
 44  36  0.1294  0.0541  6.6136
 52  36  0.1312  0.0000  6.4064
 60  36  0.0178  0.2287  6.9504
 68  36 -0.0013  0.0233  7.3454
 76  36 -0.0031  0.0000  9.3236
 84  36 -0.0223  0.0000 11.7513
 92  36  0.0000  0.0634 12.2068
100  36 -0.0102 -0.0014  8.0279
108  36  0.0170  0.1202  8.8081
116  36 -0.0444 -0.0094  9.0839
124  36  0.1155  0.0478  7.2247
132  36 -0.0000  0.0000 12.0455
140  36  0.1756  0.0000 11.1304
148  36  0.4074  1.1282  8.6990
156  36 -0.0033  0.0068 12.0049
164  36 -0.0068 -0.0044 19.3604
172  36  0.0112  0.0152 13.5878
180  36  0.0078  0.0181 15.9449
188  36  0.0172 -0.0153 17.0489
196  36  0.0038  0.0184 13.2157
204  36  0.0880 -0.0119 10.5151
212  36  0.1965 -0.0282 10.0909
220  36 -0.2714  0.0000 14.6166
228  36 -0.0175  0.0000 13.7993
236  36  0.0000  0.2485 10.9797
244  36 -0.0221 -0.0577 13.5258
252  36  0.0000  0.3042 13.4737
260  36  0.0530  0.0000  8.6284
268  36  0.1364  0.0000  9.3399
276  36  0.1718 -0.1342  6.4661
284  36 -0.0159  0.0052  6.4557
292  36  0.0862 -0.0282  7.3009
  4  44  0.0271  0.0000 12.5902
 12  44 -0.0621  0.0000 10.4611
 20  44 -0.1715 -0.1215 14.7147
 28  44 -0.0842  0.0000 14.0146
 36  44 -0.0603  0.0000 14.3074
 44  44 -0.1248  0.0000 12.1260
 52  44 -0.1505 -0.0348 10.0482
 60  44 -0.0040  0.0091 10.5323
 68  44 -0.0218 -0.0073  8.4929
 76  44  0.0139 -0.2049  7.6383
 84  44 -0.1151  0.1151 16.5161
 92  44 -0.0729  0.0000 12.0628
100  44  0.0052  0.0000  0.0000
108  44  0.0247  0.0000  0.0000
116  44  0.0048  0.0000 11.1304
124  44 -0.0698  0.0000  0.0000
132  44 -0.1909  0.0000  0.0000
140  44 -0.4755  0.0000  0.0000
148  44 -1.0000  0.0000 17.0667
156  44 -0.0068 -0.0008 13.3440
164  44  0.0215  0.0043 13.3471
172  44  0.0197  0.0000 11.2796
180  44 -0.0154  0.0000 10.1432
188  44 -0.0215  0.0477 12.4965
196  44 -0.0010 -0.0093 12.5398
204  44 -0.0158  0.0000 10.8444
212  44 -0.0983  0.0000  8.8816
220  44  0.0000  0.0000 10.1958
228  44  0.0171  0.0000 12.7205
236  44  0.0000  0.1435 13.3893
244  44 -0.0457  0.0000 12.4405
252  44 -0.0053  0.1420 16.7334
260  44 -0.0353  0.0000 11.9011
268  44 -0.0738  0.0000 11.1304
276  44 -0.1040  0.0000 11.0903
284  44 -0.0846  0.0000 14.5082
292  44 -0.1220  0.0000  9.7047
  4  52 -0.0490  0.0207 11.2394
 12  52 -0.1032  0.0000  8.4284
 20  52 -0.1689  0.0000  7.7780
 28  52  0.0000  0.5000  6.3772
 36  52  0.0371  0.0000  8.9379
 44  52  0.0026  0.0000  0.0000
 52  52 -0.1005  0.0000  0.0000
 60  52 -0.2595  0.0000 11.1304
 68  52 -0.4809  0.0000 12.0628
 76  52 -0.5989  0.0000 11.1304
 84  52  0.0000 -0.5000  8.8276
 92  52  0.1746  0.0000 12.0455
100  52  0.2247  0.0000 11.1304
108  52  0.0845  0.0000  0.0000
116  52 -0.5000  0.0000  8.8276
124  52 -0.0724  0.0000  0.0000
132  52 -0.1168  0.0000  0.0000
140  52 -0.2186  0.0000  0.0000
148  52 -0.0591  0.0000  0.0000
156  52  0.0006  0.0098 11.2938
164  52 -0.0018  0.0042 24.4014
172  52  0.0053  0.0087 15.2135
180  52  0.0138 -0.0051 27.6465
188  52 -0.0232  0.0065 15.8587
196  52  0.0001  0.0064 13.9878
204  52 -0.0092 -0.0338 10.2718
212  52 -0.0915  0.0000  0.0000
220  52 -0.1960  0.0000 11.1304
228  52 -0.0914  0.0000 11.1304
236  52 -0.0628  0.0000 13.1736
244  52 -0.2148 -0.1728  8.8493
252  52 -0.0239  0.0000 10.3725
260  52  0.0276  0.0000 10.6057
268  52  0.0000  0.0213  8.9154
276  52 -0.0761  0.0000  8.7453
284  52 -0.1644  0.0000 12.8691
292  52 -0.2592  0.0000 12.8227
  4  60 -0.2295  0.0000 11.1304
 12  60  0.0675  0.0000  0.0000
 20  60  0.3814  0.0000  0.0000
 28  60  0.7471  0.0000 19.1045
 36  60  1.4539  0.0000  8.0000
 44  60  2.5000  0.0000  8.8276
 52  60  1.2120  0.0000  0.0000
 60  60  0.1922  0.0000  0.0000
 68  60 -0.2345  0.0000  0.0000
 76  60  0.1284  0.0000  0.0000
 84  60  0.1010  0.0000 11.1304
 92  60 -0.2769  0.0575 10.2185
100  60 -0.1709  0.0000  8.8276
108  60 -0.1010  0.0000  0.0000
116  60 -0.0726  0.0000  0.0000
124  60 -0.0150  0.0000  0.0000
132  60  0.0170  0.0000  0.0000
140  60 -0.0022  0.0000 17.0667
148  60  0.0061  0.0023  6.7443
156  60  0.0010 -0.0136 23.2665
164  60  0.0171 -0.0564 27.6933
172  60  0.0195 -0.0013  9.4534
180  60  0.0072  0.0078  9.2782
188  60 -0.0142  0.0189 28.6563
196  60 -0.0916  0.0000 11.5861
204  60 -0.0714  0.0209 14.4642
212  60 -0.0345  0.0000 13.6955
220  60 -0.0536  0.0000 12.0628
228  60  0.0000  0.0736  9.7300
236  60  0.0650  0.0000  6.8970
244  60  0.3879  0.0000 10.8982
252  60  0.5518  0.0000 12.8227
260  60  1.0233  0.0000 15.4312
268  60  1.8150  0.0000 10.8982
276  60  0.8894  0.0000 11.0903
284  60  0.0509  0.0000 15.2515
292  60 -0.2201  0.0118 17.0173
  4  68  0.9273  0.0000 16.1088
 12  68  0.8848  0.0000  0.0000
 20  68  0.3324  0.0000 11.1304
 28  68  0.0341  0.0000 11.1304
 36  68 -0.1064  0.0000 19.1045
 44  68 -0.1421  0.0000 11.1304
 52  68 -0.0722  0.0000  0.0000
 60  68  0.0051  0.0000  0.0000
 68  68 -0.0046  0.0000  0.0000
 76  68 -0.0232  0.0000  0.0000
 84  68 -0.0702 -0.2187 12.7092
 92  68  0.0889 -0.0469 10.3934
100  68  0.0123  0.3019 11.1932
108  68 -0.0286  0.0000 17.0667
116  68 -0.1296  0.0000  0.0000
124  68 -0.2786  0.0000 11.1304
132  68 -0.1006  0.0000  0.0000
140  68  0.0871  0.0000 13.7544
148  68  0.0267  0.0000  5.7860
156  68 -0.0136 -0.0020  5.8370
164  68 -0.0227 -0.0182  5.8342
172  68  0.4600  0.0000  5.8103
180  68  0.0253  0.0217  5.6495
188  68  0.0003  0.0234  5.9979
196  68  0.9975  0.0000  5.8849
204  68  0.1168 -0.0537 13.7143
212  68  0.0796  0.0000 12.0628
220  68  0.9267  0.0000 11.9011
228  68  2.5000  0.0618  9.8694
236  68  1.8672  0.0000  0.0000
244  68  0.9138  0.0000  0.0000
252  68  0.2521  0.0000  0.0000
260  68 -0.1200  0.0000 16.1088
268  68 -0.2792  0.0000 12.8600
276  68 -0.2058  0.0231 12.5203
284  68 -0.0036  0.0000  8.2581
292  68  0.0051  0.2361 10.3218
  4  76  0.0244  0.0000  0.0000
 12  76  0.0312  0.0000 16.1088
 20  76  0.1276  0.0000  0.0000
 28  76  0.0965  0.0000  0.0000
 36  76 -0.0245  0.0000 17.2183
 44  76 -0.1841  0.0418 12.3683
 52  76 -0.5000  0.7493  9.5761
 60  76 -0.1118  0.0000 11.1304
 68  76  0.2414  0.0000 11.1304
 76  76  0.0643  0.1529  9.7789
 84  76  0.0000 -0.5000  8.8276
 92  76  0.4667  0.0000 16.7450
100  76  1.0756  0.0431  7.0865
108  76 -0.2637 -0.0367 10.8805
116  76  0.1993  0.0000  7.3911
124  76  1.3139 -0.3311  8.0688
132  76 -0.5000  0.0000  8.8276
140  76 -0.1573  0.0000 12.0628
148  76  1.0550  0.0000 12.0455
156  76  2.1537  0.0000 12.1905
164  76  1.7812  0.0000 20.7059
172  76  0.8815  0.0000 11.9011
180  76  0.1956  0.0000 11.2634
188  76 -0.2376  0.0000 22.2609
196  76 -0.5337  0.0000 17.0667
204  76 -0.6306 -0.1105 11.2757
212  76  0.0000  0.5000  8.0688
220  76  0.1172  0.0000 22.2609
228  76  0.1418  0.0000 19.1045
236  76  0.1543  0.0000  0.0000
244  76  0.2065  0.0000  0.0000
252  76  0.2017  0.0000  0.0000
260  76  0.0007  0.0000 11.1304
268  76 -0.1737  0.0000 16.1088
276  76 -0.2981  0.0000  0.0000
284  76 -0.0361  0.0000 16.1088
292  76  0.1220  0.0000 16.1088
  4  84  0.1090  0.0000  0.0000
 12  84  0.1730  0.0000  0.0000
 20  84  0.4519  0.0000  0.0000
 28  84  0.5206  0.0000 16.1088
 36  84 -0.3696 -0.2945  8.0000
 44  84  0.0000 -0.5000  8.8276
 52  84  0.1887  0.3542 11.3677
 60  84 -0.5553  0.0000 11.0903
 68  84 -0.2327  0.0000  8.9010
 76  84  1.0827  0.0000  6.8304
 84  84  1.8355  0.0000 10.9714
 92  84  1.4243  0.0000 20.7059
100  84  0.4954  0.0000 14.4198
108  84 -0.0119  0.0000  0.0000
116  84 -0.2820  0.0000  0.0000
124  84 -0.5113  0.0000 16.1088
132  84 -0.5000  0.0000  8.8276
140  84 -0.0733  0.0000  0.0000
148  84  0.1576  0.0000 13.0803
156  84  0.2268  0.0000 13.5576
164  84  0.2469  0.0000 17.2183
172  84  0.2878  0.0000 13.1641
180  84  0.2746  0.0000  0.0000
188  84  0.0409  0.0000  0.0000
196  84 -0.1076 -0.1327 17.6194
204  84 -0.1916  0.0000 14.4198
212  84  0.0000  0.5000 11.1304
220  84 -0.0079  0.0000  0.0000
228  84  0.1467  0.0000  0.0000
236  84  0.3229  0.0000 11.1304
244  84  0.5593  0.0000  0.0000
252  84  0.7482  0.0000  0.0000
260  84  0.7712  0.0000  0.0000
268  84  1.1350  0.0000 16.1088
276  84  0.6844  0.0000 11.1304
284  84 -0.2718  0.0000 11.1304
292  84 -0.3002  0.0000 16.1088
  4  92  1.5214  0.0000  0.0000
 12  92  2.0458  0.0000  0.0000
 20  92  1.3649  0.0000 16.1088
 28  92  0.1468  0.7158 12.0903
 36  92 -0.1351  0.0000 11.1304
 44  92 -0.2136  0.2159 14.8252
 52  92 -0.4331  0.0000 10.0068
 60  92 -0.3826  0.0000  9.5632
 68  92 -0.0463  0.0000  8.4375
 76  92  0.2255  0.0000 10.2061
 84  92  0.2802  0.0000 17.7968
 92  92  0.2894  0.0000 12.1315
100  92  0.3241  0.0000  8.0000
108  92  0.2208 -0.1192  7.0932
116  92  0.0734  0.0000 19.4783
124  92  0.0768  0.0000 11.1304
132  92 -0.2866  0.0000 11.1304
140  92 -0.5000  0.0000  8.8276
148  92 -0.1502  0.0294 11.7575
156  92  0.3122  0.0000  0.0000
164  92  0.5086  0.0000 11.1304
172  92  0.7069  0.0000  0.0000
180  92  1.1381  0.0000  0.0000
188  92  1.9600  0.0000  0.0000
196  92  2.9612  0.0000  0.0000
204  92  1.9507  0.0000 11.1304
212  92  0.2988  0.0000  0.0000
220  92 -0.5000 -0.0448  8.9013
228  92  2.5000  0.0000  8.8276
236  92  2.7342  0.0000 11.1304
244  92  1.9374  0.0000  0.0000
252  92  0.7359  0.0000 11.1304
260  92  0.1098  0.0000  0.0000
268  92 -0.2175  0.0000 11.1304
276  92 -0.4718  0.0000 11.1304
284  92 -0.3789  0.0000  0.0000
292  92 -0.0143  0.0000  0.0000
  4 100  0.3127  0.1061  9.8739
 12 100  0.2657  0.0000  8.1086
 20 100  0.2599  0.0000  0.0000
 28 100  0.2977  0.1753 15.2054
 36 100 -0.1321  0.0299 13.7482
 44 100  0.0417  0.1134  7.3143
 52 100  0.5000  0.0000  8.4768
 60 100  0.0264 -0.3145 11.0777
 68 100  0.0000 -0.1185  7.1055
 76 100  0.9638  0.0000 12.0628
 84 100  1.0254  0.0000 11.1304
 92 100  0.7416  0.0000  0.0000
100 100  0.5898  0.0000  0.0000
108 100  0.9165  0.0000 16.1088
116 100  2.1451  0.0000  0.0000
124 100  4.5000  0.2391  8.2581
132 100  3.1373  0.0000 16.1088
140 100  1.4882  0.0000 11.1304
148 100  0.9136  0.0000 16.1088
156 100  2.3770  0.0000  0.0000
164 100  2.8421  0.0000  0.0000
172 100  2.3665  0.0000  0.0000
180 100  1.1298  0.0000 11.1304
188 100  0.3605  0.0000 16.1088
196 100 -0.1201  0.0000  0.0000
204 100 -0.5000  0.0000  8.8276
212 100 -0.4552  0.0000  0.0000
220 100 -0.0612  0.0000  0.0000
228 100  0.2911  0.0000 11.1304
236 100  0.0804  0.0000  0.0000
244 100  0.1436  0.0000 11.1304
252 100  0.2372  0.0000  0.0000
260 100 -0.5254  0.0000 11.1304
268 100  0.1217  0.0000  0.0000
276 100  0.5154  0.0000  0.0000
284 100  0.6160  0.0000 11.1304
292 100  1.2429  0.0000 11.1304
  4 108  2.5000  0.1588 10.5785
 12 108  1.6425  0.0000 19.4783
 20 108  0.6947  0.0000 16.1088
 28 108  0.0441  0.0000 12.5445
 36 108 -0.2287  0.0000 13.7892
 44 108  0.0363 -0.0214  7.5023
 52 108  2.2289  0.0000  9.7621
 60 108  2.2886  0.0000 11.1304
 68 108  1.5843  0.0000  0.0000
 76 108  1.3389  0.0000  0.0000
 84 108  2.0439  0.0000  0.0000
 92 108  2.5882  0.0000  0.0000
100 108  2.5000  0.0000  8.8276
108 108  0.9473  0.0000 11.1304
116 108  0.4141  0.0000 11.1304
124 108  0.1251  0.0000 11.1304
132 108 -0.0418  0.1521 12.6567
140 108 -0.5268  0.0000 11.1304
148 108 -0.1816  0.0000 16.1088
156 108  0.3127 -0.1061  9.8739
164 108 -0.2568 -0.0627  8.5469
172 108  0.0000 -0.1317  8.8981
180 108  0.1520  0.0000  0.0000
188 108 -0.7580  0.0000 11.1304
196 108  0.3264  0.0000 11.1304
204 108  0.3999  0.0000  0.0000
212 108  0.5323  0.0000  0.0000
220 108  1.0043  0.0000 17.0667
228 108  1.5702  0.0000  0.0000
236 108  0.9301  0.0000  0.0000
244 108  0.1010  0.0000  0.0000
252 108 -0.4778  0.0000 16.1088
260 108 -0.6605  0.0000 17.0667
268 108 -0.2969  0.0000  0.0000
276 108  0.8690  0.0000  0.0000
284 108  1.1844  0.0000 11.1304
292 108  0.9464  0.0000 11.1304
  4 116  0.8272  0.0000 11.9011
 12 116  1.1574  0.0000 16.1088
 20 116  1.6335  0.0000  0.0000
 28 116  1.8318  0.0592  5.9335
 36 116 -0.1067 -0.1181 11.5255
 44 116  0.1464 -0.0341  9.0855
 52 116  0.0645  0.0000 12.8600
 60 116  0.0000  0.0000 10.5211
 68 116 -1.0000  0.7614  7.9175
 76 116 -0.6301 -0.3157  9.7360
 84 116 -0.2038  0.0000  0.0000
 92 116 -0.2858  0.0000 16.1088
100 116 -0.1059  0.0000  8.8276
108 116  0.0489  0.0000  0.0000
116 116 -0.5000  0.0000  8.8276
124 116  1.0539  0.0000 16.1088
132 116  0.1458  0.0000 16.1088
140 116  0.0726  0.0000 11.1304
148 116  0.2615  0.0000 16.1088
156 116  0.5306  0.0000 22.2609
164 116  0.0000  0.5000  8.0688
172 116 -0.5753  0.0000  8.8276
180 116 -0.8419  0.0000  0.0000
188 116 -0.7160  0.0000 11.1304
196 116 -0.2042  0.0000  0.0000
204 116  0.3163  0.0000 11.1304
212 116  0.3748  0.0000  0.0000
220 116  0.1136  0.0000  0.0000
228 116 -0.1398  0.0000  0.0000
236 116 -0.2023  0.0000  0.0000
244 116 -0.0944  0.0000  0.0000
252 116  0.2241  0.0000 11.1304
260 116 -0.3078  0.0000 11.1304
268 116 -0.1507  0.0000  0.0000
276 116 -0.1841  0.0418 12.3683
284 116  0.0000  0.1960 11.1304
292 116 -0.5689  0.0000 11.1304
  4 124 -0.5627  0.0000 16.1088
 12 124 -0.3688  0.0000  0.0000
 20 124 -0.2853  0.0000  0.0000
 28 124 -0.1266  0.1116 12.0692
 36 124  0.0012  0.0000 11.9011
 44 124  1.0668  0.0000 12.8600
 52 124  2.5000  0.0000  8.8276
 60 124 -0.3147  0.1030 10.3164
 68 124 -0.1573  0.0425 14.2113
 76 124  0.0000 -0.1469 10.3584
 84 124  0.4259  0.0000 10.2729
 92 124  0.0555  0.0000 11.1304
100 124 -0.7877  0.0000 16.1088
108 124 -0.8739  0.0000 13.5576
116 124 -0.5000 -0.1588 10.5785
124 124  0.2093 -0.0299 13.0089
132 124  0.3061  0.0000 17.0667
140 124 -0.0129  0.0000 11.1304
148 124 -0.4912  0.0000 11.1304
156 124 -0.9318  0.0000  9.2850
164 124 -1.2712  0.0000 12.0628
172 124 -1.5000  0.0000  8.2581
180 124 -0.7061  0.0000 11.1304
188 124 -0.2662  0.0000  0.0000
196 124  0.1210  0.0000 16.1088
204 124  0.1930  0.0000  0.0000
212 124  0.1772  0.0000  0.0000
220 124 -0.1673  0.0000  0.0000
228 124 -0.3318  0.0000 11.1304
236 124 -0.3128  0.0000 11.1304
244 124 -0.2332  0.0000 11.1304
252 124 -0.0990  0.0000 11.1304
260 124  0.0223  0.0000  0.0000
268 124  0.0000  0.1063  6.9728
276 124  1.0789  0.0000 19.4783
284 124  0.0994  0.0000  0.0000
292 124  0.4260  0.0000  0.0000
  4 132  1.5000 -0.5000  8.4476
 12 132  1.4714  0.0000 11.1304
 20 132  1.0517  0.0000 11.1304
 28 132 -0.5000  1.1322  7.4563
 36 132 -0.4512  0.0000  8.8276
 44 132  0.0323 -0.8247 13.6170
 52 132  0.5881  0.0000  0.0000
 60 132  0.6445  0.0000 11.1304
 68 132  0.1113  1.6014 11.9803
 76 132 -0.5830  0.0000  0.0000
 84 132 -1.0520  0.0000 11.1304
 92 132 -1.1774  0.0000  0.0000
100 132 -1.0328  0.0000  0.0000
108 132 -0.3629  0.0000 16.1088
116 132  0.3039  0.0000 13.0803
124 132  0.8119  0.0000  8.0000
132 132  0.7703  0.0000 11.1304
140 132  0.5426  0.0000 16.1088
148 132  0.1867  0.0000  0.0000
156 132 -0.1080  0.0000 11.1304
164 132 -0.1962  0.0000 19.1045
172 132 -0.1462  0.0000  0.0000
180 132 -0.0243  0.0000 13.0803
188 132  0.1082  0.0000 11.1304
196 132 -0.5280  0.0000  0.0000
204 132  0.0322  0.0000  0.0000
212 132 -0.2061  0.0000  0.0000
220 132  0.0000 -0.5000  8.8276
228 132  0.9698  0.0000 16.1088
236 132  1.6898  0.0000  0.0000
244 132  2.5000  0.0000  8.8276
252 132  1.0602  0.0000 11.1304
260 132  0.5620  0.0000  0.0000
268 132  0.7730  0.0000  0.0000
276 132  1.2460  0.0000 16.1088
284 132  1.5173  0.0000 16.1088
292 132  1.2208  0.0000  0.0000
  4 140 -0.0579  0.2001 13.7634
 12 140 -0.6146  0.0000  5.4468
 20 140 -0.3895  0.0000 11.1304
 28 140  0.0406  0.0000  0.0000
 36 140  0.4631  0.0000  0.0000
 44 140  0.9825  0.0000 16.1088
 52 140  1.5000  0.0000  8.2581
 60 140  1.1782  0.0000  0.0000
 68 140  0.8041  0.0000  9.2086
 76 140  0.4275  0.0000 13.3565
 84 140  0.0101  0.0000 11.1304
 92 140 -0.1087  0.0000 11.1304
100 140 -0.0570  0.0000  0.0000
108 140  0.0705  0.0000 11.1304
116 140  0.2206  0.0000 11.1304
124 140 -0.4043 -0.4043  8.0000
132 140 -0.4228  0.0000  0.0000
140 140 -0.5118  0.0000  0.0000
148 140 -0.5040  0.0000  0.0000
156 140 -0.0844  0.0000  0.0000
164 140  0.4043  0.4043  8.0000
172 140  1.3557  0.0000 13.1641
180 140  1.0815  0.0000 13.0803
188 140  0.8988  0.0000  0.0000
196 140  1.1369  0.0000  0.0000
204 140  1.6461  0.0000  0.0000
212 140  2.2013  0.0000 11.1304
220 140  2.5000  0.0000  8.8276
228 140  0.8372  0.0000 16.1088
236 140  0.0677 -0.2414 11.7124
244 140  0.7422  0.0000  0.0000
252 140  1.3099  0.0000  0.0000
260 140  1.1103  0.0000 16.1088
268 140  1.0569  0.0000  0.0000
276 140  1.1217  0.0000  0.0000
284 140  0.8867  0.0000  0.0000
292 140  0.6887  0.0000 19.1045
  4 148  0.5000  0.0000 11.1304
 12 148  0.0000 -0.5000  8.8276
 20 148 -0.0525  0.0000  0.0000
 28 148  0.0247  0.0000  0.0000
 36 148  0.1565  0.0000 11.1304
 44 148  0.2907  0.0000  0.0000
 52 148  0.6907  0.2991  8.0688
 60 148 -0.3947  0.0000  8.0000
 68 148 -0.2021  0.0000 18.9370
 76 148 -0.2705  0.5000  7.1018
 84 148 -0.4420  0.0000 16.1088
 92 148 -0.1649  0.0000 11.1304
100 148  0.4227  0.0000 11.1304
108 148  0.5588  0.0000 16.1088
116 148  0.6326  0.0000 11.1304
124 148  0.9180  0.0000  0.0000
132 148  1.2532  0.0000  0.0000
140 148  1.4428  0.0000  0.0000
148 148  1.3309  0.0000  0.0000
156 148  0.5175  0.0000 11.1304
164 148  0.8699  0.0000 11.1304
172 148  1.9981  0.0000 11.1304
180 148  2.5000  0.0000  8.8276
188 148  1.2218  0.0000 16.1088
196 148  0.6274  0.0000 11.1304
204 148  0.3990  0.0000 16.1088
212 148  0.1923  0.0000 11.1304
220 148  0.2401  0.0000 19.4783
228 148  0.3080  0.0000  0.0000
236 148  0.1922  0.0000  0.0000
244 148  0.0833  0.0000  0.0000
252 148  0.0985  0.0000  0.0000
260 148  0.1960  0.0000 11.1304
268 148  0.2362  0.0000 11.1304
276 148 -0.1416  0.0000 11.1304
284 148 -0.5000  0.0000  8.8276
292 148  1.2112  0.0000  0.0000
  4 156  2.5000  0.0000  8.8276
 12 156  0.2596 -0.2537  5.1942
 20 156 -0.1392  0.0000  0.0000
 28 156  0.0000 -0.5000  8.8276
 36 156  0.0820  0.0000  0.0000
 44 156  0.1577  0.0000 22.2609
 52 156  0.4454  0.0000  7.4357
 60 156  0.4881  0.0000 15.9357
 68 156  0.1035 -0.1903  8.8276
 76 156 -0.2117  1.1735 13.4737
 84 156 -0.5000  0.0000 11.1304
 92 156  1.1275  0.0000 11.1304
100 156  2.6829  0.0000  8.8276
108 156  2.2694  0.0000  0.0000
116 156  0.4043  0.4043  8.0000
124 156 -0.0703  0.0000  0.0000
132 156 -0.2652  0.0000  0.0000
140 156 -0.5000  0.0000  8.8276
148 156 -0.2047  0.0000  0.0000
156 156  0.1072  0.0000 11.1304
164 156  0.2965 -0.2632 10.8887
172 156  0.0960  0.0000  0.0000
180 156  0.0431  0.0000  0.0000
188 156  0.0557  0.0000 11.1304
196 156  0.0187  0.0000  0.0000
204 156 -0.0949  0.0000 11.1304
212 156  0.6495  0.0000 19.1045
220 156  2.1256  0.0000 11.1304
228 156  2.5453  0.0000  0.0000
236 156  1.0466  0.0000 11.1304
244 156  0.2238  0.0000 22.2609
252 156 -0.0047  0.0000  0.0000
260 156 -0.0631  0.0000 19.4783
268 156 -0.1151 -0.1151 16.5161
276 156  0.2294  0.0000  0.0000
284 156 -0.0883  0.0000  0.0000
292 156 -1.5420  0.0000  0.0000
  4 164 -1.2577  0.0000 11.1304
 12 164 -0.3951  0.0000  0.0000
 20 164  1.5464  0.0000  0.0000
 28 164  3.5000 -0.1203  5.4468
 36 164  2.4473  0.0000 17.0667
 44 164  0.7085  0.0000  8.0000
 52 164 -0.1064  0.0000  0.0000
 60 164 -0.2780  0.1270 13.3759
 68 164 -0.4353  0.0000  0.0000
 76 164 -0.3087  0.0000 16.1088
 84 164 -0.1096  0.0000  0.0000
 92 164  0.0081  0.0000 16.1088
100 164 -0.1151 -0.1151 16.5161
108 164 -0.0769  0.0000 12.0628
116 164 -0.0764  0.0000  0.0000
124 164 -0.1633  0.0000 11.1304
132 164  0.3128  0.0000  0.0000
140 164  1.2866  0.0000 11.1304
148 164  2.5000  0.0000  8.8276
156 164  2.1128  0.0000  0.0000
164 164  1.0000  0.0000  9.2850
172 164  0.3010  0.0000  0.0000
180 164  0.1786  0.0000 11.1304
188 164  0.3283  0.0000 16.1088
196 164  0.5319  0.0000  0.0000
204 164  0.7499  0.0000 11.1304
212 164  0.2611 -0.1783  7.6338
220 164 -2.8274  0.3035  7.6077
228 164 -1.5541  0.0000  0.0000
236 164 -0.4053  0.0000  0.0000
244 164  0.8774  0.0000 11.1304
252 164  2.1286  0.0000 11.1304
260 164  1.6630  0.0000  0.0000
268 164  0.4992  0.0000  0.0000
276 164 -0.2414  0.0000  0.0000
284 164 -0.1689  0.0000  8.8276
292 164 -0.2084  0.0000 11.1304
  4 172 -0.2296  0.0000  0.0000
 12 172 -0.1800  0.0000 11.1304
 20 172 -0.0669  0.0000  0.0000
 28 172 -0.0126  0.0000  0.0000
 36 172  0.0092  0.0000 14.5615
 44 172 -0.0500  0.0000 16.1088
 52 172 -0.0697  0.0000 11.1304
 60 172  0.3447  0.0000  0.0000
 68 172  0.8325  0.0000  0.0000
 76 172  1.1870  0.0000  0.0000
 84 172  0.8301  0.0000 11.1304
 92 172  0.0698 -0.2911 10.5124
100 172 -0.0413  0.0000  0.0000
108 172  0.3109  0.0000 11.1304
116 172  0.8370  0.0000  0.0000
124 172  1.2216  0.0000 11.1304
132 172  1.1565  0.0000  0.0000
140 172  0.4355  0.0000 11.1304
148 172 -0.9631  0.0000 11.1304
156 172  0.0000  0.1960 11.1304
164 172  0.0164  0.0000 12.0455
172 172  0.0779 -0.0236 10.3060
180 172  0.9117  0.0000 11.1304
188 172  0.8129  0.0000  0.0000
196 172  0.0989  0.0000 11.1304
204 172 -0.5000  0.0000  8.8276
212 172  0.1068 -0.3135 15.1963
220 172  0.1047  0.0000  0.0000
228 172 -0.0657  0.0000 11.1304
236 172 -0.1448  0.0000 11.1304
244 172  0.0490  0.0000  0.0000
252 172  0.3014  0.0000 11.1304
260 172  0.3034  0.0000  0.0000
268 172  0.0933  0.0000  0.0000
276 172  0.4683  0.0000  0.0000
284 172  0.1149  0.0000  0.0000
292 172  0.1751  0.0000  0.0000
  4 180 -0.0782  0.1520 14.1176
 12 180 -0.1980  0.0000 11.1304
 20 180 -0.4400  0.0000  0.0000
 28 180 -0.2780  0.1270 13.3759
 36 180  0.4674  0.0000 16.1088
 44 180  1.3510  0.0000 11.1304
 52 180  1.9223  0.0000  0.0000
 60 180  1.5797  0.0000  0.0000
 68 180  0.6919  0.0000 11.1304
 76 180 -0.2324  0.0000  0.0000
 84 180  0.0000 -0.5000  8.8276
 92 180  0.1276  0.3321 10.3409
100 180 -0.0696 -0.0812 10.9765
108 180  0.5000  0.0413 10.4642
116 180  0.4989  0.0000  0.0000
124 180  0.1775  0.0000  0.0000
132 180 -0.0381  0.0000 11.1304
140 180  0.2805  0.0000  8.2581
148 180  0.3476  0.2927  7.3438
156 180  0.0991  0.0000  6.7623
164 180 -0.0579  0.2001 13.7634
172 180  0.3145  0.0264 11.0777
180 180  0.8479  0.0000  0.0000
188 180  0.8133  0.0000  0.0000
196 180  0.0796  0.0000 11.1304
204 180  1.4634  0.0000  8.4768
212 180  0.0745  0.0000 16.1088
220 180  0.0000 -0.5000  8.8276
228 180 -0.3579  0.0000  0.0000
236 180 -0.5300  0.0000  0.0000
244 180 -0.5805  0.0000  0.0000
252 180 -0.2472  0.0000  0.0000
260 180  0.6241  0.0000  0.0000
268 180  1.7020  0.0000  0.0000
276 180  2.5000  0.0000  8.8276
284 180  1.8468  0.0000 13.5576
292 180  0.7880  0.0000 11.1304
  4 188 -0.1606 -0.1523 10.1434
 12 188 -0.1211  0.0000  0.0000
 20 188  0.0122  0.0000  1.0000
 28 188  0.0455  0.0000 12.0455
 36 188  0.3652  0.0000 11.1304
 44 188  0.4876  0.0000  0.0000
 52 188  0.4455  0.0000  0.0000
 60 188  0.4202  0.0000  0.0000
 68 188  0.5214  0.0000  0.0000
 76 188  0.4661  0.0000  4.0635
 84 188  0.3008  0.0000  8.8276
 92 188  0.3277  0.0000 11.1304
100 188  0.8124  0.0000 17.2183
108 188  1.5000  0.0000  8.2581
116 188  1.5000  0.0448  8.9013
124 188 -0.5000  0.0000  8.8276
132 188  2.5000  0.0000  8.8276
140 188  0.5057  0.0000  0.0000
148 188  0.0000  0.3145  9.3674
156 188 -0.2643  0.0000 14.5615
164 188 -0.4310  0.0000  4.0635
172 188 -0.5075  0.0000 14.5615
180 188 -0.2474  0.0000  0.0000
188 188  0.5528  0.0000  0.0000
196 188  1.4677  0.0000  0.0000
204 188  1.9963  0.0000  0.0000
212 188  1.5867  0.0000 11.1304
220 188  0.7863  0.0000 11.1304
228 188  0.1082  0.0000  0.0000
236 188 -0.0250  0.0000  0.0000
244 188  0.0446  0.0000 11.1304
252 188  0.1772  0.0000  0.0000
260 188  0.4365  0.0000  0.0000
268 188  0.6468  0.0000  0.0000
276 188  0.7721  0.0000 11.1304
284 188  0.8364  0.0000 17.0667
292 188  0.8019  0.0000  0.0000
  4 196  0.5461  0.0000 11.1304
 12 196  0.3434  0.0000 11.1304
 20 196  0.3809  0.0000 17.2183
 28 196  0.7412  0.0000 11.1304
 36 196  1.1366  0.0000 11.1304
 44 196  1.0049  0.0000  0.0000
 52 196  0.2214  0.0000  0.0000
 60 196  1.6111  0.0000  0.0000
 68 196  1.7994  0.0000  0.0000
 76 196  1.0222  0.0000 16.1088
 84 196  0.4043  0.4043  8.0000
 92 196  0.0576  0.1968  8.0963
100 196 -0.2134  0.0000 12.4143
108 196 -0.1876  0.0000  7.6506
116 196  0.5015  0.0000  0.0000
124 196  1.1873  0.0000  0.0000
132 196  1.4905  0.0000  0.0000
140 196  1.2084  0.0000 11.1304
148 196  0.6552  0.0000  0.0000
156 196  0.2303  0.0000 11.1304
164 196  0.1053  0.0000  9.2190
172 196  0.1418  0.0000 19.4783
180 196  0.3095  0.0000  0.0000
188 196  0.5757  0.0000  0.0000
196 196  0.8494  0.0000  0.0000
204 196  1.0749  0.0000 11.1304
212 196  1.1998  0.0000 11.1304
220 196  1.0857  0.0000 16.1088
228 196  0.5019  0.0000  0.0000
236 196  0.1731  0.0000  0.0000
244 196  0.1186  0.0000 11.1304
252 196  0.3544  0.0000  0.0000
260 196  0.5909  0.0000  0.0000
268 196  0.5352  0.0000  0.0000
276 196  0.2808  0.0000 11.1304
284 196  0.6780  0.0000  0.0000
292 196  3.0824  0.0000  0.0000
  4 204  2.1231  0.0000 11.1304
 12 204  1.1890  0.0000  0.0000
 20 204  0.6071  0.0000  9.5143
 28 204  0.3374  0.0000 11.1304
 36 204  0.4092  0.0000 11.1304
 44 204  0.8470  0.0000  0.0000
 52 204  1.2307  0.0000  0.0000
 60 204  1.2827  0.0000  0.0000
 68 204  0.9453  0.0000  0.0000
 76 204  0.4671  0.0000 19.1045
 84 204  0.2294  0.0000 11.1304
 92 204  0.1848  0.0000 12.5039
100 204  0.2076 -0.1624 11.7024
108 204  0.4020  0.0000 22.2609
116 204  0.6887  0.0000 11.1304
124 204  0.9939  0.0000  5.4468
132 204  1.2571  0.0000  0.0000
140 204  1.4139  0.0000  0.0000
148 204  1.3070 -0.0337 12.4709
156 204  0.2568  0.0627  8.5469
164 204 -0.1306  0.1639 11.7658
172 204 -0.2780 -0.1270 13.3759
180 204 -0.0862  0.0000  0.0000
188 204  0.1088  0.0000  0.0000
196 204  0.1390  0.0000  0.0000
204 204  0.0586  0.0000  8.8276
212 204  0.0706  0.0000  0.0000
220 204  3.2436  0.0000  0.0000
228 204  2.5000  0.0000  8.8276
236 204  1.4089  0.0000 11.1304
244 204  0.8938  0.0000  0.0000
252 204  0.8659  0.0000  0.0000
260 204  1.1551  0.0000  0.0000
268 204  1.5434  0.0000  0.0000
276 204  1.6964  0.0000  0.0000
284 204  1.4710  0.0000 11.1304
292 204  0.9239  0.0000  7.4357
  4 212  0.3091  0.1349  9.1388
 12 212  0.1624  0.0000  0.0000
 20 212  0.1272  0.0000 11.1304
 28 212  0.2031  0.0000  0.0000
 36 212  0.4292  0.0000  0.0000
 44 212  0.7369  0.0000 11.1304
 52 212  1.0367  0.0000 11.1304
 60 212  1.2398  0.0000 16.1088
 68 212  1.2440  0.0000 11.1304
 76 212  0.8944  0.0000  0.0000
 84 212  0.0280  0.1784  8.9116
 92 212 -0.3478  0.0000 11.8496
100 212 -0.4860  0.0000  9.4208
108 212 -0.3888  0.0000  0.0000
116 212 -0.2350  0.0000  0.0000
124 212 -0.1623  0.0000  0.0000
132 212 -0.1618  0.0000  0.0000
140 212 -0.2112  0.0000  0.0000
148 212  1.8706  0.0000  0.0000
156 212  0.4043  0.4043  8.0000
164 212  0.4641  0.0000 11.1304
172 212  0.6478  0.0000 12.0455
180 212  1.2362  0.0000 11.1304
188 212  2.0460  0.0000  0.0000
196 212  2.6636  0.0000  0.0000
204 212  2.6589  0.0000 11.1304
212 212  2.1027  0.0000  0.0000
220 212  1.2527  0.0000 11.1304
228 212  0.4666  0.0000  0.0000
236 212  0.1151 -0.1151 16.5161
244 212 -0.0482  0.0000  0.0000
252 212  0.0642  0.0000  0.0000
260 212  0.3692  0.0000 17.0667
268 212  0.7427  0.0000  0.0000
276 212  1.0601  0.0000  8.2581
284 212  1.2114  0.0000  0.0000
292 212  1.1070  0.0000 19.1045
  4 220  0.6918  0.0000 12.0628
 12 220  0.0314  0.0000  0.0000
 20 220 -0.4235  0.0000 19.1045
 28 220 -0.6422  0.0000 11.1304
 36 220 -0.6323  0.0000 13.5576
 44 220 -0.5000  0.0000  8.8276
 52 220 -0.3965  0.0000  0.0000
 60 220 -0.3104  0.0000  8.8276
 68 220 -0.2613  0.0000  0.0000
 76 220  1.3711 -0.5000  5.1544
 84 220  0.0636  0.0164 11.7908
 92 220  0.1182  0.1736 12.1032
100 220  0.1960  0.0000 11.1304
108 220  1.5032  0.0000 11.1304
116 220  3.2429  0.0000  0.0000
124 220  4.5000 -0.5000  4.0635
132 220  4.2457  0.0000  0.0000
140 220  3.1077  0.0000 11.1304
148 220  1.6411  0.0000  0.0000
156 220  0.3212  0.0000  0.0000
164 220 -0.5000  0.0000 11.1304
172 220 -0.6024  0.0000 12.0628
180 220 -0.2929  0.0000  0.0000
188 220  0.2248  0.0000  0.0000
196 220  0.7727  0.0000  0.0000
204 220  1.1884  0.0000  0.0000
212 220  1.3416  0.0000  0.0000
220 220  1.1631  0.0000  0.0000
228 220  0.6812  0.0000  0.0000
236 220  0.0418  0.1521 12.6567
244 220 -0.5562  0.0000  0.0000
252 220 -0.9012  0.0000 11.1304
260 220 -0.9612  0.0000  0.0000
268 220 -0.8299  0.0000  0.0000
276 220 -0.6381  0.0000  0.0000
284 220 -0.4228  0.0000  0.0000
292 220 -0.1960  0.0000 11.1304
