VARIABLES= "X pix", "Y pix", "U pix/dt", "V pix/dt", "CHC", ZONE I=28, J=37
  4   4  0.0000 -0.0490 10.4077
 12   4  0.0010  0.0035 10.6344
 20   4  0.0000 -0.0254 10.7711
 28   4 -0.0241  0.0000 10.5986
 36   4 -0.0519  0.0000 10.8967
 44   4 -0.0682  0.0000 11.1505
 52   4 -0.0923  0.0000 10.0321
 60   4 -0.1442  0.0000 11.0456
 68   4 -0.2261  0.0000 11.7834
 76   4 -0.3232  0.0000 13.1453
 84   4 -0.4029  0.0000  9.7459
 92   4 -0.4183  0.0000 10.9708
100   4 -0.3344  0.0000 11.0421
108   4 -0.1700  0.0000 11.7754
116   4 -0.0430  0.0000 11.7754
124   4  0.0000 -0.0150 11.1304
132   4 -0.0036  0.0000 11.2889
140   4 -0.0193  0.0000 11.2889
148   4 -0.0218  0.0000 10.5045
156   4  0.0000  0.0037 11.3891
164   4  0.0401 -0.0113 11.8269
172   4  0.0515  0.0000 11.7754
180   4  0.0365  0.0224 11.4355
188   4  0.0045 -0.0099 11.4697
196   4  0.0125  0.0000 11.7608
204   4  0.0000  0.0000 10.9785
212   4 -0.0365  0.0000 11.6688
220   4 -0.0842  0.0000 12.3903
228   4  0.0001  0.0000 10.6402
236   4  0.0029  0.0000  9.1569
244   4  0.0000  0.0000  9.4497
252   4 -0.0210  0.0000 11.5031
260   4 -0.0430  0.0281 10.9306
268   4 -0.0445  0.0000 10.3009
276   4 -0.0534  0.0000 12.3152
284   4 -0.0865  0.0000 12.3152
292   4 -0.1377  0.0000 16.1251
  4  12 -0.2017  0.0000  7.7665
 12  12 -0.2692  0.0000  7.3824
 20  12 -0.3028  0.0000  8.1313
 28  12 -0.2600  0.0000  9.2609
 36  12 -0.0869  0.0000  9.9641
 44  12  0.0000  0.0000  7.5799
 52  12  0.0095  0.0000  6.2996
 60  12 -0.0047  0.0000  7.6438
 68  12 -0.0151  0.0000 12.0820
 76  12 -0.0183  0.0000 10.6081
 84  12  0.0000  0.0000  7.7677
 92  12  0.0248  0.0000  8.0690
100  12  0.0365  0.0000  7.9160
108  12  0.0281  0.0000  8.2242
116  12  0.0143  0.0000  8.4147
124  12  0.0189  0.0004  8.9626
132  12 -0.0060  0.0000  9.0652
140  12 -0.0390  0.0000  9.4997
148  12 -0.0708  0.0000  8.0537
156  12  0.0000  0.0000  8.6755
164  12  0.0037 -0.0042 10.4552
172  12 -0.0008  0.0000 14.4181
180  12 -0.0126  0.0000 16.7616
188  12 -0.0198  0.0000  9.1478
196  12 -0.0130  0.0000  8.2216
204  12 -0.0075  0.0293  8.4345
212  12 -0.0280  0.0000 13.4765
220  12 -0.0544  0.0000 12.3953
228  12 -0.0909  0.0000 10.5124
236  12 -0.1576  0.0000  8.6413
244  12 -0.2101  0.0000 13.2987
252  12 -0.2169 -0.5000 11.1572
260  12  0.0116  0.1121 11.4405
268  12  0.0360  0.0000 10.8782
276  12  0.0190  0.0000  8.7611
284  12 -0.0000  0.0000  8.9561
292  12 -0.0041  0.0000  7.0012
  4  20 -0.0191  0.0000 13.8688
 12  20 -0.0031  0.0000 11.6280
 20  20  0.0216  0.0000 11.0859
 28  20  0.0344  0.0000 11.9266
 36  20  0.0188  0.0000 12.1674
 44  20 -0.0051  0.0000 11.7735
 52  20 -0.0028  0.0000 13.7301
 60  20 -0.0185  0.0000 16.0434
 68  20 -0.0414  0.0000 14.3133
 76  20 -0.0460  0.0000 15.7908
 84  20  0.0060  0.0000 15.1368
 92  20  0.0054  0.0000 13.2105
100  20 -0.0009  0.0000 10.1530
108  20 -0.0074  0.0000  8.1027
116  20 -0.0059  0.0000 12.3423
124  20  0.0041  0.0000 12.0516
132  20  0.0119  0.0000 12.4725
140  20  0.0019  0.0000 12.3044
148  20 -0.0005  0.0000 12.6431
156  20  0.0000  0.0000 12.2004
164  20 -0.0533  0.0000 13.8540
172  20 -0.0581  0.0000 12.8750
180  20  0.0034 -0.0078 22.9049
188  20  0.0162  0.0000 16.3404
196  20  0.0050  0.0000 18.1421
204  20  0.0114  0.0000 19.9269
212  20  0.0367  0.0000 22.3297
220  20  0.0476  0.0000 29.2010
228  20  0.0000  0.0000 31.4386
236  20  0.0084 -0.0041 28.5420
244  20  0.0285  0.0000 13.1415
252  20  0.0402  0.0815 13.9012
260  20  0.0107 -0.0608 14.6951
268  20 -0.0303 -0.0240 13.4799
276  20 -0.0177  0.0000 16.7718
284  20 -0.0270  0.0095  9.1269
292  20 -0.0421 -0.0161  9.6784
  4  28  0.0000 -0.0000  9.5208
 12  28 -0.0088  0.0000  9.6470
 20  28  0.0049  0.0000 10.2566
 28  28 -0.0022  0.0000  9.4475
 36  28 -0.0069  0.0000 10.0093
 44  28 -0.0015  0.0000 10.1917
 52  28  0.0072 -0.0015 10.1114
 60  28  0.0143 -0.0046  9.9690
 68  28 -0.0032 -0.0028 10.7850
 76  28 -0.0061  0.0000 10.3237
 84  28 -0.0096  0.0000 10.2749
 92  28 -0.0350  0.0000  9.7627
100  28 -0.0267  0.0000 11.3219
108  28  0.0000  0.0000 17.9577
116  28 -0.0905  0.0000  9.7217
124  28 -0.0754  0.0000 10.5348
132  28 -0.0071  0.0000  9.2880
140  28  0.0957  0.0000  9.5761
148  28  0.1648  0.0000 10.1465
156  28  0.0965  0.0000 16.4416
164  28  0.0477  0.0000 14.2011
172  28  0.0361  0.0000 12.5869
180  28  0.0206  0.0000 17.4161
188  28 -0.0080  0.0000 18.4359
196  28  0.0017  0.0000 26.2612
204  28 -0.0164  0.0000 10.1007
212  28 -0.0364  0.0000 10.5290
220  28 -0.0175  0.0000 11.4828
228  28  0.0571  0.0000 11.2165
236  28 -0.0636  0.0000 10.6537
244  28  0.0026  0.0032  9.9574
252  28 -0.0006 -0.0043 10.7892
260  28 -0.0019 -0.0136 13.1190
268  28  0.0033  0.0000 18.7895
276  28 -0.0011  0.0127 15.1349
284  28 -0.0020  0.0000 25.7981
292  28 -0.0076 -0.0028 18.3404
  4  36 -0.0160  0.0000  8.6093
 12  36 -0.0022  0.0000  8.3504
 20  36 -0.0000  0.0000  7.1663
 28  36 -0.0253  0.0000  7.2693
 36  36 -0.2121  0.0000  6.8561
 44  36 -0.2423  0.0000  7.4203
 52  36 -0.1008  0.0000  6.0076
 60  36  0.0157 -0.3457  6.1631
 68  36  0.1570  0.0000  6.9569
 76  36  0.2762  0.0145  8.6542
 84  36  0.1475  0.0000 12.4227
 92  36  0.0597  0.0000 14.4096
100  36  0.0461  0.0000  8.8318
108  36  0.0000  0.0000  9.5627
116  36 -0.0817  0.0000  8.9813
124  36  0.0000  0.0000  7.4645
132  36 -0.0376  0.0000  8.0000
140  36 -0.0686  0.0000  0.0000
148  36 -0.0124  0.0000 16.4760
156  36  0.1224  0.0000 12.6136
164  36 -0.1549  0.0000 17.7262
172  36 -0.0184  0.0000 12.4075
180  36  0.0298  0.0000 17.7863
188  36  0.0424  0.0000 21.9322
196  36  0.0328  0.0000 13.3295
204  36  0.0047  0.0000 13.7763
212  36 -0.0275  0.0000 13.3851
220  36 -0.0483  0.0000 14.4906
228  36 -0.0214  0.0000 18.0878
236  36  0.1066  0.0000  9.4208
244  36  0.3185  0.0000 14.0146
252  36  0.4215  0.0000 13.6955
260  36  0.0115 -0.2362  9.9384
268  36  0.0303  0.2134 10.1661
276  36  0.2270  0.0000  9.2322
284  36  0.2317  0.0000  6.7428
292  36  0.1753  0.0000  7.7757
  4  44  0.1135  0.0000 12.0628
 12  44  0.0525  0.0000 17.6251
 20  44  0.0248  0.0297 13.4174
 28  44  0.0938  0.0000 17.6152
 36  44  0.0444  0.0226 13.6703
 44  44 -0.2890  0.0000 10.5606
 52  44 -0.1972  0.0000 10.5606
 60  44 -0.1130  0.0000  9.0038
 68  44 -0.1283 -0.1979  8.3833
 76  44 -0.0400  0.0000  8.7889
 84  44  0.1570  0.0000 16.1088
 92  44 -0.1912  0.0000 12.4272
100  44  0.0044  0.0000 16.1088
108  44  0.0758  0.0000  0.0000
116  44  0.0994  0.0000 11.1304
124  44  0.0734  0.0000  0.0000
132  44  0.0164  0.0000  0.0000
140  44 -0.0557  0.0000  0.0000
148  44 -0.1115  0.0000 17.0667
156  44 -0.0667  0.0000 13.4252
164  44  0.2119  0.0000 13.5642
172  44  0.8468  0.0000 11.2547
180  44  1.6795  0.0000 11.2655
188  44  1.6225  0.0000 11.1383
196  44  1.5273  0.0000 11.7675
204  44  1.1377  0.0000  8.9190
212  44  0.6630  0.0000  8.8816
220  44  0.2737  0.0000 10.1274
228  44  0.0023  0.0883 10.9298
236  44  0.0249  0.0000 12.3559
244  44  0.0922 -0.0259 11.8359
252  44  0.2263  0.0000 14.5774
260  44  0.2010  0.0000 16.0505
268  44 -0.5000  0.0000  8.8276
276  44 -0.2275  0.0000 11.9011
284  44 -0.0001  0.0000 11.9011
292  44 -0.0676  0.0000  9.4928
  4  52 -0.0878  0.0000 10.5606
 12  52  0.0760  0.0277  8.8485
 20  52 -0.0367  0.0780  8.5648
 28  52  0.0811 -0.0339  7.7033
 36  52  0.1133  0.0000 11.1304
 44  52  0.1495  0.0000 11.1304
 52  52  0.1086  0.0000  0.0000
 60  52  0.0317  0.0000  0.0000
 68  52 -0.0785  0.0000 11.1304
 76  52 -0.2047  0.0000 16.1088
 84  52 -0.2335  0.0000 17.0667
 92  52  0.0313  0.0000 12.0455
100  52  0.9463  0.0000 11.1304
108  52  2.8197  0.0000  0.0000
116  52  2.5000  0.0000  8.8276
124  52  2.7405  0.0000  0.0000
132  52  1.8121  0.0000  0.0000
140  52  0.9429  0.0000  0.0000
148  52  0.4111  0.0000 11.1304
156  52  0.1521  0.0000 11.4580
164  52  0.2093  0.0000 19.5021
172  52  0.3232  0.0000 17.5050
180  52  0.3505  0.0000 30.5749
188  52  0.2507  0.0000 19.9794
196  52 -0.0158  0.0000 14.5612
204  52  0.2279  0.0000  7.2359
212  52  0.4282  0.0000  0.0000
220  52  0.0295  0.0000 13.5576
228  52 -0.2368  0.0000 16.1088
236  52 -0.2938  0.0000 11.2095
244  52  0.0647 -0.1401  9.4533
252  52  0.0629  0.0000 10.8982
260  52  0.0683  0.0413 10.8262
268  52  0.1533  0.0501  8.5005
276  52  0.1085 -0.0087 10.7734
284  52  0.0479  0.0000 12.8691
292  52 -0.0665  0.0000 16.2968
  4  60 -0.2724  0.0000 13.5576
 12  60 -0.4473  0.0000  0.0000
 20  60 -0.4798  0.0000 20.7059
 28  60  0.0000 -0.1556 12.2969
 36  60  2.8274  0.3035  7.6077
 44  60 -0.5000  0.0000  8.8276
 52  60  2.5000  0.0000  8.8276
 60  60  1.3964  0.0000  0.0000
 68  60  0.6302  0.0000  0.0000
 76  60  0.3405  0.0000 11.1304
 84  60  0.2340  0.0000  0.0000
 92  60  0.4774  0.0000 12.0628
100  60  0.6722  0.0000  0.0000
108  60  0.5156  0.0000  0.0000
116  60  0.3326  0.0000 11.1304
124  60  0.3086  0.0000  0.0000
132  60  0.6413  0.0000 11.1304
140  60  0.9239 -0.1505  7.9742
148  60  0.0013  0.0057  6.3733
156  60 -0.4350  0.0000 20.2828
164  60 -0.4545  0.0000 29.4867
172  60 -0.0000  0.0000  9.2595
180  60  0.0043  0.0000  8.8265
188  60 -0.0105  0.0000 22.4681
196  60  0.0000  0.0000 13.2071
204  60  0.0318  0.0000 12.4092
212  60  0.0515  0.0000 13.0803
220  60  0.0000 -0.5000 11.1304
228  60 -0.2149 -0.0041 15.0385
236  60 -0.3719  0.0000 14.4906
244  60 -0.4542  0.0000 10.6919
252  60 -0.4069  0.0000 12.1260
260  60  0.0995  0.0457 16.3207
268  60  0.1822 -0.0175 10.1105
276  60  0.8003  0.0000 12.3186
284  60 -0.2827  0.0062 12.1393
292  60 -0.1459  0.0325 15.1386
  4  68  0.1942  0.0000  8.2581
 12  68  0.2006  0.0000  0.0000
 20  68  0.8178  0.0000 11.1304
 28  68  1.2131  0.0000 11.1304
 36  68  0.6346  0.0000 19.1045
 44  68  0.2340  0.0000 11.1304
 52  68  0.2302  0.0000  0.0000
 60  68  0.5040  0.0000  0.0000
 68  68  0.5551  0.0000  0.0000
 76  68 -0.1960 -0.5000 11.1304
 84  68 -0.5000  0.0000  8.8276
 92  68 -0.0679  0.0242 14.0767
100  68  0.0049 -0.0326 15.5943
108  68 -0.0338  0.0000  0.0000
116  68 -0.0824  0.0000  0.0000
124  68 -0.1217  0.0000 11.1304
132  68 -0.0656  0.0000 11.1304
140  68  0.0226  0.0000 13.5576
148  68 -0.0272  0.0000  5.8125
156  68 -0.1076  0.0000  6.0378
164  68 -0.0970  0.0000  6.0832
172  68  0.0000  0.0000  6.0158
180  68  0.0096  0.0032  5.7392
188  68 -0.0994  0.0000  5.8835
196  68  0.0014  0.0176  5.8276
204  68  0.0721  0.0000 10.8519
212  68 -0.3052  0.0000 12.0628
220  68  0.0000  0.1469 10.3584
228  68  0.5000  0.0000  8.4768
236  68  0.1140 -0.1079 19.3902
244  68  1.2612  0.0000 11.1304
252  68  2.1071  0.0000 11.1304
260  68  0.5531  0.0000 12.5445
268  68 -0.0941  0.0000  9.7047
276  68 -0.0379  0.1728 10.6533
284  68  0.3865  0.0000 11.0903
292  68  0.7200  0.0000  8.5951
  4  76  0.6550  0.0000  0.0000
 12  76  0.4215  0.0000 11.1304
 20  76  0.6541  0.0000  0.0000
 28  76  0.0235  0.0000  0.0000
 36  76 -0.0562  0.0000 11.1304
 44  76 -0.1346  0.0000 11.9011
 52  76 -0.2709  0.0000 19.4783
 60  76 -0.1841  0.0418 12.3683
 68  76  0.0730  0.0000 12.9293
 76  76  0.0000  0.0000  9.2067
 84  76  0.0000 -0.6757 10.3282
 92  76  0.0909  0.0000 17.0667
100  76  0.1688  0.0000 16.2126
108  76  0.1234  0.0000 11.2634
116  76 -0.0318  0.0000  8.5951
124  76 -0.0897  0.0000 11.4120
132  76 -0.1136  0.0000 21.6135
140  76 -0.1790  0.0000 13.5576
148  76 -0.0000  0.0000  9.1934
156  76  0.3758  0.0000 13.5576
164  76  0.4902  0.0000 16.1088
172  76  1.5690  0.0000 11.1304
180  76  3.2186  0.0247  8.7059
188  76  0.0000  0.5000  8.0688
196  76 -0.5000 -0.0930 14.1070
204  76 -0.2421 -0.0390 12.7921
212  76  0.3310  0.0000  0.0000
220  76  0.9854  0.0000  0.0000
228  76  1.5000 -0.0448  8.9013
236  76  1.1463  0.0000 11.1304
244  76  1.3295  0.0000 11.1304
252  76 -0.0202  0.0000  0.0000
260  76 -0.0857  0.0000  0.0000
268  76 -0.1195  0.0000 16.1088
276  76 -0.4652  0.0000  0.0000
284  76 -0.4043  0.4043  8.0000
292  76  0.2875  0.1417 10.3838
  4  84  0.2730  0.0000 11.1304
 12  84  0.2525  0.0000  0.0000
 20  84  0.2958  0.0000 11.1304
 28  84  0.3131  0.0000  0.0000
 36  84  0.2319  0.0000 11.1304
 44  84  0.1001  0.0000 11.1304
 52  84 -0.0170 -0.1411 19.4522
 60  84 -0.0407  0.1129  9.9510
 68  84  0.0066  0.0000 17.6251
 76  84  0.0171  0.0000  8.9968
 84  84  0.1434  0.0664 12.0822
 92  84 -0.0168  0.0634 14.0028
100  84 -0.1362 -0.0539 13.8726
108  84  1.0916  0.0000 11.1304
116  84  0.0490  0.0000  0.0000
124  84 -0.1960 -0.5000 11.1304
132  84 -0.2761 -0.0806  9.3746
140  84  0.1476  0.0000 16.1088
148  84  0.6711  0.0000 13.0803
156  84  1.0492  0.0305 12.6667
164  84  0.8628  0.0000 13.5576
172  84  1.3070  0.0337 12.4709
180  84 -0.1960  2.5000 11.1304
188  84 -0.1865  0.0000 11.1304
196  84  0.0452  0.1188 13.2497
204  84 -0.5000 -0.2274  6.6693
212  84 -0.1151  0.1151 16.5161
220  84  0.2160  0.0000 11.1304
228  84  0.3294  0.0000 19.1045
236  84  0.3987  0.0000  0.0000
244  84  0.4558  0.0000  0.0000
252  84  0.4482  0.0000  0.0000
260  84  0.3384  0.0000  0.0000
268  84  0.3043  0.0000 16.1088
276  84  0.3154  0.0000 11.1304
284  84  0.2336  0.0000 11.1304
292  84  0.1827  1.2221 11.8414
  4  92 -0.1471  0.0000 11.1304
 12  92 -0.2598  0.0000 11.1304
 20  92 -0.4245  0.0000 16.1088
 28  92 -0.4940  0.0000  0.0000
 36  92  0.0147  0.0000  0.0000
 44  92 -0.1708  0.0000 20.1250
 52  92 -0.2372  0.0000 10.6090
 60  92 -0.2506  0.0000 11.4939
 68  92 -0.0595  0.0000  8.2420
 76  92  0.1323  0.0000  9.4378
 84  92  0.1106 -0.0275  9.2768
 92  92 -0.0418  0.1521 12.6567
100  92  0.4068  0.0000  9.4948
108  92 -0.5339  0.0000 11.0903
116  92 -0.5000  0.0825 10.4642
124  92 -0.1990  0.0000 11.1304
132  92 -0.3565  0.0000 11.1304
140  92 -0.1993  0.0000 13.1641
148  92  0.0000  0.0000 13.9636
156  92  0.2566  0.0000 11.1304
164  92  0.4440  0.0000  0.0000
172  92  0.5428  0.0000 11.1304
180  92  0.5262  0.0000 11.1304
188  92  0.2955  0.0000  0.0000
196  92  0.3484  0.0000  0.0000
204  92  0.5000  0.0875 12.3347
212  92  0.2361  0.0000  0.0000
220  92 -0.0588  0.0000 16.1088
228  92 -0.5000  0.0000  8.8276
236  92 -0.5474  0.0000 11.1304
244  92 -0.5876  0.0000  0.0000
252  92 -0.5760  0.0000  0.0000
260  92 -0.3654  0.0000 11.1304
268  92 -0.3146  0.0000  0.0000
276  92 -0.2465  0.0000  0.0000
284  92 -0.2015  0.0000  0.0000
292  92 -0.1096  0.0000 11.1304
  4 100  0.0235  0.3939  8.7892
 12 100  0.2264  1.7826  8.1086
 20 100  0.0138  0.0000 16.1088
 28 100  0.0201  0.0000  0.0000
 36 100 -0.2010  0.0000 16.0505
 44 100  0.1832 -0.6389  8.7702
 52 100  0.0634  0.0000 16.6957
 60 100 -0.1779  0.0000 15.5408
 68 100 -0.2300  0.0000  8.3451
 76 100 -0.1292  0.0000  9.9881
 84 100  0.2563  0.0000 11.1304
 92 100  0.4805  0.0000  0.0000
100 100  0.5376  0.0000  0.0000
108 100  0.5000  0.0000  8.4768
116 100  0.0000 -0.5000  8.8276
124 100  0.0626  0.0000 13.5576
132 100  0.1400  0.0000 11.1304
140 100 -0.0304  0.0000 16.1088
148 100 -0.1878  0.0000 16.1088
156 100 -0.4342  0.0000 11.1304
164 100 -0.4998  0.0000  0.0000
172 100 -0.4998  0.0000  0.0000
180 100 -0.4789  0.0000  0.0000
188 100 -0.4039  0.0000  0.0000
196 100 -0.3113  0.0000  0.0000
204 100 -0.1365  0.0000  0.0000
212 100 -0.0924  0.0000 11.1304
220 100 -0.0914  0.0000  0.0000
228 100  0.0000  0.1960 11.1304
236 100  0.1000  0.0000 16.1088
244 100  0.0495  0.0000 11.1304
252 100 -0.0228  0.0000 11.1304
260 100  0.3718  0.0000 11.1304
268 100  0.5000  0.1960  5.4468
276 100  0.2118  0.0000 11.1304
284 100 -0.0421  0.0000  0.0000
292 100 -0.0980  0.0000  0.0000
  4 108 -0.0326  0.2067 12.0268
 12 108  0.5579  0.0000 11.1304
 20 108  0.6114  0.0000 11.9011
 28 108  0.3491  0.0000  9.7047
 36 108  0.0000  0.5000 11.1304
 44 108 -0.1113 -1.6014 11.9803
 52 108 -0.1189  0.0000  0.0000
 60 108 -0.1386  0.0000 11.1304
 68 108 -0.2743  0.0236 10.8782
 76 108 -0.1793  0.0000  9.2086
 84 108 -0.2858  0.0000  0.0000
 92 108 -0.3266  0.0000 11.1304
100 108 -0.2827  0.0000 11.1304
108 108 -0.2615  0.0000 16.1088
116 108 -0.2779  0.0000  0.0000
124 108 -0.2052  0.0000  0.0000
132 108  0.1328  0.0000  0.0000
140 108  0.0540  0.0000 11.1304
148 108 -0.1444  0.0000 16.1088
156 108 -0.1544  0.0000 16.1088
164 108 -0.0946  0.0000 11.1304
172 108  0.0000  0.2661 10.4867
180 108 -0.0909  0.0000  0.0000
188 108  0.3225  0.0000  0.0000
196 108  0.2244  0.0000  0.0000
204 108  0.0607  0.0000  0.0000
212 108  0.0519  0.0000 11.1304
220 108  0.4224  0.0000  0.0000
228 108  0.9801  0.0000  0.0000
236 108  1.5187  0.0000  0.0000
244 108  1.0009  0.0000  0.0000
252 108  0.3533  0.0000 16.1088
260 108 -0.0563  0.0000  8.4768
268 108 -0.1616  0.0000 11.1304
276 108 -0.1607  0.0000 11.1304
284 108 -0.1623  0.0000 12.0628
292 108 -0.1879  0.0000 17.0667
  4 116 -0.0418  0.1521 12.6567
 12 116 -0.2009  0.0000 16.1088
 20 116 -0.2300  0.0000 22.2609
 28 116 -0.1099  0.2407  7.2411
 36 116 -0.0198 -0.0781 11.5048
 44 116 -0.0542  0.0000  9.2460
 52 116  0.0000 -0.5000  8.8276
 60 116  0.6579  0.0000 14.5082
 68 116  0.1411  0.2045  9.5908
 76 116 -0.2907  0.0403 10.5761
 84 116 -0.2946  0.0000 11.1304
 92 116 -0.3127 -0.1061  9.8739
100 116 -0.2727  0.0000 15.0980
108 116 -0.4459  0.0000  0.0000
116 116 -0.2020  0.0000 11.1304
124 116 -0.2088  0.0000 11.1304
132 116 -0.2186  0.0000 11.1304
140 116  0.0000 -0.5000  8.8276
148 116  0.8822  0.0000  8.2581
156 116  1.8557  0.0000  0.0000
164 116  2.5000 -0.1588 10.5785
172 116  1.1365  0.0000  0.0000
180 116  0.1967  0.0000 11.1304
188 116 -0.1141  0.0000 11.1304
196 116 -0.1452  0.0000  0.0000
204 116 -0.1126  0.0000  0.0000
212 116 -0.1288  0.0000  0.0000
220 116 -0.3156  0.0000 11.1304
228 116 -0.5000  0.0000  8.8276
236 116 -0.4362  0.0000 11.1304
244 116 -0.3769  0.0000 11.1304
252 116 -0.3205  0.0000  0.0000
260 116  0.0000  2.5000  8.8276
268 116  0.2952  0.0000  0.0000
276 116  0.8482  0.0000 16.1088
284 116  1.5000 -0.0448  8.9013
292 116 -0.5000 -0.5000  7.1968
  4 124 -0.4084  0.0000 16.1088
 12 124 -0.0694  0.0000  0.0000
 20 124  0.0000  0.2578  5.2245
 28 124 -0.3755  0.0000 18.8048
 36 124 -0.9407  0.0000  9.3019
 44 124 -0.8318  0.0000 16.1088
 52 124 -0.5503  0.0000 16.1088
 60 124 -0.3645  0.0000 13.5576
 68 124 -0.0913  0.2044 18.7317
 76 124  1.1691  0.0000 19.1045
 84 124  1.9053  0.0000 16.1088
 92 124  1.7624  0.0000  0.0000
100 124  0.3290  2.8274  8.0000
108 124 -0.3050  0.0000 12.1905
116 124 -0.1718  0.0000  8.4768
124 124 -0.0561  0.0000 11.1304
132 124  0.0000 -0.5000  8.9154
140 124  0.0243  0.0000 16.1088
148 124 -0.3091  0.0000 11.1304
156 124 -0.5527  0.0000 11.1304
164 124 -0.4341  0.0000  0.0000
172 124 -0.3026  0.0000 11.1304
180 124 -0.5000  0.0000 11.1304
188 124 -0.3544  0.0000  0.0000
196 124  0.1564  0.0000 11.1304
204 124  0.7734  0.0000  0.0000
212 124  1.1208  0.0000  0.0000
220 124  0.3039  0.0000  0.0000
228 124  0.3713  0.0000  0.0000
236 124  0.7001  0.0000  0.0000
244 124  0.6560  0.0000 11.1304
252 124 -0.3301  0.0000 11.1304
260 124 -1.3854  0.0000  0.0000
268 124 -1.2855  0.0000 11.1304
276 124 -0.5792  0.0000 12.0628
284 124  0.1103  0.0000  0.0000
292 124  0.9750  0.0000 11.1304
  4 132  2.0594  0.0000 11.1304
 12 132  2.1766  0.0000  0.0000
 20 132  1.5888  0.0000 11.5958
 28 132  0.4719  0.0000 10.9531
 36 132 -0.2761 -0.0806  9.3746
 44 132  0.1841 -0.0418 12.3683
 52 132  0.1698  0.0000 11.1304
 60 132  0.0344  0.0000  8.0000
 68 132  0.1463  0.0265  7.9644
 76 132 -0.4060  0.0000 11.1304
 84 132 -0.6572  0.0000 11.1304
 92 132 -0.1960  2.5000 11.1304
100 132  0.5396  0.0000  0.0000
108 132  0.7535  0.0000 13.1641
116 132 -0.3091  0.0000 15.7112
124 132  0.0000  2.0000 11.1304
132 132  0.5273  0.0000 11.1304
140 132  0.9325  0.0000 11.1304
148 132  0.9322  0.0000  0.0000
156 132  1.1994  0.0000  0.0000
164 132  1.5481  0.0000  0.0000
172 132  1.5000  0.0000  8.2581
180 132 -0.2375 -0.3586 11.7728
188 132 -1.5480  0.0000 11.1304
196 132 -1.4987  0.0000  0.0000
204 132 -0.5212  0.0000  0.0000
212 132  0.5184  0.0000  0.0000
220 132  1.7914  0.0000  0.0000
228 132  2.8274 -0.3035  7.6077
236 132  2.3266  0.0000 11.1304
244 132  1.6724  0.0000  0.0000
252 132  1.2100  0.0000 11.1304
260 132  1.3070 -0.0337 12.4709
268 132  0.9427  0.0000 11.1304
276 132  0.4043 -0.4043  8.0000
284 132 -0.3127  0.1061  9.8739
292 132 -0.4491  0.0000  0.0000
  4 140 -0.9165  0.0000 14.2815
 12 140 -1.1220  0.0000 11.1304
 20 140 -0.2178  0.0000  0.0000
 28 140  1.4163  0.0000 11.1304
 36 140  2.5000  0.0000  8.8276
 44 140 -0.0418 -0.1521 12.6567
 52 140 -0.1139  0.0000  0.0000
 60 140  0.3495  0.0000 11.1304
 68 140  0.8619  0.0000  0.0000
 76 140  1.2540  0.0000 11.1304
 84 140  1.6270  0.0000  0.0000
 92 140  1.7844  0.0000 11.1304
100 140  1.4361  0.0000  0.0000
108 140  0.1354  0.1339  9.0933
116 140 -1.1747  0.0000 11.1304
124 140 -1.4771  0.0000 11.1304
132 140 -0.5698  0.0000  0.0000
140 140  0.3793  0.0000  0.0000
148 140  1.5605  0.0000  0.0000
156 140  1.5517  0.0000  0.0000
164 140  1.3433  0.0000  0.0000
172 140  1.0648  0.0000  0.0000
180 140  1.0051  0.0000 13.0803
188 140  1.4511  0.0000  0.0000
196 140  1.1215  0.0000  0.0000
204 140  0.4949  0.0000  0.0000
212 140 -0.1735  0.0000 11.1304
220 140 -0.5475  0.0000  0.0000
228 140 -1.0963  0.0000 12.0628
236 140 -1.5000  0.0000  8.2581
244 140 -0.4342 -0.1409  8.7273
252 140  1.2243  0.0000  0.0000
260 140  1.8551  0.0000 16.1088
268 140  0.5720  0.0000  0.0000
276 140  0.1772  0.0000  0.0000
284 140  0.3752  0.0000  0.0000
292 140  0.8262  0.0000 17.2183
  4 148  1.3373  0.0000 11.1304
 12 148  1.7312  0.0000 16.1088
 20 148  1.7037  0.0000 13.1641
 28 148  1.2809  0.0000  0.0000
 36 148  0.3838  0.0000 16.1088
 44 148 -0.7187  0.0000 16.1088
 52 148 -1.1820  0.0000 11.1304
 60 148 -0.5946  0.0000 17.0667
 68 148 -0.0270  0.1497 14.0432
 76 148  1.3070  0.0337 12.4709
 84 148  0.0000 -0.5000  8.8276
 92 148  0.1902  0.0000 11.1304
100 148  0.1833  0.0000  0.0000
108 148  0.1960 -0.5000 11.1304
116 148  1.1363 -0.1769  5.9535
124 148  0.8765  0.0000  0.0000
132 148  0.4164  0.0000  0.0000
140 148  0.0165  0.0000  0.0000
148 148 -0.0866  0.0000  0.0000
156 148 -0.2998  0.0000 11.1304
164 148 -0.0426  0.0000 16.1088
172 148  1.3070 -0.0337 12.4709
180 148  1.5533  0.0000 13.0803
188 148  1.3974  0.0000  0.0000
196 148  0.6750  0.0000  0.0000
204 148  0.3086  0.0000  0.0000
212 148  0.3557  0.0000 17.0667
220 148  0.6826  0.0000  0.0000
228 148  1.1708  0.0000  9.2850
236 148  1.5000  0.0448  8.9013
244 148  1.3190  0.0000 11.1304
252 148  0.9784  0.0000  0.0000
260 148  0.5000  0.0000 11.1304
268 148 -0.4998  0.0000 11.1304
276 148 -0.6402  0.0000 16.1088
284 148 -0.2570  0.0000 11.1304
292 148  0.1205  0.0000 19.1045
  4 156  0.6392  0.0000  8.2581
 12 156  0.0819  0.0000  0.0000
 20 156  0.0925  0.0661 10.4065
 28 156 -0.1009  0.0000 11.1304
 36 156 -0.2622  0.0000 22.2609
 44 156 -0.1960 -0.5000 11.1304
 52 156  0.1474  0.0000  0.0000
 60 156  0.1328  0.0000 11.1119
 68 156  0.0493  0.0182 10.1065
 76 156  0.3913 -0.0365  8.2581
 84 156  0.2284  0.0000  0.0000
 92 156  0.3741  0.0000 11.1304
100 156  1.0247  0.0000 11.1304
108 156  1.0519  0.0000  8.4768
116 156  0.7464  0.0000  8.2581
124 156  0.4088  0.0000  0.0000
132 156  0.2336  0.0000 11.1304
140 156  0.2505  0.0000  0.0000
148 156  0.4302  0.0000  0.0000
156 156  0.7575  0.0000  0.0000
164 156  0.3577  0.0000 13.4737
172 156  0.4971  0.0000  0.0000
180 156  0.4084  0.0000  0.0000
188 156  0.5426  0.0000 11.1304
196 156 -0.5000  0.0000  8.8276
204 156 -0.2211  0.0000  0.0000
212 156  0.0696  0.0812 10.9765
220 156  0.2372  0.0000 11.1304
228 156  0.4012  0.0000 19.4783
236 156  0.2066  0.0000  0.0000
244 156  0.1238  0.0000  0.0000
252 156 -0.0311  0.0000  0.0000
260 156 -0.0354  0.0000 16.1088
268 156  0.1151  0.1151 16.5161
276 156  0.1219  0.0000  0.0000
284 156  0.0937  0.0000 11.1304
292 156  0.1077  0.0000  0.0000
  4 164  0.2746  0.0000 16.1088
 12 164  0.1778  0.0000  0.0000
 20 164  0.1113  1.6014 11.9803
 28 164  0.3929  0.0000  0.0000
 36 164  0.3474  0.0000 17.0667
 44 164  0.0610 -0.5000  7.7665
 52 164  0.1016  0.0000  8.5273
 60 164  0.1817  0.0000 15.5562
 68 164  0.2905  0.0896  8.7779
 76 164  0.5000  0.0000  8.4768
 84 164  1.1845  0.0000  0.0000
 92 164  0.0222  0.0000 16.1088
100 164  0.0418 -0.1521 12.6567
108 164 -0.1916  0.4196 12.3286
116 164  0.9239 -0.1505  7.9742
124 164 -0.1063  0.0000  6.9728
132 164 -0.2773  0.0000 11.1304
140 164  0.0000 -0.5000  8.8276
148 164  0.1418  0.0000 11.1304
156 164  0.2700  0.0000 16.1088
164 164  0.2544  0.0000 12.0455
172 164  0.1779  0.0000  0.0000
180 164 -0.0223  0.0000  0.0000
188 164  0.1020  0.0000 11.1304
196 164  0.1476  0.0000 11.1304
204 164  0.1017  0.0000  0.0000
212 164  0.0633  0.0000 19.1045
220 164  0.0737  0.0000 11.1304
228 164  0.1424  0.0000 19.1045
236 164  0.0871  0.0000 11.1304
244 164 -0.0053  0.0000 11.1304
252 164  0.0336  0.0000 11.1304
260 164  0.0115  0.0000  0.0000
268 164 -0.0438  0.0000 13.5576
276 164  0.1057  0.0000 13.7892
284 164  0.3249  0.0000  0.0000
292 164  0.5838  0.0000  0.0000
  4 172  1.4999  0.0000  0.0000
 12 172  2.5000 -0.0618  9.8694
 20 172 -0.5000  0.0000 14.1070
 28 172 -0.5494  0.0000  0.0000
 36 172 -0.2641  0.0000 10.1191
 44 172  0.5006  0.0000  0.0000
 52 172  0.4464  0.0000 11.1304
 60 172 -0.6421  0.0000 10.9491
 68 172 -0.5000 -0.0391  9.3822
 76 172 -0.1423  0.0000 16.1088
 84 172  0.1031  0.0000 11.1304
 92 172  0.1922  0.0000 16.1088
100 172  0.1088  0.1876 13.0169
108 172 -0.3808  0.0000 12.0628
116 172  0.0000 -0.5000  8.8276
124 172  0.0000 -0.5000  8.8276
132 172 -0.0179  0.0000 19.1045
140 172 -0.0189  0.0000 11.1304
148 172  0.0000  2.5000  8.8276
156 172  0.0658  0.0000  0.0000
164 172  0.0499  0.0000 12.0455
172 172 -0.0664  0.0000 11.1304
180 172 -0.1317  0.0000  0.0000
188 172 -0.0972  0.0000  0.0000
196 172 -0.0086  0.0000  0.0000
204 172  0.1902  0.0000  0.0000
212 172  0.4043 -0.4043  8.0000
220 172  0.2780  0.1270 13.3759
228 172  1.0803  0.0000 22.2609
236 172  1.4700  0.0000 11.1304
244 172  0.0073  0.0000  0.0000
252 172 -0.2869  0.0000 11.1304
260 172 -0.1304  0.0000  0.0000
268 172  0.3087  0.0000 13.5576
276 172  0.6087  0.0000  0.0000
284 172 -0.5832  0.0000  0.0000
292 172 -0.3899  0.0000  0.0000
  4 180 -0.1621  0.0000 12.0628
 12 180  0.0001  0.0000  0.0000
 20 180  0.0098  0.0000  0.0000
 28 180 -0.2780  0.1270 13.3759
 36 180 -1.3070 -0.0337 12.4709
 44 180 -0.7439  0.0000 11.1304
 52 180 -0.3833  0.0000 11.1304
 60 180 -0.2179  0.0000 11.1304
 68 180 -0.1105  0.0000 16.1088
 76 180 -0.0350  0.0000  0.0000
 84 180  0.0416  0.0000 11.1304
 92 180  0.0698 -0.2911 10.5124
100 180 -0.0748  0.0000 17.2183
108 180 -0.1912  0.0000 12.4272
116 180 -0.0888  0.0000 11.1304
124 180  0.0423  0.0000  0.0000
132 180  0.1896  0.0000 16.1088
140 180  0.2946  0.0000  0.0000
148 180  0.2812  0.0000 11.1304
156 180  0.6149  0.0000 11.1304
164 180  0.6876  0.0000 12.0455
172 180  0.1007  0.0000 12.0455
180 180  0.0000  0.0000  9.2909
188 180 -0.0126  0.0000  0.0000
196 180  0.1697  0.0000  0.0000
204 180  0.4186  0.0000  0.0000
212 180 -0.1935  0.0000 22.2609
220 180 -0.0974  0.0000  0.0000
228 180 -0.0384  0.0000  0.0000
236 180 -0.0014  0.0000  0.0000
244 180 -0.0572  0.0000 11.1304
252 180 -0.3229  0.0000  0.0000
260 180 -0.8239  0.0000  0.0000
268 180 -0.6123  0.0000 22.2609
276 180 -0.3831  0.0000 11.1304
284 180 -0.2795  0.0000 11.1304
292 180 -0.1470  0.0000  0.0000
  4 188 -0.0761  0.0000 12.0455
 12 188 -0.0254  0.0000  0.0000
 20 188 -0.0011  0.0000  0.0000
 28 188 -0.0454  0.0000 12.0455
 36 188 -0.0554  0.0000 11.1304
 44 188  0.0495  0.0000  0.0000
 52 188  0.1362  0.0000 11.1304
 60 188  0.2040  0.0000  0.0000
 68 188  0.2320  0.0000  0.0000
 76 188  0.2165  0.0000  0.0000
 84 188  0.2792  0.0000 16.1088
 92 188  0.1948  0.0000 11.1304
100 188 -0.1244  0.0375 16.8192
108 188 -0.1090  0.0000  9.2086
116 188 -0.0988  0.0000  0.0000
124 188 -0.0588  0.0000  0.0000
132 188  0.0000  2.5000  8.8276
140 188  0.2169  0.0000 11.1304
148 188  0.1960 -0.5000 11.1304
156 188  0.1001  0.0000 11.1119
164 188  0.0838  0.0000 15.6775
172 188  0.0987  0.0000  8.0000
180 188  0.0549  0.0000  9.4948
188 188 -0.0498  0.0000 17.0667
196 188  0.0272  0.0000 11.1304
204 188 -0.0038  0.0000  0.0000
212 188 -0.1960 -0.5000 11.1304
220 188 -0.1151  0.0000 11.1304
228 188 -0.1354  0.0000 11.1304
236 188 -0.1326  0.0000  0.0000
244 188 -0.0929  0.0000  0.0000
252 188 -0.0408  0.0000 11.1304
260 188  0.0529  0.0000 11.1304
268 188  0.1960  2.5000 11.1304
276 188  0.2279  0.0000 11.1304
284 188  0.2312  0.0000  0.0000
292 188  0.2051  0.0000  0.0000
  4 196  0.1552  0.0000 17.2183
 12 196  0.1140  0.0000  0.0000
 20 196  0.0262  0.0000 19.1045
 28 196 -0.0907  0.0000  0.0000
 36 196 -0.1193  0.0000 11.1304
 44 196 -0.1878  0.0000  0.0000
 52 196 -0.3024  0.0000  0.0000
 60 196 -0.5000  4.5000  4.0635
 68 196  0.3745  0.0000  0.0000
 76 196  0.2095  0.0000  0.0000
 84 196  0.0952  0.0000 16.1088
 92 196  0.1581  0.0000  0.0000
100 196  0.3672  0.0000 12.0455
108 196  0.6246  0.0000  0.0000
116 196  0.8432  0.0000  0.0000
124 196  0.9464  0.0000  0.0000
132 196  0.6626  0.0000 11.1304
140 196 -0.0300  0.0000 11.1304
148 196 -0.1138  0.0000  7.2997
156 196 -0.3062  0.0000  8.7531
164 196 -0.3239  0.0000  7.4054
172 196 -0.2348  0.0000 16.6956
180 196 -0.1033  0.0000  0.0000
188 196  0.0477  0.0000 13.5576
196 196  0.1886  0.0000 16.1088
204 196  0.2417  0.0000  0.0000
212 196  0.2361  0.0000  0.0000
220 196  0.1877  0.0000 11.1304
228 196  0.1171  0.0000 16.1088
236 196  0.0493  0.0000 17.2183
244 196 -0.0021  0.0000  0.0000
252 196  0.0396  0.0000  0.0000
260 196 -0.0285  0.0000  0.0000
268 196 -0.2100  0.0000  0.0000
276 196 -0.4528  0.0000 11.1304
284 196 -0.7785  0.0000  0.0000
292 196  0.3604  0.0000  0.0000
  4 204  0.1320  0.0000 16.1088
 12 204  0.0000  2.5000  8.8276
 20 204  0.1830  0.0000  1.0000
 28 204  0.6377  0.0000  0.0000
 36 204  1.2167  0.0000 11.1304
 44 204  1.7471  0.0000 11.1304
 52 204  1.9877  0.0000 11.1304
 60 204  1.4612  0.0000  0.0000
 68 204 -0.3736  0.0000 11.1304
 76 204 -0.8053  0.0000 16.1088
 84 204 -0.7875  0.0000  0.0000
 92 204 -0.6181  0.0000  7.9708
100 204 -0.4071  0.0000  8.8167
108 204 -0.1954  0.0000  8.2581
116 204 -0.0008  0.0000 17.0667
124 204  0.1519  0.0000  0.0000
132 204  0.2259  0.0000  0.0000
140 204  0.2247  0.0000  0.0000
148 204  0.1630  0.0000  0.0000
156 204  0.0819  0.0000 11.1304
164 204  0.0179  0.0000  0.0000
172 204 -0.0066 -1.0000  9.0689
180 204  0.2526  0.0000 11.1304
188 204  0.1219  0.0000 11.1304
196 204 -0.1860  0.0000 11.1304
204 204 -0.5040  0.0000  0.0000
212 204 -0.7976  0.0000  0.0000
220 204  0.2959  0.0000 11.1304
228 204  0.0647  0.0000 16.1088
236 204 -0.0562  0.0000 17.2183
244 204  0.1668  0.0000 16.1088
252 204  0.8514  0.0000  0.0000
260 204  1.7142  0.0000  0.0000
268 204  2.5029  0.0000  0.0000
276 204  2.9469  0.0000  0.0000
284 204  2.5000  0.1588 10.5785
292 204 -1.0000  0.0000  9.2850
  4 212 -1.3432  0.0000 11.1304
 12 212 -1.0790  0.0000 11.1304
 20 212 -0.7666  0.0000  0.0000
 28 212 -0.4890  0.0000 11.1304
 36 212 -0.2434  0.0000  0.0000
 44 212 -0.0300  0.0000  0.0000
 52 212  0.1321  0.0000  0.0000
 60 212  0.2152  0.0000  0.0000
 68 212  0.2069  0.0000 16.1088
 76 212  0.1080  0.0000 11.1304
 84 212  0.0000  0.0000 13.1641
 92 212 -0.0311 -0.0316 10.1141
100 212  0.0380  0.0000 11.3487
108 212  0.5000 -0.3889  6.6693
116 212  0.2154  0.0000 11.1304
124 212 -0.1960  0.0000 11.1304
132 212 -0.5103  0.0000 17.0667
140 212 -0.5352  0.0000  0.0000
148 212  0.1960 -0.5000 11.1304
156 212  0.0000 -1.5000  7.8528
164 212 -0.1241 -0.0900  9.7710
172 212  0.0924  0.2272 18.2653
180 212  1.0190  0.0000 11.1304
188 212  2.1003  0.0000  0.0000
196 212  2.9491  0.0000 11.1304
204 212  3.1705  0.0000 11.1304
212 212  2.3262  0.0000  0.0000
220 212  0.0632  0.0000 11.1304
228 212 -0.7373  0.0000 17.0667
236 212 -0.7066  0.0000 19.1045
244 212 -0.5679  0.0000 16.1088
252 212 -0.4014  0.0000 11.1304
260 212 -0.2089  0.0000 13.1641
268 212 -0.0096  0.0000  0.0000
276 212  0.1533  0.0000 11.1304
284 212  0.2319  0.0000  0.0000
292 212  0.1912  0.0000 12.4272
  4 220 -0.0113  0.0000  0.0000
 12 220 -0.2543  0.0000 11.1304
 20 220 -0.4457  0.0000  8.0688
 28 220 -0.5000  0.0000  8.2581
 36 220  0.0000 -0.5000 11.1304
 44 220 -0.0481  0.0000 16.1088
 52 220 -0.2993  0.0000  0.0000
 60 220 -0.5000  0.0000  8.8276
 68 220 -0.0391 -0.5000  9.3822
 76 220 -0.0377  0.0000 11.1304
 84 220 -0.1232  0.0000 10.4446
 92 220 -0.0750 -0.0684  8.5605
100 220  0.2272  0.0000 12.0628
108 220  1.2754  0.0000  0.0000
116 220  2.6418  0.0000  0.0000
124 220  3.6554  0.0000 11.1304
132 220  3.7225  0.0000  0.0000
140 220  2.6165  0.0000  0.0000
148 220  0.8479  0.0000  8.7810
156 220 -0.1180 -2.6623 11.8819
164 220  0.0000  3.0000  8.8276
172 220 -0.1841 -0.0418 12.3683
180 220 -0.2428  0.0000  0.0000
188 220 -0.1434  0.0000  0.0000
196 220  0.0500  0.0000 11.1304
204 220  0.2356  0.0000  0.0000
212 220  0.3085  0.0000  0.0000
220 220  0.1875  0.0000 11.1304
228 220 -0.1496  0.0000  0.0000
236 220 -0.5747  0.0000 19.1045
244 220 -0.9007  0.0000  0.0000
252 220 -0.9255  0.0000 20.7059
260 220 -0.5442  0.0000  0.0000
268 220 -0.3182  0.0000 11.1304
276 220 -0.2170  0.0000 11.1304
284 220  0.0000 -0.1063  6.9728
292 220  0.3370  0.0000 11.1304
