VARIABLES= "X pix", "Y pix", "U pix/dt", "V pix/dt", "CHC", ZONE I=28, J=37
  4   4  0.0000  0.0732  9.8477
 12   4 -0.0260  0.0000 10.1631
 20   4  0.0148  0.0000 10.0321
 28   4  0.0510 -0.0025 10.9683
 36   4  0.0000 -0.0262 10.5301
 44   4  0.0000 -0.0173 10.5907
 52   4  0.0000  0.0302 10.6439
 60   4  0.0000 -0.0405 11.2747
 68   4  0.0321  0.0008 13.5298
 76   4 -0.0125 -0.0264 13.0947
 84   4  0.0000  0.0045 11.0215
 92   4  0.0009  0.0000 11.3374
100   4 -0.0417 -0.0190 11.4665
108   4  0.0031  0.0389 10.8619
116   4  0.0036  0.0023 11.2047
124   4  0.0039  0.0045 11.2039
132   4 -0.0038  0.0000 11.1937
140   4 -0.0051 -0.0030 11.2353
148   4  0.0400  0.0289 11.5374
156   4 -0.0005  0.0015 11.7381
164   4  0.0045 -0.0272 11.5663
172   4 -0.0159  0.0000 11.7754
180   4 -0.0005 -0.0295 11.6386
188   4  0.0029  0.0000 11.7754
196   4  0.0044  0.0214 11.3438
204   4 -0.0044  0.0060 11.5854
212   4  0.0027 -0.0669 11.7205
220   4 -0.0014  0.0460 12.7087
228   4 -0.0084 -0.0622 11.9297
236   4 -0.0532 -0.0046  9.2361
244   4 -0.0086  0.1169  9.7579
252   4  0.0133  0.0000 10.7394
260   4  0.0053  0.0000 11.3623
268   4  0.0056  0.0112 10.3280
276   4  0.0061  0.0000 12.3152
284   4 -0.0649  0.0000 12.3152
292   4 -0.0403  0.0000 16.1251
  4  12 -0.0222 -0.0896  7.5746
 12  12 -0.0332  0.0115  8.2731
 20  12  0.0875 -0.0087  7.6177
 28  12  0.0884 -0.0043  7.9765
 36  12  0.0082 -0.2522  8.4379
 44  12 -0.3744 -0.0236  6.0500
 52  12 -0.0696  0.1074  6.4158
 60  12  0.0204  0.0344  7.8324
 68  12  0.0123 -0.0353 10.0457
 76  12  0.0485  0.0528  9.8938
 84  12  0.0470  0.0840  8.3943
 92  12 -0.0310 -0.0226  7.4764
100  12 -0.0443 -0.0162  7.5110
108  12 -0.0039  0.0274  7.7876
116  12  0.0003  0.0000  8.4347
124  12  0.0208  0.0427  8.9626
132  12  0.0471 -0.0163  8.1701
140  12 -0.0456  0.0059  8.8640
148  12  0.0000  0.0366  8.0580
156  12 -0.0150  0.0000  9.1370
164  12 -0.0318  0.0013 10.3887
172  12  0.0020  0.0849 14.3328
180  12  0.0012 -0.0113 17.2734
188  12 -0.0007  0.0293  9.7937
196  12 -0.0141 -0.0978  7.8628
204  12  0.0376 -0.2175  7.9348
212  12 -0.1206 -0.1100 12.0289
220  12 -0.0463  0.0000 12.6233
228  12  0.0535  0.2000  8.3025
236  12  0.2083  0.1902  7.5294
244  12 -0.0826  0.1562 12.8436
252  12  0.0000 -0.4505 12.3209
260  12  0.0000 -0.0016 11.5342
268  12  0.0731 -0.2557 10.4025
276  12  0.0519 -0.0029  8.7540
284  12  0.1172 -0.0090  9.0917
292  12  0.1472 -0.0103  7.1701
  4  20  0.0130  0.0068 11.6702
 12  20  0.0014  0.0498 11.3071
 20  20  0.0000 -0.0280 10.1434
 28  20 -0.0179 -0.0057 11.5522
 36  20 -0.0085  0.0436 11.0248
 44  20  0.0000 -0.0134 11.0756
 52  20  0.0328 -0.0691 11.6288
 60  20 -0.0270 -0.0026 13.6804
 68  20 -0.0265  0.0050 12.4063
 76  20  0.0295  0.0026 14.2433
 84  20 -0.0032 -0.0406 13.4288
 92  20 -0.0096  0.0189 12.8225
100  20 -0.0240  0.0586  9.6300
108  20 -0.0352 -0.0746  8.0038
116  20  0.0219 -0.0062 11.6783
124  20 -0.0166  0.0275 11.8112
132  20  0.0142 -0.0261 12.5130
140  20 -0.0024  0.0305 11.8829
148  20  0.0000  0.0024 12.4153
156  20  0.0213  0.0000 12.1728
164  20  0.0041 -0.0165 13.4278
172  20  0.0018 -0.0386 12.7339
180  20  0.0016 -0.0441 22.7963
188  20  0.0173 -0.0130 15.9421
196  20  0.0050 -0.0150 17.9688
204  20 -0.0167 -0.0009 21.7162
212  20 -0.0711 -0.0014 22.1452
220  20 -0.1304 -0.0137 30.5241
228  20 -0.1055 -0.0257 15.6735
236  20  0.0080 -0.0086 15.3937
244  20  0.1570  0.0321 10.7671
252  20  0.0547 -0.0141 11.2635
260  20 -0.0308  0.0516 14.9416
268  20  0.0851  0.0302 10.6469
276  20  0.0586 -0.0052 15.6069
284  20 -0.0156  0.0000  9.7056
292  20  0.0673  0.0066  9.7439
  4  28 -0.0310 -0.0467  9.4771
 12  28 -0.0074 -0.0337 10.4257
 20  28 -0.0386  0.0033 10.3816
 28  28 -0.0228 -0.0058  9.6999
 36  28 -0.0185  0.0005 10.0268
 44  28 -0.0024 -0.0147 10.0908
 52  28 -0.0102  0.0146  9.8529
 60  28  0.0007 -0.0073  9.8937
 68  28 -0.0216 -0.0161 10.0529
 76  28 -0.0736  0.0133 10.0323
 84  28  0.0133  0.0028 10.2785
 92  28  0.0013 -0.0010  9.7280
100  28 -0.0412 -0.0170 10.7644
108  28 -0.0085  0.0117 17.3378
116  28  0.0033  0.0000  9.7564
124  28 -0.0074 -0.0001 10.6208
132  28 -0.0023 -0.0144  9.3066
140  28 -0.0002  0.0014  9.9168
148  28 -0.0066 -0.0162 10.3353
156  28 -0.0289 -0.0063 16.6205
164  28  0.0248 -0.0159 13.9274
172  28 -0.0036 -0.0456 15.0479
180  28 -0.0010 -0.0009 15.4463
188  28 -0.0387 -0.0304 14.0042
196  28  0.0300 -0.0337 24.7779
204  28 -0.0083 -0.0145  9.9635
212  28  0.0112 -0.0124 10.4220
220  28 -0.0064 -0.0243 11.2694
228  28 -0.0162  0.0018 10.9585
236  28 -0.0199  0.0173 10.3526
244  28  0.0110 -0.0239  9.8099
252  28  0.0120 -0.0071 10.6348
260  28  0.0083 -0.0188 12.9885
268  28 -0.0502 -0.0091 18.3391
276  28  0.0382 -0.0406 14.6386
284  28  0.0070  0.0139 25.5996
292  28 -0.0153 -0.0671 17.4599
  4  36  0.0212 -0.0346  9.2623
 12  36 -0.0141 -0.0120  8.7053
 20  36 -0.0592 -0.0317  7.3596
 28  36 -0.0713  0.0094  6.8332
 36  36  0.0136 -0.1494  6.3249
 44  36 -0.0167  0.0471  6.9087
 52  36  0.0000 -0.1535  6.1392
 60  36 -0.3471 -0.0555  6.4051
 68  36  0.0908 -0.0742  7.6673
 76  36  0.2564  0.1115  8.9557
 84  36  0.0024  0.1513 13.3588
 92  36 -0.0640 -0.0448 12.8670
100  36  0.0942 -0.0899  7.9524
108  36 -0.0198 -0.0009  8.3600
116  36 -0.0843 -0.1271  8.5368
124  36  0.1852 -0.1489  6.8686
132  36 -0.1836 -0.4528  7.2741
140  36 -0.0334  0.0000 11.1304
148  36  0.0938 -0.0837  9.8926
156  36 -0.0825 -0.0324 13.0968
164  36 -0.0117 -0.0112 14.9697
172  36 -0.0133  0.0412 12.7861
180  36 -0.0017 -0.0120 19.0633
188  36 -0.0321  0.0278 19.9479
196  36  0.0007 -0.0214 12.0399
204  36  0.0560 -0.2267 11.0648
212  36 -0.0241 -0.0332 15.2381
220  36  0.0000  0.0846 16.2417
228  36  0.1366  0.0179 13.5229
236  36  0.0658  0.0000 13.7993
244  36  0.0409  0.0202 10.5520
252  36 -0.3274 -0.1991 11.5661
260  36  0.0070  0.1545  7.8863
268  36  0.2028  0.2693  8.1141
276  36 -0.2163  0.3886  7.4968
284  36  0.0177 -0.0339  6.4068
292  36  0.1212  0.0211  6.6160
  4  44  0.1681  0.0000 11.1304
 12  44  0.0000  0.2784 12.9855
 20  44 -0.0935  0.0000 17.6152
 28  44 -0.1631  0.0147 13.3694
 36  44 -0.1354 -0.0163 13.2841
 44  44  0.0040 -0.0091 10.5323
 52  44  0.0040 -0.0091 10.5323
 60  44 -0.1218  0.0127  8.8406
 68  44 -0.0310  0.0266  8.3573
 76  44 -0.0376  0.8262  8.8081
 84  44 -0.0916  0.0000 16.1088
 92  44 -0.0698  0.2911 10.5124
100  44 -0.0117  0.0000 11.1304
108  44 -0.0241  0.0000  0.0000
116  44 -0.0653  0.0000  0.0000
124  44 -0.0762  0.0000  0.0000
132  44 -0.1223  0.0000  0.0000
140  44 -0.3056  0.0000  0.0000
148  44 -0.5296  0.0000  8.5181
156  44 -0.0442  0.0236 13.5318
164  44 -0.0627  0.0203 13.5012
172  44 -0.0159  0.0209 11.6724
180  44  0.0368  0.0724 10.5563
188  44  0.0534  0.0028 11.1308
196  44  0.0502 -0.0009 11.5837
204  44  0.1579 -0.1075  9.3348
212  44  0.0776  0.0000  9.1584
220  44  0.0315 -0.0093 10.4336
228  44  0.0122  0.0924 11.1554
236  44 -0.1587  0.1065 14.1262
244  44 -0.0205  0.0378 12.6451
252  44 -0.0347  0.0326 13.2721
260  44 -0.0102  0.0000 11.9011
268  44 -0.0485  0.0000 16.1088
276  44 -0.2689  0.0419  9.7710
284  44  0.0192  0.1864 11.8154
292  44  0.0527  0.0000  9.4928
  4  52  0.0095  0.0000 10.5606
 12  52 -0.0120  0.0000  8.7453
 20  52 -0.1545 -0.0159  8.2668
 28  52 -0.0121 -0.1720  8.1091
 36  52 -0.0516  0.0000 12.0628
 44  52 -0.1055  0.0000 11.1304
 52  52 -0.1223  0.0000  0.0000
 60  52 -0.1415  0.0000 11.1304
 68  52 -0.1733  0.0000 11.1304
 76  52 -0.2452  0.0000 16.1088
 84  52 -0.0594  0.0000  0.0000
 92  52  0.0000 -0.5000  8.8276
100  52  0.0204  0.0000 11.1304
108  52  0.0800  0.0000  0.0000
116  52  0.0469  0.0000  0.0000
124  52 -0.0305  0.0000  0.0000
132  52 -0.0690  0.0000  0.0000
140  52 -0.2572  0.0000  0.0000
148  52 -0.5000 -0.0448  8.9013
156  52 -0.0929  0.0501 11.4259
164  52 -0.0257  0.0259 18.5073
172  52  0.0249  0.0392 17.0300
180  52  0.1063  0.0033 25.9229
188  52  0.0047 -0.0099 21.4772
196  52  0.0054  0.0112 14.0034
204  52 -0.0390 -0.0840  6.9683
212  52  0.3535  0.0000 11.1304
220  52  0.1579  0.0000 10.7010
228  52  0.0504  0.0000 11.1304
236  52  0.0565  0.7597 11.1119
244  52 -0.0362  0.4259  8.8575
252  52 -0.1259  0.1717 10.7616
260  52 -0.1006  0.0000 13.3851
268  52 -0.1224  0.0538  8.6149
276  52 -0.1222  0.0000 10.5606
284  52 -0.0979  0.0087 12.6137
292  52  0.0928  0.0078 15.7880
  4  60  0.1068  0.0000  0.0000
 12  60  0.0002  0.0000  0.0000
 20  60 -0.0691  0.0000  0.0000
 28  60 -0.0273  0.0000  0.0000
 36  60  0.0685  0.0000  0.0000
 44  60  0.0184  0.0000  0.0000
 52  60 -0.1277  0.0000  0.0000
 60  60 -0.2499  0.0000  0.0000
 68  60 -0.3397  0.0000  0.0000
 76  60 -0.5483  0.0000 11.1304
 84  60 -0.6381  0.0000  0.0000
 92  60 -1.0000  0.0000  8.2581
100  60 -1.1827  0.0000  0.0000
108  60 -1.4633  0.0000 11.1304
116  60 -1.1038  0.0000  0.0000
124  60 -0.7556  0.0000 11.1304
132  60 -0.5000  0.0000 11.1304
140  60  0.5000 -0.5000  7.4357
148  60  0.0169 -0.0402  6.2744
156  60 -0.0364  0.0388 19.8628
164  60 -0.0013  0.0749 28.9508
172  60  0.0255  0.0791  9.7158
180  60 -0.0008  0.0651  9.3262
188  60  0.0234  0.0388 22.3743
196  60  0.0488 -0.0391 13.9226
204  60 -0.0782  0.0000  8.9077
212  60 -0.1791  0.0000 13.0803
220  60  0.1624  0.0000 11.1304
228  60  0.3149 -0.2372 11.6216
236  60  0.0000  0.1339  9.4815
244  60 -0.1641  0.0044 10.1279
252  60 -0.0883 -0.0058 12.4498
260  60  0.0815 -0.0786 11.5390
268  60  0.0185  0.0000 10.8982
276  60 -0.1729 -0.1249 14.0899
284  60 -0.3076 -0.1981 12.4931
292  60 -0.1825 -0.2793  8.6016
  4  68 -0.3336  0.0000  0.0000
 12  68 -0.6208  0.0000  0.0000
 20  68 -0.9136  0.0000 11.1304
 28  68 -1.6137  0.0000  0.0000
 36  68 -2.5000  0.0000 11.1304
 44  68 -1.6717  0.0000  0.0000
 52  68 -1.0546  0.0000  0.0000
 60  68 -0.6144  0.0000 11.1304
 68  68 -0.5000  4.5000  4.0635
 76  68 -0.3417  0.0000  0.0000
 84  68 -0.1257  0.3101 11.5706
 92  68  0.0176  0.0798  9.2055
100  68  0.0615 -0.9771 13.1541
108  68  0.0795  0.0000 11.1304
116  68  0.1209  0.0000  0.0000
124  68  0.1148  0.0000 11.1304
132  68 -0.0827  0.0000  0.0000
140  68 -0.4275 -0.2216 10.6909
148  68 -0.0025  0.0160  5.9469
156  68  0.0027  0.0547  6.6383
164  68 -0.0101  0.0353  6.6354
172  68 -0.0043  0.0555  6.6326
180  68 -0.0000  0.0234  6.5709
188  68  0.0147  0.0502  6.3071
196  68 -0.0095  0.0058  6.0019
204  68 -0.0826  0.0000 12.4931
212  68 -0.0955  0.0000 12.0628
220  68  0.0000 -1.5000  7.3143
228  68  0.0000 -2.0000 11.1304
236  68 -0.2780 -0.1270 13.3759
244  68  0.0000  1.5000  6.4901
252  68 -0.3329  0.0842  7.1879
260  68  0.1255 -0.5000 11.1664
268  68 -0.4327  0.0000  9.7047
276  68 -0.4589  0.0000 12.3186
284  68  0.0778 -0.3485  9.1399
292  68 -0.2092  0.4104  7.7576
  4  76 -0.3026  0.0000  0.0000
 12  76 -0.1866  0.0000  0.0000
 20  76  0.1552  0.0000  0.0000
 28  76  0.0683  0.0000  0.0000
 36  76  0.0998  0.0000 11.1304
 44  76  0.1684  0.0000 11.9011
 52  76  0.2117 -1.1735 13.4737
 60  76  0.1841 -0.0418 12.3683
 68  76  0.0602 -0.0937 21.8926
 76  76 -0.3564 -0.5341  7.1914
 84  76 -0.0253 -1.4197 14.5869
 92  76 -1.0765  0.0000  1.0000
100  76 -2.1973  0.1073 11.9070
108  76  0.0000 -0.0855 10.6035
116  76 -0.0132  0.0000  9.4208
124  76 -0.4280  0.1616 11.1462
132  76 -0.1151 -0.1151 16.5161
140  76  0.0000 -0.1960  9.2086
148  76  0.0298  0.1415 10.8581
156  76  0.0923  0.0000 12.1905
164  76  0.0951  0.0000 12.2969
172  76  0.1195  0.0000 11.9011
180  76 -0.2174 -0.0440  9.2850
188  76  0.0976  0.0000 15.7978
196  76  0.0330 -0.1638 10.0179
204  76  0.0000 -1.6804 10.9534
212  76  0.3732  0.0000  0.0000
220  76  0.0990  0.0000 11.1304
228  76 -0.1542  0.0000 11.1304
236  76 -0.1841  0.0418 12.3683
244  76  0.3681  0.3881  9.7710
252  76  0.0401  0.0000  0.0000
260  76  0.0286  0.0000  0.0000
268  76  0.0730  0.0000 11.1304
276  76 -0.0306  0.0000  0.0000
284  76 -0.2795  0.0000 12.5445
292  76 -0.0935  0.0000 11.9011
  4  84 -0.1710  0.0000  0.0000
 12  84 -0.2731  0.0000 11.1304
 20  84 -0.9892  0.0000  0.0000
 28  84 -1.3955  0.0000  0.0000
 36  84 -0.1828  0.0000  0.0000
 44  84  0.0802  0.0000 11.1304
 52  84 -0.0182  0.0644 14.3527
 60  84  0.0559  0.1280 11.1110
 68  84 -0.0717  0.0208 10.8567
 76  84 -0.1134  0.5473 11.3548
 84  84 -0.0458  0.1012 14.0274
 92  84 -0.1215  0.1200 17.1775
100  84  0.0780 -0.0277 12.9438
108  84 -0.0281  0.0000  0.0000
116  84  0.3928  0.0000  0.0000
124  84  1.1506  0.0000  0.0000
132  84  2.5000  0.0000  8.8276
140  84  1.2275  0.0000 16.1088
148  84  0.4258  0.0000 12.0628
156  84  0.0896  0.1405  8.5333
164  84  0.1199  0.0000  0.0000
172  84  0.3233  0.0000  0.0000
180  84  0.0252  0.0000  0.0000
188  84 -0.1109  0.0000 16.1088
196  84  0.0152 -0.0197 12.1354
204  84  0.0299  0.2056 10.2591
212  84 -0.3617 -0.3198 10.2616
220  84  0.1262  0.0000  0.0000
228  84  0.1874  3.5000 14.9489
236  84 -0.1555  0.0000  0.0000
244  84 -0.5489  0.0000  0.0000
252  84 -0.5000  0.0000  8.8276
260  84  0.2023  0.0000  0.0000
268  84  0.2511  0.0000 16.1088
276  84  0.0556  0.0000 11.1304
284  84 -0.1641  0.0000  0.0000
292  84  0.4145  0.0000  0.0000
  4  92 -0.0662  0.0000  0.0000
 12  92  0.0268  0.0000 22.2609
 20  92  0.0417  0.1134  7.3143
 28  92 -0.5000  4.5000  4.0635
 36  92 -0.4147  0.0000 11.1304
 44  92 -0.1261 -0.0116 18.2740
 52  92 -0.0000  0.0000  9.1934
 60  92  0.1321  0.0425 11.0883
 68  92 -0.0088  0.1107  8.0426
 76  92  0.0046  0.1813  9.4599
 84  92  0.0000 -0.1063  6.9728
 92  92  0.1265 -2.0000  7.4935
100  92 -0.0278  0.0302  6.4933
108  92  0.0844  0.0000 11.0903
116  92 -0.3975  0.1465 11.5469
124  92 -0.3495  0.0000 11.1304
132  92  0.8309  0.0000 11.1304
140  92  2.5000 -0.1180  9.2850
148  92  1.1828  0.0000  8.0000
156  92  0.3949  0.0000  0.0000
164  92 -0.1909  0.0000  0.0000
172  92 -0.4475  0.0000 11.1304
180  92  0.0000 -0.5000  8.8276
188  92  0.6773  0.0000  0.0000
196  92  0.3569  0.0000  0.0000
204  92  0.1312  0.0339 12.7070
212  92 -0.5000  0.0000  8.8276
220  92  1.5000  0.0000  8.2581
228  92  0.2587 -0.1868 11.1614
236  92  0.4218  0.0000 11.1304
244  92  0.2228  0.0000  0.0000
252  92 -0.3712  0.0000  0.0000
260  92 -0.6068  0.0000  0.0000
268  92 -0.6101  0.0000  0.0000
276  92 -0.5787  0.0000  0.0000
284  92 -0.3850  0.0000  0.0000
292  92 -0.0186  0.0000  0.0000
  4 100  0.0182 -0.0134  9.7149
 12 100  0.0000 -0.1063  6.9728
 20 100 -1.0000 -0.5000  8.5333
 28 100 -0.6098  0.0000  0.0000
 36 100  0.1636 -0.1885 11.7582
 44 100 -0.3231 -0.6345  8.9478
 52 100 -1.3066  1.0000  8.5333
 60 100 -0.4547 -0.0180 10.8081
 68 100  0.1191 -0.0966  9.3945
 76 100 -0.0287 -0.0911 10.0735
 84 100 -0.1744  1.0000  9.3605
 92 100 -0.6696  0.0000  0.0000
100 100 -1.3547  0.0000  0.0000
108 100 -2.7933  2.5000 13.4737
116 100  0.3290  2.8274  8.0000
124 100  0.0000  0.1960 11.1304
132 100  0.3127  0.1061  9.8739
140 100  0.3386  0.0000 16.1088
148 100  1.8088  0.0000 11.1304
156 100  2.5000  4.5000  4.0635
164 100  1.7769  0.0000  0.0000
172 100  0.8615  0.0000  0.0000
180 100 -0.0771  0.0000  0.0000
188 100 -0.5960  0.0000  0.0000
196 100 -0.7554  0.0000  0.0000
204 100 -0.6617  0.0000 11.1304
212 100 -0.1283  0.0000 22.2609
220 100  0.9422  0.0000 17.0667
228 100  0.0404  1.7224  9.8302
236 100  0.0391  2.5000  9.3822
244 100 -0.4111  0.0000  0.0000
252 100 -0.1174  4.1710 14.6131
260 100 -0.6828  0.0000 11.1304
268 100 -0.5452  0.1203  5.4468
276 100 -0.8137  0.0000  0.0000
284 100 -0.5000  0.0000  8.8276
292 100 -0.1661  0.0000  0.0000
  4 108  0.1960 -0.5000 11.1304
 12 108 -0.2847  2.5000 11.1304
 20 108 -0.3321 -0.1276 10.3409
 28 108  0.3483 -0.2487  7.5687
 36 108 -0.0677 -0.2414 11.7124
 44 108  0.1444  0.0000 11.1304
 52 108 -0.0415  0.0000  0.0000
 60 108 -0.0016  0.0000  0.0000
 68 108  0.1005  0.0000  0.0000
 76 108  0.9447  0.0000  0.0000
 84 108  2.0668  0.0000  0.0000
 92 108  2.0875  0.0000  0.0000
100 108  1.1912  0.0000 16.1088
108 108  0.0603  0.0000 11.1304
116 108 -0.5000 -0.0448  8.9013
124 108 -0.6246  0.0000  0.0000
132 108 -0.4507  0.0000  0.0000
140 108  0.5000  0.0000 11.1304
148 108  4.1587  0.0000  0.0000
156 108  4.5000  0.2391  8.2581
164 108  1.8273  0.0000  0.0000
172 108  0.4153  0.0000 11.1304
180 108 -0.3506  0.0000 16.1088
188 108 -1.3070  0.0337 12.4709
196 108 -0.4230  0.0000  0.0000
204 108 -0.0986  0.0000 11.1304
212 108 -0.1146  0.0101 17.4161
220 108 -0.3920  0.0000 20.7059
228 108 -0.5000  0.0000  8.8276
236 108 -0.2587  0.0000  0.0000
244 108 -0.0688  0.0000  0.0000
252 108  0.1732  0.0000 16.1088
260 108  0.0000 -0.5000  8.8276
268 108 -0.1960  0.0000 11.1304
276 108  0.0000 -0.5000  8.8276
284 108 -0.2460  0.0000 11.1304
292 108 -0.4812  0.0000  0.0000
  4 116 -0.2645 -0.0585 13.3056
 12 116  1.3676  0.0000  9.2086
 20 116  2.1915  0.0000  0.0000
 28 116  1.3381 -0.1151  7.2521
 36 116  0.0427  0.2342  9.8815
 44 116 -0.2875 -0.0520  6.2126
 52 116 -0.2279  0.0000  0.0000
 60 116 -0.1774  0.1833 15.2935
 68 116  0.0915  0.1892 12.3394
 76 116  4.9386 -4.8642 16.2025
 84 116  0.0000  2.5000  8.8276
 92 116  0.0260  0.0000 11.9011
100 116  0.1151 -0.1151 16.5161
108 116 -0.7689  0.0000 11.1304
116 116 -0.4997  0.0000 11.1304
124 116  0.0000  0.1960 11.1304
132 116  0.5000  0.0000  8.4768
140 116  0.0126  0.0000 11.1304
148 116 -0.5000  4.5000  4.0635
156 116 -0.5646  0.0000 16.1088
164 116 -0.0696 -0.0812 10.9765
172 116  0.0000  2.5000  8.9154
180 116 -0.2697  0.0000 17.0667
188 116 -0.1409  0.0000  0.0000
196 116  1.8653  0.0000 11.1304
204 116  1.1840  0.0000  0.0000
212 116  0.1019  0.0000  0.0000
220 116 -0.3525  0.0000 16.1088
228 116 -0.2379  0.0000  0.0000
236 116  1.2865  0.0000 11.1304
244 116  2.5000  0.0000  8.8276
252 116  1.2973  0.0000  0.0000
260 116  0.3242  0.0000 16.1088
268 116  0.2414  0.0000 11.1304
276 116  0.5148  0.0000 16.1088
284 116  0.2645  0.0000 11.1304
292 116  0.7173  0.0000 16.1088
  4 124  2.5080  0.0000 16.1088
 12 124  0.2317  0.0000  0.0000
 20 124  0.0000  0.7441  7.6268
 28 124  0.2134  0.1869 12.7743
 36 124 -0.3507  0.0361  8.3478
 44 124  0.3927  0.0140  8.4612
 52 124 -0.0934  0.8277 10.5166
 60 124  0.2326  0.0000  0.0000
 68 124 -0.0698  0.2911 10.5124
 76 124 -0.4554  0.0000  0.0000
 84 124 -0.7587  0.0000 12.0455
 92 124 -0.4153  0.0000 11.1304
100 124 -0.2443  0.0000  8.4768
108 124 -0.4941  0.0000 11.1304
116 124 -0.5000  0.0000 11.1304
124 124  4.5000 -0.5000  4.0635
132 124  1.9969  0.0000  0.0000
140 124  0.2396  0.0000 16.1088
148 124  0.2027  0.0000 11.1304
156 124  0.0000 -0.5000  8.8276
164 124  0.9442  0.0000  0.0000
172 124  1.2777  0.0000  0.0000
180 124  0.3226  0.3010 12.4568
188 124  0.0211  0.0000  0.0000
196 124  0.3994  0.0000 11.1304
204 124  1.4717  0.0000 11.1304
212 124  0.4577  0.0000 11.1304
220 124  0.9199  0.0000  0.0000
228 124  1.4889  0.0000  0.0000
236 124  0.4668  0.0000  0.0000
244 124  0.0896  0.0000  0.0000
252 124  0.5845  0.0000  0.0000
260 124  2.5000  0.1121  7.6040
268 124  0.5400  0.0000 11.1304
276 124  0.1960  0.0000 11.1304
284 124  0.7014  0.0000  0.0000
292 124  0.7641  0.0000 11.1304
  4 132  0.3234  0.0000  0.0000
 12 132 -0.5000  0.2199  5.3378
 20 132 -0.1591 -0.1898  9.3405
 28 132  0.4337  0.0578  8.8276
 36 132  1.1815  0.0000 16.1088
 44 132  2.5000 -0.1180  9.2850
 52 132  2.5000 -5.1588 10.5785
 60 132 -0.0264  0.2027 12.5162
 68 132 -0.5000  0.0000  8.8276
 76 132  1.7056  0.0000  8.4768
 84 132  2.5000  0.0000  8.8276
 92 132  1.4401  0.0000 11.1304
100 132  0.7471  0.0000  0.0000
108 132  0.1480  0.0000 16.1088
116 132 -0.2854 -4.7609  8.2581
124 132  0.0000  2.1960 11.1304
132 132  2.5000  0.0000  8.8276
140 132  0.0000  0.1063  6.9728
148 132  1.2633  0.0000  0.0000
156 132  1.4725  0.0000 11.1304
164 132  0.6477  0.0000  0.0000
172 132 -0.0039  0.0000  0.0000
180 132  0.1556  0.0000 12.2969
188 132  2.1797  0.0000  0.0000
196 132  0.9650  0.0000 11.1304
204 132  1.1472  0.0000  0.0000
212 132  1.8705  0.0000  0.0000
220 132  2.3226  0.0000  0.0000
228 132  2.2175  0.0000  0.0000
236 132  1.3167  0.0000  0.0000
244 132  0.9229  0.0000  0.0000
252 132  1.0412  0.0000 11.1304
260 132  1.3790  0.0000 16.1088
268 132  1.5194  0.0000 11.1304
276 132  0.4043 -0.4043  8.0000
284 132 -0.3985 -0.0618  9.8694
292 132  0.3442  0.0000  0.0000
  4 140  2.5000  0.1588 10.5785
 12 140 -0.1063  0.0000  6.9728
 20 140  0.2394  0.0000  0.0000
 28 140  0.0000  2.5000  8.8276
 36 140  0.0832  0.3131  9.8462
 44 140 -0.5012  0.0000  0.0000
 52 140 -0.7148  0.0000 11.1304
 60 140 -0.1841  0.0418 12.3683
 68 140  0.3933  0.0000  0.0000
 76 140  2.5000  0.0000  8.8276
 84 140  1.9528  0.0000  0.0000
 92 140  0.8702  0.0000  0.0000
100 140  0.0745  0.0000  0.0000
108 140  0.1606  0.0000  0.0000
116 140  1.8074  0.0000  0.0000
124 140  1.1795  0.0000  0.0000
132 140  1.5510  0.0000  0.0000
140 140  2.5000  0.0000  8.8276
148 140  3.5004  0.0000  0.0000
156 140  4.0780  0.0000  0.0000
164 140  2.8043  0.0000  0.0000
172 140  1.6971  0.0000  0.0000
180 140  1.3236  0.0000 13.0803
188 140  1.2149  0.0000  0.0000
196 140  0.7736  0.0000  0.0000
204 140 -0.2442  0.0000  0.0000
212 140 -0.7092  0.0000  0.0000
220 140 -0.2516  0.0000  0.0000
228 140  1.4928  0.0000 16.1088
236 140  1.2315  0.0000 16.1088
244 140  1.1607  0.0000 16.1088
252 140  0.0913  0.0000 11.1304
260 140 -0.3526  0.0000  0.0000
268 140 -0.7009  0.0000  0.0000
276 140 -0.8256  0.0000  0.0000
284 140 -0.5000 -4.8181  5.7949
292 140  0.0418  0.1521 12.6567
  4 148  1.4233  0.0000 16.1088
 12 148  1.3532  0.0000 16.1088
 20 148  0.6298  0.0000  0.0000
 28 148  0.0000 -0.5000  8.8276
 36 148  0.0000 -0.5000  8.8276
 44 148  2.2035  0.0000  0.0000
 52 148  0.7010  0.0000  0.0000
 60 148  0.6527  0.0000  0.0000
 68 148  0.5217  0.0000  0.0000
 76 148  2.7676  0.0000 17.0667
 84 148  4.5000 -0.5000  4.0635
 92 148  2.7393  0.0000  0.0000
100 148  1.4052  0.0000 11.1304
108 148  1.1892  0.0000  0.0000
116 148  1.1816  0.0000  0.0000
124 148  0.6195  0.0000  0.0000
132 148 -0.4459  0.0000  0.0000
140 148 -0.9510  0.0000  0.0000
148 148 -1.5488  0.0000  0.0000
156 148  0.8189  0.0000 11.1304
164 148  2.5000  0.0000  8.8276
172 148  2.5000  0.1588 10.5785
180 148  0.1696  0.0000 12.5902
188 148 -0.6515  0.0000 11.1304
196 148 -0.6960  0.0000 11.1304
204 148 -0.6940  0.0000  0.0000
212 148 -0.4658  0.0000  0.0000
220 148 -0.0728  0.0000  0.0000
228 148  0.5697  0.0000 11.1304
236 148  0.6271  0.0000  0.0000
244 148  0.2619  0.0000  1.0000
252 148  0.0105  0.0000  0.0000
260 148  0.1884  0.0000  0.0000
268 148  2.7933  0.0000 13.4737
276 148 -0.2278 -0.1162  9.2296
284 148 -0.5000 -0.1588 10.5785
292 148 -2.8274 -0.3035  7.6077
  4 156  0.0000 -0.5000  8.8276
 12 156 -0.1960  2.5000 11.1304
 20 156  0.1480  0.0000  0.0000
 28 156  0.0000  2.5000  8.8276
 36 156  0.8770  0.0000  0.0000
 44 156  1.5919  0.0000  0.0000
 52 156  1.2522  0.0000  0.0000
 60 156  0.0255  1.5000  9.7158
 68 156 -0.3270  0.5000  7.6371
 76 156 -2.7620  2.5000  9.9740
 84 156  0.0000  2.5000  8.8276
 92 156  1.2897  0.0000  0.0000
100 156  1.5782  0.0000  0.0000
108 156  0.3747  0.0000  0.0000
116 156 -0.7984  0.0000  0.0000
124 156 -0.3362  0.0000  0.0000
132 156 -0.3615  0.0000  0.0000
140 156 -0.2037  0.0000  0.0000
148 156 -0.0765  0.0000  0.0000
156 156  0.0572  0.0000  0.0000
164 156  0.0832  0.3131  9.8462
172 156 -0.1151  0.1151 16.5161
180 156 -0.0812  1.5000 10.1857
188 156 -0.9080  0.0000  0.0000
196 156  0.4498  0.0000  0.0000
204 156 -1.0273  0.0000  0.0000
212 156 -1.2267  0.0000  0.0000
220 156 -1.8651  0.0000  0.0000
228 156  0.0000 -0.5000  8.8276
236 156 -0.4162  0.0000  0.0000
244 156 -0.3579  0.0000  0.0000
252 156 -0.0099  0.0000  0.0000
260 156  1.1086  0.0000  0.0000
268 156  2.5000 -0.1121  7.6040
276 156  2.7680  0.0000  0.0000
284 156  2.5000 -0.1588 10.5785
292 156  0.1968  0.0852  9.8302
  4 164  2.5000 -0.1588 10.5785
 12 164  0.1093 -5.2255  7.5294
 20 164  0.0000 -0.5000  8.8276
 28 164  0.6315  0.0000  0.0000
 36 164  0.5000  2.5000  5.4468
 44 164 -1.1363 -0.1769  5.9535
 52 164  0.3314 -0.0367  8.1420
 60 164  0.0111  0.2493 12.7481
 68 164  0.3047 -0.1210  7.0637
 76 164  0.1289  0.0000  0.0000
 84 164 -0.2145  0.0000  0.0000
 92 164 -0.2799  0.0000  0.0000
100 164 -0.3577  0.0000 13.4737
108 164  0.0347  3.0000 12.8598
116 164 -2.5000  0.0000 11.1304
124 164 -1.0355  0.0000  0.0000
132 164 -1.0436  0.0000  0.0000
140 164 -1.1650  0.0000  0.0000
148 164 -1.0915  0.0000  0.0000
156 164  0.4436  0.0000 11.1304
164 164  0.1556  0.0000 12.2969
172 164 -0.1172  0.0000  0.0000
180 164  0.0000 -0.5000  8.8276
188 164  0.6993  0.0000 11.1304
196 164  2.0379  0.0000  0.0000
204 164  2.2003  0.0000  0.0000
212 164  0.2625 -0.0485  7.4854
220 164  0.1458  0.0000  0.0000
228 164  1.4396  0.0000  0.0000
236 164  0.2557  0.0000 11.1304
244 164 -0.1315  0.0000 11.1304
252 164  0.1026  0.0000  0.0000
260 164  0.3678  0.0000  0.0000
268 164  0.5000  0.0000  8.4768
276 164  0.0000  2.5000 11.1304
284 164  0.1986  0.0000 11.1304
292 164  1.3153  0.0000  0.0000
  4 172  0.6552  0.0000  0.0000
 12 172 -0.1603  2.5000  6.8725
 20 172  0.1059  0.0000  0.0000
 28 172  0.8181  0.0000  0.0000
 36 172  1.3070  0.0337 12.4709
 44 172 -1.8253  0.0386  9.5761
 52 172  0.4406 -0.0256  8.3738
 60 172  0.0280  0.1784  8.9116
 68 172 -0.5851  0.0000  0.0000
 76 172 -0.5000 -0.0391  9.3822
 84 172  2.1424  0.0000  0.0000
 92 172  1.5624  0.0000  0.0000
100 172  0.2299  0.0000  0.0000
108 172 -0.5000 -0.0265 11.4627
116 172 -0.5000 -0.5000  4.0635
124 172  1.3732  0.0000  0.0000
132 172  2.5000  2.7933 12.8000
140 172  0.8152  0.0000 11.1304
148 172  0.3406  0.0000  0.0000
156 172  0.5128  0.0000  0.0000
164 172 -0.0698 -0.2911 10.5124
172 172 -0.2471  0.0000  0.0000
180 172 -0.4594  0.0000  0.0000
188 172 -0.5000 -0.5000  4.0635
196 172 -0.0702  0.0000  0.0000
204 172 -0.2650  0.0000  0.0000
212 172  0.0000  2.5000  8.8276
220 172  2.5000  5.0000  8.8276
228 172  1.0983  0.0000  0.0000
236 172  0.2054  0.0000 11.1304
244 172  0.5433  0.0000  0.0000
252 172  1.4811  0.0000  0.0000
260 172  1.6785  0.0000  0.0000
268 172  0.5000  0.0000  8.4768
276 172  0.7148  0.0000  0.0000
284 172  1.7788  0.0000  0.0000
292 172  0.5191  0.0000  0.0000
  4 180  0.1936  1.5000  7.3143
 12 180  4.5000 -0.1174 13.8795
 20 180  2.5293  0.0000  0.0000
 28 180  0.0008  0.0000 12.0455
 36 180 -1.4301  0.0000  0.0000
 44 180 -2.5000 -1.0000  7.6040
 52 180 -0.1841  0.0418 12.3683
 60 180  0.0677  0.2414 11.7124
 68 180  0.1247  0.0000 16.1088
 76 180  0.2153  0.0000  0.0000
 84 180  0.0000  2.5000  8.8276
 92 180 -0.1144  0.0000 16.1088
100 180  0.0000  0.1063  6.9728
108 180 -0.6236  0.0000  0.0000
116 180 -0.7104  0.0000  0.0000
124 180 -0.1960  0.0000 11.1304
132 180 -0.0903  0.0000 11.1304
140 180  0.1043  0.0000  0.0000
148 180  0.8491  0.0000  0.0000
156 180  0.1349  0.0000  0.0000
164 180  0.6585  3.6930 10.6667
172 180  0.9763  0.0000  0.0000
180 180  2.0777  0.0000  0.0000
188 180  1.5955  0.0000  0.0000
196 180  0.3229  0.0000  0.0000
204 180 -0.0652  0.0000  0.0000
212 180  4.5943  0.0000  0.0000
220 180  2.2064  0.0000 12.0455
228 180  0.6570 -5.4300  5.4468
236 180  1.9805  0.0000  0.0000
244 180  0.9710  0.0000  0.0000
252 180 -0.8239  0.0000  0.0000
260 180 -0.2125  0.0000  0.0000
268 180  0.4275  0.0000  0.0000
276 180 -0.3825  0.0000  0.0000
284 180 -0.6317  0.0000 11.1304
292 180 -0.1261  0.0000  0.0000
  4 188  0.4202  0.0000 11.1304
 12 188 -0.6457  0.0000  0.0000
 20 188 -0.3403  0.0000  0.0000
 28 188  0.4025  2.5000  7.3745
 36 188 -0.5000  4.5000  4.0635
 44 188 -0.5000  4.5000  4.0635
 52 188  0.1782  0.0000  0.0000
 60 188  0.4710  0.0000  0.0000
 68 188  0.3557  0.0000  0.0000
 76 188  0.0162  0.0000  0.0000
 84 188  0.0000 -0.5000  8.8276
 92 188  5.5000 -0.5000  4.0635
100 188  2.0000  0.1867  6.5641
108 188  3.0000  0.3324  6.6627
116 188  1.4198  0.0000  0.0000
124 188 -0.5000  0.0000  8.8276
132 188 -0.6427  0.0000  0.0000
140 188  7.3424  0.0000  0.0000
148 188  3.5000 -0.1203  5.4468
156 188 -0.2346  0.0000  0.0000
164 188 -0.1717 -0.4043 10.4490
172 188 -0.2886  1.5000  8.7664
180 188 -1.5000 -5.1574  4.7533
188 188  1.8970  0.0000  0.0000
196 188  4.5000  4.5000  4.0635
204 188  0.0000  5.0000 11.1304
212 188 -0.8271  0.0000 11.1304
220 188 -0.0541  0.4223  8.3718
228 188  1.5665  0.0000  0.0000
236 188 -1.8925  0.0000  0.0000
244 188 -0.8849  0.0000  0.0000
252 188  0.9740  0.0000  0.0000
260 188  1.0111  0.0000  0.0000
268 188  1.0768  0.0000  0.0000
276 188  1.4800  0.0000  0.0000
284 188  1.6544  0.0000  0.0000
292 188  1.2481  0.0000  0.0000
  4 196  0.2695  0.0000  0.0000
 12 196 -0.0293  0.0000  0.0000
 20 196 -0.3524  0.2632 11.6476
 28 196  0.5000  0.0000  8.8276
 36 196  1.7870  0.0000  0.0000
 44 196  0.9009  0.0000  0.0000
 52 196 -0.1523  0.0000  0.0000
 60 196  0.0000  2.5000  8.8276
 68 196  8.4466  0.0000  0.0000
 76 196  3.4292  0.0000  0.0000
 84 196 -1.7328  2.5000  7.8736
 92 196  0.1164 -1.0000  7.6040
100 196  0.0933  0.2770 15.4596
108 196  2.5000  0.0000  8.8276
116 196  3.7229  0.0000  0.0000
124 196  4.0794  0.0000  0.0000
132 196  1.0289  0.0000  0.0000
140 196 -0.6316  0.0000  0.0000
148 196 -0.4363 -0.4002  8.0688
156 196  3.9516  0.8284  6.4549
164 196 -3.9418 -4.5754  6.2320
172 196 -1.1477 -5.2226 11.8738
180 196  2.1763 -0.0612  8.3212
188 196  2.5000  0.0000 11.1304
196 196  2.6005  0.0000 11.1304
204 196  2.8291  0.0000  0.0000
212 196  2.8394  0.0000  0.0000
220 196  2.0604  0.0000  0.0000
228 196  0.0832 -0.3131  9.8462
236 196  2.1320  0.0000  0.0000
244 196 -0.1030  0.0000  0.0000
252 196  0.5321  0.0000  0.0000
260 196  1.6807  0.0000  0.0000
268 196  0.4681  0.0000  0.0000
276 196 -0.1471  0.0000 11.1304
284 196 -0.0668  0.0000  0.0000
292 196  7.5868  0.0000  0.0000
  4 204  4.5000 -0.5000  4.0635
 12 204  0.0000 -0.5000  8.8276
 20 204  0.1867 -0.5000  6.4178
 28 204  0.8608  0.0000 11.1304
 36 204  2.6563  0.0000  0.0000
 44 204  3.4967  0.0000 11.1304
 52 204  3.2097  0.0000  0.0000
 60 204  1.2980  0.0000  0.0000
 68 204 -0.2993  0.0000  0.0000
 76 204 -0.8695  0.0000  0.0000
 84 204 -0.1313  0.0812 16.9211
 92 204 -0.0849  0.2002 14.2639
100 204  0.0000  2.5000  8.8276
108 204  1.9511  0.0000  0.0000
116 204  2.8554  0.0000  0.0000
124 204  3.2629  0.0000  0.0000
132 204  3.4235  0.0000  0.0000
140 204  3.1173  0.0000  0.0000
148 204  1.3823 -3.8973  8.9258
156 204 -6.0913 -0.5000  9.3888
164 204  4.1033  1.6297 12.2365
172 204 -0.3241  0.2074 11.2955
180 204  0.8168  0.0000 11.1304
188 204  2.5000  0.0000  8.8276
196 204  0.0000 -0.5000  8.8276
204 204 -0.2511  0.0000  0.0000
212 204 -0.1144  0.0000  0.0000
220 204  3.4459  0.0000  0.0000
228 204  1.9872  0.0000 16.1088
236 204 -0.3309 -0.0637  7.1846
244 204  2.5000  4.5000  4.0635
252 204  1.5000  2.5000  7.4357
260 204  2.1816  0.0000  0.0000
268 204  2.6850  0.0000  0.0000
276 204  2.4246  0.0000 11.1304
284 204  1.3172  0.0000  0.0000
292 204  0.2141  0.0000 11.1304
  4 212 -0.2847  0.0000 11.1304
 12 212  0.0000  2.5000  8.8276
 20 212 -0.3433  0.0000  0.0000
 28 212  0.0338  0.0000 11.1304
 36 212  1.5743  0.0000  0.0000
 44 212  2.7382  0.0000  0.0000
 52 212  3.2852  0.0000  0.0000
 60 212  3.2041  0.0000 11.1304
 68 212  2.2792  0.0000  0.0000
 76 212  0.0000  2.5000  8.8276
 84 212 -3.5717  0.0000  0.0000
 92 212  0.1973  0.5000  6.8298
100 212 -0.0844  0.1990 10.2665
108 212  0.6927  0.0000  0.0000
116 212  1.4979  0.0000  0.0000
124 212  0.4620  0.0000  0.0000
132 212  0.1760  0.0000  0.0000
140 212  0.0000  5.0000 11.1304
148 212 -0.2965  0.2632 10.8887
156 212  0.3732  0.3694 10.3318
164 212 -0.5831  0.0000  0.0000
172 212 -0.2183 -0.0412  8.3854
180 212  0.4696  0.0000  0.0000
188 212  1.2880  0.0000  0.0000
196 212  1.8303  0.0000 11.1304
204 212  1.8313  0.0000  0.0000
212 212  1.2917  0.0000  0.0000
220 212  0.5723  0.0000  0.0000
228 212 -0.0498  0.0000  0.0000
236 212 -0.6344  0.0000  0.0000
244 212 -1.5000  0.0000  8.2581
252 212 -0.5000 -5.1588 10.5785
260 212  1.4243  0.0000  0.0000
268 212  2.8036  0.0000  0.0000
276 212  3.3704  0.0000  0.0000
284 212  3.1108  0.0000 16.1088
292 212  2.0356  0.0000  0.0000
  4 220  0.2540  0.0000  0.0000
 12 220 -1.4611  0.0000 11.1304
 20 220 -0.5821  0.0000 11.1304
 28 220 -0.2603  0.0000 11.1304
 36 220  0.2845  0.0000 11.1304
 44 220  0.6920  0.0000  0.0000
 52 220  0.4205  0.0000  0.0000
 60 220  0.4043  0.4043  8.0000
 68 220 -0.5000  0.0000  8.8276
 76 220  0.0000 -0.5000  8.8276
 84 220  0.3118 -0.2381  6.9445
 92 220 -0.0387 -1.3520  6.1859
100 220  0.0567 -0.0184  9.0869
108 220  0.1391  0.0000  0.0000
116 220  0.6635  0.0000  0.0000
124 220  1.2546  0.0000  0.0000
132 220  1.5442  0.0000  0.0000
140 220  1.4261  0.0000  0.0000
148 220  1.0287  0.0000 11.1304
156 220  0.5000  2.5000  5.5604
164 220 -0.2075  0.0000  0.0000
172 220 -0.3589 -5.8918  5.0000
180 220  0.0000 -5.5000  7.8528
188 220  2.2580 -4.1713 10.2400
196 220  3.6271  0.0000 11.1304
204 220  4.0612  0.0000  0.0000
212 220  3.5684  0.0000  0.0000
220 220  2.3778  0.0000  0.0000
228 220  0.9835  0.0000 11.1304
236 220  0.0000  0.1063  6.9728
244 220 -0.5000  0.0000  8.8276
252 220 -0.4610  0.0000  0.0000
260 220 -0.1420  0.0000  0.0000
268 220  0.0000  2.5000  8.8276
276 220 -0.3362  0.0000 11.1304
284 220  0.0000  2.5000  8.8276
292 220  2.6192  0.0189 11.0490
