VARIABLES= "X pix", "Y pix", "U pix/dt", "V pix/dt", "CHC", ZONE I=7, J=9
 16  16 -0.0311  0.0322 10.5299
 48  16  0.0066  0.0056 12.4907
 80  16 -0.0035  0.0089 12.7003
112  16  0.0060  0.0053 12.0396
144  16 -0.0307 -0.0058 14.3646
176  16 -0.0245 -0.1157 14.2953
208  16  0.0232 -0.0347 19.1178
240  16 -0.0080 -0.0110 30.3425
272  16  0.0331 -0.0187 33.0652
 16  48 -0.0050 -0.0006  8.0894
 48  48 -0.0377  0.0173  6.9415
 80  48 -0.0305 -0.0106  7.2879
112  48  0.0454  0.0036  6.5518
144  48 -0.0419  0.0301  5.3682
176  48  0.0238  0.1640 12.3241
208  48  0.0730 -0.0024  6.3440
240  48 -0.0166  0.0011  9.5459
272  48  0.0526  0.0041 11.0536
 16  80  0.0123 -0.0903 23.5458
 48  80 -0.1151 -0.1017 20.2803
 80  80 -0.1803 -0.0407 13.4592
112  80  0.0079  0.0090  9.7937
144  80 -0.0784 -0.0494  6.4324
176  80 -0.0181  0.0274  4.7672
208  80  0.0761  0.3088  5.9323
240  80 -0.0694  0.3252  8.6063
272  80  0.0219 -0.0344  8.2530
 16 112 -0.0472  0.1370  9.5520
 48 112  0.1367  0.2820  9.1418
 80 112  0.0317  0.0463 13.1586
112 112 -0.2313 -0.1833 12.5845
144 112  0.0092 -0.1209 10.0605
176 112  0.2657  0.2091 12.2258
208 112  0.0744  0.4036 12.9736
240 112  0.3020  0.4812 10.6296
272 112 -0.3744  0.0077  9.8628
 16 144 -0.1445  0.2162  7.3999
 48 144 -0.1231  1.7074  9.1334
 80 144 -0.4105  0.0225  9.8857
112 144 -0.0369  0.4206  8.0825
144 144 -0.2301  0.2288  5.7881
176 144 -0.1792  0.1011  7.7261
208 144  0.1401  0.3795 11.0404
240 144  0.1082  0.0731  6.7693
272 144 -2.5944  0.0909  7.7316
 16 176 -0.0055  0.0200 14.1051
 48 176  0.1215  0.1658  8.9765
 80 176  0.1467  0.0648 13.2504
112 176  1.2508  0.2541  6.8466
144 176 -11.2714  0.2240  5.2366
176 176 -0.1088  0.0893 20.0000
208 176  0.1611 -0.3856  7.8194
240 176 -7.5413 -3.3458 12.6916
272 176  2.3258  1.0337 10.6313
 16 208 -0.0322  0.0250 10.5367
 48 208  0.1676  0.1068  6.8720
 80 208 -0.0894 -0.0154 10.9019
112 208 -0.0712 -0.0736  7.3811
144 208  0.4455  5.1395  6.1348
176 208  0.2638  3.5584  8.9199
208 208  0.1156  0.3854 10.5071
240 208 -0.1904  2.7304  8.8246
272 208 -0.5000  0.2386  7.3039
