VARIABLES= "X pix", "Y pix", "U pix/dt", "V pix/dt", "CHC", ZONE I=7, J=9
 16  16 -0.0044  0.0023 10.5709
 48  16  0.0064 -0.0003 12.3813
 80  16 -0.0050 -0.0005 12.6553
112  16 -0.0073 -0.0018 12.1423
144  16  0.0038 -0.0019 14.2058
176  16 -0.0042  0.0018 14.4388
208  16 -0.0041  0.0038 18.9179
240  16  0.0004 -0.0000 30.2599
272  16 -0.0029  0.0002 32.4563
 16  48  0.0112 -0.0016  8.0274
 48  48  0.0451  0.0293  7.0193
 80  48  0.0146  0.0283  6.9205
112  48 -0.0269  0.0108  7.9231
144  48  0.0045 -0.0088  5.3756
176  48  0.0015 -0.0025 12.4774
208  48 -0.0069 -0.0050  6.3766
240  48 -0.0001  0.0000  9.6142
272  48 -0.0087 -0.0080 10.9918
 16  80  0.2144  0.0235 21.2372
 48  80  0.0055 -0.0278 18.9743
 80  80 -0.0743 -0.0141 13.9262
112  80  0.0217  0.0054  9.3605
144  80 -0.0028 -0.0231  6.0938
176  80  0.0006 -0.0015  4.7845
208  80 -0.0165  0.0707  6.2063
240  80  0.0346 -0.1080  9.6134
272  80  0.0468  0.0463  7.9602
 16 112  0.1070 -0.0133 10.2705
 48 112  0.0481 -0.0009 11.8876
 80 112 -0.0000  0.0635 14.2873
112 112  0.0643  0.0187 11.9707
144 112  0.0407  0.1225 10.7552
176 112  0.0940  0.0218 12.9348
208 112  0.0862  0.1171 13.6321
240 112  0.0307  0.0000  9.8263
272 112 -0.0447  0.0416 13.2991
 16 144  0.0194 -0.0067  7.3446
 48 144  0.0319  0.0640  9.3696
 80 144 -0.0884 -0.0270 10.5739
112 144  0.0000  0.0052 12.0544
144 144  0.0890  0.0660  6.0221
176 144 -0.1310  0.0343  8.1682
208 144 -0.0520  0.0254 21.2266
240 144  0.0607 -0.0062  7.4506
272 144 -0.0031  0.0483  9.7497
 16 176  0.0065  0.0928 14.8883
 48 176 -0.0077 -0.0184 12.0547
 80 176 -0.0425  0.0406 12.2493
112 176 -0.1218  0.0000 10.0472
144 176 -0.0792  0.0000 13.6761
176 176  0.0060 -0.0624 19.7337
208 176  0.0983 -0.1295  7.8820
240 176  0.0644  0.0314 13.3858
272 176  0.0272  0.0065 13.4770
 16 208  0.0182  0.0137 10.4134
 48 208 -0.0033  0.1056  7.9543
 80 208 -0.0430  0.0290 11.2755
112 208  0.0908 -0.0779  7.6560
144 208 -0.2007 -0.0147  6.5410
176 208 -0.0112  0.0177 12.1028
208 208 -0.0258 -0.0042 23.3418
240 208 -0.0374 -0.0606 13.7742
272 208  0.0148 -0.0229 10.6590
