VARIABLES= "X pix", "Y pix", "U pix/dt", "V pix/dt", "CHC", ZONE I=7, J=9
 16  16  0.0037 -0.0042 10.5695
 48  16  0.0005 -0.0000 12.2762
 80  16  0.0014 -0.0006 12.5959
112  16  0.0016 -0.0004 12.1249
144  16 -0.0034  0.0042 14.2358
176  16 -0.0006 -0.0010 14.4394
208  16  0.0004 -0.0008 19.1267
240  16  0.0000  0.0000 30.2658
272  16  0.0041  0.0007 32.4908
 16  48  0.0021  0.0092  8.0096
 48  48  0.0128  0.0037  7.1252
 80  48  0.0171 -0.0220  6.6697
112  48  0.0095  0.0000  8.2857
144  48  0.0014 -0.0005  5.3771
176  48  0.0008  0.0002 12.4941
208  48 -0.0059  0.0085  6.3753
240  48  0.0006 -0.0091  9.5119
272  48  0.0038 -0.0099 11.0625
 16  80 -0.0029  0.0000 23.7834
 48  80  0.0071  0.0592 19.2352
 80  80  0.0557  0.0157 14.1675
112  80  0.0112  0.0128  9.3813
144  80 -0.0265 -0.0006  6.0753
176  80 -0.0011 -0.0115  4.7792
208  80  0.0335 -0.0246  6.3261
240  80 -0.0169  0.2337  8.9026
272  80 -0.0283 -0.0643  8.1309
 16 112  0.0400  0.0387 11.7929
 48 112 -0.0160  0.0809 11.7274
 80 112 -0.0635  0.0000 13.8771
112 112  0.0383  0.0464 12.1798
144 112  0.0262  0.0024 11.6942
176 112 -0.2018  0.0780 13.9922
208 112  0.0206 -0.1606 16.1377
240 112  0.0788 -0.0182 11.3070
272 112 -0.0240 -0.0287 12.9010
 16 144 -0.0056 -0.0207  7.5289
 48 144  0.0233  0.0069  9.8717
 80 144  0.0550  0.0254 10.8313
112 144  0.0000  0.0000 12.0544
144 144 -0.0143 -0.0157  6.1151
176 144 -0.0244 -0.0821  8.1306
208 144  0.0171  0.0392 25.8433
240 144  0.0075  0.0446  7.2934
272 144  0.0000  0.0610  9.9942
 16 176 -0.0121 -0.0103 14.6202
 48 176 -0.0757 -0.0769 12.1409
 80 176 -0.0084  0.0000 12.4879
112 176 -0.1706  0.1442 10.6771
144 176  0.0000  0.0000 73.1428
176 176 -0.0269  0.0042 19.5175
208 176 -0.0429 -0.0794  7.2523
240 176  0.0365  0.0130 14.4098
272 176  0.0133 -0.0167 12.7883
 16 208 -0.0121 -0.0100 10.8484
 48 208  0.0491 -0.0676  8.4570
 80 208  0.0369  0.0133 11.0358
112 208  0.0000 -0.0046  8.9396
144 208  0.0472  0.0933  8.4962
176 208 -0.0425  0.0497 12.2146
208 208  0.0000  0.0044 23.3418
240 208  0.0346  0.0125 14.1249
272 208  0.0000  0.0000 11.9422
