VARIABLES= "X pix", "Y pix", "U pix/dt", "V pix/dt", "CHC", ZONE I=7, J=9
 16  16  0.0097 -0.0219 10.5196
 48  16 -0.0157  0.0033 12.3888
 80  16  0.0032 -0.0040 12.9084
112  16 -0.0099 -0.0102 12.0850
144  16  0.0120 -0.0095 14.4185
176  16  0.1360 -0.0291 14.5323
208  16  0.1258 -0.0085 19.1422
240  16 -0.0023  0.0015 30.3184
272  16  0.0703  0.0021 32.7134
 16  48 -0.0121 -0.0262  7.9503
 48  48  0.0084 -0.0388  7.0449
 80  48 -0.0290  0.0800  6.9201
112  48 -0.0584  0.0017  7.1905
144  48  0.0183  0.0218  5.3592
176  48  0.2112  0.1215 12.3468
208  48  0.0877 -0.0384  6.3455
240  48 -0.0151  0.0269  9.6174
272  48 -0.0721  0.0381 11.3115
 16  80 -0.0942  0.0737 23.3369
 48  80  0.0693  0.0578 21.8106
 80  80  0.0123  0.0898 14.1113
112  80 -0.0013 -0.0007  9.3687
144  80  0.1326  0.0559  6.2649
176  80 -0.0116  0.0920  4.7878
208  80 -0.0144  0.1392  6.0493
240  80 -0.0340  1.5478  9.2066
272  80  0.0129  0.2068  7.7779
 16 112 -0.0971  0.2511 10.6137
 48 112  0.0713  0.1774 10.3703
 80 112  0.0735  0.0707 16.1197
112 112 -0.1833 -0.1281 11.9903
144 112 -0.1328  0.0183 11.5552
176 112  3.0129  0.0098 14.3305
208 112 -26.4241 12.6976 10.7670
240 112  4.7995 -0.1133 12.4675
272 112  0.1384 -0.0566  7.7317
 16 144 -0.0788 -0.0209  7.3482
 48 144 -0.1350  0.1784  9.0962
 80 144 -0.2706 -0.0529 10.6713
112 144 -0.0395  0.1075  7.8948
144 144  0.0511 -7.6157  5.8372
176 144  0.0883 -0.1123  8.1756
208 144  0.1921  0.4625 12.8541
240 144 -0.1764  0.0624  6.9560
272 144  3.2340 -0.2644 11.2969
 16 176 -0.0161 -0.0747 10.4663
 48 176  0.0206 -0.0473 12.0902
 80 176 -0.5470 -0.0496 12.7593
112 176 10.7932 -15.8159  5.8060
144 176 -10.8253  3.5000  5.8632
176 176 -0.0309  0.1442 14.0209
208 176 -0.3666  0.1806  6.2213
240 176 -10.8113  0.0220 10.2141
272 176 12.7941 -0.1767  7.1685
 16 208 -0.1791  0.0865  9.4264
 48 208  0.3476 -0.1277  8.1893
 80 208 -0.0413 -0.0278 11.2652
112 208 -13.5000 -3.4019  5.3673
144 208  0.0000 -12.6290  5.3061
176 208  0.0744  0.6665  8.1011
208 208  0.1001 -0.4685 13.0446
240 208  0.0242  0.1053 12.5796
272 208 -0.8328 -0.2467 12.1108
