VARIABLES= "X pix", "Y pix", "U pix/dt", "V pix/dt", "CHC", ZONE I=7, J=9
 16  16 -0.0014  0.0082 10.5029
 48  16  0.0043  0.0013 12.5536
 80  16 -0.0065  0.0044 13.1598
112  16  0.0078 -0.0031 12.1021
144  16 -0.0020 -0.0003 14.6002
176  16  0.0005 -0.0018 14.8168
208  16 -0.0026  0.0024 19.1425
240  16  0.0024 -0.0005 30.3354
272  16 -0.0026 -0.0056 33.2330
 16  48 -0.0002  0.0005  7.9047
 48  48 -0.0027 -0.0141  7.0718
 80  48  0.0020 -0.0489  7.5614
112  48  0.0247 -0.0202  7.9133
144  48 -0.0009 -0.0019  5.3599
176  48  0.0015 -0.0037 12.4812
208  48  0.0023 -0.0052  6.3523
240  48 -0.0021  0.0166  9.8483
272  48 -0.0247 -0.0027 11.8082
 16  80 -0.1446 -0.0280 19.5730
 48  80 -0.0711  0.0161 24.4414
 80  80 -0.0247 -0.0844 14.2872
112  80 -0.0570 -0.0316 10.8557
144  80 -0.0264 -0.0070  6.5791
176  80  0.0015  0.0042  4.8496
208  80  0.0069 -0.0902  6.0061
240  80  0.2393  0.1634 13.3155
272  80  0.0076  0.0175  8.8134
 16 112  0.1307  0.0757 10.9795
 48 112 -0.0644 -0.0316 11.3513
 80 112  0.0018 -0.0615 13.7260
112 112  0.0501  0.0742 15.6583
144 112 -0.1238  0.0129 11.5353
176 112 -0.1131 -0.0087 16.0124
208 112  0.0318  0.1634 12.3911
240 112  0.1155  0.0921 17.2491
272 112 -0.0317  0.1789  8.6506
 16 144  0.0346 -0.0618  9.7526
 48 144  0.0237  0.1526  9.7412
 80 144  0.0000  0.0111 17.6552
112 144  0.0928  0.1947  7.8121
144 144 -0.0425  0.0000 24.2439
176 144 -0.0827 -0.0158 11.4419
208 144  0.0000  0.0000 16.1679
240 144  0.0000 -0.0704  9.9146
272 144  0.0222  0.2407 16.2712
 16 176 -0.0219  0.0226  9.6873
 48 176  0.0328  0.1076 13.9398
 80 176 -0.0272 -0.1256 17.0753
112 176  0.0853 -0.0740  7.9787
144 176 -0.1617  0.0000  6.8589
176 176 -0.1594  0.1154 17.9453
208 176 -0.0916 -0.0141 11.4487
240 176  0.0000  0.0000 17.3853
272 176  0.0557  0.0000 13.1325
 16 208  0.0901  0.0277  9.4114
 48 208  0.0000  0.0000 13.0975
 80 208 -0.0143  0.0143 11.9962
112 208  0.0275  0.0137 10.8638
144 208 -0.0608  0.0993  8.0554
176 208 -0.0193 -0.0206 14.6199
208 208 -0.0172 -0.0348 11.3405
240 208 -0.0058 -0.0994 14.8327
272 208 -0.0205  0.1443 17.0312
