VARIABLES= "X pix", "Y pix", "U pix/dt", "V pix/dt", "CHC", ZONE I=7, J=9
 16  16  0.0018 -0.0076 10.4940
 48  16 -0.0031 -0.0001 12.7553
 80  16 -0.0054 -0.0028 13.0721
112  16  0.0055  0.0017 11.9484
144  16  0.0017 -0.0011 14.6543
176  16  0.0028  0.0049 14.6437
208  16  0.0042 -0.0002 19.1469
240  16 -0.0040 -0.0001 30.3797
272  16 -0.0025  0.0034 32.6264
 16  48 -0.0064 -0.0287  8.0051
 48  48  0.0104 -0.0026  7.0877
 80  48  0.0166  0.0169  7.2769
112  48  0.0058 -0.0028  6.2195
144  48  0.0005 -0.0004  5.3270
176  48  0.0046  0.0108 12.9055
208  48 -0.0028 -0.0083  6.4007
240  48  0.0014  0.0098  9.4106
272  48 -0.0272  0.0317 11.7319
 16  80 -0.0192  0.1641 21.4609
 48  80  0.0198  0.0698 21.0286
 80  80  0.1145  0.1690 15.2268
112  80  0.0326 -0.0372 10.4604
144  80 -0.0236 -0.0384  6.1787
176  80 -0.0128  0.0090  4.8508
208  80  0.0272 -0.0448  5.6565
240  80  0.0331  0.1557 12.8556
272  80  0.0227 -0.0647  9.1829
 16 112  0.0062  0.0007 11.6565
 48 112 -0.0876  0.0214 10.8483
 80 112  0.0045  0.0086 11.6633
112 112 -0.0830  0.0851 13.1359
144 112  0.2627  0.0236  9.8875
176 112  0.0501 -0.0327 20.1406
208 112 -0.0126  0.0583 13.7604
240 112  0.0000  0.0000 14.1299
272 112  0.0000 -0.0102 14.5835
 16 144  0.0101  0.0808 11.2267
 48 144 -0.0685 -0.0639  9.8678
 80 144 -0.0396 -0.0350  7.2486
112 144  0.0439 -0.0673  8.4826
144 144  0.0000  0.0000  9.1238
176 144  0.1655  0.1042 11.6137
208 144  0.1919  0.0980 10.5530
240 144  0.0000 -0.0273 11.0038
272 144  0.1036 -0.0686 16.1072
 16 176 -0.0256  0.0474 11.4902
 48 176 -0.0012  0.0178 13.5488
 80 176 -0.0321 -0.0330 21.1740
112 176 -0.0072  0.0000 10.5720
144 176  0.0374  0.0966  7.4338
176 176 -0.0552  0.0691 33.2516
208 176  0.1094  0.0000 10.8201
240 176  0.0944  0.1290 13.9046
272 176  0.0000 -0.0852 19.7412
 16 208 -0.0294  0.0230  9.3346
 48 208 -0.0203  0.1074 14.5848
 80 208 -0.0017 -0.0059 12.7564
112 208  0.0219  0.0069  9.1128
144 208  0.0809  0.0275  6.6724
176 208 -0.0298  0.0678 15.2237
208 208 -0.1884 -0.0931 11.2556
240 208 -0.0598 -0.0218 14.9448
272 208 -0.0060 -0.0201  7.7389
