VARIABLES= "X pix", "Y pix", "U pix/dt", "V pix/dt", "CHC", ZONE I=7, J=9
 16  16 -0.0274  0.0303 10.3363
 48  16  0.0137  0.0216 12.1950
 80  16  0.0002  0.0023 12.4887
112  16  0.0089 -0.0005 11.6551
144  16 -0.0089  0.0052 14.3051
176  16  0.1320 -0.0317 14.3995
208  16  0.0538 -0.0019 18.8860
240  16  0.0085 -0.0105 29.9590
272  16  0.0415 -0.0128 32.3088
 16  48 -0.0207  0.0422  7.8864
 48  48  0.0163  0.0948  7.1405
 80  48  0.0440 -0.1345  7.2077
112  48  0.0118  0.0885  6.4445
144  48 -0.0266  0.0078  5.3468
176  48  0.0640  0.2286 12.2672
208  48  0.0559 -0.0094  6.4027
240  48  0.0283 -0.0261  9.4354
272  48  0.0354 -0.0045 11.6506
 16  80 -0.4144 -0.2471 19.0267
 48  80  0.0323  0.1083 20.5617
 80  80 -0.1808 -0.1235 13.8465
112  80  0.0667 -0.0999  9.6214
144  80 -0.0289 -0.0432  5.5273
176  80 -0.0056  0.0212  4.9274
208  80  0.0618  0.0645  5.1270
240  80  0.3201  0.9510 10.0020
272  80  0.0408  0.0487  7.4268
 16 112  0.0260  0.0745 10.9914
 48 112  0.4053  0.3915 10.1005
 80 112  0.0118 -0.0869  9.8001
112 112  0.0261  0.2356 10.9248
144 112 -0.2180  0.0431 10.1240
176 112 -0.1954  0.0353 29.5522
208 112 -0.1647  0.0000  7.2653
240 112  0.1185 -0.2435 13.3082
272 112  0.2303  0.0661  7.7621
 16 144 -0.0197  0.1559  8.3673
 48 144  0.2166  0.4040 10.1290
 80 144 -0.3290  0.0321  7.0287
112 144 -0.0491  0.0162 10.7594
144 144 -0.2620  0.0079  6.2166
176 144 -0.0145  0.2425  9.9479
208 144 -0.0125  0.0662  8.9950
240 144 -0.0715  2.5986  8.5095
272 144  0.1213  0.1734  8.3695
 16 176  0.0512  0.0045  9.1448
 48 176  0.0393 -0.0646 12.2236
 80 176 -0.0984  3.0000 10.9560
112 176 -2.5733  0.2232  7.5156
144 176 -0.0942  0.3661  6.1881
176 176 -0.0870 -0.2493  9.4787
208 176 -2.7127  0.0000  5.9117
240 176 -0.8067  0.0000 10.5582
272 176  0.2781 -0.1331  6.5492
 16 208  0.0697 -0.2271 11.5944
 48 208 -0.0365  0.4861  8.8260
 80 208  0.0640  0.0131 10.8918
112 208 -2.5000  8.3084  5.9307
144 208 -3.6061  8.3925 10.8867
176 208  0.0652  0.1024 13.2295
208 208  0.1520  5.1684  8.5700
240 208  0.1503 -0.0651 11.6973
272 208  1.3245  0.0000  5.6960
