VARIABLES= "X pix", "Y pix", "U pix/dt", "V pix/dt", "CHC", ZONE I=7, J=9
 16  16  0.0019 -0.0434  9.8758
 48  16 -0.0026 -0.0297 10.8636
 80  16  0.0163 -0.0288 11.2149
112  16  0.0093 -0.0152 10.9641
144  16  0.0033 -0.0197 13.2166
176  16  0.0561 -0.0943 13.7181
208  16  0.0890 -0.0155 17.4060
240  16 -0.0209 -0.0246 32.2438
272  16  0.0897 -0.0125 30.0491
 16  48  0.0073  0.0023  7.9169
 48  48  0.0002 -0.0103  7.2619
 80  48 -0.0800  0.1212  7.0634
112  48 -0.0531  0.0784  6.2583
144  48  0.0087  0.0146  5.2910
176  48  0.1546  0.1508 12.2776
208  48  0.0804  0.0037  6.6513
240  48  0.0074 -0.0363  9.6151
272  48  0.0289 -0.0126 10.8058
 16  80 -0.2166 -0.2388 14.5751
 48  80  0.0148  0.0250 18.4584
 80  80 -0.1119  0.1350 13.3364
112  80  0.0338  0.2349 10.2513
144  80 -0.0043  0.0178  5.1423
176  80  0.0009  0.0564  5.1064
208  80 -0.0419 -0.0123  4.7902
240  80  0.3904 -0.0544  8.4435
272  80  0.0743  0.1822  8.7097
 16 112 -0.1017 -0.2302 11.0146
 48 112  0.0288  0.3199  8.4562
 80 112  0.0707 -0.0886  9.7118
112 112  0.1263 -0.1875  9.9173
144 112 -0.2889 -0.0028  9.4710
176 112  0.0943  0.0553 12.5277
208 112 -0.9612  0.2418 18.8856
240 112  0.4278  0.2388 13.1041
272 112 -0.0951  0.1777  7.8752
 16 144  0.0459  0.0393  8.5316
 48 144 -0.1860  0.3578  9.4333
 80 144  0.0786 -0.0886  7.8583
112 144  0.0182  0.0321 10.6969
144 144  0.2644  0.3408  7.0783
176 144  0.1318  0.2102  8.7956
208 144 -0.1089  0.0565  9.8465
240 144  0.1971  0.0830 10.6535
272 144  0.0698  0.2782 10.3284
 16 176 -0.0071  0.4068 11.3547
 48 176 -0.3040 -0.2112  9.8538
 80 176 -0.0268  0.1491 16.3803
112 176  0.0000  0.0000 17.3928
144 176  0.0000  0.0000 13.8572
176 176  0.1641  0.4178  8.0431
208 176  1.2238  0.3507  5.9552
240 176  0.3672  4.9495 11.0676
272 176  0.0472  0.1460  7.6141
 16 208 -0.0319  0.3985 17.7260
 48 208  0.1681  0.2038  9.4611
 80 208  0.1410  0.2280  8.7511
112 208  0.1010  1.4093  5.3332
144 208  0.0000  0.0000  6.7392
176 208 -0.0276 -0.0052 11.9744
208 208  0.1938 -0.0270 13.0247
240 208  0.0670 -0.1052  7.0384
272 208 -0.0984  0.0260 10.3788
