VARIABLES= "X pix", "Y pix", "U pix/dt", "V pix/dt", "CHC", ZONE I=7, J=9
 16  16  0.0044  0.0003 10.0616
 48  16  0.0030  0.0002 11.8318
 80  16 -0.0044  0.0053 11.8436
112  16  0.0038  0.0039 11.6106
144  16 -0.0051  0.0001 13.7804
176  16  0.0042 -0.0025 14.1118
208  16  0.0005  0.0014 17.8862
240  16  0.0000  0.0000 29.4417
272  16 -0.0042 -0.0008 29.2527
 16  48  0.0009 -0.0123  8.1436
 48  48  0.0061 -0.0438  7.1863
 80  48  0.0004 -0.0007  7.8121
112  48  0.0110  0.0250  8.8405
144  48  0.0148 -0.0061  5.2712
176  48 -0.0032  0.0001 12.1978
208  48  0.0073 -0.0000  6.8245
240  48 -0.0120 -0.0070  9.2335
272  48 -0.0049  0.0059 10.9411
 16  80  0.0000  0.0000 16.8538
 48  80 -0.0054 -0.0096 19.8444
 80  80 -0.0489  0.0318 14.1074
112  80 -0.0021  0.0074 10.6146
144  80  0.0023  0.0008  5.0569
176  80  0.0053  0.0032  5.1082
208  80 -0.0258 -0.0033  4.8310
240  80  0.1100 -0.0192  9.0651
272  80 -0.0366 -0.0528  8.9308
 16 112  0.0000  0.0000 11.3521
 48 112 -0.0017 -0.0042 10.0844
 80 112 -0.0740  0.0206 13.2187
112 112 -0.0202 -0.0697 11.4449
144 112 -0.0655 -0.0012 11.4596
176 112  0.0000  0.0000 11.7943
208 112 -0.0028 -0.0091 25.7272
240 112  0.0096  0.0000 15.6295
272 112 -0.0649 -0.0313  8.4091
 16 144 -0.0120  0.0147  8.1258
 48 144  0.0334  0.0398  9.3799
 80 144 -0.0101  0.0406  9.0562
112 144  0.0000  0.0000 14.3505
144 144  0.0000  0.0000  7.6402
176 144  0.0484 -0.0443  8.5611
208 144  0.0459 -0.0454  9.6899
240 144  0.0252  0.0111 12.2643
272 144  0.0000  0.0000 12.3927
 16 176  0.0000  0.0000 16.0747
 48 176  0.0776 -0.0570 11.2417
 80 176  0.0000  0.0000 22.2269
112 176  0.0000  0.0000 11.5925
144 176  0.0000  0.0000 11.6695
176 176  0.0626  0.0639  8.1608
208 176 -0.1415  0.0861  7.2862
240 176 -0.0393  0.0064 19.4957
272 176 -0.0481  0.0000  5.7539
 16 208  0.0432 -0.0023 18.5365
 48 208  0.0736 -0.1000  8.8735
 80 208 -0.0146 -0.0472  9.0403
112 208  0.0000  0.0000 17.5490
144 208  0.1083  0.0000 20.1894
176 208  0.0026 -0.0516 12.8684
208 208  0.0142  0.0176 26.6190
240 208 -0.0947 -0.0059 11.4319
272 208  0.0000  0.0000  8.4241
