VARIABLES= "X pix", "Y pix", "U pix/dt", "V pix/dt", "CHC", ZONE I=7, J=9
 16  16 -0.0071  0.0011 10.3627
 48  16 -0.0130  0.0067 12.8525
 80  16 -0.0029  0.0003 12.6001
112  16  0.0100  0.0010 12.0700
144  16 -0.0076 -0.0057 14.2701
176  16 -0.0011  0.0026 14.5376
208  16  0.0011 -0.0025 18.7786
240  16 -0.0021 -0.0005 27.0507
272  16  0.0010 -0.0034 29.6002
 16  48 -0.0215 -0.0058  8.1098
 48  48  0.0077  0.0707  7.0409
 80  48  0.0333  0.0012  7.3220
112  48  0.0557 -0.0016  8.0317
144  48  0.0049 -0.0040  5.2515
176  48 -0.0056  0.0004 11.9927
208  48 -0.0008 -0.0019  6.9459
240  48  0.0084 -0.0009  9.0721
272  48 -0.0167  0.0011 10.4911
 16  80  0.0215  0.0941 17.4343
 48  80 -0.0030 -0.0012 17.1051
 80  80  0.0345 -0.0246 13.2920
112  80 -0.0085  0.0387 12.4617
144  80 -0.0028  0.0004  5.0157
176  80  0.0023 -0.0070  5.1207
208  80 -0.0193  0.0133  4.7779
240  80  0.0169  0.1327  9.1399
272  80 -0.0069  0.0317  9.0432
 16 112 -0.0730 -0.0940 11.0868
 48 112  0.0443  0.0873  9.4498
 80 112  0.0111 -0.0412 12.8972
112 112 -0.0164 -0.1540 10.0384
144 112 -0.0684 -0.0342 11.9064
176 112  0.0528 -0.0391 11.6777
208 112  0.0854 -0.1346 17.3134
240 112  0.0000  0.0385 17.4778
272 112 -0.0369  0.0846  8.9520
 16 144  0.0063 -0.0028  9.6499
 48 144 -0.1060  0.0488 10.3542
 80 144 -0.0467 -0.1172  8.6378
112 144  0.0157 -0.0056 12.5183
144 144 -0.1036  0.0596  8.2774
176 144  0.1080 -0.0657  8.9911
208 144  0.0000  0.0000  9.5463
240 144  0.1132  0.0306 13.4310
272 144 -0.0954 -0.0047 13.7964
 16 176  0.0145  0.0172 17.4939
 48 176 -0.0220 -0.2372 14.8299
 80 176 -0.0153  0.0185 21.2292
112 176 -0.0601 -0.1057 16.0120
144 176  0.0000  0.0000 23.6763
176 176  0.0653 -0.0201 10.2456
208 176 -0.0321  0.1124  9.7659
240 176  0.0000  0.0000 14.7399
272 176  0.2177  0.0165  5.4216
 16 208  0.0010  0.0149 13.2242
 48 208  0.1021  0.0172  8.4725
 80 208 -0.0541 -0.0296  8.7617
112 208  0.0000  0.0000 12.8435
144 208 -0.1830  0.0326  9.7298
176 208  0.0000  0.1250 13.3952
208 208 -0.0090  0.0732 31.2739
240 208  0.1821  0.1152  8.6878
272 208  0.0000 -0.0805  9.6303
