VARIABLES= "X pix", "Y pix", "U pix/dt", "V pix/dt", "CHC", ZONE I=7, J=9
 16  16  0.0100  0.0325 10.2965
 48  16 -0.0022  0.0102 12.8605
 80  16  0.0059 -0.0020 12.8085
112  16  0.0014 -0.0066 12.1761
144  16 -0.0106 -0.0031 14.4070
176  16  0.0623 -0.1725 14.3670
208  16  0.0860 -0.0297 18.8424
240  16  0.0107 -0.0279 26.6644
272  16  0.0576 -0.0346 28.9804
 16  48 -0.0056  0.0123  8.0016
 48  48 -0.0449 -0.0292  6.9636
 80  48  0.0732 -0.0852  7.3944
112  48 -0.0862 -0.0940  7.4812
144  48  0.0088  0.0147  5.2309
176  48  0.1639  0.0562 11.9795
208  48  0.1017 -0.0114  6.9808
240  48  0.0158  0.0047  8.8938
272  48 -0.0147  0.0212 10.7696
 16  80  0.0463  0.3612 18.3921
 48  80  0.1919  0.0629 20.0717
 80  80 -0.0560  0.0627 13.8403
112  80  0.0571  0.0135 10.9496
144  80  0.0312  0.0257  5.1232
176  80 -0.0038  0.0504  5.1416
208  80  0.0229 -0.0102  4.7209
240  80 -8.0848  2.6812  7.7137
272  80 -0.0160 -0.6780  8.6251
 16 112 -0.0241 -0.0572 10.7805
 48 112  0.0274  0.2622  8.0450
 80 112  0.1014  0.0470 10.9255
112 112 -0.0250  0.4122 10.6264
144 112 -0.0144  0.1974  9.5396
176 112 -1.8219  0.2893 12.6452
208 112  0.5251 -0.0119 24.0931
240 112 -0.0000  0.2993  8.3252
272 112  0.1555  0.3520  6.2544
 16 144  0.0033  0.3332  9.0634
 48 144  0.1490  2.8018  9.3456
 80 144 -0.4057 -0.2598  7.3105
112 144 -0.1430  0.0941 11.3522
144 144  0.0774 -0.1642  7.2829
176 144 -0.2674 -0.2156  8.8761
208 144  0.1307  0.1497  8.0375
240 144 -0.3054  0.1715 10.0090
272 144  3.0458  3.0187  9.9767
 16 176  0.2436  0.3949 16.5783
 48 176 -0.8749  0.0391  7.5729
 80 176 -0.1642 -0.2523  7.2273
112 176 10.5000  2.5000 10.3109
144 176 -0.1981  4.5000  5.3005
176 176 -0.0429  2.2503  7.5494
208 176 -0.0299  2.6573  6.4461
240 176 -0.2394  4.5350 12.3464
272 176  0.2303 -2.7495  4.9760
 16 208  0.0342  0.2506 16.5828
 48 208 -2.5658  0.3997  5.9273
 80 208 -0.1630 -0.3531  8.0819
112 208  0.2787  0.2748  8.4936
144 208 -0.0304 -0.1803  5.3077
176 208  0.0993  3.0386  9.1585
208 208 -0.0801 -0.0088 22.5075
240 208  0.0418  2.2146  7.6929
272 208 -0.2051 -0.1545  8.4722
