VARIABLES= "X pix", "Y pix", "U pix/dt", "V pix/dt", "CHC", ZONE I=7, J=9
 16  16  0.0002  0.0345  9.9840
 48  16 -0.0053  0.0079 12.4156
 80  16  0.0128  0.0182 12.8119
112  16  0.0080  0.0079 12.1775
144  16  0.0079  0.0017 14.3633
176  16  0.1486 -0.1118 14.9984
208  16  0.0878 -0.0221 18.9990
240  16  0.0022 -0.0207 26.2638
272  16  0.0661 -0.0190 29.3225
 16  48 -0.0143  0.0101  8.0920
 48  48  0.0270  0.0493  7.0042
 80  48  0.1064  0.2211  6.9090
112  48 -0.0088  0.1315  7.0044
144  48 -0.0014  0.0175  5.1864
176  48  0.1057  0.1599 12.0195
208  48  0.0789  0.0007  7.1924
240  48  0.0563 -0.0367  8.5533
272  48 -0.0197 -0.0104 11.1282
 16  80 -0.3123  0.0535 12.7287
 48  80 -0.2834 -0.2166 22.7060
 80  80 -0.0659  0.0747 14.6871
112  80  0.0952  0.0174 12.3393
144  80 -0.0030  0.0014  5.1854
176  80 -0.0024  0.0884  5.2803
208  80  0.0078 -0.0138  4.7591
240  80 -0.4503 -0.4627 15.5312
272  80 -0.0412 -0.1012  8.5927
 16 112 -0.2065  0.0854 10.2703
 48 112 -0.0925  0.1991  8.0664
 80 112 -0.0516 -0.0651 11.4645
112 112 -0.0770 -0.0396 11.1985
144 112 -0.2383  0.0363  8.9279
176 112 -2.5579 -0.1715 20.8060
208 112 -0.1315  0.0052 20.2761
240 112  0.2738 -0.0689 10.3721
272 112 -0.0476 -0.1021  6.8499
 16 144 -0.0839  0.1498  9.7617
 48 144  0.0781  1.5804  9.1589
 80 144  0.0959  0.0556  7.2864
112 144 -0.1750 -0.0747 16.9826
144 144 -2.5798  0.0250  8.2606
176 144 -0.0645  0.0880 11.3262
208 144  0.2295  0.0490  8.5121
240 144 -0.0379  0.0418 10.0077
272 144  0.2592  0.1860 10.2859
 16 176  0.1455  0.2295 16.4441
 48 176 -1.3574 -0.0880  9.3974
 80 176 -3.5000  0.4666  6.0616
112 176  0.2189  0.2106  4.7509
144 176 -0.1694 -0.1523  6.7590
176 176 -0.0266 -11.2005  8.7806
208 176 -0.3654  0.1374  7.6307
240 176  0.0781  0.0278 28.2064
272 176 -0.2302 -0.1720 14.9539
 16 208 -0.0690  0.1338 13.4169
 48 208 -0.4356 -0.0474  7.0777
 80 208  0.3078  0.0620 11.8607
112 208  0.5000  0.3895  8.5870
144 208 -8.5000 -16.1973  8.7459
176 208 -0.0166  0.0480 10.8136
208 208 -0.2485  0.3849 11.4598
240 208  0.0303  0.0757  8.7339
272 208  0.0000 -0.1068  8.8742
