VARIABLES= "X pix", "Y pix", "U pix/dt", "V pix/dt", "CHC", ZONE I=7, J=9
 16  16 -0.0212  0.1093  9.6801
 48  16  0.0110  0.0513 11.5180
 80  16  0.0030  0.0784 12.1217
112  16  0.0024  0.0634 11.5674
144  16  0.0347  0.0662 13.9510
176  16  0.2294  0.3527 14.5788
208  16  0.1141  0.0852 18.4838
240  16  0.0182  0.0476 26.5807
272  16  0.0446  0.0384 29.5095
 16  48  0.0161  0.0206  7.8662
 48  48  0.0267  0.1246  7.0955
 80  48  0.0142  0.0735  7.2145
112  48  0.1451  0.0727  6.9491
144  48  0.0757  0.0617  5.1452
176  48  0.1980  0.6202 11.7223
208  48  0.1218  0.0311  7.2784
240  48 -0.0073 -0.0174  8.4770
272  48  0.0059 -0.0146 11.2112
 16  80  0.1202 -0.0355 12.7528
 48  80  0.2383  0.2076 22.5023
 80  80 -0.0052  0.0873 16.1037
112  80  0.1161 -0.0689 11.6411
144  80 -0.0127  0.0560  5.1341
176  80  0.0006  0.1200  5.3896
208  80 -0.0206  0.0445  4.7863
240  80  0.0316  1.6923 11.3018
272  80 -0.0149 -0.0284  7.7464
 16 112  0.0348  0.3584 10.4144
 48 112  0.0195  0.3930  8.5164
 80 112  0.0324  0.1917 13.8329
112 112  0.0874 -0.0377  9.8218
144 112 -0.2909  0.0288 10.9956
176 112  0.4543  0.0149 15.1839
208 112  0.5000  0.1212 14.3053
240 112  0.0513  0.0413 12.5912
272 112  0.0398  0.0300  7.5373
 16 144  0.0214  0.1220 12.4138
 48 144 -0.1825  0.1837  9.3726
 80 144  0.3037  0.1427  7.1368
112 144 -0.1092  0.0770 22.0614
144 144 -0.1019  0.1438  7.4335
176 144  0.0328  0.1550 12.2443
208 144  0.3059  0.0902  8.1813
240 144  0.2426 -0.0233  9.1159
272 144  0.4221  0.4025  8.0013
 16 176 -0.0745  0.1135 14.8939
 48 176  1.7854  0.0313  9.0847
 80 176 -0.1606 -0.0191  6.4663
112 176 -0.1355  0.0270  6.5355
144 176 -0.0081  0.2273  7.3802
176 176 -0.0687  0.4778 10.1655
208 176 -0.1673  0.0888  7.7428
240 176     NaN     NaN  8.0085
272 176 -0.0000  0.0000 12.5260
 16 208 -0.1091  2.6199 10.6041
 48 208  0.2044  0.2630  9.4679
 80 208  0.0075  0.1454 11.4201
112 208  0.3225 11.0000 11.5098
144 208     NaN 11.1705 11.6430
176 208  0.0889  4.7493 10.1676
208 208  0.0921  0.0980  9.9665
240 208 -0.0561  0.1171  8.2515
272 208 -0.1960 -0.0612 11.1905
