VARIABLES= "X pix", "Y pix", "U pix/dt", "V pix/dt", "CHC", ZONE I=7, J=9
 16  16 -0.0078  0.0014  9.7598
 48  16 -0.0028 -0.0059 10.3712
 80  16  0.0020  0.0006 11.0167
112  16  0.0045 -0.0027 10.8027
144  16 -0.0028  0.0006 13.1727
176  16  0.0241  0.0036 14.5161
208  16  0.0002 -0.0042 16.8259
240  16  0.0000  0.0000 29.0924
272  16 -0.0003  0.0007 29.5351
 16  48  0.0073 -0.0104  7.9408
 48  48 -0.0172 -0.0344  7.2919
 80  48  0.0594 -0.0882  7.2426
112  48 -0.0114  0.0225  7.8019
144  48 -0.0056  0.0013  5.1209
176  48  0.0124  0.0087 12.3067
208  48  0.0014 -0.0121  7.7386
240  48 -0.0169  0.0634  8.6555
272  48 -0.0005  0.0167 10.9348
 16  80  0.0662  0.0000 14.2001
 48  80  0.1096  0.2905 19.3027
 80  80  0.0000  0.0886 18.6836
112  80  0.0195  0.0207 11.7457
144  80 -0.0118 -0.0105  5.1899
176  80  0.0045  0.0025  5.7908
208  80  0.0047 -0.0095  4.8732
240  80 -0.0899  0.0508 15.7219
272  80 -0.0520  0.1985  6.9864
 16 112  0.0184  0.1081 12.0266
 48 112  0.0199 -0.0500  9.1065
 80 112  0.0205  0.0540 17.4697
112 112 -0.0051 -0.0441 10.6279
144 112  0.0000  0.0116 11.0759
176 112 -0.0611  0.1611 12.5359
208 112 -0.0593 -0.0455 30.2121
240 112  0.1995 -0.0417 11.7199
272 112  0.0071 -0.0200 12.6104
 16 144 -0.0791  0.0730 12.4903
 48 144  0.0000  0.0151 10.9767
 80 144 -0.0775  0.0587  8.1571
112 144 -0.0124 -0.0453 20.2935
144 144 -0.1023  0.0358  7.9478
176 144  0.0634  0.1084 14.0176
208 144 -0.0254 -0.0048  8.1483
240 144  0.0392 -0.0700 10.7150
272 144  0.0806 -0.0114 18.8661
 16 176 -0.0000  0.0084 12.9083
 48 176 -0.0071 -0.0131  9.6822
 80 176 -0.0265  0.0342 14.1436
112 176  0.0805 -0.0379 11.5733
144 176  0.0000  0.0000  6.5573
176 176 -0.0541  0.0908 13.2823
208 176 -0.0821  0.1788  8.6335
240 176  0.0000  0.0000 11.9417
272 176  0.0000 -0.0510 11.2253
 16 208  0.0701 -0.1017 11.3283
 48 208  0.1577  0.1135 11.6989
 80 208  0.0241 -0.0028  8.3118
112 208  0.0122  0.0107  6.9760
144 208  0.1699  0.0983 16.9490
176 208  0.0274 -0.0113 12.0693
208 208  0.0995  0.1622 21.2126
240 208  0.0056  0.0989 10.7112
272 208  0.0000  0.0000 14.4225
