VARIABLES= "X pix", "Y pix", "U pix/dt", "V pix/dt", "CHC", ZONE I=7, J=9
 16  16  0.0074 -0.1155  9.5312
 48  16 -0.0081 -0.0656 10.7192
 80  16 -0.0062 -0.0923 11.3359
112  16 -0.0171 -0.0785 11.2535
144  16  0.0069 -0.0749 13.3208
176  16  0.1283 -0.4645 13.9958
208  16  0.0892 -0.1021 16.7644
240  16  0.0011 -0.0522 26.8853
272  16  0.0461 -0.0502 26.6409
 16  48  0.0131  0.0552  8.2032
 48  48  0.0636 -0.1208  7.3514
 80  48  0.0222 -0.0765  7.0609
112  48  0.0120  0.0029  7.9894
144  48 -0.0036 -0.0156  5.1313
176  48  0.1022 -0.0767 12.0767
208  48  0.0956 -0.0145  7.9025
240  48  0.0058 -0.0239  8.7351
272  48 -0.0085  0.0244 11.0447
 16  80 -0.1958 -0.1204 14.7527
 48  80 -0.0328 -0.1570 18.1026
 80  80 -0.1352 -0.0964 16.3646
112  80 -0.0558  0.1000 13.5415
144  80 -0.0142  0.0023  5.0890
176  80  0.0033  0.0161  5.8405
208  80  0.0209 -0.0060  4.8983
240  80  0.1872  0.9344 10.5409
272  80  0.1276  0.2827  6.6536
 16 112 -0.1736 -0.0221 10.6418
 48 112 -0.1954 -0.1596  9.1440
 80 112 -0.0121  0.0808 17.9152
112 112  0.0814  0.0373  8.4939
144 112  0.2527  0.0065 15.4055
176 112  0.1247  0.2369 28.8921
208 112  0.1529 -0.0260 26.3839
240 112 -0.2540  0.2397 18.2304
272 112  0.0659 -0.0839  8.6364
 16 144 -2.5318  0.3389  9.6743
 48 144 -0.0073  0.0380 10.3531
 80 144 -0.0146  0.0831 10.0921
112 144  0.0718  0.3223 14.0099
144 144  0.3044  0.1152  7.4649
176 144  0.0042  0.1335 12.2996
208 144 -0.0037  5.5904  8.6734
240 144  0.0181 -0.0316 10.7927
272 144 -0.1320  0.0347 12.6833
 16 176 -2.6603  3.0296  9.4977
 48 176 -0.0303  0.0000  8.7212
 80 176 -0.2251  0.0500  9.5035
112 176  0.1276  0.0918 11.6416
144 176 -2.1490 10.8742  7.9077
176 176  0.0487  0.3839  8.8491
208 176  0.0579 -0.1058  6.8986
240 176  0.0792  0.1279  7.3569
272 176  1.0000 -0.0745 27.1467
 16 208 -0.1350 -0.0482 12.8568
 48 208 -0.1226 -0.1091  7.7904
 80 208 -0.0830  0.0536  9.3264
112 208  0.1705  0.3486  8.0521
144 208 -3.5000  6.0734  7.6849
176 208 -0.1260  0.0000  7.3110
208 208 -0.0645  0.1504 25.8724
240 208  0.0419 -0.1562  9.2428
272 208  0.0000  0.0755 31.6217
