VARIABLES= "X pix", "Y pix", "U pix/dt", "V pix/dt", "CHC", ZONE I=7, J=9
 16  16 -0.0142  0.0046  9.6629
 48  16  0.0037  0.0075 11.2373
 80  16 -0.0018 -0.0046 11.7636
112  16 -0.0065  0.0018 11.3565
144  16  0.0048 -0.0012 13.5916
176  16 -0.0002 -0.0043 15.0272
208  16 -0.0009 -0.0005 16.5827
240  16  0.0062  0.0013 27.0319
272  16  0.0062 -0.0031 26.4339
 16  48 -0.0092  0.0139  8.3183
 48  48 -0.0157  0.0029  7.3937
 80  48  0.0146 -0.0935  8.0483
112  48 -0.0178 -0.0697  6.8812
144  48  0.0127 -0.0001  5.0607
176  48 -0.0026 -0.0027 12.7182
208  48 -0.0010 -0.0058  8.4436
240  48 -0.0023 -0.0023  8.9300
272  48  0.0118 -0.0067 11.4158
 16  80  0.0239 -0.0408 12.1799
 48  80  0.2029 -0.0516 26.5365
 80  80  0.0072  0.0942 13.7345
112  80 -0.0828  0.0477 13.7082
144  80  0.0020  0.0070  5.1154
176  80  0.0030 -0.0005  6.0343
208  80  0.0075  0.0024  5.0571
240  80 -0.1060  0.2678 11.4548
272  80 -0.0860 -0.1219  6.4306
 16 112  0.1522  0.0987 10.5578
 48 112  0.0648  0.0318  8.8212
 80 112  0.0129  0.0661 12.1320
112 112  0.0345  0.0856  9.7417
144 112 -0.1275 -0.0583  9.1512
176 112 -0.0848  0.0801  8.4064
208 112 -0.0037  0.0409 24.0892
240 112 -0.0195  0.2355 16.3034
272 112 -0.0097 -0.1253  8.6370
 16 144  0.0219  0.1429  9.1442
 48 144 -0.0277 -0.1787  6.3435
 80 144 -0.0200 -0.0588  9.0240
112 144 -0.0779 -0.0675 19.4016
144 144  0.0784 -0.0138 10.6886
176 144 -0.0111  0.1790 14.0648
208 144  0.1531  0.0380 11.3278
240 144  0.0815 -0.1611  9.0802
272 144  0.0710 -0.0463 11.4971
 16 176 -0.0357 -0.0600  8.6594
 48 176  0.0281  0.0389 11.7166
 80 176  0.0736  0.0134  9.6704
112 176  0.0561  0.0343 26.0506
144 176  0.1942  0.0000  5.5268
176 176  0.1383  0.0044 17.1676
208 176  0.0295  0.0159  9.3127
240 176 -0.1898 -0.1742 15.3408
272 176  0.1857 -0.0127 10.9026
 16 208  0.1322 -0.0566  8.6956
 48 208 -0.0176 -0.0099 16.5913
 80 208  0.1512  0.0340  9.8995
112 208  0.2019 -0.0726  8.8606
144 208 -0.1082  0.2261  6.6421
176 208  0.0380 -0.0558 10.9004
208 208  0.0588  0.0265 12.1855
240 208 -0.0241 -0.0522 17.9418
272 208 -0.0991  0.0000  7.1235
