VARIABLES= "X pix", "Y pix", "U pix/dt", "V pix/dt", "CHC", ZONE I=7, J=9
 16  16  0.0077 -0.0086  9.5365
 48  16  0.0085  0.0071 10.6304
 80  16 -0.0008 -0.0015 11.3537
112  16  0.0014  0.0010 10.9026
144  16 -0.0011 -0.0010 13.2563
176  16 -0.0040  0.0012 14.9026
208  16 -0.0012 -0.0026 16.2516
240  16 -0.0000 -0.0000 28.0166
272  16  0.0052 -0.0004 26.5903
 16  48  0.0000  0.0000  8.3661
 48  48  0.0215 -0.0388  7.5472
 80  48 -0.0208  0.1366  7.2585
112  48 -0.0549  0.0124  7.5334
144  48 -0.0047 -0.0025  5.0533
176  48  0.0017 -0.0006 12.4380
208  48 -0.0033 -0.0014  8.5666
240  48 -0.0017  0.0051  8.8808
272  48  0.0265  0.0041 11.5647
 16  80  0.0274 -0.1724 14.5671
 48  80  0.0569  0.0075 28.1941
 80  80 -0.0050  0.0300 14.8973
112  80 -0.0834  0.0869 13.1146
144  80 -0.0003 -0.0008  5.1769
176  80 -0.0005  0.0039  6.1504
208  80  0.0082  0.0045  5.1683
240  80 -0.0875 -0.0678 12.7000
272  80 -0.0155  0.1353  6.7479
 16 112 -0.0931 -0.0660 10.7689
 48 112 -0.0327  0.0118  9.4150
 80 112  0.0586  0.0024 12.5168
112 112  0.0545 -0.0018  9.6313
144 112 -0.0282 -0.0263 11.1153
176 112  0.0110 -0.1668 10.3775
208 112 -0.0194 -0.0765 19.3772
240 112 -0.0529  0.1555 18.8804
272 112 -0.0218  0.0449  8.3316
 16 144  0.0013  0.0457  9.4503
 48 144 -0.0742 -0.1596  7.2620
 80 144 -0.0533 -0.0241  8.5962
112 144  0.0302  0.1039 19.5227
144 144  0.1351 -0.0292 10.9083
176 144  0.0667  0.0000 17.7402
208 144  0.0995 -0.0995 10.3507
240 144 -0.0679  0.1455  8.7491
272 144 -0.0379 -0.1520 13.2579
 16 176 -0.0228  0.0671  8.7422
 48 176  0.0019 -0.0439 12.3674
 80 176 -0.0517  0.0261  8.8890
112 176 -0.0133 -0.0230 18.1213
144 176 -0.0354 -0.0308  8.9325
176 176 -0.1327  0.0000 21.0843
208 176  0.0238  0.0319  9.8360
240 176  0.0000  0.0283 17.7316
272 176  0.0000 -0.0738 11.7680
 16 208 -0.0979  0.0000 12.1530
 48 208 -0.0572  0.0974 11.6098
 80 208  0.0795  0.1419 10.6876
112 208  0.0000  0.0744 14.5836
144 208 -0.3039 -0.1615  5.9925
176 208 -0.0783  0.1132  9.3445
208 208 -0.0253 -0.0139 13.1133
240 208  0.0825 -0.1641 18.5474
272 208  0.0446  0.0000  8.8071
