VARIABLES= "X pix", "Y pix", "U pix/dt", "V pix/dt", "CHC", ZONE I=7, J=9
 16  16 -0.0072  0.0049  9.5039
 48  16 -0.0027 -0.0033 10.6389
 80  16  0.0016 -0.0006 11.3701
112  16 -0.0027  0.0011 10.8916
144  16  0.0017  0.0002 13.2233
176  16 -0.0050 -0.0003 14.9539
208  16  0.0013 -0.0000 16.2829
240  16 -0.0002 -0.0002 28.0234
272  16 -0.0007  0.0009 26.5687
 16  48  0.0000  0.0000  8.3661
 48  48 -0.0436 -0.0383  7.4310
 80  48 -0.0155 -0.0318  7.5159
112  48  0.0073 -0.0120  7.6968
144  48  0.0043 -0.0005  5.0554
176  48  0.0045 -0.0044 12.4335
208  48  0.0024 -0.0004  8.5647
240  48  0.0000  0.0000  8.8800
272  48  0.0177 -0.0073 11.6147
 16  80 -0.0389  0.0087 15.4962
 48  80 -0.0196  0.0290 27.8779
 80  80 -0.0188  0.0306 20.1187
112  80 -0.0460 -0.0620 12.6874
144  80  0.0032  0.0101  5.1768
176  80 -0.0002  0.0015  6.1530
208  80  0.0036 -0.0039  5.1729
240  80  0.0097  0.0000 12.6732
272  80  0.0271  0.0293  6.7386
 16 112 -0.0489  0.0014 11.0105
 48 112  0.0289  0.0195  9.4836
 80 112  0.0655 -0.0065 12.7364
112 112 -0.0279  0.0054 10.1673
144 112  0.0282  0.0015 11.1153
176 112  0.0000  0.0793 11.2029
208 112  0.0812  0.1582 19.5019
240 112 -0.0965  0.0283 18.0733
272 112  0.0080  0.0157  8.3277
 16 144 -0.0814 -0.0039  9.7745
 48 144  0.0000  0.0553  6.9022
 80 144  0.0267  0.0029  8.6793
112 144 -0.0087 -0.0464 19.8218
144 144 -0.0240  0.0686 13.5445
176 144  0.0000  0.0000 20.3032
208 144  0.0000  0.0138  9.0774
240 144 -0.0360 -0.1165  8.4365
272 144  0.0839  0.1353 12.9701
 16 176  0.0237  0.0024  8.8850
 48 176 -0.0353  0.0187 12.1450
 80 176  0.0538 -0.0071 10.3709
112 176 -0.0801  0.0191 19.1637
144 176  0.0000  0.0000  9.7178
176 176  0.0000  0.0000 24.4320
208 176  0.0017 -0.0376  9.7980
240 176 -0.0828 -0.2414 13.8847
272 176  0.2009  0.0680 12.8546
 16 208  0.0979  0.0000 12.1530
 48 208  0.0160 -0.0286 11.1747
 80 208  0.0000  0.0000 10.9933
112 208  0.0000  0.0000 15.0418
144 208  0.0000  0.0000  5.6447
176 208  0.0122 -0.0541  9.6363
208 208  0.1230 -0.0614 12.3308
240 208 -0.1210  0.1421 17.6244
272 208  0.0000  0.0000 10.7014
