VARIABLES= "X pix", "Y pix", "U pix/dt", "V pix/dt", "CHC", ZONE I=7, J=9
 16  16  0.0059 -0.0136  9.4969
 48  16  0.0000  0.0053 10.6338
 80  16 -0.0004  0.0002 11.4180
112  16  0.0050  0.0037 11.0884
144  16 -0.0034 -0.0026 13.2073
176  16  0.0129  0.0084 14.6923
208  16  0.0107  0.0023 16.0566
240  16 -0.0002  0.0011 25.3477
272  16  0.0034 -0.0005 24.9222
 16  48 -0.0017  0.0075  8.3896
 48  48  0.0187  0.0371  7.5013
 80  48  0.0268 -0.0269  7.2141
112  48  0.0066  0.0023  8.7874
144  48  0.0012  0.0110  5.0331
176  48  0.0081 -0.0046 12.3947
208  48  0.0136  0.0044  9.1786
240  48  0.0186  0.0252  8.6443
272  48  0.0395 -0.0139 10.3312
 16  80 -0.0760  0.0044 11.8115
 48  80  0.0572  0.0179 20.9318
 80  80  0.1448  0.0865 12.3651
112  80 -0.0847 -0.0035 15.6988
144  80  0.0036 -0.0085  5.1695
176  80 -0.0005 -0.0017  6.4830
208  80  0.0110 -0.0017  5.4016
240  80  0.0685  0.0645  8.9187
272  80  0.0763 -0.0658  6.3179
 16 112  0.0368  0.1298 10.3559
 48 112  0.0127  0.0979  8.2897
 80 112  0.1503  0.0622  9.2276
112 112 -0.0416 -0.0193  8.2335
144 112 -0.1027 -0.1434 11.0794
176 112 -0.1462 -0.0110 18.7257
208 112  0.0454  0.0511 22.1169
240 112 -0.0857  0.0401 28.1855
272 112 -0.0088 -0.0337  7.8701
 16 144 -0.0077 -0.0510  9.8135
 48 144 -0.1603  0.0000  9.5241
 80 144 -0.2415  0.1103  9.1404
112 144  0.1602  0.1158 15.1498
144 144  0.0067  0.1465  9.3208
176 144  0.0604 -0.0941 15.9570
208 144 -0.0350  0.0281  9.5437
240 144 -0.0534  0.0134 12.9853
272 144 -0.0483  0.0403 11.0872
 16 176  0.1648  0.0041  7.6943
 48 176  0.0105  0.0373 12.9242
 80 176  0.0028 -0.0037  9.0013
112 176  0.1782  0.0191 13.7324
144 176 -0.0305  0.0641 13.6063
176 176  0.0282 -0.0715 13.1907
208 176  0.0248  0.0000 14.2662
240 176  0.0000  0.0114 16.7269
272 176 -0.0335  0.0000 33.5224
 16 208 -0.0269 -0.0079  9.9900
 48 208 -0.1311 -0.0837  9.6804
 80 208 -0.0473 -0.0163  9.6271
112 208 -0.0596 -0.0300 11.0729
144 208 -0.0161 -0.0435 11.2067
176 208 -0.0462  0.0000 11.3513
208 208 -0.0190  0.0188 17.9583
240 208  0.0866 -0.0018 17.7306
272 208 -0.0492 -0.0221  7.9887
