VARIABLES= "X pix", "Y pix", "U pix/dt", "V pix/dt", "CHC", ZONE I=7, J=9
 16  16 -0.0236 -0.0417  9.5973
 48  16  0.0051 -0.0182 11.7416
 80  16 -0.0345 -0.0111 12.2939
112  16 -0.0193 -0.0035 11.6868
144  16 -0.0028 -0.0099 13.9449
176  16  0.1018 -0.0953 15.5739
208  16  0.1346 -0.0101 16.5982
240  16 -0.0027 -0.0064 23.1024
272  16  0.0001  0.0017 24.3222
 16  48 -0.0208 -0.0226  8.4788
 48  48  0.0166 -0.0803  7.6892
 80  48 -0.0690 -0.2054  6.8969
112  48  0.0277 -0.0346  9.0010
144  48 -0.0014 -0.0001  5.0328
176  48  0.0735  0.1344 12.3573
208  48  0.1273  0.0610  9.3400
240  48  0.0855  0.0152  8.1963
272  48 -0.0107 -0.0086 10.6575
 16  80 -0.1819 -0.1865  9.5653
 48  80 -0.0291  0.0071 23.3682
 80  80  0.0142 -0.1897 14.5747
112  80 -0.0469  0.0011 14.0415
144  80 -0.0105  0.0246  5.1691
176  80  0.0066  0.0970  6.5178
208  80  0.0383  0.0886  5.4915
240  80  0.3014  0.0548 10.7070
272  80  0.0054 -0.1260  6.1991
 16 112 -0.0680 -0.0233 10.1709
 48 112  0.0290  0.0763  7.8779
 80 112 -0.1078 -0.1713 10.7844
112 112  0.0353 -0.0235  7.5208
144 112  0.0256  0.2018  6.4779
176 112 -0.1205  0.8985 23.3227
208 112 -0.2327  0.1870 20.1670
240 112 -0.0101  0.1743 16.6532
272 112  0.1327  0.0352  8.0757
 16 144 -0.0675  0.0583 10.8674
 48 144  0.6072  2.1532 12.0964
 80 144 -0.3396  0.1294  7.9805
112 144  0.3572  0.4072 12.3195
144 144 -0.0524  0.3440  8.4875
176 144 -0.2068  0.4466 18.0562
208 144  0.0955 -0.1211  8.9989
240 144 -0.1423  0.1402 11.1867
272 144  0.1458  0.1569  7.9756
 16 176 -0.1322  0.4438  5.6033
 48 176 -0.0764 -0.0686 11.8048
 80 176  0.2883  0.1315  7.4803
112 176  0.0224  0.2766 10.5235
144 176 -0.1112  0.2145  4.9758
176 176 -0.0063  0.1661 17.9003
208 176  0.0655  0.1341  8.3578
240 176  0.0000  0.0000  0.0000
272 176  0.2273  0.0596 13.2047
 16 208  0.0620  0.1236  9.2613
 48 208  0.0392 -0.0889  9.4238
 80 208  0.7850  0.1927 10.0634
112 208  0.0711  3.1132  8.6116
144 208 -0.2392  0.3329 10.4563
176 208 -0.1087 -0.0083  8.8223
208 208  0.0286  0.0844 22.3120
240 208  0.2730 -0.2529 16.9478
272 208  0.1742  0.5000  9.2252
