VARIABLES= "X pix", "Y pix", "U pix/dt", "V pix/dt", "CHC", ZONE I=7, J=9
 16  16  0.0191  0.0891  9.4433
 48  16  0.0003  0.0598 11.2251
 80  16  0.0342  0.0793 11.9738
112  16  0.0283  0.0625 11.4516
144  16  0.0351  0.0896 13.5855
176  16  0.0580  0.3515 14.6002
208  16  0.2500  0.1917 15.2933
240  16  0.0163  0.0753 23.5868
272  16  0.0152  0.0669 24.3397
 16  48 -0.0075 -0.0121  8.1893
 48  48  0.0140  0.0753  7.6922
 80  48  0.0342  0.1876  7.0135
112  48  0.0316 -0.0093  9.3476
144  48  0.0201  0.0348  5.0252
176  48  0.1315  0.8361 12.1462
208  48  0.1879  0.3320  9.3760
240  48  0.0292  0.0813  8.2962
272  48 -0.0073  0.0140 10.6294
 16  80 -0.0162 -0.0149  8.0619
 48  80  0.3406  0.1959 19.6021
 80  80  0.0376  0.3734 14.8651
112  80  0.1417  0.0548 14.3832
144  80 -0.0139  0.1208  5.1177
176  80  0.0178  0.2968  6.6351
208  80  0.0453  0.1318  5.6425
240  80  0.1058  0.1704  8.4459
272  80 -0.1530  0.2381  6.7158
 16 112  0.0430  0.1042 10.4988
 48 112 -0.0378  0.0587  8.4622
 80 112  0.0937  0.1076  9.6503
112 112  0.1275 -0.0039  6.8560
144 112  0.1357 -0.2867  8.8500
176 112 -0.1463  0.1365 19.2366
208 112 -0.3911  0.3112 19.2698
240 112 -0.0091  0.1596 18.3932
272 112  0.0094 -0.0333  7.2342
 16 144  0.0636  0.2089 10.5726
 48 144  0.0199  2.0486 11.8141
 80 144 -0.1846  0.0285  8.5535
112 144  0.0822  0.1819 10.3777
144 144  0.2396 -0.1463  8.1794
176 144  0.0319 -0.1119 17.0838
208 144 -0.0078  0.0695 11.3056
240 144  0.1337 -0.0445 10.6795
272 144  0.0000  0.0000  8.9467
 16 176  0.2831  0.2531  7.3549
 48 176  0.2021  0.0587 11.6189
 80 176 -0.1758  0.0271  9.9738
112 176  0.0404 -0.2176 11.3203
144 176  0.1914  0.0933  5.8585
176 176  0.1122  0.0109 17.8239
208 176 -0.0904  0.2028  6.6773
240 176  0.0000  0.0000 26.6722
272 176 -0.4574  0.2476 12.6116
 16 208  0.0270  0.1694  9.2400
 48 208 -0.1062 -0.1094 11.4930
 80 208 -0.2424  0.2291  8.6739
112 208  0.0000  0.0000 11.0325
144 208 -0.2082  0.4245  7.8776
176 208  0.0122  0.2427  7.8656
208 208  0.1410  0.0436 20.7734
240 208  0.1207 -0.2306 12.4958
272 208  0.0437  0.2871  7.0445
