VARIABLES= "X pix", "Y pix", "U pix/dt", "V pix/dt", "CHC", ZONE I=7, J=9
 16  16 -0.0011  0.0055  9.6113
 48  16  0.0033  0.0010 11.0018
 80  16 -0.0006 -0.0048 11.5688
112  16  0.0036 -0.0001 11.4382
144  16 -0.0096 -0.0008 13.4318
176  16 -0.0063 -0.0024 15.2318
208  16 -0.0043  0.0021 15.7125
240  16  0.0034  0.0000 24.4781
272  16 -0.0055  0.0009 24.6792
 16  48  0.0043 -0.0001  8.1042
 48  48  0.0000 -0.0047  7.5155
 80  48 -0.0078 -0.0152  7.1825
112  48  0.0037 -0.0013 10.1180
144  48 -0.0024 -0.0001  5.0457
176  48  0.0000  0.0021 12.3807
208  48 -0.0044 -0.0054  9.7908
240  48 -0.0032 -0.0423  8.3790
272  48 -0.0085 -0.0043 10.6908
 16  80  0.0242 -0.0496  9.8511
 48  80 -0.0634  0.0224 18.1097
 80  80 -0.0326  0.0000 12.8020
112  80 -0.0129 -0.0210 10.0696
144  80 -0.0077  0.0000  5.1743
176  80 -0.0036 -0.0017  6.9082
208  80 -0.0032 -0.0020  5.7783
240  80  0.0291  0.0000  9.8434
272  80 -0.0105 -0.0877  6.4958
 16 112  0.0135  0.0409 11.3560
 48 112  0.0156 -0.0732  9.6319
 80 112 -0.0025  0.0038 11.4488
112 112  0.0077 -0.0551  6.8745
144 112  0.0000 -0.0307 10.8759
176 112  0.0432  0.0408 23.1703
208 112 -0.0364  0.0677 19.0039
240 112  0.0053 -0.0044 22.1240
272 112  0.0044  0.0088 16.3888
 16 144 -0.0054  0.0332 10.8579
 48 144 -0.0941 -0.0302 13.7351
 80 144 -0.1290 -0.0465  8.2425
112 144  0.0630  0.0073 11.4079
144 144 -0.0175 -0.0039  9.0118
176 144 -0.0263  0.0405 18.0911
208 144 -0.0042 -0.0511  9.6993
240 144 -0.0034 -0.0021  9.3248
272 144 -0.0487  0.0217  9.2633
 16 176  0.0593  0.0000 10.6795
 48 176 -0.0496 -0.0232 11.5931
 80 176 -0.0090  0.0211 13.0252
112 176 -0.0244  0.0000 17.0244
144 176 -0.0565  0.0000  7.7166
176 176  0.0073  0.0476 17.7216
208 176  0.0000  0.1357  8.8416
240 176  0.0551 -0.0470 37.5515
272 176 -0.0071  0.0000 12.8771
 16 208 -0.0257  0.1270 10.8577
 48 208 -0.0386 -0.0148  9.5942
 80 208  0.0417  0.0908  9.6944
112 208 -0.0449 -0.0537 16.0919
144 208 -0.0421  0.0163 12.4886
176 208  0.0680  0.0227  8.5177
208 208  0.0598  0.0000 22.7371
240 208  0.0188 -0.0240 13.3207
272 208 -0.0375  0.0000 16.2066
