VARIABLES= "X pix", "Y pix", "U pix/dt", "V pix/dt", "CHC", ZONE I=7, J=9
 16  16  0.0215  0.0105  9.6288
 48  16  0.0081  0.0028  9.2952
 80  16 -0.0029 -0.0040  9.8334
112  16 -0.0058 -0.0027  9.8942
144  16 -0.0040  0.0013 12.0528
176  16  0.0103 -0.0071 15.0542
208  16 -0.0007  0.0022 13.4869
240  16 -0.0058  0.0001 27.4438
272  16 -0.0050 -0.0033 24.4632
 16  48 -0.0058  0.0001  7.6191
 48  48 -0.0002  0.0592  7.7830
 80  48  0.0349  0.0014  6.6362
112  48  0.0047  0.0111  6.3746
144  48  0.0076  0.0054  4.9922
176  48  0.0069 -0.0062 12.8319
208  48  0.0050 -0.0041 10.8223
240  48 -0.0179 -0.0365  8.7795
272  48  0.0157  0.0049 11.9701
 16  80  0.0000  0.0000  8.4877
 48  80 -0.0305  0.0000 13.7382
 80  80 -0.0371 -0.0068 11.4604
112  80  0.0266  0.0720 10.0705
144  80 -0.0042 -0.0006  5.2184
176  80  0.0004 -0.0022  8.0590
208  80 -0.0017  0.0007  6.6135
240  80 -0.0575 -0.0049  8.4575
272  80  0.0564 -0.0566  6.0541
 16 112  0.0295  0.0934 13.0237
 48 112 -0.1255 -0.0283  8.2644
 80 112 -0.0122  0.0315  9.5007
112 112  0.1213  0.0404  8.0004
144 112  0.0454  0.0452 10.3584
176 112 -0.0910 -0.0478 17.5799
208 112  0.2008 -0.0023 18.4953
240 112  0.0642 -0.0470 13.4894
272 112  0.0000 -0.0028 10.8254
 16 144 -0.0045 -0.0187 12.0834
 48 144  0.0894 -0.0719  7.8204
 80 144  0.2024 -0.0043 10.3085
112 144  0.3930 -0.0773 29.6010
144 144  0.0300  0.3943 11.4752
176 144 -0.0264 -0.0172  8.8503
208 144 -0.0474  0.1415 17.6250
240 144  0.0892 -0.0741 12.3295
272 144 -0.2164 -0.0179 23.5528
 16 176  0.0399  0.0240  9.9722
 48 176 -0.0092 -0.0093 15.7522
 80 176 -0.1759 -0.0564 13.1560
112 176  0.2416  0.0361 23.5767
144 176 -0.1466 -0.1430 11.9017
176 176 -0.0809  0.1051 10.9467
208 176  0.4873  0.1196 16.8789
240 176  0.0000  0.0000 21.4450
272 176  0.1383  0.1479 16.4194
 16 208  0.0018  0.1085 14.5363
 48 208  0.0000  0.0000 20.1516
 80 208  0.0000 -0.0019  9.2508
112 208  0.0586  0.0000 11.7889
144 208  0.0653  0.0812  9.1245
176 208 -0.0508  0.0061 18.9594
208 208  0.0995 -0.0934 40.6773
240 208 -0.0838  0.0600  9.7153
272 208 -0.0144  0.0666  6.4738
