VARIABLES= "X pix", "Y pix", "U pix/dt", "V pix/dt", "CHC", ZONE I=7, J=9
 16  16 -0.0018 -0.1094  9.6390
 48  16 -0.0045 -0.0340  9.4093
 80  16  0.0003 -0.0512  9.9055
112  16  0.0225 -0.0642 10.0504
144  16  0.0171 -0.0548 12.0488
176  16  0.2231 -0.3468 14.9788
208  16  0.1469 -0.1904 13.0936
240  16  0.0174 -0.0518 26.8072
272  16  0.0490 -0.0510 24.1364
 16  48  0.0154  0.0139  7.8290
 48  48 -0.0178 -0.0614  7.7803
 80  48 -0.0348 -0.0609  6.7031
112  48 -0.0083 -0.0229  6.3401
144  48  0.0395 -0.0230  4.9554
176  48  0.1936  0.0462 12.6862
208  48  0.2147 -0.0015 10.7280
240  48  0.0917  0.0236  8.7990
272  48 -0.0120 -0.0447 11.8576
 16  80  0.1429  0.2534 10.7181
 48  80 -0.0384  0.0789 12.3509
 80  80  0.0091  0.0681 11.6920
112  80 -0.0786 -0.1452  9.2659
144  80  0.0015  0.0415  5.2199
176  80  0.0035  0.0815  8.1094
208  80  0.0663  0.0649  6.6805
240  80  0.0170  0.0019  7.8774
272  80 -0.0648  0.1805  6.0307
 16 112  0.0464  0.0076 13.2555
 48 112 -0.0417 -0.0084  8.4235
 80 112  0.0879 -0.0180  9.7506
112 112 -0.1063 -0.0100  8.1134
144 112 -0.2157 -0.0810  9.4781
176 112 -0.0394  0.0898 14.9203
208 112  0.1991 -0.0363 18.4570
240 112 -0.0593  0.1393 13.4270
272 112  0.1661 -0.0285  9.9331
 16 144  0.0110 -0.0196 12.1513
 48 144  0.0079 -0.0104  7.5957
 80 144 -0.3416  0.1621 10.6492
112 144  0.0405 -0.1190 15.5642
144 144  0.0531  1.8883  9.9754
176 144 -0.0773  0.0000 10.3343
208 144 -0.0307  0.4045 16.7099
240 144 -0.2441  0.1703 11.8111
272 144  0.2159 -0.7494  9.9245
 16 176 -0.0951  0.1318  9.0052
 48 176 -0.1030  0.0227 13.8983
 80 176  0.2418  0.3609 11.4465
112 176 -0.1554 -0.1817 24.1607
144 176  0.0301 -0.0973  9.7556
176 176  0.0127  0.2322 11.7914
208 176 -1.3648 -0.2615 16.8500
240 176  0.0000  8.0000 32.2520
272 176 -9.7068 -12.5753 21.1475
 16 208 -0.2111 -0.2798 10.6627
 48 208 -0.2022  0.1994 17.2727
 80 208  0.4507  0.4797  7.3089
112 208  0.2648  0.1293  8.9914
144 208  0.1677  2.0000  8.5451
176 208  0.1500 -0.3067 16.4918
208 208  0.3718 -0.3419 22.4592
240 208 -0.0324  0.4586  9.4813
272 208  0.0000  0.1098  6.2874
