VARIABLES= "X pix", "Y pix", "U pix/dt", "V pix/dt", "CHC", ZONE I=7, J=9
 16  16  0.0001  0.0009  9.6555
 48  16 -0.0001  0.0035 10.5541
 80  16 -0.0022  0.0026 11.1509
112  16  0.0000  0.0000 10.9220
144  16 -0.0001  0.0003 13.2218
176  16 -0.0106 -0.0042 15.0410
208  16  0.0017  0.0033 13.6374
240  16 -0.0021 -0.0005 24.9690
272  16  0.0016 -0.0001 23.3096
 16  48 -0.0146 -0.0072  8.2758
 48  48  0.0003  0.0118  7.7020
 80  48  0.0409  0.0050  6.7401
112  48 -0.0121 -0.0062  7.6698
144  48 -0.0161  0.0073  4.9135
176  48  0.0030 -0.0079 13.1802
208  48  0.0056  0.0013 11.3878
240  48 -0.0111 -0.0099  8.4939
272  48  0.0359 -0.0159 10.9775
 16  80  0.0000  0.1698 14.2222
 48  80  0.0103  0.0050 16.5583
 80  80 -0.0187 -0.0693 15.6151
112  80  0.0378 -0.0683  8.9771
144  80  0.0089 -0.0007  5.2627
176  80 -0.0025  0.0016  8.6187
208  80  0.0022  0.0007  7.2572
240  80 -0.0241 -0.0506  7.7802
272  80  0.0000 -0.0239  6.5676
 16 112  0.0428  0.0311 11.7056
 48 112 -0.0188 -0.0449  9.0653
 80 112 -0.0736 -0.0645 11.9040
112 112  0.0051  0.0110  9.0256
144 112 -0.0639 -0.0357  8.8936
176 112  0.1021  0.0000 18.9828
208 112  0.0333  0.0034 19.2137
240 112  0.0103 -0.0959 21.1309
272 112 -0.0414  0.0082 10.4831
 16 144  0.0200  0.0068 10.9121
 48 144 -0.0043  0.0000  8.5676
 80 144 -0.0413 -0.0761 13.2554
112 144  0.0000  0.0000  8.1830
144 144  0.0000 -0.0701 14.0096
176 144  0.0942  0.1097 20.7246
208 144 -0.0251 -0.0138 11.8056
240 144 -0.1060  0.1096 10.2907
272 144 -0.0609  0.0521 16.7031
 16 176  0.0000 -0.0169 10.4883
 48 176 -0.0150 -0.0076 10.4614
 80 176 -0.0054 -0.0656 14.4109
112 176  0.0658  0.0126 15.3429
144 176  0.1791  0.0514 10.0245
176 176  0.0000  0.0000 15.8237
208 176 -0.0420  0.0118 11.6438
240 176 -0.0258  0.0304 11.4986
272 176  0.0000 -0.0261 59.6846
 16 208  0.0317 -0.0980 10.0209
 48 208 -0.0196  0.0329 13.6246
 80 208  0.1154  0.0971 10.8504
112 208  0.0778 -0.1043 16.4152
144 208  0.0254  0.0178 19.7276
176 208 -0.0382  0.0056 14.1000
208 208 -0.0213  0.0577 18.3583
240 208  0.0159  0.0124 12.0772
272 208  0.0348  0.0000 18.1735
