VARIABLES= "X pix", "Y pix", "U pix/dt", "V pix/dt", "CHC", ZONE I=7, J=9
 16  16  0.0104 -0.0018  9.4177
 48  16  0.0048  0.0028 10.1626
 80  16 -0.0032  0.0008 11.0500
112  16  0.0046 -0.0014 10.7763
144  16  0.0031  0.0000 12.9717
176  16 -0.0052  0.0007 14.6104
208  16 -0.0022  0.0048 13.5484
240  16  0.0001 -0.0025 23.8921
272  16  0.0025 -0.0013 21.7665
 16  48  0.0063  0.0105  7.9467
 48  48  0.0028  0.0110  7.6185
 80  48  0.0118 -0.0242  7.5795
112  48  0.0283 -0.0166  7.6468
144  48 -0.0073 -0.0055  4.8974
176  48 -0.0104 -0.0018 13.0193
208  48 -0.0025 -0.0041 11.8403
240  48 -0.0348 -0.0252  8.6624
272  48  0.0018  0.0107 11.2550
 16  80  0.0459  0.0165 11.6708
 48  80  0.0419 -0.0061 18.2092
 80  80  0.2711  0.0284 25.0598
112  80 -0.0298 -0.0326 11.0480
144  80 -0.0042 -0.0043  5.2511
176  80  0.0008 -0.0016  9.1563
208  80 -0.0022 -0.0019  8.0548
240  80  0.0298 -0.0338  8.3798
272  80  0.0338  0.0704  7.8508
 16 112  0.0368  0.0403 12.0888
 48 112 -0.0038 -0.0382  8.8228
 80 112 -0.0165 -0.1215  9.0226
112 112 -0.0802  0.1165  7.8511
144 112  0.0000 -0.1089  9.9058
176 112 -0.0315  0.0624 12.5623
208 112  0.0000  0.0000 15.6660
240 112  0.0000  0.0000 12.1291
272 112  0.0571 -0.0227  7.6827
 16 144  0.0022  0.0155  9.1541
 48 144 -0.0051  0.0386 11.0323
 80 144  0.1082 -0.0239 14.7994
112 144  0.0145 -0.0203 19.7014
144 144  0.0731  0.0671 13.4013
176 144  0.0926 -0.0516 19.5181
208 144  0.0331 -0.0013 10.5999
240 144 -0.2916  0.0379 10.4703
272 144  0.1013  0.0597 14.3128
 16 176 -0.0636  0.0075  9.0111
 48 176  0.0018  0.0315  9.0167
 80 176  0.1261  0.0458  8.9582
112 176  0.0354  0.1076 11.4877
144 176 -0.1403  0.0880  8.9349
176 176 -0.0821  0.0897 14.8375
208 176 -0.1515  0.1144  9.2589
240 176  0.1484 -0.1484 18.6958
272 176  0.0165  0.0038 22.3180
 16 208 -0.0628 -0.0023 10.6164
 48 208 -0.2010  0.0093 11.9496
 80 208 -0.0439  0.0238 11.9963
112 208  0.0000  0.0000  9.8102
144 208  0.0000  0.0000 13.4778
176 208  0.0759  0.0060 12.6955
208 208 -0.0100  0.1583  8.5268
240 208  0.0370  0.0094 26.1825
272 208 -0.1305  0.0897  9.5035
