VARIABLES= "X pix", "Y pix", "U pix/dt", "V pix/dt", "CHC", ZONE I=7, J=9
 16  16 -0.0080  0.0098  9.4307
 48  16 -0.0087 -0.0040 10.1282
 80  16 -0.0099  0.0049 11.0164
112  16 -0.0076 -0.0043 10.7392
144  16  0.0025  0.0063 12.8437
176  16  0.1899  0.0130 14.6564
208  16  0.1057 -0.0154 12.9244
240  16 -0.0061  0.0176 23.9642
272  16  0.0101  0.0181 21.8126
 16  48 -0.0025  0.0469  8.1679
 48  48 -0.0144 -0.0619  7.5834
 80  48 -0.0180  0.0430  7.1470
112  48  0.0037  0.0258  7.2585
144  48  0.0123  0.0056  4.8725
176  48  0.1608  0.3500 12.6500
208  48  0.2167  0.3262 11.4225
240  48  0.1180 -0.0438  8.6983
272  48 -0.0361  0.1003 11.3041
 16  80 -0.3034 -0.0114 10.2125
 48  80 -0.2251  0.0481 11.4428
 80  80 -0.4457  0.5130 19.9998
112  80 -0.1372  0.2783 11.2479
144  80 -0.0073  0.0791  5.2356
176  80  0.0181  0.2312  9.1857
208  80  0.0782  0.1841  8.1815
240  80  0.1175  0.2486  7.7827
272  80 -0.0800  0.0160  7.7850
 16 112 -0.1351 -0.0224 12.1498
 48 112 -0.0696  0.0163  8.7537
 80 112 -0.0595  0.2221  9.1463
112 112  0.0061  0.1016  7.5854
144 112  0.0000  0.1275 10.2431
176 112  0.0291  0.2673 10.8007
208 112  0.1880  0.6221 14.3283
240 112  0.4827 -0.0268 10.6003
272 112 -0.1956 -0.0749  9.0976
 16 144  0.1554  0.1748  9.3820
 48 144 -0.2142  0.0348 11.4317
 80 144 -1.1508  0.0291 12.0371
112 144  0.0000 -0.0743 20.4322
144 144 -0.1276  0.0896 11.4491
176 144  0.0298  0.1330 21.8427
208 144 -0.0033  0.0957  9.4020
240 144  0.2696 -0.0726  9.5915
272 144  0.4009 -0.0450 12.6237
 16 176 -0.0204  0.1045  8.6649
 48 176  0.0751  0.1124  9.2718
 80 176  0.0310  0.2115  8.9408
112 176 -0.3525  0.3590  6.4963
144 176  0.0418  3.1005  8.9151
176 176 -0.0163  0.1379 14.2714
208 176  0.0066 -0.0233  9.3940
240 176  0.0332 -0.0370 12.9508
272 176  0.1796  0.3271 18.0578
 16 208  0.0792  0.1829  9.0703
 48 208 -0.3479  0.1775 10.1663
 80 208  0.5994 -0.1442  8.1179
112 208 -2.4633  0.4034  8.1552
144 208 -0.4155  8.1137 12.2412
176 208 -0.4864  0.0893 13.2341
208 208  0.0408 -0.0667  8.6727
240 208  0.0690 -0.0660 22.8729
272 208  0.1309  0.0345  9.2247
