VARIABLES= "X pix", "Y pix", "U pix/dt", "V pix/dt", "CHC", ZONE I=7, J=9
 16  16 -0.0004 -0.0062  9.5486
 48  16  0.0175 -0.0034 11.1081
 80  16 -0.0044 -0.0043 11.6153
112  16 -0.0006  0.0019 11.1540
144  16  0.0079 -0.0014 13.0757
176  16  0.0105 -0.0076 14.8377
208  16  0.0057 -0.0017 13.0565
240  16 -0.0023 -0.0015 23.8589
272  16 -0.0001 -0.0032 22.3437
 16  48  0.0180  0.0459  8.5001
 48  48 -0.0017  0.0036  7.5693
 80  48 -0.0402 -0.0068  6.7026
112  48 -0.0807  0.0008  8.8350
144  48  0.0140  0.0050  4.8597
176  48  0.0001 -0.0085 12.9015
208  48 -0.0022  0.0018 12.0513
240  48  0.0084  0.0037  8.8836
272  48 -0.0058  0.0573 10.9759
 16  80 -0.0664 -0.0474 10.8938
 48  80 -0.1395  0.0306 29.1207
 80  80 -0.0544 -0.0132 22.6120
112  80 -0.1221  0.0159  9.1507
144  80 -0.0153  0.0009  5.2926
176  80 -0.0029 -0.0011  9.7751
208  80  0.0012 -0.0002  8.9405
240  80  0.0285  0.0168  8.7670
272  80 -0.0081 -0.0014  7.9774
 16 112  0.0076 -0.0026 12.4364
 48 112  0.0427  0.1043  9.5478
 80 112 -0.0387  0.0011  8.1540
112 112  0.0294 -0.0418  6.6942
144 112  0.0423  0.1409  9.9192
176 112 -0.1412  0.1232 13.2647
208 112  0.0000  0.0000 16.0437
240 112 -0.0268  0.0613 14.5453
272 112 -0.0142  0.0264 14.6774
 16 144  0.0018 -0.0026  8.8719
 48 144 -0.0769  0.0540 10.6420
 80 144  0.0521  0.0000 13.7804
112 144 -0.2085 -0.0335 17.2904
144 144 -0.0068  0.0451 12.3628
176 144  0.0980 -0.0215 18.0099
208 144  0.0257 -0.0415  9.0752
240 144  0.0690 -0.0438 13.0303
272 144  0.1381  0.0269  9.4480
 16 176 -0.0688  0.0068  9.0559
 48 176  0.0386  0.0051 11.3435
 80 176 -0.0644  0.0076  9.8732
112 176 -0.1208 -0.0371 10.5312
144 176 -0.0559 -0.0067 10.5114
176 176 -0.0927  0.0467 21.5087
208 176  0.0525 -0.1279 11.8475
240 176  0.1068  0.0000 140.4960
272 176  0.0203 -0.0537 11.8318
 16 208  0.0378 -0.0413  9.7358
 48 208 -0.0805  0.0076 10.4383
 80 208  0.2187 -0.0433 11.2798
112 208  0.0000  0.0000 11.4398
144 208  0.0389  0.1091 12.3057
176 208 -0.0672  0.0854 13.8858
208 208  0.0287  0.0231 13.8321
240 208  0.0562 -0.0263 25.0115
272 208  0.0000  0.0000 19.1763
