VARIABLES= "X pix", "Y pix", "U pix/dt", "V pix/dt", "CHC", ZONE I=7, J=9
 16  16  0.0008 -0.0005 10.1767
 48  16 -0.0192  0.0039 12.5845
 80  16 -0.0119  0.0040 12.8986
112  16 -0.0210  0.0173 12.3420
144  16 -0.0794  0.0169 14.0079
176  16 -0.0509  0.0328 14.8312
208  16  0.0702  0.0780 13.1792
240  16  0.0041  0.0197 22.0394
272  16 -0.0044  0.0313 21.9545
 16  48 -0.0037  0.0142  8.5683
 48  48 -0.0074 -0.1294  7.4836
 80  48 -0.0799  0.0911  7.4086
112  48 -0.0024 -0.0057 10.1572
144  48 -0.1605 -0.0039  4.9127
176  48 -0.0601  0.4586 12.5633
208  48  0.0894  0.4647 12.2234
240  48 -0.0443 -0.0303  8.9131
272  48 -0.0121  0.1338 11.5701
 16  80  0.0287  0.0309 21.8107
 48  80 -0.0676 -0.0129 17.8011
 80  80 -0.2005 -0.2666 20.6237
112  80 -0.1103  0.1038  9.2885
144  80 -0.0751  0.1160  5.4131
176  80  0.0033  0.2815 10.2460
208  80  0.0460  0.2381 10.0310
240  80 -0.0471  0.0364  9.0499
272  80  0.0841  0.0456  8.6801
 16 112 -0.0832  0.0646 10.2706
 48 112 -0.2189  0.0525  8.8176
 80 112  0.0142  0.0573  8.6276
112 112 -0.0181 -0.0147  8.7458
144 112 -0.1834  0.0919  8.6564
176 112 -0.0457  0.1428 22.8827
208 112 -0.0026  0.7595 19.9225
240 112  0.0765  1.2449 14.5547
272 112  0.0417  0.1367  7.6008
 16 144 -0.2254  0.1721  8.8333
 48 144 -0.2016 -0.1765 10.3151
 80 144 -2.5814  1.9282 10.0672
112 144  0.0683  0.1137 10.8121
144 144 -0.0945  0.1076 11.7239
176 144 -0.1215  0.0618  9.1513
208 144 -0.0843  0.1082 10.0504
240 144 -0.1079  0.0243 10.4349
272 144  0.1228  0.0301 11.5353
 16 176 -0.0481  0.3283  9.5620
 48 176 -0.0662  0.1806 14.8323
 80 176 -0.3615  0.2594 11.5365
112 176 -0.0864  0.1294  9.5909
144 176 -0.0785 -0.0199 16.1155
176 176  0.0399  0.3532 13.0446
208 176 -0.0084  0.8749  9.1536
240 176  0.0000  0.0000 17.0598
272 176 -0.1089  0.0525 17.4317
 16 208 -0.0701  2.5321 13.4904
 48 208  1.4093  0.0661 10.0455
 80 208  0.0000  0.0000  9.2150
112 208  0.0000  0.0000 14.5351
144 208  0.0000  0.0000  9.0790
176 208 -0.0710  7.0000 13.8907
208 208  0.0360  0.1976  8.9327
240 208  0.2637 -0.0096 32.4461
272 208  0.8314 -0.0515  8.7800
