VARIABLES= "X pix", "Y pix", "U pix/dt", "V pix/dt", "CHC", ZONE I=7, J=9
 16  16 -0.0061  0.0935  9.6753
 48  16  0.0151  0.0697 12.0257
 80  16  0.0047  0.0791 12.3104
112  16 -0.0128  0.0783 11.8795
144  16 -0.0052  0.0977 13.6132
176  16  0.0332  0.4071 14.3623
208  16  0.2560  0.3994 12.1584
240  16  0.0258  0.0809 22.4057
272  16 -0.0174  0.0639 21.8154
 16  48  0.0320  0.0421  8.6523
 48  48 -0.0282  0.2762  7.3387
 80  48  0.1200  0.0379  7.0147
112  48  0.1669 -0.0023  8.7944
144  48  0.0265  0.0297  4.9409
176  48  0.0369  0.8030 13.1982
208  48  0.3282  0.8301 12.5786
240  48  0.2118 -0.0323  8.8405
272  48  0.0039  0.0621 11.6433
 16  80 -0.0925 -0.1443  7.2983
 48  80 -0.2673  0.0156  8.7076
 80  80 -0.0954  0.2287 20.3682
112  80 -0.0398  0.0572  9.5156
144  80 -0.0286  0.1434  5.4665
176  80  0.0193  0.4060 10.4915
208  80  0.0579  0.3441 10.7032
240  80  0.0063 -0.0257  9.0456
272  80 -0.0428  0.0734  8.0046
 16 112  0.0241  0.1336 10.6198
 48 112 -0.1660  0.1425  9.4207
 80 112  0.0971  0.1733  9.8794
112 112 -0.0431  0.0520  8.8566
144 112 -0.0690 -0.0366  7.8596
176 112 -0.1309  2.3339  7.3458
208 112  0.1686  1.2141 21.3094
240 112  0.1275  0.2936 11.5660
272 112  0.0899  0.2684  9.0129
 16 144 -0.1327  0.1272  8.6277
 48 144 -0.2291  0.5000 10.3039
 80 144  0.7164  0.2134 10.6093
112 144 -0.1420 -3.1260  8.8749
144 144  0.0536  1.1885  9.3207
176 144 -0.0799  0.0792  9.3988
208 144  0.0446  0.1813 10.1936
240 144  0.0089  0.0367  9.1791
272 144 -0.0480  0.0740 11.1256
 16 176 -0.1962 -0.3370 10.0605
 48 176  0.0466  0.1585 14.6540
 80 176 -0.1041  0.2052 11.3399
112 176  5.1695  8.0329 10.1909
144 176  0.3515  0.3299 12.4801
176 176 -0.1073  0.0614 10.9178
208 176  0.1313  2.5000  8.2444
240 176  0.0000  0.0950 16.2481
272 176 -0.2623  0.2164 25.5020
 16 208 -0.0214  0.3565 12.7326
 48 208  0.1864  0.0421  9.2327
 80 208 -0.1507 -0.2370 11.0927
112 208  1.9263 -0.0521 28.3695
144 208 -0.2276  0.5000  8.4664
176 208 -0.0016  0.0071 11.7322
208 208  0.0051 -0.1025  8.4970
240 208  0.4605 -0.2150 24.8991
272 208  0.1424  0.0399  7.4650
