VARIABLES= "X pix", "Y pix", "U pix/dt", "V pix/dt", "CHC", ZONE I=7, J=9
 16  16 -0.0028  0.0072  9.6388
 48  16 -0.0116 -0.0037 11.6385
 80  16 -0.0046  0.0075 12.0978
112  16  0.0002  0.0004 11.6809
144  16  0.0035 -0.0011 13.4251
176  16 -0.0026  0.0003 14.7126
208  16 -0.0044 -0.0049 12.2173
240  16  0.0051 -0.0006 22.8691
272  16  0.0003 -0.0010 21.6252
 16  48 -0.0122  0.0182  8.8081
 48  48  0.0512 -0.0144  7.5169
 80  48 -0.1001  0.0011  6.9584
112  48 -0.0475 -0.0141  7.4301
144  48  0.0023  0.0015  4.9605
176  48 -0.0008  0.0010 13.7677
208  48 -0.0112 -0.0011 12.9529
240  48 -0.0311  0.0189  8.9067
272  48 -0.0194  0.0164 11.9086
 16  80  0.0000 -0.0646  6.9409
 48  80  0.1320  0.0403 11.5110
 80  80 -0.0523  0.1885 21.6339
112  80 -0.0015  0.0695 10.9339
144  80  0.0041  0.0000  5.5502
176  80  0.0003  0.0039 11.2860
208  80  0.0004 -0.0021 11.6496
240  80  0.0227  0.0597  8.8067
272  80  0.0315 -0.0025  8.2612
 16 112  0.0363  0.0459 11.1304
 48 112  0.0211  0.1304  9.9209
 80 112 -0.0870 -0.0158 10.3338
112 112  0.0199 -0.0685  9.3692
144 112 -0.0333  0.0668  7.8357
176 112  0.0082  0.0498 10.1689
208 112 -0.0207  0.0164 25.6387
240 112 -0.1705  0.0812 10.5967
272 112 -0.0527  0.0194 11.0941
 16 144  0.0376 -0.0627  8.7647
 48 144  0.2816  0.1000 14.9032
 80 144  0.1367  0.0793 12.4991
112 144 -0.0078 -0.0133 13.8826
144 144 -0.1410 -0.0599 12.4954
176 144  0.0000 -0.0987 10.5410
208 144 -0.0391  0.0029 10.6380
240 144  0.1774  0.0293  8.9587
272 144  0.1126 -0.0429 11.4022
 16 176  0.0451  0.0699 10.2835
 48 176 -0.0047  0.0024 15.1697
 80 176 -0.0011  0.0193 14.9215
112 176  0.0464  0.1178 10.5549
144 176 -0.0830 -0.0296 13.5592
176 176 -0.0242  0.0302 13.8142
208 176 -0.1451  0.1293 10.4734
240 176  0.0534 -0.0107 13.4189
272 176  0.0368  0.0000 30.2767
 16 208  0.0217 -0.0023 13.4143
 48 208  0.0559  0.0961  8.2910
 80 208 -0.0814  0.0000 10.7051
112 208 -0.0304 -0.0227 25.4315
144 208 -0.0250 -0.0320  8.2863
176 208  0.0127 -0.0285 11.5909
208 208  0.0377 -0.1562  9.0202
240 208  0.0111  0.0000 21.7215
272 208 -0.0335  0.0223  7.8609
