VARIABLES= "X pix", "Y pix", "U pix/dt", "V pix/dt", "CHC", ZONE I=7, J=9
 16  16 -0.0070  0.0096  9.6384
 48  16  0.0003 -0.0017 11.5831
 80  16  0.0058 -0.0082 12.1023
112  16 -0.0045 -0.0025 11.4420
144  16 -0.0014 -0.0008 13.3255
176  16  0.0101 -0.0031 14.6281
208  16 -0.0060  0.0029 12.3703
240  16 -0.0068 -0.0021 23.2191
272  16 -0.0003 -0.0042 21.0536
 16  48  0.0015 -0.0023  8.8763
 48  48 -0.0015  0.0016  7.4426
 80  48 -0.0454  0.0647  7.2133
112  48 -0.0137 -0.0006  7.2458
144  48 -0.0206  0.0037  4.9796
176  48  0.0063  0.0093 13.4669
208  48  0.0043 -0.0122 13.0874
240  48  0.0329 -0.0223  8.8803
272  48  0.0011  0.0203 11.8805
 16  80  0.0000  0.0000  9.1181
 48  80  0.0399 -0.0275 13.3791
 80  80 -0.0100 -0.0456 23.3355
112  80 -0.1067 -0.0327 10.9989
144  80  0.0038  0.0018  5.6031
176  80 -0.0001  0.0001 11.9847
208  80  0.0024  0.0022 12.8325
240  80 -0.0059 -0.0372  8.8798
272  80 -0.0024 -0.0058  8.9921
 16 112  0.0131  0.0321 11.4720
 48 112  0.0526  0.0465 11.4636
 80 112  0.0200  0.1340  9.4937
112 112 -0.0844  0.0057  9.4450
144 112  0.0627 -0.0098  9.2763
176 112 -0.0476 -0.0235 18.2947
208 112 -0.1315  0.1315 16.0340
240 112  0.0668 -0.0220 12.2495
272 112 -0.0696  0.0910 11.1896
 16 144  0.0190 -0.0292  9.1916
 48 144 -0.0932  0.0411 12.3561
 80 144  0.3046  0.0203 13.6626
112 144  0.0346 -0.0258 15.7406
144 144  0.0000  0.0000 10.3290
176 144  0.0000  0.0259 12.3180
208 144  0.1182 -0.1327 10.7906
240 144  0.0392  0.0511  9.2280
272 144  0.0797 -0.0189 12.4669
 16 176 -0.0171  0.2158  9.1462
 48 176  0.0038  0.0470 21.3751
 80 176  0.0842  0.0253 10.9578
112 176  0.0635 -0.0216 18.9480
144 176  0.1692 -0.0159 11.5399
176 176 -0.0266  0.0000 12.1103
208 176 -0.2562  0.2108 10.6509
240 176  0.0000 -0.0785 14.7833
272 176  0.0000  0.0000 34.2092
 16 208 -0.0346 -0.1718 12.2483
 48 208 -0.0392 -0.0792 10.0020
 80 208 -0.0053  0.0111 19.7212
112 208 -0.0838  0.0404 24.9249
144 208 -0.0239  0.0283  8.2290
176 208 -0.0168  0.0154 15.1220
208 208 -0.0158 -0.0553 10.0886
240 208 -0.2702 -0.0866 15.6855
272 208 -0.1290 -0.0167  8.9003
