VARIABLES= "X pix", "Y pix", "U pix/dt", "V pix/dt", "CHC", ZONE I=7, J=9
 16  16  0.0254 -0.0129  9.5950
 48  16  0.0069 -0.0039 11.4280
 80  16 -0.0154  0.0086 12.0009
112  16 -0.0004  0.0015 11.4276
144  16 -0.0011 -0.0002 13.2860
176  16 -0.0042  0.0017 14.5848
208  16  0.0041  0.0006 12.3904
240  16  0.0055  0.0018 23.2119
272  16 -0.0006  0.0039 21.1214
 16  48  0.0012  0.0052  8.9005
 48  48 -0.0198 -0.0086  7.4023
 80  48 -0.0004 -0.0068  7.3433
112  48  0.0113  0.0370  6.9260
144  48 -0.0020 -0.0038  4.9818
176  48 -0.0063 -0.0093 13.4669
208  48 -0.0051  0.0114 13.0880
240  48 -0.0028  0.0534  8.8992
272  48  0.0092 -0.0157 11.6654
 16  80 -0.0486 -0.0903  8.2545
 48  80 -0.0379  0.0435 12.0253
 80  80 -0.1687  0.1764 23.1417
112  80 -0.0319 -0.0232 10.3779
144  80 -0.0064 -0.0028  5.6041
176  80  0.0017  0.0022 11.9897
208  80 -0.0049  0.0006 12.8326
240  80 -0.0305  0.0477  9.0534
272  80  0.0429 -0.0168  8.8963
 16 112 -0.0351 -0.1097 11.2605
 48 112 -0.0253 -0.0365 10.7444
 80 112 -0.0619 -0.1093 10.4609
112 112 -0.0172 -0.0379  9.4515
144 112 -0.0857  0.0440  9.0568
176 112  0.1137  0.0978 14.3988
208 112  0.1060 -0.0200 15.5698
240 112 -0.0406  0.0340 11.1323
272 112  0.1380 -0.1568 10.7845
 16 144  0.0368 -0.0725  9.1619
 48 144  0.0924 -0.1332 12.5223
 80 144  0.1615  0.0874 14.6520
112 144 -0.1149  0.1702 13.4536
144 144  0.0065 -0.3618  9.5699
176 144 -0.0530 -0.0253 11.8367
208 144 -0.1516  0.1279  9.9582
240 144  0.2721 -0.1495  8.5907
272 144  0.0136 -0.0163 12.4275
 16 176  0.0158  0.0021  9.3753
 48 176 -0.0077 -0.0521 20.8216
 80 176 -0.0363  0.0253 10.0841
112 176 -0.0649  0.0664 16.1897
144 176 -0.0866  0.0000 11.0695
176 176  0.0266  0.0556 12.0900
208 176  0.1823 -0.1246 10.4340
240 176 -0.0041 -0.0369 17.1230
272 176 -0.0914  0.0341 31.4882
 16 208  0.0074  0.1234 12.2325
 48 208 -0.0165  0.1354 10.2869
 80 208 -0.0700 -0.1798 11.9972
112 208 -0.3013  0.0000 18.4269
144 208  0.0094 -0.1447  8.0619
176 208 -0.0915  0.0711 15.1178
208 208 -0.1346  0.0769 11.7202
240 208  0.2492  0.0919 15.5831
272 208  0.1048  0.0000 13.2082
