VARIABLES= "X pix", "Y pix", "U pix/dt", "V pix/dt", "CHC", ZONE I=7, J=9
 16  16 -0.0004  0.0006  9.4877
 48  16  0.0065  0.0013 11.2937
 80  16 -0.0016  0.0008 11.7410
112  16  0.0005  0.0006 11.2750
144  16 -0.0079 -0.0034 12.9877
176  16 -0.0083 -0.0006 14.6161
208  16 -0.0059 -0.0058 12.4625
240  16 -0.0062 -0.0008 23.2408
272  16  0.0023 -0.0040 20.3435
 16  48  0.0027  0.0000  9.0250
 48  48  0.0031  0.0400  7.5107
 80  48 -0.0147 -0.0030  7.3805
112  48 -0.0034  0.0026  7.7759
144  48 -0.0053 -0.0013  5.0122
176  48 -0.0004  0.0021 13.4870
208  48  0.0018 -0.0060 13.1912
240  48 -0.0034 -0.0144  8.4380
272  48 -0.0160  0.0094 11.9092
 16  80  0.0000  0.0354 11.0081
 48  80  0.0102 -0.0285 19.0405
 80  80  0.0452 -0.0258 18.0494
112  80  0.0671  0.0407 11.1010
144  80  0.0018  0.0062  5.7064
176  80  0.0003 -0.0006 13.0224
208  80  0.0014  0.0012 14.2811
240  80  0.0098  0.0041  6.2086
272  80 -0.0430 -0.0155  9.0343
 16 112 -0.0185  0.0145 10.7518
 48 112  0.0333 -0.0407 14.2499
 80 112  0.0000  0.0009  9.4650
112 112  0.0085  0.0778 10.2358
144 112  0.0231  0.0000  9.3037
176 112 -0.1057 -0.0076 19.8293
208 112  0.0099  0.1495 18.4965
240 112 -0.0082 -0.1811 14.8948
272 112 -0.1763  0.0183  9.6561
 16 144 -0.1092 -0.0261  8.7537
 48 144 -0.0764 -0.0236 14.3674
 80 144 -0.1756 -0.0321 10.3027
112 144 -0.0526  0.0000 13.7210
144 144  0.1853 -0.1286 13.1541
176 144 -0.0281  0.0756 15.6102
208 144  0.0153  0.0210 11.4946
240 144 -0.0506  0.0366  9.7866
272 144 -0.1075 -0.0348 12.7322
 16 176 -0.1444  0.0000  8.5674
 48 176 -0.0828  0.0170 23.3661
 80 176 -0.0472  0.0000 11.7383
112 176 -0.0731  0.0000 15.1144
144 176  0.0390  0.0000 10.9396
176 176 -0.0589  0.0320 12.1462
208 176 -0.0396 -0.0354 11.2537
240 176 -0.0379  0.0000 25.1768
272 176  0.0339  0.0313 28.8261
 16 208  0.0635 -0.0256 11.7018
 48 208  0.0501 -0.1408 10.2876
 80 208  0.1109 -0.0614 14.2386
112 208  0.0796  0.0000 20.1164
144 208  0.1106  0.0753 11.8919
176 208  0.0020  0.0000 17.4314
208 208 -0.0322  0.0000 11.1525
240 208 -0.0710  0.0526 20.4871
272 208  0.0318  0.0000 17.2083
