VARIABLES= "X pix", "Y pix", "U pix/dt", "V pix/dt", "CHC", ZONE I=7, J=9
 16  16 -0.0062  0.0058  9.2879
 48  16  0.0039 -0.0015 10.9640
 80  16  0.0001 -0.0088 11.2274
112  16 -0.0026  0.0019 10.9477
144  16  0.0048 -0.0049 12.5757
176  16  0.0073  0.0010 14.4357
208  16  0.0012 -0.0095 11.9740
240  16  0.0054 -0.0027 22.9112
272  16  0.0007  0.0006 19.0839
 16  48 -0.0048  0.0026  9.0335
 48  48  0.0020 -0.0249  7.3466
 80  48 -0.0055 -0.0387  6.9141
112  48 -0.0140 -0.0222  8.3529
144  48  0.0111  0.0064  5.0505
176  48  0.0004 -0.0048 13.2946
208  48 -0.0004 -0.0002 13.0223
240  48  0.0174  0.0084  8.5883
272  48 -0.0091 -0.0125 12.5278
 16  80 -0.0405  0.0671  9.3489
 48  80 -0.0652 -0.0806 15.6395
 80  80  0.1266  0.0807 16.3588
112  80 -0.0473  0.0000 11.7426
144  80  0.0072 -0.0056  5.7861
176  80  0.0003  0.0010 14.3276
208  80  0.0010 -0.0003 15.9598
240  80 -0.0059  0.0175  5.8972
272  80  0.0166 -0.0200  8.7774
 16 112  0.1624  0.1141 10.9952
 48 112 -0.0632  0.0435 11.5888
 80 112 -0.1133  0.0645 10.4898
112 112  0.0705  0.1091  9.4869
144 112  0.0410 -0.0656 10.3566
176 112  0.0603 -0.0174  7.4978
208 112 -0.0578  0.0254 22.7085
240 112  0.0678 -0.0388 15.6838
272 112  0.0000  0.0396 10.3105
 16 144  0.0250 -0.0202  8.8116
 48 144  0.0775 -0.1579 14.3973
 80 144 -0.1866  0.1550 15.6292
112 144 -0.1189 -0.0327 33.2372
144 144 -0.0568  0.0329 10.7769
176 144 -0.0406  0.0000 23.1703
208 144  0.0230 -0.0763  9.6324
240 144 -0.0670  0.0264  9.0101
272 144  0.0414  0.0644 10.8401
 16 176 -0.0458  0.0373  7.3505
 48 176  0.0000  0.0151 12.5831
 80 176 -0.1102  0.3992 14.0777
112 176 -0.1027  0.1211 28.3259
144 176  0.0962  0.0086 15.4430
176 176 -0.0236  0.0193 16.2902
208 176  0.0397 -0.0053 10.7911
240 176  0.0000  0.0000 44.4496
272 176  0.0582 -0.1845 17.6951
 16 208 -0.0875  0.0381 13.1666
 48 208  0.1176  0.0331  8.3513
 80 208 -0.4682 -0.1301 12.1952
112 208 -0.0684  0.1115 11.3533
144 208  0.0590  0.1657 12.8624
176 208  0.0547  0.0463 14.6797
208 208  0.1027 -0.0193 13.2147
240 208 -0.0498  0.0438 40.2829
272 208  0.0000  0.0805 14.1534
