VARIABLES= "X pix", "Y pix", "U pix/dt", "V pix/dt", "CHC", ZONE I=7, J=9
 16  16 -0.0284 -0.0608  9.2819
 48  16 -0.0386 -0.0236 11.2105
 80  16 -0.0400 -0.0572 11.5165
112  16 -0.0255 -0.0317 11.1364
144  16 -0.0268 -0.0377 12.9400
176  16  0.0380 -0.2410 14.2098
208  16  0.3459 -0.0588 11.9872
240  16  0.1183 -0.0381 22.9927
272  16 -0.0225 -0.0105 19.5486
 16  48  0.0192  0.0144  8.8571
 48  48 -0.0583 -0.0973  7.1770
 80  48  0.0409 -0.1092  6.8523
112  48 -0.0679  0.0616  8.7648
144  48 -0.0803  0.0084  5.0885
176  48  0.0280  0.2380 13.2067
208  48  0.2929  0.2363 12.9536
240  48  0.2367 -0.0424  7.6680
272  48  0.0242  0.0292 12.4858
 16  80  0.0000  0.0000 12.9040
 48  80 -0.1030 -0.0343 17.6849
 80  80  0.0032 -0.0346 21.2703
112  80 -0.4014 -0.1492  9.6260
144  80 -0.0527  0.0853  5.8991
176  80  0.0277  0.2528 14.9298
208  80  0.0740  0.2226 16.8854
240  80  0.0963  0.0019  5.2424
272  80  0.0483  0.0045  8.8535
 16 112 -0.0784  0.0133 11.2059
 48 112 -0.0944 -0.1524 11.4770
 80 112  0.0460 -0.0536 12.4375
112 112  0.0176  0.0861  9.0864
144 112 -0.1153  0.0495 11.0820
176 112  0.4591  0.0625  6.8661
208 112  0.0401  2.5283 16.8739
240 112  0.0551  1.1585 17.6411
272 112  0.0243  0.1753  7.5104
 16 144 -0.0424 -0.0057 10.2815
 48 144  0.0246  0.0520 13.7050
 80 144  0.0285  0.3787 10.7109
112 144 -0.2080  0.0000 15.1463
144 144 -0.0133  0.0451  9.2698
176 144 -0.0311  0.4746 18.9401
208 144  0.0484  0.4537  7.3944
240 144 -0.2451 -0.0485  8.3837
272 144  0.1192 -0.0416 11.2654
 16 176 -0.1422  0.1117  8.6071
 48 176 -0.2688  0.2376 11.2785
 80 176 -0.1087  2.8629 11.3161
112 176  0.0000  0.0000 18.6971
144 176  0.0705 -0.0386 10.7807
176 176 -0.1104  1.6109 13.1731
208 176  0.8526 -0.0825  8.3653
240 176  0.0629  0.0000 20.5213
272 176  0.1684  0.1992 13.1986
 16 208 -0.0069  0.2536 11.5445
 48 208  0.1203  0.4237  8.5043
 80 208 -2.1511  3.6041 10.7580
112 208  0.0000  0.0000 12.0476
144 208  0.2123 -0.0695 11.6677
176 208  0.0620 -0.1104 17.0074
208 208  0.0000  0.0000  7.2601
240 208  0.1926  0.0094 32.3967
272 208 -0.1419  0.0613 11.4188
