VARIABLES= "X pix", "Y pix", "U pix/dt", "V pix/dt", "CHC", ZONE I=7, J=9
 16  16  0.0129  0.0114  9.5576
 48  16  0.0022 -0.0007 11.4454
 80  16 -0.0042 -0.0005 11.7011
112  16 -0.0023 -0.0041 11.4604
144  16 -0.0020 -0.0013 12.9005
176  16 -0.0008 -0.0019 14.4377
208  16  0.0017  0.0073 13.1443
240  16 -0.0022 -0.0042 22.7652
272  16  0.0003 -0.0002 19.6689
 16  48 -0.0064 -0.0041  9.1148
 48  48  0.0314  0.0051  7.1890
 80  48  0.0688 -0.0354  7.0228
112  48 -0.0403 -0.0747  7.6210
144  48  0.0042  0.0072  5.1758
176  48 -0.0075  0.0000 13.5541
208  48 -0.0035  0.0000 13.3529
240  48 -0.0040 -0.0100  6.8897
272  48  0.0258 -0.0101 12.4183
 16  80  0.1939  0.0183  7.8441
 48  80 -0.1685  0.1877 26.8498
 80  80 -0.0657  0.0197 24.8405
112  80  0.0218  0.0409 12.4641
144  80 -0.0015  0.0001  6.2432
176  80 -0.0177  0.0000 18.2754
208  80  0.0178  0.0000 20.5150
240  80  0.0007  0.0063  5.2525
272  80  0.0040  0.0011 11.5946
 16 112  0.1026  0.0962 12.2474
 48 112  0.1094  0.0710  9.8525
 80 112 -0.0045  0.0679 13.0613
112 112 -0.0455  0.0111 13.5231
144 112  0.0462 -0.0144 10.0205
176 112 -0.0744  0.0551  8.2685
208 112 -0.0064  0.0345 10.3533
240 112 -0.3543  0.1837 13.3117
272 112 -0.1138 -0.1138  7.9867
 16 144  0.0130  0.0508 17.4562
 48 144 -0.0546 -0.0386 11.0154
 80 144 -0.0907  0.0481 10.3885
112 144  0.4305 -0.2080 14.3864
144 144  0.0959  0.0000 11.2465
176 144 -0.1093 -0.0490 15.5435
208 144  0.0273  0.0399 13.7793
240 144 -0.0810  0.0110  8.7418
272 144 -0.0471  0.0487 12.6965
 16 176 -0.0444 -0.0087 10.9833
 48 176  0.1560 -0.0206  8.9016
 80 176 -0.1975  0.0123 37.5780
112 176 -0.1392 -0.0480  9.2990
144 176 -0.1125  0.0283 10.4595
176 176 -0.0952  0.0257  9.1687
208 176  0.0681  0.0337 11.6021
240 176  0.0000  0.2892 10.6403
272 176 -0.1973 -0.0303 11.6269
 16 208 -0.0302  0.0000 15.1079
 48 208  0.0397  0.0665  8.9366
 80 208 -0.1509  0.0638  7.5839
112 208 -0.0772  0.3095 13.4737
144 208  0.0421  0.0000 34.2544
176 208  0.0741  0.0242 12.7793
208 208  0.2585 -0.0084 11.1221
240 208  0.0801  0.0203 21.6916
272 208  0.0601  0.0000 16.0627
