VARIABLES= "X pix", "Y pix", "U pix/dt", "V pix/dt", "CHC", ZONE I=7, J=9
 16  16  0.0019 -0.0017  9.2257
 48  16 -0.0020  0.0020 10.1701
 80  16 -0.0141  0.0037 10.9038
112  16  0.0037 -0.0015 10.8574
144  16  0.0016  0.0012 12.3401
176  16 -0.0008  0.0025 14.1061
208  16  0.0000 -0.0048 13.0411
240  16  0.0028  0.0073 23.1448
272  16 -0.0019  0.0027 19.3729
 16  48  0.0171  0.0157  9.1431
 48  48 -0.0046  0.0177  7.2644
 80  48 -0.0816 -0.0485  7.0604
112  48 -0.0896  0.0185  7.9126
144  48 -0.0095  0.0041  5.1794
176  48  0.0003  0.0028 13.3513
208  48  0.0129  0.0015 13.6833
240  48  0.0001  0.0027  6.8244
272  48  0.0050 -0.0038 11.8553
 16  80  0.0000 -0.0363 13.7161
 48  80  0.0239 -0.0011 29.8633
 80  80  0.1071  0.2252 23.7656
112  80 -0.0668  0.0345 12.4674
144  80  0.0056  0.0001  6.3797
176  80  0.0017  0.0002 18.6518
208  80 -0.0013  0.0000 20.4499
240  80  0.0020 -0.0003  5.3741
272  80  0.0391  0.0202 11.1217
 16 112  0.1782  0.2085 13.3923
 48 112  0.0009 -0.0133 10.6794
 80 112  0.0374  0.0839 14.7885
112 112 -0.0288 -0.0178 12.7128
144 112 -0.1827  0.0312  8.1770
176 112 -0.0457  0.0212  6.5074
208 112 -0.0115 -0.0248  7.2566
240 112 -0.0243 -0.0118 10.0161
272 112 -0.0361  0.1382  6.9882
 16 144  0.0127 -0.0296 15.1441
 48 144  0.0129  0.0580  7.0743
 80 144  0.1010  0.0516 14.5016
112 144  0.0386  0.1637 18.0071
144 144 -0.0379  0.0103  9.2342
176 144 -0.0774 -0.0625 12.5892
208 144 -0.0310  0.0018 14.4113
240 144  0.0746  0.0994  8.9432
272 144  0.0341 -0.0696 11.8823
 16 176  0.1809  0.1495  9.8184
 48 176 -0.2461 -0.0893  9.6788
 80 176  0.0000  0.0000 40.5545
112 176  0.0000  0.0000  9.2721
144 176  0.0000  0.0000 14.7462
176 176  0.0266 -0.0300  8.8673
208 176 -0.0045 -0.0016 13.9769
240 176 -0.0680 -0.0689 30.0885
272 176  0.1031 -0.0372 11.2000
 16 208 -0.0714  0.0520 12.2755
 48 208 -0.0212 -0.0137 11.9109
 80 208  0.0000 -0.0778  8.7742
112 208  0.0000  0.0252 18.0527
144 208  0.0000  0.0000 21.9157
176 208  0.0000  0.0600 12.4563
208 208  0.0373  0.0378  7.7429
240 208  0.0000  0.0000 14.2114
272 208  0.0000  0.0000 14.9673
