VARIABLES= "X pix", "Y pix", "U pix/dt", "V pix/dt", "CHC", ZONE I=7, J=9
 16  16  0.0052 -0.0102  9.1783
 48  16 -0.0127 -0.0067  9.6071
 80  16 -0.0084  0.0015 10.4241
112  16  0.0051  0.0034 10.3007
144  16 -0.0017 -0.0001 11.8571
176  16 -0.0069 -0.0018 14.0762
208  16 -0.0056  0.0097 13.2162
240  16 -0.0025 -0.0004 21.9844
272  16  0.0038  0.0005 17.4523
 16  48 -0.0135  0.0053  9.3676
 48  48 -0.0002  0.0118  7.3604
 80  48 -0.0031  0.0232  7.0184
112  48  0.0280  0.0237  7.6415
144  48 -0.0002  0.0087  5.1916
176  48  0.0060 -0.0047 13.2385
208  48 -0.0023  0.0028 13.9664
240  48  0.0064  0.0074  6.7358
272  48 -0.0151  0.0061 12.0074
 16  80  0.0379 -0.0128 26.6403
 48  80  0.0914  0.0169 22.0111
 80  80  0.0579 -0.0283 16.8890
112  80 -0.1517 -0.0540 12.8396
144  80 -0.0024 -0.0009  6.4238
176  80  0.0022  0.0007 19.5592
208  80 -0.0033  0.0005 20.2043
240  80 -0.0033  0.0034  5.6012
272  80 -0.0589 -0.0170 12.0449
 16 112  0.0562  0.1198 13.1095
 48 112  0.0443  0.0374  9.5161
 80 112 -0.0192 -0.0058 14.7209
112 112  0.0025  0.0372 11.2885
144 112 -0.0169  0.0028  5.5872
176 112  0.0117  0.0254  5.1216
208 112  0.0010  0.0216  5.1373
240 112  0.0069  0.0035  8.6494
272 112  0.0900  0.0690  6.3920
 16 144 -0.0900 -0.0263 15.0348
 48 144  0.0765  0.0761  8.1923
 80 144 -0.0117  0.1743 15.6799
112 144 -0.0089  0.0530 15.2135
144 144 -0.2200  0.1419  9.3609
176 144 -0.0111 -0.0359 21.7343
208 144  0.0597 -0.1125 11.5682
240 144 -0.0799 -0.1220 11.7833
272 144 -0.1052 -0.1110 10.2516
 16 176  0.0518 -0.0313  9.9008
 48 176  0.0486  0.2187 14.5244
 80 176 -0.0642  0.0289 19.7088
112 176 -0.0463  0.0000  8.0949
144 176  0.0471  0.0118  6.4179
176 176 -0.0447  0.0439 20.5890
208 176  0.0818 -0.0193  9.1157
240 176 -0.0379  0.0417 20.8660
272 176  0.2008  0.0722 11.0352
 16 208  0.0000  0.0106 14.4051
 48 208  0.0000  0.0000 10.7117
 80 208  0.1228 -0.0256 11.5940
112 208  0.0000  0.0000 12.3375
144 208 -0.1134  0.0524 10.2355
176 208  0.0000  0.0000 18.6689
208 208 -0.2045 -0.0909 10.1840
240 208 -0.1130  0.0911 24.9756
272 208  0.0456  0.1071 22.8827
