VARIABLES= "X pix", "Y pix", "U pix/dt", "V pix/dt", "CHC", ZONE I=7, J=9
 16  16  0.0033  0.0126  9.3870
 48  16  0.0026  0.0048 10.4299
 80  16  0.0068  0.0001 10.9997
112  16  0.0057  0.0032 10.9048
144  16  0.0040  0.0046 12.3826
176  16  0.0076 -0.0168 13.6435
208  16 -0.0060  0.0054 14.3009
240  16  0.0010  0.0037 21.7461
272  16  0.0002  0.0003 17.6366
 16  48  0.0049 -0.0310  9.2178
 48  48 -0.0194 -0.0208  7.2521
 80  48  0.0242  0.0330  6.9777
112  48  0.0562  0.0107  7.9357
144  48  0.0190  0.0036  5.3525
176  48 -0.0034 -0.0042 13.1651
208  48 -0.0007  0.0048 14.4310
240  48  0.0034  0.0056  6.8760
272  48 -0.0397 -0.0016 12.3315
 16  80  0.0166 -0.0517 13.1448
 48  80 -0.0618  0.0254 18.5119
 80  80 -0.0687  0.0365 17.4123
112  80  0.0679  0.0535 12.6371
144  80  0.0017 -0.0002  6.5764
176  80  0.0013 -0.0004 18.0488
208  80  0.0009 -0.0015 20.8038
240  80  0.0056 -0.0043  5.9977
272  80  0.0613 -0.0112 13.5613
 16 112 -0.0974 -0.0238 14.0031
 48 112  0.0742 -0.0988 10.7990
 80 112 -0.0326  0.0783 12.3952
112 112 -0.0071 -0.0332  8.9028
144 112 -0.0067 -0.0059  5.0166
176 112  0.0175  0.0026  4.8505
208 112  0.0003  0.0118  4.7366
240 112 -0.0414 -0.0090  5.6631
272 112  0.0682  0.0445  5.5848
 16 144  0.0609  0.0246 13.9311
 48 144  0.0353  0.0512 12.0595
 80 144  0.0474 -0.1225 10.6662
112 144  0.0820  0.2041 16.1529
144 144  0.0336  0.0000 11.6073
176 144 -0.0095  0.0130 17.1825
208 144  0.0057  0.0231 11.0893
240 144  0.1401  0.0085 14.1948
272 144  0.1430 -0.0359 11.3512
 16 176  0.0932  0.0022  8.4770
 48 176 -0.0068 -0.1593 11.4500
 80 176  0.0142 -0.1398 10.5872
112 176  0.1103  0.1463 13.1860
144 176  0.0376  0.0199  6.2401
176 176  0.0793 -0.0172 17.1902
208 176  0.0199 -0.0143 10.7450
240 176 -0.1249  0.0578 14.0578
272 176 -0.1212  0.0000  9.8892
 16 208 -0.1036 -0.1270 12.1139
 48 208  0.0742  0.2542 18.6682
 80 208 -0.0709  0.1367 14.6810
112 208 -0.0886 -0.0070 23.7365
144 208  0.0898  0.2635  7.9551
176 208 -0.0122  0.0000 16.8799
208 208 -0.0528  0.1238 10.1542
240 208 -0.1693  0.1043 21.0380
272 208 -0.0431  0.0000 46.2302
