VARIABLES= "X pix", "Y pix", "U pix/dt", "V pix/dt", "CHC", ZONE I=7, J=9
 16  16 -0.0270  0.0059  9.3690
 48  16  0.0204  0.0096 10.5168
 80  16  0.0035  0.0069 11.2872
112  16  0.0025  0.0006 11.2201
144  16 -0.0072 -0.0023 12.4735
176  16  0.0983 -0.0819 13.4707
208  16  0.2804  0.0401 14.2227
240  16  0.1847 -0.0001 21.7065
272  16 -0.0053  0.0013 17.8372
 16  48 -0.0115 -0.0204  9.0608
 48  48 -0.0099 -0.0144  7.2564
 80  48 -0.0250 -0.0274  6.9635
112  48  0.0117 -0.0071  9.0543
144  48 -0.0456  0.0326  5.3611
176  48  0.1067  0.3934 13.0033
208  48  0.6532  0.3251 14.2800
240  48  0.2404 -0.0028  7.0747
272  48  0.0215 -0.0009 12.4800
 16  80 -0.0263  0.0474 18.7147
 48  80 -0.0284 -0.0101 23.2499
 80  80 -0.0694  0.0226 16.9072
112  80 -0.4482  0.0320 12.8629
144  80 -0.0145  0.1150  6.5044
176  80  0.1781  0.6158 15.4720
208  80  0.3218  0.3213 17.8334
240  80  0.2174  0.0345  6.3226
272  80  0.0351  0.1289 12.2273
 16 112 -0.0512  0.4316 14.8475
 48 112 -0.0129  0.0831  9.9883
 80 112 -0.0333 -0.0202 11.2439
112 112  0.2216 -0.0537  8.8669
144 112 -0.0442  0.1035  4.8847
176 112  0.0069  0.1491  5.0059
208 112  0.0036  0.1697  4.8826
240 112 -0.0247  0.0741  4.8804
272 112 -0.3963  0.3515 10.3360
 16 144 -0.0298  0.0776 11.3690
 48 144 -0.1007  0.1219  8.8681
 80 144 -0.0699  0.3249 13.6171
112 144 -0.0292  0.1401 19.0151
144 144 -0.0960 -0.0306 11.3889
176 144  0.0182  0.0429 11.5948
208 144 -0.0162  0.1061 12.5201
240 144 -0.0202  0.1437 10.9559
272 144 -0.3053  0.0107  9.9723
 16 176 -0.2690  1.9581  7.9821
 48 176 -0.0971  0.0463 10.7251
 80 176  0.1091  0.1818 16.2117
112 176 -0.4464 -4.0000  8.7352
144 176 -0.0943 -0.0933  7.5261
176 176  0.0614 -0.0116 14.9261
208 176  0.2169  0.4151  8.8840
240 176  0.0445  0.1549 14.2595
272 176 -0.7672  0.0658  7.4653
 16 208  0.0320  0.0427 11.8606
 48 208 -0.1894  0.0000 13.5591
 80 208 -0.0277  0.0000 10.1587
112 208  0.0359  0.0000 20.6215
144 208 -0.0450 -0.4240  7.2677
176 208 -0.3078  0.8178 18.9971
208 208  0.0532 -0.1307  6.7374
240 208 -0.2450  0.0509 26.3513
272 208 -0.1819 -4.5000  7.2052
