VARIABLES= "X pix", "Y pix", "U pix/dt", "V pix/dt", "CHC", ZONE I=7, J=9
 16  16 -0.0031  0.0978  9.1306
 48  16  0.0335  0.0667 10.0714
 80  16 -0.0397  0.0679 10.8308
112  16  0.0013  0.0711 10.8892
144  16  0.0119  0.0593 12.3411
176  16  0.0561  0.1973 13.2247
208  16  0.1151  0.0891 14.7592
240  16  0.1680  0.0374 21.2241
272  16  0.0079  0.0345 17.7542
 16  48  0.0395  0.0899  9.2570
 48  48  0.0030  0.1088  7.3501
 80  48 -0.0618  0.0648  7.0192
112  48  0.0192  0.0376  8.0221
144  48 -0.0401  0.0916  5.3745
176  48  0.0359  0.4727 12.7254
208  48  0.4741  0.3577 14.5359
240  48  0.2358  0.0343  7.2897
272  48 -0.0127  0.0379 12.2777
 16  80  0.0521  0.2441 11.1604
 48  80  0.0607  0.1153 31.9857
 80  80  0.0687  0.0084 17.0614
112  80 -0.1364  0.1330 14.0159
144  80 -0.0210  0.1490  6.4390
176  80  0.0856  0.7966 14.5492
208  80  0.2219  0.3399 16.4635
240  80  0.2077  0.0685  6.6350
272  80  0.0230  0.0294 11.8221
 16 112 -0.0509  0.1114 14.0883
 48 112 -0.0930  0.0972  9.7399
 80 112  0.0023  0.0391 11.9085
112 112  0.0025  0.0596  7.1335
144 112 -0.0166  0.0859  4.9217
176 112 -0.0055  0.1593  5.1624
208 112 -0.0014  0.2062  5.0193
240 112  0.0772  0.0511  4.6929
272 112  2.8226  0.3825  9.9198
 16 144  0.0399  0.1058 11.4320
 48 144 -0.0685  0.2413  9.0364
 80 144 -0.2124  0.3415 13.2226
112 144 -0.2717  3.0390 17.9749
144 144 -0.2960  0.2124 12.0080
176 144  0.2362  0.0081  8.5232
208 144  0.0860  0.2456 11.2051
240 144  1.7266  0.1262  8.1091
272 144 -0.0650  0.1380 12.5508
 16 176 -0.5003  0.4886  6.9762
 48 176 -0.0870  0.3509 10.3146
 80 176  0.0239  0.3601 19.0504
112 176  0.0000  0.0000 17.2725
144 176 -0.0825  0.2129  7.2437
176 176 -0.0747  0.1097 16.9653
208 176  0.2124  0.2408  8.5655
240 176  0.0404  0.2376  8.0093
272 176  0.0589 -0.0857  8.6976
 16 208 -0.1174  0.0269 10.1639
 48 208 -0.3958  0.0060 11.2411
 80 208  0.0000  0.1362 14.8447
112 208 -0.0694 -0.2010  7.8792
144 208 -0.1706  1.9543  7.5497
176 208  0.1664  0.0707 17.5215
208 208 -0.3942  0.3416  7.2453
240 208  0.0000  0.0000 10.7269
272 208  0.0000  0.0000 10.0389
