VARIABLES= "X pix", "Y pix", "U pix/dt", "V pix/dt", "CHC", ZONE I=7, J=9
 16  16 -0.0084  0.0179  9.2106
 48  16  0.0058 -0.0060  9.9144
 80  16 -0.0127 -0.0151 10.4875
112  16 -0.0392 -0.0039 10.7835
144  16 -0.0435 -0.0051 12.1149
176  16 -0.0766 -0.1217 13.4480
208  16  0.1158 -0.0379 14.8025
240  16  0.1661  0.0005 21.0322
272  16 -0.0084 -0.0106 17.6554
 16  48  0.0208  0.0240  9.3381
 48  48  0.0096  0.0096  7.3312
 80  48  0.0132  0.0131  6.8506
112  48 -0.1436  0.0326  7.3937
144  48 -0.1075  0.0338  5.4111
176  48 -0.0226  0.2407 13.0843
208  48  0.3855  0.1661 15.4183
240  48  0.2425  0.0256  7.5473
272  48  0.0015  0.0096 12.5655
 16  80  0.0496  1.8325 10.5267
 48  80  0.1243  0.0118 15.6047
 80  80  0.1425 -0.2122 14.7452
112  80  0.2786  0.3956 13.7529
144  80 -0.0738  0.0934  6.4360
176  80  0.0643  0.4526 13.7997
208  80  0.1792  0.1902 16.6197
240  80  0.1937  0.0597  6.9889
272  80  0.1962 -0.2060  8.3923
 16 112 -0.1946  0.1116 13.6905
 48 112  0.1477  0.3051 10.2842
 80 112  0.0480 -0.1821 11.6593
112 112 -0.0703  0.0570  7.6109
144 112 -0.0336  0.1068  5.0166
176 112 -0.0001  0.1389  5.3669
208 112  0.0012  0.1544  5.2242
240 112  0.0098  0.0872  4.6856
272 112 -0.0203  0.0000  7.0524
 16 144 -0.1052  0.2338 13.4965
 48 144 -0.0073  0.0212 10.1788
 80 144 -4.8133  4.0820 15.1544
112 144 -2.6648  2.3217 18.5739
144 144 -1.7050 -0.5000 11.8748
176 144  3.1256  0.2197  7.9485
208 144 -0.0045  0.0823 11.8327
240 144  0.1215 -0.1267  6.2630
272 144 -2.4504 -0.0430 11.5491
 16 176 -0.2875  0.2352  7.1343
 48 176 -0.0321  2.0000 11.0076
 80 176 -0.1053  0.2147 13.8954
112 176  1.5301  0.0000  7.1438
144 176 -0.1472  0.3308  8.7099
176 176  0.4636  0.0767 11.7144
208 176 -0.3420  0.0095 12.0730
240 176  0.1090  1.5000  7.4473
272 176 -1.7995  1.9544  9.3661
 16 208  0.0099  0.0679  9.1261
 48 208  0.3942 -0.0642 10.7443
 80 208  0.1289  0.3256  7.9259
112 208  0.4473  0.0000  0.0000
144 208 -0.1358  0.2347  8.3463
176 208 -0.7470 -5.5000 16.5213
208 208  0.3262  0.0259  6.7664
240 208  3.6456  2.6228 12.1806
272 208  4.6646  0.2491  9.6770
