VARIABLES= "X pix", "Y pix", "U pix/dt", "V pix/dt", "CHC", ZONE I=7, J=9
 16  16  0.0042  0.0030  9.2078
 48  16 -0.0089  0.0051  9.8231
 80  16  0.0034 -0.0068 10.4742
112  16  0.0026 -0.0031 10.8822
144  16  0.0096 -0.0058 12.3477
176  16  0.2276 -0.0600 13.1362
208  16  0.3926 -0.0244 15.2001
240  16  0.2858  0.0014 20.4782
272  16  0.0278 -0.0054 17.7938
 16  48 -0.0128  0.0219  9.1838
 48  48  0.0179 -0.0060  7.2734
 80  48  0.0004  0.0062  7.0674
112  48 -0.0317 -0.0889  7.4833
144  48  0.0038  0.0405  5.4777
176  48  0.1636  0.2112 12.7379
208  48  0.9529  0.1574 15.6192
240  48  0.3007  0.0330  8.4047
272  48 -0.0268  0.0228 12.2572
 16  80 -0.1924 -0.0498  8.5232
 48  80 -0.1935  0.0746 18.1673
 80  80  0.4422  0.2858 18.0795
112  80 -0.0081 -0.0011 16.0166
144  80  0.0160  0.1374  6.3547
176  80  0.1574  0.5225 13.0205
208  80  0.2784  0.1973 15.4838
240  80  0.2698  0.1113  7.8798
272  80 -0.0122 -0.0754  8.3804
 16 112 -0.1123 -0.0577 18.4476
 48 112 -0.1571 -0.1081 11.3720
 80 112  0.0000  0.0276 13.2052
112 112  0.0067  0.1358  9.6888
144 112 -0.0269  0.1319  5.2422
176 112  0.0026  0.1595  5.8026
208 112  0.0023  0.2228  5.6517
240 112  0.0234  0.0884  4.8015
272 112  0.4780  0.2520  8.7157
 16 144  0.1205  0.1536 12.7429
 48 144 -0.0885  0.3016 12.1629
 80 144 -0.2498  1.1256  8.0938
112 144 -0.2380  0.2218 16.9318
144 144  0.0986  3.5000 11.6111
176 144  0.2052  0.0952  8.0275
208 144  0.0153  0.0250 12.4061
240 144 -0.2279  0.3364  6.3742
272 144  0.0392  0.2325 13.9367
 16 176 -0.2374  0.3022  6.3466
 48 176 -0.0561  0.0463 11.0871
 80 176  0.0498  0.1745 11.8783
112 176  0.2559  5.1168  8.2505
144 176 -0.3238  0.1151 10.9763
176 176 -0.1030  0.0067 10.1068
208 176 -0.2278  0.2420 13.3453
240 176 -0.1004 -0.0971 16.2203
272 176  0.1937  0.1690 10.0835
 16 208 -0.0575  2.9632  9.9090
 48 208  0.2589  1.3386 12.9719
 80 208  0.0000  0.0000  7.5231
112 208  0.0000  0.0000 17.3285
144 208  0.0000  0.0000  9.5491
176 208  0.3182  0.0914 15.3089
208 208  3.2440  1.6811  9.9451
240 208  0.0000  0.0000  9.4296
272 208  0.2028  0.0176  7.6699
