VARIABLES= "X pix", "Y pix", "U pix/dt", "V pix/dt", "CHC", ZONE I=7, J=9
 16  16  0.0023 -0.0034  9.2789
 48  16  0.0110  0.0014 10.6295
 80  16 -0.0132 -0.0014 11.2327
112  16  0.0014  0.0011 11.3829
144  16  0.0017 -0.0016 12.6534
176  16 -0.0040 -0.0017 13.8462
208  16 -0.0024 -0.0057 15.6391
240  16 -0.0153  0.0003 21.0858
272  16  0.0048 -0.0004 18.3506
 16  48  0.0071  0.0053  9.3612
 48  48 -0.0069 -0.0334  7.1707
 80  48  0.0432 -0.0288  7.3438
112  48  0.0345  0.0138  9.7101
144  48 -0.0059 -0.0021  5.4705
176  48  0.0002 -0.0018 12.9641
208  48  0.0079  0.0037 16.4196
240  48  0.0121  0.0079  9.4930
272  48 -0.0279  0.0293 12.5730
 16  80  0.0028  0.0100  8.5555
 48  80 -0.0331 -0.0915 17.8851
 80  80  0.2550  0.0095 20.1315
112  80  0.4516  0.0724 18.3647
144  80 -0.0016  0.0011  6.3036
176  80 -0.0019 -0.0006 13.2969
208  80  0.0047 -0.0018 15.1378
240  80  0.0009 -0.0001  9.0281
272  80  0.0334  0.0085  8.2406
 16 112  0.0332  0.1007 16.7924
 48 112  0.0120 -0.1094 11.4054
 80 112 -0.0470 -0.0708 10.6553
112 112 -0.0112  0.0721  9.8613
144 112 -0.0068 -0.0006  5.4860
176 112 -0.0005  0.0013  6.2287
208 112 -0.0008 -0.0025  6.0926
240 112  0.0026  0.0009  4.9785
272 112  0.0290 -0.0155 11.0669
 16 144 -0.0394 -0.0028 15.0213
 48 144  0.0028 -0.0248 10.7800
 80 144  0.0415  0.0284 20.1619
112 144 -0.0243  0.0872 14.4576
144 144  0.2272  0.0455 14.0147
176 144  0.1385 -0.0913  8.0126
208 144 -0.1307 -0.0119 13.6140
240 144 -0.0766 -0.0244  6.2875
272 144  0.1781 -0.1080 16.6213
 16 176 -0.0041 -0.0316  8.9499
 48 176  0.0311  0.0719 14.3902
 80 176  0.0745  0.0174 32.8943
112 176  0.0000  0.0000 73.6147
144 176  0.4483 -0.1408 11.2710
176 176  0.0080  0.1275 10.7497
208 176  0.0237  0.0683 12.3279
240 176  0.0324 -0.0394 15.2258
272 176 -0.0762 -0.0349  7.0565
 16 208  0.0030  0.2323 10.0704
 48 208  0.1577  0.1142 11.6730
 80 208  0.8088 -0.0194 27.9017
112 208  0.1661 -0.1936  7.0193
144 208  0.0291  0.1599  9.0714
176 208  0.0000 -0.4373 17.2581
208 208 -0.0143  0.0000 11.8124
240 208  0.0833 -0.2000  9.6236
272 208 -0.0536 -0.0299 12.9714
