VARIABLES= "X pix", "Y pix", "U pix/dt", "V pix/dt", "CHC", ZONE I=7, J=9
 16  16 -0.0021  0.0005  9.2818
 48  16  0.0036 -0.0020 10.7151
 80  16  0.0044 -0.0010 11.1314
112  16 -0.0008 -0.0016 11.4002
144  16 -0.0034  0.0082 12.8165
176  16 -0.0008  0.0025 13.8793
208  16  0.0086  0.0066 15.6170
240  16  0.0132  0.0005 21.1750
272  16  0.0045  0.0024 18.4320
 16  48  0.0013 -0.0195  9.3537
 48  48  0.0162  0.0032  7.2265
 80  48  0.0187  0.0160  7.3004
112  48 -0.0065  0.0005 10.2413
144  48  0.0058  0.0003  5.4723
176  48  0.0027  0.0058 12.9770
208  48 -0.0060  0.0017 16.4119
240  48  0.0002 -0.0005  9.5204
272  48 -0.0027  0.0003 12.5780
 16  80  0.0000  0.0000  8.7503
 48  80  0.0291  0.0571 16.4642
 80  80 -0.1747 -0.0456 21.2132
112  80  0.0529  0.0846 19.1533
144  80 -0.0006  0.0021  6.3048
176  80 -0.0029  0.0017 13.2848
208  80 -0.0028  0.0000 15.1383
240  80  0.0005  0.0015  9.0251
272  80  0.0000  0.0000  8.8353
 16 112 -0.0737 -0.0959 15.9530
 48 112 -0.0163 -0.0202 11.7370
 80 112 -0.0026 -0.0477 10.4111
112 112  0.3253  0.0467  9.6116
144 112  0.0045  0.0004  5.4852
176 112 -0.0000  0.0000  6.2303
208 112  0.0011  0.0002  6.0928
240 112  0.0031  0.0024  4.9866
272 112  0.0507  0.1001 10.6654
 16 144  0.0077 -0.0096 15.1780
 48 144  0.0199  0.0223 10.0915
 80 144  0.0000  0.0000 20.5753
112 144  0.0251  0.0113 15.6300
144 144 -0.1531 -0.1183 14.7515
176 144 -0.0991  0.2162  7.7102
208 144  0.0626 -0.0180 13.9367
240 144  0.0276 -0.0540  6.4974
272 144 -0.0280  0.0320 16.8151
 16 176  0.0000  0.0000  9.0226
 48 176  0.0169  0.0067 14.6384
 80 176  0.0394  0.0241 30.3768
112 176  0.0000  0.0000 73.6147
144 176 -0.1417  0.1280 12.4620
176 176 -0.0193 -0.0295 11.5600
208 176 -0.0170  0.0233 13.0400
240 176  0.0197 -0.0664 16.0760
272 176  0.0135 -0.0179  7.8189
 16 208  0.0056 -0.0444 10.0581
 48 208 -0.0123  0.0156 11.9266
 80 208  0.0000  0.0000 31.9833
112 208  0.0000  0.0000  8.0373
144 208 -0.0092 -0.1494  9.2981
176 208  0.0367  0.1957 17.5817
208 208 -0.0469  0.0115 11.6459
240 208 -0.2745  0.0465  8.6822
272 208 -0.0499  0.0621 13.6170
