VARIABLES= "X pix", "Y pix", "U pix/dt", "V pix/dt", "CHC", ZONE I=7, J=9
 16  16 -0.0140 -0.0409  9.6227
 48  16 -0.0100 -0.0276 11.4062
 80  16 -0.0205 -0.0156 12.0634
112  16 -0.0093 -0.0335 12.2607
144  16 -0.0207 -0.0127 13.2862
176  16  0.0868 -0.1405 13.3374
208  16  0.2363 -0.0566 16.2642
240  16  0.1969 -0.0279 21.7317
272  16 -0.0084 -0.0116 19.3225
 16  48 -0.0032 -0.0743  9.0587
 48  48 -0.1223 -0.1568  7.0150
 80  48 -0.0157  0.0139  7.3037
112  48  0.0522  0.0337  7.1199
144  48 -0.0062  0.0043  5.5050
176  48  0.0594  0.0757 12.9718
208  48  0.2876  0.0299 16.6213
240  48  0.1767  0.0240 10.3099
272  48 -0.0032  0.0671 12.3895
 16  80 -0.0149  0.0527  7.4483
 48  80  0.0295  0.0841 15.6270
 80  80 -0.9159 -0.3116 16.7459
112  80 -0.6852 -0.1950  9.8593
144  80 -0.0117  0.0478  6.3182
176  80  0.0702  0.1900 12.7826
208  80  0.1307  0.0995 14.1680
240  80  0.1153  0.0733  9.6391
272  80 -0.1351  0.1089  7.3652
 16 112 -0.0097 -0.0047 13.3777
 48 112 -0.3109 -0.0736 10.1738
 80 112  0.0339  0.1606  9.4895
112 112  0.0245 -0.0972  9.2956
144 112 -0.0228  0.0755  5.6949
176 112 -0.0044  0.1177  6.5885
208 112  0.0094  0.1025  6.4272
240 112  0.0236  0.0508  5.1782
272 112  0.1325  0.2532  7.9153
 16 144 -0.0677 -0.0655 13.9359
 48 144  0.0055  0.0283 11.9282
 80 144 -0.9734  0.1347 33.8434
112 144  0.0725  0.3362 21.7229
144 144  0.0650  0.0746 16.0787
176 144 -0.2005  0.3254  7.4913
208 144 -0.0913 -0.1289 13.0350
240 144  0.0987 -0.0447  6.5112
272 144 -0.0141  0.3722 12.3253
 16 176 -0.0122  1.1002  8.2103
 48 176 -0.2697 -0.2153 12.3258
 80 176 -0.0559  0.2006 36.4625
112 176 -0.4346 -0.0226 26.6664
144 176  0.3244  2.3574 11.2995
176 176 -0.0693  0.2686 10.5878
208 176 -0.0934  0.4057 12.3376
240 176 -0.1222  0.1082 14.1771
272 176 -0.1311  0.0462  7.2605
 16 208  0.0189  0.0562 10.7790
 48 208  0.1976  0.1692 17.3597
 80 208 -0.1279     NaN 26.3372
112 208 -0.0595 -0.5000  7.4291
144 208 -0.2241 -0.1385  7.5275
176 208  0.2402 -0.5000 13.9517
208 208 -0.0642  0.0222  6.8961
240 208 -0.1321  0.2052  8.7114
272 208 -0.1026  0.2425 12.2625
