VARIABLES= "X pix", "Y pix", "U pix/dt", "V pix/dt", "CHC", ZONE I=7, J=9
 16  16  0.0072  0.0067  9.8463
 48  16 -0.0011  0.0029 11.9489
 80  16  0.0065  0.0043 12.4149
112  16 -0.0044  0.0007 12.4911
144  16 -0.0057 -0.0019 13.5837
176  16 -0.0025  0.0005 13.4196
208  16 -0.0056 -0.0055 16.6360
240  16  0.0040 -0.0002 21.8972
272  16  0.0010 -0.0038 19.5071
 16  48 -0.0180 -0.0229  8.8782
 48  48  0.0100 -0.0471  6.9945
 80  48  0.0133 -0.0549  7.2838
112  48 -0.0074 -0.0550  7.0073
144  48  0.0022 -0.0034  5.5145
176  48  0.0092 -0.0076 12.9437
208  48 -0.0034  0.0037 16.9462
240  48 -0.0017  0.0002 10.6435
272  48  0.0192 -0.0213 12.6938
 16  80 -0.0089 -0.0475  8.7100
 48  80  0.0915 -0.0513 19.5171
 80  80  0.0461  0.0000 14.0965
112  80  0.0071  0.0696  9.0012
144  80  0.0041 -0.0020  6.3262
176  80  0.0005 -0.0005 12.8375
208  80 -0.0047  0.0010 14.1010
240  80 -0.0003  0.0052  9.8126
272  80 -0.0543 -0.0462  7.3020
 16 112 -0.0311 -0.0307 15.4488
 48 112  0.0906  0.0419 11.3344
 80 112 -0.0365 -0.0009 10.1786
112 112  0.0145 -0.0298  9.5145
144 112 -0.0024  0.0018  5.7675
176 112  0.0020 -0.0001  6.7059
208 112 -0.0001 -0.0038  6.5218
240 112  0.0036 -0.0072  5.2250
272 112  0.0670 -0.0745  8.2911
 16 144  0.0327 -0.0064 17.8503
 48 144 -0.0020 -0.0100 13.4667
 80 144 -0.0118 -0.0111 41.6888
112 144  0.0760 -0.0035 24.2656
144 144 -0.0233 -0.1040 22.0615
176 144 -0.0294  0.0000  7.6994
208 144  0.0513  0.0947 15.4004
240 144  0.1109  0.0079  8.3050
272 144  0.0119 -0.0040 15.1260
 16 176  0.0404  0.0038  9.3539
 48 176  0.1528  0.1308 14.5771
 80 176 -0.0331 -0.0172 34.3634
112 176 -0.0304  0.0000 57.0902
144 176  0.0753 -0.0748 15.7382
176 176 -0.0169 -0.1203 14.0189
208 176 -0.1133  0.0893 14.1708
240 176  0.1105 -0.0224 16.3853
272 176  0.0445 -0.0927  7.8121
 16 208 -0.0081 -0.0624 10.8023
 48 208 -0.0062 -0.0086 16.1569
 80 208  0.1029  0.0000 31.2088
112 208  0.0131  0.0000  8.6132
144 208  0.0000  0.0040 12.0329
176 208 -0.0130 -0.1583 15.3591
208 208  0.0867  0.0129  7.0816
240 208  0.1085 -0.1664  9.1931
272 208  0.0296 -0.0719 12.7490
