VARIABLES= "X pix", "Y pix", "U pix/dt", "V pix/dt", "CHC", ZONE I=7, J=9
 16  16 -0.0053 -0.0010 10.0455
 48  16  0.0043 -0.0026 12.3621
 80  16  0.0017 -0.0008 12.7703
112  16  0.0004  0.0008 12.6942
144  16 -0.0016  0.0005 13.7925
176  16  0.0016 -0.0050 13.4511
208  16  0.0020 -0.0047 15.9438
240  16 -0.0018  0.0009 20.3376
272  16 -0.0001  0.0001 20.2301
 16  48  0.0012  0.0106  9.3472
 48  48  0.0184 -0.0265  6.9394
 80  48 -0.0067 -0.0020  7.4387
112  48  0.0000  0.0298 10.0955
144  48  0.0026 -0.0006  5.5096
176  48 -0.0051 -0.0003 13.6871
208  48 -0.0014  0.0008 17.2439
240  48  0.0013 -0.0011 12.5246
272  48 -0.0000  0.0000 12.4851
 16  80  0.0000  0.0779  7.3132
 48  80 -0.1381  0.0321 31.0472
 80  80 -0.0393 -0.0415 16.6424
112  80 -0.0359 -0.0109 10.5994
144  80  0.0051 -0.0035  6.1778
176  80 -0.0022 -0.0046 11.8637
208  80 -0.0054 -0.0035 12.4987
240  80  0.0005 -0.0002 10.7908
272  80 -0.0206  0.0000 10.0493
 16 112 -0.0294 -0.0662 14.9482
 48 112 -0.0607 -0.0047  9.0463
 80 112  0.0092  0.0191 10.0509
112 112  0.0403 -0.0118  9.8200
144 112  0.0012  0.0043  6.2488
176 112 -0.0000 -0.0008  7.6757
208 112  0.0002  0.0015  7.4970
240 112  0.0006  0.0015  5.8234
272 112 -0.0237  0.0333  7.8138
 16 144  0.0567  0.0491 12.1073
 48 144  0.0000  0.0000 12.5436
 80 144  0.0000  0.0000 19.0512
112 144  0.0000  0.0000 17.0895
144 144  0.0761 -0.0086 17.7281
176 144  0.0605 -0.1532 10.6523
208 144  0.0000 -0.0121 12.5995
240 144  0.0363  0.0000  7.3304
272 144 -0.0922  0.0140 15.2356
 16 176 -0.0818  0.0762  8.9184
 48 176 -0.0261 -0.0000 11.2981
 80 176  0.0000  0.0000 48.4338
112 176  0.0000  0.0000 27.2930
144 176  0.1464  0.1094 12.3628
176 176  0.0000  0.0000  8.4300
208 176 -0.0019 -0.1124 13.8215
240 176 -0.0504  0.0000 13.2677
272 176 -0.1273  0.0113  7.9202
 16 208  0.0000 -0.0200  9.9978
 48 208 -0.0428 -0.1439 17.1467
 80 208  0.0000  0.0000 10.0639
112 208  0.0000  0.0000 11.7621
144 208 -0.1971 -0.0887  9.5610
176 208  0.0174 -0.0157 16.4150
208 208 -0.0000  0.0897 10.3174
240 208 -0.0818  0.0421 13.0137
272 208 -0.0759 -0.0187  9.1307
