VARIABLES= "X pix", "Y pix", "U pix/dt", "V pix/dt", "CHC", ZONE I=7, J=9
 16  16 -0.0036  0.0138  9.8667
 48  16 -0.0045 -0.0042 12.1074
 80  16 -0.0163 -0.0122 12.6178
112  16  0.0116 -0.0164 12.6872
144  16 -0.0023 -0.0025 13.8303
176  16  0.1494 -0.1518 13.0669
208  16  0.9516 -0.1025 14.8558
240  16  0.3934 -0.1365 16.2684
272  16  0.0115 -0.0197 19.9682
 16  48 -0.0206 -0.0244  9.2555
 48  48 -0.0361 -0.0053  6.9365
 80  48 -0.0021 -0.0018  7.0368
112  48 -0.1419  0.0206  9.9518
144  48 -0.0562  0.0756  5.4902
176  48  0.1112  0.5940 13.6720
208  48  0.8545  0.2436 16.8126
240  48  0.4240  0.1760 11.5139
272  48  0.0804  0.0499 12.7313
 16  80 -0.0339 -0.0425  7.3539
 48  80 -0.2545 -0.1592 19.3330
 80  80  0.1570 -0.8093 13.9553
112  80 -0.4917  0.0133 11.8545
144  80 -0.0605  0.2008  6.0135
176  80  0.1983  1.1890 10.7873
208  80  0.2988  1.0341 11.0492
240  80  0.2862  0.5123  9.7158
272  80  4.1670  0.0723  8.1002
 16 112  0.0483 -0.0552 13.5703
 48 112 -0.0656  0.3043  9.2096
 80 112 -0.2845  0.1852 10.4367
112 112 -0.2046  0.3205 10.9329
144 112 -0.0690  0.2236  6.7669
176 112 -0.0110  0.3299  8.7091
208 112  0.0230  0.3608  8.5037
240 112  0.1580  0.2466  6.4694
272 112 -4.6866  0.0000  8.1635
 16 144 -0.1093  0.1364 11.3929
 48 144  0.1043  0.2121 11.2245
 80 144  0.0000  0.0000  6.9800
112 144 -0.4104  0.1131  6.8233
144 144 -0.9593  0.3391 16.3430
176 144  0.0909  2.8747  7.2865
208 144  0.0264 -0.1591  6.7142
240 144 -0.2088  2.3008  7.5287
272 144 -0.0915  0.2327 13.6761
 16 176 -0.2948  0.2567 10.3866
 48 176 -0.2520  0.6376  8.8542
 80 176  0.0000  0.0000 30.8633
112 176 -1.1422  2.9282 13.8927
144 176 -1.6063  0.0459 11.4673
176 176  0.1870  0.4181  5.7506
208 176 -5.5623 -0.0117 14.4527
240 176  0.3277 -0.1643 14.4161
272 176  0.0885  0.2337  7.0114
 16 208  0.0434 -0.1480  9.3286
 48 208 -2.0000 -0.0605  8.5127
 80 208 -0.1043 -0.5000  5.2598
112 208  5.1134  0.0000  8.1411
144 208  0.0000  0.0000  7.2490
176 208  0.1539 -2.5685 14.3056
208 208 -0.0292  0.0542  6.1864
240 208  0.3888  0.0000 11.9420
272 208  0.2307 -0.1825  8.7087
