VARIABLES= "X pix", "Y pix", "U pix/dt", "V pix/dt", "CHC", ZONE I=7, J=9
 16  16 -0.0011 -0.0110 10.0241
 48  16  0.0026  0.0053 12.2415
 80  16 -0.0032 -0.0050 12.4937
112  16  0.0080 -0.0022 12.6844
144  16 -0.0050  0.0081 14.1552
176  16  0.0166  0.0006 14.0040
208  16 -0.0117  0.0009 15.9106
240  16 -0.0091  0.0036 16.4672
272  16  0.0085  0.0015 19.9394
 16  48  0.0069 -0.0269  9.3843
 48  48 -0.0035  0.0120  7.0579
 80  48 -0.0118  0.0252  7.1122
112  48  0.0137 -0.0289  8.0358
144  48  0.0004 -0.0064  5.5521
176  48  0.0017 -0.0027 14.3039
208  48 -0.0051 -0.0017 17.4623
240  48 -0.0010 -0.0038 13.4571
272  48 -0.0934  0.0147 12.3673
 16  80  0.0388  0.0280  9.0584
 48  80  0.1035  0.0152 13.7128
 80  80  0.0228  0.0398 16.7743
112  80 -0.0244 -0.0180  9.3884
144  80 -0.0033  0.0042  6.0392
176  80  0.0027  0.0037 10.7418
208  80  0.0001 -0.0017 11.2694
240  80 -0.0009  0.0103 11.4714
272  80 -0.1601  0.0755  7.5108
 16 112  0.0395 -0.0012 14.3215
 48 112  0.0197 -0.0209 10.8709
 80 112  0.0014 -0.0013 12.2522
112 112  0.0575 -0.0226 14.4625
144 112  0.0046 -0.0007  7.4364
176 112  0.0000 -0.0009 10.2319
208 112 -0.0011 -0.0033 10.0272
240 112 -0.0002 -0.0047  7.5809
272 112  0.1498  0.0783  9.5805
 16 144  0.0867 -0.0394 14.1296
 48 144  0.1127  0.1213 16.7397
 80 144  0.0000  0.0128 13.5157
112 144 -0.0717  0.0567  7.4859
144 144 -0.0764  0.0000 26.4875
176 144 -0.1792  0.0885  8.0924
208 144 -0.0326  0.0304 16.8492
240 144 -0.0092 -0.0224 10.2446
272 144 -0.0652  0.0615 25.9666
 16 176  0.0695  0.0132 13.9615
 48 176  0.1171  0.0639 10.5487
 80 176  0.0073 -0.0215 35.7605
112 176  0.0989  0.1209 20.9012
144 176 -0.4352  0.0303 17.8517
176 176 -0.0776 -0.0530  8.6206
208 176 -0.0102  0.0305 37.2204
240 176  0.0046  0.0037 20.8201
272 176 -0.0615  0.1121  6.8538
 16 208  0.0379  0.0613 10.6700
 48 208  0.1555  0.0270 20.5525
 80 208 -0.0786 -0.0590  6.5787
112 208 -0.3669  0.0828 10.2965
144 208 -0.1132  0.1692 13.1878
176 208 -0.0720  0.0486 22.3403
208 208 -0.0341  0.1773  8.4979
240 208  0.0030  0.0000 12.5810
272 208  0.0161  0.0964 12.8182
