VARIABLES= "X pix", "Y pix", "U pix/dt", "V pix/dt", "CHC", ZONE I=7, J=9
 16  16  0.0023  0.0002  9.7885
 48  16 -0.0003  0.0014 12.3522
 80  16  0.0117 -0.0039 12.5362
112  16  0.0031  0.0005 13.0850
144  16 -0.0009  0.0025 14.3205
176  16 -0.0008 -0.0012 13.7752
208  16  0.0042 -0.0058 16.1795
240  16  0.0023  0.0043 14.3673
272  16  0.0063 -0.0002 20.3219
 16  48  0.0125  0.0072  9.5638
 48  48  0.0148 -0.0076  7.2000
 80  48  0.0070 -0.0054  7.3404
112  48  0.0198  0.0294  7.9830
144  48 -0.0091 -0.0024  5.5243
176  48  0.0014 -0.0044 14.8829
208  48  0.0035 -0.0024 18.0109
240  48 -0.0088 -0.0028 13.1112
272  48  0.0097  0.0050 12.9362
 16  80 -0.1171  0.0607 16.2872
 48  80  0.0461 -0.0764 10.8624
 80  80 -0.2039 -0.1112 15.0707
112  80 -0.0947  0.0095  8.6463
144  80 -0.0036  0.0019  5.9308
176  80  0.0017 -0.0023 10.6147
208  80  0.0021  0.0010 11.0282
240  80 -0.0021  0.0003 11.4695
272  80  0.0358  0.0323  6.6269
 16 112 -0.0037 -0.0544 17.2818
 48 112  0.0525  0.0238 10.1843
 80 112 -0.0845  0.0339 11.9513
112 112 -0.0048  0.0183 13.7011
144 112 -0.0051 -0.0054  7.9047
176 112  0.0036  0.0029 11.5995
208 112 -0.0008  0.0001 11.3369
240 112 -0.0003 -0.0005  8.6315
272 112  0.0205  0.0726  8.6244
 16 144  0.1681  0.1694 14.4015
 48 144  0.0088 -0.0250 15.8467
 80 144 -0.0171 -0.0290  6.6225
112 144 -5.4347 19.0000 31.2988
144 144  0.1045 -0.0555 20.2655
176 144 -0.0362  0.0029  7.7764
208 144 -0.2949  0.0241 20.0090
240 144  0.0619  0.0220 12.3624
272 144 -0.0459 -0.0014 22.2801
 16 176 -0.0992  0.0444 20.8461
 48 176 -0.0347  0.0078 10.6329
 80 176  0.0045 -0.0882 39.7274
112 176 -0.0366  0.0857 20.3592
144 176 -0.0447 -0.1884 20.7652
176 176 -0.1900 -0.0252  7.0803
208 176  0.0056  0.0807 34.6188
240 176 -0.0638 -0.0322 16.6812
272 176  0.2421  0.0269  7.9277
 16 208 -0.0374 -0.2679 10.1233
 48 208 -0.2058 -0.1053 17.8544
 80 208  0.0000  0.0197 25.2909
112 208 -0.1170  0.0464 15.3651
144 208 -0.1089  0.2019 11.9886
176 208  0.0000 -0.0042 24.4239
208 208 -0.0214  0.0222 10.8994
240 208 -0.0536  0.0488 17.2555
272 208 -0.0243  0.0091 17.3995
