VARIABLES= "X pix", "Y pix", "U pix/dt", "V pix/dt", "CHC", ZONE I=7, J=9
 16  16  0.0513  0.0971  9.7212
 48  16  0.0636  0.0348  9.0748
 80  16  0.0276  0.0691  9.9710
112  16  0.1995  0.0735  9.7401
144  16  0.1338  0.0511 12.1026
176  16  0.4742  0.0955 11.2105
208  16  3.5841  0.0744 11.2262
240  16  4.5033  0.0409 11.8182
272  16  3.4395  0.0852 14.7691
 16  48  0.0022  0.0122  9.0407
 48  48  0.0599  0.1255  7.9314
 80  48  0.1978  0.1490  6.9767
112  48  0.1172  0.1412  6.3988
144  48  2.5579  0.7068  7.5854
176  48  2.0420  0.1969  9.9802
208  48  3.6092  0.2767 11.2383
240  48  4.8239  0.4179 16.8072
272  48  2.5263  0.0916  8.2901
 16  80  0.0391  0.1733 13.2557
 48  80  0.0000  0.0000  6.4081
 80  80  1.7148  0.3469 11.5464
112  80  0.7726  0.2444  6.6805
144  80  2.7371  1.3569  5.2828
176  80  2.9637  0.5842  9.9210
208  80  3.0229  1.5428  9.1562
240  80  4.6558  1.3629  9.1409
272  80  0.4517  0.3661  7.9709
 16 112  0.2704  0.3142 26.3125
 48 112  0.0915  1.7253  8.3105
 80 112  0.3318  0.5000  9.7018
112 112  0.9555  0.8327 10.0145
144 112  0.2486  0.1314  7.0274
176 112  3.3070  0.4380 16.8656
208 112  4.0478  0.6852 24.5846
240 112  4.4334  0.3589 15.9707
272 112  0.4206  0.1662  7.3528
 16 144  0.4699  0.2254 11.0927
 48 144  2.8175  0.2385  7.1309
 80 144  0.3285  0.3385  8.3258
112 144  0.1588  0.1849  8.6336
144 144  0.3720  0.4181  7.5651
176 144  0.2291  0.2406  5.6212
208 144  0.0468  0.2722  5.2798
240 144 -0.1797  0.0403  5.4866
272 144  0.3768 -0.0555  5.9509
 16 176 -0.1585  4.1579 12.4155
 48 176  0.2839  0.3060 10.2181
 80 176 -0.1734  0.0811  5.5108
112 176  0.0000  0.0000  8.5994
144 176  1.4396 -0.0466 15.8873
176 176  0.0097  0.2590 10.5042
208 176  0.1983  0.2222 22.1715
240 176  0.1814 -0.4496 10.6807
272 176  0.1750  0.3750  5.6366
 16 208  0.1666  0.0537 11.7802
 48 208  5.0589 -8.1769  8.1367
 80 208  0.0653  1.3002 18.6240
112 208  0.2125  5.8325 16.1165
144 208  0.2798  0.0525 16.5528
176 208  0.2990 -0.0565 14.3868
208 208  0.3901 -0.1622 10.9566
240 208  0.4654 -0.3352 13.6157
272 208  2.0559 -0.2813 18.4504
