VARIABLES= "X pix", "Y pix", "U pix/dt", "V pix/dt", "CHC", ZONE I=7, J=9
 16  16  0.0019  0.0045 10.0525
 48  16  0.0035  0.0024  9.0588
 80  16  0.0029 -0.0011  9.8451
112  16 -0.0003  0.0092  9.9234
144  16  0.0119 -0.0025 12.0316
176  16  0.0057 -0.0045 11.7798
208  16  0.0026 -0.0015 14.5225
240  16  0.0150 -0.0024 14.9205
272  16  0.0076  0.0040 13.5890
 16  48 -0.0120 -0.0202  7.6498
 48  48  0.0125  0.0075  8.7904
 80  48 -0.0055  0.0596  7.1786
112  48 -0.0129  0.0488  6.2627
144  48  0.0430  0.0000  9.8366
176  48 -0.0016 -0.0030 13.6054
208  48  0.0109 -0.0033 11.9389
240  48 -0.0040 -0.0015 18.5236
272  48 -0.0005 -0.0018 14.3865
 16  80  0.0162 -0.0260  8.9719
 48  80  0.1037  0.0156 11.7162
 80  80  0.2613  0.0482 15.5823
112  80  0.1207 -0.1128  8.6264
144  80 -0.0180  0.0000  8.6309
176  80  0.0011  0.0068 12.2400
208  80 -0.0066  0.0021 11.8762
240  80 -0.0007 -0.0005 10.7793
272  80 -0.0019  0.0017 15.2778
 16 112 -0.0368 -0.0027 30.8047
 48 112  0.0170 -0.0140  9.5994
 80 112 -0.1340 -0.0017 13.2613
112 112 -0.0799 -0.0167 14.8387
144 112 -0.0018 -0.0035  5.7513
176 112  0.0010  0.0007 21.0345
208 112 -0.0047 -0.0022 41.4803
240 112  0.0039 -0.0019 30.5746
272 112  0.0010  0.0024 14.6742
 16 144  0.0000  0.0908 11.0950
 48 144  0.0051  0.0724 10.0491
 80 144 -0.1930  0.0020  9.7026
112 144 -0.0101 -0.0110 13.4235
144 144  0.0080  0.0460  5.2948
176 144 -0.0056  0.0067  5.3886
208 144 -0.0014 -0.0022  5.4161
240 144 -0.0004 -0.0011  5.3997
272 144 -0.0100 -0.0186  5.3321
 16 176 -0.0393  0.0364 13.2536
 48 176 -0.0239 -0.0479 12.3038
 80 176  0.0074  0.0000 28.6831
112 176 -0.0165  0.0315  7.2415
144 176 -0.0814  0.0365 11.5157
176 176  0.0373 -0.0232 12.0262
208 176 -0.0537  0.1082 19.4297
240 176 -0.0407 -0.1222 11.3721
272 176  0.1084  0.0269  8.6425
 16 208  0.0693  0.0000 11.2020
 48 208 -0.0284 -0.0913  7.7283
 80 208  0.0324 -0.1134  7.8941
112 208 -0.3576  0.0256 10.8360
144 208  0.0514  0.0105  8.8887
176 208  0.0413 -0.1126 11.8594
208 208  0.0712 -0.1905  6.2929
240 208  0.1022  0.0573 24.6745
272 208  0.0464  0.0000 23.2384
