VARIABLES= "X pix", "Y pix", "U pix/dt", "V pix/dt", "CHC", ZONE I=7, J=9
 16  16 -0.0001  0.0157 10.0679
 48  16 -0.0038  0.0068  9.1594
 80  16  0.0027 -0.0041 10.1993
112  16  0.0047 -0.0026 10.0686
144  16 -0.0028 -0.0024 12.5373
176  16 -0.0005 -0.0015 11.9376
208  16  0.0080  0.0030 15.3884
240  16 -0.0070  0.0007 16.5964
272  16  0.0022  0.0009 14.8821
 16  48  0.0020 -0.0017  7.1944
 48  48  0.0000  0.0000  8.8933
 80  48 -0.0195  0.0153  7.0964
112  48  0.0282  0.0308  6.7752
144  48  0.0043 -0.0049  7.6314
176  48 -0.0050 -0.0012  9.1125
208  48  0.0023 -0.0033 12.5064
240  48  0.0036 -0.0021 18.9997
272  48 -0.0032 -0.0002 20.4846
 16  80 -0.0112  0.0387 11.6281
 48  80 -0.1122 -0.0414 13.6852
 80  80 -0.0960 -0.0673 12.9675
112  80 -0.0592  0.1282 10.0276
144  80  0.0445 -0.1063  7.5320
176  80 -0.0016 -0.0043  9.5754
208  80 -0.0072 -0.0024 13.4303
240  80  0.0025  0.0003 12.6685
272  80  0.0061 -0.0019 13.0461
 16 112 -0.0351 -0.0281 11.1124
 48 112  0.0052 -0.0100 12.4038
 80 112  0.0558 -0.0239 17.3577
112 112  0.0925  0.0345 12.8033
144 112 -0.0330  0.0033  5.0926
176 112  0.0004  0.0009 16.5133
208 112 -0.0047 -0.0011 38.0285
240 112  0.0006 -0.0013 29.5567
272 112  0.0086 -0.0064 18.6952
 16 144 -0.1001 -0.0680 11.9818
 48 144  0.1738  0.0453 10.7926
 80 144  0.1960  0.0348 10.0855
112 144 -0.0675  0.0190 10.1359
144 144 -0.0041 -0.0160  5.6547
176 144  0.0058  0.0015  5.9011
208 144 -0.0033 -0.0019  6.0008
240 144 -0.0001  0.0016  5.9743
272 144 -0.0050  0.0005  5.8733
 16 176 -0.0682 -0.1078 10.9811
 48 176 -0.0193  0.0287 10.9249
 80 176 -0.1039  0.0334 20.9660
112 176  0.0614  0.0000 20.5829
144 176 28.0000  0.0000 47.0804
176 176  0.0269  0.0386 10.8862
208 176 -0.0092  0.0119  9.6573
240 176  0.0778  0.0427 10.5879
272 176 -0.0927  0.0000 11.6529
 16 208 -0.0150  0.1399  6.4587
 48 208  0.0087  0.0058  8.7693
 80 208  0.1325  0.0000 19.0050
112 208 -0.2210 -0.0099  9.9406
144 208  0.0207 -0.0151  7.4991
176 208 -0.0681 -0.0449  9.1369
208 208  0.1067 -0.1864  7.8342
240 208  0.0664  0.1901  6.8381
272 208 -0.0231 -0.0996  6.7498
