VARIABLES= "X pix", "Y pix", "U pix/dt", "V pix/dt", "CHC", ZONE I=7, J=9
 16  16  0.0831  0.0397  9.9713
 48  16  0.0233  0.0578  9.0316
 80  16  0.0375  0.0125  9.6513
112  16  0.2047 -0.0022  9.2286
144  16  0.1233  0.0042 11.9917
176  16  0.1494  0.0726 11.4195
208  16  6.2837  0.0712 11.8887
240  16  7.7663  0.0956 12.5539
272  16  7.6940 -0.0292 12.1088
 16  48 -0.0166 -0.0239  6.8881
 48  48  0.0707  0.0683  8.9574
 80  48  0.1360  0.0762  6.8180
112  48  0.0400  0.0899  6.0782
144  48  0.4148  0.3909  6.9005
176  48  2.9476  0.1974  6.7337
208  48  6.7735  0.1149 10.0642
240  48 -20.3231 -0.1365 10.1841
272  48  6.3462  0.2057 13.7006
 16  80 -0.0117  0.0480 10.5637
 48  80  4.5000  0.1853  9.4090
 80  80  3.3093  0.2502 19.6106
112  80  0.2471  0.2315  7.7442
144  80  0.1885  0.4487  7.2522
176  80  0.4918  0.4237  6.5902
208  80  6.1051  2.1462 11.4776
240  80  8.1575  2.1317  8.5484
272  80  9.3599  2.0633 10.5987
 16 112  0.0637     NaN  7.6551
 48 112  2.5784  0.7359 11.4122
 80 112  3.4538  0.3207 10.6035
112 112  5.9270 -0.0032 13.5723
144 112  0.1903 -0.0291  4.9615
176 112  0.3615  1.7820 11.0688
208 112 -24.1916  3.3107 15.3702
240 112  3.8825  2.3507 17.1608
272 112 -23.8327  0.4912 10.3989
 16 144 -0.0721  4.6295 10.4871
 48 144  0.2574  3.0103  7.5183
 80 144 -0.0261  0.0756  9.1224
112 144 -0.2244  0.0589  7.3017
144 144 -0.1044  0.1977  5.9613
176 144 -0.0290  0.2463  6.0709
208 144 -0.0105  0.3097  6.2615
240 144  0.0036  0.3021  6.2674
272 144  0.0165  0.2389  6.1512
 16 176 -0.0518  3.9582 10.6903
 48 176  0.1215  4.5000  6.4484
 80 176  3.3926  3.2290 13.2082
112 176 -0.0474  7.9842 14.4461
144 176 -21.0000  0.3531 12.3003
176 176  7.9095 -0.2201  8.6553
208 176  0.3528 -0.3315  8.2737
240 176  0.0567  0.1537 10.2578
272 176  7.5000  2.9189  8.2264
 16 208  1.6994 -0.2432  6.0003
 48 208  0.0522  7.0518  8.7660
 80 208 -0.0684  5.8742  7.0623
112 208  6.3133  0.2798  7.7659
144 208 -27.1435 -15.8219  8.7138
176 208  5.0129  0.0630  8.5480
208 208  6.5000  0.2083  6.4079
240 208 -11.5000  0.3365  6.2006
272 208 -8.5000     NaN  5.8058
