VARIABLES= "X pix", "Y pix", "U pix/dt", "V pix/dt", "CHC", ZONE I=7, J=9
 16  16 -0.0048 -0.0277 10.0970
 48  16 -0.0118  0.0211  9.2567
 80  16 -0.0013 -0.0032  9.3849
112  16 -0.0014 -0.0073  9.7097
144  16  0.0016 -0.0025 11.8735
176  16 -0.0071 -0.0028 11.9501
208  16  0.0013 -0.0042 13.7649
240  16  0.0021 -0.0018 15.2095
272  16 -0.0030 -0.0003 15.0807
 16  48  0.0001  0.0052  6.7093
 48  48  0.0046  0.0226  9.0961
 80  48  0.0095  0.0400  7.1903
112  48  0.0248 -0.0061  6.6787
144  48 -0.0253  0.0166 10.6290
176  48 -0.0009 -0.0021  6.1249
208  48  0.0009  0.0011 14.7657
240  48  0.0084 -0.0038 12.9015
272  48 -0.0049 -0.0007 16.6019
 16  80 -0.2213 -0.0967 15.8236
 48  80  0.0640  0.1002 13.1124
 80  80 -0.0383  0.0506 14.8808
112  80  0.0149 -0.0078  8.7337
144  80  0.0113 -0.0011 11.5301
176  80  0.0036 -0.0000  6.7753
208  80 -0.0000  0.0050 15.4018
240  80 -0.0054 -0.0013 13.2637
272  80 -0.0034 -0.0012 12.6479
 16 112  0.0000 -0.1126 13.3632
 48 112  0.0049  0.0180 17.1560
 80 112  0.1837  0.1224 10.6313
112 112 -0.1189 -0.0182 12.7396
144 112  0.0548  0.0083  7.9649
176 112  0.0001 -0.0016 12.3461
208 112 -0.0039 -0.0084 22.5979
240 112  0.0121  0.0024 23.6240
272 112  0.0028 -0.0044 25.1227
 16 144  0.0098 -0.0187  8.8995
 48 144  0.0429  0.0335  8.6424
 80 144  0.1135 -0.0163 10.6663
112 144  0.0201  0.0221  8.1665
144 144  0.0345 -0.0198  7.9104
176 144  0.0012 -0.0013  7.0289
208 144  0.0007  0.0006  7.6196
240 144 -0.0005  0.0036  7.7730
272 144  0.0004  0.0011  7.4248
 16 176 -0.0247  0.0033 15.0167
 48 176  0.0404  0.1196  9.3736
 80 176  0.2960  0.0000 18.6837
112 176  0.0614 -0.0696 17.6641
144 176  0.2838 -0.0151 12.5934
176 176  0.0240  0.1403  9.4950
208 176 -0.0113  0.0015 12.4586
240 176  0.0744 -0.0539  8.6957
272 176  0.0000  0.0000 14.2718
 16 208 -0.0514 -0.1009 17.9983
 48 208  0.0413 -0.0023 12.1728
 80 208  0.0255 -0.0281  7.9182
112 208  0.0025  0.1498 12.3589
144 208 -0.0175 -0.0581  9.5752
176 208  0.0606 -0.0648 13.7643
208 208 -0.0464  0.0491  8.6824
240 208 -0.0199  0.0150 19.2993
272 208 -0.0183  0.0000 10.6291
