VARIABLES= "X pix", "Y pix", "U pix/dt", "V pix/dt", "CHC", ZONE I=7, J=9
 16  16  0.0009 -0.0029 10.0913
 48  16  0.0086 -0.0088  9.3346
 80  16 -0.0018 -0.0016  9.2135
112  16  0.0095  0.0001  9.7094
144  16  0.0174  0.0006 11.2812
176  16 -0.0081 -0.0028 11.7748
208  16  0.0029  0.0009 13.2656
240  16  0.0116 -0.0019 14.1769
272  16  0.0043  0.0020 15.0862
 16  48  0.0080  0.0051  6.5784
 48  48 -0.0128  0.0511  9.2294
 80  48 -0.0002 -0.0042  7.5613
112  48 -0.0071 -0.0491  6.4745
144  48 -0.0367  0.0913  7.6794
176  48  0.0004  0.0027  5.3149
208  48  0.0090  0.0016 16.9079
240  48  0.0065 -0.0017 12.0852
272  48  0.0112  0.0002 16.7116
 16  80  0.1540  0.0200 14.7283
 48  80  0.0909  0.1531 12.2771
 80  80 -0.1298 -0.0636 19.7888
112  80 -0.0009  0.0156  9.6190
144  80 -0.0805 -0.0624 10.6411
176  80 -0.0023  0.0042  5.8696
208  80  0.0066  0.0068 16.0169
240  80 -0.0082  0.0005 14.5049
272  80 -0.0063 -0.0030 12.0662
 16 112 -0.0176 -0.0300 19.4536
 48 112  0.1008 -0.0239 19.8780
 80 112 -0.0146 -0.0326 10.9372
112 112 -0.1531 -0.0297 14.9751
144 112  0.0623  0.1122 14.8273
176 112 -0.0002  0.0017  9.6652
208 112 -0.0019 -0.0097 18.3676
240 112 -0.0023 -0.0004 23.4460
272 112  0.0049 -0.0002 23.2938
 16 144 -0.0204 -0.0572  8.6539
 48 144  0.0284 -0.0074  9.0575
 80 144  0.0185 -0.0112 13.1860
112 144 -0.0958  0.0000  9.0492
144 144  0.1004  0.0284  8.6791
176 144 -0.0000  0.0002  7.5092
208 144  0.0025 -0.0004  9.0545
240 144 -0.0021  0.0022  9.2859
272 144 -0.0002  0.0011  8.8078
 16 176  0.0331 -0.0849 10.7217
 48 176 -0.2109 -0.0322  9.0993
 80 176  0.0487 -0.0000 24.4823
112 176  0.0000  0.2721 15.0296
144 176  0.2024 -0.0117 16.3187
176 176  0.1444 -0.0193 10.4447
208 176 -0.0900  0.0033 12.0951
240 176  0.0503  0.0482  7.8229
272 176  0.0000  0.0912 12.0692
 16 208 -0.0541  0.0153 14.7857
 48 208 -0.0255 -0.0163 13.3131
 80 208  0.0000  0.0000  6.4913
112 208  0.0000 -0.0203  9.3646
144 208  0.0575  0.0858 21.4091
176 208 -0.0398 -0.0572 12.7366
208 208  0.0240  0.0075 10.6239
240 208  0.1184 -0.0824 19.7811
272 208 -0.2156 -0.0223 15.1144
