VARIABLES= "X pix", "Y pix", "U pix/dt", "V pix/dt", "CHC", ZONE I=7, J=9
 16  16  0.0371 -0.1291  9.5000
 48  16  0.0042 -0.0614  9.4982
 80  16 -0.0064 -0.0505 10.6988
112  16  0.1670 -0.0746 11.8376
144  16  0.0980 -0.0583 12.1742
176  16  0.0607 -0.0786 14.0801
208  16  0.2727 -0.0764 11.8609
240  16  1.7519 -0.1160 15.7080
272  16  2.4418 -0.0113 14.5361
 16  48  0.0213 -0.0006  6.9047
 48  48 -0.0215  0.0027  9.6983
 80  48  0.0155  0.0566  7.6229
112  48  0.0414 -0.0193  8.4236
144  48  0.1648  0.1485  7.6848
176  48  1.9727 -0.0948  8.7613
208  48  0.4769  0.1716 14.7050
240  48  2.1443 -0.0427 12.5057
272  48  0.4106  0.0135 13.8050
 16  80  0.2266  0.1014 15.3217
 48  80  0.1148 -0.2143  8.4015
 80  80 -0.0151  0.1500  9.2480
112  80  0.1242  0.2484 11.1755
144  80  0.1868 -0.0741 11.6424
176  80  1.3951  0.1480  4.8790
208  80  2.4674  0.2490 16.1789
240  80  3.0784  0.2956 16.7712
272  80  2.5858  0.2420 13.4209
 16 112  1.3412  0.0179 16.0645
 48 112  0.0694  0.0966 25.3699
 80 112  0.2560  0.9704  9.0043
112 112  0.1416  0.1801 19.3758
144 112  0.2229  0.2659 11.9234
176 112  0.2928  0.0569  6.2333
208 112  2.7248  0.4621 14.2595
240 112  1.6453  0.3599 17.5719
272 112  2.5771  0.5780 12.9461
 16 144  0.1123  0.0402 10.2354
 48 144  0.1522  0.4065  7.2317
 80 144  0.4126  0.5318  9.6977
112 144 -0.0319 -0.0177 11.9273
144 144  0.0000  0.1677 12.5519
176 144  0.0996  0.0191  6.8853
208 144 -0.0041  0.2108 12.0054
240 144 -0.0182  0.1520 12.2836
272 144  0.0241  0.1793 11.8090
 16 176 -0.0571  0.0701 17.4361
 48 176  1.0000  0.3646  9.0163
 80 176  0.0717  0.1473 10.4941
112 176 -0.2280  0.0566 37.9556
144 176  2.7950  0.4344  9.3610
176 176  0.9943  0.6534  9.4094
208 176  0.0593  0.4079 11.4433
240 176  0.0847  0.1776  7.3799
272 176  0.0545  0.3570  5.7653
 16 208 -0.1560  1.5921 10.9938
 48 208  0.0143  0.1209 11.3766
 80 208 -0.1393  0.4398  9.8099
112 208  0.2670  0.2870  9.8604
144 208  3.0201  1.2782  8.7069
176 208  0.0634  2.5000  9.0262
208 208  0.1219  0.0068 10.6740
240 208  0.1943 -0.1368 14.7312
272 208  0.0449 -0.1262  8.6810
