VARIABLES= "X pix", "Y pix", "U pix/dt", "V pix/dt", "CHC", ZONE I=7, J=9
 16  16  0.0262 -0.0161  9.2556
 48  16  0.0536 -0.0726  9.7701
 80  16  0.1281 -0.0087 11.8045
112  16  0.2479 -0.0603 12.4470
144  16  0.1300 -0.0260 12.4101
176  16  0.0816 -0.0773 14.3886
208  16  0.1552 -0.0108 11.2903
240  16  3.7598 -0.0698 15.9466
272  16  6.1180 -0.0404 15.1380
 16  48  0.0178  0.0326  7.0306
 48  48  0.0392  0.0834  9.7783
 80  48  0.0153  0.0628  7.7455
112  48  0.0063  0.1298  8.1765
144  48  0.3277  0.1850  9.4928
176  48  2.0599 -0.3170 15.7825
208  48  0.4549  0.4869 11.1009
240  48  5.6157  0.0030 12.7393
272  48  0.1206 -0.0382  8.0239
 16  80  0.0883  0.2675 19.3841
 48  80  0.2833  0.1839  8.1129
 80  80  0.4828  0.1015  9.4648
112  80  0.4650  0.4669 10.7298
144  80  1.1002 -0.0026 10.3832
176  80  4.1478  0.2056  7.4482
208  80  2.0984  0.9903 10.5822
240  80  5.6894  1.0566 13.5958
272  80  6.7853  1.2520 11.7446
 16 112  0.0887  0.2568 15.6827
 48 112  0.2739  0.2681 15.3228
 80 112  0.8997  0.2671  8.8976
112 112  0.3902  0.3659 18.9068
144 112  0.8968  3.4516 11.0005
176 112  0.3250  0.1186  5.5323
208 112  3.6853  1.5380  9.9713
240 112  4.8112  0.4817 11.2994
272 112  0.4798  1.5173  9.9531
 16 144  0.0998  0.1607 10.5521
 48 144  0.4613  1.5000  6.6647
 80 144  3.2625  0.4419  7.7390
112 144  4.9279  0.2372  9.3483
144 144  0.2952 -0.0386 11.0160
176 144  0.1281  0.0083  6.3842
208 144 -0.0306  0.3706 13.6513
240 144 -0.0290  0.2595 13.8278
272 144  0.0107  0.2828 13.5400
 16 176  0.3037  0.2892 13.9696
 48 176  1.0000  2.1159  8.7545
 80 176  0.1616  0.1200 11.6300
112 176  0.4475  3.1009 17.9911
144 176  3.7853  3.3013  8.3602
176 176  0.5941  0.3648  6.2064
208 176  0.4098 -0.0659 10.6018
240 176  0.0191  0.1827  6.9456
272 176  2.7365  2.6799  5.9912
 16 208  0.1152  3.9864  9.7789
 48 208 -0.0643  1.6174  9.1673
 80 208 -0.0722  0.2306  7.7020
112 208  0.2897 -16.0260  9.7256
144 208  3.3009  0.4062  7.8280
176 208  0.3773  5.7986  5.7150
208 208  0.4499  0.2789  6.9480
240 208 -0.2965  0.2105 15.7200
272 208  0.0000  3.3756  5.5599
