VARIABLES= "X pix", "Y pix", "U pix/dt", "V pix/dt", "CHC", ZONE I=7, J=9
 16  16  0.0005  0.0001  9.2261
 48  16 -0.0035  0.0111  9.9379
 80  16 -0.0125  0.0073 12.6073
112  16 -0.0029  0.0034 13.2641
144  16  0.0057  0.0016 13.1734
176  16  0.0074  0.0014 14.5903
208  16 -0.0038  0.0031 13.5135
240  16  0.0025 -0.0005 18.2392
272  16 -0.0014  0.0072 19.3785
 16  48 -0.0031  0.0093  7.1423
 48  48 -0.0070 -0.0117 10.0322
 80  48 -0.0068  0.0076  7.8289
112  48  0.0523  0.0134  8.1424
144  48  0.0684  0.0007 11.2485
176  48  0.0357  0.0000 17.2447
208  48  0.0010 -0.0036 13.1475
240  48  0.0036  0.0017 15.1493
272  48  0.0006 -0.0007 12.6467
 16  80  0.0000 -0.0165 21.7644
 48  80  0.1208 -0.0208  7.9729
 80  80  0.0014 -0.0280  9.1483
112  80  0.0600 -0.0085 11.0680
144  80 -0.0238 -0.0143 12.7447
176  80  0.0616  0.0695 15.1688
208  80  0.0018  0.0007 14.8811
240  80 -0.0032 -0.0035 18.5247
272  80  0.0025  0.0003 16.7418
 16 112  0.0677  0.0575 15.8358
 48 112  0.0255  0.0407 14.2225
 80 112 -0.0500 -0.0015 10.0806
112 112  0.0124 -0.0370 22.9270
144 112  0.0501 -0.0212 15.1571
176 112  0.0054  0.0049  5.3750
208 112 -0.0006 -0.0013 12.3172
240 112  0.0020  0.0007 20.3509
272 112  0.0004  0.0008 17.0429
 16 144 -0.0268 -0.0692 11.4319
 48 144 -0.0397  0.0261  7.3622
 80 144 -0.1555 -0.0364 10.8201
112 144 -0.1526 -0.0555  9.4612
144 144 -0.1732  0.1114 11.7630
176 144  0.0006  0.0016  6.4230
208 144 -0.0002  0.0009 17.3440
240 144  0.0066 -0.0017 16.1768
272 144 -0.0014 -0.0030 16.2446
 16 176 -0.0624 -0.0179 13.4388
 48 176  0.0200 -0.0617  9.3221
 80 176 -0.1474 -0.0589 12.9929
112 176 -0.0881  0.0305 11.2124
144 176 -0.1520 -0.0133 10.5862
176 176  0.0495  0.0140  8.1700
208 176 -0.0052  0.0022 10.0753
240 176 -0.0006  0.0274  8.1303
272 176  0.0104 -0.0660  7.1841
 16 208 -0.0373  0.0000  9.2839
 48 208  0.0075  0.1154  9.3816
 80 208 -0.1420  0.0105  9.7035
112 208  0.0191  0.0000 39.9079
144 208  0.0042  0.0000 12.0489
176 208 -0.0335  0.0230 10.8075
208 208 -0.0132 -0.0148  8.6056
240 208  0.0397 -0.0507 19.8650
272 208 -0.0308  0.1342  7.1528
