VARIABLES= "X pix", "Y pix", "U pix/dt", "V pix/dt", "CHC", ZONE I=7, J=9
 16  16 -0.0048  0.0049  9.2064
 48  16 -0.0119 -0.0071  9.9984
 80  16  0.0019 -0.0023 12.6126
112  16  0.0023  0.0049 13.3683
144  16 -0.0051 -0.0009 13.1830
176  16 -0.0098 -0.0009 14.7048
208  16  0.0058 -0.0010 13.5191
240  16 -0.0025  0.0005 18.2392
272  16  0.0014 -0.0072 19.3785
 16  48  0.0142 -0.0070  7.1081
 48  48  0.0148 -0.0013 10.0459
 80  48  0.0208  0.0252  7.9479
112  48 -0.0605 -0.0094  8.2577
144  48 -0.0679 -0.0709  9.1217
176  48 -0.0165  0.1238 18.2977
208  48  0.0005  0.0028 13.1484
240  48 -0.0036 -0.0017 15.1494
272  48 -0.0006  0.0007 12.6467
 16  80  0.0227  0.0000 21.9658
 48  80  0.0208  0.0342  9.8707
 80  80  0.0059  0.0247  9.1233
112  80  0.0190 -0.0696  9.3689
144  80 -0.0922 -0.0152 13.7835
176  80 -0.0918 -0.0201 15.4330
208  80 -0.0018 -0.0007 14.8811
240  80  0.0032  0.0035 18.5247
272  80 -0.0025 -0.0003 16.7418
 16 112  0.0207 -0.0067 17.4596
 48 112  0.0079 -0.0274 15.0205
 80 112 -0.0148 -0.0099 10.4113
112 112  0.0170  0.0374 21.5817
144 112 -0.0010 -0.0286 14.8185
176 112  0.0025  0.0007  5.3678
208 112  0.0006  0.0013 12.3172
240 112 -0.0026 -0.0006 20.3507
272 112 -0.0004 -0.0008 17.0429
 16 144  0.0601  0.0588 12.0413
 48 144  0.0755  0.0587  7.5254
 80 144  0.1766 -0.0642 10.5706
112 144 -0.2572  0.0384  8.9984
144 144 -0.0375 -0.0066 12.4324
176 144 -0.0019 -0.0015  6.4230
208 144  0.0033 -0.0004 17.3427
240 144 -0.0020  0.0008 16.1375
272 144  0.0001  0.0030 16.2560
 16 176 -0.0693  0.0391 11.7980
 48 176 -0.0435  0.0261  9.3971
 80 176 -0.1737  0.0146 10.3470
112 176 -0.0852  0.0000  9.6024
144 176  0.1690  0.1787 10.2353
176 176 -0.1894 -0.0060  7.6559
208 176  0.0819  0.0395  9.9428
240 176 -0.0007  0.0467  8.1402
272 176  0.0150  0.0000  7.0851
 16 208 -0.0342 -0.0392  8.9406
 48 208 -0.0018 -0.0560  9.1993
 80 208  0.1420  0.0636  9.8462
112 208 -0.0872 -0.0827 29.0375
144 208  0.0000 -0.0272 12.1530
176 208 -0.1973  0.2113 10.1604
208 208 -0.0027  0.1105  8.8443
240 208 -0.0630  0.0338 20.0501
272 208  0.0045 -0.0151  6.8855
