VARIABLES= "X pix", "Y pix", "U pix/dt", "V pix/dt", "CHC", ZONE I=7, J=3
208  16 -0.0049  0.0002 14.6987
240  16  0.0053  0.0034 15.5692
272  16 -0.0002  0.0023 17.2409
208  48  0.0014  0.0045  7.5957
240  48  0.0085 -0.0003 14.1702
272  48  0.0035  0.0000 14.3875
208  80  0.0021 -0.0045  9.1089
240  80 -0.0009 -0.0120 18.8667
272  80  0.0066 -0.0053 11.6678
208 112  0.0016  0.0011 11.2581
240 112  0.0005  0.0042 12.1128
272 112  0.0012 -0.0022 13.2103
208 144 -0.0023 -0.0013 19.4112
240 144 -0.0013 -0.0050 13.5564
272 144  0.0005  0.0021 17.6421
208 176 -0.0088  0.0273  8.3078
240 176  0.0078 -0.0069  7.6379
272 176  0.0207 -0.0120  7.0731
208 208  0.0000  0.0000  8.8479
240 208  0.0225 -0.0109 24.3771
272 208  0.0000  0.0000 10.0748
