VARIABLES= "X pix", "Y pix", "U pix/dt", "V pix/dt", "CHC", ZONE I=7, J=9
 16  16 -0.0052 -0.0150  2.9366
 48  16 -0.0040 -0.0062  2.9233
 80  16  0.0034 -0.0034  4.1268
112  16  0.0000  0.0052  4.1773
144  16  0.0066 -0.0001  3.9530
176  16  0.0032 -0.0039  4.6597
208  16  0.0005 -0.0006  3.7733
240  16 -0.0028  0.0033  3.3939
272  16 -0.0061  0.0012  2.5085
 16  48  0.0045 -0.0065  1.0000
 48  48 -0.0071 -0.0030  1.0000
 80  48 -0.0100 -0.0140  1.0000
112  48 -0.0294  0.0006  1.0000
144  48  0.0038  0.0033  3.0209
176  48 -0.0059  0.0996  1.0000
208  48  0.0013  0.0025  1.0000
240  48  0.0018 -0.0047  4.0583
272  48  0.0012 -0.0027  3.0561
 16  80  0.0000  0.0299  3.3168
 48  80  0.0811  0.0163  6.5130
 80  80 -0.0580  0.0610  2.5872
112  80 -0.0610 -0.0590  3.0816
144  80  0.0062  0.0533  4.1513
176  80  0.0592  0.0751  2.6627
208  80  0.0009  0.0019  1.0000
240  80  0.0039  0.0017  7.3346
272  80  0.0030  0.0031  4.9224
 16 112  0.1295  0.1163  2.8040
 48 112  0.1149  0.0557  3.0058
 80 112  0.0860  0.0800 29.6842
112 112 -0.0095 -0.0287 15.3171
144 112  0.0000  0.0000  1.0000
176 112 -0.0604 -0.0064  1.0000
208 112  0.0014  0.0030 20.6082
240 112 -0.0034  0.0066  3.2326
272 112  0.0016  0.0010  2.7456
 16 144 -0.0383 -0.0444  2.9474
 48 144 -0.0118 -0.0434  1.0000
 80 144  0.1497  0.0389  3.0907
112 144  0.0997  0.1786  8.4650
144 144  0.1416  0.1420 15.3949
176 144  0.0009  0.0116  1.0000
208 144 -0.0043  0.0013  4.7182
240 144 -0.0008  0.0015  3.7999
272 144 -0.0029  0.0083  8.6127
 16 176  0.1342  0.0260  1.0000
 48 176  0.0167 -0.0509  2.4788
 80 176  0.1899  0.1418  2.1654
112 176 -0.0226  0.0000  3.4222
144 176  0.0047  0.0227  3.7544
176 176  0.0136  0.0183 48.0832
208 176  0.0026  0.0070  1.0000
240 176  0.0034 -0.0007  1.0000
272 176 -0.0053  0.0024  1.0000
 16 208  0.0128  0.0218  3.8476
 48 208  0.2054  0.1642  6.3556
 80 208  0.0000  0.0000  1.0000
112 208  0.0128  0.0374  2.8612
144 208 -0.0306  0.0000  2.6193
176 208 -0.0189  0.1644  4.0935
208 208 -0.0070  0.0551  1.0000
240 208 -0.0304  0.0177  3.0608
272 208 -0.0020  0.0020 17.0100
