VARIABLES= "X pix", "Y pix", "U pix/dt", "V pix/dt", "CHC", ZONE I=7, J=3
208  16  0.0023 -0.0006 14.5936
240  16  0.0052 -0.0004 14.6891
272  16  0.0019 -0.0009 16.2310
208  48  0.0006  0.0023  6.0990
240  48 -0.0000  0.0010 14.8785
272  48 -0.0032 -0.0018 14.9618
208  80 -0.0003 -0.0017  7.5222
240  80 -0.0029 -0.0013 17.2430
272  80 -0.0036  0.0011 14.3110
208 112 -0.0009 -0.0026  9.7926
240 112 -0.0026 -0.0002 10.7130
272 112 -0.0006 -0.0010 11.8929
208 144  0.0060 -0.0038 23.2911
240 144  0.0037 -0.0076 12.2161
272 144  0.0012  0.0010 16.4901
208 176 -0.0024 -0.0087  6.1449
240 176 -0.0047  0.0002  6.3384
272 176 -0.0005  0.0005  6.3085
208 208 -0.0059 -0.0058  9.1195
240 208  0.0036  0.0000 19.4631
272 208  0.0104  0.0000 13.4748
