VARIABLES= "X pix", "Y pix", "U pix/dt", "V pix/dt", "CHC", ZONE I=28, J=37
  4   4  0.0580  0.0612 10.6851
 12   4  0.0553  0.0480  9.7029
 20   4  0.0642  0.1344  9.2637
 28   4  0.0672  0.0559  9.2900
 36   4  0.0000 -0.0535  8.8691
 44   4  0.0000 -0.1599  9.0753
 52   4  0.0000  0.2114  9.3536
 60   4  0.0173 -0.0193  9.8110
 68   4 -0.0986  0.0228 11.0338
 76   4  0.0995  0.0450 10.5516
 84   4  0.0000 -0.0243 10.9185
 92   4 -0.0044 -0.0149 12.1476
100   4  0.0015  0.0080 12.8461
108   4 -0.0384 -0.0407 12.0963
116   4 -0.0454 -0.0601 11.7971
124   4  0.0000  0.0000 11.7754
132   4  0.0000 -0.0162 11.8572
140   4  0.0000  0.0693 12.0183
148   4 -0.0134  0.0852 11.6379
156   4 -0.0095  0.0866 12.5689
164   4 -0.0005 -0.0027 11.8784
172   4  0.0000 -0.0513 11.1958
180   4  0.0424 -0.0218 10.2308
188   4  0.0077  0.0089 11.7888
196   4 -0.0398 -0.0048 11.9137
204   4  0.0983  0.1069 11.0168
212   4  0.0415  0.0970 11.6456
220   4 -0.0694  0.0162 10.1396
228   4  0.0329  0.0146 10.5982
236   4 -0.0293  0.0503 10.2120
244   4 -0.0393  0.0020 10.6433
252   4 -0.0273  0.0638 11.5777
260   4 -0.0494  0.1330 15.3402
268   4  0.0000  0.0000 13.6592
276   4  0.0000 -0.0829 13.6720
284   4 -0.0082  0.0182 12.5088
292   4 -0.0159  0.0159 12.4220
  4  12 -4.8973 -3.8785  6.3931
 12  12  0.0000  1.0000 11.7124
 20  12  0.0000  0.7679 11.3629
 28  12  0.0000  1.0000 10.6667
 36  12  0.0000  0.2749  9.9740
 44  12  0.0000  0.0000 11.1304
 52  12  0.1287  1.6346  6.8267
 60  12  0.0000  1.7987  8.3246
 68  12 -0.1187 -0.1601  8.6858
 76  12  0.0000 -0.2691 10.4684
 84  12 -0.0711  0.1313  8.4328
 92  12 -0.2450 -6.0000 11.2814
100  12  4.4632 -3.6773 10.4065
108  12  0.0407  0.6082  8.3245
116  12 -0.0061  0.9513  8.2611
124  12  0.0000  0.2091  8.2286
132  12  0.0000  0.8838  8.3934
140  12  0.1040  0.7059  8.3683
148  12  0.0557  0.7852  8.4471
156  12 -4.2845 -1.9273  8.8445
164  12  0.1315  0.0539  7.7565
172  12 -0.0177  0.6022  7.3269
180  12  0.0145  0.9118  6.8411
188  12 -0.1136  0.6390  6.5847
196  12  0.0550  0.1387  6.6787
204  12 -0.0656 -0.0108  9.4315
212  12 -0.0954  0.1250  7.2905
220  12 -0.0713  0.3183  7.0492
228  12  0.0282  0.4083  7.1804
236  12  0.0034  0.2310  7.3534
244  12  0.0000  0.0987  8.2144
252  12 -0.0064  0.4537  7.6976
260  12 -0.0673  0.2553  7.9065
268  12  0.0000  0.3283  9.6455
276  12 -0.0591  0.1332  9.7839
284  12  0.0196  0.2626 10.0873
292  12 -0.1236  0.0086 10.8416
  4  20  0.0382 -0.1754  7.5635
 12  20 -0.0288 -0.0971  6.0531
 20  20  0.0515  0.2336  5.0308
 28  20  0.0000  0.0043  6.9627
 36  20 -0.1565 -6.3645  6.5338
 44  20  0.0690  0.1232  8.8468
 52  20  0.0051 -6.3195  8.0586
 60  20 -0.1038  0.1425  8.3323
 68  20  0.1009  0.2775  9.8594
 76  20 -0.0595  0.2463 11.8717
 84  20  0.0280  0.2471 10.6953
 92  20  0.0057  0.2863 11.5735
100  20 -0.0407  0.5952 13.4300
108  20  0.0397  0.0532 19.1138
116  20  0.0075  0.0327 17.2503
124  20  0.0085  0.0347 18.0927
132  20 -0.1153  0.0447 17.4264
140  20 -0.1118 -0.0827 14.8840
148  20 -0.0431  0.1606 14.4709
156  20  0.1546  0.5667 14.7743
164  20  0.0080  0.2895 28.1532
172  20  0.0000  0.0000  7.2679
180  20 -0.0979  0.4163 17.3844
188  20 -0.0172  0.1135 15.2271
196  20 -0.0479  0.0012 22.8960
204  20 -0.2640  0.0460 21.6567
212  20  0.0389  0.0764 18.8448
220  20  0.0670  0.0606 18.3648
228  20  0.0000  0.1188 16.6291
236  20 -0.1828  0.1236 14.5964
244  20 -0.0053  0.1023 18.2520
252  20  0.0052  0.0999 18.0716
260  20  0.0033  0.1278 14.7266
268  20  0.0208  0.1814 12.0656
276  20  0.2160  0.2293 14.4554
284  20 -0.0012  0.2115 12.6383
292  20  0.1324  0.2274 12.5637
  4  28  0.0331  0.1144  9.8192
 12  28 -0.1195  0.0984 12.3871
 20  28  0.0323  0.2265 16.5521
 28  28 -0.0400  0.0457  9.1730
 36  28  0.0098  0.0319  7.9384
 44  28  0.0180  0.0851  8.1999
 52  28 -0.0038  0.0645  7.6264
 60  28 -0.0134  0.0271  7.3599
 68  28 -0.0703  0.0871  8.2616
 76  28  0.1294  0.0452  7.4464
 84  28 -0.0490 -0.0490  7.2556
 92  28 -0.0109 -0.0385  7.6168
100  28 -0.0023  0.0877  7.9553
108  28  0.0604  0.0296  7.4947
116  28 -0.0400 -0.0586  8.9668
124  28  0.0742  0.1007  6.6537
132  28 -0.0853  0.2418  5.4682
140  28 -0.0039  0.4521  5.5500
148  28  0.0336  0.4198 11.6283
156  28 -0.1044  0.1220 12.4538
164  28 -0.3341  0.2620 13.3026
172  28 -0.0328  0.1131 11.0226
180  28  0.0560 -0.1226  6.6063
188  28 -0.0264 -0.0582  6.1109
196  28  0.0182  0.0569  6.5002
204  28 -0.0257  0.0726  6.3289
212  28 -0.0326  0.1069  6.2821
220  28  0.0463 -0.0695  6.3137
228  28  0.0120  0.0041  6.3472
236  28 -0.0338  0.0378  6.4524
244  28  0.0242  0.2253  7.2865
252  28 -0.0213  0.1459  7.9345
260  28  0.0262  0.1669  8.9387
268  28  0.0651  0.0571  7.5571
276  28  0.0055  0.1141  7.0237
284  28  0.0154  0.1590  7.1026
292  28  0.0086  0.1565  7.2391
  4  36  0.4243  0.0330  7.3117
 12  36 -0.8293 -0.2291  9.1733
 20  36 -0.0431  0.1221 10.7515
 28  36 -0.3610 -0.1132  9.7300
 36  36  0.0441 -0.0169 13.3694
 44  36 -0.2610  0.1486 14.7175
 52  36 -0.1008  0.1599 13.4301
 60  36  0.1364  0.2541 10.1294
 68  36  0.0642  0.1333  9.2850
 76  36  0.1003  0.2953  7.8977
 84  36  0.3243  0.2694  6.0884
 92  36  0.1010  0.2225 12.0089
100  36  0.1301 -1.3683 11.2632
108  36  0.2356 -0.2971 10.4532
116  36  0.5000  2.5000  9.2086
124  36  0.0654 -0.5000  8.9154
132  36  2.7083 -0.5000  6.1440
140  36 -0.1164 -0.5000  7.6040
148  36 -0.0586 -0.0253 13.4977
156  36 -0.0871  0.5494  9.7352
164  36 -0.0747  0.3872 10.1613
172  36  0.0256  0.0201  9.7936
180  36 -0.2810  0.3509  6.8994
188  36  0.0124  0.1448  8.7604
196  36  0.0059  0.2283  8.9411
204  36 -0.0111  0.0209 14.1697
212  36  0.1450 -0.0012 11.8500
220  36 -0.0970  0.0705 14.2781
228  36  0.1151  0.0164 10.7200
236  36 -0.0629  0.1178 12.8000
244  36 -0.1530 -0.1218  9.8536
252  36 -0.3156 -0.2267 11.3026
260  36  0.0269 -0.1376 11.6936
268  36  0.0482 -0.0244  9.6354
276  36  0.0702  0.1328 14.3691
284  36  0.0000 -0.0510 13.9918
292  36 -0.4697  0.2556 11.5841
  4  44 -0.0894  0.0087 12.8641
 12  44  0.2183  0.0565 11.8682
 20  44  0.1012  0.3693  9.3079
 28  44  0.0389  0.3373  7.2868
 36  44 -0.1296  0.4408  6.6778
 44  44 -0.0206 -0.0283  7.0137
 52  44  0.0000  0.0000 12.0628
 60  44  0.0000  0.0000 11.1304
 68  44  0.0000  0.0000  0.0000
 76  44  0.0000  0.0000  0.0000
 84  44  0.0000  0.0000  0.0000
 92  44  0.0000  0.0000  8.7810
100  44  0.0000  0.0000 11.1304
108  44 -0.2080 -0.2715 12.3107
116  44  0.0000  0.0000 13.5576
124  44  0.2875 -0.1417 10.3838
132  44  0.0000  0.0000  0.0000
140  44  0.1306  0.0555  5.1656
148  44 -0.0106  0.3716  8.9008
156  44 -0.0126  0.4602  7.4479
164  44 -0.0031  0.4261  7.8195
172  44  0.0713  0.1043  6.7595
180  44  0.0648  0.1266  8.7353
188  44  0.0000  0.0000 16.6957
196  44  0.0000  0.2597  9.1319
204  44  0.0492  0.1729  8.1560
212  44  0.0051  0.1411  9.4815
220  44  0.0000  0.0000 10.3707
228  44  0.0000  0.0000 12.9245
236  44 -0.0070  0.0234  8.7753
244  44 -0.0206 -0.0045 10.3886
252  44  0.1052  0.0857 12.5361
260  44  0.1004  0.0673 12.6782
268  44  0.0158  0.2069 13.6519
276  44 -0.0065  0.0055 18.5518
284  44  1.5000  0.1550 11.8242
292  44  0.0384  1.5000  8.5226
  4  52 -0.5000 -2.0000  8.8276
 12  52  0.0000  0.0000  0.0000
 20  52  0.0000  0.0000  0.0000
 28  52  0.0000  0.0000  0.0000
 36  52  0.0000  0.0000 11.1304
 44  52  0.5000  0.0000 11.1304
 52  52  0.0000  0.0000  0.0000
 60  52  0.0233  0.7126 12.2635
 68  52  0.0000  0.0000  0.0000
 76  52  0.0000  0.0000  0.0000
 84  52  0.0000  0.0000  0.0000
 92  52 -0.0981  0.1148  8.5709
100  52  0.1816  0.1354 10.7934
108  52 -0.0209  1.0675 11.5194
116  52  0.1119  0.0160 14.7320
124  52  0.0000 -0.5000 11.1304
132  52  0.0000  0.0000 16.1088
140  52 -0.5000 -0.5000  7.6910
148  52  0.6782  0.3628  9.7300
156  52 -0.2076 -0.0667  9.6020
164  52  0.0353  0.0293  9.7789
172  52 -0.2409  1.3821  8.0285
180  52  0.0000  0.0000 11.1304
188  52  0.0000 -0.5000  8.8276
196  52  0.0000  0.0000  0.0000
204  52  0.0000  0.0000  0.0000
212  52  0.0000  0.0000 16.1088
220  52 -0.3127  0.1061  9.8739
228  52 -0.2793  0.3089  9.8739
236  52  0.2429 -0.1759 14.5944
244  52 -0.2776  0.1355  9.3411
252  52  0.1981  0.1675 15.4662
260  52  0.0067 -0.0796  9.3659
268  52  0.2109  0.1169  7.6552
276  52 -0.0514  0.1097  8.0510
284  52 -0.0296  0.1166  9.5686
292  52 -0.0944  0.1358 12.4705
  4  60  0.0000  0.0000 11.1304
 12  60 -0.5000  4.5000  4.0635
 20  60  0.0000  0.0000  0.0000
 28  60  0.0000  0.0000  0.0000
 36  60  0.0000  0.0000  0.0000
 44  60  0.1151 -0.1151 16.5161
 52  60  0.0000  0.0000 12.0628
 60  60  0.0000  0.0000 11.0029
 68  60  0.1425  0.1313  9.6083
 76  60 -0.1539  0.2905  8.8204
 84  60  0.0300  0.6266 10.5041
 92  60  0.2601  0.1418  9.4545
100  60  0.0390  0.0812 13.9510
108  60  0.3086 -0.3950  6.0683
116  60  0.0000  0.0000 11.1304
124  60  0.1056 -1.5746 10.0855
132  60 -0.0498  1.6143  8.6646
140  60  0.0325 -1.9585  7.1322
148  60  0.0000 -0.0955 11.7002
156  60  0.0000 -0.1960 11.1304
164  60  0.0000  0.0000 16.1088
172  60  0.0000 -0.5000  8.8276
180  60  0.0698  0.2911 10.5124
188  60  0.0000  0.0000  0.0000
196  60  0.0000  0.0000  0.0000
204  60  0.0000  0.0000 11.1304
212  60  0.5000  0.0000  8.4768
220  60  0.0000  0.0000  0.0000
228  60  0.0000  0.0000  0.0000
236  60 -0.5000 -4.0000  7.5687
244  60  0.2922 -0.5327  6.7315
252  60  0.0000  0.0000 12.0628
260  60  0.2093 -0.0299 13.0089
268  60 -0.3047  0.0611 10.5285
276  60  0.0000  2.5000  8.8276
284  60  0.0000  2.1960 11.1304
292  60  0.2080  0.2715 12.3107
  4  68  0.0000  0.0000 11.1304
 12  68  0.0000  0.0000 12.0628
 20  68  0.1063  0.0000  6.9728
 28  68  0.0000  0.0000  0.0000
 36  68  0.0000  0.0000  0.0000
 44  68  0.1164 -1.0000  7.6040
 52  68 -0.1753 -0.0465 11.5241
 60  68 -0.1912  0.0000 12.4272
 68  68  1.3070  0.0337 12.4709
 76  68  0.0000  0.0000  0.0000
 84  68 -0.3074 -0.3384 10.9303
 92  68  0.0000  0.0000  0.0000
100  68  0.0000  0.0000  0.0000
108  68  0.0000  0.0000  0.0000
116  68  2.5000  4.5000  4.0635
124  68  0.0000  0.0000 11.1304
132  68 -0.1799  0.5000 12.6674
140  68 -0.1138  0.1378 11.4627
148  68 -0.5000  0.0448  8.9013
156  68  0.0000 -1.5000  7.8528
164  68  0.0000  0.0000  0.0000
172  68  0.0000  0.0000  0.0000
180  68 -0.5000  0.0000 11.1304
188  68  0.0000  0.0000 11.1304
196  68  0.0000  0.0000  0.0000
204  68 -0.5000  0.0000  8.8276
212  68 -0.0328  0.2156 15.3670
220  68  0.0000  0.0000  0.0000
228  68  0.0000  0.0000  0.0000
236  68  0.0000  0.0000  0.0000
244  68  0.0000  0.0000  0.0000
252  68  0.1960  2.5000 11.1304
260  68  0.0000  0.0000  0.0000
268  68  0.0000  0.0000 16.1088
276  68 -0.0272  0.0238 11.1899
284  68  0.0000 -0.5000  8.8276
292  68  0.0000 -0.5000  8.8276
  4  76 -1.0762  0.0293  9.9945
 12  76  0.6315  0.0826  6.9045
 20  76 -2.3534 -5.7949  6.0251
 28  76  0.2092  0.2630 10.3060
 36  76  0.4473 -0.2275  8.3297
 44  76  0.3147 -1.2235  7.7576
 52  76  0.1753 -0.0465 11.5241
 60  76  0.2977  1.0477  6.8162
 68  76 -0.3610 -0.3610  5.9535
 76  76  0.0990  0.1084 14.1241
 84  76  0.1093  0.4258  9.2382
 92  76  0.0000  0.0000  0.0000
100  76  0.0000  0.0000 20.7059
108  76  0.0000  0.0000 11.9011
116  76 -0.5000  0.0000  8.8276
124  76  0.0832 -0.3131  9.8462
132  76 -0.1013 -3.8364  5.1444
140  76 -0.1941 -0.2927  6.7442
148  76  0.0000  0.0000  0.0000
156  76  0.0000  0.0000  0.0000
164  76  0.0000  0.0000  0.0000
172  76  0.0000  0.0000 16.1088
180  76  0.5000  0.0000 11.1304
188  76  0.0000  0.0000 11.1304
196  76  0.0000  0.0000 11.1304
204  76  0.0000  0.0000  0.0000
212  76 -0.5000  0.0000  8.8276
220  76 -0.1771 -0.3967 12.7023
228  76  5.8826 -0.5000  6.1440
236  76  0.0000  0.0000  0.0000
244  76  0.0000  0.0000  0.0000
252  76  0.0000  0.0000  0.0000
260  76  0.0000  0.0000  0.0000
268  76  0.0000  2.0000 11.1304
276  76  0.0000  0.0000 16.1088
284  76  0.2081  0.1864  9.6241
292  76 -0.1656 -0.0786 10.7522
  4  84  0.8125  0.2754  9.2268
 12  84 -0.4021  1.2841  6.3215
 20  84 -0.0215  1.9520 10.6667
 28  84 -0.4654 -0.1130  7.0137
 36  84  0.0000  0.0000  0.0000
 44  84  0.2465  0.1880  8.9023
 52  84  0.4047  0.5000  6.1391
 60  84  0.0000  0.0000 16.1088
 68  84 -0.5000  0.0000  8.8276
 76  84  0.0000  0.0000  0.0000
 84  84 -0.3385  0.3106 13.2342
 92  84 -0.2617 -1.0595  7.8528
100  84  0.0000  0.0000  0.0000
108  84  0.0000  0.0000  0.0000
116  84 -0.4043 -0.4043  8.0000
124  84 -0.2379 -0.2990 13.4661
132  84  0.0000  0.0000  0.0000
140  84 -0.3095  0.2269  6.1440
148  84  0.0000  0.0000  0.0000
156  84 -0.2780 -0.1270 13.3759
164  84 -0.5000 -0.5000  4.0635
172  84  0.0000  0.0000  0.0000
180  84  0.0000  2.5000  8.8276
188  84  0.0000  0.0000  0.0000
196  84  0.0000  0.0000 16.1088
204  84  0.0000  0.0000  0.0000
212  84  0.0000  0.0000  0.0000
220  84  0.0000  0.0000  0.0000
228  84  0.0000  0.0000 16.1088
236  84  0.0000  0.0000 11.1304
244  84  0.0000  0.0000 11.1304
252  84  0.0000  0.0000 16.1088
260  84     NaN     NaN  5.9535
268  84  0.0000  0.0000  0.0000
276  84  0.0000  0.0000  0.0000
284  84  0.0000  0.0000 11.1304
292  84  0.0000  0.0000 16.1088
  4  92  0.0000  0.0000  0.0000
 12  92 -0.0393 -0.2021 14.7421
 20  92 -0.0517 -0.3017  8.7613
 28  92  0.0000  0.0000 16.1088
 36  92  0.0000  0.0000  0.0000
 44  92 -0.3321 -0.1276 10.3409
 52  92  0.0000  0.0000  0.0000
 60  92  0.0000 -0.5000  8.8276
 68  92  0.0000  0.0000  0.0000
 76  92  0.0000  0.0000  0.0000
 84  92  0.0000  2.5000  8.8276
 92  92 -2.5000  0.0000 11.1304
100  92  0.0000  0.0000  0.0000
108  92  0.0000  0.0000  8.8276
116  92  0.0000  0.0000 17.2183
124  92  0.0000  0.0000  0.0000
132  92 -0.2435  0.0953 12.0093
140  92  0.0000  0.0000 13.5576
148  92  0.0000  0.0000 16.1088
156  92 -0.5000  0.0000  8.8276
164  92  0.0000  0.0000 13.1641
172  92 -0.3732  0.3694 10.3318
180  92 -0.5000  0.0000 11.1304
188  92  2.0000  0.0000 12.0960
196  92  1.5757  0.0645 10.9951
204  92  0.0000 -0.5000  8.8276
212  92  0.0000  0.0000  0.0000
220  92  0.0000  0.0000  0.0000
228  92  0.0000  0.0000 11.1304
236  92  0.0000  0.0000  0.0000
244  92  0.0000  0.0000  0.0000
252  92  0.0000  0.0000 11.1304
260  92  0.0000  0.0000  0.0000
268  92  0.0000  0.0000  0.0000
276  92  0.0000  0.0000  0.0000
284  92  0.0000  0.0000 11.1304
292  92  0.0000  0.0000  0.0000
  4 100 -0.0608 -1.6128  8.0183
 12 100  0.0970 -2.9555  5.1469
 20 100 -0.3212 -1.5000  8.2444
 28 100  0.0000  0.0000 16.1088
 36 100  2.5000  0.0000  8.8276
 44 100  0.0000  0.0000 11.1304
 52 100  0.0000  0.1960 11.1304
 60 100 -0.0850  2.0000  5.4468
 68 100  0.1695 -0.0770  7.9096
 76 100  0.0000  0.0000  0.0000
 84 100  0.0000 -0.5000  8.8276
 92 100  0.0298 -3.3649  8.7589
100 100  0.0378 -0.1599 11.1904
108 100  0.0000  0.0000 13.5576
116 100  0.0000  0.0000  0.0000
124 100  0.0000 -0.5000  8.8276
132 100 -0.2711  0.5000  7.7341
140 100  0.0000 -0.5000  8.8276
148 100  0.0000 -0.1063  6.9728
156 100  0.0000  0.0000  0.0000
164 100  0.0000 -0.5000  8.8276
172 100  0.0000 -0.5000  8.8276
180 100  0.0000  0.0000  0.0000
188 100 -2.0956  0.1753 11.5481
196 100  0.0000  0.0000  0.0000
204 100 -0.0418 -0.1521 12.6567
212 100  0.0000  0.0000  0.0000
220 100  0.0000  0.0000  0.0000
228 100  0.0000  0.0000  0.0000
236 100 -0.1960  2.5000 11.1304
244 100  0.0000  0.0000  0.0000
252 100  0.1841 -0.0418 12.3683
260 100  0.0000  0.0000  0.0000
268 100  4.7644  0.2033  8.2581
276 100  0.0000  0.0000 11.1304
284 100  0.0000  0.0000 16.1088
292 100 -0.1180  2.5000  9.2850
  4 108  0.0000  1.8670  9.8239
 12 108  0.0000  0.0000  0.0000
 20 108  2.5000  0.0000  8.8276
 28 108  0.0000  0.0000  0.0000
 36 108  0.0000  0.0000  0.0000
 44 108  2.5000 -5.9474  9.7439
 52 108 -0.9502 -0.5000  5.8707
 60 108 -0.1717 -0.4043 10.4490
 68 108  0.0000  5.0000 11.1304
 76 108  0.0000  0.0000  0.0000
 84 108  0.0000  0.0000  0.0000
 92 108  0.0250  0.2373  7.1776
100 108 -0.3131  0.0320  9.5167
108 108  0.0000  0.0000 13.3260
116 108  0.0000  0.0000  0.0000
124 108  0.0518  0.0274 15.6098
132 108 -0.7379  2.5000  7.2172
140 108  1.0000  0.0000  9.2850
148 108 -0.1760  0.0000 15.0588
156 108  0.0000  0.0000  0.0000
164 108  0.0000  0.0000  0.0000
172 108  0.0698  0.2911 10.5124
180 108  0.0000  0.0000  0.0000
188 108  0.0000  0.0000  0.0000
196 108  0.0000  0.0000  0.0000
204 108  0.0000  0.0000  0.0000
212 108  0.2907  0.0403 10.5761
220 108  0.0000  0.1960 11.1304
228 108  0.0000  0.0000 12.0628
236 108 -0.5000 -0.0391  9.3822
244 108  0.0000  5.0000 11.1304
252 108  0.0000  0.0000  0.0000
260 108  0.0000  0.0000  0.0000
268 108 -4.5000 -0.1174 13.8795
276 108  0.0000  0.0000  0.0000
284 108  0.0000 -0.5000  8.8276
292 108  0.0000  0.0000 11.1304
  4 116 -0.5000  2.5000  4.0635
 12 116 -0.3412 -1.9680  8.9600
 20 116  0.3359  0.1046  7.1111
 28 116  0.0000  0.0000  0.0000
 36 116  0.0000  0.0000  0.0000
 44 116 -0.1841  0.0418 12.3683
 52 116  2.5000 -0.1180  9.2850
 60 116  0.0000 -0.5000 11.1304
 68 116  0.0000  0.0000  0.0000
 76 116 -1.1838 -0.5000  7.5779
 84 116  0.0000  0.0000  0.0000
 92 116  0.1574 -0.2778 12.4163
100 116  0.0000 -0.5000  8.8276
108 116 -0.2011 -0.1988 14.8099
116 116 -0.1656  0.0786 10.7522
124 116 -0.1123 -0.0711 13.6764
132 116  1.0492 -0.0305 12.6667
140 116 -0.1960  0.0000 11.1304
148 116  0.2567 -0.5000  6.2076
156 116  0.0000  0.0000  0.0000
164 116  0.0000  0.0000 11.1304
172 116  0.0000  0.0000 12.0628
180 116  0.0000  0.0000  0.0000
188 116  0.0000  0.0000  0.0000
196 116  0.0000  0.0000  0.0000
204 116  0.0000  0.0000 11.1304
212 116  0.0000  0.0000  0.0000
220 116  0.0000  0.0000  0.0000
228 116  0.0000  0.0000 16.1088
236 116  0.0000  0.0000  0.0000
244 116  0.0000  0.0000  0.0000
252 116 -0.5000 -0.1588 10.5785
260 116  0.0000  0.0000  0.0000
268 116  0.0000 -0.5000  4.0635
276 116  0.0000  0.0000 11.1304
284 116  0.0000  0.0000 16.1088
292 116  0.1123 -0.0711 13.6764
  4 124 -4.1748 -4.5000 10.0445
 12 124  0.0000  0.0000  0.0000
 20 124     NaN  0.3822  4.3761
 28 124  0.0000  0.0000  0.0000
 36 124  0.0976  0.6946 10.0478
 44 124  3.8976  1.8472  8.5443
 52 124  0.0000  3.0000 11.1304
 60 124 -0.0697  5.2522  7.8783
 68 124  0.2752  4.7378  7.2842
 76 124  0.0000  0.0000  0.0000
 84 124  0.0518  0.0274 15.6098
 92 124 -1.8584  0.2562  8.7008
100 124 -0.0264 -0.3145 11.0777
108 124  5.3223  2.5000  5.4468
116 124  0.0000  0.0000 16.1088
124 124  0.0000  2.5000  8.8276
132 124  0.0000  0.0000  0.0000
140 124  0.0000  0.0000  0.0000
148 124  4.5000  4.5000  4.0635
156 124  0.0000  0.0000  0.0000
164 124  0.0000  0.0000  0.0000
172 124  0.7379  2.5000  7.2172
180 124  0.0000  0.0000  0.0000
188 124  0.0000  0.0000  0.0000
196 124  0.0000  0.0000  0.0000
204 124  0.0000  0.0000  0.0000
212 124  0.0000  0.0000  0.0000
220 124  0.0000  0.0000  0.0000
228 124  0.0000  0.0000  0.0000
236 124  0.0000  0.0000 11.1304
244 124  0.0000  0.0000 11.1304
252 124  0.0000  0.0000  0.0000
260 124  0.0000  0.0000 11.1304
268 124  0.0000  0.0000 11.1304
276 124  2.5000  0.0000  8.8276
284 124  0.0000  0.0000  0.0000
292 124  0.0000  2.5000  8.8276
  4 132 -0.1823  3.6238  7.0072
 12 132 -0.1453  3.9555  8.5968
 20 132  0.0000  4.6564 12.4564
 28 132 -0.0570  5.2197 10.8095
 36 132 -5.0285  4.5996 12.8494
 44 132  2.5000  0.0391  9.3822
 52 132  0.0000  0.0000  0.0000
 60 132 -0.2728 -6.3152  9.8632
 68 132  0.1112 -2.0886  5.6889
 76 132 -0.3116  0.2638  8.8684
 84 132 -0.0158  0.4538  9.9351
 92 132  0.0000  0.0000  0.0000
100 132 -0.2747  2.5000  9.5218
108 132  5.0000 -0.5000  8.8276
116 132  1.5000  2.5000  7.4357
124 132 -0.2375 -0.3586 11.7728
132 132  0.0000  0.0000  0.0000
140 132  0.3732 -0.3694 10.3318
148 132  0.0000  0.0000  0.0000
156 132  0.0000  0.0000  0.0000
164 132  0.0000 -0.5000  8.8276
172 132  0.0000 -0.5000  8.8276
180 132  0.0000  0.0000  0.0000
188 132  0.0000  0.0000  0.0000
196 132  0.0000  0.0000  0.0000
204 132  0.0000  0.0000  0.0000
212 132  0.0000  0.0000  0.0000
220 132  0.0000  0.0000  0.0000
228 132  0.0000  0.0000  0.0000
236 132  0.0000  0.0000  0.0000
244 132  0.0000  0.0000  0.0000
252 132  0.0000  0.0000  0.0000
260 132  0.0000  0.0000 11.1304
268 132  0.0000 -0.5000  8.8276
276 132  0.0000  0.0000 11.1304
284 132  2.5000 -0.5000  4.0635
292 132 -0.5000 -5.0000  8.8276
  4 140  0.2586 -5.3834  5.5895
 12 140  0.0000 -3.0000  9.9826
 20 140  0.0000  0.0000  0.0000
 28 140     NaN     NaN  4.0635
 36 140  0.0000  0.0000  0.0000
 44 140  0.0000  0.0000 11.1304
 52 140  0.0000  0.0000 11.1304
 60 140 -0.2190 -0.2525 10.3911
 68 140 -1.1838 -0.5000  7.5779
 76 140  0.0000  0.0000  0.0000
 84 140 -1.6861  0.3496  6.6539
 92 140  0.2081 -0.1864  9.6241
100 140  0.0000 -0.5000  8.8276
108 140  0.0000  0.0000  0.0000
116 140  0.0000 -0.5000  8.8276
124 140  0.0000  0.0000 12.0628
132 140  0.0000  0.0000  0.0000
140 140 -0.3732  0.3694 10.3318
148 140  0.0000  0.0000  0.0000
156 140  0.0000  0.0000  0.0000
164 140  0.1960  0.0000 11.1304
172 140  0.0000  0.0000 11.1304
180 140  0.0000  0.0000  0.0000
188 140  0.0000  0.0000  0.0000
196 140  0.0000  0.0000  0.0000
204 140  0.0000  0.0000  0.0000
212 140  0.0000  0.0000 11.1304
220 140     NaN  5.1203  5.4468
228 140  0.0000  2.5000  8.8276
236 140  0.0000  0.0000  0.0000
244 140  0.0000  0.0000  0.0000
252 140  0.0000  0.0000  0.0000
260 140  0.0000  0.0000  0.0000
268 140  0.0000  0.0000  0.0000
276 140  2.5000  0.0000  8.8276
284 140  0.0000  2.5000  8.8276
292 140 -2.9011  0.1253  8.0183
  4 148 -0.3468  2.5000 10.2045
 12 148 -0.0497  2.8920  7.1344
 20 148  0.0000  0.0000  0.0000
 28 148  0.0000  0.0000  0.0000
 36 148  2.5000  0.0000  8.8276
 44 148  0.0000  0.0000  0.0000
 52 148  0.5000  0.0000 11.1304
 60 148  0.0000  0.0000 16.1088
 68 148 -0.5000  4.5000  4.0635
 76 148  0.0000 -0.5000  8.8276
 84 148     NaN -5.1203  5.4468
 92 148  0.0000  0.0000 11.1304
100 148  0.0000  0.0000 11.1304
108 148  0.0000  0.0000  0.0000
116 148  0.0000  0.0000 11.1304
124 148 -0.5000  0.0000  8.8276
132 148 -2.5000  0.0000 11.1304
140 148  0.1960  0.0000 11.1304
148 148  0.0000  2.5000  8.8276
156 148  0.0000  0.0000  0.0000
164 148 -0.0698 -0.2911 10.5124
172 148  0.0000  0.0000 11.1304
180 148  0.0000  0.0000  0.0000
188 148  0.0000  0.0000  0.0000
196 148  0.0000  0.0000  0.0000
204 148  0.0000  0.0000  0.0000
212 148  0.1068  0.3135 15.1963
220 148 -0.5000 -0.5000  4.0635
228 148  0.0000  0.0000 11.1304
236 148  0.0000  0.0000  0.0000
244 148  0.0000  5.0000 11.1304
252 148  0.0000  0.0000  0.0000
260 148 -1.7362  0.1450  7.9834
268 148  2.5000 -5.1588 10.5785
276 148  0.0000  0.0000  0.0000
284 148  0.0000 -0.1960 11.1304
292 148 -2.1709  0.4715  8.8724
  4 156  0.0000  0.0000  0.0000
 12 156  0.0000  0.0000  6.0207
 20 156 -0.2566 -2.5000  6.1793
 28 156  1.5000 -1.0000  7.4357
 36 156  0.0000  0.0000  0.0000
 44 156  0.0000  0.0000  0.0000
 52 156 -0.1867  2.5000  6.4178
 60 156  0.0000  0.0000  0.0000
 68 156  0.0391  2.5000  9.3822
 76 156  0.5000  4.5000  4.0635
 84 156  0.0000  2.5000  8.8276
 92 156  0.0000  2.5000  8.8276
100 156  0.3019  3.7586  9.1429
108 156  0.0000  4.2304 17.0667
116 156  0.0000  2.5000  8.8276
124 156 -1.0000  0.0000  9.2850
132 156  0.0000  0.0000  0.0000
140 156  0.1180 -0.5000  9.2850
148 156  0.0000 -0.5000  8.8276
156 156  0.0000  0.0000 11.1304
164 156  0.1789  3.6350  7.5025
172 156  0.0000  0.0000  0.0000
180 156  0.0000  4.6564 12.4564
188 156  0.0000  0.0000  0.0000
196 156  0.0000  0.0000  0.0000
204 156  0.0000  0.0000  0.0000
212 156 -0.3309 -0.0637  7.1846
220 156 -0.1151  0.1151 16.5161
228 156  4.5000 -0.5000  4.0635
236 156  0.2917  0.0000 11.1304
244 156  0.0000  0.0000  8.4768
252 156  0.0000  0.0000  0.0000
260 156  0.0000  0.0000  0.0000
268 156 -1.1838  2.5000  7.5779
276 156  0.0000  0.0000  0.0000
284 156  0.0000  0.0000  0.0000
292 156  0.0000  0.0000  0.0000
  4 164  0.0000  0.0000  0.0000
 12 164  0.0000  0.0000  0.0000
 20 164  0.6907  0.2991  8.0688
 28 164  0.0000  0.0000  0.0000
 36 164  0.0000  0.0000  0.0000
 44 164  4.5000 -0.3567  6.5306
 52 164  0.0000 -5.1960 11.1304
 60 164  1.8247 -3.5000  5.9933
 68 164  0.2271 -0.5000  9.5143
 76 164 -1.1731 -0.0306 10.0981
 84 164  0.0000  0.0000  0.0000
 92 164  0.0000  0.0000  9.2850
100 164  0.0000  0.0000  0.0000
108 164  0.0000  0.0000  0.0000
116 164  0.2917  0.0000 11.1304
124 164  0.6001  0.1776  6.9856
132 164 -0.5000  4.5000  4.0635
140 164  1.1838  2.5000  7.5779
148 164  0.0000  0.0000  0.0000
156 164  0.0000  0.0000  0.0000
164 164  0.0000  0.0000  0.0000
172 164 -0.2167  0.0000 14.5907
180 164  0.0000  0.0000  0.0000
188 164  0.0000  0.0000  0.0000
196 164 -0.5000  0.0000  8.8276
204 164 -1.5000  0.0000  8.2581
212 164 -0.5000 -1.0000  4.0635
220 164  0.1276  0.3321 10.3409
228 164  2.5000  2.5000  7.6040
236 164  0.5000  0.5000  7.8168
244 164  5.5000 -0.5000  4.0635
252 164  0.0000  0.0000  0.0000
260 164 -0.3309 -0.0637  7.1846
268 164  4.5000 -0.5000  4.0635
276 164  0.0000  0.0000  0.0000
284 164  0.0000  0.0000  0.0000
292 164  0.0000  0.0000  0.0000
  4 172  0.0000  0.0000  0.0000
 12 172  0.2271 -0.5000  9.5143
 20 172  0.0000  0.0000 16.1088
 28 172 -0.4321 -4.2009  5.4686
 36 172  0.1179 -0.2046  7.7363
 44 172  0.0000  0.0000  0.0000
 52 172  3.5000 -0.2064  9.1637
 60 172 -1.0000  3.5000  5.9112
 68 172  2.9591  0.1058  9.2648
 76 172 -0.1068  0.5000 14.1617
 84 172 -2.7620 -2.5000  9.9740
 92 172 -0.0391 -0.5000  9.3822
100 172  4.5000  4.5000  4.0635
108 172  0.0000  0.0000  0.0000
116 172  0.5000  0.0000 11.1304
124 172  0.0000 -0.5000  8.8276
132 172  0.0000  0.0000  0.0000
140 172  0.0000  0.0000 11.1304
148 172  0.0000  0.0000  0.0000
156 172  4.5000  4.5000  4.0635
164 172  0.0000  0.0000  0.0000
172 172 -0.0675  0.3121 12.8166
180 172  0.0000  0.0000 11.1304
188 172  0.0000  0.0000  0.0000
196 172  6.3922 -0.5000 11.8819
204 172  2.5000  4.5000  4.0635
212 172  0.0000  0.0000  0.0000
220 172  0.0545 -0.0652 12.4746
228 172  5.0000 -0.5000  8.8276
236 172  0.2917  0.0000 11.1304
244 172  0.0000  0.0000  0.0000
252 172  0.0000  0.0000  0.0000
260 172  0.0000  0.0000  0.0000
268 172  0.0000  0.0000 11.1304
276 172  0.0000  0.0000  0.0000
284 172  0.0000  0.0000  0.0000
292 172  0.0000  0.0000  0.0000
  4 180  0.0000  2.5000  8.8276
 12 180 -0.0548  0.0000 10.1947
 20 180  0.0000  0.0000  0.0000
 28 180 -0.0694  1.5000  8.7551
 36 180 -4.5777  2.5000  4.6113
 44 180  0.0000  0.0000  0.0000
 52 180  0.1960  0.0000 11.1304
 60 180  0.0000  0.0000  0.0000
 68 180  0.2011 -0.1988 14.8099
 76 180  0.0000  0.0000  0.0000
 84 180  0.0000  2.5000  8.8276
 92 180  0.0000  0.0000  0.0000
100 180  0.0000  0.0000  0.0000
108 180  0.0000 -0.5000  8.8276
116 180  5.5000 -0.5000  4.0635
124 180  0.0000  2.5000  8.8276
132 180 -0.5000  4.5000  4.0635
140 180  0.0000  0.0000  0.0000
148 180  0.0000  0.0000  0.0000
156 180  0.0000  0.0000  0.0000
164 180  0.0000  0.0000  0.0000
172 180  0.2029  0.0000 11.3947
180 180  0.0000  0.0000  0.0000
188 180  0.0000  0.0000  0.0000
196 180  0.0000  0.0000  0.0000
204 180  0.0000  0.0000  0.0000
212 180 -5.0611 -0.5000  8.1769
220 180 -0.3423 -5.2457  7.0292
228 180  0.0000  0.0000  0.0000
236 180  0.0000  0.0000  0.0000
244 180  0.0000  0.0000  0.0000
252 180  0.0000  0.0000  0.0000
260 180  0.0000  0.0000  0.0000
268 180  0.0000  0.0000  0.0000
276 180  0.0000  0.0000  0.0000
284 180  0.0000  0.0000  0.0000
292 180  0.0000  0.0000  0.0000
  4 188  0.0000  0.0000  0.0000
 12 188  0.0000  2.5000  8.8276
 20 188  0.0000  0.0000 11.1304
 28 188  0.0000  0.0000 16.1088
 36 188  0.0000  0.0000  0.0000
 44 188  0.0000  0.0000  0.0000
 52 188 -1.5000  2.5000  7.4357
 60 188 -2.7620 -2.5000  9.9740
 68 188  0.0000 -5.0000  8.4768
 76 188  2.5000 -5.0000  8.8276
 84 188 -0.4025 -0.5000  7.3745
 92 188  0.0000  0.0000  0.0000
100 188  0.0000  0.0000  0.0000
108 188 -0.0418  0.1521 12.6567
116 188  0.0000  0.0000  0.0000
124 188  0.0000  0.0000  0.0000
132 188 -0.5000  4.5000  4.0635
140 188  0.0000  0.0000  0.0000
148 188  0.0000  0.0000  0.0000
156 188  0.0000  0.0000  0.0000
164 188 -1.5000  0.0000  8.2581
172 188 -0.2527 -0.2734  8.4780
180 188  0.0000  0.0000  0.0000
188 188  0.0000  0.0000  0.0000
196 188  0.0000 -0.5000  8.8276
204 188  2.5000 -5.0391  9.3822
212 188 -4.2079 -4.3952 10.2185
220 188  0.0000  0.0000  0.0000
228 188  2.5000 -0.5000  4.0635
236 188  0.0000  0.0000  0.0000
244 188  0.0000  0.0000  0.0000
252 188  0.0000  0.0000  0.0000
260 188  0.0000  0.0000  0.0000
268 188  0.0000  0.0000  0.0000
276 188  0.0000  0.0000  0.0000
284 188  0.0000  0.0000  0.0000
292 188  0.0000  0.0000  0.0000
  4 196  5.5000  4.5000  4.0635
 12 196 -0.3732  0.3694 10.3318
 20 196 -0.0083  0.0418 11.2576
 28 196  0.0000  0.0000  0.0000
 36 196  0.0000  2.5000  8.8276
 44 196  0.0000  0.0000  0.0000
 52 196  0.0000  0.0000  0.0000
 60 196  0.0000  0.0000  0.0000
 68 196  0.0000  0.0000  0.0000
 76 196  0.0000  0.0000 11.1304
 84 196 -0.2375 -0.3586 11.7728
 92 196  0.0000  0.0000  0.0000
100 196  0.0000  0.0000  0.0000
108 196 -1.5000  0.0000  8.2581
116 196  0.0000  0.0000  1.0000
124 196  0.0000  0.0000  0.0000
132 196 -0.5000 -0.5000  4.0635
140 196  0.0000  0.0000  0.0000
148 196  0.0000  0.0000  0.0000
156 196  0.0000  0.0000  0.0000
164 196 -2.7620  2.5000  9.9740
172 196 -0.4294  0.4194  7.7939
180 196  0.0000  0.0000  0.0000
188 196  0.0000  0.0000  0.0000
196 196  0.0000  0.0000  0.0000
204 196 -0.3468 -1.0000 10.2045
212 196  1.6987  4.8763  9.9177
220 196 -0.5000  5.0000  8.8276
228 196  0.0000  0.0000  0.0000
236 196  0.0000  2.5000  8.8276
244 196  0.0000  0.0000  0.0000
252 196  0.0000  0.0000  0.0000
260 196  0.0000  0.0000 11.1304
268 196  0.0000  0.0000  0.0000
276 196  0.0000  0.0000  0.0000
284 196 -0.5000  0.0000  8.8276
292 196  0.0000  0.0000  8.4768
  4 204 -0.0757 -0.2815 17.8605
 12 204 -0.1308  0.4243  9.2195
 20 204  2.2591  0.3471  7.5496
 28 204  0.0000  0.0000  0.0000
 36 204  4.5000  4.5000  4.0635
 44 204  0.0000  0.0000 11.1304
 52 204 -5.2952 -0.1511 15.1864
 60 204  0.0000  0.0000  0.0000
 68 204  0.0000  2.5000  8.8276
 76 204 -0.5000  0.2675  6.7138
 84 204  0.0000  0.0000  0.0000
 92 204  0.0000  0.0000  0.0000
100 204  0.1068 -0.3135 15.1963
108 204  0.0000  0.0000  0.0000
116 204  0.0000  0.0000  0.0000
124 204  0.0000  0.0000  0.0000
132 204 -0.5000  4.5000  4.0635
140 204  0.0000  0.0000  0.0000
148 204 -0.5000 -0.5000  4.0635
156 204  0.0000  0.0000  0.0000
164 204  0.0000  0.0000  0.0000
172 204  1.0000  2.5000  9.2850
180 204  0.0000  2.5000  8.8276
188 204  4.5000  4.5000  4.0635
196 204  0.0000  0.0000  0.0000
204 204  0.0000  0.0000 16.1088
212 204  5.1494 -0.5000  8.1228
220 204  0.0000  2.5000  8.8276
228 204  0.0000  5.0000 11.1304
236 204  0.1960  0.0000 11.1304
244 204 -5.1960  2.5000 11.1304
252 204  0.0000  0.0000  0.0000
260 204  0.0000  0.0000  0.0000
268 204  0.0000  0.0000  0.0000
276 204  0.0000  0.0000  0.0000
284 204  0.0000  0.0000  0.0000
292 204 -0.0260 -0.1932  9.9740
  4 212  0.6629 -0.5000  4.3545
 12 212  0.0000  0.0000 11.1304
 20 212  0.0000  0.0000  0.0000
 28 212  0.3301 -0.2286  8.0000
 36 212  0.0000 -0.5000  8.8276
 44 212  0.0000  0.0000  0.0000
 52 212 -0.5000  0.0836  9.2702
 60 212  0.0000  0.0000  0.0000
 68 212 -0.1841  0.0418 12.3683
 76 212  0.2513  0.2697  7.4301
 84 212  0.0000  0.0000  0.0000
 92 212  0.0000  0.0000  0.0000
100 212  0.0000  0.0000  0.0000
108 212  0.3103  0.1925  7.4960
116 212  0.0000  0.0000  0.0000
124 212  0.0000  0.0000  0.0000
132 212  0.0000  0.0000  0.0000
140 212  0.0000  0.0000  0.0000
148 212  0.0000  0.0000  0.0000
156 212 -0.5000  5.0000  8.8276
164 212  0.0000  0.0000 16.1088
172 212 -0.5000  0.0000  8.2581
180 212  0.1960  0.0000 11.1304
188 212  0.0000  0.0000  0.0000
196 212  0.0000  0.0000  0.0000
204 212  0.0000  0.0000  0.0000
212 212 -0.2298  0.1898 13.8795
220 212  0.0000 -4.6564 12.4564
228 212  0.0000  0.0000  0.0000
236 212  0.0000  0.0000  0.0000
244 212 -5.1960  0.0000 11.1304
252 212  0.0000  0.0000 11.1304
260 212  0.0000  0.0000  0.0000
268 212  0.0000  0.0000  0.0000
276 212  0.0000  0.0000  0.0000
284 212  0.1960  2.5000 11.1304
292 212  1.5000  0.0000  8.2581
  4 220  0.3191  0.0737  6.6539
 12 220  0.0000  0.0000  0.0000
 20 220  0.0000  0.0000  0.0000
 28 220  0.2375 -0.3586 11.7728
 36 220  0.0000 -0.5000  8.8276
 44 220  0.0000  0.0000  0.0000
 52 220  0.0000  0.0000  0.0000
 60 220  2.5000  0.3396  5.4468
 68 220 -0.3127 -5.1061  9.8739
 76 220  0.0000  0.0000  0.0000
 84 220  4.5000  4.5000  4.0635
 92 220  0.0000  2.5000  8.8276
100 220  0.0000  0.0000  0.0000
108 220 -0.3468  2.5000 10.2045
116 220  0.0000  0.0000  0.0000
124 220  0.0000  0.0000  0.0000
132 220  0.0000  0.0000  0.0000
140 220  4.5000  4.5000  4.0635
148 220  4.5000  4.5000 10.2230
156 220 -0.5000 -0.0448  8.9013
164 220  0.0000  0.0000  0.0000
172 220  0.0000  0.0000 17.0667
180 220 -0.2802  0.0546 12.7691
188 220  0.0000  0.0000  0.0000
196 220  0.0000  0.0000  0.0000
204 220  0.0000  0.0000  0.0000
212 220  0.0000  0.0000  0.0000
220 220  0.0000  0.0000  0.0000
228 220  0.0000  0.0000  0.0000
236 220  3.5000 -0.2209  5.8182
244 220  0.0811 -3.3806 12.2095
252 220  0.0000  0.0000  0.0000
260 220  0.0000  0.0000  0.0000
268 220  0.0000  0.0000  0.0000
276 220  0.0000  0.0000  0.0000
284 220  0.0000  0.0000 16.1088
292 220     NaN     NaN  5.4468
