VARIABLES= "X pix", "Y pix", "U pix/dt", "V pix/dt", "CHC", ZONE I=28, J=37
  4   4  0.0000  0.0000  8.8343
 12   4  0.0000  0.0000  8.7363
 20   4  0.0000  0.0171  8.6582
 28   4 -0.0121 -0.0034  8.7235
 36   4  0.0000 -0.0111 10.2753
 44   4  0.0000  0.0000 10.3427
 52   4  0.0000  0.0187  9.9345
 60   4  0.0000  0.0109  9.8355
 68   4  0.0000  0.0000 10.0895
 76   4  0.0000  0.0000  9.7565
 84   4 -0.0023 -0.0397 10.1053
 92   4  0.0000  0.0000 10.3078
100   4  0.0067 -0.0026 11.0196
108   4  0.0006 -0.0053 11.8179
116   4  0.0000 -0.0286 12.1954
124   4  0.0000  0.0000 10.1847
132   4  0.0000  0.0000 11.9483
140   4  0.0000  0.0000 11.9483
148   4  0.0000  0.0000 10.8101
156   4  0.0000  0.0000 12.6664
164   4  0.0303  0.0586 11.2005
172   4 -0.0050 -0.0790 10.7771
180   4  0.0013 -0.0054 10.9400
188   4 -0.0468 -0.0655 10.4149
196   4 -0.0011  0.0021  9.4210
204   4 -0.0797  0.0842 12.3969
212   4  0.0000  0.0000 10.6057
220   4  0.0000  0.0239  9.9982
228   4  0.0000  0.0000 10.1740
236   4  0.0000  0.0000  9.4208
244   4  0.0000  0.0000 11.0903
252   4  0.0000  0.0000 10.6057
260   4  0.0257 -0.2859  9.7151
268   4  0.0000 -0.0341 10.4867
276   4  0.2789 -0.2061 13.0964
284   4  0.0000  0.0000 11.6053
292   4  0.0000  0.0000 11.6053
  4  12  0.0000  0.0000 10.4065
 12  12  0.0000 -0.3356 11.6053
 20  12  0.2110 -0.6792 11.3179
 28  12  0.0000  0.0000 12.7664
 36  12  0.0000  0.0375  8.7605
 44  12  0.0371  0.1075  7.0965
 52  12  0.0000  0.0500  8.7521
 60  12  0.0472 -0.2280  6.9040
 68  12 -0.0287  0.0046 10.4760
 76  12  0.0000  0.0000 10.1857
 84  12  0.0000  0.0000  8.8779
 92  12 -0.0522  0.0823 25.5788
100  12  0.0442  0.0777 26.1702
108  12  0.0000  0.0000  8.2794
116  12 -0.0453 -0.0066  8.2475
124  12 -0.0145  0.0118  8.3344
132  12 -0.0005 -0.0932  8.6307
140  12  0.0000  0.0000  8.6529
148  12  0.0004 -0.0493  8.5279
156  12 -0.0025 -0.0033 21.0424
164  12  0.0058 -0.0205 20.0470
172  12 -0.0115 -0.0080  9.2752
180  12  0.0000  0.0064 11.1276
188  12  0.0360  0.0133 11.6340
196  12  0.0375 -0.0282 12.7763
204  12 -0.0990  0.1304 12.4191
212  12  0.0034 -0.0029 20.2205
220  12  0.0145 -0.0025 15.8145
228  12  0.0000 -0.0227 14.0659
236  12 -0.0089  0.0665 24.0900
244  12 -0.0175 -0.0825 18.1781
252  12 -0.0194 -0.0069 16.4813
260  12  0.0506 -0.1239 12.2262
268  12 -0.0602 -0.1077 10.0392
276  12 -0.1275 -0.0554  8.6292
284  12 -0.0418  0.0080 10.7139
292  12  0.0000  0.0000 11.9027
  4  20  0.0000  0.0000 19.2397
 12  20  0.0000  0.0000 15.0077
 20  20 -0.0036 -0.0155 17.6001
 28  20  0.0089 -0.0379 15.1778
 36  20  0.0191  0.0001 15.5627
 44  20  0.0000  0.0000 13.4994
 52  20  0.0000  0.0008 13.3663
 60  20 -0.0161  0.0029 14.1563
 68  20  0.0007  0.0032 13.5033
 76  20  0.0000  0.0000 12.7194
 84  20  0.0003  0.0057 13.2359
 92  20  0.0218 -0.0003 12.3845
100  20 -0.0140  0.0175 14.2707
108  20  0.0070 -0.0033 14.1262
116  20  0.0005  0.0020 12.1910
124  20  0.0021  0.0008 11.0475
132  20  0.0000  0.0000 12.1669
140  20  0.0000  0.0000 13.7006
148  20  0.0017 -0.0224 26.0895
156  20 -0.0239  0.0094 23.5098
164  20  0.0000  0.0000 16.7072
172  20 -0.0012  0.0183 44.1577
180  20 -0.0156 -0.0013 13.2412
188  20  0.0035 -0.0017 13.8647
196  20 -0.0094  0.0069 14.3806
204  20  0.0000  0.0000 16.0008
212  20 -0.0179  0.0002 14.6980
220  20  0.0000  0.0000 13.4066
228  20 -0.0001  0.0080 13.4485
236  20 -0.0065  0.0032 14.0753
244  20  0.0027 -0.0165 19.5105
252  20  0.0208 -0.0009 20.4780
260  20  0.0002  0.0008 14.4319
268  20  0.0071 -0.0075 19.8559
276  20 -0.0309 -0.0147 19.5763
284  20  0.0000  0.0000 17.1585
292  20  0.0058 -0.0009 19.2877
  4  28  0.0056  0.0208  7.6724
 12  28  0.0066 -0.0164 10.2230
 20  28  0.0000  0.0000  8.6669
 28  28 -0.0054  0.0380  7.0254
 36  28 -0.0137 -0.0396  7.3170
 44  28  0.0721  0.0201  7.3088
 52  28  0.0000  0.0000  7.1579
 60  28  0.0126 -0.0994  7.8164
 68  28 -0.0117 -0.0629  7.2645
 76  28  0.0000  0.0000  9.4481
 84  28 -0.0705  0.0029 11.4257
 92  28  0.0243 -0.0420  8.2592
100  28  0.0027  0.0082  8.1816
108  28  0.0000  0.0000  8.8282
116  28  0.0299 -0.0073  8.0187
124  28  0.0000  0.0000 11.2873
132  28  0.0843  0.2620 12.9770
140  28 -0.3138 -0.1982 11.2037
148  28  0.0007  0.0110 12.8052
156  28 -0.0034  0.0190 13.3152
164  28  0.0024  0.0008 10.1821
172  28 -0.0015 -0.0005 15.6535
180  28  0.0495 -0.0217 11.3005
188  28 -0.0349  0.0014 11.9985
196  28  0.0000  0.0000 11.9665
204  28  0.0000  0.0000 11.7513
212  28  0.0000  0.0000 12.4923
220  28  0.0140 -0.1543 11.0678
228  28 -0.1885  0.0193  8.4565
236  28  0.0000  0.0000 10.8982
244  28  0.2065 -0.0221  7.2852
252  28 -0.2125  0.0042  6.9597
260  28  0.0224 -0.0216  6.6295
268  28  0.0057 -0.0103  7.3184
276  28  0.0248  0.1524  7.9552
284  28 -0.1507 -0.2289  5.6809
292  28  0.0000  0.0000  6.3042
  4  36  0.0604 -0.5592  8.2306
 12  36  0.0000 -0.0736  9.7300
 20  36  0.0000  0.0000 12.8227
 28  36  0.0000 -0.1136 13.7677
 36  36  0.0000  0.0000 15.2434
 44  36  0.0000  0.0000 12.7149
 52  36  0.0000  0.0000 10.1958
 60  36  0.0113  0.1936  8.0647
 68  36 -0.2563 -0.1134  6.5548
 76  36  0.2573  0.0500  7.6831
 84  36  0.1468 -0.7158 12.0903
 92  36  0.0000  0.0000 11.1304
100  36  0.5000  0.0000 11.1304
108  36  0.0000  0.0000  0.0000
116  36  0.0000  0.0000 11.1304
124  36  0.0000  0.0000 16.1088
132  36  0.1960 -0.5000 11.1304
140  36  0.0772  0.1648  9.2252
148  36  0.0096  0.0155 15.5131
156  36  0.0071  0.0042 17.9742
164  36  0.0000  0.0000 18.5923
172  36  0.0044  0.0000 15.1872
180  36  0.1722 -0.3896 10.2316
188  36 -0.0931 -0.0051  6.9914
196  36  0.0000  0.0000  7.4479
204  36  0.0000  0.0000  8.9490
212  36  0.0000  0.0000 10.3707
220  36  0.0000  0.0000 11.9665
228  36  0.0000  0.0000 10.3707
236  36  0.0949  0.0454 10.8994
244  36  0.0000  0.0000 14.3074
252  36  0.0000  0.0000 16.2968
260  36 -0.0828  0.1111 11.1304
268  36  0.1209  0.0189 11.7437
276  36  0.0000  0.0000  9.9881
284  36 -0.1060  0.0015 10.3135
292  36  0.1260 -0.0238 10.1509
  4  44  0.0000  0.0000 13.0603
 12  44  0.0000  0.0000 10.1919
 20  44  0.0000  0.0000  7.4054
 28  44  0.0000  0.0000 12.5445
 36  44 -0.5000  0.0000  8.8276
 44  44  0.0000  0.0000 11.1304
 52  44  0.0000  0.0000  0.0000
 60  44  0.0000  0.0000  0.0000
 68  44  0.0000  0.0000  0.0000
 76  44  0.0000  0.0000 11.1304
 84  44  0.0000  0.0000  0.0000
 92  44  0.0000  0.3145  9.3674
100  44  0.0000  0.0000  0.0000
108  44  0.0000  0.0000  0.0000
116  44  0.0000  0.0000 12.9293
124  44  0.0000  0.0000  8.0000
132  44  0.0000  0.0000 11.1304
140  44  0.0000  0.0000  6.0160
148  44 -0.0044 -0.0278  9.3119
156  44  0.0020 -0.0032  8.8631
164  44 -0.0087  0.0009  8.2467
172  44  0.0000  0.0000  7.3753
180  44  0.0000  0.0000  8.8167
188  44  0.0000  0.0000 11.9011
196  44  0.0000 -0.1309  6.5641
204  44  0.0000  0.0000  8.8141
212  44 -0.0367 -0.0780  8.5648
220  44  0.0035 -0.2299 12.0309
228  44  0.0000  0.0000 12.3010
236  44  0.0000  0.0000 11.9585
244  44  0.0000  0.0000  8.7338
252  44 -0.0024  0.0012 10.0669
260  44 -0.1029  0.0009 11.7191
268  44  0.0267  0.0669 11.0764
276  44 -0.0651  0.0378 10.1097
284  44 -0.0000  0.0000 12.5630
292  44  0.0000  0.0000 15.4932
  4  52  0.0000  0.0000 16.1088
 12  52  0.0000  0.0000 19.1045
 20  52  0.0000  0.0000 11.1304
 28  52  0.0000  0.0000  0.0000
 36  52  0.0000  0.0000 11.1304
 44  52 -0.2080  0.2715 12.3107
 52  52  0.0000  0.0000 19.4783
 60  52  0.0000  0.0000 11.1304
 68  52  0.0000  0.0000 11.1304
 76  52  0.0000  0.0000 11.1304
 84  52  0.0000  0.0000 16.1088
 92  52  0.0448  0.0000 10.3715
100  52  0.0315 -0.1459 13.9605
108  52 -0.0717  0.2585 11.8290
116  52  0.0000  0.0000 16.1088
124  52  0.0000  0.0000 11.9011
132  52  0.0000  0.0000 12.0628
140  52  0.0000  0.0000 22.1353
148  52  0.0000 -0.1876  8.6893
156  52  0.0480 -0.0076 12.0923
164  52 -0.1000  0.2037  7.3977
172  52  0.0000  0.0000  9.6518
180  52  0.0000  0.0000 16.1088
188  52  0.0000  0.0000  0.0000
196  52  0.0000  0.0000  0.0000
204  52  0.0000  0.0000  0.0000
212  52  0.0000  0.0000  0.0000
220  52  0.0000  0.0000  0.0000
228  52  0.0000  0.0000  8.0000
236  52  0.0000  0.0000 12.3045
244  52  0.0000  0.0000  8.6413
252  52  0.0000  0.0000 13.1728
260  52 -0.1960 -0.5000 11.1304
268  52  1.0756  0.0431  7.0865
276  52  0.1965 -0.0282 10.0909
284  52  0.0000  0.0000  8.7013
292  52  0.0000  0.0000  8.4598
  4  60  0.0000  0.0000 11.1304
 12  60  0.0000  0.0000  0.0000
 20  60  0.0000  0.0000  0.0000
 28  60  0.0000  0.0000 11.1304
 36  60 -0.2163  1.7528 13.1959
 44  60  0.0000  0.0000 11.9011
 52  60  0.0000  0.0000 22.2609
 60  60 -0.0492 -0.1905 15.3477
 68  60  1.2564 -0.1234 14.4639
 76  60  0.0407 -0.1644 12.6524
 84  60 -0.1311 -1.3690  9.6604
 92  60  0.0107 -0.0229 10.9651
100  60  0.0126  0.1661  8.6002
108  60  0.0000  0.0000  5.4468
116  60  0.0000  0.0000  8.5829
124  60  0.0000  0.0000 11.9011
132  60  0.0000 -0.1469 10.3584
140  60  0.0000  0.0000 10.4446
148  60  0.0000  0.0000 11.1304
156  60  0.0000  0.0000  0.0000
164  60  0.0000  0.0000 11.9011
172  60  0.0000  0.0000 12.5445
180  60  0.0000  0.0000 11.1304
188  60  0.0000  0.0000 11.1304
196  60  0.0000  0.0000 11.1304
204  60  0.0000  0.0000  0.0000
212  60  0.0000  0.0000 11.1304
220  60  0.0000  0.0000 11.1304
228  60  0.0000  0.0000  0.0000
236  60  0.0000  0.0000 11.1304
244  60  0.0000  0.0000 11.1304
252  60  0.0000  0.0000  9.3060
260  60  0.0000  0.0000  6.8970
268  60 -0.4329  0.1730  9.5560
276  60  0.2080  0.2715 12.3107
284  60  0.0000  0.0000 16.1088
292  60  0.0000  0.0000 11.0903
  4  68  0.0000  0.0000  0.0000
 12  68  0.0000  0.0000  0.0000
 20  68  0.0000  0.0000 11.1304
 28  68  0.0000  0.0000 11.1304
 36  68 -0.1960 -0.5000 11.1304
 44  68  0.0000  0.0000 19.4783
 52  68  0.0000  0.0000  8.0190
 60  68  0.0000  0.0000 11.1304
 68  68 -3.2831  0.1358 10.9733
 76  68  0.0000  0.0000  9.2067
 84  68  0.0405  0.0849 24.2367
 92  68  0.0000  0.0000 11.1304
100  68  0.0000  0.0000 11.1304
108  68  0.0000  0.0000 19.4783
116  68  0.0000  0.0000 11.1304
124  68  0.0000  0.0000 12.0628
132  68  0.0000  0.0000 16.1088
140  68  0.0000  0.0000 11.0903
148  68  0.0000  0.0000 12.0628
156  68  0.0000  0.0000 12.0628
164  68  0.0000  0.0000 16.1088
172  68  0.0000  0.0000 16.1088
180  68  0.0000  0.0000  0.0000
188  68  0.0000  0.0000  8.0000
196  68  0.0000  0.0000  0.0000
204  68  0.0000  0.0000  0.0000
212  68  0.0000  0.0000  0.0000
220  68  0.0000  0.0000 20.7059
228  68  0.0000  0.0000  9.5632
236  68  0.0000  0.0000  8.2581
244  68  0.0000  0.0000  0.0000
252  68  0.0000  0.0000 11.1304
260  68  0.0000  0.0000 11.1304
268  68  0.0000  0.0000  0.0000
276  68  0.0000  0.0000 16.1088
284  68  0.0000  0.0000 11.0903
292  68  0.0000  0.0000 16.1088
  4  76 -1.0492 -0.0305 12.6667
 12  76  0.0000  0.0000 16.1088
 20  76  0.0000  0.0000 18.8048
 28  76  0.0379  0.1728 10.6533
 36  76  0.0000 -1.1711  9.1178
 44  76  0.0000  0.0000 12.8600
 52  76  0.0000  0.0000 16.1088
 60  76  0.0000  0.0000 16.1088
 68  76 -0.0428 -0.0508  9.3573
 76  76  0.0000  0.0000  8.4768
 84  76  0.0000  0.0000 12.5445
 92  76  0.1960  0.0000 11.1304
100  76  0.0000  0.0000 17.2183
108  76  0.0000  0.0000  9.4208
116  76  0.0000  0.0000  8.0000
124  76  0.0000  0.0000 20.7059
132  76  0.0000  0.0000 11.9011
140  76  0.0000  0.0000 16.1088
148  76  0.0000  0.0000 11.1304
156  76  2.5000  0.1588 10.5785
164  76  0.0000  0.0000 16.1088
172  76  0.0000  0.0000 13.7892
180  76  2.5000 -2.0000  8.8276
188  76  0.0000  0.0000 11.1304
196  76  0.0000  0.0000 11.1304
204  76  0.0000  0.0000  0.0000
212  76  0.0000  0.0000 11.1304
220  76  1.0756  0.0431  7.0865
228  76  0.0000  0.0000 15.6775
236  76  0.0000  0.0000  0.0000
244  76  0.0000  0.0000  0.0000
252  76  0.0000  0.0000 11.1304
260  76  0.0000  0.0000 11.1304
268  76  0.0000  0.0000  0.0000
276  76  0.0000  0.0000  0.0000
284  76  0.0000  0.0000  0.0000
292  76  0.0000  0.0000 12.0455
  4  84 -0.5663  0.2602  9.3659
 12  84  0.1012 -0.0458 14.0274
 20  84  0.1439 -0.0853 11.4193
 28  84  0.1598 -0.1892 11.8703
 36  84  0.0699 -0.0121 11.5695
 44  84  4.5000 -0.1174 13.8795
 52  84  0.0000  0.0000  9.4948
 60  84  0.0968  0.0821 18.1185
 68  84  0.0000  0.0000 10.7778
 76  84  0.2166 -0.1179  7.0951
 84  84  0.0000  0.0000 11.1304
 92  84  0.0000  0.0000 11.1304
100  84  0.0000  0.0000 11.1304
108  84  0.0000  0.0000  0.0000
116  84  0.0000  0.0000  9.2850
124  84  0.3309 -0.0637  7.1846
132  84  0.0000  0.0000 16.1088
140  84  0.0000  0.0000 10.1191
148  84  0.0000  0.0000  0.0000
156  84  0.0000  0.0000  0.0000
164  84  0.0000  0.0000  0.0000
172  84  0.0000  0.0000 17.2183
180  84  1.8256 -0.8959  5.9357
188  84  0.0000  0.0000  0.0000
196  84  0.0000  0.0000 16.1088
204  84  0.0000  0.0000  0.0000
212  84  0.0000  0.0000  0.0000
220  84  0.0000  0.0000  0.0000
228  84  0.0000  0.0000 16.1088
236  84  0.0000  0.0000 16.6956
244  84  0.0000  0.0000 11.1304
252  84  0.0000  0.0000  0.0000
260  84  0.0000  0.0000  0.0000
268  84  0.0000  0.0000  0.0000
276  84  0.0000  0.0000  0.0000
284  84  0.0000  0.0000  0.0000
292  84  0.0000  0.0000 11.1304
  4  92  0.0000  0.0000 11.1304
 12  92  0.0000  0.0000  0.0000
 20  92  0.0000  0.0000 11.1304
 28  92  0.0000  0.0000 11.1304
 36  92  0.0000  0.0000 11.1304
 44  92  0.0000  0.0000 11.9011
 52  92 -0.0240  0.1573 16.9590
 60  92  0.0000  0.0000  0.0000
 68  92  0.0000  0.0000  0.0000
 76  92  0.0000  0.0000 11.1304
 84  92  0.0000  0.0000 16.1088
 92  92  2.5000  0.0000  8.8276
100  92  0.0000  0.0000 11.1304
108  92 -1.2596 -0.3479  7.1968
116  92  0.0000  0.0000 11.1304
124  92 -0.0154  0.0284  7.5194
132  92 -0.0509 -0.0455  8.4298
140  92  0.0000  0.0000  9.4208
148  92  0.0000  0.0000  0.0000
156  92  0.1068  0.5000 14.1617
164  92  0.0000  2.5000  8.8276
172  92  0.0000  0.0000  0.0000
180  92  0.0698  0.2911 10.5124
188  92  0.0000  0.0000  0.0000
196  92  0.0000  0.0000  0.0000
204  92  0.0000  0.0000 11.1304
212  92  0.0000  0.0000  0.0000
220  92  0.0000  0.0000  0.0000
228  92  0.0000  0.0000  0.0000
236  92 -0.0417  0.1134  7.3143
244  92  0.1182 -0.0617 12.7141
252  92  2.5000  0.0000  8.8276
260  92  0.0000  0.0000  0.0000
268  92  0.0000  0.0000  0.0000
276  92  0.0000  0.0000  0.0000
284  92  0.0000  0.0000  0.0000
292  92  0.0000  0.0000 11.1304
  4 100  0.0926 -0.1932 14.1608
 12 100 -0.0372  0.0877  8.8217
 20 100  0.0000  0.0000 13.7892
 28 100  0.0000  0.0000  0.0000
 36 100  0.0000  0.0000  0.0000
 44 100  0.0000  0.0000  0.0000
 52 100  0.0000  0.0000  0.0000
 60 100  0.0000  0.0000  0.0000
 68 100  0.2761  0.0806  9.3746
 76 100  0.0000  0.0000  0.0000
 84 100  0.0000  0.0000 16.1088
 92 100  0.0000  0.0000 11.1304
100 100 -0.0978  0.0707 15.7377
108 100  0.0458 -0.1012 14.0274
116 100  0.0000  0.0000 11.1304
124 100  0.0000  0.0000  0.0000
132 100  0.1502 -0.0294 11.7575
140 100  0.0000  0.0000  0.0000
148 100  0.0000  0.0000  0.0000
156 100  0.0000  0.0000 13.0803
164 100  0.0000  0.0000  0.0000
172 100  2.5000  0.0000  8.8276
180 100  0.0000 -0.5000  8.8276
188 100  0.5000  0.0000  8.4768
196 100  0.0000  0.0000 11.1304
204 100  0.0000  0.0000 13.3565
212 100  0.0000  0.0000  9.2086
220 100  0.0000  0.0000  0.0000
228 100  0.0000  0.0000 11.1304
236 100  0.0000  0.0000  0.0000
244 100  0.1174  4.1710 14.6131
252 100  0.0000  0.0000 16.1088
260 100  1.5000  2.5000  7.4357
268 100  0.0000  0.0000  0.0000
276 100  0.0000  0.0000  0.0000
284 100  0.0000  0.0000  0.0000
292 100  2.5000  0.0000  8.8276
  4 108 -0.1824  1.6838  7.3143
 12 108  0.0000  0.0000 11.1304
 20 108  0.0000  0.0000  0.0000
 28 108  0.0000  0.0000 11.1304
 36 108  0.0000  0.0000  0.0000
 44 108  0.0000  0.0000  0.0000
 52 108  0.0000  0.0000  0.0000
 60 108 -0.2780  0.1270 13.3759
 68 108  0.8714  0.0210 14.0525
 76 108  0.0000  0.0000  0.0000
 84 108 -0.3468  2.5000 10.2045
 92 108  0.0000  2.5000  8.8276
100 108  0.2483  0.1160  9.3535
108 108  0.0000  0.0000  0.0000
116 108  0.0000  0.0000 11.1304
124 108  0.0000 -0.5000  8.8276
132 108  0.3476  0.2927  7.3438
140 108  0.0000  0.0000  0.0000
148 108  0.0000  0.0000  0.0000
156 108  0.0218  0.2266 12.8350
164 108  0.1960  0.0000 11.1304
172 108 -0.0698 -0.2911 10.5124
180 108  0.0000  0.0000  0.0000
188 108 -0.0418 -0.1521 12.6567
196 108 -0.5757  0.6043  9.8820
204 108  0.0000  0.0000 11.1304
212 108  0.0101 -0.1146 17.4161
220 108  1.0756  0.0431  7.0865
228 108  0.0000  0.0000  0.0000
236 108  0.0000  0.0000 11.1304
244 108  0.0000  0.0000  0.0000
252 108  0.0418 -0.1521 12.6567
260 108  0.5000  0.0000 11.1304
268 108  0.0000  0.0000 11.1304
276 108  2.5000  0.0000  8.8276
284 108  0.0000  2.5000  8.8276
292 108  0.0000  0.0000  8.0000
  4 116  0.2076  0.0667  9.6020
 12 116  0.0000  0.0000 16.1088
 20 116  0.0000  0.0000 11.1304
 28 116  0.0000  0.0000 11.1304
 36 116  0.0000  0.0000  0.0000
 44 116  0.0000  0.0000  0.0000
 52 116  0.0000  0.0000 16.1088
 60 116  0.0565 -0.7597 11.1119
 68 116  0.0000  0.0000  8.8276
 76 116 -0.3127 -0.1061  9.8739
 84 116  0.1841 -0.0418 12.3683
 92 116 -0.0973 -0.1439 10.5822
100 116  0.0000  0.0000 11.1304
108 116  0.0000  0.0000 11.1304
116 116  0.0000  0.0000  0.0000
124 116  0.0000  0.0000 12.8600
132 116  2.5000  0.0000  8.8276
140 116  0.0000  0.0000  0.0000
148 116  0.0000  0.0000  0.0000
156 116 -0.3290  0.0000  9.4815
164 116  0.0000  0.0000 12.0628
172 116  0.0000  0.0000 10.1191
180 116  0.0000  0.0000  0.0000
188 116  0.0000  0.0000 11.1304
196 116  0.0000  0.0000 10.9491
204 116  0.0000  0.0000 18.5922
212 116  0.0000  0.0000  0.0000
220 116  0.0000  0.0000 16.1088
228 116 -2.0761 -0.1459 14.3598
236 116  0.0000  0.0000  0.0000
244 116 -0.0557  0.0193 15.2661
252 116  0.0000  0.0000 19.4783
260 116  0.0000  0.0000  0.0000
268 116  0.0000  0.0000  0.0000
276 116  0.0000  0.0000 11.1304
284 116  0.0000  2.5000  8.8276
292 116  0.0418  0.1521 12.6567
  4 124  0.0000  0.0000  0.0000
 12 124 -0.1960  0.0000 11.1304
 20 124  0.0000  0.0000  0.0000
 28 124  0.0000  0.0000 20.7059
 36 124  0.0000  0.0000  0.0000
 44 124  0.0000  0.0000 16.1088
 52 124  0.0000  0.0000  0.0000
 60 124  0.0000  0.0000  0.0000
 68 124 -1.5000  0.0000  8.2581
 76 124  0.0000  0.0000  0.0000
 84 124  0.0000  0.0000 12.0628
 92 124  0.0000  0.0000 12.0455
100 124 -0.0418  0.1521 12.6567
108 124  0.0000  0.0000 11.1304
116 124  0.0000  0.0000 12.0455
124 124  0.0418 -0.1521 12.6567
132 124  0.0000  0.0000  0.0000
140 124 -0.5000  0.0000 11.1304
148 124  0.0000  0.0000  0.0000
156 124  0.0000  0.0000 12.0455
164 124  0.2193 -0.0923  7.5156
172 124  1.0000  0.0000  9.2850
180 124  0.0000  0.0000 11.1304
188 124  0.0000  0.0000 11.1304
196 124  0.0000  0.0000 15.8661
204 124 -0.1867  0.0754 11.0706
212 124  0.0000  0.0000  0.0000
220 124  0.0000  0.0000  0.0000
228 124  2.5000  0.0000  8.8276
236 124  0.0000  0.0000  0.0000
244 124  0.0000  0.0000 11.1304
252 124  0.0000  0.0000  0.0000
260 124  0.0000  0.0000  0.0000
268 124  0.0000  0.0000  0.0000
276 124  0.0000  0.0000 11.1304
284 124  0.0000 -0.1960 11.1304
292 124  0.0000  0.0000 11.1304
  4 132     NaN  0.0000 17.0667
 12 132  0.0000  0.0000  0.0000
 20 132  0.3604 -0.1235 13.6655
 28 132  0.0000  0.0000 16.1088
 36 132  0.0000  0.0000 16.1088
 44 132  0.0000  0.0000  0.0000
 52 132  0.0000  0.0000  0.0000
 60 132  0.0000  0.0000  0.0000
 68 132  0.0000  0.0000  9.2068
 76 132 -0.1397  0.1482  9.3191
 84 132  0.0000  0.0000  0.0000
 92 132 -0.1469  0.0000 10.3584
100 132  0.0000  0.0000 11.1304
108 132  0.0000  0.0000 11.9011
116 132  0.0000  0.0000 12.0455
124 132  0.0000  0.0000 13.1641
132 132  0.0000  0.0000 11.1304
140 132  0.0000  0.0000 11.1304
148 132  0.0000  0.0000 11.1304
156 132  0.0000  2.5000  8.8276
164 132  0.0000  0.0000  0.0000
172 132  0.0000  0.0000  9.2850
180 132  0.0000  0.0000 11.1304
188 132  0.0000  0.0000  0.0000
196 132  0.0000  0.0000 11.1304
204 132  0.0000  0.0000 11.1304
212 132  0.0000  0.0000 11.1304
220 132  0.0000  0.0000  0.0000
228 132 -0.5000  0.0000  8.8276
236 132  0.0000  0.0000 11.1304
244 132  0.0000  0.0000 11.1304
252 132  0.0000  0.0000 11.1304
260 132  0.0000  0.0000  0.0000
268 132  0.0000  0.0000  0.0000
276 132  0.0000  0.0000 11.1304
284 132  0.0000  0.0000  8.0000
292 132  0.0000  0.0000 11.1304
  4 140  0.0000  0.0000 11.1304
 12 140  0.0000  0.0000 11.1304
 20 140  0.0000  0.0000 12.8600
 28 140  0.1113  1.6014 11.9803
 36 140  0.0000  0.0000 11.1304
 44 140  0.0000  0.0000  0.0000
 52 140 -0.1573 -0.1542 14.0000
 60 140  0.0000  0.0000 11.1304
 68 140  0.0406 -0.0552  9.2339
 76 140 -0.1961 -0.0499  7.2401
 84 140  0.0000  0.0000 16.1088
 92 140  0.0000  0.0000 11.1304
100 140  0.0000  0.0000  0.0000
108 140  0.0000  0.0000  0.0000
116 140  0.1960  0.0000 11.1304
124 140  0.0000  0.0000  8.2581
132 140  0.0000  0.0000 19.1045
140 140  0.0000  0.0000 11.1304
148 140  0.0000  0.0000 11.1304
156 140  0.0000  0.0000  0.0000
164 140  0.0000  0.0000 11.1304
172 140  0.0000  0.0000  8.2581
180 140  0.1960 -0.5000 11.1304
188 140  0.0000  0.0000 16.1088
196 140  0.3610 -0.3610  5.9535
204 140  0.0677  0.2414 11.7124
212 140  0.0000  0.0000 13.5576
220 140  0.0000 -0.1960 11.1304
228 140  0.0000  0.0000 16.1088
236 140  0.0000  0.0000 11.1304
244 140  0.0000  0.0000 11.1304
252 140  0.0000  0.0000  0.0000
260 140  0.0000  0.0000 11.1304
268 140  0.0000  0.0000 11.1304
276 140  2.5000  0.0000  8.8276
284 140 -1.5000  0.0000  8.2581
292 140  0.0000  0.0000  0.0000
  4 148  0.0000  0.0000 11.1304
 12 148  0.0000  0.0000 12.0455
 20 148  0.0000  2.5000  8.8276
 28 148  0.0000  0.0000  0.0000
 36 148  0.0000  0.0000  0.0000
 44 148  0.0000  0.0000 16.6957
 52 148 -2.8274  0.3035  7.6077
 60 148  0.0000  0.0000  0.0000
 68 148  0.0000  0.0000 16.1088
 76 148  0.0000  0.0000  0.0000
 84 148  0.0000  0.0000 11.1304
 92 148  0.0000  0.0000 11.1304
100 148  0.0000  0.0000  0.0000
108 148  0.0000  0.0000 11.1304
116 148  0.0000 -0.5000  8.8276
124 148  0.0000  0.0000  8.2581
132 148  0.1960  0.0000 11.1304
140 148  0.0000  0.0000 10.2492
148 148  0.0000  0.0000 12.0628
156 148  0.0000  0.0000 11.1304
164 148  0.0000  0.0000 16.1088
172 148  0.0000  0.0000 11.1304
180 148  0.0000  0.0000 13.0803
188 148 -0.2021  0.2860 10.7438
196 148  0.0000  0.0000 17.2183
204 148  0.0000  0.0000 16.1088
212 148  0.0000  0.0000  0.0000
220 148  0.0000  0.0000  0.0000
228 148  0.0000  0.0000  0.0000
236 148  0.0000  0.0000 16.1088
244 148  0.0000  0.0000  0.0000
252 148  0.0000  0.0000  0.0000
260 148  0.0000  0.0000  0.0000
268 148  0.0000  0.0000  0.0000
276 148  2.5000  0.0000  8.8276
284 148  0.0000  0.0000  0.0000
292 148 -0.1841 -0.0418 12.3683
  4 156  0.0000  0.0000 16.1088
 12 156  0.0000  0.0000 11.1304
 20 156  0.0000  0.0000 16.1088
 28 156  0.0000 -0.5000  4.0635
 36 156  0.0000  0.0000 11.1304
 44 156  0.8176 -0.5000  7.3397
 52 156  0.0000  0.0000 12.0628
 60 156  0.0000  0.0000 11.7824
 68 156  0.0000  0.0000 11.1304
 76 156  0.0000  0.0000  8.2581
 84 156  0.0000  0.0000  0.0000
 92 156  0.0000  0.0000  0.0000
100 156  0.0000  0.0000  0.0000
108 156  0.0000  0.0000 11.1304
116 156  0.0000 -0.3120 13.1657
124 156  0.0000  0.0000  0.0000
132 156  0.1912  0.0000 12.4272
140 156  0.0000 -0.3062 13.4544
148 156  0.0000  0.0000 12.0455
156 156  0.0000  0.0000 13.1641
164 156 -0.4025 -0.5000  7.3745
172 156  0.0000  0.0000 11.1304
180 156  0.0000  0.0000 12.0628
188 156 -0.0698 -0.2911 10.5124
196 156  0.0000  0.0000  0.0000
204 156  0.0000  0.0000  0.0000
212 156  0.0000  0.0000  0.0000
220 156  0.0000  0.0000  0.0000
228 156  0.0000  0.0000  0.0000
236 156  0.0000  0.0000  0.0000
244 156  0.0000  0.0000 16.1088
252 156  0.0000  0.0000 11.1304
260 156  0.0000  0.0000  8.0000
268 156  0.0000  0.0000  0.0000
276 156  0.0000  0.0000 16.1088
284 156  0.0000  0.0000 16.1088
292 156  0.0000  0.1960 11.1304
  4 164 -0.1151 -0.1151 16.5161
 12 164  0.0000  0.0000  0.0000
 20 164  0.0000  0.0000  0.0000
 28 164  0.0000  0.0000 11.1304
 36 164  0.0000 -0.5000  8.8276
 44 164  0.0000  0.0000 13.1641
 52 164  0.0000  0.0000  0.0000
 60 164  0.1276 -0.1205 11.1940
 68 164  2.7620 -0.5000  9.9740
 76 164  0.0000  0.0000 11.1304
 84 164  0.0000  0.0000  0.0000
 92 164  0.0000  0.0000 11.1304
100 164  0.0000 -0.5000  8.8276
108 164  0.0000  0.0000  0.0000
116 164  0.0000  0.0000 12.0628
124 164  0.0000  0.0000  0.0000
132 164  0.0000  0.0000 14.5615
140 164  0.0000  0.0000 13.0803
148 164 -0.1008  0.0843 14.9901
156 164  0.0000  0.0000 17.0667
164 164  0.1960  0.0000 11.1304
172 164  0.0000  0.0000  0.0000
180 164  0.0000  0.0000 11.1304
188 164  0.0000  0.0000 12.0628
196 164  0.0000  0.0000  0.0000
204 164  0.0000  0.0000  0.0000
212 164 -0.5000 -0.5000  4.0635
220 164  0.0000  0.0000  0.0000
228 164  0.0000  0.0000  0.0000
236 164  0.0000  0.0000 11.1304
244 164  0.0000  0.0000 16.1088
252 164  0.0000  0.0000 16.1088
260 164  0.0000  0.0000 11.1304
268 164  0.0000  0.0000  0.0000
276 164  0.0000  0.0000  0.0000
284 164  0.0000  0.0000  0.0000
292 164  0.0000  0.0000  0.0000
  4 172  0.0000  0.0000  9.4208
 12 172  0.0000  0.0000 11.1304
 20 172  0.0704  0.0693 10.4769
 28 172  0.0000  0.0000 16.1088
 36 172  0.0000  0.0000 17.0667
 44 172  0.0000  0.0000  0.0000
 52 172  0.0000  0.0000  9.1555
 60 172  0.0000 -0.5000  8.8276
 68 172  0.0000  0.0000 11.1304
 76 172  0.0000 -0.5000  8.8276
 84 172  0.0000  0.0000  0.0000
 92 172  1.3139  0.3311  8.0688
100 172  0.0000  0.0000  0.0000
108 172  0.0000  0.0000 11.1304
116 172  0.0000  0.0000 12.0628
124 172  0.0000  0.0000  8.2581
132 172  0.0000  0.0000  0.0000
140 172  0.0000  0.0000 12.0628
148 172  0.0000  0.0000 11.1304
156 172  0.0000  0.0000  0.0000
164 172 -0.5000  0.0000 11.1304
172 172  0.0000  0.0000  0.0000
180 172  0.0000  0.0000 11.1304
188 172  0.4043 -0.4043  8.0000
196 172 -0.1151  0.1151 16.5161
204 172  0.0000  0.0000  0.0000
212 172  0.0000  0.0000  0.0000
220 172  0.0000  0.0000  0.0000
228 172  0.0000  0.0000  0.0000
236 172  0.0000  0.0000 11.1304
244 172  0.0000  0.0000 11.1304
252 172  0.0000  0.0000  0.0000
260 172  0.0000  0.0000  0.0000
268 172  0.0000  0.0000 11.1304
276 172  0.0000  0.0000  0.0000
284 172  0.0000  0.0000  0.0000
292 172  0.0000  0.0000  0.0000
  4 180  0.0000  0.0000  0.0000
 12 180  0.0000  0.0000  8.4768
 20 180  0.0000  0.0000 17.2183
 28 180  0.0000  0.0000  0.0000
 36 180  0.0000  0.0000  0.0000
 44 180  0.0000  0.0000 21.6135
 52 180  0.0000  0.0000  8.0190
 60 180  0.0000  0.0000  0.0000
 68 180  0.0000  0.0000 11.1304
 76 180  0.0000  0.0000 16.1088
 84 180  0.0000  0.0000  0.0000
 92 180  5.1203 -0.5000  5.4468
100 180  0.0000  0.0000  0.0000
108 180 -0.0308 -0.1823 13.1845
116 180  0.0000  0.0000 16.1088
124 180  0.0000  0.0000  9.2850
132 180  0.0000  0.0000 11.1304
140 180  0.1556  0.0000 12.2969
148 180  0.0000  0.0000  0.0000
156 180  0.0000  2.5000  8.8276
164 180  0.3468  2.5000 10.2045
172 180  0.0000  0.0000 11.1304
180 180  0.0000  0.0000  0.0000
188 180  0.0000  0.0000  0.0000
196 180  0.0000  0.0000 22.2609
204 180  0.0000  0.0000  0.0000
212 180  0.0000  0.0000  0.0000
220 180  0.0000  0.0000  0.0000
228 180  0.0000  0.0000  0.0000
236 180  0.0000  0.0000  0.0000
244 180  0.0000  0.0000  0.0000
252 180  0.0000  0.0000  0.0000
260 180  0.0000  0.0000  0.0000
268 180  0.0000  0.0000  0.0000
276 180  0.0000  0.0000  0.0000
284 180  0.0000  0.0000  0.0000
292 180  0.0000  0.0000 11.1304
  4 188  0.0000  0.0000 11.1304
 12 188  0.0000  0.0000 16.1088
 20 188  0.0000  0.0000  0.0000
 28 188  0.0000  0.0000  0.0000
 36 188  0.0000  0.0000  0.0000
 44 188  0.0000  0.0000 13.1731
 52 188  0.0000  0.0000 11.8583
 60 188  0.0000  0.0000 11.1304
 68 188 -0.1276  0.3321 10.3409
 76 188 -0.0561 -0.2765  9.5419
 84 188  2.5000  0.0000  8.8276
 92 188  0.0000  2.5000  8.8276
100 188  0.0000  0.0000  0.0000
108 188  0.0000  0.0000 12.0628
116 188  0.0000  0.0000  0.0000
124 188  0.0000  0.0000 10.2492
132 188  0.0000  0.0000 17.0667
140 188  0.0000  0.0000 11.1304
148 188  2.8274  0.3035  7.6077
156 188  0.0000 -0.1063  6.9728
164 188  0.0000  0.0000 11.1304
172 188  0.0000  0.0000 11.1304
180 188  0.0000  0.0000  0.0000
188 188  0.0000  0.0000 11.1304
196 188  0.0000  0.0000  0.0000
204 188  0.0000  0.0000 20.7059
212 188  0.0000  0.0000 16.1088
220 188  0.0000  0.0000  0.0000
228 188  0.0000  0.0000  0.0000
236 188  0.0000  0.0000  0.0000
244 188  0.0000  0.0000  0.0000
252 188  0.0000  0.0000  0.0000
260 188  0.0000  0.0000  0.0000
268 188  0.0000  0.0000  0.0000
276 188  0.0000  0.0000  0.0000
284 188  0.0000  0.0000  0.0000
292 188  0.0000  0.0000  0.0000
  4 196 -0.0124 -0.0107 15.5838
 12 196  0.0285  0.1512  7.7863
 20 196  0.0000  2.5000  8.8276
 28 196  0.0000  0.0000  0.0000
 36 196 -0.0308 -0.1823 13.1845
 44 196  0.0000  0.0000  8.0190
 52 196  0.2907  0.0403 10.5761
 60 196  0.0000  0.0000 11.9011
 68 196  0.0383 -0.0202 19.3509
 76 196 -0.1469  0.0000 10.3584
 84 196  0.0000  0.0000  0.0000
 92 196  0.0000  0.0000 11.1304
100 196  0.0000  0.0000  0.0000
108 196  0.1556  0.0000 12.2969
116 196  0.0000  0.0000  0.0000
124 196 -0.0982 -0.2693  9.7086
132 196  0.0000  0.0000  0.0000
140 196  0.5000  0.0000 11.1304
148 196  0.0000  2.5000  8.8276
156 196  0.0000  0.0000 11.1304
164 196  0.0000  0.0000 11.1304
172 196  0.3577  0.0000 13.4737
180 196  0.0000  0.0000 11.1304
188 196  0.0000  0.0000 11.1304
196 196  0.0000  0.0000 19.1045
204 196  0.0000  0.0000 11.1304
212 196  0.0000  0.0000 12.0628
220 196  0.0000  0.0000 11.1304
228 196  0.0000  0.0000  0.0000
236 196  0.0000  0.0000  0.0000
244 196  0.0000  0.0000  0.0000
252 196  0.0000  0.0000  0.0000
260 196     NaN  0.0000 17.0667
268 196  0.0000  0.0000  0.0000
276 196  0.0000  0.0000 11.1304
284 196  0.0000  0.0000  0.0000
292 196  0.0000  0.0000  0.0000
  4 204  0.0972  0.0411 11.6364
 12 204  0.0000  0.0000 13.5576
 20 204  0.0000  0.0000 16.1088
 28 204 -0.1930  0.1867 15.3090
 36 204 -0.2220  0.1529  9.0549
 44 204  0.0000  0.0000  0.0000
 52 204  0.0000  0.0000  0.0000
 60 204  0.0000  0.0000 11.1304
 68 204  0.0000  0.0000  0.0000
 76 204  0.0000  0.0000  0.0000
 84 204 -0.0418  0.1521 12.6567
 92 204  0.0000  0.0000  0.0000
100 204  0.0000  0.0000  0.0000
108 204  0.0000  0.0000 12.0455
116 204  0.0000  0.0000  0.0000
124 204  0.0000  0.0000 12.0455
132 204  0.0000  0.0000 11.1304
140 204  0.0000  0.0000  1.0000
148 204  0.0000  0.0000  0.0000
156 204  0.0000  0.0000  0.0000
164 204  0.0000  0.0000 11.1304
172 204  0.5000  0.0000 11.1304
180 204  0.0000  0.0000 16.1088
188 204  0.0000  0.0000 11.1304
196 204  0.0000  0.0000 11.1304
204 204  0.0000  0.0000  8.2581
212 204  0.1068 -0.3135 15.1963
220 204  0.0000  0.0000 13.1641
228 204  0.0000  0.0000  0.0000
236 204  0.0000  0.0000  0.0000
244 204  0.0000  0.0000 11.1304
252 204  0.0000  0.0000  0.0000
260 204  0.0000  0.0000  0.0000
268 204  0.0000  0.0000  0.0000
276 204  0.0000  0.0000 11.1304
284 204  0.0000  0.0000  0.0000
292 204  0.0000  0.0000  0.0000
  4 212  0.0000  0.0000  9.4208
 12 212  1.6390 -0.0800 11.1784
 20 212  0.0000  0.0000 10.4890
 28 212 -0.0788 -0.2077  9.6936
 36 212  0.0000  0.0000 11.1304
 44 212  0.0000  0.0000  0.0000
 52 212  0.0000  0.0000  0.0000
 60 212  0.0000  0.0000 13.0803
 68 212  0.1174 -4.1710 14.6131
 76 212  0.0000  0.0000  0.0000
 84 212  0.0000  0.0000 19.4783
 92 212 -0.5000  0.0000  8.8276
100 212  0.0000  0.0000 11.1304
108 212  0.0000  0.0000 11.1304
116 212  0.0000  0.0000 11.1304
124 212  0.0000  0.0000 12.0455
132 212  0.0000  0.0000 11.1304
140 212  0.0000  0.0000  0.0000
148 212  0.0000  0.0000 16.1088
156 212  0.0000 -0.5000  8.8276
164 212  0.0000  0.0000 11.1304
172 212 -0.0965  0.0000 20.1348
180 212  0.0000  0.0000 11.1304
188 212  0.0000  0.0000 11.1304
196 212  0.0000  0.0000  0.0000
204 212  0.0000  0.0000  0.0000
212 212  0.0000  0.0000 11.1304
220 212  0.0000  0.0000  0.0000
228 212  0.0000  0.0000  0.0000
236 212  0.0000  0.0000  0.0000
244 212  0.0000  0.0000  0.0000
252 212  0.0000  0.0000  0.0000
260 212  0.0000  0.0000  0.0000
268 212  0.0000  0.0000  0.0000
276 212  0.0000  0.0000 11.1304
284 212  0.0000  0.0000 11.1304
292 212  0.0000  0.0000 11.1304
  4 220  0.5000  0.0000  8.4768
 12 220  0.0000  0.0000  0.0000
 20 220  0.1043  0.1202 12.2296
 28 220  0.0000  0.0000 14.5615
 36 220 -0.5000  0.0000  8.8276
 44 220 -0.5000  0.0000  8.8276
 52 220  0.0000  0.1960 11.1304
 60 220  0.0000  0.0000 11.9011
 68 220 -0.5000 -0.1588 10.5785
 76 220  0.0000  0.0000  0.0000
 84 220  0.0000 -0.5000  8.8276
 92 220  0.0418  0.1521 12.6567
100 220  0.0000  0.0000  0.0000
108 220  0.0000  0.0000 11.1304
116 220  0.5000  0.0000  8.4768
124 220  0.0000  0.0000 17.0667
132 220  0.0000  0.0000 11.1304
140 220  0.0000  0.0000  0.0000
148 220  0.0000  2.5000  8.8276
156 220  0.0000  0.0000 11.1304
164 220  0.0000  0.0000  8.2581
172 220 -0.5000  0.0000 11.1304
180 220  0.0000  0.0000 11.1304
188 220  0.0000  0.0000  0.0000
196 220  0.0000  0.0000  0.0000
204 220  0.0000  0.0000  0.0000
212 220  0.0000  0.0000  0.0000
220 220  0.0000  0.0000 11.1304
228 220  0.0000  0.0000  0.0000
236 220  0.0000  0.0000 16.1088
244 220  0.0000  0.0000 11.1304
252 220  2.5000 -0.1588 10.5785
260 220  0.0000 -0.5000  8.8276
268 220 -0.1841 -0.0418 12.3683
276 220  0.0000  0.0000 16.1088
284 220  0.0000 -0.5000  8.8276
292 220  0.1313  0.0812 16.9211
