VARIABLES= "X pix", "Y pix", "U pix/dt", "V pix/dt", "CHC", ZONE I=28, J=37
  4   4 -0.1007  0.0042  8.7618
 12   4  0.0000  0.0000  8.7363
 20   4  0.0000  0.0000  8.6243
 28   4  0.0000 -0.0067  8.7436
 36   4  0.0000  0.0000  8.6939
 44   4  0.0824 -0.1243  9.1799
 52   4  0.0166 -0.0987  9.3909
 60   4  0.0000  0.0000  9.9936
 68   4  0.0024  0.0753  9.6285
 76   4  0.0000  0.0000  9.9992
 84   4  0.0000 -0.0592  9.7975
 92   4  0.0000  0.0000 10.3078
100   4  0.0000  0.0000 11.1505
108   4 -0.0012 -0.0091 11.7175
116   4  0.0000  0.0000 11.7754
124   4  0.0000  0.0000 10.1847
132   4 -0.0398 -0.0048 11.9137
140   4  0.0000  0.0000 11.9483
148   4  0.0000  0.0009 11.9697
156   4 -0.0398  0.0048 11.9137
164   4 -0.0350 -0.0462 11.2538
172   4 -0.0005  0.0071 10.5053
180   4  0.0456  0.0049 10.8014
188   4 -0.0658  0.0297 10.6429
196   4 -0.0000  0.0000 11.0339
204   4  0.0067  0.0037 12.3111
212   4 -0.1048  0.2736 10.0620
220   4  0.1024  0.0984 13.2305
228   4  0.0000  0.0000 12.4810
236   4  0.0000  0.0000 10.1740
244   4  0.0318  0.0253 10.8606
252   4  0.0000  0.0000 11.7363
260   4  0.1130  0.0158 12.4407
268   4  0.0000  0.0000 12.9293
276   4  0.0000  0.0000 12.2896
284   4  0.0000  0.0000 17.4387
292   4  0.0000 -0.5000  9.4815
  4  12 -0.1330 -0.1717 10.4828
 12  12  0.0000  0.0000 11.3629
 20  12  0.0929 -0.0124 10.6202
 28  12  0.0000 -0.5000 10.2884
 36  12 -0.1580 -0.1877  9.8847
 44  12  0.0000 -0.3734  7.8712
 52  12  0.0000 -0.8625  9.1133
 60  12 -0.1605 -1.0243  8.9439
 68  12 -0.0358  0.0084 10.3338
 76  12 -0.1526  0.0412 10.1203
 84  12 -0.0489 -0.0551  6.6366
 92  12  0.0293 -0.3317 24.3741
100  12  0.1142 -0.4426 19.2423
108  12 -0.0962 -0.0059  9.3822
116  12  0.0628  0.0184  8.0515
124  12  0.0000 -0.0396  7.6472
132  12 -0.0492 -0.0049  8.3488
140  12 -0.0381 -0.0200  8.0749
148  12 -0.0104 -0.1051  8.1537
156  12 -0.0807 -0.4581 16.1644
164  12  0.1628 -0.4898 23.4515
172  12  0.0030 -0.0228  8.9670
180  12 -0.0475 -0.0548  9.8416
188  12 -0.0492 -0.0663 10.8514
196  12  0.0604 -0.0057 11.9512
204  12  0.0000  0.0000 11.7610
212  12 -0.0029 -0.0045 14.6008
220  12  0.0025  0.0041 16.5775
228  12  0.1062 -0.0107 18.7890
236  12 -0.0427 -0.0013 18.0172
244  12  0.0263 -0.0539 17.4899
252  12  0.0349 -0.0778 18.4756
260  12 -0.0395 -0.1448 15.6508
268  12  0.0132 -0.0661 20.5217
276  12  0.0154  0.1157 10.2336
284  12  0.1277  0.0138  9.6342
292  12  0.0381 -0.2802 11.3336
  4  20  0.0000 -0.1038 18.5113
 12  20  0.0000 -0.0402 14.6501
 20  20 -0.0125 -0.0426 19.1390
 28  20 -0.0015 -0.0472 17.3375
 36  20  0.0350 -0.0221 15.9137
 44  20  0.0355 -0.0196 13.8143
 52  20 -0.0186 -0.0182 13.6639
 60  20 -0.0007 -0.0279 14.9673
 68  20 -0.0018 -0.0631 13.9742
 76  20  0.0012 -0.0377 13.4346
 84  20 -0.0008 -0.0180 13.7606
 92  20 -0.0400 -0.0085 12.6008
100  20  0.0516  0.1352 12.4150
108  20  0.0472 -0.0170 14.6478
116  20  0.0016 -0.0400 12.7899
124  20 -0.0027 -0.0410 11.7450
132  20  0.0338 -0.0255 12.6684
140  20 -0.0254 -0.0474 14.8366
148  20  0.0315 -0.0344 26.5381
156  20 -0.0375 -0.3412 21.5821
164  20  0.2508 -0.1814 24.9430
172  20  0.0428 -0.0547 45.3389
180  20 -0.0047 -0.0511 15.0959
188  20 -0.0034 -0.0639 15.2549
196  20 -0.0336 -0.0441 16.2413
204  20 -0.0007 -0.0174 17.9310
212  20 -0.0042 -0.0476 18.0146
220  20  0.0661 -0.0597 15.4545
228  20  0.0275 -0.0644 16.1700
236  20  0.0325 -0.0393 17.1699
244  20  0.0348 -0.0067 19.4406
252  20 -0.0601  0.0371 15.9547
260  20 -0.0214  0.0782 16.5953
268  20  0.1950 -0.0687 17.1660
276  20 -0.0390  0.0416 23.6048
284  20  0.0070 -0.0599 21.6333
292  20 -0.0387  0.0381 21.7889
  4  28 -0.0006  0.0309  7.5590
 12  28  0.0053 -0.0515 10.3919
 20  28 -0.0165 -0.0484  8.6530
 28  28 -0.0046  0.0143  6.9123
 36  28  0.0029  0.0846  7.0370
 44  28  0.0000  0.0676  7.2390
 52  28 -0.0066  0.0578  7.3130
 60  28 -0.0732  0.1572  7.6328
 68  28  0.0270 -0.0086  7.1132
 76  28  0.1008  0.0287  8.4014
 84  28  0.0000 -0.0353 11.1304
 92  28 -0.0014 -0.0387  7.9457
100  28  0.0090 -0.0073  7.6799
108  28 -0.0694  0.0004  9.3290
116  28  0.0157 -0.0818  8.1670
124  28 -0.3402  0.1433  6.7160
132  28  0.0652 -0.1129 10.6457
140  28 -0.0180 -0.0905 11.9289
148  28  0.0123 -0.0344 12.1776
156  28  0.0379 -0.0978 13.4571
164  28  0.2115 -0.0786 11.1038
172  28  0.0127 -0.0273 12.7569
180  28  0.1782 -0.0122 11.0538
188  28 -0.1062  0.0069 11.6293
196  28  0.0180 -0.0205 10.5145
204  28 -0.0765  0.1371 10.8752
212  28  0.0000  0.2664  9.0964
220  28  0.2032  0.1264 10.4065
228  28 -0.0240  0.0467  9.0772
236  28 -0.1506  0.2237 10.1205
244  28  0.0484  0.0472  6.1712
252  28  0.0032  0.1162  6.3620
260  28 -0.0082  0.0569  6.0788
268  28 -0.0322  0.0555  7.2685
276  28 -0.0462 -0.0876  7.8254
284  28  0.0982 -0.2008  5.9717
292  28 -0.1296 -0.1635  5.9925
  4  36  0.0000  0.0000 20.7059
 12  36 -0.0206 -0.2256  8.2072
 20  36  0.1965  0.0282 10.0909
 28  36  0.0079 -0.1269 15.6313
 36  36  0.0843  0.0268 15.9257
 44  36  0.0554  0.0048 12.2127
 52  36  0.0129  0.1347  9.8155
 60  36 -0.2166  0.0091  8.6385
 68  36  0.1641  0.0293  7.3095
 76  36  0.0000  0.0000  6.8809
 84  36  0.1468  0.7158 12.0903
 92  36 -0.2504  0.4320 13.0691
100  36  0.0000  0.0000 11.1304
108  36  0.0000  0.0000  0.0000
116  36  5.1203     NaN  5.4468
124  36  0.2568  0.0627  8.5469
132  36  0.1203     NaN  5.4468
140  36 -0.5000  5.0836  5.4468
148  36  0.0117  0.0024 13.8061
156  36  0.0751 -0.0081 16.4310
164  36  0.1074 -0.0324 16.9833
172  36  0.0447 -0.0377 14.8800
180  36 -0.0317 -1.0925  7.3066
188  36  0.0911 -0.2578  6.7395
196  36 -0.0685  0.2329  7.0439
204  36  0.0000  0.0000  7.9667
212  36 -0.0149 -0.0207 10.9912
220  36 -0.0073 -0.0235 12.9555
228  36 -0.0023 -0.0883 10.9298
236  36  0.1238 -0.1336 13.1584
244  36 -0.0793 -0.0313 14.6144
252  36  0.0000  0.0846 16.2417
260  36  0.0000  0.0000 11.0903
268  36 -0.0949 -0.0317 16.0337
276  36  0.0000  0.0000  9.9881
284  36  0.0577 -0.2773 12.2250
292  36 -0.1098 -0.0965 11.2506
  4  44 -0.1756 -0.0386 12.1030
 12  44  0.0000  0.0000  8.8816
 20  44  0.0106  0.1331  7.1772
 28  44  0.0392  0.0952  8.2709
 36  44  0.0000  2.0000 11.1304
 44  44  0.0000  0.0000 11.1304
 52  44  0.0000  0.0000  0.0000
 60  44  0.0000  0.0000  0.0000
 68  44  0.0000  0.0000  0.0000
 76  44  0.0000  0.0000 11.1304
 84  44  0.1203     NaN  5.4468
 92  44 -0.1556  0.0000 12.2969
100  44  0.0000  0.0000 11.1304
108  44  0.0000  0.0000  0.0000
116  44  5.5000  2.5000  5.4468
124  44  0.0000  0.0000  0.0000
132  44  0.0000  0.0000  0.0000
140  44 -0.0336 -0.0212  5.7352
148  44  0.0018 -0.0101  9.6277
156  44 -0.0039 -0.0083  8.7522
164  44  0.0199 -0.0240  7.9946
172  44  0.0361  0.0154  8.9118
180  44 -0.1006  0.0000  7.8968
188  44  0.2907 -0.0403 10.5761
196  44 -0.2779 -0.0819  7.0459
204  44  0.0000  0.0000  8.3451
212  44 -0.0139  0.1561  9.5355
220  44  0.0000  0.0000 12.2639
228  44 -0.1240 -0.0127 10.5785
236  44 -0.0730 -0.0229 13.5665
244  44  0.0000  0.0089  8.6867
252  44  0.1155 -0.1113  9.3496
260  44 -0.0368 -0.1568 10.6618
268  44  0.2279 -0.0813  9.6854
276  44 -0.0022 -0.1014 11.1827
284  44 -0.0717 -0.0070 16.3768
292  44  0.0000  0.0000 24.6996
  4  52 -0.1546 -0.0660 18.6254
 12  52  0.0000 -0.0329 10.2139
 20  52  0.0000  0.0000 11.1304
 28  52  0.0000  0.0000  0.0000
 36  52  0.0000  0.0000  0.0000
 44  52  0.0000  0.0000  0.0000
 52  52  0.0000  0.0000  0.0000
 60  52  0.0000  0.0000  0.0000
 68  52  0.0000  0.0000  0.0000
 76  52  0.0000  0.0000 11.1304
 84  52  0.0000  0.0000 11.1304
 92  52  0.1652 -0.0893 10.7440
100  52 -0.0533  0.0150 15.6214
108  52  4.9230  4.4260  9.5808
116  52  0.0000  0.0000 11.9011
124  52  0.0000  0.0000 16.1088
132  52  0.0000  0.0000 11.1304
140  52 -0.2724  0.0299 16.3474
148  52  0.0000  0.0000  9.9944
156  52 -0.3927 -0.0140  8.4612
164  52  0.4043  0.4043  8.0000
172  52 -0.2932 -0.0939  8.5365
180  52 -1.3070 -0.0337 12.4709
188  52  0.0000  0.0000  0.0000
196  52  0.0000  0.0000  0.0000
204  52  0.0000  0.0000  0.0000
212  52  0.0000  0.0000  0.0000
220  52 -0.5000 -0.5000  8.4476
228  52  0.1793  0.2225  6.2325
236  52  0.0000  0.0000  9.9881
244  52  0.0149 -0.2749  9.0775
252  52  0.0656  0.0326 15.2216
260  52  0.0000  0.5000  8.0688
268  52  0.0000  0.0000 13.1736
276  52 -0.1657  0.0147  8.2688
284  52  0.0000  0.0000  8.4598
292  52 -0.0972 -0.0067 10.3784
  4  60  0.0000  0.0000  0.0000
 12  60  0.0000  0.0000  0.0000
 20  60  0.0000  0.0000  0.0000
 28  60  2.5000  0.0000  8.8276
 36  60  0.0000  0.0000  0.0000
 44  60  0.0000  0.0000 11.1304
 52  60  0.0000  0.0000  0.0000
 60  60 -0.2246  0.1162 14.0985
 68  60  0.0000  0.0000 15.4912
 76  60  0.0225  0.4137 13.5092
 84  60 -0.0604 -0.5592  8.2306
 92  60 -0.0340 -0.1979  9.9110
100  60 -0.0388 -0.2344 10.0475
108  60 -0.2779  0.0819  7.0459
116  60  0.0000  0.0000 10.1740
124  60  0.0000  0.0000 11.9011
132  60  0.0000  0.1469 10.3584
140  60  0.0145 -0.2368  9.5252
148  60  0.0000  0.0000  0.0000
156  60  0.0000  0.0000 11.1304
164  60  0.3076 -0.1981 12.4931
172  60  1.5724 -0.1105  9.0995
180  60  0.0000  0.0000 16.1088
188  60  1.5000  0.0000  8.2581
196  60  0.0000  0.0000 11.1304
204  60  0.0000  0.0000  0.0000
212  60  0.0000  0.0000  0.0000
220  60  0.0000  0.0000  0.0000
228  60  0.0000  0.0000  0.0000
236  60  0.0000  0.0000  0.0000
244  60  0.0000  0.0000 11.1304
252  60 -0.0941  0.1407  6.7894
260  60  0.1694 -0.1007  8.9018
268  60 -1.7172  0.0285 11.2848
276  60  0.0000  0.0000 16.1088
284  60  0.0000  0.0000 16.1088
292  60  0.0000  0.0000 16.1088
  4  68  0.0000  0.0000  0.0000
 12  68  0.0000  0.0000  0.0000
 20  68  0.0000  0.0000 11.1304
 28  68  2.5000  0.0000  8.8276
 36  68  0.0000  0.0000  0.0000
 44  68 -0.1798 -0.0246 17.0238
 52  68  1.3070  0.0337 12.4709
 60  68  0.0000 -0.5000  8.2581
 68  68 -0.0941 -0.0647  7.9034
 76  68  0.0000  0.0000 10.8072
 84  68 -0.1550  0.0300 17.4545
 92  68  0.0000  0.0000  0.0000
100  68  0.0000  0.0000 11.1304
108  68  0.0000  0.0000 22.2609
116  68 -0.2727  0.0000 15.0980
124  68  0.0000  0.0000 12.0628
132  68  0.1960  2.5000 11.1304
140  68  0.0000  0.0000 11.0903
148  68  0.0000  0.0000 11.9011
156  68  0.0000  0.0000 12.0628
164  68  0.0000  0.0000 11.1304
172  68  0.0000  0.0000 19.4783
180  68  0.0000  0.0000  9.4208
188  68 -0.0418 -0.1521 12.6567
196  68  0.0000  0.0000  0.0000
204  68  0.0000  0.0000  0.0000
212  68  0.0000  0.0000  0.0000
220  68  0.0000  0.0000 11.1304
228  68  0.0000 -2.0000 11.1304
236  68  0.0000  0.0000  0.0000
244  68  0.0000  0.0000  0.0000
252  68  0.0000  0.0000 11.1304
260  68  2.5000  0.0000  8.8276
268  68  0.0000  0.0000 11.1304
276  68  0.0000  0.0000 16.1088
284  68  0.0000  0.0000 12.8600
292  68  0.0000  0.0000 16.1088
  4  76 -0.8914 -0.2629  7.3143
 12  76  0.2624 -0.3539 10.3075
 20  76 -0.1328  0.0709 16.0000
 28  76 -0.4810  0.1756  8.6303
 36  76 -0.3548 -2.6236  9.4815
 44  76 -0.3054 -0.3740  8.9978
 52  76 -2.3677 -0.1145 12.8207
 60  76  0.0000  0.0000 11.1304
 68  76 -0.3073 -0.1556 11.0000
 76  76 -0.1767 -0.5000 13.2079
 84  76 -0.2166  0.1179  7.0951
 92  76 -0.1119  1.2352 11.8758
100  76  0.1068 -0.5000 14.1617
108  76 -1.1733  0.0000  8.5333
116  76 -1.3641  0.0000  7.5496
124  76  0.1780  2.5000  6.2439
132  76  0.0000  0.0000 12.8600
140  76  0.0000  0.0000 16.1088
148  76  0.0000  0.0000 12.0628
156  76  0.0000  0.7765  9.0353
164  76  0.0000  0.3764  7.3143
172  76 -0.0610  1.0000  8.9210
180  76  0.1960  0.0000 11.1304
188  76  0.0000  0.0000  0.0000
196  76  0.0000  0.0000  0.0000
204  76  0.0000  0.0000  0.0000
212  76  0.0000  0.0000 16.1088
220  76 -0.5000  0.0000  8.8276
228  76  0.0000  0.0000  1.0000
236  76 -0.5000  0.0000  8.8276
244  76  0.0000  0.0000  0.0000
252  76  0.0000  0.0000 11.1304
260  76  0.0000  0.0000  0.0000
268  76  0.0000  0.0000  0.0000
276  76  0.0000  0.0000  0.0000
284  76  0.0000  0.0000 11.1304
292  76 -0.1841 -0.0418 12.3683
  4  84  0.2763 -0.0156 10.5395
 12  84  0.0000  0.0694  9.0452
 20  84 -0.5000 -0.0265  9.4815
 28  84  0.3333  0.1531  6.9387
 36  84 -0.1444  0.2313 11.8291
 44  84  0.0000  0.0000  0.0000
 52  84  0.0672  0.0000  9.3177
 60  84  0.0000  0.0000 12.5464
 68  84  0.0000  0.0000 16.2126
 76  84  0.0000 -0.0968  8.2078
 84  84  0.0000  0.0000  0.0000
 92  84  0.0000  0.0000 13.3565
100  84  0.0000  0.0000  9.2086
108  84  0.0000  0.0000  0.0000
116  84 -0.7429 -0.0763  7.2258
124  84 -0.2626  0.3226 11.8900
132  84  5.1203 -0.5000  5.4468
140  84  0.2633 -0.0317  7.4064
148  84  0.0000  0.0000  0.0000
156  84     NaN  0.0000 17.0667
164  84  0.0000  0.0000 11.1304
172  84  0.0000  0.2435 12.7023
180  84  0.0000  0.0000 20.7059
188  84  0.0000  0.0000  0.0000
196  84  0.5000  0.0000 11.1304
204  84  0.0000  0.0000 11.1304
212  84  0.0000  0.0000  0.0000
220  84  0.0000  2.5000  8.8276
228  84  0.0000  0.0000 16.1088
236  84  0.0101 -0.1146 17.4161
244  84  0.0000  0.0000  0.0000
252  84  0.0000  0.0000  0.0000
260  84  0.0000  0.0000  0.0000
268  84  0.0000  0.0000  0.0000
276  84  0.0000  0.0000  0.0000
284  84  0.0000  0.0000  0.0000
292  84  0.0000  0.0000  0.0000
  4  92  2.5000  0.0000  8.8276
 12  92  0.5000  0.0000 11.1304
 20  92 -0.0260  0.1571 14.5328
 28  92  0.2269 -2.0609  8.2581
 36  92  0.0000  0.0000  0.0000
 44  92  1.2544  0.0254  6.6888
 52  92 -0.3577  1.5000  9.3659
 60  92 -1.0756  0.0431  7.0865
 68  92  0.0000  0.0000  0.0000
 76  92  0.0000  0.0000  0.0000
 84  92  0.0000 -0.5000  8.8276
 92  92  0.0000  0.0000  0.0000
100  92  0.0000  0.0000 11.1304
108  92  0.0000  0.0000  0.0000
116  92  0.0000  0.0000 11.1304
124  92 -0.1189  0.3227  5.3227
132  92  0.1889 -0.1407  5.5116
140  92  1.0000  0.0000  8.2581
148  92 -0.5000  0.0000  8.8276
156  92  0.1521  0.1664 16.8251
164  92  0.0000  0.0000 11.1304
172  92     NaN  0.0000 17.0667
180  92  0.1180  2.5000  9.2850
188  92  0.0000  0.0000  0.0000
196  92  0.0000  0.0000  0.0000
204  92  0.0000  0.0000 11.1304
212  92  0.0000  0.0000  0.0000
220  92  0.0000  0.0000  0.0000
228  92  0.0000  0.0000  0.0000
236  92  0.0000  0.0000 16.1088
244  92 -0.2188 -0.0540 12.5368
252  92  0.0000  0.0000  0.0000
260  92  0.0000  0.0000  0.0000
268  92  0.0000  0.0000  0.0000
276  92  0.0000  0.0000  0.0000
284  92  0.0000  0.0000  0.0000
292  92  0.0000  0.0000  0.0000
  4 100  0.1215 -0.1200 17.1775
 12 100 -0.0433  0.1395 10.0897
 20 100  0.0000  0.0000  0.0000
 28 100  0.0000  0.0000  0.0000
 36 100  0.0000 -0.5000  8.8276
 44 100  0.0000  0.0000  0.0000
 52 100  0.0000  0.0000  0.0000
 60 100  0.0000  0.0000  0.0000
 68 100  0.0000  0.0000 16.1088
 76 100  2.5000  0.0000  8.8276
 84 100  0.0000  0.0000 16.1088
 92 100  0.0000  0.3577 13.4737
100 100  0.0000  0.0000 11.1304
108 100  0.0000  0.0000 12.0628
116 100  2.5000  0.1588 10.5785
124 100  0.0000  0.4371  6.7016
132 100 -0.0623  0.0463 13.7103
140 100 -0.5000  0.0448  8.9013
148 100  0.0000  0.0000  0.0000
156 100 -0.0982  0.2693  9.7086
164 100  0.0000  0.0000  0.0000
172 100  0.0000  0.0000  0.0000
180 100  0.0000  0.0000 11.1304
188 100 -2.0000  0.0000  8.2581
196 100  0.0000  0.0000  0.0000
204 100 -0.5000  0.0255  9.7158
212 100  0.0578 -0.4337  9.0220
220 100  0.0000  0.0000  0.0000
228 100  0.0000  0.0000  0.0000
236 100  0.0000  0.0000  0.0000
244 100  0.0000  0.0000  0.0000
252 100 -0.1123  0.0711 13.6764
260 100  2.5000  0.0000  8.8276
268 100  0.0000  0.0000  0.0000
276 100  0.0000  0.0000  0.0000
284 100  0.0000  0.0000  0.0000
292 100  0.0000  0.0000  0.0000
  4 108  0.0000  0.0000 10.2729
 12 108  0.0000  0.0000 11.1304
 20 108  0.0000  0.0000  0.0000
 28 108  0.0000  0.0000 11.1304
 36 108  0.0000  0.0000 11.1304
 44 108  0.0000  0.0000  0.0000
 52 108  0.0000  0.0000  0.0000
 60 108  0.0000  0.0000 16.1088
 68 108  0.0000  0.0000 11.1304
 76 108  0.0391  2.5000  9.3822
 84 108 -0.3290  2.8274  8.0000
 92 108  0.0000  0.0000  0.0000
100 108  0.0000  0.0000  8.0190
108 108 -0.0404  0.1898 11.8154
116 108  0.0000  0.0000  0.0000
124 108  0.0000  0.0000  0.0000
132 108  0.1395 -0.1892 10.5867
140 108  0.0000  0.0000  0.0000
148 108  0.0000  0.0000  0.0000
156 108  0.1969 -0.1847 11.2822
164 108  0.0000  0.0000 11.1304
172 108  0.0000  0.0000  0.0000
180 108  0.0000  0.0000  0.0000
188 108  0.0000  2.5000  8.8276
196 108  0.0000  2.5000  8.8276
204 108  0.0000  0.0000  0.0000
212 108     NaN  0.0000  9.1680
220 108  0.1663  0.2408  5.8024
228 108  0.0000  0.0000  0.0000
236 108  0.0000  0.0000  0.0000
244 108  0.0000  0.0000  0.0000
252 108  2.5000 -0.1867  6.5641
260 108 -0.2033  4.5000  5.7949
268 108  0.0000  0.0000 11.1304
276 108  0.0000  0.0000  0.0000
284 108  0.0000  0.0000 11.1304
292 108  0.0557 -0.0193 15.2661
  4 116  0.0000  0.0000 13.3565
 12 116  0.0000  0.0000  0.0000
 20 116  0.0000  0.0000  0.0000
 28 116  0.0000  0.0000  0.0000
 36 116  0.0000  0.0000  0.0000
 44 116  0.0000  0.0000  0.0000
 52 116 -1.3417 -0.1530 11.4286
 60 116  0.3723  0.0553 12.6303
 68 116 -0.1313 -0.0812 16.9211
 76 116 -1.6958  0.0000 11.1304
 84 116  0.1313 -0.0812 16.9211
 92 116  0.0000  0.0000 13.7544
100 116  0.0000  0.0000 15.9357
108 116 -0.1841  0.0418 12.3683
116 116  0.0000  0.0000 16.1088
124 116  0.0000  0.0000 12.0455
132 116  0.0000 -0.5000  8.8276
140 116  0.0000  0.0000  0.0000
148 116  0.0000  0.0000  0.0000
156 116  0.1784  0.1766  8.3095
164 116 -0.2965 -0.2632 10.8887
172 116  0.3657  0.2469 10.9004
180 116  0.0000  0.0000  0.0000
188 116  0.0000  0.0000  0.0000
196 116  0.0000  0.0000 12.0455
204 116  0.0962 -0.0756 15.0135
212 116  0.0000  0.0000  0.0000
220 116  0.0000  0.0000 16.1088
228 116  0.0000 -0.1960 11.1304
236 116  0.0000  0.0000 11.1304
244 116  0.1841  0.0418 12.3683
252 116  0.0000  0.0000  0.0000
260 116  0.0000  0.0000  0.0000
268 116  0.0000  0.0000  0.0000
276 116  0.0000  0.0000  0.0000
284 116  2.5000  0.0000  8.8276
292 116  0.0000  0.0000 12.0455
  4 124  0.0000  0.0000  0.0000
 12 124 -0.1151  0.0000  9.4118
 20 124  0.0000  0.0000  0.0000
 28 124  0.0000  0.0000  0.0000
 36 124  0.0000  0.0000  0.0000
 44 124  2.5000  0.0000  8.8276
 52 124  0.0530  0.0000  9.2850
 60 124  0.0000  0.0000  0.0000
 68 124 -5.2952  0.1511 15.1864
 76 124  0.0000  0.0000 11.1304
 84 124 -1.0575 -0.1618  7.5801
 92 124  0.2155  0.1345  9.8767
100 124  0.0000  0.0000 11.1304
108 124  0.0000  0.0000  0.0000
116 124 -0.1546  0.0660 18.6254
124 124  0.1138 -0.1378 11.4627
132 124  0.0000  0.0000 11.1304
140 124  0.0000  0.0000  0.0000
148 124  0.0000  0.0000  0.0000
156 124  0.6907 -0.2991  8.0688
164 124 -0.5000  0.1057  7.4250
172 124 -0.1050  2.5000  6.8903
180 124  0.0000  0.0000 11.1304
188 124  0.0000  0.0000 11.1304
196 124 -0.1825 -0.2174 12.5315
204 124 -0.6365 -4.1713 11.7431
212 124  0.0000  0.0000  0.0000
220 124  0.0000  0.0000 11.1304
228 124  2.5000  0.0000  8.8276
236 124  0.0000  0.0000  0.0000
244 124  0.0000  0.0000  0.0000
252 124  0.0000  0.0000  0.0000
260 124  0.0000  0.0000  0.0000
268 124  0.0000  0.0000  0.0000
276 124  0.0000  0.0000  0.0000
284 124  2.5000  0.0000  8.8276
292 124  1.5000  2.5000  7.4357
  4 132  0.0000  0.0000  0.0000
 12 132  0.0000  0.0000 19.4783
 20 132 -0.0626  0.4765  9.1467
 28 132  0.0000  0.0000 11.1304
 36 132  0.0000  2.5000  8.8276
 44 132  0.0000  0.0000  0.0000
 52 132  0.0000  0.0000  0.0000
 60 132  0.0000  0.0000  0.0000
 68 132  0.0000  0.0000  0.0000
 76 132  4.5000 -0.5000  4.0635
 84 132  0.0000  0.0000  8.8276
 92 132 -0.3290  0.0000  9.4815
100 132  0.0000  0.0000  0.0000
108 132  0.0000  0.0000  0.0000
116 132  0.0418 -0.1521 12.6567
124 132 -1.3070 -0.0337 12.4709
132 132  0.0000  0.0000  0.0000
140 132  0.0000  0.0000  0.0000
148 132  0.0000  0.0000  0.0000
156 132  0.5000  0.5000  7.8168
164 132 -0.2568  0.0627  8.5469
172 132  1.5000 -1.0000  7.4357
180 132  0.0000  0.0000  0.0000
188 132  0.0000  0.0000  0.0000
196 132  2.5000  0.0000  8.8276
204 132  0.0000  0.4032 11.1304
212 132  0.0000 -0.5000  8.8276
220 132  0.0000  0.0000  0.0000
228 132  0.0000 -0.5000  8.8276
236 132  0.0000  0.0000 11.1304
244 132  0.0000  0.0000  0.0000
252 132  0.0000  0.0000  0.0000
260 132  0.0000  0.0000  0.0000
268 132  0.0000  0.0000  0.0000
276 132  0.0000  0.0000  0.0000
284 132  0.0000  0.0000  0.0000
292 132 -0.5000  0.1180  9.2850
  4 140  0.0000  0.0000 11.1304
 12 140  0.0000  0.0000  0.0000
 20 140  0.1261  0.0116 18.2740
 28 140  0.0000  0.0000 16.1088
 36 140  0.0000  0.0000  0.0000
 44 140  0.0000  0.0000  0.0000
 52 140  0.0000  0.0000  0.0000
 60 140  3.2095 -4.8027 14.7692
 68 140 -0.0886 -0.0934  9.5624
 76 140  1.3070  0.0337 12.4709
 84 140 -1.5000  2.5000  8.2581
 92 140  0.0000  0.0000 11.1304
100 140  0.0000  0.0000 11.1304
108 140  0.0000  0.0000 16.1088
116 140  0.0000  2.5000  8.8276
124 140  0.0000  0.0000 11.1304
132 140  0.0000  0.0000 11.1304
140 140  0.0000  0.0000 19.1045
148 140  0.0000  0.0000 11.1304
156 140  0.0000  0.0000 11.1304
164 140  0.0000  0.0000  0.0000
172 140 -0.6001  0.1776  6.9856
180 140  0.0000 -0.5000  8.8276
188 140  0.0000  0.0000 16.1088
196 140  0.0000  0.0000 11.9011
204 140  0.0000  0.0000 12.0628
212 140 -0.2907 -0.0403 10.5761
220 140  0.0000  0.0000  0.0000
228 140  0.1180  2.5000  9.2850
236 140  0.0000  0.0000 11.1304
244 140  0.0000  0.0000  0.0000
252 140  0.0000  0.0000  0.0000
260 140  0.0000  0.0000  0.0000
268 140  0.0000  0.0000  0.0000
276 140  0.0000  0.0000  0.0000
284 140  0.0000  0.0000  8.2581
292 140  0.0000  0.0000  0.0000
  4 148  0.0000  0.0000  0.0000
 12 148  0.0988  0.1823 10.2301
 20 148 -0.1841  0.0418 12.3683
 28 148  0.0000  0.0000 11.1304
 36 148  0.0000  0.0000  0.0000
 44 148  0.0868 -0.0378 15.2803
 52 148 -0.1603  2.5000  6.8725
 60 148 -0.0132  0.4442  7.9414
 68 148  0.0601 -0.1520  8.1488
 76 148  2.7083 -0.5000  6.1440
 84 148  0.0000  2.5000  8.8276
 92 148  0.0000  0.0000 11.1304
100 148  0.0000  0.0000  0.0000
108 148  0.5000  0.0000 11.1304
116 148  0.0000  0.0000  0.0000
124 148  0.0000  0.0000  8.2581
132 148 -0.3577  0.0000 13.4737
140 148 -0.3524  0.2632 11.6476
148 148  0.0000  2.5000  8.8276
156 148  0.0000  0.0000 11.1304
164 148  0.0000  0.0000  0.0000
172 148  0.5000  4.5000  4.0635
180 148  0.2917  0.0000 11.1304
188 148  0.0418 -0.1521 12.6567
196 148  0.0000  0.0000  0.0000
204 148  0.0000  0.0000  0.0000
212 148  0.0000  0.0000  0.0000
220 148  0.0000  0.0000  0.0000
228 148  0.0000  0.0000  0.0000
236 148  0.2780  0.1270 13.3759
244 148  2.5000  0.0000  8.8276
252 148  0.0000  0.0000  0.0000
260 148  0.0000  0.0000  0.0000
268 148  0.0000  0.0000  0.0000
276 148  0.0000  0.0000 16.1088
284 148 -0.5000 -0.1588 10.5785
292 148  0.1180  2.5000  9.2850
  4 156  0.3851     NaN 10.3199
 12 156 -0.0832 -0.3131  9.8462
 20 156  0.0000  0.0000  0.0000
 28 156     NaN  5.1203  5.4468
 36 156 -0.5000  4.5000  4.0635
 44 156  0.4345 -0.5000  8.7605
 52 156  0.0000  0.0000  0.0000
 60 156 -0.3744 -0.0132 10.8936
 68 156  4.5000 -4.7609  8.2581
 76 156  0.0000  0.0000 16.1088
 84 156  0.0000  0.0000  0.0000
 92 156  0.0000  0.0000  0.0000
100 156  0.0000  0.0000  0.0000
108 156  0.5000  0.0000 11.1304
116 156  0.1313 -0.0812 16.9211
124 156  1.5000  0.0000  8.2581
132 156  0.1760  0.0000 15.0588
140 156  0.0213 -0.2227 13.1417
148 156  0.0561 -0.2765  9.5419
156 156  0.0000  0.0000  0.0000
164 156  1.0000  0.0000  8.2581
172 156  0.0000  0.0000 11.1304
180 156  0.0000  0.0000 12.0628
188 156  0.0000  2.5000  8.8276
196 156  0.0000  0.0000  0.0000
204 156  0.0000  0.0000  0.0000
212 156  0.0000  0.0000  0.0000
220 156  0.0000  0.0000  0.0000
228 156  0.0000  0.0000  0.0000
236 156  0.0000  0.0000  0.0000
244 156  0.1841  0.0418 12.3683
252 156  0.0000  0.0000  0.0000
260 156  0.0000  0.0000  0.0000
268 156  0.0000  0.0000  0.0000
276 156  1.1838  2.5000  7.5779
284 156 -0.5000  0.0000  8.8276
292 156  0.0000  0.0000  0.0000
  4 164  1.3139  0.3311  8.0688
 12 164  0.0000  0.1269 18.7955
 20 164  0.0000  0.0000 11.1304
 28 164  0.0000  0.0000 11.1304
 36 164  0.0000  2.5000  8.8276
 44 164 -0.3487  4.6869  7.6077
 52 164  0.0000  0.0637  6.1029
 60 164  0.5000 -0.5000  7.8168
 68 164  0.0000  0.0000  0.0000
 76 164 -0.5000  0.0000 11.1304
 84 164  0.0000  0.0000  0.0000
 92 164  0.0000  0.0000  0.0000
100 164  0.0000  0.0000  0.0000
108 164  0.0000  2.5000  8.8276
116 164 -0.0698  0.2911 10.5124
124 164  0.0000  0.0000 17.0667
132 164 -0.0698  0.2911 10.5124
140 164  0.1663 -0.0672 15.2401
148 164 -0.2021 -0.2860 10.7438
156 164  0.0000  0.0000  0.0000
164 164  0.0000  0.0000  9.2850
172 164  0.0000  0.0000  0.0000
180 164  1.0000  0.0000  9.2850
188 164 -0.2011 -0.1988 14.8099
196 164  0.0000  0.0000  0.0000
204 164  0.0000  0.0000  0.0000
212 164  0.0000  0.0000  0.0000
220 164  0.0000  0.0000  0.0000
228 164  0.0000  0.0000  0.0000
236 164  0.0000  0.0000  0.0000
244 164  0.0000  0.0000  0.0000
252 164  2.3677  0.1145 12.8207
260 164  0.2780  0.1270 13.3759
268 164  2.5000  0.0000  8.8276
276 164  0.0000  0.0000  0.0000
284 164  0.0000  0.0000  0.0000
292 164  0.0000  0.0000  0.0000
  4 172 -0.5000 -0.5000  4.0635
 12 172  2.5000 -4.8879  4.3390
 20 172  0.4043 -0.4043  8.0000
 28 172  0.0000  0.0000 11.1304
 36 172  0.0000 -0.5000  8.8276
 44 172  4.5000 -0.5000  4.0635
 52 172  0.0349 -0.2804 14.3280
 60 172  0.0000  0.0000  0.0000
 68 172  0.0000 -0.5000  8.8276
 76 172  0.0418 -0.1521 12.6567
 84 172  0.1667 -4.9192  9.1429
 92 172  0.0000  0.0000  0.0000
100 172  0.0000  0.0000  0.0000
108 172  0.0000  0.0000 11.1304
116 172 -0.0698  0.2911 10.5124
124 172 -1.5000  2.5000  7.4357
132 172 -0.1180  2.5000  9.2850
140 172 -0.1880 -0.1662 14.1847
148 172 -0.0698 -0.2911 10.5124
156 172  0.0000 -0.5000  8.8276
164 172  0.0698 -0.2911 10.5124
172 172  0.0000  0.0000  0.0000
180 172  0.0000  0.0000  8.2581
188 172  0.0000  0.0000 16.1088
196 172  0.0000  0.0000  0.0000
204 172  0.0000  0.0000  0.0000
212 172  0.0000  0.0000  0.0000
220 172  0.0000  0.0000  0.0000
228 172  0.0000  0.0000  0.0000
236 172  0.0000  0.0000  0.0000
244 172  0.0000  0.0000  0.0000
252 172  0.0000  0.0000 11.1304
260 172  0.0000  0.0000  0.0000
268 172  0.0000  0.0000  0.0000
276 172  0.0000  0.0000  0.0000
284 172  0.0000  0.0000  0.0000
292 172  0.0000  0.0000  0.0000
  4 180 -0.5000  1.0000  7.4357
 12 180  0.0000  0.0000  0.0000
 20 180 -0.2021  0.2860 10.7438
 28 180  0.0000  0.0000  0.0000
 36 180  0.0000  0.0000  0.0000
 44 180 -0.1936 -0.5000 10.4490
 52 180  0.2364 -0.2876  6.2797
 60 180  0.0000  0.0000  0.0000
 68 180  0.0000  0.0000 12.0455
 76 180  0.1180 -0.5000  9.2850
 84 180  0.0000  0.0000  0.0000
 92 180  0.0000  0.0000 11.1304
100 180  0.0000  0.0000  0.0000
108 180  0.0000  0.0000  0.0000
116 180 -1.1838 -0.5000  7.5779
124 180  0.0610 -0.5000  7.7665
132 180  0.0000  0.0000 11.1304
140 180 -0.5000  0.0000 11.1304
148 180  0.3468  2.5000 10.2045
156 180  1.1838 -0.5000  7.5779
164 180  0.5000  0.0000 11.1304
172 180  0.0000  0.0000  0.0000
180 180  0.0000  0.0000  0.0000
188 180  0.0000  0.0000 11.1304
196 180 -0.3524 -0.2632 11.6476
204 180  0.0000  0.0000  0.0000
212 180  0.0000  0.0000  0.0000
220 180  0.0000  0.0000  0.0000
228 180  0.0000  0.0000  0.0000
236 180  0.0000  0.0000  0.0000
244 180  0.0000  0.0000  0.0000
252 180  0.0000  0.0000  0.0000
260 180  0.0000  0.0000  0.0000
268 180  0.0000  0.0000  0.0000
276 180  0.0000  0.0000  0.0000
284 180  0.0000  0.0000  0.0000
292 180  0.0000  0.0000 11.1304
  4 188 -4.3989 -4.8530 12.0203
 12 188  0.3697 -0.5000  6.0207
 20 188  4.8566 -0.5000  8.3934
 28 188  0.0000  0.0000  0.0000
 36 188  0.0000  0.0000  0.0000
 44 188 -0.1776  0.3212  9.2576
 52 188  0.1960 -0.5000 11.1304
 60 188  0.0000  0.0000  0.0000
 68 188 -0.1960  0.0000 11.1304
 76 188  0.0000  0.0000  0.0000
 84 188  0.2780 -0.1270 13.3759
 92 188  0.0000  0.0000  0.0000
100 188  0.0000  0.0000  0.0000
108 188 -0.0832 -0.3131  9.8462
116 188  0.0000  0.0000  0.0000
124 188 -0.0630  0.1897 10.8534
132 188 -2.5000  0.0000 11.1304
140 188 -0.3468 -1.0000 10.2045
148 188  0.0000  0.0000  0.0000
156 188  1.7362 -0.1450  7.9834
164 188  0.3732 -0.3694 10.3318
172 188  0.0000  0.0000 11.1304
180 188  0.0000  0.0000  0.0000
188 188  0.0000  0.0000 11.1304
196 188  0.0000  0.0000 11.1304
204 188  0.0391 -2.5000  9.3822
212 188  0.0000  0.0000  0.0000
220 188  0.0000  0.0000  0.0000
228 188  0.0000  0.0000  0.0000
236 188  0.0000  0.0000  0.0000
244 188  0.0000  0.0000  0.0000
252 188  0.0000  0.0000  0.0000
260 188  0.0000  0.0000 11.1304
268 188  0.0000  0.0000  0.0000
276 188  0.0000  0.0000  0.0000
284 188  0.0000  0.0000  0.0000
292 188  0.0000  0.0000  0.0000
  4 196  0.0585  0.2413 13.6170
 12 196  0.0000  0.0000  0.0000
 20 196  0.0000  0.0000  0.0000
 28 196  0.0000  0.0000  0.0000
 36 196  0.1825 -0.2174 12.5315
 44 196 -0.3476 -0.2927  7.3438
 52 196  0.0000  0.0000  0.0000
 60 196  0.0000 -0.5000  8.8276
 68 196  0.0000 -0.5000  8.8276
 76 196  5.3223  2.5000  5.4468
 84 196  0.0000  0.0000  0.0000
 92 196  0.0000  0.0000 11.1304
100 196  0.0000  0.0000  0.0000
108 196  0.0264 -0.3145 11.0777
116 196  0.0000  0.0000  0.0000
124 196 -0.1556  0.0000 12.2969
132 196  0.0000  0.0000  0.0000
140 196  0.3468  2.5000 10.2045
148 196  0.0000  0.0000  0.0000
156 196  0.0000  0.0000  0.0000
164 196 -2.5000 -1.0000  7.6040
172 196  0.5000  0.0000 11.1304
180 196  0.0000  0.0000  0.0000
188 196  0.0000  0.0000 11.1304
196 196 -0.1858  3.5000  6.6866
204 196 -0.2181  4.0000  8.9418
212 196  0.0000  0.0000  0.0000
220 196  0.0000  0.0000  0.0000
228 196  0.0000  0.0000  0.0000
236 196  0.0000  0.0000  0.0000
244 196  0.0000  0.0000  0.0000
252 196  0.0000  0.0000  0.0000
260 196  0.0000  0.0000  0.0000
268 196  0.0000  0.0000  0.0000
276 196  0.0000  0.0000  0.0000
284 196  0.0000  0.0000  0.0000
292 196  0.0000  0.0000 11.1304
  4 204  1.0000  0.0000  9.2850
 12 204  0.0000  0.0000  0.0000
 20 204  0.0000  0.0000 11.1304
 28 204  0.0000  0.0000  0.0000
 36 204 -0.6486  0.0619  9.6250
 44 204  0.0000  0.0000  0.0000
 52 204  0.0000  0.0000  0.0000
 60 204 -0.2038  4.9107 10.6667
 68 204 -0.2038  4.9107 10.6667
 76 204  6.1620 -0.2490  9.5076
 84 204 -0.2780 -0.1270 13.3759
 92 204  2.5000  0.0000  8.2581
100 204  0.0000  2.5000  8.8276
108 204  0.0000  3.0000  9.9826
116 204 -0.5000  0.0000  8.2581
124 204  0.2917  0.0000 11.1304
132 204  0.0000  0.0000  0.0000
140 204 -0.5000  0.0000 11.1304
148 204 -5.0000  0.0000 11.1304
156 204  4.5000 -0.5000  4.0635
164 204  0.0000  0.0000 11.1304
172 204  0.5000  0.0000 11.1304
180 204  0.0000  0.0000  0.0000
188 204  0.0000  0.0000  0.0000
196 204  0.0000  0.0000 11.1304
204 204  0.0000  0.0000  0.0000
212 204  0.0000  0.0000  0.0000
220 204  0.0000 -0.5000  8.8276
228 204  0.0000  0.0000  0.0000
236 204  0.0000  0.0000  0.0000
244 204  0.0000  0.0000  0.0000
252 204  0.0000  0.0000  0.0000
260 204  0.0000  0.0000  0.0000
268 204  0.0000  0.0000  0.0000
276 204  0.0000  0.0000  0.0000
284 204  0.0000  0.0000  0.0000
292 204 -0.1174  4.1710 14.6131
  4 212 -5.6832     NaN  4.9709
 12 212 -0.5000  0.0000  8.8276
 20 212  0.0000  0.0000  0.0000
 28 212  0.0203 -0.1804 15.3082
 36 212  1.5000  0.2884  7.6510
 44 212  0.0000  0.0000  0.0000
 52 212  0.0000  0.0000  0.0000
 60 212  0.1123  0.0711 13.6764
 68 212  0.0000  0.0000 16.1088
 76 212  0.0000  0.0000  0.0000
 84 212  0.0000  0.0000 19.1045
 92 212  0.0000  0.0000 11.1304
100 212  0.0000  0.0000 11.1304
108 212  0.1960  0.0000 11.1304
116 212  0.5000  4.5000  4.0635
124 212  0.0000  0.0000 11.1304
132 212  0.0000 -0.1063  6.9728
140 212  0.1998 -0.0722  9.9177
148 212     NaN  0.0000  5.4468
156 212  0.0000  0.0000  0.0000
164 212  0.0000  0.0000 11.1304
172 212  0.0000  0.0000 11.1304
180 212  0.0000  0.0000  0.0000
188 212  0.0000  0.0000  0.0000
196 212  0.0000  0.0000 11.1304
204 212  0.0000  0.0000  0.0000
212 212  0.0000  0.0000  0.0000
220 212 -0.0418 -0.1521 12.6567
228 212  0.0000  0.0000  0.0000
236 212  0.0000  0.0000  0.0000
244 212  0.0000  0.0000  0.0000
252 212  0.0000  0.0000  0.0000
260 212  0.0000  0.0000  0.0000
268 212  0.0000  0.0000  0.0000
276 212  0.0000  0.0000  0.0000
284 212  0.0000  0.0000  0.0000
292 212  0.0000 -0.5000  8.8276
  4 220 -1.0000  2.5000  8.5333
 12 220 -0.5000  2.5000  8.4476
 20 220  0.1825 -0.2174 12.5315
 28 220  0.1872 -0.1873 11.1304
 36 220  0.0000  0.0000  0.0000
 44 220  0.0000  0.0000 11.1304
 52 220  0.2497 -0.0494 11.3219
 60 220  0.0378 -0.0868 15.2803
 68 220  0.0000  0.0000  0.0000
 76 220  0.0000  0.0000  0.0000
 84 220  0.0000  0.0000  0.0000
 92 220  0.3309 -4.9363  7.1846
100 220  0.0000  0.0000  0.0000
108 220  0.0000 -0.5000  8.8276
116 220  0.0000  0.0000  0.0000
124 220  0.0000  0.0000  0.0000
132 220 -0.1960 -0.5000 11.1304
140 220 -2.2139 -2.6843 12.6880
148 220  0.0000  0.0000 11.1304
156 220  0.0000 -0.5000  8.8276
164 220  0.1960  0.0000 11.1304
172 220  0.0000  0.0000 19.1045
180 220  0.0000  0.0000  0.0000
188 220  0.0000  0.0000  0.0000
196 220  0.0000  2.5000  8.8276
204 220  0.0000  0.0000  0.0000
212 220  0.0000 -0.1063  6.9728
220 220  0.0000  0.0000  0.0000
228 220  0.0000  0.0000 16.1088
236 220  0.0000  0.0000  0.0000
244 220  0.0000  0.0000  0.0000
252 220  0.0000  0.0000  0.0000
260 220  0.0000  0.0000  0.0000
268 220  0.0000  0.0000  0.0000
276 220  0.0000  0.0000  0.0000
284 220  0.0000  0.0000  0.0000
292 220  0.0000  0.0000  0.0000
