VARIABLES= "X pix", "Y pix", "U pix/dt", "V pix/dt", "CHC", ZONE I=28, J=37
  4   4  0.0000  0.0150 10.9080
 12   4  0.0406 -0.0186 10.9230
 20   4  0.0000  0.0986  9.7303
 28   4 -0.0088  0.0000 10.0321
 36   4 -0.0150  0.0000 10.0099
 44   4 -0.0161  0.0000 10.0099
 52   4  0.0000 -0.1021 10.4857
 60   4  0.0000  0.0433 10.1004
 68   4  1.5585  0.0000 11.0456
 76   4  3.0071  0.0000 10.9708
 84   4  2.6561  0.0000 10.9734
 92   4 -0.0097  0.0203 11.2069
100   4  0.0059  0.0329 12.5262
108   4 -0.0150  0.0000 11.0308
116   4  0.0000 -0.0317 11.2951
124   4 -0.0105  0.0000 11.7754
132   4 -0.0839  0.0000 11.7754
140   4 -0.2009  0.0000 11.7754
148   4 -0.1100  0.0000 11.7754
156   4 -0.0520  0.0000 11.7754
164   4  0.0000  0.0112 11.7979
172   4  0.0027  0.0248 11.6312
180   4  0.0530  0.0596 11.7993
188   4  0.0366  0.0000 11.7754
196   4  0.0000  0.0441 11.4196
204   4 -0.0007 -0.0025 12.3961
212   4 -0.0291 -0.0328  9.7319
220   4  0.0197  0.0058 10.8169
228   4  0.0000  0.0650 10.2400
236   4  0.0000  0.0239  9.9982
244   4  0.0364  0.1164 11.8675
252   4  0.0177  0.0000 11.7707
260   4 -0.0021  0.0000 12.9094
268   4 -0.0211  0.0000 12.8656
276   4  0.0356  0.0000 13.0803
284   4  0.1960  0.0000 13.0803
292   4  0.9216  0.0000 12.3953
  4  12  1.9646  0.0000 11.6053
 12  12  2.5000 -0.3577  7.5294
 20  12  0.0000  0.3888  7.7665
 28  12  0.0765  0.8826  7.2276
 36  12  0.0000  0.5000  8.5742
 44  12  0.0000  1.5000  6.5641
 52  12  0.0140  0.0000  0.0000
 60  12  0.0000  0.5000 11.1304
 68  12 -0.1767 -0.2967 10.1507
 76  12  0.0000 -0.2220  8.4476
 84  12  0.0000 -0.4062  9.5908
 92  12  0.0266  0.0000 14.4906
100  12  0.0111  0.0053 10.6146
108  12 -0.0075  0.0000  8.2581
116  12  0.0108  0.0000  9.4815
124  12  0.0349  0.0000  7.7372
132  12  0.0762  0.0000  9.4815
140  12  0.1331  0.0576  9.4597
148  12  0.0000  0.1274  9.2086
156  12  0.0797 -0.0032 12.9067
164  12  0.0027 -0.0265 28.1659
172  12  0.0327  0.0000  9.1390
180  12  0.0140 -0.0787  7.0222
188  12  0.0000 -0.0000  6.4966
196  12 -0.0561 -0.0160  7.3817
204  12 -0.0065  0.1172  9.4010
212  12 -0.0582 -0.0147  8.0296
220  12 -0.0116  0.0000  7.7763
228  12  0.2552  0.0000  7.6730
236  12 -0.1323 -0.0845  8.3368
244  12 -0.3431  0.0000  8.8755
252  12  0.0117 -0.0053  9.0440
260  12  0.0718  0.0000  9.7166
268  12  0.0000  0.0000 10.5938
276  12  0.0096  0.0000 10.8685
284  12  0.0142  0.0000 11.8349
292  12 -0.0132 -0.0113 11.7266
  4  20  0.0187 -0.0112 13.2970
 12  20  0.0955  0.0020 12.4310
 20  20  0.0575  0.0589 10.4437
 28  20 -0.0301  0.0469 10.7528
 36  20 -0.0791  0.0292  9.5195
 44  20 -0.0304  0.0285  9.5586
 52  20  0.0000 -0.0580 10.0137
 60  20 -0.0044  0.0000  9.5908
 68  20 -0.0515  0.0015 11.6157
 76  20  0.0081 -0.0346  9.9495
 84  20 -0.0060  0.0036 11.3002
 92  20 -0.0018 -0.0040 11.0603
100  20 -0.1254 -0.0314 15.4083
108  20 -0.0145  0.0000 15.7725
116  20 -0.0099  0.0000 14.0129
124  20 -0.0304  0.0000 16.4619
132  20 -0.0044  0.0000 16.2982
140  20  0.0020  0.0174 13.4680
148  20 -0.0215  0.0207 15.5078
156  20 -0.0063 -0.0077 22.3269
164  20  0.0025  0.0029 25.2292
172  20 -0.0274  0.0094 22.8491
180  20  0.0942 -0.0226 19.7560
188  20  0.0746  0.0516 16.8059
196  20  0.0049  0.0029 23.4306
204  20  0.0017  0.0000 20.8858
212  20 -0.0084  0.0580 19.7710
220  20  0.0062  0.0000 21.4357
228  20  0.0246 -0.0413 17.8327
236  20  0.0226 -0.0008 15.3587
244  20 -0.0307  0.0242 16.7017
252  20 -0.0539  0.0067 16.2338
260  20 -0.0824 -0.0201 14.1880
268  20 -0.0649  0.0000 13.3949
276  20 -0.0585  0.0000 13.3167
284  20 -0.0204  0.0051 19.4301
292  20 -0.0391  0.0000 16.3916
  4  28 -0.0007 -0.0024 14.9404
 12  28  0.0355  0.0451 17.3094
 20  28 -0.0010  0.0084 18.4829
 28  28 -0.0369  0.0000 10.3712
 36  28  0.0173 -0.0003  9.3147
 44  28 -0.0030 -0.0001  9.3013
 52  28 -0.0124  0.0000  8.7255
 60  28  0.0000  0.0004  8.0738
 68  28  0.0280 -0.0025 10.1911
 76  28  0.0014  0.0003  7.8492
 84  28 -0.0007 -0.0098  7.6069
 92  28 -0.0048 -0.0195  8.5605
100  28  0.0138  0.0025  9.3868
108  28 -0.0170  0.0000  7.5944
116  28 -0.0666 -0.0050  8.1652
124  28  0.0653  0.0506  7.0992
132  28  0.0061  0.0081  6.2936
140  28 -0.0048  0.0000  6.6709
148  28  0.0097  0.0008 11.7146
156  28  0.0297 -0.0135 16.7491
164  28  0.0495 -0.0039 19.2299
172  28 -0.0152 -0.0146 13.9551
180  28  0.0171 -0.0044  7.3633
188  28  0.0234 -0.0453  6.5279
196  28 -0.0050 -0.0002  6.5079
204  28 -0.0746  0.0000  6.5025
212  28  0.0049  0.0088  6.6007
220  28 -0.0088 -0.0045  6.2903
228  28  0.0114  0.0000  6.3325
236  28  0.0170  0.0000  6.2949
244  28  0.0019  0.0012  7.3335
252  28  0.0198 -0.0132  6.9827
260  28 -0.0016 -0.0001  8.0464
268  28  0.0216  0.0000  8.6925
276  28 -0.0022  0.0138  6.9157
284  28  0.0024 -0.0027  6.9002
292  28 -0.0028  0.0050  6.8761
  4  36  0.0545 -0.0070  7.1924
 12  36  0.0425  0.0446  6.0912
 20  36  0.0205 -0.0218  6.7018
 28  36 -0.0353  0.0000 19.1471
 36  36 -0.1241 -0.0900  9.7710
 44  36 -0.1326  0.0000 13.0803
 52  36 -0.0496  0.0000 14.3074
 60  36 -0.0224  0.0000 14.5653
 68  36 -0.0038  0.0000 11.9665
 76  36  0.0147 -0.0464  8.9642
 84  36  0.0149  0.0000  7.5779
 92  36  0.0576  0.0745  8.4594
100  36  0.0066  0.0000  8.6413
108  36  0.0491  0.0000 17.7968
116  36  0.2330  0.0538 10.9303
124  36  0.2121  0.0000  0.0000
132  36  0.0480  0.0854  9.8060
140  36  0.1136  0.0000 16.5009
148  36 -0.0007  0.0018 11.8999
156  36  0.0070  0.0114 10.6478
164  36  0.0122  0.0044 12.2974
172  36  0.0012 -0.0268 12.3577
180  36 -0.0088 -0.0133  7.7931
188  36  0.0838  0.0000  9.0417
196  36  0.1200  0.0000 10.5110
204  36 -0.0453  0.0005 12.8890
212  36  0.0328 -0.1024 11.7700
220  36 -0.0221  0.0000 15.4368
228  36  0.0000  0.0000 15.2023
236  36  0.0385  0.0000 14.6166
244  36  0.0235 -0.3939  8.7892
252  36 -0.0588  0.0000 11.0903
260  36 -0.1521  0.0000 13.7993
268  36 -0.1631  0.0000 11.3765
276  36 -0.1227  0.0899 10.7438
284  36 -0.0339  0.0000 20.7481
292  36  0.0165  0.1713 10.8726
  4  44  0.0948 -0.0057 10.8041
 12  44 -0.0546 -0.0072 17.5697
 20  44 -0.1032 -0.0115 11.8992
 28  44 -0.0585  0.0000 10.3707
 36  44 -0.0386 -0.0022  8.3470
 44  44  0.3306 -0.1570  6.3533
 52  44  0.7024  0.0000  7.3911
 60  44  0.9113  0.0000 11.1304
 68  44  0.6790  0.0000  0.0000
 76  44  0.2291  0.0000  0.0000
 84  44 -0.0630  0.0000 11.1304
 92  44  0.0651  0.0000 16.6957
100  44  0.1303  0.0000 19.1045
108  44  0.1347  0.0000 11.1304
116  44  0.2643  0.0000 12.0455
124  44  0.3732 -0.3694 10.3318
132  44  0.1520  0.0000  0.0000
140  44  0.0643 -0.0045  5.2310
148  44 -0.0007  0.0114 14.5650
156  44  0.0046  0.0247 15.3327
164  44  0.0199 -0.0039 11.1744
172  44  0.0011 -0.0065 18.8574
180  44 -0.0635  0.0000  6.6573
188  44 -0.1719  0.0000 16.1088
196  44 -0.1395  0.0000 13.3565
204  44 -0.0696  0.0000 12.7546
212  44  0.0059 -0.0610 13.2487
220  44 -0.0033  0.1355 11.2402
228  44 -0.1114 -0.0134  9.5045
236  44 -0.0467 -0.0907 10.2809
244  44  0.0128 -0.1408 10.7988
252  44  0.0646 -0.0468 12.9322
260  44 -0.0128  0.1206 11.2351
268  44  0.0405 -0.0351 17.3813
276  44  1.1068  0.0000 19.7501
284  44  1.8967  0.0000 17.0631
292  44  1.2663  0.0000  8.5636
  4  52  0.3549  0.0000  6.8809
 12  52 -0.1273  0.0000 17.0667
 20  52  0.0604  0.0000 11.1304
 28  52  0.2624  0.0000  0.0000
 36  52  0.1508  0.0000  0.0000
 44  52  0.2419  0.0000  0.0000
 52  52  0.2217  0.0000  0.0000
 60  52  0.2407  0.0000  0.0000
 68  52  0.3627  0.0000  0.0000
 76  52  0.4034  0.0000  0.0000
 84  52  0.0000 -0.5000  8.8276
 92  52 -0.1626  0.0000 15.6295
100  52  0.3599 -0.0039 13.3612
108  52  0.0161  0.0000  9.2086
116  52 -0.2435  0.0000  9.9881
124  52 -0.1231 -0.0194  8.1312
132  52 -0.0082  0.0000 16.1088
140  52  0.0110  0.0008  8.6393
148  52 -0.0005  0.0192  5.8031
156  52  0.0073  0.0000  5.8916
164  52  0.1197  0.0326  5.6701
172  52  0.1055  0.0000  6.4124
180  52  0.1318  0.0000 10.6667
188  52  0.2226  0.0000 16.1088
196  52  0.4387  0.0000 11.1304
204  52  1.3666  0.0000  0.0000
212  52  2.5000  0.0000  8.8276
220  52  1.3399  0.0000 11.0903
228  52  0.1184  0.0518  8.2958
236  52 -0.1680 -0.1923  7.5964
244  52 -0.0594  0.1148 12.9778
252  52  0.3487  0.0786  7.3143
260  52 -0.0390  0.0000  7.3416
268  52  0.1353  0.0199  8.9863
276  52 -0.0104  0.1412  9.1508
284  52  0.2870  0.0000 12.1440
292  52  0.8838  0.0000 13.2174
  4  60  1.9755  0.0000  0.0000
 12  60  4.5000 -0.5000  4.0635
 20  60  0.0000  2.5000  8.8276
 28  60 -0.1076  0.0000  0.0000
 36  60 -0.2585  0.0000 11.1304
 44  60 -0.5000 -0.5000  4.0635
 52  60 -0.1887  0.0000  0.0000
 60  60  0.1182  0.0000 11.1304
 68  60  0.2606  0.0257 12.3733
 76  60  0.1670  0.0000 12.0628
 84  60  0.1143  0.0000 15.5414
 92  60  0.0421  0.1437 10.9281
100  60  0.1201  0.0058 11.1321
108  60  0.1090  0.0000 10.4611
116  60  0.3187  0.0000 11.1304
124  60  0.1841  0.0418 12.3683
132  60  0.0872  0.0000 11.1304
140  60 -0.2780  0.1270 13.3759
148  60  0.2275  0.0000 12.1905
156  60 -0.0445  0.0000 12.0628
164  60 -0.2343  0.0000 12.0628
172  60  0.0074  0.0000 13.3565
180  60 -0.1464  0.0000 16.1088
188  60 -0.2456  0.0000 11.1304
196  60 -0.1655  0.0000  0.0000
204  60  0.0184  0.0000 16.1088
212  60  0.1522  0.0000 11.1304
220  60  0.4015  0.0000 11.1304
228  60 -0.3290 -2.8274  8.0000
236  60  1.2681  0.0000 11.1304
244  60 -0.0867  0.0000 16.1088
252  60  0.1057  0.0000 11.6507
260  60 -0.0650 -0.3780 11.9211
268  60 -0.2607  0.0000 22.2609
276  60 -0.0763  0.0000 11.1304
284  60  0.1468  0.7158 12.0903
292  60  0.0000  0.0000 12.3458
  4  68  0.1675  0.0000  0.0000
 12  68  0.3006  0.0000  0.0000
 20  68  0.3644  0.0000  0.0000
 28  68  0.5000  0.0000  8.4768
 36  68  0.0000  0.1556 12.2969
 44  68  0.3290  2.8274  8.0000
 52  68 -0.2259  0.0134 13.2809
 60  68 -0.2220  0.0000 12.2616
 68  68 -0.0635 -0.0387 10.9462
 76  68  0.3645 -1.7931  9.2086
 84  68  0.0824 -0.2461  8.5976
 92  68 -0.1057  0.0000 16.3404
100  68  0.2357  0.3115  7.2741
108  68 -0.5000  0.0000  8.8276
116  68 -0.3145  0.0264 11.0777
124  68 -0.3345  0.0000 11.9011
132  68  0.1897  1.5827  7.5437
140  68  0.1184 -0.0518  8.2958
148  68  1.0492  0.0305 12.6667
156  68 -0.1956  0.0000  0.0000
164  68 -0.4681  0.0000  9.5738
172  68 -0.5000  0.0000  8.8276
180  68  0.4036  0.0000  0.0000
188  68  0.2478  0.0000 11.1304
196  68 -0.0752  0.0000 11.1304
204  68 -0.0064  0.0000 11.1304
212  68  0.0987  0.0000  0.0000
220  68  0.0883  0.0000  0.0000
228  68  0.2003  0.0000  0.0000
236  68  0.2780 -0.1270 13.3759
244  68  0.2779  0.0000  0.0000
252  68  0.2421  0.0000 11.1304
260  68 -0.2196  0.0000 11.1304
268  68 -0.5000 -0.0286  6.3232
276  68 -0.4991  0.0000 11.9011
284  68 -0.2907  1.6239  7.4662
292  68 -0.3018  0.0000 11.9011
  4  76  0.1106  0.0000  0.0000
 12  76  0.1226  0.0000 11.1304
 20  76  0.0664  0.0000 11.1304
 28  76  0.4043 -0.4043  8.0000
 36  76  0.0692  0.0000  0.0000
 44  76  0.1138 -0.1378 11.4627
 52  76  0.0000 -0.5000 11.1304
 60  76  0.1699  0.0000  0.0000
 68  76 -0.4127  0.0000 12.0342
 76  76  0.0000 -0.0440 19.4473
 84  76  0.0075  0.0000 11.1304
 92  76  0.5000 -0.0418 12.4022
100  76  0.6252  0.0000 11.1304
108  76  1.3070  0.0337 12.4709
116  76  0.5089  0.0000 13.1641
124  76 -0.1151  0.1151 16.5161
132  76 -0.0418  0.1521 12.6567
140  76  0.0353  0.0000 16.1088
148  76  0.0825  0.0000 12.0628
156  76  0.0000  0.7765  9.0353
164  76 -0.5000  0.0000  8.8276
172  76 -0.1198  0.0000 16.1088
180  76  0.0000 -0.1142 14.5691
188  76 -0.2614  0.0000  0.0000
196  76  0.0000 -0.5000  8.8276
204  76 -0.4591  0.0000  0.0000
212  76  0.2272  0.0241 12.9826
220  76 -0.5000  0.0000  9.9740
228  76  0.0000  0.1556 12.2969
236  76  0.1151  0.1151 16.5161
244  76  0.1232  0.0000 11.1304
252  76  0.3432  0.0000  0.0000
260  76  1.0715  0.0000  0.0000
268  76  2.6066  0.0000  0.0000
276  76  4.5000  4.5000  4.0635
284  76  1.8073  0.0000 17.2183
292  76 -0.5000  0.0000  8.8276
  4  84 -0.4379  0.0000 11.9011
 12  84  0.0548 -0.1795 19.6402
 20  84  1.1711 -0.0215 11.8291
 28  84  0.6058  0.0000  0.0000
 36  84 -0.1014 -0.0633 14.0729
 44  84 -0.0860  0.0000 16.1088
 52  84 -0.2261  0.0000 11.1304
 60  84 -0.3881 -0.0913  7.9096
 68  84 -0.0345  0.0000 20.1250
 76  84  0.0547  0.5732 11.4236
 84  84 -0.0455  0.0000  0.0000
 92  84 -0.1606 -0.3123 12.3989
100  84 -0.0632  0.0557 16.2106
108  84 -0.2414  0.0000 11.1304
116  84 -1.3070 -0.0337 12.4709
124  84 -1.6876  0.0000 17.0667
132  84 -2.1545  0.0000 10.1191
140  84 -0.0557  0.0632 16.2106
148  84  0.0026  0.0000 12.0628
156  84  0.0000  1.5000  6.4901
164  84 -0.0000  0.1101  8.5742
172  84  0.0220  0.0000 12.5445
180  84 -0.1030  0.8863 11.1154
188  84  0.7681  0.0000  0.0000
196  84  2.0845  0.0000  0.0000
204  84  2.9522  0.0000 11.1304
212  84  1.5753  0.0000 11.1304
220  84  1.1852  0.0000  0.0000
228  84  0.1168  0.0000 12.0455
236  84  0.2112  0.0000  0.0000
244  84  0.5348  0.0000  0.0000
252  84  0.3589  0.0000  0.0000
260  84 -0.0305  0.0000  0.0000
268  84  0.1297  0.0000  0.0000
276  84  0.5349  0.0000  0.0000
284  84  1.0240  0.0000 12.0628
292  84  0.6046  0.0000  0.0000
  4  92 -0.1195  1.0576  7.0137
 12  92 -0.1328  0.0000 11.1304
 20  92  0.0000 -0.5000  4.0635
 28  92 -0.2262 -0.0053 15.8038
 36  92 -1.0756  0.0431  7.0865
 44  92 -2.0328  0.0000  9.2086
 52  92 -2.5891  0.0000 10.0848
 60  92 -4.1742 -6.2270  9.5701
 68  92  0.0000  0.1469 10.3584
 76  92  0.3517  0.0000  8.0000
 84  92  0.0892  0.0000 11.1304
 92  92 -0.0203  0.0000 11.1304
100  92 -0.0652  0.0000 11.1304
108  92 -0.5910  0.0000  0.0000
116  92 -0.1326 -0.0513  6.0730
124  92  0.6108  0.0000 11.9011
132  92  0.6863  0.0000 11.1304
140  92  0.0083 -0.0418 11.2576
148  92  2.5000 -0.5000  4.0635
156  92  0.1213 -0.5000 10.8245
164  92  0.2907 -0.0403 10.5761
172  92  0.0000  0.0284 13.8287
180  92  0.2229 -0.1693 13.3002
188  92  0.1073  0.0000  0.0000
196  92  0.3523  0.0000  0.0000
204  92  1.0563  0.0000 16.1088
212  92  2.5000  0.1588 10.5785
220  92  1.4248  0.0000  0.0000
228  92  0.3284  0.0000  0.0000
236  92 -0.0267  0.0000 16.1088
244  92  0.0378  0.0868 15.2803
252  92  1.3433  0.0000  0.0000
260  92  2.5000 -0.1588 10.5785
268  92 -0.5000 -0.1588 10.5785
276  92  0.0000  2.5000  8.8276
284  92 -1.3960  0.0000 16.1088
292  92 -0.0822  0.0000  0.0000
  4 100  0.1385  0.0000  0.0000
 12 100 -0.1112  0.1112 15.6111
 20 100 -0.0819  0.0000  9.2086
 28 100 -0.0831  0.0000  0.0000
 36 100 -0.5000  0.0000  8.8276
 44 100 -0.0277  0.0681 16.4366
 52 100 -0.0240  0.6574  9.8108
 60 100 -0.2959  0.0000  0.0000
 68 100 -0.6250  0.0000  0.0000
 76 100  0.0850  0.0000  0.0000
 84 100 -0.5000  0.0000  8.8276
 92 100  0.4934  0.0000 16.1088
100 100  0.2975  0.0000  0.0000
108 100  0.1667  0.0000  0.0000
116 100  0.0000  0.3147  7.9175
124 100  0.0062 -0.0017  7.7864
132 100 -0.0417 -0.0798  7.7078
140 100  1.1209  0.0000 16.1088
148 100  0.8394  0.0000  0.0000
156 100  0.2268  0.0000 13.0803
164 100  0.2220  0.0000  0.0000
172 100  0.4749  0.0000  0.0000
180 100  1.4049  0.0000 16.1088
188 100  1.8866  0.0000  0.0000
196 100  0.4021  0.0000  0.0000
204 100  0.4162  0.0000 11.1304
212 100 -0.0610 -1.0000  8.9210
220 100  0.0628  0.0000  0.0000
228 100  0.0023  0.0000  0.0000
236 100 -0.0755  0.0000 11.1304
244 100  0.0000 -0.5000 12.0628
252 100  0.0000  2.5000  8.8276
260 100 -0.5000  0.0000  8.8276
268 100 -0.0903  0.0000  0.0000
276 100 -0.1204  0.0000 11.1304
284 100 -0.4100  0.0000  0.0000
292 100 -0.4563  0.0000  0.0000
  4 108  0.1069  0.2373  9.2060
 12 108  4.5000 -2.1316  7.7335
 20 108  2.5000  0.0000  8.8276
 28 108  0.8167  0.0000 11.1304
 36 108  0.1813  0.0000 11.1304
 44 108 -0.0670  0.0000  0.0000
 52 108 -0.2118  0.0000  0.0000
 60 108 -0.2287  0.0000 22.2609
 68 108  0.2814  0.0000 11.1304
 76 108  0.1841 -0.0418 12.3683
 84 108 -0.1841  0.0418 12.3683
 92 108  0.2907 -0.0403 10.5761
100 108  0.4391  0.3183 10.4260
108 108  0.8834  0.0000 11.1304
116 108  0.8728  0.0000 20.7059
124 108  0.0106  0.2269 11.3584
132 108  0.1912  0.0000 12.4272
140 108  0.1165  0.0000 16.1088
148 108  0.0154  0.0000 16.1088
156 108 -0.1637 -0.1079 11.9070
164 108 -0.0803  0.0000  0.0000
172 108  0.0716  0.0000 11.1304
180 108  0.1029  0.0000  0.0000
188 108 -0.3869  0.0000 11.1304
196 108  0.0569  0.0000 11.1304
204 108  0.1060  0.0000  0.0000
212 108 -0.1597  0.0000  0.0000
220 108  0.4130  0.3679  7.6027
228 108  0.4247  0.0000 16.1088
236 108  1.5651  0.0000 11.1304
244 108 -0.5000  0.0000 11.1304
252 108 -0.5614  0.0000 11.1304
260 108 -0.2922  0.0000 16.1088
268 108 -0.1272  0.0000 11.1304
276 108 -0.2842  0.0000 11.1304
284 108 -0.2666  0.0000 11.1304
292 108  0.0851  0.0000  0.0000
  4 116  0.2290  0.0000 11.1304
 12 116 -0.1135  0.0000  0.0000
 20 116 -0.0675  0.0000  0.0000
 28 116  0.2372  0.0000  0.0000
 36 116  0.5099  0.0000 11.1304
 44 116  0.4164  0.0000 11.1304
 52 116  0.0267  0.0000 19.4783
 60 116  0.1113  1.6014 11.9803
 68 116  0.1152  0.0000 11.1304
 76 116  0.0098  0.0000 11.1304
 84 116 -0.1236  0.0000 12.0628
 92 116 -0.0839  0.0000  0.0000
100 116  0.0610 -0.5000  7.7665
108 116 -0.0379  0.0000  0.0000
116 116 -0.2780  0.1270 13.3759
124 116  0.2513  0.0000  0.0000
132 116  0.2587  0.1868 11.1614
140 116 -0.5000  0.0000  8.2581
148 116  0.5075  0.0000 11.1304
156 116 -0.0988  0.0000  9.4208
164 116 -0.5244  0.0000  0.0000
172 116 -1.4817  0.0000  0.0000
180 116 -1.1626  0.0000 11.1304
188 116 -0.3609  0.0000  0.0000
196 116  0.1892  0.0000  0.0000
204 116 -0.2980  0.0000  0.0000
212 116 -0.3634  0.0000  0.0000
220 116  0.0378  0.0868 15.2803
228 116  0.5000 -0.0135 10.6667
236 116 -0.0267  0.0000 11.1304
244 116 -0.3116  0.2638  8.8684
252 116  0.2482  0.0000  0.0000
260 116  0.4716  0.0000  8.2581
268 116  0.3016  0.0000 11.1304
276 116 -0.0018  0.0000 16.1088
284 116  0.0000 -0.5000  8.8276
292 116  0.1052  0.0000  0.0000
  4 124  0.0000 -0.5000  8.8276
 12 124 -0.1552  0.0000  0.0000
 20 124 -0.2927  0.0000 13.1641
 28 124 -0.5000 -0.1588 10.5785
 36 124 -0.4833  0.0000 11.1304
 44 124  0.0568  0.0000 13.5576
 52 124  0.1960  0.0000 11.1304
 60 124 -0.3388  0.0000 11.1304
 68 124 -0.5000  0.0000  8.8276
 76 124  1.5000  0.0000  8.2581
 84 124 -0.0832 -0.3131  9.8462
 92 124 -1.5045  0.0000 11.1304
100 124 -1.9459  0.0000 22.2609
108 124 -1.2903  0.0000 11.9011
116 124 -0.0373  0.0000 11.1304
124 124  1.1179  0.0000 16.1088
132 124 -0.4043 -0.4043  8.0000
140 124 -0.6773  0.0000  0.0000
148 124 -0.3559  0.0000  0.0000
156 124 -0.0561  0.2765  9.5419
164 124  0.0000 -0.1960 11.1304
172 124  0.2589  0.0000 16.1088
180 124  0.8472  0.0000 11.1304
188 124  0.7834  0.0000  0.0000
196 124  0.3976  0.0000  0.0000
204 124  0.0000 -0.5000  8.8276
212 124  0.0469  0.0000  0.0000
220 124  0.1841  0.0418 12.3683
228 124 -0.0361  0.0000 16.1088
236 124 -0.1344  0.0000 11.1304
244 124 -0.2096  0.0000 11.1304
252 124 -0.3887  0.0000 11.1304
260 124 -0.5000  0.0000  8.8276
268 124 -0.0788  0.0000  0.0000
276 124 -0.4089  0.0000 10.3926
284 124 -1.0883  0.0000 16.9590
292 124 -1.3070  0.0337 12.4709
  4 132  1.7222  0.0000  0.0000
 12 132  2.5000 -0.5000  4.0635
 20 132 -1.3070 -0.0337 12.4709
 28 132 -1.8867  0.0000  0.0000
 36 132 -1.2332  0.0000 17.2183
 44 132  0.1151  0.1151 16.5161
 52 132  2.5000  0.0000  8.8276
 60 132 -0.5000  0.0000  8.8276
 68 132 -0.9071  0.0000 11.1304
 76 132 -0.4643  0.0000 11.1304
 84 132  0.1490  0.2919  7.3143
 92 132  0.3025  0.0000 16.1088
100 132  0.6518  0.0000 11.1304
108 132  1.3070 -0.0337 12.4709
116 132  0.9463  0.0000  0.0000
124 132  0.4776  0.0000 16.1088
132 132  0.1298  0.0000  0.0000
140 132  0.0588  0.0000 11.1304
148 132  0.0665  0.0000 11.1304
156 132 -0.1960  0.0000 11.1304
164 132 -0.1036  0.0000  0.0000
172 132  0.0000  0.0000  8.8276
180 132 -0.1290  0.0000 12.0455
188 132 -0.2509  0.0000  0.0000
196 132 -0.1573  0.0000  0.0000
204 132 -0.3162  0.0000  0.0000
212 132 -0.0264 -0.3145 11.0777
220 132  2.5000 -0.1588 10.5785
228 132  2.2692  0.0000 11.9011
236 132  1.5557  0.0000 16.1088
244 132 -0.6347  0.0000 11.1304
252 132 -1.3134  0.0000  0.0000
260 132 -1.0494  0.0000 11.1304
268 132 -0.5430  0.0000  0.0000
276 132 -0.1960  0.0000 11.1304
284 132 -0.9685  0.0000  0.0000
292 132 -1.0464  0.0000 11.1304
  4 140 -0.5993  0.0000  0.0000
 12 140  0.0000  0.0855 10.6035
 20 140  0.1058  0.0000 17.0667
 28 140  0.0000  0.0855 10.6035
 36 140 -0.3145 -0.0264 11.0777
 44 140  0.1960 -0.5000 11.1304
 52 140  0.1457  0.0000 16.1088
 60 140  0.0000 -0.5000  8.8276
 68 140 -0.0672  0.0000  0.0000
 76 140  0.0287 -0.3978  8.5434
 84 140 -0.1221  0.0000 16.1088
 92 140 -0.0418  0.1521 12.6567
100 140  0.0609  0.0000 11.1304
108 140  0.0693  0.0000 16.1088
116 140  0.0804  0.0000 16.1088
124 140  0.0000 -0.5000  8.8276
132 140 -0.3271  0.0000 11.1304
140 140 -0.5455  0.0000 11.1304
148 140 -0.5000  0.0000 11.1304
156 140  0.1960  0.0000 11.1304
164 140 -0.1591  2.1326  7.7645
172 140 -0.7195  0.0000 12.0628
180 140 -0.8380  0.0000 16.1088
188 140 -0.5763  0.0000 11.1304
196 140 -0.5209  0.0000 12.1905
204 140 -0.6251  0.0000 16.1088
212 140 -0.9504  0.0000 13.1641
220 140 -0.9902 -0.1250  9.3822
228 140 -0.7014  0.0000  0.0000
236 140 -0.1771  0.0000 16.1088
244 140 -0.0180  0.0000  0.0000
252 140 -0.1505  0.0000  0.0000
260 140 -0.5000  0.0000  8.8276
268 140 -0.2196  0.0000 16.1088
276 140 -0.2225  0.0000  0.0000
284 140 -0.3620  0.0000 16.1088
292 140 -0.4757  0.0000  0.0000
  4 148 -0.5000  0.0000  8.8276
 12 148 -0.2624  0.0000 11.1304
 20 148 -0.0745  0.0000 13.0803
 28 148  0.0870  0.0000  0.0000
 36 148  0.2132  0.0000  0.0000
 44 148  0.3643  0.0000 11.1304
 52 148  0.2269  0.0000 19.1045
 60 148 -0.0698  0.0000  0.0000
 68 148 -0.1825  0.2174 12.5315
 76 148 -0.2160  0.0000  0.0000
 84 148  0.5000 -0.5000  7.8168
 92 148 -0.1960 -0.5000 11.1304
100 148 -0.5288  0.0000 11.1304
108 148 -0.3965  0.0000 19.1045
116 148  0.0418 -0.1521 12.6567
124 148 -0.1609  0.0000  0.0000
132 148 -0.3379  0.0000 11.1304
140 148 -0.5797  0.0000  0.0000
148 148 -0.6883  0.0000 16.1088
156 148 -0.6416  0.0000 11.1304
164 148 -0.0698  0.2911 10.5124
172 148  0.1270  0.0000  0.0000
180 148  0.2882  0.0000 11.1304
188 148  0.6907  0.2991  8.0688
196 148  0.0221  0.0000  0.0000
204 148 -0.3107  0.0000 15.2515
212 148 -0.5260  0.0000 13.3260
220 148 -0.5000 -0.0391  9.3822
228 148 -0.2498  0.0000  0.0000
236 148 -0.0641  0.0000 16.1088
244 148  0.0000  0.1960 11.1304
252 148  0.1369  0.0000  0.0000
260 148  0.3086  0.0000  0.0000
268 148  0.5230  0.0000  0.0000
276 148  0.4383  0.0000 11.1304
284 148  0.0187  0.0000  0.0000
292 148 -0.2809  0.0000 11.1304
  4 156 -0.3189  0.0000  0.0000
 12 156 -0.0494  0.0000 11.1304
 20 156 -0.3732  0.5000  9.6402
 28 156 -0.5057  0.0000 11.1304
 36 156 -0.3777  0.0000 11.1304
 44 156  0.0000  2.5000  8.8276
 52 156 -0.0677 -0.2414 11.7124
 60 156  0.0313 -0.0992 10.4690
 68 156 -0.0418  0.1521 12.6567
 76 156  0.0000  2.5000  8.8276
 84 156 -0.1960 -0.5000 11.1304
 92 156  0.2371  0.0000 16.1088
100 156  0.0636  0.0000 17.2183
108 156 -0.3019  0.0000 16.1088
116 156 -0.5072  0.0000 11.1304
124 156 -0.5000  0.0448  8.9013
132 156 -0.4079  0.0000  0.0000
140 156 -0.5000  0.0000 11.1304
148 156  0.0000  2.5000  8.8276
156 156  0.3819  0.0000 11.1304
164 156  0.2730  0.0000 10.6474
172 156  0.1195  0.0000  0.0000
180 156  0.1771  0.0000 12.0628
188 156  0.3309 -0.0637  7.1846
196 156  0.5022  0.0000 11.1304
204 156  0.5341  0.0000  0.0000
212 156  0.0541  0.0000 11.1304
220 156 -0.5010  0.0000 11.1304
228 156 -0.5661  0.0000 11.1304
236 156 -0.3675  0.0000 11.1304
244 156 -0.3396  0.0000 11.1304
252 156 -0.3768  0.0000 16.1088
260 156 -0.4178  0.0000  0.0000
268 156  0.0000  2.5000  8.8276
276 156  0.0000  2.5000  8.8276
284 156  0.0860  0.0000  0.0000
292 156  0.3874  0.0000  0.0000
  4 164  1.3070  0.0337 12.4709
 12 164  2.5000 -0.1588 10.5785
 20 164  1.4048  0.0000  0.0000
 28 164  0.2021  0.0000 16.1088
 36 164 -0.8703  0.0000 16.1088
 44 164 -1.5000  0.5000  6.8449
 52 164  0.1581  0.0166  8.4664
 60 164 -0.0347 -0.1937  9.9049
 68 164 -0.4204  0.0000 17.0667
 76 164 -0.1112  0.0000 17.2183
 84 164  0.9651  0.0000  0.0000
 92 164  0.0000 -0.5000  8.8276
100 164  0.0653  0.0000 17.2183
108 164  0.1472  0.0000 11.1304
116 164  0.2118  0.0000 11.1304
124 164  0.2781  0.0000  8.8276
132 164  0.3468 -0.5000 10.2045
140 164  0.2780 -0.1270 13.3759
148 164 -0.5000 -0.5000  4.0635
156 164 -0.5638  0.0000  0.0000
164 164 -0.2630  0.0000 12.0628
172 164  0.1407  0.0000  0.0000
180 164  0.3309  0.0000 12.0455
188 164  0.0000  2.5000  8.8276
196 164  0.3664  0.0000  0.0000
204 164  0.0773  0.0000  0.0000
212 164 -0.1554  0.0000  0.0000
220 164 -0.0888  0.0000  0.0000
228 164  0.6849  0.0000  0.0000
236 164  1.3707  0.0000  0.0000
244 164  0.9833  0.0000  0.0000
252 164  0.0574  0.0000 11.1304
260 164 -0.7944  0.0000 16.1088
268 164 -1.0966  0.0000 16.1088
276 164 -0.2987  0.0000 11.1304
284 164 -0.3427  0.0000 11.1304
292 164 -0.7058  0.0000 11.1304
  4 172 -0.5000  0.0000  8.8276
 12 172  2.5000  0.1588 10.5785
 20 172  1.3822  0.0000 16.1088
 28 172  0.6561  0.0000  0.0000
 36 172  0.2987  0.0000  0.0000
 44 172  0.0994  0.0000  0.0000
 52 172 -0.0492  0.0536 20.4108
 60 172 -0.4043 -0.4043  8.0000
 68 172  0.8859  0.0000  0.0000
 76 172  0.8655  0.0000 16.1088
 84 172  0.0000  0.3577 13.4737
 92 172  0.2138  0.0000 11.1304
100 172  1.1323  0.0000 16.1088
108 172  2.1950  0.0000 11.1304
116 172  2.6734  0.0000 19.1045
124 172  1.5000  0.0000  8.2581
132 172  0.2449  0.0000 11.1304
140 172 -0.3399  0.0000 17.2183
148 172 -0.6907  0.2991  8.0688
156 172 -0.2135  0.0000  0.0000
164 172 -0.0418 -0.1521 12.6567
172 172  0.3256  0.0000  0.0000
180 172 -0.1728  0.0000 11.1304
188 172 -0.6326  0.0000 12.0455
196 172 -0.7312  0.0000  0.0000
204 172 -0.3961  0.0000  0.0000
212 172 -0.3717  0.0000  0.0000
220 172 -0.5023  0.0000  0.0000
228 172 -0.2352  0.0000  0.0000
236 172  1.1583  0.0000  0.0000
244 172  1.0551  0.0000  0.0000
252 172  0.6365  0.0000  0.0000
260 172  0.2534  0.0000  0.0000
268 172 -0.0697  0.0000 11.1304
276 172 -0.3881  0.0000  0.0000
284 172  1.2123  0.0000  0.0000
292 172  2.2213  0.0000 11.1304
  4 180  2.5000  4.5000  4.0635
 12 180  0.1215 -0.1200 17.1775
 20 180  0.4099  0.0000 16.1088
 28 180  1.6797  0.0000  0.0000
 36 180  3.3582  0.0000 16.1088
 44 180  4.5000 -0.5000  4.0635
 52 180  0.1138 -0.1378 11.4627
 60 180 -0.2341  0.0000  0.0000
 68 180  0.0180  0.0000 16.1088
 76 180  0.5000  0.0000 11.1304
 84 180  0.1680  0.0000  0.0000
 92 180  0.1771  0.0000  0.0000
100 180  0.5000  0.0000 11.1304
108 180 -0.1960  0.0000 11.1304
116 180 -0.4276  0.0000 16.1088
124 180 -0.3875  0.0000  9.2850
132 180 -0.1699  0.0000 11.1304
140 180 -0.1068  0.3135 15.1963
148 180 -0.2021 -0.2860 10.7438
156 180 -0.3150  0.0000  0.0000
164 180 -0.0832 -0.3131  9.8462
172 180  0.3234  0.0000  0.0000
180 180  0.3096  0.0000 11.1304
188 180  0.0765  0.0000 12.0628
196 180 -0.2380  0.0000  0.0000
204 180 -0.5839  0.0000  0.0000
212 180  2.9929  0.0000  0.0000
220 180  2.8572  0.0000  0.0000
228 180  2.3538  0.0000  0.0000
236 180  0.7713  0.0000  0.0000
244 180  0.5096  0.0000  0.0000
252 180  1.1803  0.0000  0.0000
260 180  2.0815  0.0000  0.0000
268 180  2.7942  0.0000  0.0000
276 180  1.1021  0.0000 11.1304
284 180  0.4601  0.0000 11.1304
292 180  0.2517  0.0000  0.0000
  4 188  0.2351 -0.1416 15.9566
 12 188  0.0218  0.2266 12.8350
 20 188  0.1401  0.0000 11.1304
 28 188  0.2597  0.0000  0.0000
 36 188 -0.0600  0.0000 11.1304
 44 188 -0.1698  0.0000 13.0803
 52 188 -0.0522  0.0000  0.0000
 60 188  0.1937  0.0000 16.1088
 68 188  0.4043  0.4043  8.0000
 76 188  0.1140  0.0000 11.1304
 84 188 -0.1569  0.0000  0.0000
 92 188 -0.1536  0.0000  0.0000
100 188  0.1180 -0.5000  9.2850
108 188  0.1483  0.0000 12.0455
116 188  0.0000  2.5000  8.8276
124 188 -0.2749  0.0000  8.5018
132 188 -0.4872  0.0000  8.2581
140 188  4.1639  0.0000 17.0667
148 188  3.1620  0.0000 12.0628
156 188  2.1481  0.0000  0.0000
164 188  0.8736  0.0000 13.6955
172 188  0.2349  0.0000  0.0000
180 188  0.2908  0.0000  0.0000
188 188  0.0698  0.2911 10.5124
196 188  1.1719  0.0000  0.0000
204 188  1.8560  0.0000  0.0000
212 188  1.2711  0.0000  0.0000
220 188  0.4358  0.0000  0.0000
228 188 -0.1297  0.0000  0.0000
236 188  0.0352  0.0000  0.0000
244 188  0.1259  0.0000  0.0000
252 188  0.1004  0.0000  0.0000
260 188 -0.0400  0.0000  0.0000
268 188 -0.0390  0.0000 11.1304
276 188  0.1114  0.0000  0.0000
284 188  0.2546  0.0000  0.0000
292 188  0.3400  0.0000  0.0000
  4 196  0.1547  0.0000 11.1304
 12 196 -0.0698  0.2911 10.5124
 20 196 -0.1145  0.0000  0.0000
 28 196  0.0049  0.0000 11.1304
 36 196  0.0983  0.0000 17.2183
 44 196  0.1502 -0.0294 11.7575
 52 196  0.0015  0.0000  0.0000
 60 196 -0.0489  0.0000 12.0455
 68 196  4.6506  0.0000  0.0000
 76 196  3.2521  0.0000  0.0000
 84 196  2.0124  0.0000  0.0000
 92 196  0.8180  0.0000  0.0000
100 196  0.0000  0.1063  6.9728
108 196  0.0418  0.1521 12.6567
116 196 -1.5000  0.0000  8.2581
124 196 -0.1500  0.0000  9.1555
132 196  2.5000  0.0000  5.4468
140 196  1.8026  0.0000  0.0000
148 196  0.5601  0.0000 12.0455
156 196 -0.5000  0.0000  8.8276
164 196  0.1606  0.3123 12.3989
172 196  0.1349  0.0000  0.0000
180 196 -0.0631  0.0000  0.0000
188 196 -0.1512  0.0000 16.1088
196 196 -0.0308  0.1823 13.1845
204 196  0.1779  0.0000 11.1304
212 196  0.1579  0.0000  0.0000
220 196  0.1631  0.0000  0.0000
228 196  0.0842  0.0000  0.0000
236 196 -0.0531  0.0000  0.0000
244 196 -0.1284  0.0000  0.0000
252 196 -0.1388  0.0000  0.0000
260 196 -0.0770  0.0000  0.0000
268 196  0.0384  0.0000  0.0000
276 196  0.1453  0.0000  0.0000
284 196  0.4043  0.4043  8.0000
292 196  4.6049  0.0000 12.0628
  4 204  3.1652  0.0000 16.1088
 12 204  1.9562  0.0000 12.0628
 20 204  0.9813  0.0000 11.1304
 28 204  0.4425  0.0000  0.0000
 36 204  0.4918  0.0000 14.5615
 44 204  0.1490  0.2919  7.3143
 52 204 -1.3070 -0.0337 12.4709
 60 204  0.8077  0.0000 13.0803
 68 204  1.3779  0.0000  0.0000
 76 204  1.0045  0.0000  0.0000
 84 204  0.3577 -0.5000 13.4737
 92 204  0.0000  0.5000  8.0688
100 204  0.0000 -0.5000  8.8276
108 204 -0.3702  0.0000 11.1304
116 204 -0.4324  0.0000 12.1905
124 204 -0.0101 -0.1146 17.4161
132 204  0.2874  0.0000 13.1641
140 204  0.0000  2.5000  8.8276
148 204 -0.0205  1.1509  5.4468
156 204  0.0000  0.3147  7.9175
164 204 -0.0812 -0.5000 10.1857
172 204 -0.1940  0.0000 11.1304
180 204 -0.3762  0.0000 11.1304
188 204 -0.3864  0.0000  0.0000
196 204 -0.2187  0.0000 12.0628
204 204  0.0864  0.0000 11.1304
212 204  0.5799  0.0000  0.0000
220 204  4.1971  0.0000  0.0000
228 204  2.8775  0.0000  0.0000
236 204  1.7786  0.0000  0.0000
244 204  0.9497  0.0000  0.0000
252 204  0.4865  0.0000 11.1304
260 204  0.3585  0.0000  0.0000
268 204  0.0970  0.0000  0.0000
276 204 -0.4839  0.0000  0.0000
284 204  0.6569  0.0000 16.1088
292 204  1.6025  0.0000  0.0000
  4 212  2.0753  0.0000 11.1304
 12 212  2.3486  0.0000  0.0000
 20 212  2.5000  0.1588 10.5785
 28 212  0.0698 -0.2911 10.5124
 36 212 -0.7237  0.0000 12.0455
 44 212 -1.1214  0.0000  0.0000
 52 212 -1.1733  0.0000  8.5333
 60 212  0.2780 -0.1270 13.3759
 68 212 -0.0759  0.0000  0.0000
 76 212 -0.1177  0.0000  0.0000
 84 212 -0.0465  0.0000  8.2581
 92 212 -0.0593  0.0000 11.1304
100 212 -0.2440  0.0000  0.0000
108 212 -0.7478  0.0000  0.0000
116 212 -0.8534  0.0000  0.0000
124 212 -0.6351  0.0000 11.1304
132 212 -0.1745  0.0000  8.2581
140 212  0.5000  0.0000 11.1304
148 212  3.5677  0.0000 11.1304
156 212  2.3932  0.0000 19.4783
164 212  1.3867  0.0000 19.4783
172 212  0.6189  0.0000 11.1304
180 212  0.1514  0.0000  0.0000
188 212 -0.0353  0.0000  0.0000
196 212 -0.0750  0.0000 16.1088
204 212  0.1025  0.0000 16.1088
212 212  1.1169  0.0000 11.1304
220 212  2.2740  0.0000  0.0000
228 212  3.1273  0.0000  0.0000
236 212  3.4651  0.0000  0.0000
244 212  2.9872  0.0000  0.0000
252 212  0.9992  0.0000  0.0000
260 212 -0.3040  0.0000  0.0000
268 212 -0.8403  0.0000  0.0000
276 212 -0.5818  0.0000  0.0000
284 212  0.4045  0.0000 11.1304
292 212 -0.1063 -0.1637 17.2251
  4 220 -0.0112  0.0000 11.1304
 12 220  0.0530  0.0000 11.1304
 20 220  0.0100  0.0000 19.1045
 28 220 -0.2611 -0.1783  7.6338
 36 220 -1.3099  0.0836 13.7096
 44 220 -1.4994  0.0000 11.1304
 52 220 -1.2346  0.0000 12.0455
 60 220 -0.6307  0.0000  0.0000
 68 220  0.1999  0.0000  0.0000
 76 220  2.8328  0.0000 11.1304
 84 220  1.7517  0.0000 11.1304
 92 220  0.7760  0.0000 16.1088
100 220  0.0000  2.5000  8.8276
108 220 -0.5015  0.0000 11.1304
116 220 -0.6926  0.0000  0.0000
124 220 -0.5000  4.5000  4.0635
132 220  0.2659  0.0000 11.1304
140 220  1.6399  0.0000 11.1304
148 220  3.2429  0.0000  0.0000
156 220  4.4901  0.0000  0.0000
164 220  4.8028  0.0000  0.0000
172 220  3.8073  0.0000 11.1304
180 220  1.7241  0.0000  0.0000
188 220 -0.0487  0.0000  0.0000
196 220 -0.5937  0.0000 11.1304
204 220  0.4043 -0.4043  8.0000
212 220  2.5000  0.0000  8.8276
220 220  1.6927  0.0000  0.0000
228 220  0.8442  0.0000 11.1304
236 220  0.3816  0.0000  0.0000
244 220  0.0133  0.0000 11.1304
252 220 -0.6735  0.0000  0.0000
260 220 -1.7980  0.0000 11.1304
268 220 -2.3064  0.0000  0.0000
276 220 -2.0779  0.0000  0.0000
284 220 -1.2851  0.0000 16.1088
292 220 -0.1960  0.0000 11.1304
