VARIABLES= "X pix", "Y pix", "U pix/dt", "V pix/dt", "CHC", ZONE I=28, J=37
  4   4  0.0000 -0.0570 11.2869
 12   4 -0.0407  0.0060 10.8867
 20   4  0.0491  0.0000 10.9708
 28   4  0.0665  0.0000 10.9708
 36   4  0.0000  0.0127 11.0049
 44   4  0.0000  0.0592 10.5699
 52   4 -0.0437  0.0145 10.9439
 60   4  0.0000  0.0127 11.0049
 68   4  0.0590  0.0545 10.4365
 76   4  0.0606  0.0000  9.9884
 84   4  0.0394  0.0064 10.9604
 92   4  0.0135 -0.0463 11.4915
100   4  0.0431 -0.0047 11.6940
108   4 -0.0011 -0.0593 12.4330
116   4  0.0068  0.0000 11.0388
124   4 -0.0171  0.0000 11.7754
132   4 -0.0440  0.0000 11.7754
140   4 -0.0427  0.0000 11.7754
148   4 -0.0207  0.0000 11.7754
156   4 -0.0033  0.0000 11.7754
164   4  0.0016  0.0000 11.9577
172   4 -0.0184  0.0000 11.3316
180   4 -0.0441  0.0002 11.7411
188   4 -0.0259  0.0000 10.9734
196   4  0.0056  0.0000 11.7754
204   4  0.0092 -0.0092 11.9426
212   4 -0.0508  0.0097 12.3184
220   4 -0.0768  0.0493 10.0827
228   4  0.0815 -0.2014 11.6896
236   4 -0.1154  0.1695  9.2393
244   4  0.0409  0.0045 12.2566
252   4  0.0387 -0.0249 11.9564
260   4  0.0335 -0.0654 12.6692
268   4  0.0776  0.0000 13.4013
276   4  0.0031  0.0000 13.0803
284   4  0.0000 -0.0322 12.1275
292   4  0.0000  0.1040 12.3954
  4  12  0.0311  0.0000 12.8985
 12  12  0.0333 -0.0781 11.4627
 20  12  0.0000  0.5000 11.9626
 28  12  0.0000 -0.5000  8.2581
 36  12  0.0095  0.0000 11.1304
 44  12  0.0560  0.3042  8.8684
 52  12 -0.0038  0.0000  0.0000
 60  12 -0.0446  0.0000  0.0000
 68  12 -0.0422 -0.1802 15.0683
 76  12 -0.0114 -0.0123 10.4261
 84  12  0.0000 -0.3345  9.2754
 92  12  0.0059  0.3058  7.6545
100  12  0.0000  0.0170  7.2411
108  12 -0.0177  0.0000  7.9667
116  12  0.0038  0.0000  7.7916
124  12  0.0416  0.0000  9.0353
132  12  0.0974  0.0000  7.7916
140  12  0.0772  0.0000  9.0353
148  12  0.0891  0.0121  8.9819
156  12  0.0199  0.0000  9.0353
164  12  0.0000  0.1638  9.3107
172  12  0.0000 -0.3154  8.0576
180  12 -0.1481  0.1001  7.6675
188  12  0.0041  0.0000 11.4069
196  12  0.1558 -0.0276  9.6156
204  12 -0.0026 -0.1171 10.5089
212  12  0.0100  0.0309 14.8134
220  12 -0.0831  0.2010  9.6376
228  12  0.0468  0.0000 12.4810
236  12  0.1769 -0.7731  7.5366
244  12  0.0028  0.0000  9.5182
252  12 -0.1691  0.0088  7.4160
260  12 -0.0537  0.0000  7.4156
268  12  0.0993  0.0942  7.5907
276  12 -0.0124 -0.2761  7.1340
284  12 -0.0491  0.0216  7.7354
292  12 -0.0527  0.0000  9.0652
  4  20  0.0000 -0.0455 10.4065
 12  20  0.0132  0.0322  9.5047
 20  20 -0.0096  0.1169  9.7366
 28  20  0.0000  0.0665 10.2254
 36  20  0.0000  0.0463  9.7093
 44  20  0.0281  0.0000 10.0265
 52  20  0.0540  0.0000 10.9824
 60  20  0.1876  0.0000 10.1276
 68  20  0.1143 -0.0088 10.8903
 76  20  0.0361 -0.0524  9.7233
 84  20 -0.0665  0.0003  8.5103
 92  20  0.0398 -0.0083  8.4287
100  20 -0.0440  0.0072 13.8405
108  20 -0.0418  0.0603 11.6647
116  20  0.0020  0.0000 12.2155
124  20  0.0665  0.0000 12.2875
132  20  0.0019  0.0118 12.3975
140  20 -0.0011 -0.0175 13.0641
148  20 -0.0307  0.0000 12.9445
156  20  0.0074 -0.0291 12.2015
164  20  0.0220  0.0549 17.3593
172  20  0.0042  0.0105 14.3426
180  20 -0.0294  0.0284 17.1932
188  20 -0.0717 -0.0123 20.2566
196  20 -0.0029  0.0753 26.1224
204  20 -0.0336  0.0252 22.1745
212  20  0.0546 -0.0061 21.7766
220  20 -0.0274 -0.0316  9.8462
228  20  0.0723  0.0622 25.5296
236  20 -0.0392  0.0132 11.6696
244  20 -0.0876 -0.0087 16.9895
252  20  0.2494  0.0233 21.1729
260  20  0.1312 -0.0661 15.1159
268  20  0.0731 -0.0238 16.5703
276  20  0.0000 -0.0033 14.6125
284  20  0.2525 -0.0081  8.5823
292  20 -0.0044  0.0935 10.5554
  4  28  0.0093 -0.0253 12.6197
 12  28 -0.0037 -0.0144 12.3821
 20  28 -0.0214  0.0028 14.1545
 28  28 -0.0021 -0.0101 11.6349
 36  28  0.0133 -0.0009 12.1113
 44  28 -0.0163  0.0027 10.9230
 52  28  0.0048  0.0000 11.0120
 60  28 -0.0117  0.0009 10.5267
 68  28  0.0067  0.0254 10.5561
 76  28  0.0181 -0.0143  9.8943
 84  28 -0.0004 -0.0299  9.8395
 92  28 -0.0014 -0.0108 10.9201
100  28 -0.0171 -0.0009 16.3721
108  28  0.0094  0.0152 10.3441
116  28 -0.0199  0.0000  9.1571
124  28 -0.0017  0.0002  8.6040
132  28 -0.0003 -0.0014  8.6574
140  28  0.0148  0.0028  9.1336
148  28  0.0045  0.0066 16.1317
156  28  0.0054  0.0104 19.0329
164  28  0.0061 -0.0190 18.1303
172  28 -0.0325  0.0000 17.9346
180  28 -0.0004  0.0094  9.0160
188  28  0.0095 -0.0018  8.4512
196  28  0.0121  0.0184  8.7848
204  28  0.0053 -0.0008  9.1332
212  28  0.0911  0.0000  9.0953
220  28  0.0073  0.0000  8.6464
228  28 -0.0043 -0.0054  8.4229
236  28  0.0013 -0.0041  8.7021
244  28 -0.0021 -0.0016 11.0059
252  28 -0.0114 -0.0002 11.7555
260  28  0.0016  0.0101 13.9174
268  28  0.0168 -0.0141 15.3334
276  28  0.0047  0.0000  9.8150
284  28  0.0013  0.0158  9.3458
292  28  0.0151  0.0005 10.4550
  4  36 -0.0065  0.0364  7.2576
 12  36 -0.0133  0.0000  7.5706
 20  36 -0.0226  0.0027  6.6522
 28  36 -0.0359 -0.1209  6.3718
 36  36 -0.0368  0.0000  8.3723
 44  36 -0.0138  0.0039  7.3636
 52  36  0.0410  0.0000  8.4321
 60  36  0.0580 -0.1228 11.0330
 68  36  0.0829 -0.0321  9.5768
 76  36  0.0470 -0.0087 12.4789
 84  36 -0.0621  0.0000 11.1784
 92  36 -0.0013  0.0000  9.4174
100  36  0.0966  0.0000  9.0512
108  36  0.1299 -0.0081  6.8809
116  36 -0.0078 -0.1013  6.7750
124  36 -0.0232  0.0000  9.8462
132  36 -0.0450  0.0000 21.6135
140  36 -0.0234  0.0033 13.8915
148  36 -0.0019 -0.0086 12.0942
156  36 -0.0517 -0.0493 12.9760
164  36 -0.0116  0.0219 10.6916
172  36  0.0062  0.0265 17.5553
180  36 -0.0111 -0.0061  9.3681
188  36  0.0100 -0.0770 11.1487
196  36 -0.0037  0.0000 13.6395
204  36  0.0288  0.0000 12.1260
212  36  0.1503  0.0000 13.2196
220  36  0.0070  0.1846 11.5091
228  36 -0.0258  0.0000 10.1740
236  36 -0.0080  0.0000  9.4208
244  36  0.0073  0.0235 10.9026
252  36 -0.0924 -0.0452 18.6596
260  36 -0.1359  0.0000 11.7363
268  36 -0.0974 -0.0064  8.5854
276  36  0.0000  0.0000  7.5563
284  36 -0.1311 -1.3690  9.6604
292  36 -0.4367  0.0000 12.5445
  4  44 -1.0000 -1.6767  8.0842
 12  44 -0.4553  0.0000  9.4208
 20  44 -0.1392 -0.0186 16.5919
 28  44  0.0848 -0.0023 15.0423
 36  44 -0.0097 -0.1247 10.9499
 44  44 -0.0274  0.0000  9.0038
 52  44  0.0000 -0.0213  8.9154
 60  44 -0.0867 -0.2039  6.6081
 68  44  0.0182  0.0000  8.6486
 76  44 -0.0121  0.0000  0.0000
 84  44 -0.0190  0.0000  0.0000
 92  44  0.2019  0.0000 12.0628
100  44  0.9620  0.0000 11.1304
108  44 -0.0654  2.5000  8.9154
116  44 -0.0888  0.0000 11.1304
124  44 -0.0645  0.0000  6.1440
132  44  0.0000  2.5000  8.8276
140  44  0.3640  0.1840  8.3037
148  44 -0.0004 -0.0075 11.8538
156  44 -0.0305  0.0000 15.6828
164  44 -0.0166  0.0000 11.9892
172  44 -0.0112 -0.0023 19.0241
180  44 -0.0926  0.0000  5.9093
188  44 -0.2100  0.0000 12.5902
196  44 -0.1225  0.0000  9.0168
204  44 -0.0272  0.0000  9.5231
212  44 -0.0342  0.0828  8.4258
220  44 -0.0785  0.0000 12.4923
228  44  0.0139 -0.1561  9.5355
236  44  0.0139 -0.1561  9.5355
244  44 -0.1066 -0.0069 10.4927
252  44 -0.0407  0.1326 13.3696
260  44  0.1903  0.0000 13.3851
268  44  0.2555  0.3522  9.9800
276  44  0.1577 -0.0454  8.0965
284  44 -0.3574  0.0402  7.5080
292  44  0.0676 -0.0120 11.2008
  4  52 -0.0064  0.0338  8.8639
 12  52  0.0569  0.0000  7.6269
 20  52  0.0000 -0.1993  6.1505
 28  52  2.5000  0.0000  8.8276
 36  52  1.0349  0.0000 11.1304
 44  52  0.2833  0.0000  0.0000
 52  52  0.0448  0.0000  0.0000
 60  52 -0.0230  0.0000  0.0000
 68  52  0.2043  0.0000 11.1304
 76  52  0.1626  0.0000  0.0000
 84  52  0.0667  0.0000 11.1304
 92  52 -0.0007  0.0000 11.1304
100  52 -0.0337  0.0000  9.2086
108  52 -0.0557  0.0193 15.2661
116  52 -0.2615 -0.3019  9.7259
124  52 -0.0670  0.0000 14.7761
132  52 -0.0164  0.0000 19.1045
140  52 -0.0014  0.0288  5.6760
148  52 -0.0074  0.0201  8.1965
156  52 -0.0114 -0.0148  8.4013
164  52  0.0474  0.0000  8.1201
172  52  0.0013 -0.0004  7.2313
180  52  0.0868  0.0058  7.9169
188  52  0.8542  0.0000 11.1304
196  52  1.5341  0.0000 11.1304
204  52  1.0232  0.0000 11.1304
212  52  0.2354  0.0000 14.4906
220  52 -0.0520 -0.2072 11.4040
228  52  0.2197 -0.0164 10.1060
236  52  0.0996  0.0167 10.4918
244  52 -0.0538  0.1096 14.6116
252  52  0.1119  0.3875  7.6516
260  52  0.0827  0.0186  9.7715
268  52 -0.0097  0.1247 10.9499
276  52 -0.0050  0.0985 11.1768
284  52 -0.1509 -0.1129  9.4242
292  52  0.0908  0.0704  9.9693
  4  60  0.2907 -0.0403 10.5761
 12  60  0.1326  0.0000 12.6242
 20  60  0.0063  0.0000  0.0000
 28  60 -0.0848  0.0000  0.0000
 36  60 -0.0801  0.0000  0.0000
 44  60  0.0004  0.0000  0.0000
 52  60  0.2048  0.0000  0.0000
 60  60  0.0000  0.0000 16.1088
 68  60  0.0356  0.0000  0.0000
 76  60  0.0731  0.0000 11.1304
 84  60  0.0460  0.0000 20.7059
 92  60  0.0744  0.0000 10.5407
100  60  0.0722 -0.0918 11.1329
108  60 -0.0597 -0.1224 10.6522
116  60  1.1311  0.0000 11.1304
124  60  2.5000  0.1180  9.2850
132  60  1.5640  0.0000 14.2815
140  60  0.8085  0.0000 16.1088
148  60  0.6377  0.1301  9.8276
156  60  0.2761  0.0806  9.3746
164  60 -0.3251  0.1814  9.2128
172  60 -0.1027 -0.0396 10.0787
180  60 -0.2118  0.0000  8.2581
188  60 -0.2772  0.0000  0.0000
196  60 -0.2001  0.0000  0.0000
204  60 -0.1053  0.0000  0.0000
212  60  0.0000  2.5000  8.8276
220  60  0.1273  0.0000  0.0000
228  60  0.1422  0.0000  0.0000
236  60  0.0736  0.0000 11.1304
244  60  0.0855  0.0000  7.8087
252  60  0.0067 -0.0157  9.9006
260  60 -0.0555 -0.2276 14.3945
268  60  0.0000 -0.5000  8.8276
276  60  0.4043 -0.4043  8.0000
284  60 -0.3359  0.0000 11.9011
292  60 -0.1519  0.1770  8.2297
  4  68  0.0000 -2.0000 11.1304
 12  68 -0.0336  0.0000  0.0000
 20  68  0.0015  0.0000 11.1304
 28  68 -0.0043  0.0000  0.0000
 36  68 -0.1103  0.0000  0.0000
 44  68  0.1285  0.0000  0.0000
 52  68  0.0000 -0.5000  8.8276
 60  68  0.2507  0.0000 14.2815
 68  68  0.1486  0.0000 11.1304
 76  68  0.0656 -0.0326 15.2216
 84  68  0.0507  0.0000  9.3955
 92  68 -0.2041 -0.1638 12.9029
100  68  0.3972  0.0000  9.8462
108  68  0.2353 -0.4104  7.3143
116  68  0.0000  0.1024  9.7637
124  68 -0.0121  0.0000 16.1088
132  68 -0.1310  0.0000 11.1304
140  68 -0.0661  0.1800 11.6676
148  68  0.1674  0.0000  0.0000
156  68  0.0085  0.0000  0.0000
164  68  0.0913 -0.2044 18.7317
172  68  0.5134  0.0000 11.9011
180  68  0.8223  0.0000 11.1304
188  68  0.4943  0.0000 16.1088
196  68 -1.2591  0.0000 10.1661
204  68  0.0000  0.1960 11.1304
212  68 -1.3099  0.0836 13.7096
220  68 -0.8500  0.0000  0.0000
228  68 -0.4687  0.0000  0.0000
236  68 -0.3037  0.0000  0.0000
244  68 -0.0823  0.0000  0.0000
252  68  0.0339  0.0000  0.0000
260  68 -0.0420 -0.0230  9.4297
268  68 -0.0845  0.3624  8.7755
276  68 -0.3910  0.0000 16.1088
284  68 -0.3831  0.0000 16.1088
292  68 -0.4782  0.0000 16.1088
  4  76 -0.4833  0.0000  0.0000
 12  76 -0.0320  0.0000  0.0000
 20  76  0.3468  2.5000 10.2045
 28  76  1.1995  0.0000 11.1304
 36  76  1.3649  0.0000  0.0000
 44  76  1.4335  0.0000 12.0455
 52  76  0.8017  0.0000  9.2850
 60  76  0.0000  0.2581  9.7215
 68  76 -0.0893 -0.0109  9.1690
 76  76  0.3185  0.0289 10.5665
 84  76 -0.0537  0.2592 15.2097
 92  76  0.3017  0.0000 11.1304
100  76  1.0818  0.0000 11.1304
108  76  2.0107  0.0000 17.0667
116  76  2.5000 -0.1588 10.5785
124  76 -0.1113  1.6014 11.9803
132  76 -0.0033  0.0000 11.1304
140  76 -0.5052  0.0000 12.8600
148  76 -0.5610  0.0000 13.1641
156  76 -0.4904  0.0000  8.4768
164  76 -0.4043 -0.4043  8.0000
172  76 -0.0302  0.0000  0.0000
180  76  0.1879  0.0000 11.1304
188  76 -0.0067  0.0000 11.1304
196  76 -0.1960  2.5000 11.1304
204  76 -0.3370  0.0000 13.5576
212  76 -0.4739  0.0000 16.1088
220  76 -0.7561  0.0000  0.0000
228  76 -0.8961  0.7642 11.6204
236  76  0.0000  0.5000  8.0688
244  76  0.6113  0.0000  0.0000
252  76  1.4486  0.0000  0.0000
260  76  2.3589  0.0000  0.0000
268  76  3.1770  0.0000 11.1304
276  76  1.7461  0.0000 11.9011
284  76 -0.0352  0.0000 16.1088
292  76 -0.8024  0.0000 11.1304
  4  84 -0.2907  0.0403 10.5761
 12  84  0.2257  0.0000 14.8377
 20  84  0.4857  0.0000 13.0803
 28  84  1.0836  0.0000  8.0000
 36  84  1.7847  0.0000 21.6135
 44  84  1.9298  0.0000  9.2086
 52  84  0.6484  0.0000 19.4783
 60  84  0.5000 -0.2656  7.6040
 68  84  0.4138  0.0000 14.1939
 76  84  0.0000 -0.1556 12.2969
 84  84 -0.1587  0.0000 12.0628
 92  84 -0.0279  0.0000 19.1045
100  84  0.2022  0.0000 22.2609
108  84  0.4043  0.4043  8.0000
116  84  0.0102  0.0000 16.1088
124  84  0.0431  0.0000 12.8600
132  84 -0.0148  0.0000  8.8167
140  84 -0.1841  0.0418 12.3683
148  84 -0.5056  0.0000 11.1304
156  84 -0.5465  0.0000 12.0628
164  84 -0.0109  0.0000 12.0628
172  84  0.4704  0.0000 16.1088
180  84  0.5217  0.0000 11.1304
188  84  2.2970  0.0000  0.0000
196  84  4.5000  4.5000  4.0635
204  84  2.2092  0.0000 22.2609
212  84  0.0000  0.5000  8.2581
220  84 -0.1151  0.1151 16.5161
228  84  4.5000 -0.5000  4.0635
236  84  1.9869  0.0000 11.1304
244  84  0.7401  0.0000  0.0000
252  84  0.7404  0.0000  0.0000
260  84  1.0564  0.0000  0.0000
268  84  0.9721  0.0000  0.0000
276  84  0.1949  0.0000 11.1304
284  84 -0.1960  0.0000 11.1304
292  84  0.0595  0.0000  0.0000
  4  92  0.0611  0.0269 13.4058
 12  92 -0.0349  0.0000  0.0000
 20  92  0.2559  0.0000  0.0000
 28  92  0.1140 -0.1079 19.3902
 36  92 -0.1195  1.0576  7.0137
 44  92 -0.5000  0.1588 10.5785
 52  92  0.0867  0.1071  9.3967
 60  92  0.1140 -0.1079 19.3902
 68  92 -0.1835  0.0000 11.1304
 76  92 -0.3266  0.0000 13.7892
 84  92 -0.2492  0.0000  0.0000
 92  92  0.0404  0.0000 18.9370
100  92  0.1325  0.0000  9.4208
108  92 -1.0565  0.0000  0.0000
116  92  0.1174 -4.1710 14.6131
124  92  2.0097  0.0000 22.2609
132  92  0.8870  0.0000 11.1304
140  92 -0.1143  0.0000 12.0628
148  92  0.2614  0.0000  0.0000
156  92  2.2637  0.0000 19.1045
164  92  0.5000 -2.0000  8.4768
172  92  0.0000 -1.7251  8.5018
180  92  0.1820  0.0000  0.0000
188  92  0.4043  0.0000  0.0000
196  92  0.2670  0.0000  0.0000
204  92 -0.3468 -1.0000 10.2045
212  92 -0.7631  0.0000  0.0000
220  92 -0.1637  0.0000 11.1304
228  92  0.2329  0.0000 20.7059
236  92 -0.1012 -0.0458 14.0274
244  92  0.5000  0.0000 11.1304
252  92  0.0291  0.0000  0.0000
260  92 -0.3536  0.0000  0.0000
268  92 -0.7434  0.0000  0.0000
276  92 -0.4490  0.0000  0.0000
284  92 -0.1960 -0.5000 11.1304
292  92 -0.4543  0.0000  0.0000
  4 100 -0.2839  0.0000 11.1304
 12 100 -0.0840  0.0000 20.7059
 20 100  0.1241  0.0900  9.7710
 28 100 -0.2016  2.0000  7.9427
 36 100 -1.0708  0.0000 16.1088
 44 100 -0.0869 -0.0708 10.3454
 52 100  1.1440  0.0000 13.0169
 60 100 -0.1766 -0.0909  6.9494
 68 100 -0.4201  0.0000 11.1304
 76 100 -0.0224  0.0000 11.1304
 84 100  1.3721  0.0000 11.1304
 92 100  2.5000  0.0000  8.8276
100 100  1.0608  0.0000  0.0000
108 100  0.2979  0.0000 16.1088
116 100  0.2144  0.0000 11.1304
124 100  0.1171  0.0000 11.1304
132 100 -0.1481 -0.0714 13.6296
140 100 -1.0756  0.0431  7.0865
148 100  0.1364  0.0000  0.0000
156 100  1.1210  0.0000 13.0803
164 100  0.0601  0.0000  0.0000
172 100 -0.1870  0.0000  0.0000
180 100 -0.3332  0.0000 16.1088
188 100 -0.2104  0.0000  0.0000
196 100 -0.8071  0.0000  0.0000
204 100 -0.7126  0.0000 11.1304
212 100 -0.1827  0.0000 16.1088
220 100 -0.5000 -0.0203 12.4022
228 100 -0.1068 -0.3135 15.1963
236 100 -0.0486  0.2391  8.2581
244 100 -0.0073  0.0000 16.1088
252 100 -0.1661  0.0000 11.1304
260 100  0.0000 -0.5000  8.8276
268 100  1.0043  0.0000 16.1088
276 100  2.5000  0.0000  8.8276
284 100  1.1113  0.0000 11.1304
292 100  0.0843  0.0000 11.1304
  4 108 -0.6226  0.0000 16.6957
 12 108 -0.5000  0.0000  8.8276
 20 108  0.8326  0.0000  0.0000
 28 108  0.5056  0.0000 11.1304
 36 108 -0.0934  0.2052 10.5433
 44 108 -0.0202  0.5000 10.2704
 52 108 -0.1506  0.0000  0.0000
 60 108 -0.3432  0.0000  0.0000
 68 108 -0.4801  0.0000  0.0000
 76 108  0.8137  0.0000 16.1088
 84 108  2.5000  0.0000  8.8276
 92 108  0.0000 -0.5000  8.2581
100 108 -0.5345  0.0000 11.1304
108 108  0.0000  2.5000  8.8276
116 108  1.3164  0.0000 10.0017
124 108  0.0579  0.0094  7.8828
132 108 -0.0258  0.0206  9.0486
140 108  1.3070  0.0337 12.4709
148 108  1.5000  2.5000  7.4357
156 108  0.4440  0.0000 13.0803
164 108  0.0212  0.0000  0.0000
172 108  0.0000  2.5000  8.8276
180 108  0.1973  0.0000  0.0000
188 108  0.1350  0.0000 11.1304
196 108  0.7551  0.0000  0.0000
204 108  1.8419  0.0000  0.0000
212 108  1.5529  0.0000  0.0000
220 108  0.7789  0.0000 11.1304
228 108 -0.5000  0.1588 10.5785
236 108 -0.5957  0.0000 11.1304
244 108  0.0075  0.0000 11.1304
252 108  0.0418  0.0000 11.1304
260 108 -0.1841 -0.0418 12.3683
268 108 -0.2747  0.0000 16.1088
276 108 -0.4624  0.0000  0.0000
284 108 -0.6514  0.0000 11.1304
292 108 -0.6908  0.0000 17.0667
  4 116 -0.1174  1.0000  5.2483
 12 116  1.1202  0.0000 11.1304
 20 116  0.2944  0.0000  0.0000
 28 116  0.2568  0.0627  8.5469
 36 116  2.4938  0.0000  0.0000
 44 116  5.1203 -0.5000  5.4468
 52 116  3.3138  0.0000  8.0000
 60 116  2.3073  0.0000 11.1304
 68 116  2.5000  0.0000  8.8276
 76 116  1.5857  0.0000 11.1304
 84 116  0.0645  0.5000 10.4200
 92 116 -0.0964  0.0000 11.1304
100 116  0.2749  0.0000  8.5018
108 116  0.9081  0.0000  0.0000
116 116 -0.0557 -0.0193 15.2661
124 116  0.0000  0.1469 10.3584
132 116  1.0459  0.0000  9.4948
140 116  1.5000  0.0000  8.2581
148 116  1.5000  0.0000  8.2581
156 116  0.4716  0.0000 13.6955
164 116 -0.0623  0.0000  0.0000
172 116 -0.0902  0.0000  0.0000
180 116 -0.0989  0.0000 11.1304
188 116 -0.1622  0.0000 11.1304
196 116 -0.3614  0.0000 16.1088
204 116 -0.6322  0.0000 11.1304
212 116 -0.8000  0.0000 11.1304
220 116 -0.7912  0.0000 11.1304
228 116 -0.4043  0.4043  8.0000
236 116  0.6006  0.0000  0.0000
244 116  0.9056  0.0000  0.0000
252 116  1.9013  0.0000  0.0000
260 116  3.6416  0.0000 11.1304
268 116  4.9929  0.0000 16.1088
276 116  3.9975  0.0000 16.1088
284 116  2.9004  0.0000  0.0000
292 116  2.2841  0.0000  0.0000
  4 124  1.1980  0.0000  0.0000
 12 124  0.0471  0.0000  0.0000
 20 124 -0.0962  0.0000  0.0000
 28 124  0.4518  0.0000 17.2183
 36 124  1.5000 -0.0836  9.2702
 44 124  0.0775 -2.8282  5.6999
 52 124  0.4609  0.0000 16.1088
 60 124  0.7034  0.0000  0.0000
 68 124  0.4608  0.0000  0.0000
 76 124 -0.2264 -0.2174  8.1086
 84 124  0.4043  0.4043  8.0000
 92 124  0.0998  0.0000  0.0000
100 124 -0.1469  0.0000 10.3584
108 124 -0.1586  0.0000  0.0000
116 124  0.0000  0.5000  8.0688
124 124 -0.2578  0.0000  0.0000
132 124 -0.6161  0.0000 11.1304
140 124 -0.6958  0.0000 17.0667
148 124 -0.6179  0.0000 11.1304
156 124 -0.2730  0.0000 10.6474
164 124  0.5000  0.0000 11.1304
172 124  1.0019  0.0000 11.1304
180 124  2.7529  0.0000  0.0000
188 124  3.6453  0.0000  0.0000
196 124  3.8724  0.0000 11.1304
204 124  3.0335  0.0000 11.1304
212 124  2.0744  0.0000 11.1304
220 124  1.4729  0.0000  0.0000
228 124  0.5116  0.0000 11.1304
236 124 -0.3494  0.0000 11.1304
244 124 -0.2875  0.0000 11.1304
252 124  0.3538  0.0000  0.0000
260 124  1.3427  0.0000  0.0000
268 124  1.7771  0.0000 11.1304
276 124  1.5536  0.0000 16.1088
284 124  1.0401  0.0000 19.1045
292 124  0.4310  0.0000  0.0000
  4 132  0.0062  0.0000 13.5576
 12 132  0.4043 -0.4043  8.0000
 20 132 -0.1008 -0.0843 14.9901
 28 132 -0.5173  0.0000  0.0000
 36 132 -0.4113  0.0000 11.1304
 44 132  0.2038  0.0000 12.0455
 52 132  0.0567  0.0000  0.0000
 60 132 -0.4115  0.0000 11.1304
 68 132 -0.2814  0.0000 11.1304
 76 132 -0.2938  0.0000  0.0000
 84 132 -0.5000  0.2274  6.6693
 92 132 -0.4614  0.0000 16.1088
100 132 -0.2246  0.1162 14.0985
108 132  2.5000  0.0618  9.8694
116 132  2.5275  0.0000 19.1045
124 132  2.1048  0.0000 11.1304
132 132  1.2423  0.0000 16.1088
140 132  0.4933  0.0000  0.0000
148 132  0.5790  0.0000  0.0000
156 132 -0.2125  0.0000 11.2521
164 132 -1.0139  0.0000  0.0000
172 132 -0.5621  0.0000  0.0000
180 132  0.1457  0.0000 11.1304
188 132  0.9385  0.0000  0.0000
196 132  3.1704  0.0000  0.0000
204 132  2.5000  0.0000  8.8276
212 132  1.3318  0.0000 17.0667
220 132  0.4450  0.0000 11.1304
228 132 -0.0776  0.0000 11.9011
236 132 -0.2640  0.0000 16.1088
244 132 -0.7977  0.0000 11.1304
252 132 -1.2077  0.0000  0.0000
260 132 -0.8366  0.0000 11.1304
268 132  0.9576  0.0000  0.0000
276 132  0.9224  0.0000 11.1304
284 132  0.1960  0.0000 11.1304
292 132  0.8333  0.0000  0.0000
  4 140  0.7053  0.0000  0.0000
 12 140 -0.0086  0.0000 11.1304
 20 140 -0.7677  0.0000 11.1304
 28 140 -1.3143  0.0000 11.1304
 36 140 -1.0000  0.0000  9.2850
 44 140 -0.0787  0.0000 16.1088
 52 140 -0.0009  0.0000 16.1088
 60 140 -0.5920  0.0000 11.1304
 68 140 -1.1838 -0.5000  7.5779
 76 140  0.1912  0.0000 12.4272
 84 140 -0.5242  0.0000 16.1088
 92 140 -1.5000  0.0000  8.2581
100 140 -0.5000  0.0000 11.1304
108 140  0.0801  0.0000  0.0000
116 140  0.5526  0.0000 16.1088
124 140  2.8208  0.0000 11.1304
132 140  1.8491  0.0000  0.0000
140 140  0.7938  0.0000  0.0000
148 140  0.0761  0.0000  0.0000
156 140 -0.4043  0.4043  8.0000
164 140 -0.8187  0.0000  0.0000
172 140 -1.3401  0.0000  0.0000
180 140 -1.7180  0.0000 11.1304
188 140 -1.3070 -0.0337 12.4709
196 140  2.5000  0.0000  8.8276
204 140  2.5000 -0.0265 11.4627
212 140  2.1901  0.0000  0.0000
220 140  2.9935  0.0000  0.0000
228 140  2.2768  0.0000  0.0000
236 140  0.9417  0.0000 11.9011
244 140 -0.3284  0.0000 11.1304
252 140 -1.1838  0.0000  0.0000
260 140 -1.4324  0.0000 11.1304
268 140 -1.0867  0.0000 11.1304
276 140 -0.9684  0.0000  8.2581
284 140 -1.1578  0.0000 11.1304
292 140 -1.1752  0.0000  0.0000
  4 148 -0.2884  0.0000  0.0000
 12 148 -0.0888  0.0000  0.0000
 20 148  0.1146  0.0101 17.4161
 28 148  0.1969  0.0000 12.0628
 36 148  0.2034  0.0000  8.0000
 44 148  0.2223  0.0000 16.1088
 52 148  1.3870  0.0000 11.1304
 60 148  0.8096  0.0000  0.0000
 68 148 -0.0203  0.1804 15.3082
 76 148 -0.3770  0.0000 11.1304
 84 148 -0.6792  0.0000 12.0628
 92 148 -1.0007  0.0000  0.0000
100 148 -1.2323  0.0000  0.0000
108 148 -1.0319  0.0000  0.0000
116 148  0.0815  0.0000 11.1304
124 148  2.5000  0.0000  8.8276
132 148  2.5313  0.0000  0.0000
140 148  2.5428  0.0000 11.1304
148 148  4.5000  4.5000  4.0635
156 148  3.2373  0.0000 11.1304
164 148  1.5752  0.0000  0.0000
172 148  0.1801  0.0000  0.0000
180 148 -0.5936  0.0000 11.1304
188 148 -1.0000  0.0000  9.2850
196 148 -1.0529  0.0000  0.0000
204 148 -0.9954  0.0000 19.1045
212 148 -1.0168  0.0000  0.0000
220 148 -0.9048  0.0000 19.1045
228 148 -0.4105  0.0000  0.0000
236 148 -0.0067  0.0000 11.1304
244 148  0.4376  0.0000 16.1088
252 148  0.5151  0.0000 16.1088
260 148  0.1960  2.5000 11.1304
268 148 -0.0960  0.0000  0.0000
276 148  0.0000  2.5000  8.8276
284 148  0.1682  0.0000 11.1304
292 148 -0.1950  0.0000  0.0000
  4 156 -0.4328  0.0000 11.1304
 12 156 -0.6445  0.0000 11.1304
 20 156 -0.8880  0.0000 12.0628
 28 156 -0.9103  0.0000  0.0000
 36 156 -0.3282  0.0000  0.0000
 44 156  0.9432  0.0000 11.1304
 52 156  2.2364  0.0250  6.8903
 60 156  1.3920  0.0000  0.0000
 68 156  0.1180 -0.5000  9.2850
 76 156  2.0086  0.0000 11.1304
 84 156  2.1187  0.0000 12.0455
 92 156  1.2655  0.0000 11.1304
100 156  0.2291  0.0000  0.0000
108 156 -0.1276 -0.3321 10.3409
116 156 -0.6395  0.0000 16.1088
124 156 -0.7206  0.0000  0.0000
132 156 -0.5736  0.0000  0.0000
140 156 -0.5604  0.0000 11.1304
148 156 -0.5552  0.0000  0.0000
156 156 -0.3951  0.0000 11.1304
164 156 -0.1068  0.3135 15.1963
172 156  0.5030  0.0000  0.0000
180 156  0.7275  0.0000 11.1304
188 156  0.0614  0.0000  0.0000
196 156 -0.3278  0.0000 11.1304
204 156 -0.3551  0.0000  0.0000
212 156  0.0000 -0.1960 11.1304
220 156 -0.1700  0.0000 16.1088
228 156 -0.2634  0.0000  0.0000
236 156 -0.3716  0.0000  0.0000
244 156 -0.6607  0.0000  0.0000
252 156 -0.7170  0.0000  0.0000
260 156  0.0000  0.5000  8.0688
268 156  1.3612  0.0000 16.1088
276 156  2.5000  0.0000  8.8276
284 156  1.2592  0.0000  0.0000
292 156  0.1369  0.0000  0.0000
  4 164  0.7826  0.0000 11.1304
 12 164  1.1733  0.0000 11.1304
 20 164  1.0026  0.0000 16.1088
 28 164  0.1960  2.5000 11.1304
 36 164 -0.0446  0.0000  0.0000
 44 164 -0.5692  0.0000  0.0000
 52 164 -0.4447  0.0000 16.1088
 60 164 -0.0308 -0.1823 13.1845
 68 164 -0.0104  0.0000 13.5576
 76 164 -0.1767  0.0000 11.1304
 84 164 -0.3089  0.0000 13.1641
 92 164 -0.1701  0.0000 11.1304
100 164  0.5135  0.0000 11.1304
108 164  1.0000  0.3491  6.8150
116 164 -0.1960 -0.5000 11.1304
124 164 -0.2984 -0.3415 16.8934
132 164 -0.2368  0.0000  0.0000
140 164 -0.3468  2.5000 10.2045
148 164 -0.2272  0.0000 11.1304
156 164 -0.0573  0.0000 11.1304
164 164  0.0308 -0.1823 13.1845
172 164 -0.3888  0.0000  0.0000
180 164 -0.6907  0.2991  8.0688
188 164 -0.0462  0.0000 11.1304
196 164  0.8336  0.0000 11.1304
204 164  1.1965  0.0000 11.1304
212 164  0.5084  0.0000  0.0000
220 164 -0.1049  0.0000  0.0000
228 164  0.1503  0.0000  0.0000
236 164  0.7590  0.0000  0.0000
244 164  1.6985  0.0000  0.0000
252 164  2.5000  0.0000  8.8276
260 164  0.8611  0.0000 16.1088
268 164 -0.5000  2.5000  4.0635
276 164 -0.3093  0.0000  0.0000
284 164  0.2283  0.0000  0.0000
292 164  0.4496  0.0000  0.0000
  4 172  0.1557  0.0000  0.0000
 12 172 -0.2865  0.0000  0.0000
 20 172 -0.5000  0.0000 11.1304
 28 172  0.0574  0.0000 11.1304
 36 172  0.4210  0.0000 16.1088
 44 172  0.0000  0.0000  8.5297
 52 172  0.0129  0.0285  9.0631
 60 172  0.5000  0.0000  7.4084
 68 172  0.1960 -0.5000 11.1304
 76 172  0.0000 -0.5000  8.8276
 84 172  0.1236  0.0000  0.0000
 92 172  0.2291  0.0000  0.0000
100 172 -0.0154  0.0000 19.1045
108 172 -0.2083  0.0000 16.1088
116 172 -0.0399  0.0000  0.0000
124 172  0.2484  0.0000 16.1088
132 172 -0.1280  0.0000  0.0000
140 172 -0.4527  0.0000  0.0000
148 172 -0.6324  0.0000 11.1304
156 172 -0.4435  0.0000  0.0000
164 172  0.0218  0.2266 12.8350
172 172  1.0878  0.0000 11.1304
180 172  1.6393  0.0000 16.1088
188 172  0.6316  0.0000 11.1304
196 172 -0.2183  0.0000  0.0000
204 172 -0.0684  0.0000 16.1088
212 172  0.4926  0.0000 11.1304
220 172  0.9209  0.0000  0.0000
228 172  0.4748  0.0000  0.0000
236 172 -0.1292  0.0000  0.0000
244 172 -0.3897  0.0000  0.0000
252 172 -0.1648  0.0000  0.0000
260 172  0.0636  0.0000 16.1088
268 172  0.0359  0.0000  0.0000
276 172  0.1246  0.0000  0.0000
284 172  0.8811  0.0000  0.0000
292 172  0.4806  0.0000  0.0000
  4 180  0.2395  0.0000  0.0000
 12 180  0.2502  0.0000  0.0000
 20 180  0.3857 -0.0448  9.2896
 28 180  0.2143  0.0000 11.1304
 36 180  0.0913  0.2044 18.7317
 44 180 -0.1009 -0.1345 10.7971
 52 180 -0.0169  0.1218  8.0941
 60 180 -1.1363 -0.1769  5.9535
 68 180 -1.1122  0.0000 11.1304
 76 180 -0.9619  0.0000  8.2581
 84 180 -0.6744  0.0000 11.1304
 92 180 -0.2022  0.0000 11.1304
100 180  0.4866  0.0000 16.1088
108 180  0.7324  0.0000 11.1304
116 180  0.1151  0.1151 16.5161
124 180 -0.1960  2.5000 11.1304
132 180 -0.0305  0.0000 16.1088
140 180  0.3745  0.0000 17.2183
148 180  1.0000  0.0000  9.2850
156 180  0.4577  0.0000  0.0000
164 180 -0.1180 -0.5000  9.2850
172 180 -0.2875  0.0000 11.1304
180 180 -0.2140  0.0000 11.1304
188 180 -0.0698  0.2911 10.5124
196 180  0.0653  0.0000  0.0000
204 180  0.2977  0.0000  0.0000
212 180  0.9791  0.0000  0.0000
220 180  0.5944  0.0000  0.0000
228 180  0.3054  0.0000  0.0000
236 180  0.1296  0.0000  0.0000
244 180  0.1582  0.0000  0.0000
252 180  0.0210  0.0000  0.0000
260 180 -0.1900  0.0000  0.0000
268 180 -0.3476  0.0000  0.0000
276 180 -0.3051  0.0000  0.0000
284 180 -0.8460  0.0000  0.0000
292 180 -0.9093  0.0000  0.0000
  4 188 -0.8313  0.0000 11.1304
 12 188 -0.6056  0.0000 11.1304
 20 188 -0.2215  0.0000 11.1304
 28 188  0.2457  0.0000  0.0000
 36 188  0.5046  0.0000  0.0000
 44 188  0.5000  0.0000 11.1304
 52 188  0.4681  0.0000  9.5738
 60 188 -0.0785  0.0000  8.0000
 68 188 -0.6545  0.0000 16.1088
 76 188 -1.3070 -0.0337 12.4709
 84 188 -0.2702  0.0000 11.1304
 92 188 -0.0714  0.0000 11.1304
100 188 -0.1033  0.0000  8.0000
108 188 -0.1130  0.0000 11.1304
116 188 -0.0467  0.0000 12.0628
124 188  0.1960  0.0000 11.1304
132 188  0.6833  0.0000 11.1304
140 188  0.8781  0.0000 19.1045
148 188  0.6381  0.0000 12.0628
156 188  0.3726  0.0000  0.0000
164 188  0.0000  2.5000  8.8276
172 188  0.0000 -0.5000  8.8276
180 188 -0.1632  0.0000 11.1304
188 188 -0.4721  0.0000 12.0628
196 188 -0.5000 -0.5000  4.0635
204 188 -0.1133  0.0000  0.0000
212 188 -0.3319  0.0000  0.0000
220 188 -0.3810  0.0000  0.0000
228 188 -0.4973  0.0000  0.0000
236 188 -0.4164  0.0000  0.0000
244 188 -0.1546  0.0000  0.0000
252 188  0.1494  0.0000  0.0000
260 188  0.2854  0.0000  0.0000
268 188  0.2710  0.0000  0.0000
276 188  0.2244  0.0000  0.0000
284 188 -0.1179  0.0000  0.0000
292 188 -0.4535  0.0000 11.1304
  4 196 -0.4688  0.0000  0.0000
 12 196  0.4681  0.0000  9.5738
 20 196  0.3845  0.0000 11.1304
 28 196  0.2182  0.0000  0.0000
 36 196  0.1459  0.0000  0.0000
 44 196  0.1937  0.0000 12.5685
 52 196  0.6181  0.0000  8.8276
 60 196  1.2339  0.0000 16.1088
 68 196  0.6363  0.0000 11.1304
 76 196  0.7069  0.0000  0.0000
 84 196  0.7066  0.0000  0.0000
 92 196  0.3841  0.0000  0.0000
100 196  0.1781  0.0000 12.0455
108 196 -0.0418  0.1521 12.6567
116 196 -0.4043 -0.4043  8.0000
124 196  0.0708  0.0000 12.0628
132 196  0.5000 -0.5000  7.8168
140 196  0.0132  0.0000 11.1304
148 196  0.0418  0.1521 12.6567
156 196 -0.3005  0.0000 11.1304
164 196 -0.2963  0.0000 11.1304
172 196 -0.0892  0.0000 12.0628
180 196  0.1342  0.0000  0.0000
188 196  0.0867  0.0000 11.1304
196 196 -0.1008  0.0843 14.9901
204 196 -0.0966  0.0000 11.1304
212 196 -0.1318  0.0000 11.1304
220 196 -0.0822  0.0000  0.0000
228 196  0.2075  0.0000  0.0000
236 196  0.4715  0.0000  0.0000
244 196  0.4079  0.0000  0.0000
252 196  0.3463  0.0000  0.0000
260 196  0.4465  0.0000  0.0000
268 196  0.7144  0.0000  0.0000
276 196  1.0554  0.0000  0.0000
284 196  1.3660  0.0000  0.0000
292 196  0.3127  0.1061  9.8739
  4 204  0.6596  0.0000 11.1304
 12 204  1.0000  0.0000  9.2850
 20 204  0.6671  0.0000 11.1304
 28 204  0.3573  0.0000 11.1304
 36 204  0.1217  0.0000 19.1045
 44 204  0.0000 -0.5000  8.8276
 52 204  0.5000  0.0000  8.4768
 60 204  0.2600  0.0000 16.1088
 68 204 -0.5000  0.0000  8.8276
 76 204 -0.3836  0.0000 11.1304
 84 204 -0.5000  0.0000  8.8276
 92 204 -0.3120  0.0000 11.1304
100 204 -0.0716  0.0000 11.1304
108 204  0.1960  0.0000 11.1304
116 204  0.0249  0.0000 11.1304
124 204 -0.2211  0.0000 12.0628
132 204 -0.3036  0.0000  9.2850
140 204 -0.1997  0.0000  0.0000
148 204  0.0368 -0.3683 11.3927
156 204  0.5000  0.0000  8.4768
164 204  0.1469  0.0000 10.3584
172 204  0.0444  0.0000  0.0000
180 204  0.1093  0.0000 11.1304
188 204  0.4352  0.0000  0.0000
196 204  0.9759  0.0000 12.0628
204 204  1.1563  0.0000 11.1304
212 204  0.2896  0.0000 11.1304
220 204  0.1530  0.0000  0.0000
228 204  0.2346  0.0000  0.0000
236 204  0.5277  0.0000  0.0000
244 204  0.4770  0.0000  0.0000
252 204  0.3236  0.0000  0.0000
260 204  0.2003  0.0000  0.0000
268 204  0.1915  0.0000  0.0000
276 204  0.3763  0.0000  0.0000
284 204  0.1417  0.0000 16.1088
292 204 -0.2737  0.0000  0.0000
  4 212 -0.2298  0.0000 11.1304
 12 212 -0.1113  1.6014 11.9803
 20 212 -0.1417  0.0000 11.9011
 28 212 -0.1213 -0.5000 10.8245
 36 212  0.0418 -0.1521 12.6567
 44 212 -0.0942  0.0000  0.0000
 52 212 -0.3330  0.0000 16.1088
 60 212 -0.5000  0.0000  8.8276
 68 212 -0.3708  0.0000 11.1304
 76 212 -0.2328  0.0000  0.0000
 84 212 -0.1507  0.0000  0.0000
 92 212 -0.5000  0.0000 11.1304
100 212 -0.6529  0.0000 16.1088
108 212 -0.5728  0.0000  0.0000
116 212 -0.1401  0.0000 11.1304
124 212  0.7067  0.0000 16.1088
132 212  0.8170  0.0000  8.8276
140 212 -2.4187  0.0000  0.0000
148 212 -0.0308  0.1823 13.1845
156 212 -0.3127  0.1061  9.8739
164 212  0.0472  0.0000 12.0455
172 212  0.1520  0.0000  0.0000
180 212  0.1393  0.0000  0.0000
188 212  0.1104  0.0000 11.1304
196 212  0.1252  0.0000 16.1088
204 212  0.1936 -0.5000 10.4490
212 212  0.0578  0.0000  0.0000
220 212 -0.0957  0.0000  0.0000
228 212 -0.0542  0.0000 17.0667
236 212  0.0337  0.0000  0.0000
244 212  0.0115  0.0000  0.0000
252 212 -0.0257  0.0000  0.0000
260 212 -0.0271  0.0000  0.0000
268 212 -0.1530  0.0000  0.0000
276 212 -0.3383  0.0000  0.0000
284 212 -0.4793  0.0000 11.1304
292 212 -0.5000  0.0000 11.1304
  4 220 -0.6370  0.0000  0.0000
 12 220 -0.8938  0.0000 11.1304
 20 220 -1.3207  0.0000  0.0000
 28 220 -1.6069  0.0000 12.0455
 36 220 -1.6261  0.0000 11.1304
 44 220 -1.3070 -0.0337 12.4709
 52 220 -0.3670  0.0000 16.1088
 60 220 -0.8677  0.0000 11.1304
 68 220 -5.6949 -0.2733 12.5685
 76 220 -0.5156  0.0000 11.1304
 84 220 -0.4083  0.0000  0.0000
 92 220  0.0000  2.5000  8.8276
100 220 -0.0832  0.3131  9.8462
108 220 -0.0808  0.0000 11.1304
116 220 -0.0831  0.0000 11.1304
124 220 -0.1283  0.0000  0.0000
132 220 -0.1949 -0.2893  7.9785
140 220 -0.1277  0.0000  0.0000
148 220 -0.0348  0.0000 11.1304
156 220  0.0952  0.0000 11.1304
164 220  0.1960  0.0000 11.1304
172 220  0.1807  0.0000 11.1304
180 220  0.0966  0.0000  0.0000
188 220 -0.0099  0.0000  0.0000
196 220 -0.1550  0.0000 11.1304
204 220 -0.3165  0.0000 13.0803
212 220 -0.4700  0.0000  0.0000
220 220 -0.6619  0.0000  0.0000
228 220 -1.0479  0.0000 11.1304
236 220 -1.6345  0.0000  0.0000
244 220 -2.3013  0.0000  0.0000
252 220 -2.7608  0.0000  0.0000
260 220 -2.7058  0.0000 11.1304
268 220 -1.8963  0.0000  0.0000
276 220 -0.4043 -0.4043  8.0000
284 220  0.5000  4.5000  4.0635
292 220 -3.7834  0.0000  8.2581
