VARIABLES= "X pix", "Y pix", "U pix/dt", "V pix/dt", "CHC", ZONE I=28, J=37
  4   4  0.0000  0.0000 10.9708
 12   4  0.0000  0.0000 10.9708
 20   4  0.0000  0.0127 11.0049
 28   4  0.0000  0.0127 11.0049
 36   4  0.0528 -0.0009 10.9264
 44   4  0.0000  0.0321 11.3446
 52   4  0.0000 -0.0127 11.0049
 60   4  0.0000  0.0000 10.9708
 68   4  0.0000  0.0000  9.9884
 76   4  0.0000  0.0000  9.9884
 84   4  0.0124 -0.0477 11.4351
 92   4  0.0418  0.0024 10.9487
100   4 -0.0442 -0.0435 11.5496
108   4  0.0335 -0.0925 11.8119
116   4  0.0000  0.0000 11.0388
124   4  0.0000  0.0000 11.7754
132   4  0.0000  0.0000 11.7754
140   4  0.0000  0.0317 11.2951
148   4  0.0401  0.0113 11.8269
156   4  0.0000  0.0209 11.8613
164   4  0.0000  0.0000 11.8646
172   4  0.0000  0.0000 11.6991
180   4  0.0000  0.0000 11.6974
188   4  0.0000  0.0000 10.9347
196   4  0.0000  0.0000 12.2644
204   4  0.0000  0.0000 11.8601
212   4  0.0614 -0.0105 12.1764
220   4  0.0000  0.0000 13.6938
228   4 -0.0844 -0.0476 10.0643
236   4  0.0855  0.0235  8.7201
244   4  0.0829  0.0419  9.1468
252   4  0.0019 -0.0510 10.5452
260   4  0.0116  0.0129 12.1018
268   4  0.0063  0.0054 12.9588
276   4 -0.0242  0.0173 16.2699
284   4  0.0192  0.0437 13.9581
292   4  0.0000  0.0000 13.2965
  4  12  0.0000  0.0000 15.4411
 12  12  0.0000  0.0000 11.6053
 20  12  0.0000  0.0000 17.0667
 28  12 -0.3697 -0.4400  9.5081
 36  12  0.0000  1.0000  8.8276
 44  12  0.0000 -0.7160 11.4140
 52  12  0.1747 -0.2229  9.4815
 60  12 -0.1089  0.0458  9.3036
 68  12  0.0179  0.1869 10.4933
 76  12  0.0000  0.0000  9.6034
 84  12 -0.0073  0.0048  8.1685
 92  12  0.0000  0.0000  9.2341
100  12  0.0000  0.0000  8.1510
108  12  0.0000  0.0000  7.7916
116  12  0.0000  0.0000  9.0353
124  12  0.0000  0.0971  8.1346
132  12  0.0000  0.1730  8.2244
140  12  0.0000  0.0000  9.0353
148  12  0.0000 -0.1506  9.3475
156  12  0.0000  0.1730  8.2244
164  12  0.0000 -0.1052  8.9908
172  12  0.0000  0.0000  8.3161
180  12 -0.0000  0.0000  9.8651
188  12  0.0000  0.0000  7.4588
196  12  0.0866 -0.0237 10.2327
204  12  0.0000  0.0000 15.2919
212  12  0.0437  0.1105 11.7973
220  12  0.0084  0.0122  9.9679
228  12  0.0000 -0.4504 10.0036
236  12  0.0000 -0.1556 13.2207
244  12 -0.0460  0.5566  9.0718
252  12 -0.0038  0.0108 11.3215
260  12  0.0000  0.0000  8.6726
268  12  0.0000  0.0000  9.9568
276  12  0.0085 -0.0062  7.9541
284  12  0.2507 -0.3314  8.1227
292  12 -0.0466 -0.1431  8.2024
  4  20  0.0036 -0.0045  9.6723
 12  20  0.0038  0.0285  9.3020
 20  20  0.0275 -0.0065 10.1939
 28  20  0.0000 -0.0566  9.6497
 36  20  0.0000 -0.0263  9.7439
 44  20 -0.0763  0.0304 10.3785
 52  20  0.0118  0.0051 10.0938
 60  20  0.0000  0.0457 10.4867
 68  20  0.0000  0.0000 11.1868
 76  20  0.0000  0.0000  9.8994
 84  20 -0.0103  0.0138  8.9811
 92  20  0.0491 -0.0302  8.3983
100  20  0.0209 -0.0410 13.0580
108  20  0.0218  0.0000 11.9550
116  20 -0.0870  0.0375 11.5546
124  20  0.0000  0.0000 11.3457
132  20  0.0000  0.0000 11.3457
140  20  0.0000  0.0000 12.2883
148  20  0.0000  0.0025 12.0003
156  20 -0.0144  0.0239 12.6458
164  20 -0.0397  0.0056 15.3434
172  20 -0.0490 -0.0125 12.6333
180  20 -0.0002 -0.0014 15.7501
188  20  0.0009  0.0030 15.6639
196  20  0.0000  0.0000 21.5876
204  20  0.0000  0.0000 18.7781
212  20  0.0965 -0.0413 21.6260
220  20  0.0000  0.0513  8.5076
228  20 -0.5000  0.0534  8.6927
236  20  0.2538  0.0100 11.8237
244  20  0.0565  0.2315  9.2339
252  20  0.2507 -3.1889  8.0231
260  20 -0.0279  0.0503 13.0956
268  20  0.0224 -0.1164 18.0796
276  20 -0.3879 -0.1913 11.7417
284  20  0.0860  0.0347 17.2094
292  20 -0.0447  0.4023 13.9752
  4  28  0.0000  0.0000 12.4447
 12  28  0.0167 -0.0125 11.2089
 20  28 -0.0038  0.0028 14.4300
 28  28  0.0140  0.0006 12.3027
 36  28 -0.0023 -0.0027 12.2058
 44  28  0.0002  0.0023 10.8173
 52  28  0.0000  0.0000 10.5452
 60  28  0.0000  0.0194 10.8952
 68  28  0.0393  0.0020 10.8115
 76  28  0.0162 -0.0003  9.8614
 84  28  0.0011  0.0000  9.9440
 92  28 -0.0149 -0.0025 10.9870
100  28  0.0004  0.0054 16.9558
108  28  0.0224 -0.0079 10.8484
116  28  0.0096 -0.0053  9.3637
124  28  0.0066  0.0043  9.0740
132  28  0.0000  0.0000  8.8478
140  28 -0.0054  0.0014  9.7990
148  28  0.0033  0.0054 17.1597
156  28 -0.0092 -0.0184 19.5363
164  28  0.0000  0.0000 18.8719
172  28 -0.0622  0.0494 13.4963
180  28  0.0129 -0.0004 10.6347
188  28 -0.0026  0.0040  8.8776
196  28  0.0019  0.0008  9.6050
204  28  0.0016  0.0004 10.2860
212  28 -0.0116 -0.0011 10.1963
220  28 -0.0005 -0.0311  9.7109
228  28 -0.0141  0.0023  9.0846
236  28  0.0161  0.0016  9.6514
244  28  0.0065  0.0031 12.7211
252  28  0.0105 -0.0001 15.8513
260  28 -0.0226 -0.0064 17.9703
268  28 -0.0046 -0.0176 18.5275
276  28 -0.0017  0.0019 12.6786
284  28  0.0042 -0.0034 11.6928
292  28  0.0131 -0.0018 13.0873
  4  36  0.0000  0.0000  7.2455
 12  36 -0.0067 -0.0006  7.5915
 20  36  0.0085 -0.0181  6.5653
 28  36 -0.0031  0.2660  6.2186
 36  36  0.0000  0.0000  7.4083
 44  36  0.0000  0.0000  7.7053
 52  36  0.0000  0.0000 14.6166
 60  36  0.1441  0.0054 12.4768
 68  36 -0.0206  0.0000  9.2423
 76  36  0.0000  0.0000 15.2249
 84  36  0.0000  0.0000 11.7811
 92  36  0.0000  0.0000  9.6671
100  36  0.0000  0.0000  9.9673
108  36  0.0000  0.0000  7.6269
116  36  0.0000  0.0000  6.5049
124  36  0.0977 -0.2777 10.2774
132  36  0.0000  0.0000 11.1304
140  36  0.0000  0.0000 20.4473
148  36 -0.0130  0.0001 11.6064
156  36  0.0379  0.0003 12.3909
164  36  0.0025 -0.0208 10.7554
172  36  0.0046  0.0204 15.8523
180  36 -0.0368  0.0132  8.2236
188  36 -0.0644 -0.0848 12.5509
196  36  0.0833 -0.0021 13.8082
204  36  0.0000  0.0000 12.2348
212  36  0.0000  0.0000 14.0066
220  36  0.0000  0.0000 13.3851
228  36  0.0000 -0.0736  9.7300
236  36  0.0000  0.0000 10.8982
244  36  0.1475 -0.0069 14.5623
252  36  0.0000  0.0000 14.4906
260  36 -0.0543  0.2301 10.3614
268  36  0.0040  0.1149  9.6520
276  36 -0.3204  0.0042  7.6775
284  36 -0.1193 -0.1251 10.4490
292  36  0.0000  0.0000 12.5445
  4  44  0.0000  0.0000 12.1905
 12  44  0.0000  0.0000 11.5903
 20  44  0.0000  0.0000 10.8982
 28  44 -0.1267 -0.1053 13.6739
 36  44  0.0204  0.1123 10.3305
 44  44  0.0000  0.0000  8.9436
 52  44  0.1714  0.0340  7.4105
 60  44  0.0000  0.0000  6.6149
 68  44 -0.3862 -0.0254  6.7623
 76  44  0.0000  0.0000  9.2850
 84  44 -0.1140 -0.1079 19.3902
 92  44  0.0000  0.0000 12.0628
100  44  0.0000  0.0000 11.1304
108  44  0.0000  0.0000  0.0000
116  44  0.0000  0.0000  0.0000
124  44  0.0000  0.0000  0.0000
132  44  0.0000  0.0000  0.0000
140  44  0.0000  0.0000 22.2609
148  44  0.0082 -0.0004 11.5790
156  44 -0.0014  0.0156 20.4432
164  44 -0.0255 -0.0003 16.0445
172  44 -0.0058 -0.0136 16.2318
180  44  0.0322 -0.0857  6.1325
188  44  0.0000  0.0000  0.0000
196  44 -0.0983  0.0819  8.3584
204  44  0.0000  0.0000  9.0758
212  44  0.0000  0.0000  9.6034
220  44  0.0000  0.0000 10.3341
228  44 -0.0255  0.1352 10.4918
236  44  0.0000  0.0000 13.0603
244  44 -0.0996  0.0479 16.8479
252  44 -0.0977 -0.0446 12.8722
260  44  0.0000  0.0000 10.8982
268  44  0.0577  0.0184 11.4570
276  44  0.1527 -0.0734  8.7375
284  44 -0.0784 -0.0053  9.9775
292  44 -0.0815  0.0268 11.2261
  4  52 -0.0279 -0.0773  9.0436
 12  52  0.0000  0.0000  8.3451
 20  52 -0.4372 -0.3497  9.7310
 28  52  0.1858  2.4207 10.3584
 36  52  0.0000  0.0000  0.0000
 44  52  0.0000  0.0000  0.0000
 52  52  0.0000  0.0000  0.0000
 60  52  0.0000  0.0000  0.0000
 68  52  0.0000  0.0000  0.0000
 76  52  0.0000  0.0000  0.0000
 84  52 -0.0418 -0.1521 12.6567
 92  52  0.0000  0.0000 16.1088
100  52  0.1788  0.0170 14.2824
108  52  0.0000  0.0000 11.1304
116  52  0.0000  0.0000  0.0000
124  52  0.0000  0.0000  0.0000
132  52  0.0000  0.0000  0.0000
140  52  0.0777 -0.0197  5.5705
148  52  0.0000  0.0000  9.1204
156  52  0.0000  0.0000  8.8311
164  52  0.0000  0.0000  7.8924
172  52 -0.0093  0.0043  8.5214
180  52  0.0680  0.0838  6.1744
188  52  0.0000  0.0000 11.0903
196  52 -0.3329 -0.0842  7.1879
204  52  0.0000  0.0000  7.3911
212  52  0.0000  0.0000  6.8970
220  52  0.0000  0.0000  8.7453
228  52 -0.0408  0.1482 11.0029
236  52 -0.0040 -0.0091 10.5323
244  52 -0.0644  0.0543 16.4803
252  52 -0.0131 -0.0090  8.4516
260  52  0.0000  0.0000 10.7789
268  52  0.0169  0.1142 11.0542
276  52  0.0185  0.0097  9.4980
284  52  0.0000  0.0000 10.4446
292  52  0.1245 -0.3295 11.4270
  4  60  0.1332 -0.9929 13.0446
 12  60 -0.2272 -0.0241 12.9826
 20  60  0.0000  0.0000  0.0000
 28  60  0.0000  2.5000  8.8276
 36  60  0.0000  0.0000 11.1304
 44  60  0.0000  0.0000 11.1304
 52  60  0.0000  0.0000 11.1304
 60  60  0.0000  0.0000 11.1304
 68  60  0.0000  0.0000  0.0000
 76  60  0.0000  0.0000 11.1304
 84  60  0.0000  0.0000  8.0000
 92  60 -0.3099  0.0977 10.2237
100  60 -0.0921  0.0287 13.5613
108  60  0.0000  0.0000 13.3565
116  60  0.0000  0.0000 11.5903
124  60 -0.2907 -0.0403 10.5761
132  60 -0.0182  0.0134  9.7149
140  60  2.3911 -0.1581 10.3409
148  60 -0.2898  0.0051 15.5708
156  60 -0.0272 -0.0238 11.1899
164  60 -0.5000  0.0000  8.8276
172  60  0.0106 -0.2977 13.5072
180  60  0.0000  0.0000  8.2581
188  60  0.0000  0.0000  0.0000
196  60  0.0000  0.0000  0.0000
204  60  0.0000  0.0000  0.0000
212  60  0.0000  0.0000  0.0000
220  60  0.0000  0.0000  0.0000
228  60  0.0000  0.0000  0.0000
236  60  0.0000  0.0000  0.0000
244  60  0.0000  0.0000  7.8087
252  60  0.0000  0.0000 16.6956
260  60  0.0000  0.0000 16.1088
268  60 -0.0569  0.0000 12.3223
276  60  0.0000  0.0000 12.5445
284  60  0.1698  0.0983  7.0249
292  60 -0.0325 -0.0500 12.5563
  4  68  0.0000  0.0000  0.0000
 12  68  0.0000  0.0000 11.1304
 20  68  0.0000  0.0000 11.1304
 28  68  0.0000  0.0000  0.0000
 36  68  0.0000  0.0000 11.1304
 44  68  0.0000  0.0000 11.1304
 52  68  0.0000  0.0000  8.2581
 60  68 -0.1546  0.0660 18.6254
 68  68  0.0000  0.0000 16.1088
 76  68  0.1008 -0.0203 15.0811
 84  68 -0.1096 -0.1496  8.6211
 92  68 -0.0275 -0.0751 11.1120
100  68 -0.2377  0.0586  7.2489
108  68  0.0000  0.0000 13.3565
116  68  2.5000  0.1588 10.5785
124  68  0.0000  0.0000 16.1088
132  68  0.0000  0.0000 11.1304
140  68  0.0000  0.0000 16.1088
148  68  0.0755 -0.0653 11.8819
156  68 -0.1063  0.0000  6.9728
164  68 -0.5000  4.5000  4.0635
172  68  2.5000  0.0000  8.8276
180  68 -0.4681  0.0000  9.5738
188  68  0.0000  0.0000 22.2609
196  68  0.0000  0.0000  0.0000
204  68  0.0000  0.0000 11.1304
212  68  0.0000  0.0000 11.1304
220  68  0.0000  0.0000  0.0000
228  68  0.0000  0.0000  0.0000
236  68  2.5000  0.0000  8.8276
244  68  0.0000  0.0000  0.0000
252  68  0.0000  0.0000 12.0455
260  68  1.5000  0.0819  7.7576
268  68  0.0000 -0.0618 14.2009
276  68 -0.1276 -0.2083 10.9988
284  68  0.0000  0.0000 16.1088
292  68 -0.1841 -0.0418 12.3683
  4  76  0.0000  0.0000  0.0000
 12  76  0.0000  0.0000 11.1304
 20  76  0.0000  0.0000 16.1088
 28  76  0.0000  0.0000  0.0000
 36  76  0.0000  0.0000 11.1304
 44  76  0.0105 -0.1914 13.2414
 52  76  0.0000  0.0000  7.3911
 60  76  0.0204  0.2608 11.9070
 68  76  0.0495  0.0668  9.1850
 76  76  0.0000  0.0000 13.6349
 84  76  0.0000  0.0000 24.4618
 92  76  0.0000  0.0000  0.0000
100  76  0.0000  0.0000  0.0000
108  76  0.0000  0.0000 11.1304
116  76  0.0814  0.0408 10.4315
124  76  0.1113 -1.6014 11.9803
132  76  0.3487 -0.0786  7.3143
140  76 -0.2875  0.1417 10.3838
148  76  0.0000  0.0000 11.1304
156  76  0.0000  0.0000  0.0000
164  76  0.0000  0.0000  0.0000
172  76  0.0000  0.0000  0.0000
180  76  0.0000 -0.5000  8.8276
188  76  0.0000  0.0000 11.1304
196  76  0.0000  0.0000  0.0000
204  76  0.0000  0.0000  0.0000
212  76  0.0000  0.0000  0.0000
220  76  0.0000  0.0000  0.0000
228  76  0.0000  0.0000  0.0000
236  76  0.0000  0.0000 11.1304
244  76  0.0000  0.0000  0.0000
252  76  0.0000  0.0000 11.1304
260  76  0.0000  0.0000  0.0000
268  76  0.0000  0.0000  0.0000
276  76  0.0000  0.0000 11.1304
284  76  0.0000  0.0000 11.9011
292  76 -0.1841 -0.0418 12.3683
  4  84  0.0000  0.0000 11.1304
 12  84  0.0000  0.0000  0.0000
 20  84 -0.2080  0.2715 12.3107
 28  84  0.0000  0.0000 16.1088
 36  84  0.1012 -0.0458 14.0274
 44  84  0.0000  0.0000  9.5200
 52  84  0.0000  0.0000 12.2313
 60  84 -1.0481  1.0481  6.7849
 68  84  0.1146  0.0101 17.4161
 76  84  0.0000  0.0000 20.7059
 84  84  0.0000  0.0000 18.8048
 92  84  0.0000  0.0000  0.0000
100  84  0.0000  0.0000  0.0000
108  84  0.0000  0.0000 11.1304
116  84  0.0000  0.0000 11.1304
124  84  0.0000  0.0000  8.4768
132  84  0.0000  0.0000 16.1088
140  84  0.0000  0.0000 12.0455
148  84  0.0000  0.0000 11.9011
156  84  0.0000  0.0000 13.5576
164  84  0.0000  0.1960 11.1304
172  84  0.0000  0.0000 16.1088
180  84  0.0000  0.0000  0.0000
188  84  0.0000  0.0000  0.0000
196  84  0.0000  0.0000 11.1304
204  84  0.0000  0.0000  0.0000
212  84  0.0000  0.0000  0.0000
220  84  0.0000  0.0000  0.0000
228  84  0.0000  0.0000  0.0000
236  84  0.0000  0.0000 11.1304
244  84  0.0000  0.0000 16.1088
252  84  0.0000  0.0000 11.1304
260  84  0.0000  0.0000  0.0000
268  84  0.0000  0.0000  0.0000
276  84  0.0000  0.0000 11.1304
284  84  0.0000  0.0000 11.1304
292  84  4.5000  4.5000  4.0635
  4  92 -0.2508  0.0156 14.5049
 12  92 -0.0417 -0.1134  7.3143
 20  92  0.0000  0.0000  0.0000
 28  92 -0.0854 -0.0638 20.9591
 36  92  0.0000  0.0000  9.4948
 44  92  0.0000  0.0000 20.7059
 52  92  0.0152  0.0197 12.1354
 60  92 -0.1930  0.1867 15.3090
 68  92  0.0000  0.0000 11.1304
 76  92  0.0000  0.0000  9.5632
 84  92  0.0000  0.0000 10.9491
 92  92  0.0000  0.0000 11.1304
100  92  0.0000  0.0000 12.8600
108  92 -0.0545  0.0652 12.4746
116  92  0.0000  0.0000  0.0000
124  92  0.0000  0.0000  0.0000
132  92  0.1113  1.6014 11.9803
140  92  0.4043  0.4043  8.0000
148  92  0.0000  0.0000  0.0000
156  92  0.0000  0.0000  8.4768
164  92  0.0000  0.0000  0.0000
172  92  0.0000  0.0000  0.0000
180  92  0.0000  0.0000  0.0000
188  92  0.0000  0.0000 11.1304
196  92  0.0000  0.0000  0.0000
204  92  0.0000  0.0000 16.1088
212  92 -0.1960 -0.5000 11.1304
220  92  0.0000  0.0000 16.1088
228  92  0.0000  0.0000 16.1088
236  92  0.0000  0.0000 11.1304
244  92  0.0000 -0.5000  8.8276
252  92  0.0000  0.0000  0.0000
260  92  0.0000  0.0000  0.0000
268  92  0.0000  0.0000  0.0000
276  92  0.0000  0.0000  0.0000
284  92  0.0000  0.0000  0.0000
292  92  0.0000  0.0000  0.0000
  4 100  0.0000  0.0000 20.7059
 12 100  0.0000  0.0000  0.0000
 20 100  0.0102  0.1087 19.3509
 28 100  0.0000  0.0000  8.0000
 36 100  0.0000  0.0000  8.0000
 44 100  0.0774 -0.2273 15.8835
 52 100  0.0000  0.0000 24.3712
 60 100  0.0000  0.0000 16.6957
 68 100  0.0000  0.0000 10.4446
 76 100  0.0000  0.0000 17.0667
 84 100  0.0000  0.0000 11.1304
 92 100  0.0000  0.0000 11.9011
100 100  0.0000  0.0000  0.0000
108 100 -0.6901 -0.2012  7.4619
116 100  2.5000  0.0000  8.8276
124 100  0.0000  0.0000 11.1304
132 100 -0.0218  0.2266 12.8350
140 100  0.0000  0.0000 11.1304
148 100  0.0000  0.0000  0.0000
156 100  0.2780 -0.1270 13.3759
164 100  0.0000  0.0000 11.1304
172 100  0.0000  0.0000 11.1304
180 100  2.5000  0.0000  8.8276
188 100  0.0000  0.0000 11.1304
196 100  0.0000  0.0000 11.1304
204 100 -0.5000  0.0000  8.8276
212 100  0.0000  0.0000 16.1088
220 100  0.0000  0.0000 11.1304
228 100  0.0000  0.0000  0.0000
236 100  0.0000  0.0000 16.1088
244 100  0.0000  0.0000 16.1088
252 100  0.0000  0.0000 16.1088
260 100  0.0000  4.5000  4.0635
268 100  0.0000  0.0000 11.1304
276 100  0.0000  0.0000 11.1304
284 100  0.0000  0.0000 11.1304
292 100  0.0000 -0.5000  8.8276
  4 108  0.0000  0.0000 19.4783
 12 108 -0.2761 -0.0806  9.3746
 20 108  0.0000  0.0000 17.0667
 28 108 -0.5000  0.0448  8.9013
 36 108  0.1305 -0.0669 17.8865
 44 108  2.5000  0.0000  8.8276
 52 108 -1.3110  0.5623 10.0183
 60 108  0.0000  0.0000 20.7059
 68 108 -0.1213 -0.5000 10.8245
 76 108  0.0000  0.0000 11.1304
 84 108  0.0000  0.0000 11.1304
 92 108  0.0000  0.0000  0.0000
100 108  0.0000  0.0000  0.0000
108 108  0.0000  0.0000 11.1304
116 108  0.2368 -0.0638  9.9923
124 108  0.0124  0.0308  6.9507
132 108  0.0000  0.0000  8.2202
140 108  0.0000  0.0000 11.1304
148 108  0.0000  0.0000  0.0000
156 108  0.5000  0.0000 11.1304
164 108  0.0000  0.0000  0.0000
172 108 -0.5000  0.0000 11.1304
180 108  0.0000  2.5000  8.8276
188 108  0.0000  0.0000  0.0000
196 108  0.0000  0.0000 11.1304
204 108  0.0000  0.0000  0.0000
212 108  0.0000  0.0000 16.1088
220 108  0.0000  2.5000  8.8276
228 108  0.0000  0.0000  0.0000
236 108  0.0000  0.0000  0.0000
244 108  0.0000  0.0000  0.0000
252 108  0.0000  0.0000 16.1088
260 108  0.0000  0.0000 16.1088
268 108  0.0000  0.0000  0.0000
276 108  0.0000  0.0000  0.0000
284 108  0.0000  0.0000 16.1088
292 108  0.0000  0.0000 11.1304
  4 116  0.3878  0.0763  7.5294
 12 116  0.0000  0.2513  9.3555
 20 116  0.1841 -0.0418 12.3683
 28 116  0.0000  0.0000  0.0000
 36 116  0.0000  0.0000  0.0000
 44 116  0.0000  0.0000  0.0000
 52 116  0.0000  0.0000 11.1304
 60 116  0.0000  0.0000 12.0628
 68 116 -0.2761 -0.0806  9.3746
 76 116 -0.5000  0.0000  8.8276
 84 116  0.0000  0.0000 11.1304
 92 116  0.0000  0.0000 11.1304
100 116  0.0000  0.0000 11.1304
108 116  0.0000  0.0000 11.1304
116 116  0.0000  0.0000  9.2086
124 116  0.0000  0.0000  7.4335
132 116  0.0000  0.0000 11.9011
140 116  0.0000  0.0000 12.0628
148 116  0.0000  0.0000 11.1304
156 116  0.0000  0.0000  0.0000
164 116  0.0000  0.0000  0.0000
172 116  0.0000  0.0000 16.1088
180 116  0.0000  0.0000  0.0000
188 116  0.0000  0.0000 16.1088
196 116  2.0761  0.1459 14.3598
204 116  0.0000  0.0000 16.1088
212 116  0.0000  0.0000  0.0000
220 116  0.0000  0.0000 11.1304
228 116  0.0000  0.0000  0.0000
236 116  0.0000  0.0000  0.0000
244 116  0.0000  0.0000  0.0000
252 116  0.0000 -0.5000  8.8276
260 116  0.0000  0.0000 16.1088
268 116  0.1151 -0.1151 16.5161
276 116  0.0000  0.0000  0.0000
284 116  0.0000  0.0000 11.1304
292 116  0.0000  0.0000 11.1304
  4 124  0.0000  0.0000  0.0000
 12 124  0.0000  0.0000 11.1304
 20 124  0.0000  0.0000  0.0000
 28 124  0.0000  0.0000  0.0000
 36 124  0.0000 -0.5000  8.8276
 44 124 -0.5000 -0.1588 10.5785
 52 124 -0.2008 -0.0390 10.2753
 60 124  0.0000  0.0000  0.0000
 68 124  0.0000  0.0000  0.0000
 76 124  0.0000  2.5000  8.8276
 84 124  0.1981 -0.2330 13.3504
 92 124 -0.5000  0.0203 12.4022
100 124  0.0000  0.0000 11.1304
108 124  0.0000  0.0000  0.0000
116 124  0.0000  0.0000 11.1304
124 124  0.0000  0.0000  0.0000
132 124  0.0000  0.0000 11.1304
140 124  0.0000  0.0000 11.1304
148 124  0.0000  0.0000  0.0000
156 124  0.0000  0.0000  0.0000
164 124  0.0000  0.0000  0.0000
172 124  0.0000  0.0000 11.1304
180 124  0.0000  0.0000  0.0000
188 124  0.2780  0.1270 13.3759
196 124  2.5000  0.1588 10.5785
204 124  0.0000 -0.5000  8.8276
212 124  0.0000  0.0000 19.1045
220 124  0.0000 -0.5000  8.8276
228 124  0.0000  0.0000 16.1088
236 124  0.0000  0.0000  0.0000
244 124  0.0000  0.0000  0.0000
252 124  0.0000  0.0000 11.1304
260 124  0.0000  0.0000  0.0000
268 124  0.0000  0.0000 12.0455
276 124  0.0000  0.0000 16.1088
284 124  0.0000  0.0000  0.0000
292 124  0.0000  0.0000 11.1304
  4 132  0.5000  4.5000  4.0635
 12 132  0.0000  0.0000  0.0000
 20 132  0.3468  2.5000 10.2045
 28 132  0.0000  0.0000  0.0000
 36 132  0.0000  0.0000  0.0000
 44 132  0.0000  0.0000 12.0455
 52 132  0.0000  0.0000  0.0000
 60 132  0.0000  0.0000  0.0000
 68 132  0.0000  0.0000  0.0000
 76 132  0.0000  0.0000 11.1304
 84 132  0.2611  0.1783  7.6338
 92 132  0.0000  0.0000 10.1191
100 132  0.0000  0.0000  0.0000
108 132  0.0000  0.0000  0.0000
116 132  0.0000  0.0000 11.1304
124 132  0.2414  0.0000 11.1304
132 132  0.0000  0.0000  0.0000
140 132  0.0000  0.0000  0.0000
148 132  0.0000  0.0000  0.0000
156 132  0.0000  0.0000 11.1304
164 132  0.0000  0.0000  0.0000
172 132  0.0000  0.0000 11.1304
180 132  0.0000  0.0000 16.6956
188 132  0.0000  0.0000  0.0000
196 132  0.0000  0.0000  0.0000
204 132  0.0000  0.0000  0.0000
212 132  0.3309  0.0637  7.1846
220 132  0.0000  0.0000 11.1304
228 132  0.0696 -0.0812 10.9765
236 132 -0.1960 -0.5000 11.1304
244 132  0.0000  0.0000 11.1304
252 132  0.0000  0.0000 11.1304
260 132  0.0000  0.0000  0.0000
268 132  1.3070  0.0337 12.4709
276 132  0.0000  0.0000  0.0000
284 132  0.0000  0.0000 11.1304
292 132  0.0000  0.0000  0.0000
  4 140  0.0000  0.0000 16.1088
 12 140  0.0000  0.0000  0.0000
 20 140  0.0000  0.0000  0.0000
 28 140  0.0000  0.0000  0.0000
 36 140  0.0000  0.0000 21.6135
 44 140  0.0000  0.0000  8.0000
 52 140  2.5000  0.0000  8.8276
 60 140  0.0000  0.0000 11.1304
 68 140  0.0000  0.0000  0.0000
 76 140  0.0000  0.0000 13.0803
 84 140  0.0000  0.0000 10.9491
 92 140  0.0000  0.0000 16.1088
100 140  0.0000  0.0000  0.0000
108 140  0.0000  0.0000 11.1304
116 140  0.0000  0.0000  0.0000
124 140  0.0000  0.0000  0.0000
132 140  0.0000  0.0000  0.0000
140 140  0.0000  0.0000  0.0000
148 140  0.0000  0.0000  0.0000
156 140  0.0000  0.0000 11.1304
164 140  0.0000  0.0000  0.0000
172 140  0.0000  0.0000  0.0000
180 140  0.0000  0.0000 12.0628
188 140  0.0000  0.0000  0.0000
196 140  0.0000  0.0000  0.0000
204 140  0.0000  0.0000 11.1304
212 140  0.1151 -0.1151 16.5161
220 140  0.0000  0.0000  0.0000
228 140  0.0000  0.0000  0.0000
236 140  0.0000  0.0000 16.1088
244 140  0.0000  0.0000 11.1304
252 140  0.0000  0.0000 11.1304
260 140  0.0000  0.0000 12.0628
268 140  0.0000  0.0000 16.1088
276 140  0.0000  0.0000 11.1304
284 140  0.0000  0.0000 11.1304
292 140  0.0000  0.0000  0.0000
  4 148  0.0000  0.0000  0.0000
 12 148  0.0000  0.0000  0.0000
 20 148  0.0000  0.0000  0.0000
 28 148 -0.1960 -0.5000 11.1304
 36 148  0.4130 -0.3679  7.6027
 44 148  0.0000  0.0000  0.0000
 52 148  0.0000  0.0000 11.1304
 60 148  0.0000  0.0000  0.0000
 68 148  0.0000  0.0000  0.0000
 76 148 -2.9399  4.0000  8.2581
 84 148  0.1841 -0.0418 12.3683
 92 148  0.0000  0.0000  0.0000
100 148  0.0000  0.0000  0.0000
108 148  0.0000  0.0000  0.0000
116 148  0.0000  0.0000 11.1304
124 148 -1.3099 -0.0836 13.7096
132 148 -0.2136 -0.2159 14.8252
140 148  0.0000  0.0000  0.0000
148 148  0.0000  0.0000 19.1045
156 148 -0.0138  0.2082 12.3423
164 148  0.0000  0.0000 11.1304
172 148     NaN  5.1203  5.4468
180 148  0.0000  0.0000 16.6956
188 148  0.0000  0.0000  0.0000
196 148 -0.5000  0.0000  8.8276
204 148  0.0000  0.0000 11.1304
212 148  0.0000 -0.5000  8.8276
220 148  0.0000  0.0000  0.0000
228 148  0.0000  0.0000  0.0000
236 148  4.5000  4.5000  4.0635
244 148  0.0000  0.0000 11.1304
252 148  0.0000  0.0000  0.0000
260 148  0.0000  0.0000 11.1304
268 148  0.0000  0.0000 11.1304
276 148  0.0000  0.0000 11.1304
284 148  0.0000  0.0000  0.0000
292 148  0.0000  0.0000  0.0000
  4 156  0.0000  0.0000  0.0000
 12 156  0.0000  0.0000  0.0000
 20 156  0.0000  0.0000  0.0000
 28 156  0.0000  0.0000 11.1304
 36 156  0.0000  0.0000 16.1088
 44 156  0.0000  0.0000  0.0000
 52 156  0.0000  0.0000  0.0000
 60 156  0.0000  0.0000  0.0000
 68 156  0.0000  0.0000 12.0455
 76 156  0.0000  0.0000 16.1088
 84 156  0.0000  0.0000 16.1088
 92 156  0.0000  0.0000  0.0000
100 156  0.0000  0.0000  0.0000
108 156  0.0000  0.0000  0.0000
116 156  0.0000  0.0000 16.1088
124 156  0.0000  0.0000 16.1088
132 156  0.0000  0.0000 12.0628
140 156  0.0000  0.0000  0.0000
148 156  0.0000  0.0000 13.0803
156 156 -0.1469  0.0000 10.3584
164 156  0.0000  0.0000 16.1088
172 156  0.0000  0.0000  0.0000
180 156 -0.0698  0.2911 10.5124
188 156 -2.5000  0.0000 11.1304
196 156  0.0000  0.0000  8.4768
204 156  0.0000  0.0000  0.0000
212 156  0.0000  0.0000  0.0000
220 156  0.0000  0.0000  0.0000
228 156  0.0000  0.0000  0.0000
236 156  0.0000  0.0000  0.0000
244 156  0.0000  0.0000  0.0000
252 156  0.0000  0.0000  0.0000
260 156  0.0000  0.0000 11.1304
268 156  0.0000  0.0000 11.1304
276 156  0.0000  0.0000  0.0000
284 156  0.0000  0.0000  0.0000
292 156  0.0000  0.0000  0.0000
  4 164  0.0000  0.0000 11.1304
 12 164  0.0000  0.0000  0.0000
 20 164  0.0000  0.0000  0.0000
 28 164  0.0000  0.0000 11.1304
 36 164 -0.0698  0.2911 10.5124
 44 164  0.0000  0.0000  0.0000
 52 164  0.0000  0.0000  0.0000
 60 164  2.5000  0.0000  8.8276
 68 164  0.1353 -0.1326  7.3628
 76 164  0.0000 -0.5000  8.8276
 84 164  0.0000  0.0000  0.0000
 92 164  0.0000  0.0000  0.0000
100 164  0.0000  0.0000  0.0000
108 164  0.0000 -0.5000  8.8276
116 164  0.0000  0.0000 16.1088
124 164  0.0000  0.0000  0.0000
132 164  0.0000  0.0000 12.0628
140 164  0.0000  0.0000  0.0000
148 164 -0.0869  0.0000 13.6426
156 164  0.0000  0.0000  9.2850
164 164  0.0000  0.0000 10.3926
172 164  0.0000  0.0000 16.1088
180 164  0.0000  0.0000 22.2609
188 164  0.0000 -0.5000  8.8276
196 164  0.0000  0.0000  0.0000
204 164  0.0000  0.0000  0.0000
212 164  2.5000  0.0000  8.8276
220 164  0.0000  0.0000  0.0000
228 164  0.0000  0.0000  0.0000
236 164  0.0000  0.0000  0.0000
244 164  0.0000  0.0000  0.0000
252 164  0.0000  0.0000 11.1304
260 164  0.0000  0.0000  0.0000
268 164  0.0000  0.0000  0.0000
276 164  0.0000  0.0000  0.0000
284 164  0.0000  0.0000  0.0000
292 164  0.0000  0.0000  0.0000
  4 172  0.0000  0.0000 11.1304
 12 172  0.0000  0.0000  0.0000
 20 172  0.0000  0.0000 11.1304
 28 172 -0.1113 -1.6014 11.9803
 36 172  0.0000  0.0000 11.1304
 44 172  0.0000  0.0000  0.0000
 52 172  0.0000  0.0000  0.0000
 60 172  0.0000  0.0000 12.0455
 68 172 -0.2769 -0.0575 10.2185
 76 172  0.0000  0.0000  0.0000
 84 172  0.0000  0.0000  0.0000
 92 172  0.0000  0.0000  0.0000
100 172  0.0000  0.0000  0.0000
108 172  0.0000  0.0000 12.0455
116 172  0.0000  0.0000 16.1088
124 172  0.0000  0.0000  0.0000
132 172  0.0418 -0.1521 12.6567
140 172  0.0000  0.0000  0.0000
148 172  0.0000  0.0000 11.1304
156 172 -0.5000 -0.0203 12.4022
164 172  0.0000  0.0000 12.0628
172 172  0.0000  0.0000 11.1304
180 172  2.5000  0.0000  8.8276
188 172  0.0000 -0.5000  8.8276
196 172  0.0000  2.5000  8.8276
204 172  0.0000  0.0000  0.0000
212 172  0.0000  0.0000  0.0000
220 172  0.0000  0.0000  0.0000
228 172  0.0000  0.0000  0.0000
236 172  0.0000  0.0000  0.0000
244 172  0.0000  0.0000 11.1304
252 172  0.0000  0.0000  0.0000
260 172  0.0000  0.0000 11.1304
268 172  0.0000  0.0000  0.0000
276 172  0.0000  0.0000  0.0000
284 172  0.0000  0.0000  0.0000
292 172  0.0000  0.0000  0.0000
  4 180  0.0000  0.0000  0.0000
 12 180  0.0000  0.0000  0.0000
 20 180  0.0000  0.0000 11.1304
 28 180  0.0000  0.0000 11.1304
 36 180  2.8274 -0.3035  7.6077
 44 180  0.0083  0.0000  9.7965
 52 180  0.0000  0.0000 12.0455
 60 180  0.0000  0.0000 17.0667
 68 180  0.0000  0.0000 13.3565
 76 180  0.0000  0.0000  0.0000
 84 180  0.0000  0.0000  0.0000
 92 180  0.0000  0.0000  0.0000
100 180  0.0000  0.0000 11.1304
108 180 -0.0698  0.2911 10.5124
116 180  0.0000  0.0000 17.0667
124 180  0.0000 -0.5000  8.8276
132 180  0.0000  0.0000  0.0000
140 180  0.0000  0.0000  0.0000
148 180  0.0000  0.0000 11.1304
156 180  0.0000  0.0000  0.0000
164 180  0.0000  0.0000 11.1304
172 180  0.0000  0.0000  0.0000
180 180  0.0000  0.0000  0.0000
188 180  0.0000  0.0000 11.1304
196 180  0.0000  0.0000  0.0000
204 180  0.0000  0.0000  0.0000
212 180  0.0000  0.0000  0.0000
220 180  0.0000  0.0000 11.1304
228 180  0.0000  0.0000  0.0000
236 180  0.0000  0.0000  0.0000
244 180  0.0000  0.0000  0.0000
252 180  0.0000  0.0000  0.0000
260 180  0.0000  0.0000  0.0000
268 180  0.0000  0.0000  0.0000
276 180  0.0000  0.0000  0.0000
284 180  0.0000  0.0000  0.0000
292 180  0.0000  0.0000 16.1088
  4 188  0.0000  0.0000  0.0000
 12 188  0.0000 -0.5000  8.8276
 20 188  0.4681  0.0000  9.5738
 28 188  0.0000  0.0000 16.1088
 36 188 -0.0035  0.0763  9.4815
 44 188 -0.0375 -0.0648 11.3102
 52 188  0.0000  0.0000 10.1191
 60 188  0.0000  0.0000 11.1304
 68 188  0.1960  0.0000 11.1304
 76 188  0.0000  0.0000  0.0000
 84 188  0.0000  0.0000  0.0000
 92 188  0.0000  0.0000 11.1304
100 188 -0.2780  0.1270 13.3759
108 188  0.1399 -0.0593  7.3827
116 188  0.0000  0.0000  0.0000
124 188  0.0000  0.0000 11.1304
132 188  0.0000  0.0000 16.1088
140 188  0.0000  0.0000  0.0000
148 188  0.0000  0.0000 22.2609
156 188  0.0000  0.0000 19.4783
164 188  0.0000  0.0000  0.0000
172 188  0.0000  0.0000  0.0000
180 188  0.0000  0.0000  0.0000
188 188  0.0000  0.0000 11.1304
196 188  0.0000  0.0000 19.1045
204 188  0.0000  0.0000 16.1088
212 188  0.0000  0.0000  0.0000
220 188  0.0000  0.0000  0.0000
228 188  0.0000  0.0000  0.0000
236 188  0.0000  0.0000  0.0000
244 188  0.0000  0.0000  0.0000
252 188  0.0000  0.0000  0.0000
260 188 -0.5000 -0.5000  4.0635
268 188  0.0000  0.0000  0.0000
276 188  0.0000  0.0000  0.0000
284 188  0.0000  0.0000  0.0000
292 188  0.0000  0.0000 11.1304
  4 196  0.0000  2.5000  8.8276
 12 196  0.0000  0.0000 11.1304
 20 196  0.0000  2.5000  8.8276
 28 196  0.0000  0.0000  0.0000
 36 196  0.0000  0.0000  8.5217
 44 196 -0.0108  0.1590 10.6949
 52 196  0.0000  0.0000  8.8276
 60 196  0.0418 -0.1521 12.6567
 68 196  0.0000  2.5000  8.8276
 76 196  0.0000  0.0000  0.0000
 84 196  0.0000  0.0000  0.0000
 92 196  0.0000  0.0000  0.0000
100 196 -0.5000  0.0000 11.1304
108 196  0.0000  0.0000 11.1304
116 196  0.0000  0.0000  0.0000
124 196  0.0000  2.5000  8.8276
132 196  0.0418 -0.1521 12.6567
140 196  0.0000  0.0000  0.0000
148 196  0.0000  0.0000 16.1088
156 196  0.0000  0.0000  0.0000
164 196  0.0000  0.0000  0.0000
172 196  0.0000  0.0000  0.0000
180 196  0.0000  0.0000  0.0000
188 196  0.0000  0.0000 16.1088
196 196  0.0000  0.0000 11.1304
204 196  0.0000  0.0000 11.1304
212 196  0.0000  0.0000  0.0000
220 196  0.0000  0.0000 11.1304
228 196  0.0000  0.0000  0.0000
236 196  0.0000  0.0000  0.0000
244 196  0.0000  0.0000  0.0000
252 196  0.0000 -0.5000  8.8276
260 196  0.0000  0.0000 12.0628
268 196  0.0000  0.0000  0.0000
276 196  0.0000  0.0000  0.0000
284 196  0.0000 -0.5000 11.1304
292 196  0.0000  0.0000  0.0000
  4 204  0.0000  0.0000 11.1304
 12 204  0.0000  0.0000  0.0000
 20 204 -0.5000  0.0000 11.1304
 28 204  0.0000  0.0000 11.1304
 36 204  0.0418 -0.1521 12.6567
 44 204 -0.4256 -0.1293  7.2484
 52 204  0.0755 -0.0653 11.8819
 60 204  0.0000  0.0000 16.1088
 68 204  0.0000  0.0000  0.0000
 76 204  0.0000  0.0000 11.1304
 84 204  0.0000  0.0000 11.1304
 92 204 -0.5000  0.0000  8.8276
100 204  0.0000  0.0000 11.1304
108 204  0.0000  0.0000 11.1304
116 204  0.0000  0.0000 17.0667
124 204  0.0000  0.0000 11.1304
132 204 -0.2730  0.0000 10.6474
140 204  0.0000  0.0000 13.5576
148 204  0.0000  0.0000 11.1304
156 204 -0.0378  0.0868 15.2803
164 204  0.0000  0.0000 11.9011
172 204  0.0000  0.0000 11.1304
180 204  0.0000  0.0000  0.0000
188 204  0.0000  0.0000 11.1304
196 204  0.0000  0.0000 11.1304
204 204  0.0000  0.0000  0.0000
212 204  0.0000  0.0000  0.0000
220 204  0.0000  0.0000  0.0000
228 204  0.0000  0.0000  0.0000
236 204  0.0000  0.0000  0.0000
244 204  0.0000  0.0000 11.1304
252 204 -0.5000  4.5000  4.0635
260 204 -0.3577 -0.5000 13.4737
268 204  0.0000  0.0000 11.1304
276 204  0.0000  0.0000 16.1088
284 204  0.0000  0.0000 11.1304
292 204  0.0000  0.0000  0.0000
  4 212 -0.5000  0.0000 11.1304
 12 212  0.0000  0.0000 19.1045
 20 212 -0.5000  0.1588 10.5785
 28 212  0.0000  0.0000 11.1304
 36 212 -0.0832 -0.3131  9.8462
 44 212  0.0000  0.0000 11.1304
 52 212  0.0000  0.0000 16.1088
 60 212  0.0000  0.0000  0.0000
 68 212  0.0000  0.0000  0.0000
 76 212  0.0000  0.0000  0.0000
 84 212  0.0000  0.0000  0.0000
 92 212  0.0000  0.0000  0.0000
100 212  0.5000  0.0000  6.5641
108 212  0.0000  0.0000 12.0628
116 212  0.0000  0.0000  0.0000
124 212  0.0000  0.0000 11.1304
132 212 -0.2070  0.2367 10.3034
140 212  0.0000  0.0000  0.0000
148 212  0.0000  0.0000 11.1304
156 212  0.0000  0.0000 12.0455
164 212 -0.1960  0.0000 11.1304
172 212  0.0000  0.0000 11.1304
180 212  0.0000  0.0000 11.1304
188 212  0.0000  0.0000 11.1304
196 212  0.0000  0.0000 11.1304
204 212  0.0000  0.0000  0.0000
212 212  0.0000  0.0000  0.0000
220 212  0.0000  0.0000  0.0000
228 212  0.0000  0.0000  0.0000
236 212  0.0000  0.0000  0.0000
244 212  0.0000  0.0000  0.0000
252 212  0.0000  0.0000  0.0000
260 212  0.0000  0.0000  0.0000
268 212  0.0000  0.0000  0.0000
276 212  0.0000  0.0000  0.0000
284 212  0.0000  0.0000 11.1304
292 212  0.0000  0.0000 11.1304
  4 220  0.0000  0.0000  0.0000
 12 220  0.0000  0.0000 11.1304
 20 220 -0.5000 -0.1588 10.5785
 28 220  0.0000  0.0000 12.0628
 36 220  0.0000  0.0000 16.1088
 44 220  0.0000  0.0000 16.1088
 52 220  0.0000  0.0000  0.0000
 60 220 -1.5000 -0.2884  7.6510
 68 220  0.0000  0.0000 11.1304
 76 220  0.0000  0.0000  0.0000
 84 220  0.0000  0.0000  0.0000
 92 220  0.0000  0.0000  0.0000
100 220     NaN     NaN 10.1857
108 220  0.0000  0.0000  0.0000
116 220  0.0000  0.0000  0.0000
124 220  0.0000  0.0000 11.1304
132 220  0.1588  3.6903  6.3048
140 220  0.0000  0.0000 19.1045
148 220  0.0000  0.0000 11.1304
156 220  1.3070  0.0337 12.4709
164 220  0.0000  0.0000 11.1304
172 220  0.0000  2.5000  8.8276
180 220  0.0000  0.0000  0.0000
188 220  0.0000  0.0000 11.1304
196 220 -0.3732  0.3694 10.3318
204 220  0.0000  0.0000  0.0000
212 220  0.0000  0.0000  0.0000
220 220  0.0000  0.0000 11.1304
228 220  0.0000  0.0000  0.0000
236 220  0.0000  0.0000  0.0000
244 220  0.5000  0.0000 11.1304
252 220  0.0000  0.0000  0.0000
260 220  0.1960 -0.5000 11.1304
268 220  0.0000  0.0000  0.0000
276 220  0.0000  0.0000 11.1304
284 220  0.0000  0.0000  0.0000
292 220  0.0000  0.0000  0.0000
