VARIABLES= "X pix", "Y pix", "U pix/dt", "V pix/dt", "CHC", ZONE I=28, J=37
  4   4  0.0000  0.0000 11.0456
 12   4  0.0000  0.0375  9.6455
 20   4  0.0000  0.0000  9.4770
 28   4 -0.0161 -0.1216 10.0326
 36   4  0.0000  0.0000  8.5320
 44   4  0.0000  0.0000  9.9882
 52   4  0.0000  0.0000  9.7565
 60   4  0.0000 -0.0647  9.3475
 68   4  0.0636 -0.0141 10.9260
 76   4  0.0000  0.0000 11.1505
 84   4  0.0000  0.0000 10.8658
 92   4  0.0043 -0.0549 11.3800
100   4 -0.0042  0.0767 11.7537
108   4  0.0000 -0.0276 11.3620
116   4  0.0000 -0.0477 12.7092
124   4  0.0000 -0.0782 11.6438
132   4  0.0000 -0.0380 11.4350
140   4  0.0000  0.0000 11.9483
148   4  0.0000 -0.0286 12.1954
156   4  0.0097  0.0148 12.3281
164   4  0.0443  0.0146 11.8794
172   4  0.0000  0.0000 11.9577
180   4 -0.0528 -0.0100 11.9263
188   4  0.0000  0.0591 11.3518
196   4  0.0000  0.0000 12.0189
204   4 -0.0869  0.0165 10.6275
212   4  0.0329 -0.0936  9.7491
220   4  0.0000  0.0000 10.1752
228   4  0.0000  0.0000 12.9293
236   4  0.0000  0.0000 12.9293
244   4  0.0128 -0.1206 11.2351
252   4  0.0000  0.0000 12.1260
260   4 -0.0364  0.1523 11.6762
268   4  0.0063  0.0046 13.0261
276   4  0.0000  0.0390 11.7969
284   4  0.0000 -0.0402 11.9875
292   4  0.0000  0.0000 12.1329
  4  12  0.0000 -0.1421  8.9363
 12  12  0.0541 -0.1348 10.5963
 20  12  0.0000 -0.1421 10.0974
 28  12  0.0687 -0.0595 11.2885
 36  12  0.0000  0.0000  9.9740
 44  12  0.0000  0.0000 11.3350
 52  12  0.0000  0.0000 11.6053
 60  12  0.0000  0.0000  9.3279
 68  12  0.0000  0.0000  7.3235
 76  12 -0.0367 -0.0780  8.5648
 84  12  0.0000  0.0000 11.7378
 92  12  0.1405 -0.1661  9.8610
100  12  0.0000  0.0000 26.2061
108  12  0.0468  0.0000  9.1521
116  12  0.0000 -0.3183  7.4854
124  12  0.0000  0.0000  7.8631
132  12  0.0000  0.0000  7.9931
140  12  0.0022 -0.0057  7.9723
148  12  0.0030 -0.0085  7.5752
156  12  0.0000  0.0012 22.9091
164  12 -0.0042 -0.0258 26.0496
172  12  0.0000  0.0000  7.5885
180  12 -0.0004  0.0079  8.4237
188  12  0.0000  0.0000  8.6752
196  12  0.0009  0.1262  9.5586
204  12 -0.0575 -0.0906 10.8088
212  12  0.0000  0.0000 11.2453
220  12 -0.1197 -0.2770 11.0798
228  12  0.0000 -0.0233 11.8154
236  12  0.0000  0.0000 11.8464
244  12  0.0000  0.0000 12.3973
252  12  0.0000  0.0000 14.8117
260  12 -0.0080 -0.2340 14.7858
268  12  0.0177  0.0038 15.2129
276  12  0.0000  0.0000 13.6879
284  12  0.0214  0.0000 19.1045
292  12 -0.0168  0.1187 11.4116
  4  20 -0.0032  0.0041 19.9430
 12  20 -0.0064  0.0039 11.4345
 20  20  0.0029  0.0736 20.7863
 28  20 -0.0004 -0.0038 22.7801
 36  20  0.0000 -0.0501 21.4102
 44  20 -0.0063  0.0223 19.1205
 52  20  0.0000  0.0000 17.4598
 60  20  0.0399 -0.0009 18.5175
 68  20  0.0109 -0.0005 17.8324
 76  20 -0.0133  0.0009 15.2528
 84  20  0.0165 -0.0003 15.6184
 92  20  0.0000  0.0000 14.4017
100  20  0.0000  0.0000 14.2471
108  20  0.0183  0.0002 18.2928
116  20  0.0027  0.0200 14.4247
124  20  0.0176 -0.0003 13.7206
132  20 -0.0115 -0.0140 13.8979
140  20  0.0127  0.0007 18.3782
148  20  0.0000  0.0000 25.6550
156  20  0.0494  0.0391 16.1287
164  20 -0.0100 -0.0322 17.4215
172  20  0.0000  0.0000 29.3817
180  20 -0.0236 -0.0091 26.7189
188  20  0.0000  0.0415 21.2507
196  20  0.0000  0.0000 21.4069
204  20  0.0132  0.0263 21.3932
212  20  0.0000  0.0000 23.7068
220  20 -0.0190 -0.0099 19.6153
228  20  0.0000  0.0000 21.6092
236  20 -0.0007  0.0110 23.3864
244  20  0.0000  0.0000 23.6096
252  20  0.0022  0.0014 10.7235
260  20  0.0000  0.0000 14.8824
268  20  0.0304 -0.0031 10.0745
276  20  0.0206 -0.0198 17.5830
284  20  0.0510 -0.0010 21.5718
292  20  0.0000  0.0000 16.9998
  4  28  0.0000  0.0000  9.3448
 12  28  0.0000  0.0000 13.9002
 20  28  0.0271 -0.0014 10.5783
 28  28 -0.0060  0.0287  7.5320
 36  28  0.0033 -0.0736  7.4079
 44  28  0.0000  0.0000  7.6271
 52  28  0.0153  0.0842  7.1458
 60  28 -0.0027  0.0092  7.3915
 68  28  0.0487  0.0020  7.4896
 76  28  0.0297 -0.0041  7.7634
 84  28  0.0223  0.0069  8.2287
 92  28  0.0075 -0.0121  7.7284
100  28  0.0000  0.0000  7.3825
108  28  0.0000  0.0000  8.2557
116  28  0.0000  0.0000  9.3648
124  28 -0.0077 -0.0434  6.6846
132  28  0.0000  0.0000  6.7868
140  28  0.0000  0.0000  9.4378
148  28  0.0000  0.0000  9.2611
156  28  0.0024 -0.0034 16.2421
164  28  0.0012  0.0161 23.8514
172  28  0.0000  0.0000 13.0183
180  28  0.0000  0.0000  7.4262
188  28 -0.0127 -0.0528 10.6899
196  28  0.0000  0.0000 11.1471
204  28  0.0000  0.0000  7.5491
212  28 -0.0877 -0.0059  7.4869
220  28 -0.0031  0.0146  7.9492
228  28  0.0000  0.0000  9.5030
236  28  0.0356 -0.0046  7.7233
244  28 -0.0513  0.0328  6.0185
252  28  0.0000  0.0000  6.3264
260  28 -0.0000  0.0000  6.1976
268  28 -0.0283  0.0012  6.6085
276  28 -0.0055 -0.0057  7.5665
284  28  0.0000  0.0000  6.8889
292  28  0.0178 -0.0117  6.0926
  4  36  0.0000  0.0000 11.0983
 12  36  0.0000  0.0000 10.4958
 20  36  0.0000  0.0000 11.9011
 28  36 -0.0080 -0.1524 15.2409
 36  36 -0.0730  0.0229 13.5665
 44  36  0.0000  0.0000 15.4368
 52  36 -0.0180  0.0448 14.9745
 60  36  0.0963  0.2256 11.1910
 68  36  0.0000  0.0000  8.7705
 76  36  0.0000  0.0000  8.4598
 84  36  0.0000  0.0000 11.3315
 92  36  0.0000  0.0000 13.1337
100  36     NaN  0.0000 17.0667
108  36  0.0000  0.0000  0.0000
116  36  0.0000  0.0000  0.0000
124  36  0.0000  0.0000  0.0000
132  36  0.0000  0.0000 16.1088
140  36  0.0000  0.0000  0.0000
148  36 -0.0013 -0.0118  9.9697
156  36 -0.0070 -0.0314 12.7997
164  36  0.0000  0.0000 11.5071
172  36 -0.0179  0.0181 13.9680
180  36  0.0208 -0.0199  7.1506
188  36  0.0000  0.0000  6.7869
196  36  0.0000  0.0000  7.9388
204  36  0.0142  0.0437  9.3615
212  36 -0.0060  0.0996 13.7171
220  36 -0.0785 -0.0062 14.2841
228  36  0.0000  0.0000 12.4405
236  36  0.0000  0.0000 14.3074
244  36  0.0000  0.0000 11.0903
252  36 -0.0293  0.0408 14.8944
260  36  1.5000  0.0000  8.9309
268  36 -0.0300  0.3690 11.6337
276  36 -0.0083 -0.0419 14.3693
284  36 -0.0272  0.0238 11.1899
292  36  0.0443 -0.0209 10.5874
  4  44  0.0000  0.0000 15.1250
 12  44 -0.0024 -0.0012 10.0669
 20  44  0.0000  0.0000  8.9436
 28  44  0.0000  0.0000  8.3451
 36  44  0.0000  0.0000  9.0168
 44  44  2.5000 -0.3134  7.5779
 52  44  0.0000  0.0000  0.0000
 60  44  0.0000  0.0000  0.0000
 68  44  0.0000  0.0000  0.0000
 76  44  0.0000  0.0000 11.1304
 84  44  0.0000  0.0000 16.1088
 92  44  0.0000  0.0000 12.0628
100  44  0.0000  0.0000  0.0000
108  44  0.0000  0.0000  0.0000
116  44  0.0000  0.0000  0.0000
124  44  0.0000  0.0000 11.1304
132  44  0.0000  0.0000  0.0000
140  44 -0.0013 -0.0659  6.4158
148  44 -0.0013  0.0045 13.8104
156  44  0.0076 -0.0139 14.8064
164  44 -0.0215 -0.0004 11.9566
172  44  0.0158 -0.0052 16.2980
180  44 -0.0020 -0.0179  6.7284
188  44  0.0000  0.0000 11.9011
196  44 -0.1808 -0.0432 13.4422
204  44 -0.0558  0.0080 10.6810
212  44  0.0282 -0.0168 12.2480
220  44 -0.0149  0.0100 12.3083
228  44 -0.0224 -0.0052 10.8291
236  44  0.0000  0.0000 13.3851
244  44 -0.1710  0.4308  8.3865
252  44 -0.1696  0.0468  9.6409
260  44  0.0000  0.0000 12.3501
268  44 -0.0928 -0.0078 15.7880
276  44  0.0287 -0.0286 12.9790
284  44  0.1452  0.0104 19.0006
292  44  0.0000  0.0000 18.9370
  4  52 -0.0770 -0.0784  7.9096
 12  52  0.0000  0.0000  0.0000
 20  52  0.0000  0.0000  0.0000
 28  52  0.0000  0.0000  0.0000
 36  52  0.0000  0.0000  0.0000
 44  52  0.0000  0.0000  0.0000
 52  52  0.0000  0.0000 11.1304
 60  52  2.5000 -0.1588 10.5785
 68  52 -0.5000  0.0000  8.8276
 76  52  0.0000  0.0000  0.0000
 84  52 -0.0083 -0.0418 11.2576
 92  52  0.0000  0.0000 24.3712
100  52 -0.1042  0.2616 13.1393
108  52  0.0000  0.0000 11.1304
116  52  0.0000  0.0000 12.0628
124  52  0.0000  0.0000 11.5903
132  52  0.0000  0.0000 11.1304
140  52  0.0000  0.0000 15.5869
148  52  0.0000  0.0000  7.6100
156  52 -0.1519 -0.0311  5.7034
164  52  0.0000  0.0000  7.2832
172  52  0.0000  0.0000 11.2521
180  52 -0.0222 -0.0699  7.0924
188  52  0.0000  0.0000 11.1304
196  52  0.0000  0.0000  0.0000
204  52  0.0000  0.0000  0.0000
212  52  0.0000  0.0000 11.1304
220  52  0.0000  0.0000 11.1304
228  52  0.0000  0.0000 13.8188
236  52  0.0121 -0.1720  8.1091
244  52 -0.0000  0.0000 12.7607
252  52  0.0000  0.0000 16.7828
260  52  0.2008  0.0778 11.4305
268  52  0.0000  0.0000  7.9027
276  52  0.1351  0.0248  8.8969
284  52  0.0000  0.0000  9.4135
292  52  0.0000  0.0000 12.2105
  4  60  0.0000  0.0000 11.1304
 12  60  0.0000  0.0000 11.1304
 20  60  0.0000  0.0000 11.1304
 28  60  0.0000  0.0000 11.1304
 36  60  2.5000  0.0000  8.8276
 44  60  0.0000  0.0000 11.1304
 52  60  0.0000  0.0000 16.1088
 60  60  0.2246 -0.1162 14.0985
 68  60  0.0000  0.0000 11.1304
 76  60  0.0000  0.0000 11.1304
 84  60 -0.5000 -0.2480  9.1167
 92  60  0.0538  0.2565 14.0299
100  60  0.0193  0.0344  9.1909
108  60 -0.0145  0.3437  7.7576
116  60  0.0000  0.0000 11.1304
124  60  0.0000  0.0000 16.1088
132  60  0.0000  0.0000 11.1304
140  60  0.0000  0.0000 16.1088
148  60  0.0000  0.0000 13.1641
156  60 -1.5000 -0.0380 10.6722
164  60  2.5000  0.0000  8.8276
172  60  0.0000  0.0000 11.1304
180  60  0.0000  0.0000 12.0455
188  60  0.0000  0.0000  0.0000
196  60  0.0000  0.0000  0.0000
204  60  0.0000  0.0000  0.0000
212  60  0.0000  0.0000  0.0000
220  60  0.0000  0.0000 19.1045
228  60  1.1838  2.5000  7.5779
236  60  0.0000  0.0000 11.1304
244  60  0.0000  0.0000 16.1088
252  60  0.0000  0.0000 16.1088
260  60 -0.4490  0.1344 13.4661
268  60  0.0000  0.0000  9.4948
276  60  0.1546 -0.0660 18.6254
284  60  0.0000  0.0000  0.0000
292  60  0.0000  0.0000 12.0628
  4  68 -0.5000 -0.1588 10.5785
 12  68  0.0000  0.0000 11.1304
 20  68  0.0000  0.0000  0.0000
 28  68  0.0000  0.5000 11.1304
 36  68 -2.3063  0.0382 12.7435
 44  68  0.0000 -0.0158 17.0667
 52  68  0.4010  0.3865  9.2602
 60  68  0.9257 -0.5744 10.4212
 68  68  0.0000  0.0000 13.8188
 76  68  0.0000  0.0000  9.7515
 84  68  0.0000  0.0000 11.3881
 92  68  0.0000  0.0000  9.7159
100  68  0.0000  0.0000  9.7047
108  68  0.0000  0.0000  9.2086
116  68  0.0000  0.0000  6.8970
124  68  0.0000  0.0000 11.9011
132  68  0.0000  0.0000 11.1304
140  68  0.0000 -0.0264 10.8667
148  68 -1.5000  2.5000  7.4357
156  68  0.0000  0.0000  0.0000
164  68 -0.0585 -0.1649 22.5955
172  68  0.0000  0.0000 11.5903
180  68  0.0000  0.0000 22.2609
188  68  0.0000  0.0000  0.0000
196  68  0.0000  0.0000 11.1304
204  68     NaN  5.1203  5.4468
212  68  0.0000  0.0000 11.1304
220  68  2.5000  0.0000  8.8276
228  68  0.0000  0.0000  0.0000
236  68  0.0000  0.0000 11.1304
244  68  0.0000  0.0000  0.0000
252  68  1.5000  0.0000  8.2581
260  68  0.0000  2.5000  8.8276
268  68  0.0000  0.0000  9.4928
276  68  0.0000  0.0000  5.4468
284  68 -0.3321  0.1276 10.3409
292  68  0.0000  0.0000 16.1088
  4  76  0.0000  0.0000  0.0000
 12  76  0.2855  0.1732 10.8782
 20  76 -0.4043  0.4043  8.0000
 28  76  0.0000  0.0000  8.4768
 36  76  0.0000  2.5000  8.8276
 44  76  0.0000  0.0000 11.1304
 52  76  1.7556 -0.0380 14.3918
 60  76  0.0000  0.0000 10.6786
 68  76  0.0000  0.0000 10.1261
 76  76  0.0000  0.0000 11.1304
 84  76  0.0000  0.0000  0.0000
 92  76  0.0000  0.0000  0.0000
100  76  0.0000  0.0000  0.0000
108  76  0.0000  0.0000  0.0000
116  76  2.5000 -0.5000  8.8276
124  76  0.0000  0.0000 11.1304
132  76  0.0000  0.0000 11.1304
140  76  0.1146  0.0101 17.4161
148  76  0.0000 -0.0855 10.6035
156  76  0.0000 -0.2917 11.1304
164  76  0.0000  0.0000 12.5445
172  76  0.0000  0.0000  0.0000
180  76  0.0000  0.0000  0.0000
188  76  0.0000  0.0000 11.1304
196  76  0.0000  0.0000  0.0000
204  76 -0.5000  0.1588 10.5785
212  76  2.5000  0.0000  8.8276
220  76  0.0000  0.0000 11.1304
228  76  0.0000  0.0000  0.0000
236  76  0.0000  0.0000  0.0000
244  76  0.0000  0.0000  0.0000
252  76  0.0000  0.0000 11.1304
260  76  0.0000  0.0000 11.1304
268  76 -0.1068 -0.3135 15.1963
276  76  0.0000  0.0000 11.1304
284  76  0.0000  0.0000  0.0000
292  76  0.0000  0.0000 11.1304
  4  84  0.0000  0.0000 24.3712
 12  84  0.0000  0.0000 11.0903
 20  84 -0.1824  1.6838  7.3143
 28  84  0.0000  0.0000 11.1304
 36  84  0.8430 -0.5000  9.2711
 44  84  0.0000  0.0000  9.2086
 52  84  0.0000  0.0000  9.7978
 60  84 -0.0191 -0.0279 12.1821
 68  84  0.0000 -0.1760 15.0588
 76  84  0.0000  0.0000 15.6933
 84  84  0.1819 -0.0253 12.9422
 92  84  0.0000  0.0000  0.0000
100  84  0.0000  0.0000 16.6957
108  84  0.9246 -0.1538 14.1070
116  84  0.0000  0.0000  0.0000
124  84  0.0000  0.0000 13.3565
132  84  0.0000  0.0000 11.8583
140  84 -0.0915  0.3061  8.0114
148  84  2.5000  0.1588 10.5785
156  84  0.0000  0.0000 12.0628
164  84  0.0000  0.0000 11.1304
172  84  0.0000  0.0000 11.1304
180  84  0.2780 -0.1270 13.3759
188  84  0.0000  0.0000  0.0000
196  84  0.0000  0.0000  0.0000
204  84  0.0000  0.0000  0.0000
212  84  0.0000  0.0000 22.2609
220  84  0.0182 -0.0134  9.7149
228  84 -0.3732  0.5000  9.6402
236  84  0.0000  0.0000  0.0000
244  84  0.0000  0.0000  0.0000
252  84  0.0000  0.0000  0.0000
260  84  0.0000  0.0000 16.1088
268  84  0.0000  0.0000 12.9293
276  84  0.2568 -0.0627  8.5469
284  84  0.0000  0.0000  0.0000
292  84  0.0000  0.0000  0.0000
  4  92  0.0816  0.4324 11.4627
 12  92  0.0000  0.0000  0.0000
 20  92  0.0000  0.0000 20.1250
 28  92  0.0000  0.0000  7.4054
 36  92  0.0000  0.0000 17.0667
 44  92  0.0000  0.0000 10.6514
 52  92  1.5000  0.1960  9.2086
 60  92  0.0000  0.0000  0.0000
 68  92 -4.5000 -0.1174 13.8795
 76  92  0.0000  0.0000  0.0000
 84  92  0.0000  0.0000 13.7892
 92  92  0.0000  0.0000 21.6135
100  92  0.0000  0.0000 16.1088
108  92  0.0000 -0.3145  9.3674
116  92  0.0000  0.0000  0.0000
124  92  0.1760  0.0000 15.0588
132  92  0.0000  0.0000  0.0000
140  92  0.0000  0.0000 16.1088
148  92  0.0000  0.0000 16.1088
156  92 -0.0596  1.0000 13.1908
164  92  0.0000  0.0000  0.0000
172  92  0.0000  0.0000 11.1304
180  92  0.0000  0.0000 11.1304
188  92  0.0000  0.0000  0.0000
196  92  0.0000  0.0000  0.0000
204  92  0.0000  0.0000 11.1304
212  92 -0.1825 -0.2174 12.5315
220  92  0.0000  0.0000 11.1304
228  92  0.0000  0.0000 11.1304
236  92  0.0000  0.0000 11.1304
244  92  0.0000  2.5000  8.8276
252  92 -0.1138 -0.1162 11.2671
260  92  0.0000  0.0000  0.0000
268  92  0.0000  0.0000 20.7059
276  92  0.0000  0.0000 11.1304
284  92  0.0000  0.0000  0.0000
292  92  0.0000  0.0000  0.0000
  4 100  0.0000  0.0000 11.1304
 12 100  0.0548 -0.1795 19.6402
 20 100  0.0000  0.0000  9.7071
 28 100 -2.0880  0.3391  6.6357
 36 100  0.1542  0.0094 14.2646
 44 100  0.0000  0.0000 17.0667
 52 100  0.1798  0.0246 17.0238
 60 100  0.0000 -0.2662  6.7780
 68 100  0.0000  0.0000 19.4783
 76 100  0.0418 -0.1521 12.6567
 84 100  0.0000  0.0000 11.1304
 92 100  0.0000  0.0000 11.1304
100 100  0.0000  0.0000  0.0000
108 100  0.0000  0.0000 16.1088
116 100  0.0000  0.0000 16.1088
124 100 -0.2780  0.1270 13.3759
132 100  0.0000  0.0000  0.0000
140 100  0.0000  0.0000 10.1191
148 100  0.0000  0.0000  0.0000
156 100  0.0000  0.0000 17.2183
164 100  0.0000  0.0000 11.1304
172 100  0.0000  0.0000 11.1304
180 100  0.0000  0.0000  0.0000
188 100  0.0000  0.0000 11.1304
196 100  0.0000  0.0000  0.0000
204 100  0.0000  0.0000  0.0000
212 100  0.0000  0.0000 16.1088
220 100  0.0000  0.0000 16.1088
228 100  0.0000  0.0000  0.0000
236 100  0.0000  0.0000  0.0000
244 100  0.0000  0.0000 11.1304
252 100 -1.3070  0.0337 12.4709
260 100 -0.1151  0.1151 16.5161
268 100  0.0000  0.0000  0.0000
276 100  0.0000  0.0000  0.0000
284 100  0.0000  0.0000  0.0000
292 100  0.0000  0.0000 11.1304
  4 108 -0.3815 -0.4861  7.9068
 12 108  0.0000  0.0000 13.5228
 20 108 -0.0417 -0.1134  7.3143
 28 108  0.0000  0.0000 19.4783
 36 108  0.0000  0.0000 11.1304
 44 108  0.1960 -0.5000 11.1304
 52 108  1.5000 -2.8610  7.2316
 60 108  0.0000  2.5000  8.8276
 68 108  2.5000  0.1588 10.5785
 76 108 -0.4043 -0.4043  8.0000
 84 108  2.3677  0.1145 12.8207
 92 108  0.0000  0.0000  0.0000
100 108  0.0000  0.0000  0.0000
108 108  0.0000  0.0000 11.1304
116 108  0.0296  0.2178  7.2199
124 108  0.0829  0.0137  6.8283
132 108 -0.1740 -0.1011 10.5700
140 108  0.0000  0.0000  8.2581
148 108  0.0000  0.0000  0.0000
156 108  0.0000  0.0000 12.0628
164 108  0.0000  0.0000 11.1304
172 108  0.0000  0.0000 16.1088
180 108  0.0000  0.0000 11.1304
188 108  0.0000  0.0000 11.1304
196 108  0.0000  0.0000  0.0000
204 108  0.0000  0.0000  0.0000
212 108  0.0000  0.0000  0.0000
220 108  0.0000  0.0000 16.1088
228 108  0.0000  0.0000  0.0000
236 108  0.0000  0.0000  0.0000
244 108  0.0000  0.0000  0.0000
252 108  0.0000  0.0000  0.0000
260 108  0.0000  0.0000 11.1304
268 108  0.1960  2.5000 11.1304
276 108  0.0000  0.0000  0.0000
284 108  0.0000  0.0000  0.0000
292 108  0.0000  0.0000  0.0000
  4 116  0.0000  0.0000 16.6957
 12 116  0.0000  0.0000  0.0000
 20 116  0.0000  0.0000 11.1304
 28 116  0.0000  0.0000  0.0000
 36 116  0.0000  0.0000  0.0000
 44 116  0.0000  0.0000  0.0000
 52 116  0.5000  0.0418 12.4022
 60 116  0.0000  0.0000 16.1088
 68 116  0.0000  0.0000 11.1304
 76 116  0.0000  0.0000 16.1088
 84 116  0.0000  0.0000 11.1304
 92 116  0.0000  0.0000 11.9011
100 116  0.0000 -0.5000 12.0628
108 116  0.0000  0.0000  0.0000
116 116 -0.1184 -0.2404  6.7773
124 116  0.1102  0.0046  7.2751
132 116  0.0000  0.0000 12.8600
140 116  0.0000  0.0000 11.1304
148 116  0.0000  0.0000 11.1304
156 116  0.0000  0.0000 12.0628
164 116  0.0000  0.0000  0.0000
172 116  0.0000  0.0000  0.0000
180 116  0.0000  0.0000  0.0000
188 116  0.0000  0.0000  0.0000
196 116  0.0000  0.0000  0.0000
204 116  0.0000  0.0000  0.0000
212 116  0.0000  0.0000  0.0000
220 116  0.0000  0.0000 11.1304
228 116  0.0000  0.0000 16.1088
236 116  0.0000  0.0000  0.0000
244 116  1.5000  0.0000  8.2581
252 116  0.0000  0.0000  0.0000
260 116  0.0000  0.0000 17.0667
268 116  0.0000 -0.2662  6.7780
276 116  0.0000  0.0000 16.6956
284 116  0.0000  0.0000 11.1304
292 116  0.0000  0.0000  0.0000
  4 124  0.0000  0.0000  0.0000
 12 124  0.0000  0.0000  0.0000
 20 124  0.0000  0.0000  0.0000
 28 124  0.0000  0.0000  0.0000
 36 124  0.0000  0.0000  0.0000
 44 124 -0.2941  0.2017 13.7014
 52 124 -2.3162 -0.1023  9.7439
 60 124  0.0000  2.5000  8.8276
 68 124  0.0000  0.0000 11.1304
 76 124  0.2802  0.0546 12.7691
 84 124  0.0000  0.0000 11.1304
 92 124  1.5000  0.0448  8.9013
100 124  0.0769  0.0903 15.2155
108 124  2.5000  0.0000  8.8276
116 124  0.0272  0.0238 11.1899
124 124  0.0000 -1.7251  8.5018
132 124  0.0000  0.0000 11.1304
140 124  0.0000  0.0000  0.0000
148 124  0.0000  0.0000 11.1304
156 124  0.0000  0.0000 12.0455
164 124  0.0000  0.0000  0.0000
172 124  0.0000  0.0000 11.1304
180 124  0.0000  0.0000  0.0000
188 124  0.0000  0.0000  0.0000
196 124  0.0000  0.0000 11.1304
204 124  1.3070  0.0337 12.4709
212 124  0.2907  0.0403 10.5761
220 124  0.0000  0.0000 11.1304
228 124  0.0000  0.0000 16.1088
236 124  0.0000  0.0000 11.1304
244 124  0.5000  0.0000  8.4768
252 124  0.0000  0.0000 17.0667
260 124  0.0000  0.0000  0.0000
268 124  0.0000  0.0000  0.0000
276 124  0.0000  0.0000  9.2850
284 124  0.0000  0.0000 11.1304
292 124  0.0000  0.0000  0.0000
  4 132  0.0000  0.0000  0.0000
 12 132  0.0000  0.0000  0.0000
 20 132  0.0000  0.0000  0.0000
 28 132  0.0000  0.0000  0.0000
 36 132  0.0000  0.0000 12.0455
 44 132  0.0000  0.0000 16.1088
 52 132  0.0000  0.0000 11.1304
 60 132  0.0000  0.0000 11.1304
 68 132  0.0000  0.0000 11.1304
 76 132  0.0000  0.0000 11.1304
 84 132  0.0000  0.0000 11.1304
 92 132  0.0000  0.0000 12.0455
100 132  0.0000  0.0000  0.0000
108 132 -0.5000  0.0000 11.1304
116 132  0.0000  0.0000 11.1304
124 132  0.0000  0.0000  0.0000
132 132  0.0000  0.0000  0.0000
140 132  0.0000  0.0000  0.0000
148 132  0.0000  0.0000  0.0000
156 132  0.0000  0.0000  8.7810
164 132  0.0000  0.0000  0.0000
172 132  0.0000  0.0000 11.1304
180 132  0.0000  0.0000 11.1304
188 132  0.0000  0.0000 11.1304
196 132  0.0000  0.0000  0.0000
204 132  0.0000  0.0000 19.4783
212 132  0.0000  0.0000  0.0000
220 132  0.0000  0.0000  0.0000
228 132 -0.1151  0.1151 16.5161
236 132  0.0000  0.0000 16.1088
244 132  0.0000  0.0000 11.1304
252 132  0.0000  0.0000 11.1304
260 132  0.0000  0.0000 16.1088
268 132  0.0000  0.0000  0.0000
276 132  0.0000  0.0000 16.1088
284 132  0.1960  2.5000 11.1304
292 132  0.0000  0.0000  0.0000
  4 140  0.0000  0.0000  0.0000
 12 140  0.0000  0.0000  0.0000
 20 140  0.0000  0.0000  0.0000
 28 140  0.0000  0.0000 11.1304
 36 140  0.0000  0.0000  9.4948
 44 140  0.0000  0.0000  0.0000
 52 140  0.0000  0.0000 11.1304
 60 140  0.0000  0.0000  0.0000
 68 140  0.0000  0.0000 11.1304
 76 140  0.0000 -0.5000  8.8276
 84 140  0.0000  0.0000  9.4208
 92 140  0.0000  0.0000 19.4783
100 140  0.0000  0.0000  0.0000
108 140  0.0000  0.0000  0.0000
116 140  0.0000  0.0000 11.1304
124 140  0.0000  0.0000 11.1304
132 140  0.0000  0.0000  0.0000
140 140  0.0000  0.0000 16.1088
148 140  0.0000  0.0000  8.0000
156 140  0.0000  0.3147  7.9175
164 140  0.0000  0.0000  0.0000
172 140  0.0000  0.0000  0.0000
180 140  0.0000  0.0000 11.1304
188 140  0.0000  0.0000 19.1045
196 140  0.0000  0.0000  0.0000
204 140  0.0000  0.0000 11.1304
212 140  0.0000  0.0000  0.0000
220 140  0.0000  0.0000 11.1304
228 140  0.0000  0.0000  0.0000
236 140  0.0000  0.0000 16.1088
244 140  0.0000  0.0000  9.2086
252 140  0.0000  0.0000  0.0000
260 140  0.0000  0.0000 13.5576
268 140  0.0000  0.0000  0.0000
276 140 -0.1960 -0.5000 11.1304
284 140  0.0000  0.0000  0.0000
292 140  0.0000  0.0000 11.1304
  4 148  0.0000  0.0000  0.0000
 12 148  0.0000  0.0000  0.0000
 20 148  0.0000  0.0000 11.1304
 28 148  0.0000  0.0000 12.8600
 36 148  0.0000  0.0000  0.0000
 44 148  0.0000  0.0000 11.1304
 52 148  0.0000 -0.5000  8.8276
 60 148  0.0000  0.0000  0.0000
 68 148  0.0000  0.0000 12.0628
 76 148 -0.3290  2.8274  8.0000
 84 148  0.0000  0.0000 19.4783
 92 148  0.0000  0.0000 11.1304
100 148  0.0000  0.0000 11.1304
108 148  0.0000  0.0000  0.0000
116 148  0.0000  0.0000  0.0000
124 148  0.0000  0.0000  0.0000
132 148  0.0000  0.0000  0.0000
140 148  0.0000  0.0000 12.0628
148 148  0.3577  0.0000 13.4737
156 148  1.0752  0.2913  6.3772
164 148  0.0000  0.0000 11.1304
172 148  0.0000  0.0000  0.0000
180 148  0.0000  0.0000 11.1304
188 148  0.0000  0.0000 11.1304
196 148  0.0000  0.0000  0.0000
204 148  0.0000  0.0000  0.0000
212 148  0.0000  0.0000 11.1304
220 148  0.0000  0.0000 16.1088
228 148  0.0000  0.0000  0.0000
236 148  0.0000  0.0000  0.0000
244 148 -0.5000  0.0000  8.8276
252 148  0.2080  0.2715 12.3107
260 148  0.0000  0.0000  0.0000
268 148  0.0000  0.0000  0.0000
276 148  0.0000  0.0000  0.0000
284 148  0.0000  0.0000  0.0000
292 148  0.0000  0.0000 11.1304
  4 156  0.0000  0.0000 11.1304
 12 156  0.0000  0.0000 16.1088
 20 156  0.0000  0.0000 14.5615
 28 156  0.0000  0.0000 11.1304
 36 156  0.0000  0.0000  0.0000
 44 156  0.0000  0.0000  0.0000
 52 156  0.0000  0.0000 11.1304
 60 156  0.0000  0.0000  0.0000
 68 156 -1.0575 -0.1618  7.5801
 76 156 -0.4681  0.0000  9.5738
 84 156  0.0000  0.0000  0.0000
 92 156  0.0000  0.0000 11.1304
100 156  0.5000  0.0000  8.4768
108 156  0.0000  0.0000  0.0000
116 156 -0.0698  0.2911 10.5124
124 156  0.0000  0.0000 11.1304
132 156  0.0000  0.0000  8.2581
140 156  0.0000  0.0000 11.1304
148 156  0.0000  0.0000 12.0628
156 156  1.0000  0.0000  8.2581
164 156  0.0000  0.0000 11.1304
172 156  0.0000  0.0000 19.1045
180 156 -0.7379 -0.5000  7.2172
188 156  0.0000  0.0000  0.0000
196 156  0.0000  0.0000  0.0000
204 156  0.0000  0.0000  0.0000
212 156  0.0000  2.5000  8.8276
220 156  0.0000  0.0000  0.0000
228 156  0.0000  0.0000 11.1304
236 156  0.0000  0.0000 11.1304
244 156  0.0000  0.0000 11.1304
252 156 -0.5000  0.0000  8.8276
260 156  0.0000  0.0000 11.1304
268 156  0.0000  0.0000  0.0000
276 156  0.0000  0.0000 11.1304
284 156  0.0000 -0.1960 11.1304
292 156  0.0000  0.0000 11.1304
  4 164  0.0000  0.0000 16.1088
 12 164  0.0000  0.0000 16.1088
 20 164  0.1140  0.1079 19.3902
 28 164  0.0000  0.0000  8.0000
 36 164  0.0000  0.0000 11.1304
 44 164  0.0000  0.0000  0.0000
 52 164  0.0000  0.0000  0.0000
 60 164 -0.1244  0.0375 16.8192
 68 164 -1.7362  0.0000  6.8449
 76 164 -0.2849  2.5000 13.1959
 84 164  0.0000  0.0000  0.0000
 92 164  0.0000 -0.5000  8.8276
100 164  0.0000  0.0000  0.0000
108 164  0.0000  0.0000  0.0000
116 164  0.0610 -0.5000  7.7665
124 164  0.0000  0.0000  0.0000
132 164  0.0000  0.0000 16.1088
140 164  0.0000  0.0000 16.1088
148 164 -0.1556  0.0000 12.2969
156 164 -0.3095 -0.2269  6.1440
164 164  0.0000  0.0000 11.1304
172 164  0.0000  0.0000  0.0000
180 164 -1.1438  0.1230  9.7143
188 164  0.0000  0.0000 11.1304
196 164  0.0000  0.0000  0.0000
204 164  0.0000  0.0000  0.0000
212 164  0.0000  0.0000  0.0000
220 164  0.0000  0.0000  0.0000
228 164  0.0000 -0.5000  8.8276
236 164  0.0000  0.0000  0.0000
244 164  0.0000  0.0000  0.0000
252 164  0.0000  0.0000  0.0000
260 164  0.0000  0.0000  0.0000
268 164  0.0000  0.0000  0.0000
276 164  0.0000  0.0000  0.0000
284 164  0.0000  0.0000  0.0000
292 164  0.0000  0.0000  0.0000
  4 172  0.0000  0.0000  0.0000
 12 172  0.0000  0.0000  0.0000
 20 172  0.0000  0.0000 11.1304
 28 172  0.0000  0.0000 12.0455
 36 172  0.0000  0.0000 11.1304
 44 172  0.0000  0.0000  0.0000
 52 172  0.0000  0.0000 16.1088
 60 172  1.0756 -0.0431  7.0865
 68 172 -0.0083  0.0418 11.2576
 76 172  0.0000  0.0000  0.0000
 84 172  0.0000  0.0000 11.1304
 92 172  0.0000  0.0000 11.1304
100 172  0.0000  0.0000  0.0000
108 172  0.0000  0.0000 16.1088
116 172  0.0000  0.0000 11.1304
124 172  0.0000  0.0000  0.0000
132 172  0.0000  0.0000 11.1304
140 172  0.0000  0.0000 11.1304
148 172  0.2965 -0.2632 10.8887
156 172  0.1050  2.5000  6.8903
164 172 -0.1960  0.0000 11.1304
172 172  0.0000  0.0000  0.0000
180 172  0.0000  0.0000 11.1304
188 172  0.0000  0.0000 11.1304
196 172  0.0000  0.0000  0.0000
204 172  0.0000  0.0000 11.1304
212 172  0.0000  0.0000 16.1088
220 172  0.0000  0.0000 16.1088
228 172  0.0000  0.0000 11.1304
236 172  0.0000  0.0000 16.1088
244 172  0.0000  0.0000  0.0000
252 172  0.0000  0.0000  0.0000
260 172  0.0000  0.0000 11.1304
268 172  0.0000  0.0000  0.0000
276 172  0.0000  0.0000 11.1304
284 172  0.0000  0.0000 11.1304
292 172  0.0000  0.0000 11.1304
  4 180  0.0000  0.0000 11.1304
 12 180  0.0000  0.0000  0.0000
 20 180 -0.1825  0.2174 12.5315
 28 180  0.0000  0.0000 11.1304
 36 180  0.0000  0.0000 11.1304
 44 180  0.0000  0.0000 11.1304
 52 180 -0.1912  0.0000 12.4272
 60 180  1.0756 -0.0431  7.0865
 68 180  0.3272 -0.2603 13.7301
 76 180  0.0000  0.0000  0.0000
 84 180  0.0000  0.0000  0.0000
 92 180  0.0000  0.0000  0.0000
100 180  0.0000  0.0000  0.0000
108 180  0.0000  0.0000 11.1304
116 180  0.0000  0.0000  0.0000
124 180  0.0000  0.0000 11.1304
132 180  0.0000  0.0000 11.1304
140 180  0.0000  0.0000 19.4783
148 180  0.0000  0.0000 12.0455
156 180  0.0000  0.0000 13.1641
164 180  0.0000  0.0000 12.0628
172 180  0.0000  0.0000  0.0000
180 180  0.0000  0.0000 11.1304
188 180  0.0000  0.0000 16.1088
196 180  0.0000  0.0000  0.0000
204 180  0.0000  0.0000  0.0000
212 180  0.0000  0.0000  0.0000
220 180  0.0000  0.0000 11.1304
228 180  0.0000  0.0000 11.1304
236 180  0.0000  0.0000 11.1304
244 180     NaN  0.0000 17.0667
252 180  0.0000  0.0000  0.0000
260 180  0.0000  0.0000  0.0000
268 180  0.0000  0.0000 11.1304
276 180  0.0000  0.0000  0.0000
284 180  0.0000  0.0000  0.0000
292 180  0.0000  0.0000  0.0000
  4 188  0.0000  0.0000 11.1304
 12 188  0.0000  0.0000  0.0000
 20 188  0.0000  0.0000 16.1088
 28 188  0.0000  0.0000 12.0628
 36 188  0.0000  0.0000  8.0000
 44 188  0.0000  0.0000 16.6957
 52 188  1.1733  0.0000  8.5333
 60 188  0.0000  0.0000 13.0803
 68 188  0.0000  0.0000  0.0000
 76 188  0.0000  0.0000  0.0000
 84 188  0.0000  0.0000  0.0000
 92 188  0.0000  0.0000 11.1304
100 188  0.2780 -0.1270 13.3759
108 188  0.0000  0.0000 11.1304
116 188  0.0000  0.0000 11.1304
124 188  0.0000  2.5000  8.8276
132 188  0.0000  0.0000 13.1641
140 188  0.0000  0.0000  0.0000
148 188  0.0000  0.0000 12.0628
156 188  0.0000  0.0000  0.0000
164 188  0.2730  0.0000 10.6474
172 188  0.0000  0.0000  0.0000
180 188  0.0000  0.0000  0.0000
188 188 -0.7379 -0.5000  7.2172
196 188  0.0000  0.0000  0.0000
204 188  0.0000  0.0000  0.0000
212 188  0.0000  0.0000  0.0000
220 188  0.0000  0.0000  0.0000
228 188  0.0000  0.0000  0.0000
236 188  0.0000  0.0000  0.0000
244 188  0.0000  0.0000  0.0000
252 188  0.0000  0.0000  0.0000
260 188  0.0000  0.0000  0.0000
268 188  0.0000  0.0000  0.0000
276 188  0.0000  0.0000  0.0000
284 188  0.0000  0.0000  0.0000
292 188  0.0000  0.0000  0.0000
  4 196 -2.5000  0.0000 11.1304
 12 196  0.0000 -0.5000  8.8276
 20 196  0.0000  0.0000 12.1905
 28 196 -0.1111  0.0000  7.7517
 36 196  0.0000  0.0000 10.2541
 44 196  0.0000  0.0000 12.0628
 52 196  0.0000  0.0000 13.5576
 60 196  0.0000  0.0000 14.5615
 68 196  0.0000  0.0000  0.0000
 76 196  0.0000  0.0000  0.0000
 84 196  0.0000  0.0000  0.0000
 92 196  0.0000  0.0000  0.0000
100 196  0.0000  0.0000 12.0628
108 196 -1.5000  0.0000  8.2581
116 196  0.0000  0.0000  0.0000
124 196  0.0000  0.0000 11.1304
132 196 -1.3070  0.0337 12.4709
140 196  0.0000  0.0000  0.0000
148 196  0.0000  0.0000 12.0455
156 196  0.5000  0.0000  8.4768
164 196  0.0000  0.0000 13.0803
172 196  0.0000  0.0000  0.0000
180 196  0.0000  0.0000  0.0000
188 196  0.0000  0.0000 16.1088
196 196 -0.1313 -0.0812 16.9211
204 196  0.0000  0.0000  0.0000
212 196  0.0000  0.0000  0.0000
220 196  0.0000  0.0000  0.0000
228 196  0.0000  0.0000  0.0000
236 196  0.0000  0.0000  0.0000
244 196  0.0000  0.0000  0.0000
252 196  0.0000  0.0000 11.1304
260 196  0.0000  0.0000  0.0000
268 196  0.0000  0.0000 11.1304
276 196  0.0000  0.0000 11.1304
284 196 -0.5000  0.0000  8.8276
292 196  0.0000  0.0000 16.1088
  4 204 -0.5000  0.0000  8.8276
 12 204  0.0000  0.0000 12.0455
 20 204  0.0473 -0.0943  7.2772
 28 204 -0.0207  0.1030 16.4285
 36 204  0.1939  0.0414  9.3137
 44 204  1.0000  0.0000  6.5641
 52 204  0.0578  0.4337  9.0220
 60 204  0.0000  0.0000 11.1304
 68 204  0.0000  0.0000  0.0000
 76 204  0.0000  0.0000  0.0000
 84 204  0.0000  0.0000  0.0000
 92 204  0.0000  0.0000  0.0000
100 204 -0.0418 -0.1521 12.6567
108 204  0.0000  0.0000  0.0000
116 204  0.0000  0.0000  0.0000
124 204  0.0000  0.0000  0.0000
132 204 -0.4681  0.0000  9.5738
140 204  0.0000  0.0000  0.0000
148 204  0.0000  0.0000 16.1088
156 204  0.0000  0.0000 11.1304
164 204  0.0000  0.0000 12.0628
172 204  0.0000  0.0000 11.1304
180 204  0.0000  0.0000 11.1304
188 204  0.0000  0.0000 11.1304
196 204  0.0000  0.0000 12.0455
204 204  0.0000  0.0000  0.0000
212 204  0.0000  0.0000 11.1304
220 204  0.0000  0.0000  0.0000
228 204  0.0000  0.0000 11.1304
236 204  0.0000  0.0000  0.0000
244 204  0.0000  0.0000  0.0000
252 204  0.0000  0.0000 11.1304
260 204  0.0000  0.0000  0.0000
268 204  0.0000  0.0000 11.1304
276 204  0.0000  0.0000 11.1304
284 204  0.0000  0.0000 17.0667
292 204     NaN -5.1203  5.4468
  4 212  0.0000  0.0000 16.1088
 12 212  0.0000  0.0000 11.1304
 20 212  0.0000  0.0000 22.2609
 28 212  0.0257 -0.0354  9.4250
 36 212  0.0698 -0.2911 10.5124
 44 212  4.5000 -0.1174 13.8795
 52 212  0.0000  0.0000 16.1088
 60 212  0.0000  0.0000  0.0000
 68 212  0.0000  0.0000 11.1304
 76 212  2.5000  0.0000  8.8276
 84 212 -0.5000  0.0000  8.8276
 92 212  0.0000  0.0000  0.0000
100 212  0.2917  0.0000 11.1304
108 212  0.0000  0.0000  0.0000
116 212  0.0000  0.0000  0.0000
124 212  0.0000  0.0000 11.1304
132 212 -0.0788 -0.2077  9.6936
140 212  0.0000  0.0000  0.0000
148 212  0.0000  0.0000 16.1088
156 212  0.0000  0.0000  0.0000
164 212  0.0000  0.0000 12.0628
172 212  0.0000  0.0000  0.0000
180 212  0.0000  0.0000  0.0000
188 212  0.0000  0.0000 11.1304
196 212  0.1960  2.5000 11.1304
204 212  0.0000 -0.5000  8.8276
212 212  0.0000  0.0000  0.0000
220 212  0.0000  0.0000  0.0000
228 212  0.0000  0.0000  0.0000
236 212  0.0000  0.0000  0.0000
244 212  0.0000  0.0000  0.0000
252 212  0.0000  0.0000  0.0000
260 212  0.0000  0.0000  0.0000
268 212  0.0000  0.0000 12.0628
276 212  0.0000  0.0000  0.0000
284 212  0.0000  0.0000  0.0000
292 212  0.0000  0.0000  0.0000
  4 220  0.0000  0.0000 11.1304
 12 220  0.0000  0.0000  0.0000
 20 220  0.0000  0.0000 16.1088
 28 220  0.0000  2.5000  8.8276
 36 220  0.0000  0.0000 13.5576
 44 220 -0.5000  0.0000  8.8276
 52 220  0.0000  0.0000 11.1304
 60 220  0.0000  0.0000  0.0000
 68 220  0.0000  0.0000  0.0000
 76 220  0.0000  0.0000  0.0000
 84 220  0.0000  0.0000  0.0000
 92 220  0.0000  0.0000  0.0000
100 220  0.0000  0.0000 11.1304
108 220  0.0000  0.0000  0.0000
116 220  0.0000  0.0000  0.0000
124 220  0.0000  0.0000  0.0000
132 220  0.1071  0.3268  9.8171
140 220  0.0000  0.0000  0.0000
148 220  0.0000  0.0000 11.1304
156 220  1.5000  0.0000  8.2581
164 220  0.0000  0.0000 11.1304
172 220  0.0000  0.0000  0.0000
180 220  0.0000  0.0000  0.0000
188 220  0.0000  0.0000  0.0000
196 220  0.0000  0.0000 13.3565
204 220  0.0000  0.0000  0.0000
212 220  0.0000  0.0000  0.0000
220 220  0.0000  0.0000  0.0000
228 220  0.0000  0.0000  0.0000
236 220  0.0000  0.0000  0.0000
244 220  0.0000  0.0000  0.0000
252 220  0.0000  0.0000  0.0000
260 220  0.0000  0.0000  0.0000
268 220  0.0000  0.0000 19.1045
276 220  0.0000  0.0000 11.1304
284 220  0.0000  0.0000 11.1304
292 220  0.0000  0.0000  0.0000
