VARIABLES= "X pix", "Y pix", "U pix/dt", "V pix/dt", "CHC", ZONE I=28, J=37
  4   4  0.0027  0.0000 11.7274
 12   4  0.0434  0.0000 10.0321
 20   4  0.0591  0.0000 10.0321
 28   4  0.0288  0.0000 10.0321
 36   4  0.0000  0.0779  9.6262
 44   4 -0.0285  0.0000  9.9992
 52   4 -0.0499  0.0000  9.9992
 60   4 -0.0638  0.0000  9.9992
 68   4 -0.0666 -0.0062 10.1490
 76   4 -0.0606  0.0000 11.0456
 84   4 -0.0068  0.0048 10.9743
 92   4 -0.0012  0.0063 10.9413
100   4  0.0057  0.0000 10.9734
108   4  0.0012 -0.0147 11.0651
116   4 -0.0038 -0.0321 12.5431
124   4  0.0091  0.0000 11.9747
132   4  0.0040  0.0099 11.1017
140   4  0.0405  0.0162 11.5943
148   4  0.0557  0.0000 11.4532
156   4  0.0719  0.0000 11.5553
164   4  0.0000  0.0705 11.6451
172   4  0.0000  0.0166 11.5214
180   4  0.0000  0.0286 12.1954
188   4  0.0000 -0.0733 11.8362
196   4 -0.0006  0.0414 11.4087
204   4  0.0279  0.0000 11.9393
212   4  0.0266  0.0000 11.2849
220   4 -0.0015  0.0000 10.8064
228   4 -0.0192  0.0000 13.5798
236   4  0.0036  0.1136 13.1045
244   4  0.0500  0.0000 10.6667
252   4  0.0000  0.0817 10.7142
260   4 -0.0259  0.0000 12.5208
268   4 -0.0335  0.0000 14.6976
276   4 -0.0384  0.0000 13.0803
284   4 -0.0535  0.0000 13.2965
292   4 -0.0752  0.0000 12.1260
  4  12 -0.0985  0.0264 12.0802
 12  12 -0.0410  0.0000  9.2086
 20  12  0.0000 -0.2863 11.9626
 28  12 -0.0074  0.0000  9.2086
 36  12 -0.0726  0.0000 17.4387
 44  12 -0.1592 -0.0331  9.4473
 52  12  0.0000 -0.2749  9.9740
 60  12  0.0000 -0.1017 10.2884
 68  12 -0.0270 -0.2810 10.0599
 76  12  0.0000 -0.2535  7.2720
 84  12  0.0802  0.0000  6.6321
 92  12  0.0000 -0.1421 13.4737
100  12 -1.1714  0.1408 11.6024
108  12  0.1295  0.6421 11.4569
116  12  0.1529  0.0000  7.7372
124  12  0.0632  0.0000  8.5247
132  12  0.0330  0.0000  9.2945
140  12  0.0136 -0.1574  8.6635
148  12 -0.0330  0.0000  7.6401
156  12 -0.0159  0.1314 13.8470
164  12 -0.0644  0.0025 22.6872
172  12  0.0696  0.0945  7.9520
180  12 -0.0047 -0.0225  6.8021
188  12 -0.0404  0.0000  6.8867
196  12 -0.0347  0.0000  7.7111
204  12 -0.0202  0.0000  8.8049
212  12 -0.0302  0.0000  9.6837
220  12 -0.0474  0.0000  9.4671
228  12 -0.0821  0.0000  8.3289
236  12 -0.0629  0.0000  9.3931
244  12 -0.1181  0.0244 10.9558
252  12  0.0140  0.0000  9.8973
260  12  0.0160  0.2045 10.8820
268  12  0.0752 -0.0173 11.4019
276  12  0.0544  0.0000 14.2561
284  12  0.0137  0.0000 15.7268
292  12 -0.0117  0.0000 18.7497
  4  20  0.0025 -0.0477 11.6529
 12  20  0.0000 -0.0151 10.0013
 20  20 -0.0595  0.0267 11.5872
 28  20  0.0000  0.0060 11.2439
 36  20  0.0518  0.0010 10.1787
 44  20 -0.0071  0.0522  9.4440
 52  20 -0.0660  0.0000 10.1612
 60  20 -0.0344  0.0162 13.8100
 68  20  0.0039 -0.0477 15.1726
 76  20 -0.0376 -0.1000 18.4051
 84  20  0.0422  0.0007 16.2034
 92  20  0.0324  0.0047 17.6186
100  20 -0.0176 -0.0219 11.9460
108  20  0.0653  0.0174 15.6987
116  20 -0.0326  0.0044 17.6486
124  20 -0.0451  0.0000 15.9941
132  20 -0.0037  0.0110 16.0216
140  20 -0.0070  0.0049 20.0310
148  20 -0.0029 -0.0054 25.0104
156  20 -0.0510  0.0015 23.3783
164  20  0.0057 -0.0016 25.7416
172  20 -0.1179  0.0173 26.9530
180  20  0.0985 -0.0009 50.2110
188  20 -0.0013 -0.0005 24.5607
196  20 -0.0072 -0.0091 26.8765
204  20  0.0048  0.0000 23.0513
212  20 -0.0093 -0.0053 23.1282
220  20 -0.0041  0.0000 24.3363
228  20  0.0177  0.0000 19.7609
236  20  0.0197  0.0000 19.1554
244  20 -0.0601  0.0000 18.6506
252  20  0.0356  0.0000 12.3004
260  20 -0.0744  0.0000 13.5433
268  20 -0.2518  0.0000 10.8907
276  20 -0.3326  0.0000 12.9233
284  20 -0.1981  0.0000 16.5155
292  20 -0.0347  0.0000 19.9716
  4  28  0.0354  0.0000 12.4437
 12  28  0.0239  0.0000 19.6961
 20  28  0.0122 -0.0019 15.7732
 28  28 -0.0001  0.0263  9.4172
 36  28  0.0029  0.0269  8.6912
 44  28  0.0009  0.0279  8.1606
 52  28 -0.1541  0.0000  7.8760
 60  28 -0.0358  0.0000  7.4536
 68  28  0.0008 -0.0292  8.5650
 76  28 -0.0068  0.0092  8.1579
 84  28  0.0000 -0.0535  7.2908
 92  28 -0.0519 -0.0094  7.2370
100  28 -0.0035  0.0086  8.5677
108  28 -0.0028 -0.0126  7.6129
116  28 -0.0016 -0.0287  8.6166
124  28  0.0438  0.0076  7.6777
132  28  0.0000 -0.0000  6.2470
140  28 -0.0359 -0.1718  5.8303
148  28  0.0029 -0.0218  7.9468
156  28  0.0142  0.0014 20.6508
164  28  0.0393 -0.0215 15.8768
172  28 -0.0807  0.0055 17.7500
180  28  0.0002 -0.0267 11.2909
188  28 -0.2214  0.0000  7.6217
196  28 -0.5415  0.0000  6.9738
204  28 -0.6931  0.0000  6.2518
212  28 -0.3797  0.0000  6.3932
220  28 -0.0480  0.0000  6.2197
228  28  0.0639  0.0000  6.5999
236  28 -0.0035 -0.1079  6.5827
244  28  0.0132  0.0018  6.6632
252  28 -0.0065 -0.0060  6.7395
260  28 -0.3540  0.0000  6.8471
268  28 -0.6963  0.0000  8.0181
276  28 -0.7332  0.0000  7.6455
284  28 -0.1313  0.0000  7.2036
292  28  0.0035  0.0000  6.4167
  4  36  0.0336  0.0000  8.1693
 12  36  0.0818 -0.0334  6.1098
 20  36  0.0234  0.0000  7.6412
 28  36 -0.0169  0.0000 16.1088
 36  36 -0.2387  0.0000 13.7993
 44  36 -0.1330  0.0000 13.7993
 52  36 -0.0034  0.0000 15.9971
 60  36  0.0184  0.0000 13.6395
 68  36  0.0193  0.0079 11.7142
 76  36  0.0917  0.0101  9.0513
 84  36 -0.0875  0.1235  7.4685
 92  36 -0.2831 -0.1639  8.3530
100  36  0.5000 -0.0155 12.0089
108  36  0.2368  0.0000  0.0000
116  36 -0.2391  0.0000  0.0000
124  36 -0.7412  0.0000  0.0000
132  36 -1.0492  0.0305 12.6667
140  36 -0.5000  0.2290 13.8575
148  36 -0.0145 -0.0094  6.7964
156  36 -0.0067  0.0037 10.8970
164  36  0.0069  0.0396 12.5399
172  36 -0.0397  0.0261  9.7931
180  36 -0.0065 -0.0213 11.9973
188  36 -0.8344  0.0000  7.6858
196  36 -1.6420  0.0000  9.4824
204  36 -1.6653  0.0000 10.6476
212  36 -0.0000  0.0000 13.1400
220  36  0.0138  0.0000 15.4368
228  36 -0.0047  0.0000 12.8227
236  36  0.0013  0.0000 13.7993
244  36  0.0115  0.1149 10.5456
252  36 -0.0235  0.3939  8.7892
260  36 -0.6673  0.0000 14.4906
268  36 -0.2697  0.0000  9.4762
276  36  0.0000  0.0000 10.0731
284  36  0.0683  0.0000 19.1471
292  36  0.1133  0.0000 15.5009
  4  44  0.1484  0.0000 11.0903
 12  44  0.0109  0.0000 12.4405
 20  44 -0.1842  0.0000 11.3866
 28  44  0.2197  0.0000  8.9436
 36  44  0.1249  0.0000  8.8076
 44  44 -0.2467  0.0000  7.3143
 52  44 -0.6525  0.0000 10.2230
 60  44 -0.8449  0.0000 11.1304
 68  44 -0.5449  0.0000  0.0000
 76  44 -0.2075  0.0000  0.0000
 84  44 -0.0578 -0.4337  9.0220
 92  44 -0.0458  0.1012 14.0274
100  44  0.5000 -0.3889  6.6693
108  44 -0.0789  0.0000  0.0000
116  44 -1.2441  0.0000  0.0000
124  44 -2.4291  0.0000  0.0000
132  44 -2.7620  2.5000  9.9740
140  44  0.7780 -0.0886  6.3244
148  44  0.0173  0.0002  7.6584
156  44 -0.0029 -0.0059 21.7679
164  44 -0.0276  0.0004 11.3093
172  44 -0.0211 -0.0130 15.9755
180  44 -0.0106  0.0266 10.0348
188  44 -1.3070 -0.0337 12.4709
196  44 -0.1960 -0.5000 11.1304
204  44  0.1355 -0.0507 12.4474
212  44  0.0981  0.0000 12.4405
220  44  0.1457  0.0000 15.4368
228  44  0.1945  0.0000 10.6057
236  44  0.1368 -0.0022  9.8331
244  44 -0.2315 -0.0555  6.5577
252  44  0.0000  0.0000 12.4998
260  44 -0.0019  0.0000 15.9971
268  44 -0.2362  0.0000 11.0903
276  44 -0.5069  0.0000 12.5823
284  44 -0.6357  0.0000 21.6846
292  44 -0.5184  0.0000 15.9566
  4  52 -0.3649  0.0000  7.2698
 12  52 -0.3032  0.0000 10.2729
 20  52  0.2270  0.0000  0.0000
 28  52  0.2627  0.0000  0.0000
 36  52 -0.2251  0.0000 19.1045
 44  52 -1.1616  0.0000  0.0000
 52  52 -1.9676  0.0000 11.1304
 60  52 -1.8604  0.0000 11.1304
 68  52 -0.0006  0.0000  0.0000
 76  52  0.1611  0.0000  0.0000
 84  52  0.3068  0.0000 10.1191
 92  52  0.4043 -0.4043  8.0000
100  52 -0.5459 -0.0259 13.9083
108  52 -0.4902  0.0000  7.3911
116  52 -0.6605  0.0000 11.9011
124  52  0.2076  0.0667  9.6020
132  52  0.3145  0.0264 11.0777
140  52  0.0000 -0.1877  7.8203
148  52  0.0063 -0.0109  5.9942
156  52  0.0000 -0.0008  5.7961
164  52 -0.0008 -0.0019  5.8150
172  52  0.0001  0.0003  5.9774
180  52  0.0082  0.0266  5.7480
188  52 -0.0473  0.0614  7.3016
196  52 -0.2167  0.0000  7.3911
204  52 -0.3855  0.0000 12.5445
212  52 -0.4803  0.0000 17.0667
220  52 -0.4502  0.0000 16.1088
228  52 -0.4427  0.0000 12.8656
236  52 -0.5356  0.0000  8.5951
244  52  0.3843  0.0000  9.5208
252  52  0.0335  0.0000  9.9952
260  52 -0.1990  0.0000 11.5903
268  52 -0.8519  0.0000  9.9881
276  52 -1.3034  0.0000  8.7453
284  52 -1.1521  0.0000 11.6309
292  52 -0.2921  0.0000  9.7011
  4  60  0.0420  0.0000 17.8000
 12  60  0.1325  0.0000 11.1304
 20  60  0.0363  0.0000  0.0000
 28  60 -0.5229  0.0000 11.1304
 36  60 -0.5737  0.0000 11.1304
 44  60 -0.3569  0.0000  0.0000
 52  60  0.2337  0.0000 11.1304
 60  60  0.2695  0.0000 11.1304
 68  60 -0.0509  0.0000  0.0000
 76  60 -0.3412  0.0000  0.0000
 84  60 -0.6601  0.0000 11.0215
 92  60 -0.1312 -0.2064  9.0775
100  60 -0.1717 -0.2513 10.2400
108  60 -0.3127 -0.1061  9.8739
116  60 -0.2570  0.0000 11.1304
124  60 -0.2585  0.0000 11.1304
132  60 -0.3032  0.0000 16.1088
140  60 -0.3730  0.0000 16.1088
148  60 -0.3370 -0.2060  9.7117
156  60 -0.3950  0.0000 11.2634
164  60 -0.5361  0.0000 16.1088
172  60  0.5000  0.0000  8.4768
180  60 -0.1960  0.0000 11.1304
188  60 -0.0418 -0.1521 12.6567
196  60 -0.6236  0.0000  0.0000
204  60 -0.7961  0.0000 11.1304
212  60 -0.6913  0.0000 11.1304
220  60 -0.3242  0.0000 11.1304
228  60 -0.0874  0.0000 11.1304
236  60 -0.1601  0.0000 19.1045
244  60 -0.2974  0.0000 11.1304
252  60 -0.6015  0.0000 16.1088
260  60 -0.6935  0.0000 11.9011
268  60 -0.3700  0.0000 11.9011
276  60  0.1960  0.0000 11.1304
284  60  0.1960  2.5000 11.1304
292  60  0.0186  0.0000 11.1304
  4  68 -0.0800  0.0000 11.1304
 12  68 -0.0694  0.0000  0.0000
 20  68  0.2419  0.0000  0.0000
 28  68  0.1249  0.0000 11.1304
 36  68 -0.1564  0.0000 11.1304
 44  68 -0.2629  0.0000 11.1304
 52  68 -0.2294  0.0000  0.0000
 60  68 -0.1892  0.0000 11.1304
 68  68 -0.3133  0.0000 16.6957
 76  68 -0.2206  0.0000 11.0903
 84  68 -0.1733  0.5523  8.2522
 92  68 -0.1105 -0.0159  9.5991
100  68  0.5303  0.0000 11.9011
108  68  0.0000 -0.1024  9.7637
116  68 -0.2661  0.0000  9.4208
124  68 -0.8400  0.0000 16.1088
132  68 -0.4804  0.0000  9.2086
140  68 -0.3861  0.0000 11.9011
148  68 -0.2895  0.0000 13.1641
156  68 -0.0713  0.0000 12.5445
164  68 -0.3944  0.0000 11.1304
172  68 -0.4335  0.0000  0.0000
180  68 -0.6204  0.0000 11.1304
188  68 -0.9386  0.0000 16.1088
196  68 -0.7047  0.0000 11.9011
204  68 -0.2842  0.0000 13.5576
212  68 -0.1255  0.0000 11.1304
220  68  0.0482  0.0000 11.1304
228  68  0.3634  0.0000 22.2609
236  68  0.7659  0.0000  0.0000
244  68  1.0529  0.0000 16.1088
252  68  0.6814  0.0000 11.1304
260  68  0.0864  0.0000 11.1304
268  68 -0.2457  0.0000 12.6242
276  68 -0.1878  0.0000  9.2237
284  68 -0.0058  0.2411  9.6546
292  68 -0.2313  0.0000 12.0628
  4  76  0.1643  0.0000  0.0000
 12  76  0.4617  0.0000 16.1088
 20  76  0.8441  0.0000  0.0000
 28  76  0.6379  0.0000 20.7059
 36  76  0.1830  0.0000 13.6456
 44  76 -0.2626  0.1888  7.7057
 52  76 -1.2188  0.0495  7.9684
 60  76 -0.0730  0.0318 10.0787
 68  76 -0.1400  0.0000  8.7491
 76  76 -0.3060 -0.0814  9.4577
 84  76  0.1538 -0.4196 12.3286
 92  76 -0.5000  0.1588 10.5785
100  76 -0.1349  0.0000  0.0000
108  76 -0.1482  0.0000 19.1045
116  76 -1.0000 -0.0169 11.3179
124  76 -0.8807  0.0000 11.1304
132  76 -0.5433  0.0000 16.1088
140  76 -0.3309  0.0637  7.1846
148  76  0.0755 -0.0653 11.8819
156  76  0.7207  0.0000 20.7059
164  76  1.4988  0.0000  0.0000
172  76  1.9852  0.0000  0.0000
180  76  1.2055  0.0000  0.0000
188  76  0.1780  0.0000  0.0000
196  76 -0.3930  0.0000 11.1304
204  76 -0.2907 -0.0403 10.5761
212  76 -0.0584  0.0000  0.0000
220  76  0.0000  0.1960 11.1304
228  76  0.9612  0.0000 13.1728
236  76  1.2276  0.0000  0.0000
244  76  1.9880  0.0000 16.1088
252  76  0.7345  0.0000 11.1304
260  76  0.3572  0.0000 11.1304
268  76  0.0274  0.0000 12.0455
276  76 -0.3260  0.0000  0.0000
284  76  0.0519  0.0000 11.1304
292  76 -0.0254  0.0000 16.1088
  4  84 -0.2146  0.0000  0.0000
 12  84 -0.1556  0.0000 12.2969
 20  84  0.0785  0.0000 11.1304
 28  84  0.8854  0.0000 16.1088
 36  84  1.3070  0.0337 12.4709
 44  84 -0.0837  0.0000  0.0000
 52  84 -0.5096  0.0000 17.0667
 60  84 -0.3078 -0.1021  7.6998
 68  84  0.1212 -0.0530 16.6957
 76  84  0.2498  0.0000 19.4783
 84  84  0.7372  0.0000  8.0000
 92  84  1.6418  0.0000 16.9590
100  84  2.5000  0.0000  8.8276
108  84  1.2834  0.0000 11.1304
116  84  0.0298  0.0496 10.5666
124  84 -0.5663 -0.2602  9.3659
132  84 -0.2057  0.3583 11.6463
140  84  0.7009  0.0000  9.7047
148  84  2.5000  4.5000  4.0635
156  84  2.5000  0.0000  8.8276
164  84  1.6202  0.0000  0.0000
172  84  2.7655  0.0000  0.0000
180  84  0.7313  0.0000  0.0000
188  84  0.4579  0.0000  0.0000
196  84  0.3310  0.0000  0.0000
204  84  0.3468  2.5000 10.2045
212  84  0.2547  0.0000 11.1304
220  84  0.0976  0.0000 12.5445
228  84 -0.0308  0.0000 20.7059
236  84  0.0412  0.0000  0.0000
244  84  0.4514  0.0000 16.1088
252  84  1.5310  0.0000 16.1088
260  84  2.5000  0.0000  8.8276
268  84  0.2599  0.0000 11.3947
276  84 -0.3701  0.0000 11.1304
284  84 -0.3968  0.0000 11.1304
292  84 -0.2266  0.0000 16.1088
  4  92 -0.1678  0.0000 12.0067
 12  92  0.0000  2.0000 11.1304
 20  92  0.4139  0.0000 19.1045
 28  92  0.4681  0.0000  9.5738
 36  92  0.3441  0.0000  0.0000
 44  92  0.0265  0.0000  8.0000
 52  92  0.1318 -0.0214 11.1304
 60  92  0.0957  0.0191 12.5315
 68  92  0.2740 -0.6853  7.5640
 76  92  2.5000  0.0000 11.9626
 84  92  1.5002  0.0000 16.1088
 92  92  0.2080 -0.2715 12.3107
100  92  2.5000  0.0000  8.8276
108  92  0.5656  0.0000  0.0000
116  92  0.3187  0.0000 11.1304
124  92  0.1898  0.0000 11.1304
132  92  0.1876 -5.0000  8.5995
140  92  0.1007  0.0000 16.6957
148  92  0.0448  0.0000 12.0628
156  92  0.0048  0.0000 11.0903
164  92  0.0000  0.3007  8.9968
172  92  0.0000 -0.2730 10.6474
180  92  0.6108  0.0000 13.6955
188  92  1.2620  0.0000 16.6956
196  92  0.2908  0.0000  0.0000
204  92 -0.3081  0.0000  0.0000
212  92 -0.5420  0.0000 16.1088
220  92 -0.6012  0.0000  0.0000
228  92 -0.5757  0.0000  0.0000
236  92 -0.4722  0.0000 19.1045
244  92 -0.2827  0.0000 11.1304
252  92 -0.2107  0.0000 11.1304
260  92 -0.1047  0.0000 16.1088
268  92  0.0000  2.5000  8.9154
276  92  0.3879  0.0000  0.0000
284  92  0.1008  0.0000  0.0000
292  92 -0.4768  0.0000  0.0000
  4 100 -0.5000  0.0000  8.8276
 12 100 -0.3127  0.0000 11.1304
 20 100 -0.6104  0.0000 10.1191
 28 100  0.2950  0.0000 17.0667
 36 100  0.2676  0.0000  9.7047
 44 100  0.0163  0.0000 16.6957
 52 100 -0.2441  0.0000  0.0000
 60 100 -0.5000  0.0000  8.8276
 68 100 -0.3070  0.0000  0.0000
 76 100 -0.1390  0.0000  0.0000
 84 100 -0.0806  0.0000  0.0000
 92 100 -0.2232  0.0000 16.1088
100 100 -0.4728  0.0000  0.0000
108 100 -0.5000  0.0000 11.1304
116 100  0.2033  0.0000  0.0000
124 100 -0.0062  0.0000  0.0000
132 100 -0.3436  0.0000  0.0000
140 100 -0.5879  0.0000  9.4208
148 100 -0.7733  0.0000  0.0000
156 100 -0.7259  0.0000 13.3565
164 100 -0.6095  0.0000 11.1304
172 100 -0.4451  0.0000 13.3565
180 100 -0.2420  0.0000  9.4208
188 100  0.1146  0.0101 17.4161
196 100  0.7736  0.0000 11.1304
204 100  1.3272  0.0000  0.0000
212 100  0.7881  0.0000 11.1304
220 100 -0.0418 -0.1521 12.6567
228 100  0.0000 -2.0000 11.1304
236 100 -0.5965  0.0000 16.1088
244 100 -1.2070  0.0000 20.7059
252 100 -1.6309  0.0000 11.9011
260 100 -0.0868 -0.0378 15.2803
268 100 -0.1989  0.0000  0.0000
276 100 -0.3845  0.0000  0.0000
284 100 -0.5510  0.0000  0.0000
292 100 -0.4302  0.0000 11.1304
  4 108 -0.2189  0.0000 16.6957
 12 108 -0.0672  0.0000  9.3177
 20 108 -0.2295  0.0000  0.0000
 28 108 -0.4341  0.0000 12.0455
 36 108 -0.4116  0.0000  0.0000
 44 108  0.0306  1.1731 10.3746
 52 108 -0.1209  0.0000 16.1088
 60 108 -0.2452  0.0000  0.0000
 68 108 -0.2930  0.0000  0.0000
 76 108 -0.5000  0.0000  8.8276
 84 108 -0.4308  0.0000 11.1304
 92 108 -0.3739  0.0000  0.0000
100 108 -0.2525  0.0000  0.0000
108 108  0.0408  0.0000  0.0000
116 108  0.6371  0.0000  0.0000
124 108  1.6067  0.0000 16.1088
132 108  2.5000  0.0000  8.8276
140 108  1.6678  0.0000 10.1191
148 108  0.6552  0.0000 20.7059
156 108  0.0578  0.0000  9.4208
164 108 -0.7199  0.0000  0.0000
172 108 -1.5135  0.0000 11.1304
180 108 -2.4835  0.0000  0.0000
188 108 -0.5000  0.0000  8.8276
196 108 -0.2814  0.0000  0.0000
204 108 -0.3501  0.0000 11.1304
212 108 -0.4869  0.0000  0.0000
220 108 -0.4624  0.0000 16.1088
228 108 -0.3045  0.0000  0.0000
236 108 -0.1671  0.0000  0.0000
244 108 -0.2081  0.0000  0.0000
252 108 -0.3151  0.0000  0.0000
260 108 -0.3171  0.0000 16.1088
268 108 -0.1959  0.0000 16.1088
276 108 -0.2888  0.0000 11.1304
284 108 -0.0366  0.0000  0.0000
292 108  0.5795  0.0000  0.0000
  4 116  1.0092  0.0000 19.1045
 12 116  0.5000  0.0000  8.4768
 20 116  0.1510  0.0000 11.9011
 28 116  0.0369  0.0000 17.0667
 36 116  0.2108  0.0000 16.1088
 44 116  0.7102  0.0000  0.0000
 52 116  1.5023  0.0000  0.0000
 60 116  2.0981  0.0000  0.0000
 68 116  1.6681  0.0000 11.1304
 76 116  0.8375  0.0000 11.1304
 84 116  0.0479  0.0000  0.0000
 92 116 -0.6828  0.0000 19.4783
100 116 -1.3070  0.0337 12.4709
108 116 -1.9459  0.0000 11.1304
116 116  0.0198  0.1052  6.0094
124 116 -0.1113  0.0609  6.5653
132 116 -0.2319 -0.1485 11.4270
140 116 -0.4348  0.0000 16.1088
148 116 -0.5000  4.5000  4.0635
156 116 -0.3778  0.0000 12.0628
164 116 -0.2284  0.0000  0.0000
172 116 -0.1691  0.0000 11.1304
180 116 -0.2172  0.0000  0.0000
188 116 -0.2312  0.0000  0.0000
196 116 -0.2510  0.0000 11.1304
204 116 -0.5000  0.0000  8.8276
212 116 -0.0656  0.0000  0.0000
220 116  1.2150  0.0000  0.0000
228 116  2.5000  0.0000  8.8276
236 116  1.3840  0.0000 11.1304
244 116  0.5430  0.0000  0.0000
252 116  0.1764  0.0000  0.0000
260 116  0.1554  0.0000 11.1304
268 116  0.4043 -0.4043  8.0000
276 116  0.9611  0.0000 11.1304
284 116  1.4330  0.0000  0.0000
292 116  1.3273  0.0000  0.0000
  4 124  0.7549  0.0000  0.0000
 12 124  0.0231  0.0000 11.1304
 20 124 -0.4081  0.0000  0.0000
 28 124 -0.3620  0.0000  0.0000
 36 124 -0.0370  0.0000  0.0000
 44 124  0.2075  0.0000  0.0000
 52 124 -0.1661  0.0000 11.1304
 60 124 -0.2770  0.0000 16.1088
 68 124 -0.4691  0.0000 11.1304
 76 124 -0.5350  0.0000 11.9011
 84 124 -0.4356  0.0000 11.9011
 92 124 -0.2736  0.0000  8.0000
100 124 -0.1469  0.0000 10.3584
108 124 -0.1904  0.0000  0.0000
116 124 -0.1491  0.0239  7.8868
124 124 -0.0168  0.0973  6.2548
132 124 -0.2445  0.0845 12.3536
140 124 -0.5000  0.1588 10.5785
148 124  0.5643  0.0000 11.1304
156 124  1.3599  0.0000 12.0455
164 124  0.7332  0.0000  0.0000
172 124  0.2641  0.0000  0.0000
180 124  0.0506  0.0000  0.0000
188 124 -0.0112  0.0000 11.1304
196 124  0.0546  0.0000  0.0000
204 124  0.3610  0.0000  0.0000
212 124  0.8650  0.0000 11.1304
220 124  1.0585  0.0000 11.1304
228 124  0.7346  0.0000 11.1304
236 124  0.0000 -0.1960 11.1304
244 124 -0.1456  0.0000 11.1304
252 124  0.7262  0.0000 11.1304
260 124  2.5000  0.1588 10.5785
268 124  0.7285  0.0000 11.1304
276 124 -0.0854  0.0325  7.8282
284 124 -0.2246 -0.1982 14.3801
292 124 -0.5189  0.0000  0.0000
  4 132 -0.5857  0.0000  0.0000
 12 132 -0.4917  0.0000  0.0000
 20 132 -0.3594  0.0000  0.0000
 28 132 -0.2911  0.0000  0.0000
 36 132 -0.3468  2.5000 10.2045
 44 132 -0.3338  0.0000 16.1088
 52 132 -0.2792  0.0000 16.1088
 60 132 -0.4058  0.0000  0.0000
 68 132 -0.4850  0.0000 11.1304
 76 132  0.0695  0.0000  0.0000
 84 132  0.4552  0.0000 11.1304
 92 132  0.0000  2.5000  8.8276
100 132  0.0203 -0.1804 15.3082
108 132 -0.0050  0.0000  0.0000
116 132 -0.1146 -0.0101 17.4161
124 132 -0.2462  0.0000 12.0628
132 132 -0.1612 -0.2400 10.5812
140 132  0.5123  0.0000  0.0000
148 132  1.0485  0.0000  0.0000
156 132  1.0515  0.0000 12.0628
164 132  0.1866  0.0000 16.1088
172 132 -0.1105  0.0000  0.0000
180 132  1.4134  0.0000  0.0000
188 132  4.5000 -0.5000  4.0635
196 132  1.8497  0.0000 16.1088
204 132  1.1123  0.0000 11.1304
212 132 -0.2156  0.0000 17.2183
220 132 -0.5703  0.0000 11.1304
228 132 -0.5640  0.0000 11.1304
236 132 -0.4460  0.0000 11.1304
244 132 -0.3383  0.0000 11.1304
252 132 -0.3195  0.0000  0.0000
260 132 -0.4153  0.0000 11.1304
268 132 -0.5209  0.0000 12.0455
276 132 -0.5088  0.0000 16.1088
284 132 -0.5587  0.0000 16.1088
292 132 -0.4983  0.0000 11.1304
  4 140 -0.0089  0.0000  0.0000
 12 140  0.7129  0.0000  0.0000
 20 140  1.2478  0.0000  0.0000
 28 140  0.8856  0.0000 19.4783
 36 140  0.3487  0.0000 11.9011
 44 140 -0.1039  0.0000 16.1088
 52 140 -0.3349  0.0000 11.1304
 60 140 -0.2218  0.0000  0.0000
 68 140  0.3801  0.0000 16.1088
 76 140  1.1001  0.0000 11.1304
 84 140  1.5000 -0.5000  4.0635
 92 140  0.2604  0.0000 16.1088
100 140 -0.5000 -0.1588 10.5785
108 140  1.3282  0.0000 11.9011
116 140  4.2389  0.0000 16.1088
124 140  2.0469  0.0000 11.1304
132 140  2.5000 -4.8879  4.3390
140 140  0.0000  1.5000  5.4468
148 140 -0.2239  0.0000  0.0000
156 140 -0.2369  0.0000 12.0628
164 140 -0.1706  0.0000 19.1045
172 140 -0.1111  0.0000  0.0000
180 140 -0.1300  0.0000 11.1304
188 140 -0.2659  0.0000 16.1088
196 140 -0.5000 -0.0391  9.3822
204 140 -0.5087  0.0000  0.0000
212 140 -0.6105  0.0000 11.1304
220 140 -0.5924  0.0000 11.1304
228 140 -0.1423  0.0000  0.0000
236 140  0.9268  0.0000  0.0000
244 140  2.5000  0.1180  9.2850
252 140  1.5446  0.0000 16.1088
260 140  0.5409  0.0000 16.1088
268 140 -0.1841  0.0418 12.3683
276 140 -0.4851  0.0000  0.0000
284 140 -0.4289  0.0000  0.0000
292 140 -0.0209  0.0000 11.1304
  4 148  0.4974  0.0000  0.0000
 12 148  0.7329  0.0000  0.0000
 20 148  0.2166  0.0000 11.1304
 28 148  0.0717  0.0000 12.0628
 36 148  1.4256  0.0000  0.0000
 44 148  3.5557  0.0000  0.0000
 52 148  0.1960  2.5000 11.1304
 60 148  2.2677  0.0000 11.1304
 68 148  2.5000  0.0000  8.8276
 76 148  1.1233  0.0000 16.1088
 84 148  0.4681  0.0000  9.5738
 92 148  0.3157  0.0000  0.0000
100 148  0.2964  0.0000  0.0000
108 148  0.2725  0.0000 16.1088
116 148  0.2292  0.0000 11.1304
124 148  0.1823  0.0852 10.3403
132 148 -0.1329  0.0000  0.0000
140 148 -0.5089  0.0000  0.0000
148 148 -0.7201  0.0000  0.0000
156 148 -0.5502  0.0000 12.0455
164 148  0.1068 -0.3135 15.1963
172 148  0.8659  0.0000 11.1304
180 148  0.6344  0.0000 11.1304
188 148  0.0705  0.0000 11.1304
196 148 -0.4631  0.0000  0.0000
204 148 -0.7636  0.0000  0.0000
212 148 -0.8007  0.0000  0.0000
220 148 -0.5857  0.0000  0.0000
228 148 -0.2427  0.0000 11.1304
236 148 -0.0026  0.0000 11.1304
244 148  0.0982  0.0000  0.0000
252 148  0.4154  0.0000  0.0000
260 148  1.4662  0.0000  0.0000
268 148  3.0245  0.0000  0.0000
276 148 -0.2540  0.0000  0.0000
284 148  1.2201  0.0000  0.0000
292 148  1.5835  0.0000 11.1304
  4 156  0.8187  0.0000  0.0000
 12 156  0.6662  0.0000  0.0000
 20 156  0.7071  0.0000 16.1088
 28 156  0.6988  0.0000 16.1088
 36 156  0.6262  0.0000  0.0000
 44 156  0.5269  0.0000  0.0000
 52 156  0.3968  0.0000 11.1304
 60 156  0.1068  0.3135 15.1963
 68 156 -0.3720  0.0000  0.0000
 76 156 -0.6004  0.0217  6.8903
 84 156 -0.1140  0.1079 19.3902
 92 156  2.3677  0.1145 12.8207
100 156  0.1142 -0.1142 10.6035
108 156 -0.2334  0.0000  0.0000
116 156 -0.4959  0.0000  0.0000
124 156 -0.8236  0.0000 11.1304
132 156 -1.0851  0.0000 11.1304
140 156 -1.1941  0.0000  0.0000
148 156 -1.1089  0.0000 13.5576
156 156 -0.8134  0.0000 11.1304
164 156 -0.5000  0.0000 11.1304
172 156  0.0380  0.0000 11.1304
180 156  0.5426  0.0000 11.1304
188 156  1.3411  0.0000 11.1304
196 156  2.5000  0.0000  8.8276
204 156 -0.4135  0.0000 11.1304
212 156  0.2642  0.0000  0.0000
220 156  0.4034  0.0000  0.0000
228 156  0.0000 -0.5000  8.8276
236 156  0.7743  0.0000  0.0000
244 156  1.1104  0.0000  0.0000
252 156  1.0552  0.0000 11.1304
260 156  0.8479  0.0000  0.0000
268 156  0.6082  0.0000  0.0000
276 156  0.3411  0.0000  0.0000
284 156  0.0006  0.0000  0.0000
292 156 -0.3885  0.0000 11.1304
  4 164 -0.6125  0.0000 11.1304
 12 164 -0.5031  0.0000 11.1304
 20 164 -0.0418  0.1521 12.6567
 28 164 -0.4540  0.0000  0.0000
 36 164 -0.5547  0.0000  0.0000
 44 164 -0.7379  0.0000 11.1304
 52 164 -1.0237  0.0000  0.0000
 60 164 -1.2877  0.0000 14.5615
 68 164 -1.4374  0.0000 11.1304
 76 164 -1.4070  0.1518 10.3087
 84 164 -0.9832  0.0000  0.0000
 92 164 -0.4483  0.0000 11.1304
100 164  0.1960  0.0000 11.1304
108 164  0.5584  0.0000  0.0000
116 164  0.9858  0.0000 16.1088
124 164  1.4951  0.0000 11.1304
132 164 -0.3740  0.0000  0.0000
140 164 -0.1841  0.0418 12.3683
148 164  0.1460  0.0000 11.1304
156 164  0.6139  0.0000  0.0000
164 164  1.6784  0.0000 11.1304
172 164  1.7241  0.0000 11.1304
180 164  1.3277  0.0000  0.0000
188 164  0.8937  0.0000 11.1304
196 164  0.5175  0.0000 11.1304
204 164  0.1565  0.0000  0.0000
212 164 -0.1880  0.0000  0.0000
220 164 -0.4310  0.0000  0.0000
228 164 -0.5212  0.0000  0.0000
236 164 -0.4509  0.0000  0.0000
244 164 -0.3183  0.0000  0.0000
252 164 -0.3138  0.0000  0.0000
260 164 -0.3256  0.0000 11.1304
268 164 -0.6335  0.0000  0.0000
276 164 -1.0207  0.0000 11.1304
284 164 -1.3115  0.0000  0.0000
292 164 -1.4194  0.0000 11.1304
  4 172 -1.2905  0.0000 11.1304
 12 172 -0.8652  0.0000 12.0628
 20 172 -0.3350  0.0000 11.1304
 28 172  0.1451  0.0000 11.1304
 36 172  0.4059  0.0000 11.1304
 44 172  0.5463  0.0000 11.1304
 52 172  0.5000  0.0000 11.1304
 60 172 -0.1960  0.0000 11.1304
 68 172 -0.2568  0.0000 12.0455
 76 172  0.0837  0.0000  0.0000
 84 172  0.9455  0.0000  0.0000
 92 172  2.5000  0.0000  8.8276
100 172  1.9719  0.0000 16.1088
108 172  1.1933  0.0000  0.0000
116 172  0.6423  0.0000 11.1304
124 172  0.2711  0.0000  0.0000
132 172 -0.0921  0.0000  8.2581
140 172 -0.4043  0.4043  8.0000
148 172 -0.4729  0.0000 11.1304
156 172 -0.3587  0.0000  0.0000
164 172 -0.1535 -0.0643 13.8667
172 172 -0.0391  0.0000 11.1304
180 172  0.1069  0.0000  0.0000
188 172  0.1760  0.0000 16.1088
196 172 -0.4265  0.0000 11.1304
204 172 -0.9781  0.0000  0.0000
212 172 -1.2832  0.0000 11.1304
220 172 -1.3189  0.0000  0.0000
228 172 -1.0946  0.0000  0.0000
236 172 -0.6539  0.0000 11.1304
244 172 -0.1702  0.0000  0.0000
252 172  0.1289  0.0000  0.0000
260 172  0.2708  0.0000 11.1304
268 172  0.2569  0.0000  0.0000
276 172  0.0075  0.0000  0.0000
284 172 -0.4554  0.0000  0.0000
292 172 -0.5174  0.0000 11.1304
  4 180 -0.3780  0.0000 11.1304
 12 180  0.0000 -0.5000  8.8276
 20 180  1.1340  0.0000 16.1088
 28 180  0.9655  0.0000  0.0000
 36 180  0.3366  0.0000  0.0000
 44 180  0.0473  0.0000 11.1304
 52 180 -0.0585 -0.2413 13.6170
 60 180 -0.3132  0.0000  0.0000
 68 180 -0.5441  0.0000 12.0455
 76 180 -0.5285  0.0000  0.0000
 84 180 -0.2578  0.0000  0.0000
 92 180  0.0113  0.0000  0.0000
100 180  0.0888  0.0000  0.0000
108 180  0.2360  0.0000 11.1304
116 180  0.5000  0.0000 11.1304
124 180 -0.5335  0.0000  0.0000
132 180 -1.1216  0.0000 11.1304
140 180 -1.3322  0.0000 11.1304
148 180 -1.2540  0.0000 11.1304
156 180 -0.9372  0.0000 13.5576
164 180 -0.4685  0.0000 14.5615
172 180  0.0000  2.5000  8.8276
180 180  0.1240  0.0000 16.1088
188 180  0.2040  0.0000 13.1641
196 180  0.1619  0.0000  0.0000
204 180 -0.1045  0.0000  0.0000
212 180 -0.8504  0.0000  0.0000
220 180 -0.7631  0.0000  0.0000
228 180 -0.5530  0.0000  0.0000
236 180 -0.2048  0.0000 11.1304
244 180  0.2636  0.0000  0.0000
252 180 -0.0270  0.0000  0.0000
260 180 -0.7253  0.0000  0.0000
268 180 -0.5779  0.0000 11.1304
276 180 -0.3138  0.0000 11.1304
284 180 -0.4416  0.0000 11.1304
292 180 -0.6873  0.0000  0.0000
  4 188 -0.6660  0.0000 11.1304
 12 188 -0.2142  0.0000 11.1304
 20 188  0.0698 -0.2911 10.5124
 28 188 -0.1672  0.0000  0.0000
 36 188 -0.5207  0.0000  0.0000
 44 188 -0.6199  0.0000 11.1304
 52 188 -1.3737  0.3471  8.2581
 60 188 -1.4653  0.0000 12.0455
 68 188 -1.4220  0.0000  0.0000
 76 188 -1.2180  0.0000 11.1304
 84 188 -0.8388  0.0000  0.0000
 92 188 -0.4108  0.0000  0.0000
100 188 -0.0751  0.0000  0.0000
108 188  0.0308  0.1823 13.1845
116 188  0.1996  0.0000 16.1088
124 188  0.2511  0.0000  0.0000
132 188  0.0832  0.3131  9.8462
140 188 -1.2952  0.0000 16.1088
148 188 -1.0050  0.0000 17.0667
156 188 -0.6002  0.0000  8.2581
164 188 -0.1276  0.3321 10.3409
172 188  0.1447  0.0000 11.1304
180 188 -0.2205  0.0000 11.1304
188 188 -1.3070  0.0337 12.4709
196 188 -0.6027  0.0000  0.0000
204 188  0.0000 -0.5000  8.8276
212 188 -0.2344  0.0000  0.0000
220 188 -0.7337  0.0000 11.1304
228 188 -0.8950  0.0000 16.1088
236 188 -0.1439  0.0000  0.0000
244 188  0.0546  0.0000  0.0000
252 188 -0.3766  0.0000  0.0000
260 188 -1.1838 -0.5000  7.5779
268 188 -1.0756  0.0000 11.1304
276 188 -1.1988  0.0000 11.1304
284 188 -1.2557  0.0000  0.0000
292 188 -1.2598  0.0000 11.1304
  4 196 -1.0840  0.0000 11.1304
 12 196 -0.6766  0.0000 16.1088
 20 196 -0.2932  0.0000 11.1304
 28 196 -0.0209  0.0000  0.0000
 36 196  0.1403  0.0000 11.1304
 44 196  0.3337  0.0000 16.1088
 52 196  0.5000 -0.0930 14.1070
 60 196  0.5297  0.0000 19.4783
 68 196 -1.8309  0.0000  0.0000
 76 196 -1.3364  0.0000  0.0000
 84 196 -0.7067  0.0000  0.0000
 92 196  0.0042  0.0000 11.1304
100 196  0.6465  0.0000 11.1304
108 196  1.0000  0.0000  9.2850
116 196  0.3819  0.0000  0.0000
124 196  0.6854  0.0000  0.0000
132 196  1.0000  0.0000  9.2850
140 196  0.4521  0.0000 11.1304
148 196 -0.4641  0.0000 17.7895
156 196 -1.0756  0.0431  7.0865
164 196  0.2302 -0.2714  9.1038
172 196  0.3501  0.0000  8.0000
180 196  0.0712  0.1675  8.3037
188 196 -0.5423  0.0000  0.0000
196 196 -0.5436  0.0000 19.1045
204 196 -0.4313  0.0000 11.1304
212 196 -0.6130  0.0000  0.0000
220 196 -0.8357  0.0000  0.0000
228 196 -0.8240  0.0000  0.0000
236 196 -0.3732  0.0000  0.0000
244 196 -0.0789  0.0000  0.0000
252 196  0.0989  0.0000  0.0000
260 196  0.2420  0.0000 16.1088
268 196  0.4341  0.0000  0.0000
276 196  0.6651  0.0000  0.0000
284 196  0.9140  0.0000 11.1304
292 196 -2.5236  0.0000  0.0000
  4 204 -1.8378  0.0000 11.1304
 12 204 -1.0053  0.0000 12.0628
 20 204 -0.0779  0.0000 11.1304
 28 204  0.8311  0.0000  0.0000
 36 204  1.5268  0.0000 11.1304
 44 204  1.7419  0.0000  0.0000
 52 204  2.1798  0.0000 16.1088
 60 204  2.5000  0.0000  8.8276
 68 204  1.6432  0.0000 11.1304
 76 204  0.5783  0.0000  0.0000
 84 204 -0.0747  0.0000  0.0000
 92 204  0.2938  0.0000  0.0000
100 204  0.3305  0.0000 12.0628
108 204  0.1478  0.0000 11.1304
116 204 -0.1025  0.0000  0.0000
124 204  0.0103  0.0000 11.1304
132 204  0.3468 -0.5000 10.2045
140 204  0.2254  0.0000  0.0000
148 204 -0.1357 -0.2503 11.6825
156 204 -0.4043  0.4043  8.0000
164 204  0.0982  0.2693  9.7086
172 204  0.1569  0.0000 16.1088
180 204  0.1602  0.0000 20.7059
188 204  0.2342  0.0000 11.1304
196 204  0.4262  0.0000 11.1304
204 204  0.7282  0.0000  0.0000
212 204  1.1356  0.0000  0.0000
220 204 -3.4047  0.0000  0.0000
228 204 -2.5402  0.0000  0.0000
236 204 -1.5334  0.0000  0.0000
244 204 -0.4083  0.0000  0.0000
252 204  0.7681  0.0000  0.0000
260 204  1.8519  0.0000 11.1304
268 204  2.6371  0.0000 11.1304
276 204  3.2200  0.0000 11.1304
284 204  3.3651  0.0000  0.0000
292 204  2.6589  0.0000 11.1304
  4 212  1.6285  0.0000  0.0000
 12 212  0.7885  0.0000 16.1088
 20 212  0.4476  0.0000 11.1304
 28 212  0.1966  0.0000 11.1304
 36 212  0.0179  0.0000 11.1304
 44 212 -0.0346  0.0000 11.1304
 52 212  0.0000  2.5000  8.8276
 60 212 -0.5000  0.0000  8.8276
 68 212  1.2093  0.0000 12.0628
 76 212  1.3179  0.0000 12.0628
 84 212  0.7604  0.0000  0.0000
 92 212  0.4393  0.0000  0.0000
100 212  0.1628  0.0000 11.1304
108 212 -0.0192  0.0000 16.1088
116 212  0.0039  0.0000  0.0000
124 212  0.2365  0.0000 11.1304
132 212  0.6385  0.0000 11.1304
140 212  1.1783  0.0000 11.1304
148 212 -4.4512  0.0000 11.1304
156 212 -3.4317  0.0000 16.1088
164 212 -2.2868  0.0000 19.4783
172 212 -0.9792  0.0000  0.0000
180 212  0.5103  0.0000 11.1304
188 212  2.1145  0.0000  0.0000
196 212  3.4272  0.0000 16.1088
204 212  4.2474  0.0000  0.0000
212 212  4.3799  0.0000  0.0000
220 212  3.7196  0.0000  0.0000
228 212  2.5907  0.0000 11.1304
236 212  1.4113  0.0000 11.1304
244 212  0.4912  0.0000 16.1088
252 212 -0.1154  0.0000 11.1304
260 212 -0.2864  0.0000  8.2581
268 212  0.1154  0.0000 11.1304
276 212  1.1183  0.0000  0.0000
284 212  2.4170  0.0000 11.1304
292 212  4.5000 -0.5000  4.0635
  4 220  3.7142  0.0000  0.0000
 12 220  2.0491  0.0000 11.1304
 20 220  0.5514  0.0000  9.4948
 28 220 -0.2271 -0.5000  9.5143
 36 220 -0.6024  0.0000 16.1088
 44 220 -0.5509  0.0000 16.1088
 52 220 -0.1888  0.0000 11.1304
 60 220  0.3778  0.0000  0.0000
 68 220  1.0731  0.0000  0.0000
 76 220 -5.5933  0.0000  0.0000
 84 220 -4.4746  0.0000 11.1304
 92 220 -3.2602  0.0000 11.1304
100 220 -1.8283  0.0000 16.1088
108 220  0.0000  2.5000  8.8276
116 220  2.5000  0.0000  8.8276
124 220  4.5353  0.0000 16.1088
132 220  5.7401  0.0000  0.0000
140 220  5.9231  0.0000  0.0000
148 220  5.1154  0.0000 11.1304
156 220  3.6126  0.0000 16.1088
164 220  1.8436  0.0000 16.1088
172 220  0.2281  0.0000  0.0000
180 220 -0.8830  0.0000 11.1304
188 220 -1.1457  0.0000  0.0000
196 220 -0.1960  2.5000 11.1304
204 220  2.3125  0.0000 11.1304
212 220  5.3030  0.0000  0.0000
220 220  7.3274  0.0000  0.0000
228 220  6.1841  0.0000  0.0000
236 220  3.0036  0.0000 16.1088
244 220 -0.2780  0.1270 13.3759
252 220 -1.5578  0.0000 11.1304
260 220 -1.8192  0.0000 13.1641
268 220 -1.5079  0.0000  0.0000
276 220 -0.8628  0.0000  0.0000
284 220 -0.0310  0.0000 16.1088
292 220  0.8843  0.0000 12.0628
