VARIABLES= "X pix", "Y pix", "U pix/dt", "V pix/dt", "CHC", ZONE I=28, J=37
  4   4  0.0000  0.0000 11.7274
 12   4  0.0000  0.0000 10.0321
 20   4  0.0000  0.0000 10.0321
 28   4  0.0000  0.0000 10.0321
 36   4  0.0000  0.0000 10.0099
 44   4  0.0000  0.0000  9.9992
 52   4  0.0000  0.0000  9.9992
 60   4  0.0000  0.0000  9.9992
 68   4 -0.0566 -0.0199 10.0601
 76   4 -0.0437  0.0128 10.9762
 84   4  0.0000  0.0000 10.9734
 92   4  0.0000  0.0000 10.8767
100   4  0.0000  0.0000 10.9734
108   4 -0.0012  0.0017 11.1102
116   4  0.0005  0.0463 12.1946
124   4 -0.0109 -0.0280 12.1500
132   4  0.0000  0.0000 10.9705
140   4 -0.0040 -0.0289 11.1888
148   4  0.0000  0.0000 11.4532
156   4  0.0000  0.0000 11.5553
164   4  0.0006 -0.0148 11.2561
172   4  0.0000  0.0000 11.9483
180   4  0.0000  0.0000 12.2644
188   4  0.0000  0.0000 11.2712
196   4  0.0000  0.0000 11.0358
204   4 -0.0527 -0.0137 10.9645
212   4  0.0000  0.0000 11.2820
220   4  0.0000  0.0000 11.1106
228   4  0.0113  0.0080 12.3555
236   4  0.0000  0.0000 14.1759
244   4  0.0000  0.0000 10.5581
252   4 -0.0037 -0.0426 11.4422
260   4  0.0721  0.0646 13.3575
268   4  0.0070  0.0006 11.5906
276   4 -0.1029 -0.0269 12.4227
284   4  0.0000  0.0000 13.0803
292   4  0.1067 -0.0243 12.3402
  4  12 -0.3444 -0.2089 12.5902
 12  12  0.1077 -0.2268  9.1614
 20  12 -0.2630 -0.1505 10.6075
 28  12  0.0000  0.0000  9.2086
 36  12  0.0000  0.0000  7.7329
 44  12  0.0000  0.0000  9.2086
 52  12  0.0000  0.0000  9.2086
 60  12  0.0000  0.0000  9.6034
 68  12 -0.0315  0.0000 10.3859
 76  12  0.0000  0.5000  6.6321
 84  12  0.0000  0.5000  6.6321
 92  12  0.0000  0.0000 12.0628
100  12 -0.1528  0.0216 13.6012
108  12  0.0629 -0.2891 11.6476
116  12  0.0000  0.0000  7.7372
124  12  0.0000 -0.1652  7.8022
132  12  0.0000  0.0000 10.4890
140  12 -0.0130 -0.0538  8.4183
148  12  0.0000  0.0000  7.6401
156  12 -0.0815 -0.0188 10.4490
164  12  0.0189  0.0026 22.1752
172  12 -0.0225  0.2055  7.2626
180  12  0.0217  0.2977  6.5097
188  12  0.0127 -0.0045  6.9187
196  12  0.0000  0.0000  7.6307
204  12 -0.0036  0.0139  8.6656
212  12  0.0103 -0.0082 10.1921
220  12  0.0000  0.0000  9.1919
228  12  0.0000  0.0159  8.4235
236  12  0.0567 -0.0088  9.1788
244  12  0.0000  0.0000  9.8802
252  12 -0.0241  0.0029 10.7634
260  12  0.0000  0.0000 12.8694
268  12  0.0000  0.0000 11.5090
276  12 -0.0092 -0.1734 13.0761
284  12  0.0267 -0.0749 13.9591
292  12 -0.0112  0.1223 16.5303
  4  20  0.0000  0.0000 11.9887
 12  20  0.0000  0.0000  8.8649
 20  20 -0.0052  0.0696 10.8745
 28  20 -0.0403  0.0049 11.4297
 36  20  0.0000  0.0000 10.5264
 44  20  0.0000  0.0000  8.9928
 52  20  0.0000  0.0000 11.4732
 60  20  0.0000  0.0022 14.1158
 68  20  0.0153  0.0030 14.3055
 76  20  0.0000  0.0000 19.8051
 84  20  0.0000  0.0000 16.4116
 92  20  0.0000  0.0000 18.0093
100  20  0.0000  0.0000 12.4575
108  20  0.0000  0.0000 15.5254
116  20  0.0000  0.0000 16.5754
124  20  0.0000  0.0000 15.8200
132  20 -0.0014 -0.0003 15.3917
140  20  0.0000  0.0000 19.0184
148  20 -0.0369  0.0195 24.2963
156  20  0.0016 -0.0369 22.3411
164  20 -0.0409 -0.0460 24.7909
172  20  0.0473  0.0062 27.2843
180  20 -0.0010  0.0000 44.0073
188  20  0.0000  0.0000 24.1956
196  20 -0.0091 -0.0025 28.1466
204  20  0.0000  0.0000 22.5698
212  20  0.0000  0.0000 23.6106
220  20 -0.0267 -0.0097 20.3859
228  20 -0.0142 -0.0031 21.1430
236  20 -0.0558  0.0222 20.8039
244  20  0.0000  0.0000 17.0391
252  20  0.0140  0.0400 12.0618
260  20  0.0007  0.0342 14.0873
268  20 -0.0007  0.0112 10.8623
276  20  0.0336 -0.0109 12.6906
284  20 -0.0565  0.0297 14.5223
292  20 -0.0363  0.0208 19.0610
  4  28  0.0000  0.0000 12.7563
 12  28  0.0000  0.0000 19.1601
 20  28  0.0000  0.0000 15.9109
 28  28  0.0000  0.0000  9.3869
 36  28 -0.0263  0.0021  8.6052
 44  28 -0.0086 -0.0014  8.3268
 52  28 -0.0000  0.0000  7.8748
 60  28  0.0000 -0.0136  7.4429
 68  28  0.0013 -0.0517  8.6226
 76  28  0.0153  0.0009  8.3807
 84  28  0.0000  0.0000  7.1987
 92  28  0.0000  0.0000  7.2816
100  28  0.0000  0.0000  8.5896
108  28  0.0000  0.0000  7.5318
116  28  0.0340 -0.0326  9.3959
124  28 -0.0417 -0.0018  7.7457
132  28 -0.1011 -0.0432  6.0112
140  28 -0.0166 -0.0272  5.7460
148  28 -0.0072 -0.0058  7.8818
156  28 -0.0280 -0.0158 20.4579
164  28 -0.0046  0.0161 15.0929
172  28  0.0087  0.0285 17.6643
180  28  0.0000  0.0000 12.0112
188  28  0.0000  0.0000  7.7344
196  28  0.0370  0.0025  6.9946
204  28  0.0043 -0.0238  6.0904
212  28 -0.0048 -0.0061  6.3522
220  28  0.0000  0.0000  6.3515
228  28  0.0407  0.0069  6.4971
236  28  0.0000  0.0000  6.6998
244  28  0.0672 -0.0077  6.8377
252  28  0.0064  0.0025  6.7068
260  28  0.0000  0.0000  6.7063
268  28  0.0075 -0.0005  7.8882
276  28  0.0007  0.0175  7.7350
284  28 -0.0015 -0.0100  7.1411
292  28  0.0000  0.0000  6.5121
  4  36  0.0000  0.0000  7.9289
 12  36  0.0000  0.0000  6.5131
 20  36  0.0000  0.0000  7.5372
 28  36  0.0000  0.0000 19.1471
 36  36  0.0000  0.0000 13.8188
 44  36  0.1765 -0.0164 13.3612
 52  36  0.0436  0.0380 16.7300
 60  36  0.0000  0.0000 14.7761
 68  36 -0.0195 -0.0074 11.7546
 76  36  0.0143 -0.0033  9.0264
 84  36  0.0000  0.1073  7.9788
 92  36  0.0000  0.0000 11.3765
100  36  0.0000  0.0000 13.8277
108  36  0.0000  0.0000  0.0000
116  36  0.0000  0.0000  0.0000
124  36  0.0000  0.0000  0.0000
132  36  0.0000  0.0000  0.0000
140  36  0.0000  0.0000  0.0000
148  36 -0.0111 -0.0043  6.8341
156  36 -0.0062  0.0051 11.0958
164  36  0.0042 -0.0488 12.1920
172  36  0.0000  0.0000  9.5383
180  36  0.0000  0.0000 12.4127
188  36  0.0000  0.0000  7.6858
196  36  0.0000  0.0000  9.1323
204  36  0.0000  0.0000 10.2728
212  36 -0.0000  0.0000 13.1400
220  36 -0.0848 -0.0023 15.0423
228  36  0.0000  0.0000 12.8227
236  36  0.0000  0.0000 11.0903
244  36 -0.0115 -0.1149 10.5456
252  36  0.0000  0.0000 11.0903
260  36  0.0000  0.0000 13.9950
268  36  0.0115  0.1149 10.5456
276  36  0.0000  0.0000 10.0731
284  36  0.0000  0.0000 19.1471
292  36  0.0000  0.0000 16.1088
  4  44  0.0000  0.0000  9.4208
 12  44  0.0000  0.0000 15.9971
 20  44  0.1013  0.0105 12.6944
 28  44  0.0000  0.0000 10.5606
 36  44  0.0000  0.0000  7.9027
 44  44 -0.0121 -0.1720  8.1091
 52  44 -0.1175 -0.0949  8.6851
 60  44  0.0000  0.0000  0.0000
 68  44  0.0000  0.0000  0.0000
 76  44  0.0000  0.0000  0.0000
 84  44  0.0366 -0.0937  9.8622
 92  44  0.0000  0.0000 12.0455
100  44  0.0000  0.0000 11.1304
108  44  0.0000  0.0000  0.0000
116  44  0.0000  0.0000  0.0000
124  44  0.0000  0.0000  0.0000
132  44  0.0000  0.0000  0.0000
140  44  0.0000  0.0000  9.8462
148  44 -0.0022 -0.0022  7.4841
156  44  0.0109  0.0059 22.2056
164  44 -0.0001 -0.0211 11.0802
172  44  0.0075 -0.0022 14.5671
180  44  0.0000  0.0000 10.9246
188  44 -1.3070 -0.0337 12.4709
196  44  0.0000  0.0000 22.2609
204  44  0.0000  0.0000 12.7570
212  44  0.0000  0.0000 12.8227
220  44  0.0000  0.0000 16.2968
228  44  0.0000  0.0000 10.6057
236  44  0.0000  0.0000 10.0093
244  44  0.0131  0.1035  7.1215
252  44 -0.0543  0.0430 11.3170
260  44  0.0000  0.0000 15.9971
268  44  0.0000  0.0000 14.0146
276  44 -0.1043  0.0355 13.6826
284  44  0.0000  0.0000 21.6846
292  44 -0.1326 -0.1760 12.0554
  4  52  0.0000  0.0000  7.3454
 12  52  0.0000  0.0000 12.5445
 20  52  0.0000  0.0000  0.0000
 28  52  0.0000  0.0000  0.0000
 36  52  0.0000  0.0000  0.0000
 44  52  0.0000  0.0000  0.0000
 52  52  0.0000  0.0000 11.1304
 60  52  0.0000  0.0000 11.1304
 68  52  0.0000  0.0000  0.0000
 76  52  0.0000  0.0000  0.0000
 84  52  0.0000  0.0000 12.0455
 92  52  0.0000  0.0000  8.0000
100  52 -0.1184 -0.1099 12.5032
108  52  0.0000 -1.7251  8.5018
116  52  0.1841  0.0418 12.3683
124  52  0.0000  0.1556 12.2969
132  52  0.0000  0.0000 15.6775
140  52  0.5589 -0.0761  7.1325
148  52  0.0101  0.0136  6.1614
156  52 -0.0102 -0.0068  5.8889
164  52  0.0000  0.0000  5.7238
172  52 -0.0262  0.0075  5.8082
180  52 -0.0075  0.0155  5.7546
188  52  0.2962 -0.0994  8.2247
196  52 -0.1766 -0.0909  6.9494
204  52  0.1824 -0.6476  8.1940
212  52  0.1824  0.6476  8.1940
220  52  0.0000  0.0000 11.9011
228  52  0.0000  0.0000 17.6251
236  52  0.0000  0.0000 10.1897
244  52  0.0000  0.0000  9.5208
252  52  0.0000  0.0000  9.9952
260  52 -0.1152  0.2427  9.4050
268  52  0.0000  0.0000 12.8656
276  52  0.0316 -0.1749  8.6916
284  52  0.0000  0.0000 13.3851
292  52  0.0000  0.0000  9.0038
  4  60  0.0000  0.0000 19.1045
 12  60  0.0000  0.0000 15.5009
 20  60  0.0000  0.0000 11.1304
 28  60  0.0000  0.0000 11.1304
 36  60  0.0000  0.0000 11.1304
 44  60  0.0000  0.0000 11.1304
 52  60  0.0000  0.0000  0.0000
 60  60  0.0000  0.0000 19.1045
 68  60  0.0000  0.0000  0.0000
 76  60  0.0000  0.0000  0.0000
 84  60 -0.1675  0.0000 14.7813
 92  60 -0.0989 -0.0186  8.4913
100  60 -0.1099 -0.0338 10.6283
108  60  0.0000  0.5000 11.1304
116  60  0.0000  0.0000 11.1304
124  60  0.0000  0.0000 11.1304
132  60  0.0000  0.0000 16.1088
140  60  0.0000  0.0000 16.1088
148  60  0.4504 -0.1457 10.1694
156  60  0.0000  0.0000 11.2634
164  60 -0.5000  0.0000  8.8276
172  60  0.0000  0.0000 11.1304
180  60  0.0418  0.1521 12.6567
188  60  0.1841  0.0418 12.3683
196  60  0.0000  0.0000  0.0000
204  60  0.0000  0.0000 11.1304
212  60  0.0391 -2.5000  9.3822
220  60  0.0000  0.0000 11.1304
228  60  0.0000  0.0000 11.1304
236  60  0.0000  0.0000 11.1304
244  60  0.0000  0.0000 11.1304
252  60  0.4043 -0.4043  8.0000
260  60  0.0000  0.0000 11.9011
268  60 -0.0557 -0.0632 16.2106
276  60 -0.0812 -0.5000 10.1857
284  60  0.0000  0.0000  0.0000
292  60  0.1063  0.0000  6.9728
  4  68  0.0000  0.0000 11.1304
 12  68  0.0000  0.0000 11.1304
 20  68  0.0000  0.0000  0.0000
 28  68  0.0000  0.0000 11.1304
 36  68  0.0000  0.0000 11.1304
 44  68  0.0000  0.0000  0.0000
 52  68  0.0000  0.0000  0.0000
 60  68  0.0000  0.0000 16.1088
 68  68  0.0000  0.0000 19.4783
 76  68  0.0000  0.0000  9.4208
 84  68  0.0000  0.0000  8.1025
 92  68  0.0000  0.0000 11.3696
100  68  0.0000  0.0000 12.3458
108  68 -0.2076  0.0667  9.6020
116  68  0.2627  0.2755 11.7885
124  68 -1.3070  0.0337 12.4709
132  68  0.0000 -0.1556 12.2969
140  68  0.0000  0.0000 12.3458
148  68  0.0000  0.0000 13.1641
156  68  0.0000  0.0000 12.5445
164  68  0.0000  2.0000 11.1304
172  68  0.0000  0.0000  0.0000
180  68  0.0000  0.0000  0.0000
188  68  0.0000  0.0000  0.0000
196  68 -0.2780 -0.1270 13.3759
204  68  0.5000  0.0000  8.4768
212  68  2.5000  0.0000  8.8276
220  68  0.0000  0.0000  8.4768
228  68  0.0913  0.2044 18.7317
236  68  0.0000  0.0000 20.7059
244  68  0.0000  0.0000 11.1304
252  68  0.0000  0.0000  0.0000
260  68  0.0000  0.0000  0.0000
268  68  0.7389  0.5000  8.0688
276  68  0.0137  0.0332 10.4241
284  68  0.0000  0.0000  8.9799
292  68  0.0000  0.0000 12.0628
  4  76 -0.2780 -0.1270 13.3759
 12  76  0.0000  0.0000 16.1088
 20  76  0.0000  0.0000  0.0000
 28  76  0.0000  0.0000  0.0000
 36  76  0.1570  0.0278 13.9708
 44  76  0.0000 -0.3764  7.3143
 52  76  0.5000  0.0934  6.8725
 60  76  0.0000  0.0000 13.0583
 68  76  0.0000  0.0000  9.7444
 76  76  0.3572  0.0424 12.3243
 84  76 -0.1275 -0.0412 21.1729
 92  76 -4.5000  0.0830 13.8795
100  76  0.0000  0.0000  0.0000
108  76  0.0000  0.0000 11.1304
116  76  1.0578 -0.0180 14.0422
124  76  0.0000 -0.5000  8.8276
132  76  0.0000 -0.5000  8.8276
140  76  0.0000  0.0000 11.1304
148  76  0.0000  0.0000 13.1641
156  76  0.0000  0.0000  8.0000
164  76  0.0000  0.0000  0.0000
172  76  0.0000  0.0000  0.0000
180  76  0.0000  0.0000  0.0000
188  76  0.0000  0.0000 11.1304
196  76  0.0000 -0.5000  8.8276
204  76  0.0000  0.0000 12.0628
212  76  0.0000  0.0000  0.0000
220  76  0.0000  0.0000 11.1304
228  76 -0.1313  0.0812 16.9211
236  76  0.0000  0.0000  0.0000
244  76  0.0000  0.0000 11.1304
252  76  0.0000  0.0000  0.0000
260  76  0.0000  0.0000  0.0000
268  76  0.0000 -0.5000  8.8276
276  76  0.0000  0.0000  0.0000
284  76  0.0000  0.0000  0.0000
292  76  0.0000  0.0000 11.1304
  4  84  0.0000  0.0000  0.0000
 12  84  0.0000  0.0000 12.0628
 20  84  0.0000  0.0000 11.1304
 28  84  0.0000  0.0000 16.1088
 36  84 -0.0561 -0.2765  9.5419
 44  84  0.0000  0.0000  0.0000
 52  84  0.0000  0.0000  0.0000
 60  84  0.0000  0.0000  8.3912
 68  84  0.0101  0.0262 14.5681
 76  84 -0.1151 -0.1151 16.5161
 84  84  0.0000  0.0000 20.7059
 92  84  0.0000  0.0000  0.0000
100  84  0.0000  0.0000 16.1088
108  84  0.0000  0.0000 11.1304
116  84  0.0000  0.0000 13.7892
124  84  0.0000  0.3147  7.9175
132  84 -0.0066 -0.0846 13.1034
140  84  0.1968  1.5648  6.9454
148  84  0.5000  0.0000  8.4768
156  84  0.0000  0.0000 16.1088
164  84  0.0000  0.0000 11.1304
172  84  0.0000  0.0000 11.1304
180  84  0.0000  0.0000  0.0000
188  84  0.0000  0.0000  0.0000
196  84  0.0000  0.0000  0.0000
204  84  0.0000  0.0000 19.1045
212  84  0.0000  0.0000  0.0000
220  84  0.0000  0.0000 11.4743
228  84  0.0000  0.0000 15.5009
236  84  0.0000  0.0000  0.0000
244  84  0.0000  0.0000 13.0803
252  84  0.0000  0.0000 11.1304
260  84  0.0000  0.0000 11.1304
268  84  0.0000  0.0000  0.0000
276  84 -0.1760  0.0000 15.0588
284  84  0.0000  0.0000  0.0000
292  84  0.0000  0.0000  0.0000
  4  92 -0.0824  0.2461  8.5976
 12  92  0.0000  0.0000 11.1304
 20  92  0.0000  2.5000  8.8276
 28  92  0.1912  0.0000 12.4272
 36  92  0.0000  0.0000  0.0000
 44  92 -0.5000 -1.1518  8.9418
 52  92  0.0235  0.3939  8.7892
 60  92 -0.0776  0.0093 14.9071
 68  92 -0.0824  0.2461  8.5976
 76  92  0.0000  0.5781  8.3934
 84  92  0.0000  0.0000 12.0455
 92  92 -0.3732  0.3694 10.3318
100  92  0.0000  0.0000 11.1304
108  92  0.0000  0.0000  0.0000
116  92  0.0000  0.0000 11.1304
124  92 -0.0557 -0.0193 15.2661
132  92  0.0000  0.0000 10.7128
140  92 -0.0913  0.2044 18.7317
148  92  0.0000  0.0000 11.9011
156  92  0.2076 -0.0667  9.6020
164  92  0.0000  0.0000 13.6955
172  92  0.0000  0.0000 13.0803
180  92  0.0000  0.0000 13.0803
188  92  0.0000  0.0000 24.3712
196  92  0.0000  0.0000 11.1304
204  92  0.0000  0.0000 11.1304
212  92  0.0000  0.0000 16.1088
220  92  0.0000  0.0000  0.0000
228  92  0.0000  0.0000  0.0000
236  92  0.0000  0.0000 12.0455
244  92  0.5000  0.0000 11.1304
252  92  0.0000  0.0000  0.0000
260  92  0.0000  0.0000  0.0000
268  92  0.0000  0.0000  0.0000
276  92 -1.5000  0.0000  8.2581
284  92  0.0000  0.0000  0.0000
292  92  0.0000  0.0000  0.0000
  4 100  0.0000  0.0000 11.1304
 12 100  0.0000  0.0000 11.1304
 20 100  0.0000  0.0000 13.1641
 28 100  0.0000  0.0000  0.0000
 36 100 -0.4431  0.8288  8.3138
 44 100  0.0000  0.0000 16.6957
 52 100  0.0000  0.0000  0.0000
 60 100  0.0000  0.0000  0.0000
 68 100  0.5000  0.0000  6.5641
 76 100  0.0000  0.0000  0.0000
 84 100  0.0000  0.0000  0.0000
 92 100  0.0000  0.0000 16.1088
100 100  0.0000  0.0000  0.0000
108 100  0.0000  0.0000 19.1045
116 100  0.0000  0.0000 11.1304
124 100  0.0000  0.0000  0.0000
132 100  0.0000  0.0000  0.0000
140 100 -0.1502  0.0294 11.7575
148 100  0.0000  0.0000  0.0000
156 100  0.0000  0.0000 22.2609
164 100  0.0000 -0.1960 11.1304
172 100  0.0000  0.0000 11.1304
180 100  0.0000  0.0000  7.3911
188 100  0.2404 -0.0190 14.2104
196 100  0.0000  0.0000  0.0000
204 100  0.0000  0.0000  0.0000
212 100  0.0000  0.0000 16.1088
220 100  0.0000  0.0000 12.0455
228 100  0.0000  0.0000 17.0667
236 100  0.0000  0.0000  8.2581
244 100  2.5000  0.1588 10.5785
252 100 -0.1439 -0.0853 11.4193
260 100  0.0000  0.0000 11.1304
268 100  0.0000  0.0000 11.1304
276 100  0.0000  0.0000 11.1304
284 100  0.0000  0.0000 11.1304
292 100  0.0000  0.0000 11.1304
  4 108  0.0000  0.0000 11.9011
 12 108  0.0000  0.0000 11.9011
 20 108  0.0000  0.0000  8.8276
 28 108  0.1656 -0.0786 10.7522
 36 108  0.0000  0.0000  0.0000
 44 108  0.0000  0.0000 16.1088
 52 108 -0.0610  1.0000  8.9210
 60 108  0.0000  0.0000 10.5556
 68 108  0.0000  0.0000  0.0000
 76 108  0.0000  0.0000  0.0000
 84 108  0.0000  0.0000 11.1304
 92 108  0.0000  0.0000  0.0000
100 108  0.0000  0.0000  0.0000
108 108  0.0000  0.0000 11.1304
116 108  0.0000  0.0000 11.1304
124 108  0.0000  0.0000 11.1304
132 108  0.0000  0.0000 16.1088
140 108 -0.3476 -0.2927  7.3438
148 108  0.0000  0.0000 11.1304
156 108  0.0000  0.0000  9.4208
164 108  0.0000  0.0000  0.0000
172 108  0.0000  0.0000 11.1304
180 108  0.0000  0.0000  0.0000
188 108  0.0000  0.0000 16.1088
196 108  0.0000  0.0000  0.0000
204 108  0.0000  0.0000 11.1304
212 108  0.0000  0.0000 11.1304
220 108  0.0000  0.0000 16.1088
228 108  0.0000  0.0000 16.1088
236 108  0.0000  0.0000 14.4198
244 108  0.0000  0.0000  0.0000
252 108  0.0000  0.0000 11.1304
260 108  0.0000  0.0000 16.1088
268 108  0.0000  0.0000 16.1088
276 108  0.0000  0.0000 11.1304
284 108  0.0000  0.0000  0.0000
292 108  0.0000  0.0000  0.0000
  4 116  0.0000  0.0000 11.1304
 12 116  0.0000  0.0000  0.0000
 20 116  0.0000  0.0000 19.4783
 28 116  0.1326  0.0000 10.6209
 36 116 -0.1113 -1.6014 11.9803
 44 116  0.0000  0.0000  0.0000
 52 116 -0.5000  0.0000 14.1070
 60 116 -0.0298 -0.2166 12.8357
 68 116  0.0000  0.0000  0.0000
 76 116  0.0000  0.0000 16.1088
 84 116  0.0000  0.0000  0.0000
 92 116  0.0000  0.0000 19.4783
100 116  0.0000  0.0000 14.4198
108 116  0.0000  0.0000 11.1304
116 116 -0.2247 -0.4182  5.4360
124 116 -0.0304  0.1356  6.0033
132 116 -0.2193 -0.0923  7.5156
140 116  0.0000  0.0000  8.2581
148 116  0.0000  0.0000 17.0667
156 116  0.0000  0.0000 12.0628
164 116  0.0000  0.0000  0.0000
172 116  0.0000  0.0000 11.1304
180 116  0.0000  0.0000  0.0000
188 116  0.0000  0.0000 17.0667
196 116  0.0000  0.0000 11.1304
204 116  0.0000  0.0000 16.1088
212 116  0.0000  0.0000  0.0000
220 116  0.0000  0.0000  0.0000
228 116  0.0000  0.0000 11.1304
236 116  0.0000  0.0000 16.1088
244 116  0.0000  0.0000  0.0000
252 116  0.0000  0.0000  0.0000
260 116  0.0000  0.0000  0.0000
268 116  0.0000  0.0000 11.1304
276 116  0.0707 -0.0970 12.8264
284 116  0.0000  0.0000  0.0000
292 116  0.0000  0.0000 11.1304
  4 124  0.0000  0.0000  0.0000
 12 124  0.0000  0.0000 11.1304
 20 124  0.0000  0.0000  0.0000
 28 124  0.0000  0.0000 16.1088
 36 124  0.0000  0.0000  0.0000
 44 124  0.0000 -0.5000 11.1304
 52 124  0.0000  0.0000 22.2609
 60 124 -0.5000  0.0000  8.8276
 68 124  0.0000  0.0000  0.0000
 76 124  0.0000 -0.5000  8.8276
 84 124  0.0000  0.0000 11.9011
 92 124  0.0000  0.0000  8.0000
100 124  0.1912  0.0000 12.4272
108 124  0.0000  0.0000  0.0000
116 124  0.0887  0.1428  6.8713
124 124 -0.0477 -0.0186  6.6651
132 124  0.0000  0.0000 17.2534
140 124  0.0000  0.0000  8.0000
148 124  0.0000  0.0000  0.0000
156 124  0.0000  0.0000 12.0455
164 124  0.0000  0.0000  0.0000
172 124  0.0000  0.0000  0.0000
180 124  0.0000  0.0000  0.0000
188 124  0.0000  0.0000  0.0000
196 124  0.0000  0.0000  0.0000
204 124  0.0000  0.0000  0.0000
212 124  0.0000  0.0000 11.1304
220 124  0.0000  0.0000 11.1304
228 124  0.0000  0.0000 11.1304
236 124  0.0000  0.0000 16.1088
244 124  0.0000  0.0000  0.0000
252 124  0.0000  0.0000  0.0000
260 124  0.0000  0.0000 11.1304
268 124  0.0000  0.0000 11.1304
276 124  0.0000  0.0000 22.2609
284 124 -0.2780 -0.1270 13.3759
292 124  0.0000  0.0000 11.1304
  4 132  0.0000  0.0000  0.0000
 12 132  0.0000  0.0000  0.0000
 20 132  0.0000  0.0000  0.0000
 28 132  0.0000  0.0000 11.1304
 36 132  0.5000  0.0000 11.1304
 44 132  0.0000  0.0000 16.1088
 52 132  0.0000  0.0000 16.1088
 60 132  0.0000  0.0000  0.0000
 68 132  0.0000  0.0000 19.4783
 76 132 -0.1063 -2.0000  6.9728
 84 132  0.0000  0.0000 11.1304
 92 132  0.0000  0.0000 16.1088
100 132  0.0818 -0.2234 16.7411
108 132  0.0000  0.0000  0.0000
116 132  0.1146  0.0101 17.4161
124 132  0.0000  0.0000 12.0628
132 132 -0.0382  0.0101 13.0442
140 132  0.0000  0.0000  0.0000
148 132  0.0000  0.0000  0.0000
156 132  0.0000  0.0000 12.0628
164 132  0.0000  0.0000 16.1088
172 132  0.0000  0.0000  0.0000
180 132  0.0000  0.0000  0.0000
188 132  0.0000  2.5000  8.8276
196 132  0.2066  0.0578  9.2086
204 132 -0.0417  0.1134  7.3143
212 132 -0.0541  0.5000  8.3718
220 132  0.0000  0.0000 11.1304
228 132  0.0000  0.0000 16.1088
236 132  0.0000  0.0000 11.1304
244 132  0.0000  0.0000 16.1088
252 132  0.0000  0.0000  0.0000
260 132  0.0000  0.0000  0.0000
268 132  2.5000  0.0000  8.8276
276 132  0.0000  0.0000  0.0000
284 132  0.0000  0.0000  0.0000
292 132  0.0000  0.0000 14.5615
  4 140  0.0000  0.0000  0.0000
 12 140  0.0000  0.0000  0.0000
 20 140  0.0000  0.0000  0.0000
 28 140  0.0000  0.0000 19.4783
 36 140  0.0000  0.0000 11.9011
 44 140  0.0000  0.0000 16.1088
 52 140  0.0000  0.0000  0.0000
 60 140  0.0000  0.0000  0.0000
 68 140  0.0000  0.0000 11.1304
 76 140  0.0000  0.0000 11.1304
 84 140  0.0000  0.0000 17.0667
 92 140  0.0000  0.0000 19.4783
100 140  0.0000  0.0000  0.0000
108 140  0.2093  0.0299 13.0089
116 140 -2.3162 -0.1023  9.7439
124 140  0.0000  0.0000  0.0000
132 140  0.5000 -0.0930 14.1070
140 140  0.0000  0.0000 11.1304
148 140  0.0000  0.0000  0.0000
156 140  0.0000  0.0000 11.1304
164 140 -0.5000  0.0000 11.1304
172 140  0.0000  0.0000  0.0000
180 140  0.0000  0.0000  0.0000
188 140  0.0000  2.5000  8.8276
196 140  0.0000  0.0000  0.0000
204 140  0.0000  0.0000  0.0000
212 140  0.0000  0.0000  0.0000
220 140  0.0000  0.0000  0.0000
228 140  0.0000  0.0000 11.1304
236 140  0.0000  0.0000  0.0000
244 140  0.0000  0.0000 13.1641
252 140  0.0000  0.0000 11.1304
260 140  0.0000  0.0000  0.0000
268 140  0.0000  0.0000 16.1088
276 140  0.0000  0.0000 16.1088
284 140  0.0000  0.0000  0.0000
292 140  0.0000  0.0000 12.0628
  4 148  0.0000  0.0000 11.1304
 12 148  0.0000  0.0000 11.1304
 20 148  0.0000  0.0000 22.2609
 28 148 -0.0418  0.1521 12.6567
 36 148  0.0000  0.0000  0.0000
 44 148  0.0000  0.0000  0.0000
 52 148  0.0000  0.0000  0.0000
 60 148  0.0000  0.0000  0.0000
 68 148  1.5000  0.0000  8.2581
 76 148  1.5000  0.0000  8.2581
 84 148 -0.0083  0.0418 11.2576
 92 148  0.0000  0.0000  0.0000
100 148  0.0000  0.0000  0.0000
108 148  0.0000  0.0000 16.1088
116 148  0.0000  0.1960 11.1304
124 148  0.0000  0.0000 17.2183
132 148  0.0000  0.0000 17.0667
140 148  0.0000  0.0000  0.0000
148 148  0.0000 -0.5000  8.8276
156 148  0.0000  0.0000 13.1641
164 148  0.0000 -0.5000  8.8276
172 148  0.0000  0.0000 11.1304
180 148  0.0000  0.0000  0.0000
188 148  0.0000  0.0000 11.1304
196 148  0.0000  0.0000  0.0000
204 148  0.0000  0.0000  0.0000
212 148  0.0000  0.0000  0.0000
220 148  0.0000  0.0000  0.0000
228 148  0.0000  0.0000  0.0000
236 148  0.0000  0.0000  0.0000
244 148  0.0000  0.0000 11.1304
252 148  0.0000  0.0000 11.1304
260 148  0.0000  0.0000  8.2581
268 148  0.0000  0.0000 16.1088
276 148 -0.2727  0.0000 15.0980
284 148  0.1898 -0.2067  6.5641
292 148  0.0000  0.0000 19.4783
  4 156  0.0000  0.0000  0.0000
 12 156  0.0000  0.0000  0.0000
 20 156  0.0000  0.0000 12.0628
 28 156  0.0000  0.0000 11.1304
 36 156  0.0000  0.0000 11.1304
 44 156  0.0000  0.0000  0.0000
 52 156  0.0000  0.0000 11.1304
 60 156  0.0000  0.0000 22.2609
 68 156  0.0000  0.0000 11.1304
 76 156     NaN     NaN  5.4468
 84 156 -0.1076  0.1327 17.6194
 92 156  0.0000  0.0000  0.0000
100 156  0.0000  0.0000  0.0000
108 156  0.0000  0.0000 11.1304
116 156  0.0000  0.0000  0.0000
124 156 -0.0278 -0.2116  9.2086
132 156  0.0000  0.0000  0.0000
140 156  0.0000  0.0000  0.0000
148 156  0.0000  0.0000 11.1304
156 156  0.0000  0.0000  8.2581
164 156  0.0000  0.0000 12.0628
172 156  0.0000  0.0000  0.0000
180 156  0.0000  0.0000  0.0000
188 156  0.0000  0.0000 11.1304
196 156  0.0000  0.0000  0.0000
204 156  0.0000  0.0000  0.0000
212 156  0.0000  0.0000  0.0000
220 156  0.0000  0.0000  0.0000
228 156  0.0000  0.0000 11.1304
236 156  0.0000  0.0000  0.0000
244 156  0.0000  0.0000  0.0000
252 156  0.0000  0.0000 16.1088
260 156  0.0000  0.0000 20.7059
268 156  0.0000  0.0000 22.2609
276 156  0.0000  0.0000  0.0000
284 156  0.0000  0.0000 11.1304
292 156  0.0000  0.0000  0.0000
  4 164  0.0000  0.0000 11.1304
 12 164  0.0000  0.0000 16.1088
 20 164  0.0000  0.0000 12.0455
 28 164  0.0000  0.0000  0.0000
 36 164  0.0000  0.0000  0.0000
 44 164  0.0000  0.0000 11.1304
 52 164  0.0000  0.0000 13.5576
 60 164  0.0000  0.0000 12.0628
 68 164  0.0000  0.0000 11.1304
 76 164  0.0000  0.0000 16.1088
 84 164  0.0000  0.0000  0.0000
 92 164  0.0000  0.0000 16.1088
100 164  0.0000  0.0000 12.0628
108 164  0.0000  0.0000  0.0000
116 164  0.0000  0.0000 11.1304
124 164  0.0000  0.0000 16.1088
132 164  0.0000  0.0000  0.0000
140 164  2.5000  0.0000  8.8276
148 164  0.0000  0.0000  0.0000
156 164  0.0000  0.0000  0.0000
164 164  0.0000  0.0000 13.0803
172 164  0.0000  0.0000 11.1304
180 164  0.0000  0.0000  0.0000
188 164  0.0000  0.0000 19.1045
196 164  0.0000  0.0000 11.1304
204 164  0.0000  0.0000  0.0000
212 164  0.0000  0.0000  0.0000
220 164  0.0000  2.5000  8.8276
228 164  0.0000  0.0000  0.0000
236 164  0.0000  0.0000  0.0000
244 164  0.0000  0.0000  0.0000
252 164  0.0000  0.0000 11.1304
260 164  0.0000  0.0000 20.7059
268 164  0.0000  0.0000 20.7059
276 164  0.0000  0.0000 11.1304
284 164  0.0000  0.0000  0.0000
292 164  0.0000  0.0000 11.1304
  4 172  0.0000  0.0000 11.1304
 12 172  0.0000  0.0000 16.1088
 20 172  0.0000  0.0000 11.1304
 28 172  0.0000  0.0000 11.1304
 36 172  0.0000  0.0000 11.1304
 44 172  0.0000  0.0000  0.0000
 52 172  0.0000  0.0000 19.1045
 60 172  0.0264  0.3145 11.0777
 68 172  0.0000  0.0000 12.0455
 76 172  0.0000  0.0000  0.0000
 84 172  0.0000  0.0000  0.0000
 92 172  0.1113 -1.6014 11.9803
100 172 -0.0308 -0.1823 13.1845
108 172  0.0000  0.0000  0.0000
116 172  0.0000  0.0000 17.2183
124 172  0.0000  0.0000 11.1304
132 172  0.0000  0.0000  8.2581
140 172  0.0000 -0.5000  8.8276
148 172  0.0000  0.0000  0.0000
156 172  0.0000  0.0000  8.2581
164 172  0.0000  0.0000 13.0803
172 172  0.0000  0.0000 11.1304
180 172  0.0000  0.0000  0.0000
188 172  0.0000  0.0000 16.1088
196 172  0.0000  0.0000 11.1304
204 172  0.0000  0.0000  0.0000
212 172  0.0000  0.0000  0.0000
220 172  0.0000  0.0000 11.1304
228 172  0.0000  0.0000  8.2581
236 172  0.0000  0.0000  0.0000
244 172  0.0000  0.0000  0.0000
252 172  0.0000  0.0000  0.0000
260 172  0.0000  0.0000 11.1304
268 172  0.0000  0.0000  0.0000
276 172  0.0000  0.0000  0.0000
284 172  0.0000  0.0000  0.0000
292 172  0.0000  0.0000  0.0000
  4 180  0.0000  0.0000 11.1304
 12 180  0.0000  0.0000 12.0455
 20 180  0.0000  0.0000 11.1304
 28 180  0.0000  0.0000 11.1304
 36 180  0.0000  0.0000 11.1304
 44 180  0.0000  0.0000 11.1304
 52 180 -0.2780  0.1270 13.3759
 60 180 -0.2414  0.0000 11.1304
 68 180 -0.1912  0.0000 12.4272
 76 180  0.0000  0.0000  0.0000
 84 180  0.0000  0.0000  0.0000
 92 180  0.0000  0.0000  0.0000
100 180  0.0000  0.0000 11.1304
108 180  0.0000  0.0000 11.1304
116 180  0.0000  0.0000 19.1045
124 180  0.0000  0.0000  0.0000
132 180  0.0000  0.0000 11.1304
140 180  0.0000  0.0000 12.5445
148 180  0.0000  0.0000 17.0667
156 180  0.0000  0.0000 17.0667
164 180  0.0000  0.0000 13.0803
172 180  0.0000  0.0000  0.0000
180 180  0.0000  0.1063  6.9728
188 180  0.0000  0.0000 11.1304
196 180  0.0000  0.0000  0.0000
204 180  0.0000  0.0000  0.0000
212 180  0.0000  0.0000  0.0000
220 180  0.0000  0.0000  0.0000
228 180 -1.5000  0.0000  8.2581
236 180  0.0000  0.0000  0.0000
244 180  0.0000  0.0000  0.0000
252 180  0.0000  0.0000  0.0000
260 180  0.0000  0.0000  0.0000
268 180  0.0000  0.0000  0.0000
276 180  0.0000  0.0000 11.1304
284 180  0.0000  0.0000  0.0000
292 180  0.0000  0.0000 11.1304
  4 188  0.0000  0.0000 11.1304
 12 188  0.0000  0.0000 16.1088
 20 188  0.0000  0.0000 16.1088
 28 188  0.0000  0.0000 11.1304
 36 188  0.0000  0.0000  0.0000
 44 188  0.0000  0.0000 11.1304
 52 188  0.0000  0.0000 12.0455
 60 188  0.0000  0.0000  9.4948
 68 188  0.0000  0.0000 19.4783
 76 188  0.0000  0.0000  0.0000
 84 188  0.0000  0.0000  0.0000
 92 188  0.0000  0.0000 16.1088
100 188  0.0000  0.0000  0.0000
108 188  0.0000  0.0000 16.1088
116 188  0.0000 -0.5000  8.8276
124 188  0.0000  0.0000  0.0000
132 188  0.0000  0.0000 11.1304
140 188  0.0000  0.0000 11.1304
148 188     NaN  0.0000 17.0667
156 188  0.0000  0.0000  8.2581
164 188  0.0000  0.0000 17.2183
172 188 -0.0418 -0.1521 12.6567
180 188  0.1357  0.2503 11.6825
188 188  0.0000  0.0000 11.1304
196 188  0.0000  0.0000  0.0000
204 188  0.0000  0.0000  0.0000
212 188  0.0000  0.0000  0.0000
220 188  0.0000  0.0000  0.0000
228 188  0.0000  0.0000  0.0000
236 188  0.0000  0.0000 11.1304
244 188  0.0000  0.0000  0.0000
252 188  0.0000  0.0000  0.0000
260 188  0.0000  0.0000  0.0000
268 188  0.0000  0.0000 11.1304
276 188  0.0000  0.0000 17.0667
284 188  0.0000  0.0000  0.0000
292 188  0.0000  0.0000  0.0000
  4 196  0.0000  0.0000 11.1304
 12 196  0.0868 -0.0378 15.2803
 20 196 -1.3070 -0.0337 12.4709
 28 196  0.0000  0.0000  0.0000
 36 196  0.0000 -0.5000  8.8276
 44 196  0.0000  0.0000 16.1088
 52 196  0.0000  0.0000 20.7059
 60 196  0.0000  0.0000 16.6957
 68 196  0.0000  0.0000  0.0000
 76 196  0.0000  0.0000  0.0000
 84 196  0.0000  0.0000  0.0000
 92 196  0.0000  0.0000  0.0000
100 196  0.0000  0.0000 11.1304
108 196  0.4681  0.0000  9.5738
116 196 -0.5000 -0.5000  4.0635
124 196  0.0000  0.0000 11.1304
132 196 -1.5000  0.0000  8.2581
140 196  0.0000  0.0000 11.1304
148 196  0.0000  0.0000  0.0000
156 196  1.3070  0.0337 12.4709
164 196  0.1556  0.0000 12.2969
172 196  0.0000  0.0000 16.1088
180 196  0.0000  0.0000  0.0000
188 196  0.0000  0.0000  0.0000
196 196  0.0000  0.0000 11.1304
204 196  0.0000  0.0000  0.0000
212 196  0.0000  0.0000  0.0000
220 196  0.0000  0.0000  0.0000
228 196  0.0000  0.0000  0.0000
236 196  0.0000  0.0000  0.0000
244 196  0.0000  0.0000  0.0000
252 196 -0.5000  0.0391  9.3822
260 196  0.0000  0.0000  0.0000
268 196  0.0000  0.0000 22.2609
276 196  0.0000  0.0000 16.1088
284 196  0.0000  0.0000 16.1088
292 196 -0.5000  0.0000  8.8276
  4 204  0.0000  0.0000 11.1304
 12 204 -0.0264 -0.3145 11.0777
 20 204  0.0000  0.0000  0.0000
 28 204  0.0000  0.0000  0.0000
 36 204  0.0000  0.0000 11.1304
 44 204 -0.1960  2.5000 11.1304
 52 204  0.0000  0.0000 16.1088
 60 204  0.0000  0.0000 11.1304
 68 204  0.0000  0.0000  0.0000
 76 204  0.0000  0.0000  0.0000
 84 204  0.0000  0.0000 11.1304
 92 204  0.0000  0.0000 11.1304
100 204  0.0000  0.0000 12.0628
108 204  0.0000  0.0000  8.2581
116 204  0.0000  0.0000 11.1304
124 204  0.0000  0.0000 11.1304
132 204 -0.3577  0.0000 13.4737
140 204  0.0000  0.0000  0.0000
148 204  0.0000  0.0000 14.5615
156 204  0.0000  0.0000  0.0000
164 204  0.2220  0.1529  9.0549
172 204  0.0000  0.0000 11.1304
180 204  0.0449 -0.2432 10.2400
188 204  0.0000  0.0000  0.0000
196 204 -0.5000  0.0000  8.8276
204 204  0.1151 -0.1151 16.5161
212 204  0.0000  0.0000 11.1304
220 204  0.0000  0.0000  0.0000
228 204  0.0000  0.0000  0.0000
236 204  0.0000  0.0000  0.0000
244 204  0.0000  0.0000  0.0000
252 204  0.0000  0.0000 11.1304
260 204  0.0000  0.0000  0.0000
268 204  0.0000  0.0000 11.1304
276 204  0.0000  0.0000  0.0000
284 204  0.0000  0.0000 11.1304
292 204  0.0000  0.0000  0.0000
  4 212  0.0000  0.0000  0.0000
 12 212  0.0000  2.5000  8.8276
 20 212  0.0000  0.0000 11.1304
 28 212  0.0000  0.0000  0.0000
 36 212  0.0000  0.0000 11.1304
 44 212  0.0000  0.0000 11.1304
 52 212  0.0000  0.0000 16.1088
 60 212  0.0000  0.0000 16.1088
 68 212  0.0000  0.0000  0.0000
 76 212  0.0000  0.0000  0.0000
 84 212  0.0000  0.0000  0.0000
 92 212  0.0000  0.0000 11.1304
100 212  0.0000  0.0000 12.0455
108 212  0.0000  0.0000 11.1304
116 212  0.0000  0.0000  0.0000
124 212  0.0000  0.0000 11.1304
132 212  0.0000  0.0000 12.0455
140 212  0.0000  0.0000 11.1304
148 212  0.3732 -0.3694 10.3318
156 212  0.0000  0.0000 11.1304
164 212  0.0000  0.0000  8.7810
172 212 -0.5000  0.0000 11.1304
180 212  0.0000  0.0000  0.0000
188 212  0.0000  0.0000  0.0000
196 212  0.0000  0.0000  0.0000
204 212  0.0000  0.0000  0.0000
212 212  0.0000  0.0000  0.0000
220 212  0.0000  0.0000  0.0000
228 212  0.0000  0.0000  0.0000
236 212  0.0000  0.0000 11.1304
244 212  0.0000  0.0000 11.1304
252 212  0.0000  0.0000  0.0000
260 212  0.0000  0.0000  0.0000
268 212  0.0000  0.0000 17.2183
276 212  0.0000  0.0000 11.1304
284 212  0.0000  0.0000 11.1304
292 212  0.0000  0.0000  0.0000
  4 220 -0.5000 -0.5000  4.0635
 12 220  0.0000  0.0000 11.1304
 20 220  0.0000  0.0000 16.1088
 28 220  0.0000  0.0000 12.0628
 36 220  0.0000  2.5000  8.8276
 44 220  0.0000  0.0000 16.1088
 52 220  0.0000  0.0000  0.0000
 60 220  0.0000 -0.5000  8.8276
 68 220 -0.1546 -0.0660 18.6254
 76 220 -0.5000 -0.5000  4.0635
 84 220  0.0000  0.0000  0.0000
 92 220  0.0000  0.0000 11.1304
100 220  0.0000  0.0000 12.0628
108 220  0.0000  0.0000 11.1304
116 220  1.3070  0.0337 12.4709
124 220  0.0000  0.0000 16.1088
132 220 -0.1960 -0.5000 11.1304
140 220  0.0000  0.0000 11.1304
148 220  0.1556  0.0000 12.2969
156 220  0.0000  0.0000 11.1304
164 220  0.0000  0.0000  8.7810
172 220  0.0000  0.0000 19.1045
180 220  0.0000  0.0000  0.0000
188 220  0.0000  0.0000 11.1304
196 220  0.0000  0.0000 16.1088
204 220  0.0000  0.0000 16.1088
212 220  0.0000  0.0000  0.0000
220 220  0.0000  0.0000  0.0000
228 220  0.0000  0.0000  0.0000
236 220  0.0000  0.0000  0.0000
244 220  0.0000  0.0000  0.0000
252 220  0.0000  0.0000  0.0000
260 220  0.0000  0.0000  0.0000
268 220  0.0000  0.0000 11.1304
276 220  0.0000  0.0000  0.0000
284 220  0.0000  0.0000  0.0000
292 220  0.0000  0.0000 11.1304
