VARIABLES= "X pix", "Y pix", "U pix/dt", "V pix/dt", "CHC", ZONE I=28, J=37
  4   4  0.0000 -0.0780 10.6343
 12   4  0.0000  0.0608 10.5684
 20   4  0.0000  0.0122 10.3284
 28   4  0.0000  0.0000 10.1793
 36   4 -0.0111 -0.0531  9.6873
 44   4  0.0000 -0.0127  9.9362
 52   4  0.0000  0.0163  9.4815
 60   4  0.0000 -0.0564  9.4869
 68   4 -0.0057 -0.0340  9.9099
 76   4  0.0000 -0.0214 10.0339
 84   4 -0.0473 -0.0050 10.9994
 92   4 -0.0032  0.0075 10.9934
100   4  0.0435  0.0275 11.0216
108   4 -0.0038 -0.0162 11.1558
116   4  0.0000 -0.0584 12.3209
124   4  0.0000 -0.0299 12.9019
132   4  0.0000 -0.0546 11.7218
140   4  0.0000  0.0000 11.1505
148   4 -0.0452  0.0058 11.0166
156   4  0.0000  0.0489 11.3279
164   4  0.0435 -0.0069 11.5979
172   4  0.0000 -0.0940 11.5234
180   4 -0.0463  0.0192 12.1018
188   4  0.0000 -0.0347 12.0482
196   4  0.0429 -0.0094 11.1854
204   4  0.0023 -0.0749 10.8362
212   4  0.0000  0.0000 10.3311
220   4  0.0000  0.0000 12.5560
228   4  0.0000  0.0000 12.9293
236   4  0.0000  0.1309 13.3565
244   4  0.0000  0.0000 12.4405
252   4  0.0188 -0.1250 12.9868
260   4 -0.0148  0.0410 14.6755
268   4  0.0000  0.1669 12.6856
276   4  0.0000  0.0572 11.1304
284   4  0.0000  0.0000 10.1360
292   4  0.0000  0.0000 10.0354
  4  12  0.0000  0.0000 11.6053
 12  12  0.0000  0.0000 11.6053
 20  12  0.0000 -0.3212  8.9704
 28  12  0.0000  0.0000  9.3279
 36  12  0.0000  0.0000  9.6865
 44  12  0.0000  0.0000  9.2086
 52  12  0.0000  0.0000 11.1304
 60  12  0.0000  0.5000  8.0842
 68  12  0.0207  0.2307 11.3555
 76  12 -0.3718 -0.6875  8.6223
 84  12  0.0711 -0.1313  8.4328
 92  12  0.0000 -0.5000  8.2581
100  12  0.0610 -0.0055 27.4054
108  12 -0.0180  0.1198  9.9171
116  12  0.0759 -0.0104  7.9566
124  12 -0.0172 -0.0448  7.0960
132  12  0.0000  0.0000  7.1578
140  12  0.0606 -0.2437  7.2594
148  12  0.0522 -0.2446  6.8476
156  12  0.0059 -0.0200  7.5165
164  12  0.0195  0.0028 17.8315
172  12  0.1391 -0.0081  7.7050
180  12  0.0306 -0.0916  8.0714
188  12 -0.0398 -0.0834  8.6646
196  12  0.0035 -0.0066  9.4749
204  12  0.0312 -0.0517 10.4415
212  12  0.0685  0.0281 11.6525
220  12  0.0000  0.0000 12.0851
228  12  0.0000  0.0000 11.6053
236  12  0.0106  0.0299 12.6474
244  12  0.1149 -0.0102 14.7738
252  12  0.0660  0.2084 14.0322
260  12 -0.0045  0.0000 14.2073
268  12  0.0000  0.0000 16.8122
276  12 -0.0047 -0.0245 17.2106
284  12 -0.1166  0.1363 12.9742
292  12  0.0000  0.0000 10.1072
  4  20 -0.0616 -0.0288 18.9171
 12  20  0.0040 -0.0129 15.8639
 20  20 -0.0052  0.0014 25.8632
 28  20  0.0000  0.0000 20.9281
 36  20  0.0000 -0.0129 21.2990
 44  20 -0.0152  0.0048 18.4174
 52  20  0.0000 -0.0073 16.2980
 60  20  0.0000 -0.0036 16.6336
 68  20  0.0045 -0.0019 17.1105
 76  20 -0.0290 -0.0075 14.7726
 84  20 -0.0057  0.0035 14.9857
 92  20 -0.0073 -0.0023 14.4604
100  20  0.0246 -0.0388 13.3867
108  20  0.0056  0.0189 15.0437
116  20 -0.0027  0.0112 13.6151
124  20 -0.0257 -0.0055 12.8258
132  20  0.0014  0.0391 12.9056
140  20  0.0156  0.0006 16.1523
148  20  0.0128 -0.0069 18.7264
156  20 -0.0019 -0.0042 19.2330
164  20 -0.0169  0.0595 23.4793
172  20 -0.0438  0.0176 18.9129
180  20  0.0000  0.0000 39.8447
188  20 -0.0012  0.0058 18.3356
196  20 -0.0093 -0.0023 20.5639
204  20 -0.0097 -0.0021 20.6325
212  20  0.0050  0.0705 20.3955
220  20 -0.0549  0.0073 19.0344
228  20  0.0029 -0.0095 18.7367
236  20  0.0105 -0.0056 19.8407
244  20 -0.0135  0.0255 20.5905
252  20  0.0260  0.0073 12.8460
260  20  0.0197  0.0068 19.5938
268  20  0.0570  0.0097  9.7025
276  20 -0.0046 -0.0479 18.4020
284  20 -0.0389 -0.0169 23.6180
292  20 -0.0052 -0.0125 23.4670
  4  28 -0.0294  0.0438  9.2048
 12  28 -0.0039  0.0153 13.6848
 20  28  0.0146  0.0117 11.7774
 28  28 -0.0040  0.0137  7.9923
 36  28 -0.0069 -0.0595  7.3611
 44  28 -0.0501 -0.0196  6.9830
 52  28  0.0526 -0.0302  6.8327
 60  28  0.0604  0.0394  7.2285
 68  28 -0.0451 -0.0256  7.0121
 76  28 -0.0073 -0.0097  7.3268
 84  28  0.0000 -0.1686  7.5957
 92  28 -0.0439  0.0883  8.1890
100  28  0.0000  0.0000  7.4170
108  28  0.0316  0.0056  7.3507
116  28  0.0197 -0.0099 10.2382
124  28 -0.0027  0.1174  6.9513
132  28  0.2147  0.0433  6.7347
140  28 -0.0697 -0.0956  8.5080
148  28  0.0033  0.0202  6.7859
156  28 -0.0264 -0.0434 14.9993
164  28 -0.0039 -0.0365 15.8880
172  28  0.0000  0.0000 12.6428
180  28  0.0265  0.0015 11.4306
188  28 -0.1175  0.0806 10.1723
196  28 -0.0781 -0.0098 11.1832
204  28 -0.0978  0.0509  9.1235
212  28  0.0000  0.0000  7.7329
220  28  0.0934  0.0517  8.0967
228  28  0.0000  0.0000  8.5417
236  28  0.1092 -0.1774  8.6298
244  28 -0.0569  0.1490  7.7564
252  28 -0.0761 -0.0713  6.1054
260  28 -0.0409  0.0717  5.9956
268  28  0.0079  0.0210  6.2763
276  28  0.0236 -0.0112  7.1471
284  28 -0.0036 -0.0392  8.5687
292  28  0.0000  0.0000  6.4961
  4  36  0.0000 -1.2356  8.1346
 12  36  0.0727 -0.1800 11.2547
 20  36  0.0000  0.0000 17.7968
 28  36  0.0000  0.0000 14.0146
 36  36 -0.0398 -0.0379 16.6519
 44  36 -0.0175  0.1150 13.7783
 52  36 -0.1245 -0.0251 12.4356
 60  36  0.0023 -0.0883 10.9298
 68  36 -0.0448 -0.0118  8.7919
 76  36  0.0033 -0.0675  7.6235
 84  36 -0.0694  0.0380  7.6311
 92  36 -0.4826 -0.7136  9.5476
100  36  0.0000  0.0000 12.0628
108  36  0.0000  0.0000  0.0000
116  36  0.0000  0.0000  0.0000
124  36  0.0000  0.0000  0.0000
132  36  0.0000  0.0000  0.0000
140  36  0.0000  0.0000  0.0000
148  36 -0.0236 -0.0035  6.6300
156  36 -0.0132  0.0057 12.1467
164  36  0.0157 -0.0040 11.4761
172  36  0.0000  0.0000 11.6193
180  36 -0.0063 -0.0151 12.9664
188  36  0.0242 -0.2009  9.1320
196  36  0.0053 -0.0336  8.2833
204  36  0.0000  0.0000  8.1683
212  36  0.0378 -0.0182 10.3701
220  36 -0.0626 -0.1220 13.2737
228  36  0.0979 -0.0087 12.6137
236  36 -0.0847  0.2881 12.6608
244  36  0.1377  0.0457 13.4104
252  36  0.0270  0.4480  8.4554
260  36  0.0000 -0.3309 10.5785
268  36 -0.0070 -0.1846 11.5091
276  36  0.0199  0.2082 10.3403
284  36  0.0508  0.0431 14.0624
292  36 -0.2532  0.1647 21.6836
  4  44 -0.0337  0.0119 14.1508
 12  44 -0.0996  0.0167 10.4918
 20  44 -0.0139 -0.1561  9.5355
 28  44  0.0000  0.0000  8.3451
 36  44  0.1838 -0.0209  7.7999
 44  44 -3.2188  0.1286  7.3775
 52  44  0.0000 -0.5000 11.1304
 60  44  0.0000  0.0000  0.0000
 68  44  0.0000  0.0000  0.0000
 76  44  0.0000  0.0000 11.1304
 84  44 -0.1220 -0.3227 11.0329
 92  44  0.0000  0.0000 12.0628
100  44 -0.2780  0.1270 13.3759
108  44  0.0000  0.0000  0.0000
116  44  0.0000  0.0000  0.0000
124  44  0.0000  0.0000  0.0000
132  44  0.0000  0.0000  0.0000
140  44  0.0803 -0.0723  7.8006
148  44  0.0128 -0.0322  8.4900
156  44 -0.0004 -0.0277 25.5067
164  44  0.0135 -0.0040 11.3684
172  44  0.0207 -0.0092 15.8981
180  44  0.0109  0.0051 11.3002
188  44 -0.0258 -0.2496 11.9946
196  44     NaN -0.2920  6.3399
204  44 -0.2693 -0.0982  9.7086
212  44 -0.1281  0.0057 12.5418
220  44 -0.0088  0.0179 12.5767
228  44 -0.0273  0.1471 11.0169
236  44  0.0409 -0.1595 13.0647
244  44  0.0000  0.0000 13.3851
252  44  0.2156 -0.2346  8.6061
260  44  0.1761  0.1280 13.0824
268  44  0.0000  0.0000 16.2968
276  44  0.2252 -0.0443 11.1365
284  44  0.0328 -0.0308 17.9932
292  44  0.1568 -0.0644 16.0460
  4  52  0.0000  0.0000 11.1304
 12  52  0.0000  0.0000  0.0000
 20  52  0.0000  0.0000 11.1304
 28  52  0.0000  0.0000  0.0000
 36  52  0.0000  0.0000  0.0000
 44  52  0.0000  0.0000  0.0000
 52  52  0.0000  0.0000  0.0000
 60  52  0.0000  0.0000  0.0000
 68  52  0.0000  0.0000  0.0000
 76  52  0.0000  0.0000  0.0000
 84  52  0.6907 -0.2991  8.0688
 92  52 -0.0322 -0.2107  7.5508
100  52  0.0319 -0.0698 14.0959
108  52  0.0000  0.0000 11.1304
116  52  0.0000  0.0000 13.0803
124  52  0.0000  0.0000  9.4208
132  52  0.2635 -0.2067 12.6081
140  52  0.2459 -0.0175 13.1845
148  52 -0.0126  0.0269  6.7147
156  52  0.0327 -0.0149  5.9214
164  52 -0.0371  0.0016  6.4466
172  52  0.0773  0.0495  5.9337
180  52  0.0000  0.0000  6.0986
188  52  0.0000  0.0000 11.1304
196  52  0.0000  3.5000 11.1304
204  52  0.0000  0.0000  0.0000
212  52 -0.5000  2.5000  4.0635
220  52  0.0000  2.5000  8.8276
228  52  0.0000  0.0000 11.1304
236  52  0.0000  0.0000  8.2706
244  52  0.1944 -0.0104  8.3163
252  52 -0.0067 -0.1426 11.7597
260  52 -0.1282  0.0290 13.6865
268  52 -0.2536 -0.3234  8.6766
276  52 -0.0128 -0.2226  8.4464
284  52  0.0000  0.0000 10.8982
292  52 -0.2342 -0.0116  9.2523
  4  60  0.2080 -0.2715 12.3107
 12  60 -0.5000  0.0000  8.8276
 20  60  0.0000 -0.5000  8.8276
 28  60  0.0000  0.0000 11.1304
 36  60  0.0000  0.0000  0.0000
 44  60  0.0000  0.0000  0.0000
 52  60  0.1960 -0.5000 11.1304
 60  60  0.0000  0.0000  0.0000
 68  60  0.0000  0.0000 11.1304
 76  60  0.0000  0.0000  0.0000
 84  60  0.0000  0.0000 22.1609
 92  60  0.0000  0.0000 10.9776
100  60  0.0434 -0.2947 11.2522
108  60  0.0360 -0.1854 12.6331
116  60  0.0000  0.0000 11.1304
124  60 -0.5000  0.0255  9.7158
132  60  2.5000  0.0000  8.8276
140  60  0.0000  0.0000 16.1088
148  60  0.3078  0.1021  7.6998
156  60  0.0000 -0.3115 10.7271
164  60 -0.5000  0.0000  8.8276
172  60  0.0000  0.5000  7.4854
180  60  1.5000  0.0000  8.2581
188  60  4.5000  4.5000  4.0635
196  60  0.0000  0.0000  0.0000
204  60  0.0000  0.0000  0.0000
212  60  0.0000  0.0000  0.0000
220  60 -0.5000  0.0000  8.8276
228  60  0.0000  0.0000  0.0000
236  60  0.0000  0.0000 11.1304
244  60  0.0000  0.0000 11.1304
252  60  0.4043 -0.4043  8.0000
260  60  0.0000  0.0000 11.9011
268  60  0.1395 -0.7776  8.9727
276  60  0.1292  0.1278 13.5583
284  60  0.0000  0.0000 16.1088
292  60  0.0000  0.0000 11.1304
  4  68  0.1068  0.3135 15.1963
 12  68  0.0000  0.0000  0.0000
 20  68  0.0000  0.0000  0.0000
 28  68  0.0000  0.1960 11.1304
 36  68  0.0000  0.0000 11.1304
 44  68  0.0000  0.0000  0.0000
 52  68 -0.3091  0.0000 15.7112
 60  68  4.5000  0.7432  8.0608
 68  68  0.1146  0.0101 17.4161
 76  68  0.3596 -0.2037  6.7990
 84  68  0.2358  0.1384  7.6105
 92  68  0.0264 -0.0929  9.1978
100  68  0.0126  0.0000 11.2008
108  68 -0.0790  0.3524  7.8668
116  68  0.0000  0.0000 12.0628
124  68 -0.0418 -0.1521 12.6567
132  68 -0.3145  0.0264 11.0777
140  68  0.0000  0.0000 12.3458
148  68  1.3070  0.0337 12.4709
156  68 -0.5000  4.5000  4.0635
164  68  0.0000  0.0000  0.0000
172  68  0.0000  0.0000  0.0000
180  68  0.0000  0.0000  0.0000
188  68 -0.5000 -0.5000  4.0635
196  68  0.0000  2.5000  8.8276
204  68  2.5000 -0.0731  8.9510
212  68  0.0000  0.0000 16.1088
220  68  0.0000  0.0000  0.0000
228  68  0.0000  0.0000  0.0000
236  68  0.0000  0.0000  0.0000
244  68  0.0000  0.0000  0.0000
252  68  0.0000  0.0000  0.0000
260  68  0.1960  0.0000 11.1304
268  68 -1.2596  0.3479  7.1968
276  68  0.4835  0.0468  9.0888
284  68  0.1539 -0.0410  8.9838
292  68  0.3268 -0.1071  9.8171
  4  76  0.1068  0.3135 15.1963
 12  76  0.0000  0.0000  0.0000
 20  76  0.0000  0.0000  0.0000
 28  76 -0.0951  0.0000 12.2969
 36  76 -0.0940  1.0523  8.7802
 44  76  0.0000  0.0000  8.6413
 52  76 -0.4404 -0.5000  6.4053
 60  76  0.0497 -0.1599  9.7177
 68  76 -0.1771  0.0000  8.2326
 76  76 -0.0896  0.0345 15.2915
 84  76  0.0858  6.3468  7.2069
 92  76  0.0000  0.0000 11.1304
100  76  0.0000  0.0000  0.0000
108  76  0.0000  0.0000 11.1304
116  76 -0.0150 -1.8612 12.4272
124  76  0.0000  2.5000  8.8276
132  76  0.0000  0.0000 16.1088
140  76  2.5000  0.0000  8.8276
148  76  0.0000  0.0000 13.1641
156  76  0.0000  0.0000  0.0000
164  76  0.0000  0.0000  0.0000
172  76  2.6359 -0.5000  8.6646
180  76  0.0000  0.0000  0.0000
188  76  0.0000  0.0000  0.0000
196  76  0.0000  0.0000  0.0000
204  76  0.0000  0.0000 16.1088
212  76  2.7083  2.5000  6.1440
220  76  0.0654  2.5000  8.9154
228  76  4.5000 -0.5000  4.0635
236  76  0.0000  0.0000  0.0000
244  76  0.0000  0.0000  0.0000
252  76  0.0000  0.0000  0.0000
260  76  0.0000 -0.5000  8.8276
268  76 -0.5000  0.0825 10.4642
276  76 -0.1960  2.5000 11.1304
284  76  0.0000  0.0000  0.0000
292  76     NaN  5.1203  5.4468
  4  84  0.0000  0.0000 11.1304
 12  84 -0.0832 -0.3131  9.8462
 20  84  0.0000  2.5000  8.8276
 28  84 -0.2645 -0.0585 13.3056
 36  84 -0.1040  0.2992  7.5156
 44  84  0.0000  0.0000 11.1304
 52  84  0.0000  0.0000  0.0000
 60  84 -0.0086 -0.1957  8.2469
 68  84  0.2191 -0.0364 11.2875
 76  84  0.0378 -0.0868 15.2803
 84  84  1.5000 -0.5000  4.0635
 92  84  0.0000  0.0000  0.0000
100  84  0.0000  0.0000 16.1088
108  84  2.5000  0.0000  8.8276
116  84 -0.0418 -0.1521 12.6567
124  84  0.0000 -0.3976  8.4131
132  84  0.1161  0.2998 11.3551
140  84  0.3329  0.0842  7.1879
148  84  2.5000  0.0000  8.8276
156  84  0.0000  0.0000 11.1304
164  84  0.0000  0.0000  0.0000
172  84  0.0000  0.0000  0.0000
180  84  0.0000  0.0000  0.0000
188  84  0.0000  0.0000  0.0000
196  84  0.0000  0.0000  0.0000
204  84 -0.3732  0.3694 10.3318
212  84  0.5000 -0.1174  9.1793
220  84  0.5000 -0.5000  6.5641
228  84 -0.5000  0.1588 10.5785
236  84  0.0000  0.0000  0.0000
244  84  2.5000  0.0000  8.8276
252  84  0.0000  0.0000 11.1304
260  84  0.0000  0.0000 11.1304
268  84 -0.0382  0.1028 16.6166
276  84 -0.1960 -0.5000 11.1304
284  84  0.0000  0.0000 11.1304
292  84  0.0000  0.0000  0.0000
  4  92  0.0325 -2.3822  6.8725
 12  92  0.0000  0.0000  0.0000
 20  92  0.0000  0.0000 11.1304
 28  92 -0.1151  0.0000  9.4118
 36  92  1.5000 -0.5000  4.0635
 44  92  0.0486  0.1813  7.8006
 52  92  0.0090 -0.1869  9.5228
 60  92 -0.1831 -0.3787 12.2412
 68  92  1.5000  0.1110  8.4253
 76  92  0.0000  0.0000  0.0000
 84  92  0.0000  0.0000 12.0628
 92  92  0.0000  0.0000 11.3350
100  92 -0.5000  4.5000  4.0635
108  92  4.5000  4.5000  4.0635
116  92  0.0000  0.0000 11.1304
124  92  0.0000  0.1474  7.0459
132  92  1.5000  0.1843  8.2581
140  92  0.0000  0.0000 16.1088
148  92  2.5000 -0.1180  9.2850
156  92 -0.1841 -0.0418 12.3683
164  92 -0.2832 -0.3527 11.1304
172  92  0.0000 -0.2917 11.1304
180  92  0.0000 -0.3577 13.4737
188  92  0.1143  0.1402 17.3176
196  92  0.0000  0.0000  0.0000
204  92  0.0000  0.0000  0.0000
212  92  0.0000  0.0000  0.0000
220  92  0.1151  0.1151 16.5161
228  92 -0.5000 -0.0448  8.9013
236  92  0.0000  0.0000 16.1088
244  92  0.0000  0.0000  0.0000
252  92  0.0000  2.5000  8.8276
260  92 -0.5000  0.0000  8.8276
268  92 -0.5000 -0.1588 10.5785
276  92  0.0000  0.0000  0.0000
284  92  0.0000  0.0000  0.0000
292  92  0.0000  0.0000  0.0000
  4 100  0.0000  0.0000  0.0000
 12 100  0.1461 -0.4123 11.5548
 20 100  0.0000 -1.8899  8.5742
 28 100  2.5000 -0.1588 10.5785
 36 100 -0.3927 -0.0140  8.4612
 44 100 -0.1146 -0.0101 17.4161
 52 100  0.0000  0.0000  0.0000
 60 100 -0.3032  0.0000 10.6474
 68 100  0.0000  0.0000  0.0000
 76 100  0.0000  0.0000  0.0000
 84 100  4.5000  0.1174 13.8795
 92 100  0.0000  0.0000 16.1088
100 100  0.0000  0.0000  0.0000
108 100  0.0000  0.0000  0.0000
116 100  0.0000  0.0000  0.0000
124 100  0.0000  0.0000  0.0000
132 100  0.0000  0.0000  0.0000
140 100  0.5000  0.0000  8.8276
148 100  0.0000  0.0000  0.0000
156 100 -0.0473 -1.0738  9.0888
164 100 -0.5000  2.0000  8.8276
172 100  0.0000  0.1960 11.1304
180 100  4.9639 -0.0613 10.5546
188 100  0.1146  0.0101 17.4161
196 100  0.0000  0.0000  0.0000
204 100  0.0000  0.0000  0.0000
212 100  0.0000  0.0000  0.0000
220 100  0.1912  0.0000 12.4272
228 100  0.0000  0.0000  0.0000
236 100  0.5000  0.0000 11.1304
244 100  0.0000  0.0000  0.0000
252 100 -0.1123  0.0711 13.6764
260 100  0.0000  0.0000 16.1088
268 100  0.0000  0.0000  0.0000
276 100  0.0000  0.0000  0.0000
284 100  0.0000  0.0000  0.0000
292 100  0.0000  0.0000 11.1304
  4 108  0.2093  0.0299 13.0089
 12 108  0.0000  0.0000 10.2729
 20 108  0.0000  0.0000 13.1641
 28 108  0.3076 -0.1981 12.4931
 36 108  0.0000  0.0000  0.0000
 44 108  0.2780 -0.1270 13.3759
 52 108  0.5000  0.0000  8.4768
 60 108  0.0000  0.0000 16.1088
 68 108  0.0000  0.0000  0.0000
 76 108  0.0000  0.0000  0.0000
 84 108  2.5000  0.0000  8.8276
 92 108  0.0000  0.0000  0.0000
100 108  0.0000  0.0000  0.0000
108 108  0.0000  0.0000 11.1304
116 108  0.0000  0.0000  0.0000
124 108  0.0000  0.0000 11.1304
132 108  0.5000  0.0000 11.1304
140 108 -0.2542  0.0272  8.1664
148 108  0.0000  0.0000  0.0000
156 108  0.2640  0.0875  9.5741
164 108  0.0000  0.0000  0.0000
172 108  2.5000  0.0000  8.8276
180 108  0.0000  0.0000  0.0000
188 108  0.0000  0.0000  0.0000
196 108  0.0000  0.0000  0.0000
204 108  0.0000  0.0000 11.1304
212 108  0.0000  0.0000  0.0000
220 108  0.0000  0.0000 16.1088
228 108 -0.5000 -0.1180  9.2850
236 108 -1.8253  0.0931 13.0169
244 108  0.0000  0.0000  0.0000
252 108  0.0000  0.0000  0.0000
260 108 -0.5000  0.0000  8.8276
268 108  0.0000  0.0000 16.1088
276 108  0.0000  0.0000  0.0000
284 108  2.5000  0.0000  8.8276
292 108  0.5000  4.5000  4.0635
  4 116  0.0000  0.0000 11.1304
 12 116 -0.4043 -0.4043  8.0000
 20 116  0.0391  2.5000  9.3822
 28 116  0.0000  0.0000 21.6135
 36 116 -0.8279  1.7600  9.4408
 44 116  0.0000  0.0000 19.1045
 52 116  0.0000  0.0000  0.0000
 60 116  0.0000  0.0000 11.1304
 68 116  0.0000  0.0000  0.0000
 76 116  0.0000  0.0000 16.1088
 84 116  0.0000  0.0000  0.0000
 92 116  0.0000  0.0000 19.4783
100 116 -0.1362 -0.0539 13.8726
108 116  0.0000  0.0000  0.0000
116 116 -0.0747  1.6556  7.1925
124 116 -0.5000 -0.5000  6.9040
132 116 -0.3732 -0.5000  9.6402
140 116  0.0000  0.0000  0.0000
148 116  0.0000  0.0000  0.0000
156 116  0.3290  0.0000  9.4815
164 116  0.0000  0.0000  0.0000
172 116  0.0000  0.0000 11.1304
180 116  0.0000  0.0000  0.0000
188 116  0.0000  0.0000  0.0000
196 116  0.0000  0.0000 11.1304
204 116  0.0000  0.0000 16.1088
212 116  0.0000  0.0000 11.1304
220 116  0.0000  0.0000  0.0000
228 116  0.0000  0.0000 11.1304
236 116  0.0000  0.0000 16.1088
244 116  0.0000  0.0000  0.0000
252 116  0.0000  0.0000  0.0000
260 116  0.0000  0.0000  0.0000
268 116  0.0000  0.0000 11.1304
276 116  0.0308 -0.1823 13.1845
284 116  0.0000  0.0000  0.0000
292 116  0.0000  0.0000  0.0000
  4 124  0.0000  0.0000  0.0000
 12 124  0.0000  0.0000  0.0000
 20 124  0.0000  0.0000  0.0000
 28 124  0.0000  0.0000  0.0000
 36 124  0.0000  0.0000  0.0000
 44 124  5.0000 -0.1876  8.5995
 52 124 -0.1960 -0.5000 11.1304
 60 124 -0.5000  0.0000  8.8276
 68 124  0.0000  0.0000  0.0000
 76 124  0.0000  2.5000  8.8276
 84 124  0.5000  0.0000  8.4768
 92 124 -0.2571  0.1311  7.2040
100 124  0.0000  0.0000 12.0455
108 124  0.0000  0.0000  0.0000
116 124  0.0109  0.0502  6.7277
124 124 -0.0967 -0.0343  7.5290
132 124  0.0334  0.1997  9.5976
140 124 -0.2080  0.2715 12.3107
148 124  0.0000  0.0000 11.1304
156 124  0.1753  0.1052 11.3740
164 124  0.0000  0.0000  0.0000
172 124  0.0000  0.0000 11.1304
180 124  0.0000  0.0000  0.0000
188 124  4.5000 -0.5000  4.0635
196 124  0.0000  0.0000 11.1304
204 124  0.0000  0.0000 11.1304
212 124  0.0000  0.0000  0.0000
220 124  0.0000  0.0000  0.0000
228 124  0.0000  0.0000 11.1304
236 124  2.5000  0.0000  8.8276
244 124 -0.5000  0.0000  8.8276
252 124  0.0000  0.0000  0.0000
260 124  0.0000  0.0000  1.0000
268 124  0.0000  0.0000  0.0000
276 124  1.0000  0.0000  9.2850
284 124  0.0000  0.0000  0.0000
292 124  0.0000  0.0000  0.0000
  4 132  0.0000  0.0000  0.0000
 12 132  0.0000  0.0000  0.0000
 20 132 -1.5000  0.0000  8.2581
 28 132  0.0000  0.0000 11.1304
 36 132  0.0000  0.0000 11.1304
 44 132  4.5000 -0.5000  4.0635
 52 132  0.0000  0.0000 16.1088
 60 132  0.0000  0.0000  0.0000
 68 132  0.0378 -0.0868 15.2803
 76 132  0.0000 -0.1063  6.9728
 84 132 -0.5000  4.5000  4.0635
 92 132 -0.1960  2.5000 11.1304
100 132  0.0685  0.5000 11.8819
108 132  0.0000  0.0000  0.0000
116 132 -0.5000  0.2847 11.1304
124 132  0.0000 -0.1960 11.1304
132 132 -0.4792  0.1018  9.0549
140 132  0.0000  0.0000  0.0000
148 132  0.0000  0.0000  0.0000
156 132  1.0000  0.0000  9.2850
164 132  0.1960 -0.5000 11.1304
172 132  0.0000  0.0000  0.0000
180 132  0.0000  0.0000  0.0000
188 132  0.0000  0.0000  0.0000
196 132 -0.3309  0.0637  7.1846
204 132 -0.1063  0.0000  6.9728
212 132  0.1960 -0.5000 11.1304
220 132  0.0000  0.0000  0.0000
228 132     NaN     NaN  9.5908
236 132 -0.5000  0.0836  9.2702
244 132  0.0000  0.0000 16.1088
252 132  0.0000  0.0000 11.1304
260 132  0.0000  0.0000  0.0000
268 132  0.0000  0.0000  0.0000
276 132  0.0000  0.0000 11.1304
284 132  0.0000  0.0000 11.1304
292 132  0.0000  0.0000 11.1304
  4 140  0.0000  0.0000  0.0000
 12 140  0.0000  0.0000  0.0000
 20 140  0.0000  0.0000 11.1304
 28 140  0.1841 -0.0418 12.3683
 36 140  0.1780  0.2756  7.6418
 44 140  0.0000  2.5000  8.8276
 52 140  0.0000  0.0000  0.0000
 60 140  0.0000  0.0000  0.0000
 68 140  0.3468  2.5000 10.2045
 76 140  0.0000  0.0000  0.0000
 84 140  0.0000  0.0000  0.0000
 92 140  0.0000  0.0000 12.0455
100 140  0.0000  0.0000  0.0000
108 140 -0.2645 -0.0585 13.3056
116 140 -0.5000  0.0000  8.8276
124 140  0.0000  0.0000 11.1304
132 140  0.0000  0.0000 17.0667
140 140  0.0000  0.0000 11.1304
148 140  0.0000  0.0000 16.1088
156 140 -0.1960  0.0000 11.1304
164 140  0.1760  0.0000 15.0588
172 140  0.0000  0.0000  0.0000
180 140  0.0000  0.0000  0.0000
188 140  0.4043  0.4043  8.0000
196 140  0.0000  0.0000  0.0000
204 140  0.0000  0.0000  0.0000
212 140  0.0961  0.2917  8.4628
220 140  0.0000  0.0000  0.0000
228 140  0.0000  0.0000  0.0000
236 140  0.0000  0.0000  0.0000
244 140 -0.1960  2.5000 11.1304
252 140  0.0000  0.0000  0.0000
260 140 -0.1960  2.5000 11.1304
268 140 -0.1174 -4.1710 14.6131
276 140 -1.2596 -0.3479  7.1968
284 140 -0.5000  0.0000  8.8276
292 140  0.0000  0.0000  0.0000
  4 148  0.0000  0.0000  0.0000
 12 148  0.0000  0.0000  0.0000
 20 148 -0.2821  0.2101 13.0651
 28 148 -0.4337 -0.0578  8.8276
 36 148  0.0000  0.0000  0.0000
 44 148  0.0000  0.0000  0.0000
 52 148  0.0000  0.0000  0.0000
 60 148  0.0000  0.0000 11.1304
 68 148  0.3732  0.3694 10.3318
 76 148  0.0000  0.0000  0.0000
 84 148  0.1912  0.0000 12.4272
 92 148  0.0000  0.0000  0.0000
100 148  0.0000  0.0000  0.0000
108 148  0.0000  0.0000  0.0000
116 148  0.0000  0.1960 11.1304
124 148 -0.1213 -0.5000 10.8245
132 148  0.0000  0.0000  8.2581
140 148  0.0000  0.0000  0.0000
148 148  0.0000  0.0000  0.0000
156 148 -1.3070 -0.0337 12.4709
164 148 -0.2965 -0.2632 10.8887
172 148  0.0000  0.0000  0.0000
180 148  0.0000  0.0000  0.0000
188 148  0.0000  0.0000 17.2183
196 148  0.0000  0.0000  0.0000
204 148  0.0000  0.0000  0.0000
212 148  0.0000  0.0000  0.0000
220 148  0.0000  0.0000  0.0000
228 148  0.0000  0.0000  0.0000
236 148  0.0000  0.0000  0.0000
244 148  0.0000  0.0000  0.0000
252 148  0.0000  0.0000 16.1088
260 148  0.0000  0.0000  8.2581
268 148  0.2847  2.5000 11.1304
276 148  0.3455  0.0748 12.5707
284 148  0.0000  0.0000  0.0000
292 148  0.0000  0.0000  0.0000
  4 156  0.0000  0.0000  0.0000
 12 156  0.0000  0.0000 11.1304
 20 156  0.0000  0.0000 12.0628
 28 156 -0.5000 -0.5000  4.0635
 36 156  0.0000  0.0000 11.1304
 44 156 -0.5000 -0.5000  4.0635
 52 156  0.0000  0.0000  0.0000
 60 156  0.3309 -0.0637  7.1846
 68 156  0.0000 -0.5000  8.8276
 76 156  0.0000  0.0000 16.1088
 84 156  0.2849 -0.5000 13.1959
 92 156  0.0000  0.0000  0.0000
100 156  0.0000  0.0000  0.0000
108 156  0.0000  0.0000 11.1304
116 156 -1.0000 -0.5000  8.5333
124 156 -0.0832 -0.3131  9.8462
132 156  4.5000 -0.5000  4.0635
140 156  0.0000  0.0000  0.0000
148 156     NaN  0.0000 17.0667
156 156 -1.5000  0.0000  8.2581
164 156  0.0000  0.0000 11.1304
172 156  0.0000  0.0000  0.0000
180 156  0.0000  0.0000 11.1304
188 156  0.0000  0.0000 11.1304
196 156  0.0000  0.0000  0.0000
204 156  0.0000  0.0000  0.0000
212 156  0.0000  0.0000  0.0000
220 156  0.0000  0.0000  0.0000
228 156  0.0000  0.0000  0.0000
236 156  0.0000  0.0000  0.0000
244 156  0.0000  0.0000  0.0000
252 156  0.0000  0.0000 11.1304
260 156  0.0000  0.0000 11.1304
268 156  0.0000  0.0000 11.1304
276 156  0.0000  0.0000  0.0000
284 156  0.0000  0.0000  0.0000
292 156  0.0000  0.0000  0.0000
  4 164  0.0000  0.0000  0.0000
 12 164  0.0000  0.0000 11.1304
 20 164  0.0000  0.0000 12.0628
 28 164  0.0000  0.0000  0.0000
 36 164  0.0000  0.0000  0.0000
 44 164  0.0000  0.0000 11.1304
 52 164  0.0000  0.0000 17.2183
 60 164  1.4070 -0.1518 10.3087
 68 164  1.2596  0.3479  7.1968
 76 164  0.0000  0.0000 16.1088
 84 164  0.0000  0.0000  0.0000
 92 164  0.0000  0.0000 11.1304
100 164  0.0000  0.0000 11.1304
108 164  0.0000  0.0000 11.1304
116 164  4.5000  4.5000  4.0635
124 164  0.0000  0.0000 11.1304
132 164  0.0000  0.0000  0.0000
140 164  0.0000  0.0000 16.1088
148 164  0.0000  0.0000  8.4768
156 164  0.0000  0.0000  8.2581
164 164  0.0000  0.0000 11.1304
172 164  0.0000  0.0000  0.0000
180 164  0.0000  0.0000  0.0000
188 164  0.5000  0.0000 11.1304
196 164  0.0000  0.0000 11.1304
204 164  0.0000  0.0000  0.0000
212 164  0.0000  0.0000  0.0000
220 164  0.0000  0.0000  0.0000
228 164  0.0000  0.0000  0.0000
236 164  0.0000  0.0000  0.0000
244 164  0.0000  0.0000  0.0000
252 164 -0.5000 -0.5000  4.0635
260 164  0.0000  0.0000  0.0000
268 164  0.0000  0.0000  0.0000
276 164  0.0000  0.0000  0.0000
284 164  0.0000  0.0000  0.0000
292 164  0.0000  0.0000 11.1304
  4 172  0.0000  0.0000 11.1304
 12 172  0.0000 -0.5000  8.8276
 20 172  0.0000  0.0000  0.0000
 28 172  0.0000  0.0000 11.1304
 36 172  0.0000  0.0000 11.1304
 44 172  0.0000  0.0000  0.0000
 52 172  0.0000  0.0000 19.1045
 60 172  0.0000  0.0000  8.2581
 68 172  0.4681  0.0000  9.5738
 76 172  0.0000  0.0000  0.0000
 84 172  0.0000  0.0000  0.0000
 92 172  0.0000  0.0000  0.0000
100 172  0.0000  0.0000 12.0628
108 172  0.0000  0.0000  0.0000
116 172  0.1068 -0.3135 15.1963
124 172  0.0000  0.0000  0.0000
132 172  0.0000  0.0000  0.0000
140 172  0.0418 -0.1521 12.6567
148 172  0.0000  0.0000 11.1304
156 172 -1.0000  0.0000  6.5641
164 172  0.0832 -0.3131  9.8462
172 172  0.0000  0.0000  0.0000
180 172  2.5000  4.5000  4.0635
188 172  0.0000  0.0000 19.1045
196 172  0.0000  0.0000 11.1304
204 172  0.0000  0.0000  0.0000
212 172  0.0000  0.0000  0.0000
220 172 -0.5000  4.5000  4.0635
228 172  0.0000  0.0000  0.0000
236 172  0.0000  0.0000  0.0000
244 172  0.0000  0.0000  0.0000
252 172  0.0000  0.0000  0.0000
260 172  0.0000  0.0000  0.0000
268 172  0.0000  0.0000 16.1088
276 172  0.0000  0.0000  0.0000
284 172  0.0000  0.0000  0.0000
292 172  4.5000 -0.5000  4.0635
  4 180  0.0000  0.0000 11.1304
 12 180  0.0000  0.0000 16.1088
 20 180  0.0000  0.0000 11.1304
 28 180  0.0000  0.0000 16.1088
 36 180  0.0000  0.0000 11.1304
 44 180  0.0000  0.0000  0.0000
 52 180  0.0000  0.0000 14.5615
 60 180  0.0000  0.0000  0.0000
 68 180  0.1258 -0.2366 13.9760
 76 180  0.0000  0.0000  0.0000
 84 180  0.0000  0.0000  0.0000
 92 180  0.0000  0.0000 11.1304
100 180  0.0000  0.0000 16.1088
108 180  0.0000  0.0000  0.0000
116 180 -0.1960  0.0000 11.1304
124 180  2.3677 -0.1145 12.8207
132 180  0.0000  0.0000  0.0000
140 180  0.0000 -0.5000  8.8276
148 180 -0.3309  0.0637  7.1846
156 180  0.0000  0.0000  8.2581
164 180  0.2965  0.2632 10.8887
172 180  0.0000  0.0000 16.1088
180 180  0.0000  0.0000  0.0000
188 180  0.0000  0.0000 16.1088
196 180  4.5000  4.5000  4.0635
204 180  0.0000  0.0000  0.0000
212 180  0.0000  0.0000  0.0000
220 180  0.0000  0.0000  0.0000
228 180  0.0000  0.0000  0.0000
236 180  0.0000  0.0000  0.0000
244 180  0.0000  0.0000  0.0000
252 180  0.0000  0.0000  0.0000
260 180  0.0000  0.0000  0.0000
268 180  0.0000  0.0000  0.0000
276 180  0.0000  0.0000  0.0000
284 180  0.0000  0.0000 11.1304
292 180  0.0000  0.0000  0.0000
  4 188 -1.5000  2.5000  7.4357
 12 188  0.1151 -0.1151 16.5161
 20 188  0.0000  0.0000  0.0000
 28 188  0.0000  0.0000 11.1304
 36 188  0.0000  0.0000 11.1304
 44 188  0.0000  2.5000  8.8276
 52 188  2.6289 -4.5000  8.8276
 60 188  0.0000  0.0000 12.0455
 68 188  0.0000  0.0000  0.0000
 76 188  0.0000  0.0000  0.0000
 84 188  0.0000  0.0000  0.0000
 92 188  0.0000  0.0000  0.0000
100 188  0.0000  0.0000  0.0000
108 188  0.1960  0.0000 11.1304
116 188 -0.1180  2.5000  9.2850
124 188  0.0000  0.0000  0.0000
132 188  0.0000  0.0000  0.0000
140 188  4.5000  4.5000  4.0635
148 188     NaN  0.3157  9.7360
156 188  0.0000  2.5000  8.9154
164 188  0.2021  0.2860 10.7438
172 188  0.0000  0.0000 11.1304
180 188 -0.2780 -0.1270 13.3759
188 188 -1.5000  0.0000  8.2581
196 188  0.0000  0.0000  1.0000
204 188  0.0000  0.0000  0.0000
212 188  0.0000  0.0000  0.0000
220 188  0.0000  0.0000  0.0000
228 188  0.0000  0.0000  0.0000
236 188  0.0000  0.0000  0.0000
244 188 -0.1960  2.5000 11.1304
252 188  0.0000  0.0000  0.0000
260 188  0.0000  0.0000  0.0000
268 188  0.0000  0.0000  0.0000
276 188  0.0000  0.0000  0.0000
284 188  0.0000  0.0000  0.0000
292 188  0.0000  0.0000  0.0000
  4 196  0.0000  0.0000 16.1088
 12 196  0.0000  0.0000  0.0000
 20 196  2.5000 -0.0391  9.3822
 28 196  0.0000  0.0000 11.1304
 36 196  0.0000  0.0000 19.1045
 44 196  0.0000  2.5000  8.8276
 52 196  0.0000  0.0000  0.0000
 60 196  0.1151  0.1151 16.5161
 68 196  0.0000  0.0000  0.0000
 76 196  0.0000  0.0000  0.0000
 84 196  0.0000  0.0000 11.1304
 92 196  0.0000  0.0000  0.0000
100 196  0.0000  0.0000  0.0000
108 196     NaN     NaN  9.8694
116 196 -0.5000  0.0000  8.8276
124 196  0.0000  0.0000  0.0000
132 196  0.0000  0.0000  0.0000
140 196  2.5000  0.0000  8.8276
148 196 -0.5000 -1.0000  4.0635
156 196  0.0000  0.0000  8.2581
164 196 -0.1556  0.0000 12.2969
172 196  0.0000  0.0000 11.1304
180 196  0.1326  0.0000 10.6209
188 196  0.0000  0.0000  0.0000
196 196 -0.3468 -1.0000 10.2045
204 196  0.0000  0.0000 11.1304
212 196  0.0000  0.0000  0.0000
220 196  0.0000  0.0000  0.0000
228 196  0.0000  0.0000  0.0000
236 196  0.0000  0.0000  0.0000
244 196  0.0000 -0.5000  8.8276
252 196  0.0000  0.0000  0.0000
260 196  0.0000  0.0000  0.0000
268 196  0.0000  0.0000  0.0000
276 196 -0.5000  0.0000  8.8276
284 196  4.5000 -0.5000  4.0635
292 196  0.0000  0.0000 11.1304
  4 204  0.0000  0.0000 11.1304
 12 204  0.0000  0.0000 11.1304
 20 204  0.0000  0.0000  0.0000
 28 204  0.0000  0.0000  1.0000
 36 204  0.1912  0.0000 12.4272
 44 204 -0.1960  2.5000 11.1304
 52 204  0.0000  0.0000 16.1088
 60 204  0.0000  0.0000 11.1304
 68 204  0.0000  0.0000  0.0000
 76 204  0.0000  0.0000  0.0000
 84 204  4.5000  4.5000  4.0635
 92 204  0.0000  0.0000  0.0000
100 204  0.1936  2.5000 10.4490
108 204  0.0000  0.1063  6.9728
116 204  0.0000  0.0000  0.0000
124 204  0.0000  0.0000  0.0000
132 204  4.5000  4.5000  4.0635
140 204  0.0000 -0.5000  8.8276
148 204  0.0000  0.0000 19.1045
156 204  0.0000  0.0000  0.0000
164 204 -0.0218  0.2266 12.8350
172 204  0.0000  0.0000  0.0000
180 204  0.0000  0.0000  0.0000
188 204  0.0000  0.0000  0.0000
196 204  1.5000  0.0000  8.2581
204 204  0.0000  0.0000  0.0000
212 204  0.0000  0.0000  0.0000
220 204  0.0000  0.0000  0.0000
228 204  0.0000  0.0000  0.0000
236 204  0.0000 -0.5000  8.8276
244 204  2.5000  0.0000  8.8276
252 204  0.0000 -0.5000  8.8276
260 204  0.0000  2.5000  8.8276
268 204  0.0000 -0.1063  6.9728
276 204     NaN -5.1203  5.4468
284 204  0.0000  1.5000  5.4468
292 204  0.0000  0.0000  0.0000
  4 212  0.0000  0.0000 11.1304
 12 212  0.0000  0.0000  0.0000
 20 212  0.0000  0.0000  0.0000
 28 212 -0.1008 -0.0843 14.9901
 36 212  0.0000  0.0000 11.1304
 44 212  4.5000 -0.5000  4.0635
 52 212  0.0000  0.0000 16.1088
 60 212  0.0000  0.0000  0.0000
 68 212  0.0000  0.0000  0.0000
 76 212  0.0000  0.0000  0.0000
 84 212  0.0000  0.0000  0.0000
 92 212  0.0000  0.0000 16.1088
100 212 -0.0698  0.2911 10.5124
108 212  0.0000  0.0000  0.0000
116 212  0.0000  0.0000  0.0000
124 212  0.0000  0.0000 11.1304
132 212  0.0832  0.3131  9.8462
140 212  0.0000  0.0000 16.1088
148 212 -0.1556  1.5000 12.2969
156 212  0.0000  2.5000  8.8276
164 212  0.0000  0.0000 12.0455
172 212  0.0000  0.0000 11.1304
180 212  0.0000  0.0000  0.0000
188 212  0.0000  0.0000  0.0000
196 212  0.0000  0.0000 11.1304
204 212  0.5000 -0.5000  4.0635
212 212  0.0000  0.0000  0.0000
220 212  0.0000  0.0000  0.0000
228 212  0.0000  0.0000  0.0000
236 212  0.0000  0.0000  0.0000
244 212  0.0000  0.0000 11.1304
252 212  0.0000  0.0000 11.1304
260 212  0.0000  0.0000 11.1304
268 212 -0.5000  0.0000  8.8276
276 212  0.0000  0.0000 11.1304
284 212  0.0000  0.0000 11.1304
292 212  0.0000  0.0000 11.1304
  4 220  0.0000  0.0000 11.1304
 12 220  0.0000  0.0000  0.0000
 20 220  0.0000  0.0000  0.0000
 28 220  0.2021  0.2860 10.7438
 36 220  2.0761 -0.1459 14.3598
 44 220  0.1841 -0.0418 12.3683
 52 220  0.0000 -0.1960 11.1304
 60 220  0.0000  0.0000 11.1304
 68 220  0.5000  0.0000  8.4768
 76 220  0.0000  0.0000 11.1304
 84 220  2.5000  0.0000  8.8276
 92 220  0.2917  0.0000 11.1304
100 220 -0.1180 -0.5000  9.2850
108 220  0.1960  2.5000 11.1304
116 220  0.0000  0.0000  0.0000
124 220  0.0000  0.0000 16.1088
132 220  4.5000 -0.5000  4.0635
140 220  0.0000 -5.0000 11.1304
148 220 -0.5000  0.0000 11.1304
156 220  0.0000  0.0000 11.1304
164 220  0.2749  0.0000  8.5018
172 220  0.5000  0.0000 11.1304
180 220  0.0000  0.0000 11.1304
188 220  0.0000  0.0000 11.1304
196 220  0.0000  0.0000  0.0000
204 220  0.0000  0.0000  0.0000
212 220  0.0000  0.0000  0.0000
220 220  0.0000  0.0000  0.0000
228 220  0.0000  0.0000  0.0000
236 220  0.0000  0.0000  0.0000
244 220 -0.2568 -0.0627  8.5469
252 220  0.0000  0.0000  0.0000
260 220  0.0000  0.0000 11.1304
268 220  0.0000  0.0000  0.0000
276 220 -0.5000  0.0000 11.1304
284 220  0.0000  0.0000  0.0000
292 220  0.0000  0.0000  0.0000
