VARIABLES= "X pix", "Y pix", "U pix/dt", "V pix/dt", "CHC", ZONE I=28, J=37
  4   4  0.0394  0.0000 11.0456
 12   4  0.0000 -0.0919  9.9794
 20   4 -0.0298  0.0000  9.9992
 28   4 -0.0261  0.0000  9.9992
 36   4 -0.0112 -0.0204  8.6406
 44   4 -0.0133  0.0864  8.9848
 52   4 -0.0656  0.0000  9.7565
 60   4 -0.0093  0.0000  9.9992
 68   4  0.0710 -0.0116 10.0395
 76   4  0.2059  0.0000 11.1505
 84   4  0.1370  0.0000 10.9734
 92   4  0.0007 -0.0017 10.9861
100   4 -0.0018  0.0103 12.0317
108   4  0.0003  0.0000 11.9483
116   4  0.0131  0.0016 11.8775
124   4  0.0000  0.0170 11.7846
132   4 -0.0035 -0.0043 11.8896
140   4  0.0000 -0.0018 11.8679
148   4 -0.0219  0.0000 10.7644
156   4 -0.0361 -0.0011 11.7482
164   4 -0.0073 -0.0021 10.9877
172   4 -0.0112  0.0007 10.1740
180   4 -0.0973  0.0000 12.2644
188   4 -0.1252  0.0000 12.6664
196   4 -0.0285  0.0000 12.0698
204   4  0.0000 -0.0261 10.4737
212   4 -0.0199  0.0000 10.4546
220   4 -0.0437  0.0228 12.0156
228   4  0.0354  0.0000 13.3575
236   4  0.0000 -0.0187 13.3636
244   4 -0.0207  0.1141 12.2777
252   4 -0.0080  0.0145 11.7999
260   4  0.0160  0.0000 10.6683
268   4  0.0312 -0.0620 11.3240
276   4 -0.0797 -0.0096 12.1707
284   4  0.0000 -0.2720 12.4615
292   4 -0.0079 -0.0134 11.3567
  4  12  0.1757  1.0944  7.4084
 12  12  0.1099  0.0000 13.0402
 20  12  0.0621  0.0000 10.4065
 28  12  0.0000  0.1603 11.3380
 36  12  0.0089  0.0000 10.4065
 44  12  0.0000  0.0778 10.7546
 52  12  0.0153  0.0178  9.4132
 60  12  0.0132  0.0000  9.3279
 68  12  0.0013  0.0000 11.6053
 76  12 -0.0121  0.0000 10.6514
 84  12  0.0021  0.0000  8.5829
 92  12  0.0000  0.2523  9.0888
100  12 -0.0547 -0.0163 34.1589
108  12 -0.0897  0.0000 15.6120
116  12 -0.1163 -0.0280  9.0042
124  12  0.0000 -0.2301  7.9773
132  12 -0.0168  0.0000  7.3911
140  12 -0.0309  0.0000  7.3911
148  12  0.0086  0.0000  7.6401
156  12  0.0218 -0.0193  8.6745
164  12 -0.0112  0.0038 23.4382
172  12  0.0014 -0.0094 65.6983
180  12  0.0049  0.0000  7.0573
188  12  0.0000 -0.0000  7.3517
196  12 -0.0144 -0.0634  7.8949
204  12 -0.0409  0.0000  8.3292
212  12 -0.0182  0.0163 10.5981
220  12 -0.0243 -0.0980  9.6637
228  12  0.0000  0.6169  8.5523
236  12  0.0000  0.2229  8.9077
244  12  0.0923  0.0285  9.4677
252  12  0.0523  0.0000 10.8471
260  12  0.0776  0.0000 10.9131
268  12  0.1144  0.0374 12.0283
276  12 -0.0182 -0.0123 11.8478
284  12  0.0068 -0.0396 12.5649
292  12 -0.0103 -0.1372 12.5305
  4  20 -0.0321 -0.0102 11.2406
 12  20 -0.0109 -0.0205  9.3199
 20  20 -0.0952 -0.0373  8.7586
 28  20 -0.0359  0.0061 10.0363
 36  20 -0.0168  0.0000 13.5420
 44  20  0.0091  0.0150 20.1206
 52  20 -0.0510  0.0022 22.5123
 60  20 -0.0639  0.0000 22.8977
 68  20 -0.0551  0.0138 18.0305
 76  20  0.0478  0.0091 20.1532
 84  20 -0.0145  0.0000 19.3244
 92  20 -0.0093 -0.0030 18.4013
100  20  0.0501 -0.0149 13.3521
108  20  0.0252  0.0000 14.9833
116  20 -0.0043  0.0007 15.8338
124  20  0.0011  0.0000 15.2941
132  20  0.0157  0.0000 15.3640
140  20  0.0212 -0.0126 19.7683
148  20  0.0298  0.0408 21.0980
156  20  0.0050  0.0145 31.1711
164  20 -0.0208  0.0124 21.1866
172  20  0.0157 -0.0060 17.4769
180  20  0.0043  0.0106 20.8659
188  20  0.0314  0.0000 26.1070
196  20  0.0110  0.0051 29.6419
204  20 -0.0157  0.0000 20.0231
212  20 -0.0094  0.1014 22.1251
220  20 -0.0392 -0.0043 20.2282
228  20 -0.0227 -0.0123 21.0275
236  20 -0.0310  0.0103 19.4716
244  20 -0.0418 -0.0020 15.2545
252  20  0.0107 -0.0802 14.9328
260  20  0.0035  0.0000 16.3680
268  20  0.0058 -0.0041 12.8616
276  20 -0.1346 -0.0038 12.1667
284  20 -0.0715  0.0444 12.3517
292  20  0.0162 -0.0491 17.9960
  4  28  0.0201 -0.0188 10.3908
 12  28 -0.0196  0.0254 15.8551
 20  28  0.0056  0.0104 15.6798
 28  28  0.0276  0.0053  9.2166
 36  28  0.0208  0.0000  8.1660
 44  28  0.0127  0.0000  8.2592
 52  28  0.0135  0.0000  7.9947
 60  28  0.0284  0.0027  7.5125
 68  28 -0.0716 -0.0035  8.1456
 76  28  0.0002  0.0407  8.2929
 84  28  0.0000 -0.0467  7.0475
 92  28 -0.0241  0.0000  7.4472
100  28 -0.0092  0.0261  8.0003
108  28 -0.0017 -0.0048  7.5662
116  28  0.0000  0.0086 10.0474
124  28 -0.0029 -0.0115  8.4360
132  28 -0.0073  0.0467  7.1876
140  28 -0.0003  0.0000  5.9544
148  28 -0.0347  0.0029  7.6443
156  28 -0.0072  0.0044 14.3253
164  28 -0.0151 -0.0069 16.6397
172  28 -0.0090  0.0311 20.0514
180  28  0.0020 -0.0065 13.3092
188  28 -0.0158  0.0486  8.3333
196  28  0.0531  0.0000  6.9592
204  28  0.0423  0.0136  6.9027
212  28 -0.0348  0.0012  6.3997
220  28 -0.0018 -0.0510  6.2162
228  28  0.0084 -0.0015  6.3815
236  28 -0.0069  0.1132  6.5767
244  28  0.0086  0.0290  6.4832
252  28 -0.0031  0.0051  7.0988
260  28  0.0021 -0.0056  6.7539
268  28 -0.0048  0.0036  7.7219
276  28 -0.0159  0.0008  8.6379
284  28  0.0004  0.0296  6.8865
292  28 -0.0063 -0.0196  6.9580
  4  36  0.0118  0.0000  8.2581
 12  36 -0.0167  0.0000  9.5058
 20  36 -0.0440 -0.0188  8.2753
 28  36 -0.0810  0.0000 15.2515
 36  36 -0.1524  0.0000 14.0146
 44  36 -0.2188 -0.3086  9.9070
 52  36 -0.1945  0.0000 15.5346
 60  36 -0.1211  0.0825 11.4187
 68  36 -0.0151 -0.0959 11.1616
 76  36  0.0174  0.0000  8.8816
 84  36  0.0306  0.0000  7.2383
 92  36 -0.0121  0.1720  8.1091
100  36 -0.1394 -0.0526  9.6744
108  36 -0.0675  0.0000 11.1304
116  36  0.0099  0.0000 11.1304
124  36  0.1056  0.0000  0.0000
132  36  0.0874  0.0000  0.0000
140  36  0.0054  0.0000  0.0000
148  36 -0.0189 -0.0173  5.5774
156  36 -0.0169  0.0056 13.2086
164  36 -0.0014 -0.0064 11.4096
172  36  0.0059  0.0000  9.9339
180  36 -0.0009  0.0040 10.4415
188  36  0.0240  0.0195  8.7704
196  36 -0.1335  0.0186 10.2393
204  36 -0.0082  0.0242 13.0319
212  36  0.0190 -0.0042 14.0897
220  36  0.1330  0.1499 12.4279
228  36  0.0621  0.0000 13.3851
236  36  0.0000  0.0386  7.4854
244  36  0.0459  0.1308  8.4268
252  36 -0.1229  0.0000  8.5951
260  36 -0.2993  0.0000 11.0903
268  36 -0.4104  0.0000 10.8982
276  36 -0.4276  0.0000 13.3851
284  36 -0.3680  0.0000  9.4928
292  36 -0.2053  0.0000 11.9011
  4  44  0.0000  0.0748 10.7710
 12  44  0.0556  0.0000 10.6057
 20  44  0.0247  0.1440  9.5753
 28  44 -0.0694  0.0000  9.0038
 36  44 -0.0536  0.0000  7.5563
 44  44  0.0228  0.0000  7.4479
 52  44  0.1333 -0.0507  6.7623
 60  44  0.0885  0.0000  7.3911
 68  44  0.0014  0.0000  0.0000
 76  44 -0.0331  0.0000 16.1088
 84  44 -0.0931  0.0000 11.1304
 92  44  0.1960  0.0000 11.1304
100  44  0.0156  0.0000 11.1304
108  44 -0.0460  0.0000  0.0000
116  44 -0.1276  0.0000  0.0000
124  44 -0.2468  0.0000  0.0000
132  44 -0.2129  0.0000  0.0000
140  44 -0.1489  0.0000 17.0667
148  44 -0.0053 -0.0167  6.7773
156  44 -0.0305  0.0133 17.9330
164  44 -0.0092 -0.0089 11.8854
172  44 -0.0074  0.0021 11.9442
180  44 -0.2300  0.0000 21.9438
188  44 -0.4382  0.0000  6.1498
196  44 -0.5316  0.0000  0.0000
204  44 -0.5460  0.0000 20.7059
212  44 -0.5151  0.0000 15.2515
220  44 -0.3343  0.0000 13.3851
228  44 -0.0149  0.0100 12.3083
236  44  0.0439 -0.0206 13.6342
244  44 -0.0791  0.0000  9.4841
252  44 -0.0496  0.0000  8.7453
260  44 -0.0602  0.2292 11.2050
268  44 -0.0581  0.0743  9.3775
276  44 -0.0631 -0.0074 11.2490
284  44  0.0253  0.0000 11.3765
292  44 -0.0364 -0.2638 14.5169
  4  52  0.0000  2.0000 11.1304
 12  52 -0.1185  0.0000  0.0000
 20  52  0.1334 -0.1830 13.7634
 28  52 -0.0518  0.0000 11.1304
 36  52 -0.0579  0.0000  0.0000
 44  52 -0.2021  0.0000  0.0000
 52  52 -0.3030  0.0000  0.0000
 60  52 -0.3761  0.0000  0.0000
 68  52 -0.4308  0.0000 11.1304
 76  52 -0.5000 -0.5000  4.0635
 84  52 -0.3167  0.0000 11.1304
 92  52 -0.1960 -0.5000 11.1304
100  52 -0.1794  0.0000 15.2515
108  52 -0.3543  0.0000 11.1304
116  52 -0.5000 -1.0000  4.0635
124  52 -0.4562  0.0000 11.1304
132  52 -0.3179  0.0000  0.0000
140  52 -0.1960 -0.5000 11.1304
148  52  0.0064 -0.0035  6.1767
156  52  0.0000  0.0131  6.7667
164  52  0.1417  0.0000  6.6699
172  52 -0.1882  0.0000  6.6595
180  52  0.0123 -0.0010  6.4324
188  52 -0.0070  0.0000  8.7998
196  52 -0.0380  0.0000 11.1304
204  52  0.0477  0.0000 11.1304
212  52  0.1533  0.0000 11.1304
220  52 -0.0256  0.0000 11.2095
228  52  0.2280  0.1115  6.9679
236  52 -0.0139  0.1125  8.1332
244  52  0.0000 -0.1914  9.9134
252  52 -0.1437  0.1888  9.1621
260  52  0.0564 -0.0494 11.1199
268  52 -0.0305  0.0000  7.9882
276  52  0.0448 -0.0736  8.6375
284  52 -0.1361  0.0381  8.9036
292  52 -0.2833  0.0000 11.8363
  4  60 -0.3706  0.0000  0.0000
 12  60 -0.2612  0.0000 11.1304
 20  60 -0.1138  0.0000  7.2997
 28  60 -0.1143  0.0000  0.0000
 36  60 -0.2952  0.0000  0.0000
 44  60 -0.3283  0.0000  0.0000
 52  60 -0.1223  0.0000  0.0000
 60  60  0.4109  0.0000  0.0000
 68  60  1.3039  0.0000 11.1304
 76  60  2.5000  0.0000  8.8276
 84  60  2.0693  0.0000 13.3565
 92  60  1.4454  0.0000  8.7227
100  60  0.0352  0.2554 10.3656
108  60  0.0230  0.0000 22.2609
116  60  0.0000  0.1474  7.0459
124  60 -0.1063  0.0000 11.1304
132  60  0.1059  0.0000 11.9011
140  60  0.2907 -0.0403 10.5761
148  60 -0.2491  0.1257 11.5459
156  60  0.3060 -0.0814  9.4577
164  60  0.2603  0.0000 11.9011
172  60  0.1043  0.0000 16.1088
180  60  0.0099 -0.2010  8.8117
188  60 -0.0475  0.0000  0.0000
196  60  0.6775  0.0000  0.0000
204  60  1.4542  0.0000  0.0000
212  60  0.8388  0.0000  0.0000
220  60  0.2001  0.0000  0.0000
228  60 -0.0251  0.0000  0.0000
236  60 -0.0208  0.0000  0.0000
244  60  0.0000  2.5000  8.8276
252  60  0.2802 -0.0546 12.7691
260  60  0.0000  1.5713  8.0359
268  60 -0.0470  0.0000 10.8982
276  60  0.1146 -0.0101 17.4161
284  60  0.7100  0.0000 16.1088
292  60  1.6567  0.0000 13.7892
  4  68  2.8064  0.0000 13.7892
 12  68  3.4019  0.0000 11.1304
 20  68  3.4796  0.0000 11.1304
 28  68  1.7018  0.0000  0.0000
 36  68  0.6920  0.0000  0.0000
 44  68  0.0296  0.0000  0.0000
 52  68 -0.3828  0.0000  0.0000
 60  68 -0.0930  0.0000 16.1088
 68  68 -0.1550  0.0300 17.4545
 76  68  0.0000  0.1024  9.7637
 84  68  0.0491 -0.1360  7.5963
 92  68  0.1794  0.0000 10.6441
100  68  0.1113 -0.0545 11.5678
108  68 -0.2299  0.0000 17.6251
116  68 -0.5000  0.0000  8.8276
124  68  0.9438  0.0000 11.1304
132  68  2.5000  0.0000  8.8276
140  68  1.1980  0.0000 11.1304
148  68  0.2563  0.0000 10.8670
156  68  0.2471  0.0000 11.1304
164  68  0.5180  0.0000 11.1304
172  68  0.9347  0.0000  0.0000
180  68  1.5164  0.0000 11.1304
188  68  0.8885  0.0000 11.1304
196  68  0.3831  0.0000  0.0000
204  68  0.2064  0.0000  0.0000
212  68  0.5083  0.0000  0.0000
220  68  1.0531  0.0000  0.0000
228  68  1.8681  0.0000  0.0000
236  68  3.1999  0.0000  0.0000
244  68  4.5000 -0.5000  4.0635
252  68  2.2185  0.0000 11.1304
260  68  1.0932  0.0000 16.1088
268  68  0.1562  0.0000  0.0000
276  68 -0.6045 -0.5000  7.7151
284  68  0.1523 -0.2815 10.3415
292  68  0.0733 -0.2475 10.8852
  4  76  0.0276  0.0000  0.0000
 12  76  0.1151 -0.1151 16.5161
 20  76  0.1546 -0.0660 18.6254
 28  76  0.0425  0.0000 15.5009
 36  76  0.0881  0.0000 19.1045
 44  76  0.3202 -0.0177 13.0130
 52  76  0.1607  0.0000 13.3565
 60  76 -0.3939 -0.0965 13.0803
 68  76 -0.3597  0.0000 12.0342
 76  76 -0.5866  0.0000 10.2128
 84  76  0.1489 -0.0232  9.8462
 92  76  0.7119  0.0000  8.0061
100  76  1.2927  0.0000  0.0000
108  76  2.5000  0.0000  8.8276
116  76  1.2233  0.0000 13.7190
124  76  0.4494  0.0000 11.9011
132  76 -0.0272 -0.0238 11.1899
140  76  0.0000 -0.1469 10.3584
148  76 -0.0418  0.1521 12.6567
156  76 -0.1631 -0.2029 15.8514
164  76  0.4180  0.0000 11.1304
172  76  0.1151  0.1151 16.5161
180  76  0.0000 -0.1469 10.3584
188  76  1.0127  0.0000 16.1088
196  76  0.7173  0.0000  0.0000
204  76  0.1350  0.0000 11.1304
212  76  0.2398  0.0000 17.0667
220  76  0.1679  0.0000 11.1304
228  76 -0.1777  0.0000  0.0000
236  76 -0.0737  0.0000  0.0000
244  76  0.1931  0.0000  0.0000
252  76 -0.0933  0.0000  0.0000
260  76  0.1048  0.3986  9.0401
268  76  0.3324  0.0000 16.1088
276  76  0.2259  0.0000  0.0000
284  76 -0.1765  0.0362  8.9313
292  76 -0.4779  0.0000 16.6956
  4  84 -0.5992  0.0000  0.0000
 12  84 -0.1272  0.0000 19.4783
 20  84  0.2780 -0.1270 13.3759
 28  84 -0.0418  0.1521 12.6567
 36  84  0.6805  0.0000 16.1088
 44  84  0.0000 -0.5000  8.8276
 52  84  0.0000  2.0000 11.1304
 60  84 -0.3430  0.0000 10.2729
 68  84 -0.4759  0.0000 16.1088
 76  84 -0.5485  0.0000  0.0000
 84  84 -0.5699  0.0000 11.1304
 92  84 -0.3107  0.0000 11.1304
100  84 -0.3066  0.0000 11.1304
108  84  0.0000  3.6958  8.2581
116  84  1.9550 -1.7058  9.1273
124  84  1.4770  0.0000 11.1304
132  84  0.7156  0.0000 16.6957
140  84  0.3366  0.0000  9.4208
148  84  0.2842  0.9647  6.9728
156  84 -0.5000  0.0000  8.8276
164  84 -0.2866  0.0000 11.1304
172  84  0.1960 -0.5000 11.1304
180  84 -0.1727  0.0000  0.0000
188  84  0.2039  0.0000  0.0000
196  84  0.4539  0.0000  0.0000
204  84  0.8351  0.0000  0.0000
212  84  0.9463  0.0000 11.1304
220  84  0.0000 -0.5000  8.9154
228  84 -0.4708  0.0000 16.1088
236  84 -0.3939  0.0000 11.1304
244  84 -0.2547  0.0000  0.0000
252  84 -0.3737  0.0000  0.0000
260  84 -0.0385  0.0000 11.1304
268  84 -0.1872  0.0000 16.1088
276  84 -0.3117  0.0000  0.0000
284  84 -0.6181  0.0000 11.1304
292  84 -0.6756  0.0000 16.1088
  4  92 -0.5000  0.0000  8.8276
 12  92 -0.2587 -0.1868 11.1614
 20  92  0.0272  0.0238 11.1899
 28  92  0.2761  0.0806  9.3746
 36  92  0.0000  0.2102 10.6733
 44  92  1.2240  0.0000  0.0000
 52  92  1.3132  0.0000 10.6514
 60  92  0.8030  0.0000 16.1088
 68  92  0.1550 -0.0300 17.4545
 76  92  0.0598  0.3538  8.5593
 84  92 -0.2771  0.0000 19.4783
 92  92 -0.2435  0.0000 17.2183
100  92 -0.0745  0.0000 11.1304
108  92 -0.1841 -0.0418 12.3683
116  92  0.2743 -0.0236 10.8782
124  92  0.3848  0.0000  9.2086
132  92  1.4725  0.0000  8.5011
140  92  2.5708  0.0000  0.0000
148  92  0.1892  0.0000  0.0000
156  92 -0.4653  0.0000  0.0000
164  92 -0.5117  0.0000  0.0000
172  92 -0.4186  0.0000 11.1304
180  92 -0.4001  0.0000 11.1304
188  92  0.0427  0.0000  0.0000
196  92  0.1934  0.0000  0.0000
204  92 -0.1656  0.0000  0.0000
212  92 -0.6920  0.0000  0.0000
220  92 -0.5824  0.0000  0.0000
228  92  0.0641  0.0000  0.0000
236  92  0.2578  0.0000 11.1304
244  92  0.1726  0.0000 11.1304
252  92  0.0000  0.5000 11.1304
260  92  0.0965  0.0000 13.0803
268  92  0.8390  0.0000  0.0000
276  92  1.2264  0.0000  0.0000
284  92  1.2164  0.0000  0.0000
292  92  0.9639  0.0000 11.1304
  4 100  0.6645  0.0000 12.0628
 12 100  0.2871  0.0000 16.1088
 20 100  0.0832  0.3131  9.8462
 28 100  0.0030  0.0000  0.0000
 36 100  0.0395 -0.1082 17.2761
 44 100  0.0192 -0.1864 11.8154
 52 100 -0.2780 -0.1270 13.3759
 60 100  1.5000  2.1819  5.7949
 68 100  4.5000  4.5000  4.0635
 76 100 -0.5000  0.0000  8.8276
 84 100 -0.5000  0.0000  8.8276
 92 100 -0.4033  0.0000 16.1088
100 100 -0.2124  0.0000 11.1304
108 100 -0.2835  0.0000  0.0000
116 100  0.6317  0.0000 11.1304
124 100  1.1434  0.0000 16.1088
132 100  0.4133  0.0000 13.1641
140 100 -0.6532  0.0000  0.0000
148 100 -0.2907  0.0403 10.5761
156 100  1.0993  0.0000 13.5576
164 100  0.9661  0.0000 11.1304
172 100  0.4531  0.0000  0.0000
180 100  0.0738  0.0000 11.1304
188 100  0.1467  0.0000 11.1304
196 100  0.6855  0.0000 17.0667
204 100  1.2560  0.0000  0.0000
212 100  1.7130  0.0000  0.0000
220 100  1.9296  0.0000 11.1304
228 100  1.4718  0.0000  0.0000
236 100  0.9765  0.0000  0.0000
244 100  0.7251  0.0000 16.1088
252 100  0.6306  0.0000 11.1304
260 100  0.0830  0.0000  0.0000
268 100 -0.1366  0.0000  0.0000
276 100 -0.1496  0.0000 11.1304
284 100  0.9413  0.0000 11.1304
292 100  2.0354  0.0000 11.1304
  4 108 -0.3732 -0.3694 10.3318
 12 108  0.0000  2.0000 11.1304
 20 108  0.0000  1.5000  7.8528
 28 108  0.3941 -0.0798 11.2324
 36 108 -0.1546  0.0660 18.6254
 44 108  1.5442  0.0000  0.0000
 52 108  2.5000  0.0000  8.8276
 60 108  1.3070  0.0337 12.4709
 68 108 -0.5000  0.1588 10.5785
 76 108  0.6230  0.0000  0.0000
 84 108  2.5000  0.0000  8.8276
 92 108  1.3911  0.0000 11.1304
100 108  0.4879  0.0000 11.1304
108 108  0.0000  2.5000  8.8276
116 108  0.0382 -0.1028 16.6166
124 108  0.4762  0.0000 16.1088
132 108  1.0799  0.0000  0.0000
140 108  1.7973  0.0000 11.1304
148 108  2.5000  0.0000  8.8276
156 108  1.8189  0.0000 12.5902
164 108  1.3413  0.0000  0.0000
172 108  1.2997  0.0000  0.0000
180 108  1.5717  0.0000 20.7059
188 108  0.0000  0.2730 10.6474
196 108 -0.2962  0.0673  5.4468
204 108 -0.3251  0.0000  0.0000
212 108  0.1383  0.0000  0.0000
220 108  0.5550  0.0000  0.0000
228 108 -0.1244  0.0000 11.1304
236 108  0.1565  0.0000  0.0000
244 108  0.4292  0.0000 11.1304
252 108  0.8144  0.0000  0.0000
260 108  1.0948  0.0000 16.1088
268 108  2.5000  0.0000  8.8276
276 108  2.7069  0.0000  0.0000
284 108  1.7550  0.0000  0.0000
292 108  0.5192  0.0000  0.0000
  4 116  0.7211  0.0000  0.0000
 12 116  1.2516  0.0000 11.9011
 20 116  0.3145 -0.0264 11.0777
 28 116 -0.0300  0.0000 11.1304
 36 116 -0.1952  0.0000  0.0000
 44 116 -0.1218  0.0000 16.1088
 52 116  0.1403  0.0000 16.1088
 60 116  0.4712  0.0000  0.0000
 68 116  0.8328  0.0000  0.0000
 76 116  1.2158  0.0000 11.1304
 84 116  0.9989  0.0000  0.0000
 92 116  1.0555  0.0000 11.1304
100 116  1.5619  0.0000  0.0000
108 116  2.5000  0.0000  8.8276
116 116 -0.3587  0.0000  8.4768
124 116 -0.5343  0.0000 11.1304
132 116 -0.6203  0.0000  0.0000
140 116 -0.5000  0.2309  9.2086
148 116 -0.1722  0.0000 11.1304
156 116 -0.0864  0.0000  9.2086
164 116  0.3544  0.0000  0.0000
172 116  0.7614  0.0000  8.2581
180 116  1.0287  0.0000 11.1304
188 116  1.2482  0.0000  0.0000
196 116  1.8666  0.0000  0.0000
204 116  2.1321  0.0000 11.1304
212 116  1.7429  0.0000  8.4768
220 116  0.8543  0.0000 11.1304
228 116  0.4338  0.0000  8.0000
236 116  0.3557  0.0000 11.1304
244 116 -0.1032  0.0000 11.1304
252 116 -0.2736  0.0000  0.0000
260 116 -0.2842  0.0000  0.0000
268 116 -0.2064  0.0000 11.1304
276 116 -0.1124  0.0000  0.0000
284 116 -0.1016  0.0000 11.1304
292 116 -0.1960  2.5000 11.1304
  4 124  0.0000  2.5000  8.8276
 12 124  0.0000 -0.1063  6.9728
 20 124  0.5059  0.0000 11.9011
 28 124  1.5215  0.0000 20.7059
 36 124  3.0880  0.0000  0.0000
 44 124 -0.6476  0.0000  0.0000
 52 124 -0.6823  0.0000 16.1088
 60 124 -0.7388  0.0000  0.0000
 68 124 -0.6622  0.0000  0.0000
 76 124 -0.3782  0.0000 16.1088
 84 124  0.0000 -0.5000  8.8276
 92 124  0.6705  0.0000 16.1088
100 124  1.1526  0.0000 11.1304
108 124  1.1337  0.0000 17.0667
116 124  0.8467  0.0000  0.0000
124 124  0.7731  0.0000 11.1304
132 124  1.2806  0.0000  0.0000
140 124  1.5000  0.0000  8.2581
148 124  0.7404  0.0000 16.1088
156 124  0.0000 -0.3147  7.9175
164 124 -0.1794  0.0000 11.1304
172 124 -0.3308  0.0000  0.0000
180 124 -0.3208  0.0000 11.1304
188 124 -0.2043  0.0000 16.1088
196 124 -0.0960  0.0000 16.1088
204 124 -0.0441  0.0000 11.1304
212 124 -0.0919  0.0000 19.1045
220 124 -0.1587  0.0000  0.0000
228 124  0.0401  0.0000  0.0000
236 124  0.1841  0.0418 12.3683
244 124  0.1801  0.0000 11.1304
252 124  1.2603  0.0000 11.1304
260 124  3.2325  0.0000 11.1304
268 124 -0.7012  0.0000 11.1304
276 124 -0.6623  0.0000  0.0000
284 124 -0.6935  0.0000  0.0000
292 124 -0.6137  0.0000 16.1088
  4 132 -0.3051  0.0000  8.4768
 12 132  0.2951  0.0000 11.1304
 20 132  1.1567  0.0000  0.0000
 28 132  1.7790  0.0000 11.1304
 36 132  1.4249  0.0000  0.0000
 44 132  0.5499  0.0000  0.0000
 52 132 -0.2780  0.1270 13.3759
 60 132  0.4748  0.0000 11.1304
 68 132  0.9725  0.0000 11.1304
 76 132  0.4638  0.0000  0.0000
 84 132 -0.1532  0.0000  0.0000
 92 132 -0.3826  0.0000  0.0000
100 132 -0.3919  0.0000 16.1088
108 132 -0.2405  0.0000 13.1641
116 132  0.0008 -0.0951  7.3104
124 132  0.1558  0.0000  7.1075
132 132  0.2354  0.0000 17.0667
140 132  0.1841  0.0418 12.3683
148 132  0.0423  0.0000  0.0000
156 132  0.1960  0.0000 11.1304
164 132  0.0000 -0.5000  8.9154
172 132 -0.5000  0.0000  8.8276
180 132  0.5645  0.0000 12.0455
188 132  2.5000  0.0391  9.3822
196 132 -0.5000  0.1588 10.5785
204 132 -0.4627  0.0000 13.1641
212 132 -0.5200  0.0000 16.1088
220 132 -0.4753  0.0000 11.1304
228 132 -0.2292  0.0000  0.0000
236 132  0.4370  0.0000  0.0000
244 132  1.4890  0.0000  0.0000
252 132  2.5000 -0.5000  4.0635
260 132  2.0142  0.0000  0.0000
268 132  1.0940  0.0000  0.0000
276 132  0.3197  0.0000  0.0000
284 132  0.5268  0.0000 16.1088
292 132  0.8395 -0.0193  8.7655
  4 140  0.1248  0.0000  0.0000
 12 140 -0.3983  0.0000  0.0000
 20 140 -0.5161  0.0000  0.0000
 28 140 -0.3745  0.0000  0.0000
 36 140 -0.1151 -0.1151 16.5161
 44 140  0.1841  0.0000 16.1088
 52 140  0.3833  0.0000 16.1088
 60 140  0.5219  0.0000  0.0000
 68 140  0.5220  0.0000 11.1304
 76 140  0.0000 -0.5000  8.8276
 84 140 -0.0276  0.0000 11.1304
 92 140 -0.2175  0.0000 10.3926
100 140 -0.5000  0.0000  8.8276
108 140 -0.2330  0.0000  0.0000
116 140  0.0000 -0.3042  9.4815
124 140 -0.1343  0.0000  0.0000
132 140 -0.1159 -0.7787 10.1096
140 140 -0.2166  0.1179  7.0951
148 140 -0.2148  0.0000  0.0000
156 140 -0.1960  0.0000 11.1304
164 140  0.2235  0.0000  0.0000
172 140  1.0815  0.0000  0.0000
180 140  2.0715  0.0000 12.0455
188 140  2.2236  0.0000  0.0000
196 140  1.7173  0.0000 11.1304
204 140  0.9102  0.0000  0.0000
212 140  0.5093  0.0000  0.0000
220 140  0.1172  0.0000  0.0000
228 140 -0.6292  0.0000 11.1304
236 140 -0.8267  0.0000  0.0000
244 140 -0.6443  0.0000  0.0000
252 140 -0.2711  0.0000  0.0000
260 140  0.1462  0.0000  0.0000
268 140  0.3673  0.0000  0.0000
276 140  0.4209  0.0000  0.0000
284 140  0.4667  0.0000  0.0000
292 140  0.6306 -0.1105 11.2757
  4 148 -0.0003  0.0000  0.0000
 12 148 -0.1409  0.0000 16.1088
 20 148 -0.2859  0.0000 11.1304
 28 148 -0.5000  0.0000 11.1304
 36 148 -0.6212  0.0000 16.1088
 44 148 -1.0848  0.0000 16.1088
 52 148  0.1668  0.0000  0.0000
 60 148  0.2187  0.0000  0.0000
 68 148  0.2960  0.0000 12.5445
 76 148  0.3942  0.0000 11.1304
 84 148  0.2989  0.0000 11.1304
 92 148 -0.0125  0.0000 16.6957
100 148  0.4284  0.0000  0.0000
108 148  1.6098  0.0000  0.0000
116 148  2.4776  0.0000 16.1088
124 148  2.4954  0.0000  0.0000
132 148  1.5000  0.0000  8.2581
140 148  0.6665  0.0000  0.0000
148 148 -0.2640  0.0000  0.0000
156 148 -1.2596  0.3479  7.1968
164 148 -1.0836  0.0000 21.6135
172 148 -0.6207  0.0000 11.1304
180 148 -0.0764  0.0000 13.0803
188 148  0.5005  0.0000 16.1088
196 148  0.5007  0.0000 11.1304
204 148  0.1436  0.0000  0.0000
212 148 -0.5000  0.0000 11.1304
220 148 -1.5000  0.0000  8.2581
228 148 -0.8615  0.0000  0.0000
236 148 -0.3221  0.0000  0.0000
244 148 -0.2187  0.0000  0.0000
252 148 -0.2977  0.0000  0.0000
260 148 -0.4851  0.0000  0.0000
268 148 -0.9604  0.0000 11.1304
276 148  0.3058  0.0000  0.0000
284 148  0.4622  0.0000  0.0000
292 148  0.7671  0.0000  0.0000
  4 156  1.1617  0.0000  0.0000
 12 156  1.1996  0.0000  0.0000
 20 156 -0.1151 -0.1151 16.5161
 28 156 -0.1841  0.0418 12.3683
 36 156  1.3515  0.0000 11.1304
 44 156  2.9574  0.0000  0.0000
 52 156  3.6851  0.0000  0.0000
 60 156  2.5394  0.0000  0.0000
 68 156  1.2257  0.0000 11.1304
 76 156  0.1281  0.0000  0.0000
 84 156 -0.6868  0.0000 16.1088
 92 156 -0.6593  0.0000  0.0000
100 156 -0.2591  0.0000  0.0000
108 156  0.1841 -0.0418 12.3683
116 156  0.9246 -0.1538 14.1070
124 156  0.6487  0.0000  0.0000
132 156  0.1230  0.0000  0.0000
140 156 -0.4485  0.0000  0.0000
148 156 -0.8930  0.0000  0.0000
156 156 -0.5361  0.0000  8.2581
164 156  0.0000 -0.5000  8.8276
172 156  0.0166  0.0000 11.1304
180 156  0.0000 -0.1063  6.9728
188 156 -0.0042  0.0000 11.1304
196 156 -0.0149  0.0000  0.0000
204 156  0.2505  0.0000  0.0000
212 156  0.4462  0.0000 19.1045
220 156  0.8557  0.0000 11.1304
228 156  1.6099  0.0000  0.0000
236 156  2.5000  0.0000  8.8276
244 156  0.6913  0.0000 11.1304
252 156  0.0620  0.0000 16.1088
260 156  1.2958  0.0000  0.0000
268 156  3.1450  0.0000  0.0000
276 156  4.5000  4.5000  4.0635
284 156  2.7812  0.0000  0.0000
292 156  1.2856  0.0000  0.0000
  4 164  0.4043 -0.4043  8.0000
 12 164 -0.1623  0.0000 16.1088
 20 164 -0.0811  0.0000  8.0000
 28 164  0.3278  0.0000  0.0000
 36 164  0.4932  0.0000  0.0000
 44 164  0.6855  0.0000  0.0000
 52 164  0.4290  0.0000  0.0000
 60 164  0.0334  0.0000 11.1304
 68 164 -0.1977  0.0000 11.1304
 76 164 -0.1138  0.1378 11.4627
 84 164 -0.1136  0.0000 11.1304
 92 164  0.1107  0.0000 11.1304
100 164  0.1069  0.0000 11.1304
108 164 -0.1050  2.5000  6.8903
116 164  0.5427  0.0000 16.1088
124 164  1.3068  0.0000 19.1045
132 164  0.0799  0.0000 17.0667
140 164  0.1309  0.0000  0.0000
148 164  0.2355  0.0000 11.1304
156 164  0.5000  0.0000  8.4768
164 164  1.0182  0.0000  0.0000
172 164  0.0000  2.5000  8.8276
180 164 -0.5000  0.0000  8.8276
188 164  0.5345  0.0000 19.1045
196 164  1.7434  0.0000  0.0000
204 164  2.1348  0.0000  0.0000
212 164  0.8563  0.0000  0.0000
220 164  0.0932  0.0000  0.0000
228 164 -0.1869  0.0000  8.2581
236 164 -0.1780  0.0000  0.0000
244 164  0.2462  0.0000  0.0000
252 164  0.9393  0.0000 11.1304
260 164  0.6187  0.0000  0.0000
268 164  0.3415  0.0000  0.0000
276 164  0.0160  0.0000  0.0000
284 164 -0.3591  0.0000  0.0000
292 164 -0.4781  0.0000 11.1304
  4 172 -0.3350  0.0000 11.1304
 12 172 -0.1401  0.2399 12.1506
 20 172  0.3134  0.0000  0.0000
 28 172  0.8288  0.0000 11.1304
 36 172  1.0328  0.0000 11.1304
 44 172  1.5445  0.0000  0.0000
 52 172  2.5000  0.0000  8.8276
 60 172 -0.0418  0.1521 12.6567
 68 172 -0.1039  0.0000 22.2609
 76 172 -0.2011  0.1988 14.8099
 84 172 -0.0319  0.0000  0.0000
 92 172  0.1713  0.0000  0.0000
100 172 -0.2122  0.0000 11.1304
108 172 -0.4309  0.0000 11.1304
116 172 -0.0074  0.0000  0.0000
124 172  0.3415  0.0000 11.1304
132 172 -0.1423  0.0000  0.0000
140 172 -1.5000  0.0000  8.2581
148 172 -1.3557  0.0000 16.1088
156 172 -0.9715  0.0000 11.1304
164 172 -0.4966  0.0000  0.0000
172 172  0.1960  0.0000 11.1304
180 172  1.5000  2.5000  8.2581
188 172  0.5000  0.0000 11.1304
196 172  0.0000 -0.5000  8.8276
204 172 -0.3679  0.0000  0.0000
212 172 -0.8974  0.0000  0.0000
220 172 -0.9884  0.0000  0.0000
228 172 -0.7900  0.0000  0.0000
236 172 -0.3797  0.0000  0.0000
244 172  0.4411  0.0000  0.0000
252 172  1.7680  0.0000  0.0000
260 172  2.1885  0.0000 11.1304
268 172  2.2262  0.0000  0.0000
276 172  2.4887  0.0000  0.0000
284 172 -0.0843  0.0000  0.0000
292 172 -0.0259  0.0000  0.0000
  4 180 -0.1312  0.0000 11.1304
 12 180 -0.1161  0.0000 17.0667
 20 180 -0.0427  0.0000 11.1304
 28 180 -0.1017  0.0000 11.1304
 36 180 -0.2096  0.0000 11.1304
 44 180 -0.1575  0.0000  0.0000
 52 180 -0.2271  2.5000  9.5143
 60 180 -0.8856  0.0000 17.0667
 68 180 -1.7228  0.0000 16.4760
 76 180 -1.6801  0.0000  0.0000
 84 180 -1.2510  0.0000  0.0000
 92 180 -0.6772  0.0000  0.0000
100 180 -0.0247  0.0000  0.0000
108 180  0.6356  0.0000  0.0000
116 180  0.3459  0.0000  0.0000
124 180  0.1180  2.5000  9.2850
132 180 -0.4043 -0.4043  8.0000
140 180 -1.3070 -0.0337 12.4709
148 180 -1.3712  0.0000  0.0000
156 180 -1.1776  0.0000  0.0000
164 180 -0.7381  0.0000  0.0000
172 180  0.1960  0.0000 11.1304
180 180  2.5000  0.0000  8.2581
188 180  2.8985  0.0000 16.1088
196 180  2.2807  0.0000 11.1304
204 180  1.4592  0.0000  0.0000
212 180  0.3616  0.0000 11.1304
220 180  0.4197  0.0000 11.1304
228 180  0.1949  0.0000  0.0000
236 180  0.0180  0.0000  0.0000
244 180 -0.0074  0.0000  0.0000
252 180  0.1705  0.0000  0.0000
260 180  0.0581  0.0000  0.0000
268 180 -0.1052  0.0000 11.1304
276 180 -0.3644  0.0000  0.0000
284 180 -0.8646  0.0000 11.1304
292 180 -1.3500  0.0000  0.0000
  4 188 -1.3904  0.0000 11.1304
 12 188 -1.1081  0.0000  0.0000
 20 188 -0.6636  0.0000  0.0000
 28 188 -0.2711  0.0000  8.0000
 36 188 -0.1569 -0.0298 11.0749
 44 188 -0.1119  0.0000  8.7016
 52 188 -0.1498  0.0000 16.1088
 60 188 -0.4542  0.0000 12.0455
 68 188 -0.9995  0.0000 11.1304
 76 188 -1.2234  0.0000  0.0000
 84 188 -1.2206  0.0000 16.1088
 92 188 -0.8824  0.0000 16.1088
100 188 -0.0510  0.0000  0.0000
108 188  1.4736  0.0000  0.0000
116 188  2.5000  0.0000  8.8276
124 188  1.6340  0.0000  0.0000
132 188  0.0000  2.5000  8.8276
140 188  1.5014  0.0000 11.1304
148 188  1.3095  0.0000  0.0000
156 188  0.7268  0.0000 11.1304
164 188  0.1313  0.0812 16.9211
172 188 -0.1434  0.0000 11.1304
180 188  0.3732  0.3694 10.3318
188 188  0.2145  0.0000 11.1304
196 188 -0.0003  0.0000 11.1304
204 188 -0.2182  0.0000 11.1304
212 188 -0.4928  0.0000  0.0000
220 188 -0.7432  0.0000 13.5576
228 188 -0.8280  0.0000  0.0000
236 188 -0.7286  0.0000 11.1304
244 188 -0.4104  0.0000 16.1088
252 188 -0.1476  0.0000  0.0000
260 188 -0.4022  0.0000  0.0000
268 188 -0.3614  0.0000 11.1304
276 188 -0.2248  0.0000  0.0000
284 188 -0.1933  0.0000 11.1304
292 188 -0.3967  0.0000  0.0000
  4 196 -0.7105  0.0000  0.0000
 12 196 -1.0136  0.0000  0.0000
 20 196 -0.9362  0.0000 19.1045
 28 196 -0.5615  0.0000  8.8276
 36 196 -0.1099 -0.1913 11.2281
 44 196  0.8930  0.0000 12.0455
 52 196  0.6627  0.0000  0.0000
 60 196 -0.3952  0.0000 14.5615
 68 196  3.3792  0.0000  0.0000
 76 196  2.7773  0.0000  0.0000
 84 196  1.6171  0.0000 16.1088
 92 196 -0.1151 -0.1151 16.5161
100 196 -0.8303  0.0000 11.1304
108 196 -0.1715  0.0000 16.1088
116 196 -0.0246  0.0000 16.1088
124 196 -0.0270  0.0000 16.1088
132 196 -0.0094  0.0000  0.0000
140 196  0.0092  0.0000 11.1304
148 196 -0.0209  0.0000  0.0000
156 196 -0.1472  0.0000 16.1088
164 196 -0.3219  0.0000 11.1304
172 196 -0.1161  0.0000 11.1304
180 196  0.2136  0.2159 14.8252
188 196 -0.5000 -0.2274  6.6693
196 196 -0.3664  0.0000  0.0000
204 196 -0.0048  0.0000 16.1088
212 196  0.4336  0.0000  0.0000
220 196  0.5662  0.0000  0.0000
228 196  0.1676  0.0000  0.0000
236 196 -0.6116  0.0000  0.0000
244 196 -0.6756  0.0079  5.4468
252 196 -0.3268  0.0000 11.1304
260 196 -0.1303  0.0000  0.0000
268 196  0.2140  0.0000  0.0000
276 196  0.1538  0.0000 16.1088
284 196 -0.3654  0.0000 12.0628
292 196  5.8520  0.0000 11.1304
  4 204  5.0463  0.0000  0.0000
 12 204  4.0600  0.0000 19.4783
 20 204  2.8274 -0.3035  7.6077
 28 204 -0.5000  0.0342  8.6646
 36 204 -0.1008 -0.0843 14.9901
 44 204 -0.2011  0.0000 11.1304
 52 204 -0.1239  0.0000 11.1304
 60 204  0.1606  0.0000  0.0000
 68 204  0.5245  0.0000  0.0000
 76 204  0.7845  0.0000 11.1304
 84 204  0.6715  0.0000  0.0000
 92 204  0.0000  2.5000  8.8276
100 204 -0.1554  0.0000 16.1088
108 204 -0.0224  0.0000  0.0000
116 204 -0.2107  0.0000 11.1304
124 204  0.0033  0.0000  0.0000
132 204  0.5000 -0.3889  6.6693
140 204  1.3808  0.0000  0.0000
148 204  1.9351  0.0000  0.0000
156 204  1.5136  0.0000 16.1088
164 204 -0.1960  0.0000 11.1304
172 204 -0.3619  0.0000 11.1304
180 204  0.1927 -0.0788 17.1842
188 204  0.2076  0.0000  0.0000
196 204  0.0696 -0.0812 10.9765
204 204  0.0418  0.1521 12.6567
212 204 -0.1846  0.0000  0.0000
220 204  8.5336  0.0000  0.0000
228 204  7.2990  0.0000  0.0000
236 204  5.8765  0.0000  0.0000
244 204  3.9823  0.0000  0.0000
252 204  1.1192  0.0000 16.1088
260 204  0.0000  2.5000  8.8276
268 204 -0.5030  0.0000 11.1304
276 204 -0.3692  0.0000 16.1088
284 204  0.1783  0.0000 11.1304
292 204  0.8996  0.0000 11.1304
  4 212  1.5759  0.0000  0.0000
 12 212  1.8206  0.0000 16.1088
 20 212  0.8632  0.0000 11.1304
 28 212  0.0361  0.0799 21.1975
 36 212  0.0418 -0.1521 12.6567
 44 212  0.1800  0.0000 17.0667
 52 212  0.5654  0.0000 11.1304
 60 212  1.2599  0.0000  0.0000
 68 212  2.3452  0.0000  0.0000
 76 212  3.4273  0.0000 11.1304
 84 212  3.5171  0.0000 11.1304
 92 212  0.4630  0.0000 11.1304
100 212 -0.3784  0.0000 11.1304
108 212 -0.0127  0.0000  0.0000
116 212  0.3468  2.5000 10.2045
124 212  0.1965  0.0000  0.0000
132 212  0.1151  0.1151 16.5161
140 212 -0.0648  0.0000  0.0000
148 212 11.2353  0.0000  0.0000
156 212  9.5817  0.0000 11.1304
164 212  7.7732  0.0000 12.0628
172 212  5.5828  0.0000 11.1304
180 212  2.7928  0.0000 11.1304
188 212  0.1138  0.0000  7.2997
196 212 -0.7362  0.0000 11.1304
204 212 -0.7216  0.0000 12.0455
212 212 -0.0457  0.0000 17.0667
220 212  0.8377  0.0000  0.0000
228 212  1.7361  0.0000 11.1304
236 212  2.5000  0.0000  8.8276
244 212  1.4189  0.0000  0.0000
252 212  0.6452  0.0000  0.0000
260 212  0.5063  0.0000 11.1304
268 212  0.6507  0.0000 16.1088
276 212  0.9729  0.0000 11.1304
284 212  1.4728  0.0000 11.1304
292 212  2.2748  0.0000 11.1304
  4 220  3.5670  0.0000  0.0000
 12 220  5.1203 -0.5000  5.4468
 20 220 -0.1960 -0.5000 11.1304
 28 220 -1.0290  0.0000 16.1088
 36 220 -0.5910  0.0000  0.0000
 44 220 -0.0349  0.0000 11.1304
 52 220  0.0418 -0.1521 12.6567
 60 220 -0.0164  0.0000 12.0628
 68 220 -0.2048  0.0000 11.1304
 76 220 13.9256  0.0000  0.0000
 84 220 11.9767  0.0000  0.0000
 92 220 10.0392  0.0000  0.0000
100 220  8.1669  0.0000 11.1304
108 220  6.4262  0.0000  0.0000
116 220  4.5000  4.5000  4.0635
124 220  0.0000 -0.5000  8.2581
132 220 -1.2061  0.0000  0.0000
140 220 -0.5000  0.0000  8.8276
148 220  0.2072  0.0000 11.1304
156 220  0.3219  0.0000 16.1088
164 220 -0.1960 -0.5000 11.1304
172 220  0.3224  0.0000 16.1088
180 220  0.6375  0.0000 16.1088
188 220  0.8544  0.0000 22.2609
196 220  1.0602  0.0000 16.1088
204 220  1.1750  0.0000 19.1045
212 220  1.0023  0.0000  0.0000
220 220  0.3732  0.3694 10.3318
228 220 -0.5000  4.5000  4.0635
236 220  1.4978  0.0000  0.0000
244 220 -0.5752  0.0000  0.0000
252 220 -1.5650  0.0000  0.0000
260 220 -1.0810  0.0000 11.1304
268 220 -0.1180 -0.5000  9.2850
276 220  0.1225  0.0000  0.0000
284 220 -0.0682  0.0000  0.0000
292 220 -0.5000  0.0000  8.8276
