VARIABLES= "X pix", "Y pix", "U pix/dt", "V pix/dt", "CHC", ZONE I=28, J=37
  4   4  0.0000 -0.0379 11.3588
 12   4 -0.0592 -0.1219 10.8417
 20   4  0.0000 -0.0720 10.1452
 28   4 -0.0545  0.0898  9.6393
 36   4  0.0000  0.0675  9.5154
 44   4  0.0000  0.0680  9.5287
 52   4  0.0000  0.0386  9.9087
 60   4  0.0000  0.0641  9.5516
 68   4 -0.0503 -0.0849  9.5976
 76   4  0.0000  0.0658 10.5205
 84   4  0.0363 -0.0038 10.6471
 92   4  0.0435 -0.0149 10.8075
100   4  0.0097  0.0150 11.8740
108   4 -0.0067 -0.0062 12.6914
116   4 -0.0036  0.0106 11.8568
124   4 -0.0142 -0.0022 11.1256
132   4  0.0000  0.0269 11.1427
140   4  0.0000  0.0211 11.7680
148   4 -0.0100  0.0003 11.1061
156   4 -0.0039 -0.0072 11.4387
164   4  0.0000  0.0286 12.1954
172   4 -0.0051  0.0147 11.5301
180   4  0.0092  0.0163 11.6699
188   4  0.0036  0.0185 11.7900
196   4  0.0046 -0.0747 11.4515
204   4 -0.0535 -0.0445 10.9900
212   4 -0.0986  0.0155 11.2706
220   4  0.1616 -0.0480 10.3554
228   4 -0.1081 -0.0372 13.7419
236   4 -0.0059  0.0219 13.2590
244   4 -0.0553  0.0338 12.0937
252   4 -0.0285  0.1268 12.4500
260   4 -0.0133  0.0379 11.3919
268   4  0.0157  0.0382 12.5917
276   4  0.0000 -0.1314 11.8045
284   4 -0.0728 -0.2610 11.7367
292   4 -0.0832 -0.1021 10.6427
  4  12  0.0537  0.0000  0.0000
 12  12  0.0667 -2.0352 14.3569
 20  12  0.0000 -1.5000  9.9740
 28  12  2.5000 -2.3660  8.5018
 36  12  0.0000 -1.1793  7.8528
 44  12  0.0000 -1.5000  7.3143
 52  12  0.0000 -1.0000  9.4815
 60  12  0.0000 -1.1421 10.0974
 68  12  0.2842 -0.6612  7.5827
 76  12 -0.2408 -1.4568  7.5855
 84  12  0.1763  0.7029  6.7683
 92  12 -0.2269 -0.9584 10.5205
100  12  2.5000  4.1559 15.6945
108  12 -4.9538  3.6066 12.6540
116  12  0.0561 -1.7959  8.9723
124  12 -0.0833 -2.0910  9.3740
132  12  0.0816 -2.7930  7.9718
140  12  0.0000 -2.5351  7.7970
148  12  0.0000 -2.1501  8.3131
156  12 -0.0389 -1.9984  8.5250
164  12 -0.0003 -1.4374 20.7084
172  12  0.0491 -1.4198 41.3634
180  12  0.2254 -2.1511  8.1757
188  12  0.1247 -1.8539  8.1621
196  12 -0.1108 -1.1855  7.5448
204  12  0.0376 -0.7542  7.8030
212  12  0.1780 -0.4286  8.4380
220  12  0.0311 -1.5681  7.9127
228  12  0.1573 -1.3791  8.1820
236  12  0.0000 -0.5000  7.7576
244  12 -0.0330 -0.7950  9.1646
252  12  0.0445 -1.2566  9.3982
260  12 -0.0393 -1.0424  9.9193
268  12  0.0763 -1.1699  8.3961
276  12  0.0768 -0.4534 10.2274
284  12 -0.0996 -0.3670 10.3475
292  12  0.0432 -0.3368 11.9225
  4  20 -0.2333  0.0000  1.0000
 12  20 -0.1570 -0.0164  7.0931
 20  20  0.2630  0.0000  1.0000
 28  20  1.5947  0.0000  1.0000
 36  20  0.1015  6.3891  9.0511
 44  20  0.0621  6.0660 13.1485
 52  20  0.0121  6.0409 13.1967
 60  20 -0.0445  6.1237 12.3324
 68  20 -0.0193  5.9740 11.7037
 76  20  0.0475  6.1507  8.8282
 84  20 -0.1075  5.9667  8.6939
 92  20 -0.0473  5.8607  9.1638
100  20 -3.2289  4.9292 11.8969
108  20  5.6870  5.2925  9.0785
116  20 -0.1092 -0.1778 15.3775
124  20  0.0758 -0.2144 13.9373
132  20  0.0254 -0.2136 14.6418
140  20  0.2228 -0.1665 15.3562
148  20  0.0691 -0.1803 13.5817
156  20  0.1307 -1.4557 16.0872
164  20 -0.3993  5.0895 10.7731
172  20  4.0140  5.0839 17.7822
180  20  1.5584  0.0000  1.0000
188  20  0.1883 -0.4545 13.8129
196  20 -0.0606 -0.1114  8.5793
204  20 -0.0617 -0.0143 22.4645
212  20 -0.0147 -0.0922 20.2616
220  20 -0.1290 -0.0422 21.1304
228  20 -0.0676 -0.0021 18.4729
236  20  0.1348  0.1617 18.3499
244  20  0.1105  0.2247 15.7307
252  20 -0.2019  0.0226 18.5941
260  20  0.0033 -0.2924 14.4123
268  20 -0.4600 -0.0713 12.0731
276  20  0.3322 -0.1172 10.5897
284  20  0.2177  0.2810 12.8437
292  20 -2.4897  0.1365 14.3068
  4  28 -0.0095 -0.2339 10.8159
 12  28  0.1826 -0.0834 11.9491
 20  28 -0.2722 -0.1650 10.5189
 28  28 -0.0342 -0.1307  8.7972
 36  28  0.0076 -0.2206  8.3702
 44  28  0.0036 -0.1719  8.3247
 52  28 -0.0009 -0.2385  7.8687
 60  28 -0.0553 -0.1067  7.6093
 68  28  0.0918 -0.0636  7.5206
 76  28 -0.1626 -0.1725  7.6134
 84  28  0.0028 -0.0210  7.2357
 92  28 -0.0136  0.0904  7.1443
100  28  0.0743 -0.1600  8.2147
108  28 -0.1090 -0.1728  7.4981
116  28 -0.0421  0.2097  8.5696
124  28 -0.0388 -0.0100  7.8903
132  28  0.0264 -0.2397  5.5335
140  28  0.1703 -1.6896  5.4597
148  28  0.0466 -1.1220  6.7718
156  28  0.2014 -0.2153  6.6688
164  28 -0.5545 -0.3097  7.5136
172  28  0.2243 -1.3477 13.0752
180  28 -0.3596 -0.0303 11.4409
188  28  0.2558  0.1542  7.7638
196  28 -0.0564  0.3234  7.1920
204  28 -0.1005  0.1434  6.9013
212  28 -0.0644  0.2875  6.8242
220  28 -0.0973  0.2484  7.0464
228  28 -0.1000  0.1380  6.3162
236  28 -0.1091  0.1922  6.8681
244  28 -0.0941  0.2476  7.0779
252  28  0.0534 -0.1783  6.5245
260  28 -0.0876 -0.3067  6.7801
268  28  0.1339 -0.4661  6.5393
276  28  0.0121 -0.3207  7.3743
284  28 -0.0806  0.0528  7.3963
292  28 -0.0083 -0.1240  6.8786
  4  36 -0.3876 -3.0917  5.1666
 12  36  0.1951  0.1876  7.4301
 20  36  0.0269  0.2830  7.8316
 28  36  0.0000 -0.2179  7.9575
 36  36 -0.0246 -0.2160 12.2365
 44  36 -0.0600  0.2084 11.7329
 52  36 -0.0678 -0.1595 13.7097
 60  36 -0.1510 -0.1655 11.6206
 68  36  0.0000 -0.2384 11.0683
 76  36 -0.0095 -0.3998  8.5045
 84  36 -0.4175 -0.3616  7.3354
 92  36 -0.4651 -0.1206  6.3733
100  36 -0.2794  0.1274  9.7051
108  36  0.0000  2.0000 11.1304
116  36  0.3690 -0.1858  5.9933
124  36 -1.3119  0.0000  0.0000
132  36 -1.3070 -0.0337 12.4709
140  36 -0.6499  0.0000  0.0000
148  36 -0.1070  0.0216  5.3946
156  36  0.4755 -1.0105  9.1215
164  36  0.0356 -2.0054 11.2042
172  36 -0.0483 -1.9151  9.8365
180  36  0.0370 -1.7154  9.5250
188  36  0.1549 -0.3331  7.6176
196  36  0.0723 -0.3235  8.2688
204  36 -0.0070 -0.2516 10.0875
212  36  0.0290 -0.1596 12.9801
220  36 -0.0630 -0.1477 13.2315
228  36 -0.1066 -0.1365 13.0272
236  36  0.0145  0.1321 10.6586
244  36 -0.0599  0.3864  9.0141
252  36 -0.2076  0.0667  9.6020
260  36  0.0822  0.0335 10.9330
268  36 -0.0685  0.0151  9.2053
276  36  0.0106 -0.2269 11.3584
284  36 -0.0466 -0.0091  9.8329
292  36 -0.0779  0.0000 11.9011
  4  44 -0.2177 -0.0832 11.3823
 12  44 -0.0031 -0.1190 11.0903
 20  44  0.2632 -0.2067 11.6690
 28  44 -0.1527 -0.1786  9.3456
 36  44 -0.0126 -1.2807  6.2121
 44  44  0.0963 -0.3499  6.3705
 52  44 -2.9261  0.1506  5.8682
 60  44 -1.6503  0.0000  0.0000
 68  44 -0.7787  0.0000  0.0000
 76  44 -0.3143  0.0000  0.0000
 84  44 -0.2802 -0.0546 12.7691
 92  44 -0.1110  0.0000 11.1304
100  44 -0.0218  0.2266 12.8350
108  44  0.0183  0.0000  0.0000
116  44  0.0879  0.0000  0.0000
124  44  0.0535  0.0000 11.1304
132  44  0.0128  0.0000  0.0000
140  44 -0.0183  0.0000  0.0000
148  44  0.0324 -0.4383  5.4915
156  44 -0.1367 -1.1421  9.6446
164  44 -0.0183 -2.0653 12.6776
172  44  0.0767 -2.0906 12.3424
180  44  0.0690 -0.2348 16.7657
188  44  0.0060 -0.0148  5.9874
196  44  0.0440  0.0000  0.0000
204  44  0.3487  0.5000  6.0664
212  44  0.2973 -0.1296 11.6683
220  44  0.1309  0.1951 11.1832
228  44 -0.0309  0.3241  8.7338
236  44  0.0996  0.0167 10.4918
244  44  0.0195 -0.0258  9.7268
252  44 -0.0316  0.1749  8.6916
260  44  0.0985  0.1588 11.0660
268  44 -0.1256  0.1855 10.6495
276  44 -1.2195  0.0000  9.6997
284  44  0.0217 -0.1410 14.2490
292  44 -0.1165  2.9872 10.0350
  4  52 -0.1091  0.0000  0.0000
 12  52 -0.5018  0.0000  0.0000
 20  52 -0.2587 -0.1868 11.1614
 28  52 -0.0290  0.0000 16.1088
 36  52 -0.0429  0.0000  0.0000
 44  52  0.0059  0.0000  0.0000
 52  52  0.0254  0.0000  0.0000
 60  52  0.0000  2.5000  8.8276
 68  52 -0.2078  0.0000  0.0000
 76  52 -0.1840  0.0000  0.0000
 84  52 -0.1573  0.1542 14.0000
 92  52  4.8566  2.5000  8.3934
100  52 -0.1439 -0.0853 11.4193
108  52 -0.6154  0.0000 11.1304
116  52 -0.3251  0.0000 11.1304
124  52  0.4640  0.0000 11.1304
132  52  2.8901  0.0000 11.1304
140  52  5.5000  2.3222  8.3442
148  52  0.1018 -0.2121  5.8938
156  52  0.0216 -0.3524  6.6106
164  52 -0.0011 -0.2966  6.6296
172  52  0.0171 -0.3404  6.2339
180  52 -0.0122 -0.3809  6.3779
188  52  0.4557  0.0782  7.3766
196  52  0.2936 -1.5732  7.8909
204  52 -0.5000  1.8890  8.4253
212  52  0.0000  2.0000 11.1304
220  52  0.0000 -1.0000  9.4815
228  52  0.1986 -3.5000  6.2630
236  52 -0.1358 -0.0224  7.0859
244  52 -0.0344  0.2299  9.1974
252  52  0.1447 -0.0691  8.8947
260  52 -0.0477 -0.2677 13.4137
268  52  0.0162  0.2168  7.6040
276  52  0.0752 -0.3008  8.3404
284  52  0.0000  0.3180  9.4015
292  52 -0.0311 -0.1287 10.2294
  4  60  1.1435  0.0000  0.0000
 12  60  2.5000  0.0000  8.8276
 20  60 -0.4043 -0.4043  8.0000
 28  60 -1.3362  0.0000  0.0000
 36  60 -0.9966  0.0000  0.0000
 44  60 -0.6316  0.0000  0.0000
 52  60 -0.5000  0.0000  8.8276
 60  60  1.6217  0.0000  0.0000
 68  60  2.9017  0.0000 11.1304
 76  60  0.7705  0.0000  0.0000
 84  60  0.3162  0.2094  9.6651
 92  60 -1.9835 -0.1998  9.1199
100  60 -0.1119 -2.6716 11.3294
108  60  0.2017  0.0000  0.0000
116  60  0.3722  0.0000 11.1304
124  60  0.2360  0.0000 11.1304
132  60  0.0000  0.0548  9.9740
140  60  0.0000 -0.1151  9.2086
148  60 -0.1502  0.0294 11.7575
156  60  0.2680  0.0000 11.9011
164  60  1.1690  0.4468  9.8147
172  60  0.0000 -0.5000  8.8276
180  60  0.4024 -0.3085  8.5438
188  60  0.1806  0.0000  0.0000
196  60  0.2505  0.0000  0.0000
204  60  0.5130  0.0000  0.0000
212  60  0.0521  0.0000  0.0000
220  60  0.0135  0.0000  0.0000
228  60  0.7464  0.0000  0.0000
236  60  1.2276  0.0000  0.0000
244  60  0.0000 -0.5000  8.8276
252  60 -0.5443  0.0000 16.1088
260  60 -0.2081 -0.1864  9.6241
268  60  0.2261 -0.4484  7.7576
276  60  0.0852 -0.3078 18.0721
284  60  0.4004  0.0000  0.0000
292  60  0.2149 -3.8960  4.8132
  4  68  0.0000  0.5000  8.0688
 12  68  0.0000 -0.5000  8.8276
 20  68  0.0000 -2.5000 11.1304
 28  68  0.3028  0.0000  0.0000
 36  68  0.2822  0.0000  0.0000
 44  68  0.1404  0.0000 11.1304
 52  68 -0.1434  0.0000  0.0000
 60  68 -0.3127 -0.1061  9.8739
 68  68  0.3321  0.1276 10.3409
 76  68 -0.2160 -0.2149 13.0194
 84  68 -0.1371 -0.9396  8.4735
 92  68 -0.3930 -0.3597 11.6225
100  68  0.1390  0.2984  8.8294
108  68  0.0000  0.3673 13.4737
116  68  0.0000  0.2917 11.1304
124  68  0.3408  0.0000  0.0000
132  68  1.3839  0.0000  0.0000
140  68  0.0020  0.0000 11.1304
148  68 -0.2220  0.1529  9.0549
156  68  0.0000 -0.1960 11.1304
164  68  0.0000  0.1469 10.3584
172  68  0.1146 -0.0101 17.4161
180  68  0.0000 -0.3120 13.1657
188  68  0.0111  0.0000 16.1088
196  68  0.1236  0.0000 11.1304
204  68  0.1086  0.0000  0.0000
212  68  0.0879  0.0000  0.0000
220  68 -0.0750  0.0000  0.0000
228  68 -0.0949  0.0000  0.0000
236  68 -0.0751  0.0000  0.0000
244  68 -0.0541  0.0000  0.0000
252  68  0.1864  0.0000  0.0000
260  68  0.1557  0.0000 16.1088
268  68  0.0000  2.5000  8.8276
276  68 -0.1841 -0.0418 12.3683
284  68  0.1080 -0.1097 10.3935
292  68 -0.1229  0.2516 11.1493
  4  76 -0.5000  0.1588 10.5785
 12  76 -0.0557  0.0193 15.2661
 20  76 -0.1227 -0.0158 14.4709
 28  76  0.0000  2.5000  8.8276
 36  76 -0.1924  0.0000  0.0000
 44  76 -0.2435 -0.0316 15.0759
 52  76  0.1113 -0.1008  9.6126
 60  76  2.8964  5.3783  6.9032
 68  76 -0.2229 -2.0000  6.8604
 76  76  0.2692 -2.7968 12.9681
 84  76 -0.2134 -0.6395  5.6371
 92  76  0.4006 -0.8786  7.2883
100  76 -0.5000  1.5000  6.5641
108  76 -0.2286 -0.1817  8.5018
116  76 -0.1452  0.0000 10.9194
124  76 -0.1717  0.4043 10.4490
132  76  0.0000 -0.2662  6.7780
140  76  0.0824 -0.2461  8.5976
148  76  0.0867  0.1071  9.3967
156  76  0.0000  0.1174  9.1793
164  76 -0.1051  0.0000  0.0000
172  76 -0.5000 -0.1588 10.5785
180  76  0.0000 -2.1960 11.1304
188  76  0.0232 -1.6462  5.4468
196  76  0.0152  0.0000 11.1304
204  76  0.0363  0.0000  0.0000
212  76  0.0677 -0.2414 11.7124
220  76  0.0784  0.0000 16.1088
228  76 -0.0307  0.0000 11.1304
236  76  0.5728  0.0000  0.0000
244  76  1.5169  0.0000  0.0000
252  76 -0.1051  0.0000  0.0000
260  76 -0.2016  0.0000 11.1304
268  76 -0.1366  0.0000  8.0688
276  76  0.4396  0.0000 11.1304
284  76  2.1036 -1.8677  6.6408
292  76  0.1635  0.0422  7.8759
  4  84  0.1063  0.0000  6.9728
 12  84 -0.5000  0.0731  8.9510
 20  84 -0.0888  0.0000 16.1088
 28  84 -0.3408  0.0000 16.1088
 36  84 -0.0962  0.0000 16.1088
 44  84  0.1504  0.0000 11.1304
 52  84  0.0000 -0.5000  7.8528
 60  84 -0.3075 -2.2115  7.9448
 68  84 -0.0506 -0.0239 16.4054
 76  84 -0.0448  0.0000  0.0000
 84  84 -0.5000  0.0000  8.8276
 92  84  0.0418 -0.1521 12.6567
100  84 -0.5000 -0.5000  4.0635
108  84  0.0844 -0.1567 10.8120
116  84 -0.0608 -1.3537  8.5507
124  84  0.0964  0.0000 11.1304
132  84  0.4385  0.0000 16.6957
140  84  0.5614  0.0000 11.9011
148  84  0.0000 -0.5000  8.8276
156  84 -0.0584  0.0000  0.0000
164  84  0.9224  0.0000  0.0000
172  84  2.9742  0.0000  0.0000
180  84 -0.0414  0.0000  0.0000
188  84 -0.1805  0.0000  0.0000
196  84 -0.2440  0.0000  0.0000
204  84 -0.3898  0.0000  0.0000
212  84 -0.1180 -0.5000  9.2850
220  84  2.5000  1.5000  7.3143
228  84  2.9015  0.0000 11.1304
236  84  1.3288  0.0000 16.1088
244  84  0.4843  0.0000  0.0000
252  84  0.1227  0.0000  0.0000
260  84  0.5272  0.0000 11.1304
268  84  1.6470  0.0000 11.1304
276  84  3.2029  0.0000  0.0000
284  84  4.5000  4.5000  4.0635
292  84  0.0000 -0.1063  6.9728
  4  92  0.3732  0.3694 10.3318
 12  92  0.0447  0.3738 14.2639
 20  92  0.0461  0.1232 11.3720
 28  92 -0.2761 -0.0806  9.3746
 36  92 -0.1654 -0.1282  6.8851
 44  92 -0.1353  0.0000  0.0000
 52  92  0.0368 -0.3107  8.0498
 60  92  0.4816  0.0000  0.0000
 68  92  0.1936  2.5000 10.4490
 76  92 -3.4179  0.0666 10.9194
 84  92 -1.5000  0.0000  8.2581
 92  92  0.1960  0.0000 11.1304
100  92  2.6359  3.5000  8.6646
108  92  0.1344  0.0000 11.1304
116  92 -0.0884  0.0000 16.1088
124  92  0.0407 -0.0900 11.0376
132  92 -0.1685 -0.2844  8.0908
140  92  0.3114  0.0000 11.1304
148  92  2.2550  0.0000 11.1304
156  92  4.5000  4.5000  4.0635
164  92  2.0035  0.0000  0.0000
172  92  0.6428  0.0000  0.0000
180  92  0.1864  0.0000  0.0000
188  92  0.6294  0.0000  0.0000
196  92  2.2143  0.0000  0.0000
204  92  4.3589  0.0000  0.0000
212  92  6.0586  0.0000  0.0000
220  92  4.8566  2.5000  8.3934
228  92  0.2571  0.1311  7.2040
236  92  0.0000 -0.1960 11.1304
244  92 -0.0523  0.0000 22.2609
252  92  0.0000 -0.1556 12.2969
260  92  0.0000 -0.1556 12.2969
268  92 -0.0726  0.0000  0.0000
276  92  0.0519  0.0000  0.0000
284  92  0.2544  0.0000  0.0000
292  92 -0.1328  0.0000  0.0000
  4 100 -1.7706  0.0000  0.0000
 12 100 -1.5925  0.0000 13.3260
 20 100 -0.9808  0.0000 11.1304
 28 100 -1.1063  0.0588  6.0134
 36 100  0.2190 -0.9640 10.2518
 44 100 -0.2646 -0.2819 10.6111
 52 100 -0.0091 -1.0358 11.8471
 60 100  0.0000 -0.5000  7.6506
 68 100  0.0000 -0.5781  8.3934
 76 100 -0.5000  0.0000  8.8276
 84 100  0.9720  0.0000 17.0667
 92 100 -0.1912  0.0000 12.4272
100 100 -0.1698  0.0000 11.1304
108 100 -0.2483  0.0000 11.1304
116 100  0.0000  2.5000  8.8276
124 100  1.5567  0.0000 17.2183
132 100  3.4025  0.0000 11.1304
140 100  4.6968  0.0000 16.1088
148 100  4.3866  0.0000 11.9011
156 100  2.5000  0.0000  8.8276
164 100 -0.3309 -0.0637  7.1846
172 100 -0.1816  0.0000 11.1304
180 100  0.3135  0.0000  0.0000
188 100  0.0000  0.1960 11.1304
196 100 -0.0832  0.3131  9.8462
204 100  0.0002  0.0000  0.0000
212 100  0.1179  0.0000  0.0000
220 100  0.0924  0.0000 16.1088
228 100  0.0000  2.5000  8.8276
236 100 -0.6975  0.0000  0.0000
244 100  0.0000 -0.5000  8.8276
252 100  1.1458  0.0000  1.0000
260 100 -0.0747  0.0000  0.0000
268 100 -0.3179  0.0000 11.1304
276 100 -0.3536  0.0000  0.0000
284 100 -0.5000  0.0000  8.8276
292 100 -0.3453  0.0000 11.1304
  4 108 -0.1182 -0.0617 12.7141
 12 108  0.1211 -0.9236  8.0688
 20 108 -0.1434 -0.5000  8.3934
 28 108  0.1138 -0.1378 11.4627
 36 108 -0.1151 -0.1151 16.5161
 44 108 -0.2260  0.0000  0.0000
 52 108  0.5895  0.0000 12.0628
 60 108  1.5609  0.0000  0.0000
 68 108  1.9791  0.0000  0.0000
 76 108  1.2841  0.0000  0.0000
 84 108  0.0418 -0.1521 12.6567
 92 108 -0.5888  0.0000 20.7059
100 108  0.1596  0.0000  0.0000
108 108  1.4141  0.0000 11.1304
116 108  0.7825  0.0000  0.0000
124 108  0.1825 -0.2174 12.5315
132 108 -0.0132  0.0000  0.0000
140 108 -0.1810  0.0000 12.0628
148 108 -0.5694  0.0000  0.0000
156 108 -1.1838 -0.5000  7.5779
164 108  0.0000 -0.5000  8.9154
172 108  4.5000  2.5000  4.0635
180 108  5.6008  0.0000  0.0000
188 108  0.0000 -0.5000  7.8528
196 108 -0.1960  0.0000 11.1304
204 108 -0.3834  0.0000  0.0000
212 108 -0.6273  0.0000  0.0000
220 108 -0.7056  0.0000  0.0000
228 108 -0.2616  0.0000 16.1088
236 108  1.2728  0.0000  0.0000
244 108  2.3322  0.0000  0.0000
252 108  0.6142  0.0000 11.1304
260 108  0.3696 -0.2945  8.0000
268 108 -0.5000  0.0000  8.8276
276 108 -0.2257  0.0000  0.0000
284 108  0.0641  0.0000  0.0000
292 108 -0.0002  0.0000  0.0000
  4 116 -0.7763  0.2617  6.3772
 12 116 -0.2907  0.0403 10.5761
 20 116 -0.6248  0.0000 11.0903
 28 116  0.1546 -0.0660 18.6254
 36 116  2.5000  0.0000  8.8276
 44 116  1.1010  0.0000 11.1304
 52 116  0.4122  0.0000 16.1088
 60 116  0.0867  0.0000  0.0000
 68 116 -0.1005  0.0000  0.0000
 76 116 -0.2571  0.0000  0.0000
 84 116 -0.4617  0.0000 11.1304
 92 116  0.3417  0.0000  0.0000
100 116  2.9836  0.0000  0.0000
108 116  4.5000  4.5000  4.0635
116 116  0.8073  0.0000  0.0000
124 116  0.3824  0.0000 11.1304
132 116 -0.0564  0.0000  0.0000
140 116 -0.5000  0.2012  9.9121
148 116 -0.9853  0.0000  0.0000
156 116 -0.8170  0.0000  8.8276
164 116  2.0116  0.0000  0.0000
172 116  4.5000  4.5000  4.0635
180 116 -0.5000  4.5000  4.0635
188 116 -0.8755  0.0000  0.0000
196 116 -0.8937  0.0000  0.0000
204 116 -0.4738  0.0000 11.1304
212 116 -0.4083  0.0000  0.0000
220 116 -0.0924  0.0000  0.0000
228 116 -0.2734  0.0000  0.0000
236 116 -0.6164  0.0000  0.0000
244 116 -1.3225  0.0000  0.0000
252 116 -1.2921  0.0000  0.0000
260 116  0.0203  0.0000  0.0000
268 116 -0.5000  0.0000  8.8276
276 116  0.0000  2.5000  8.8276
284 116  0.0139  0.0000  0.0000
292 116  0.0000  2.5000  8.8276
  4 124  0.1867 -0.5000  6.4178
 12 124  0.1459  0.1557 11.7002
 20 124 -0.1151 -0.1151 16.5161
 28 124  0.5390  0.0000  0.0000
 36 124 -0.5000  0.0000 11.1304
 44 124  1.7304  0.0000 11.1304
 52 124  1.0596  0.0000  0.0000
 60 124  0.3875  0.0000 11.1304
 68 124 -0.2266  0.0000 11.1304
 76 124 -0.6643  0.0000 16.1088
 84 124 -0.5201  0.0000 11.1304
 92 124  0.4466  0.0000 16.1088
100 124 -0.1050  2.5000  6.8903
108 124 -1.0951  0.0000  0.0000
116 124 -1.2057  0.0000  0.0000
124 124 -0.9077  0.0000 11.1304
132 124 -0.0400 -0.5000  7.7853
140 124  0.0000  0.1063  6.9728
148 124  0.8937  0.0000  0.0000
156 124  0.7379  2.5000  7.2172
164 124 -0.5159  0.0000  5.4468
172 124 -1.8616  0.0000  0.0000
180 124 -2.6359 -0.5000  8.6646
188 124 -0.9964  0.0000  0.0000
196 124  0.0613  0.0000 11.1304
204 124 -0.1646  0.0000 11.1304
212 124 -0.0825  0.0825  9.2850
220 124 -0.1051  0.0000  0.0000
228 124 -0.5000  0.0391  9.3822
236 124 -0.2808  0.0000 11.1304
244 124  0.8735  0.0000 11.1304
252 124 -0.0519  0.0000  0.0000
260 124 -1.1676  0.0000  0.0000
268 124  2.0680  0.0000  0.0000
276 124  1.5000 -1.0000  7.4357
284 124  0.7326  0.0000  0.0000
292 124  0.1136  0.0000  0.0000
  4 132 -0.1267  0.0000  0.0000
 12 132  0.3127  0.1061  9.8739
 20 132  1.4602  0.0000  0.0000
 28 132  1.9673  0.0000  0.0000
 36 132  0.6477  0.0000  0.0000
 44 132 -0.4618  0.0000  0.0000
 52 132 -0.8445  0.0000 16.1088
 60 132  0.0000  2.5000  8.8276
 68 132  2.5000  4.5000  4.0635
 76 132  2.6021  0.0000  0.0000
 84 132 -0.2364  0.0239 13.2244
 92 132 -0.5000 -0.3743  6.7368
100 132 -1.2915  0.0000 12.0455
108 132 -1.5033  0.0000  0.0000
116 132 -0.1683 -0.4093  5.2330
124 132  1.7473  0.0747  6.8235
132 132 -0.0979 -0.1298 13.9190
140 132 -0.0011  0.0000  0.0000
148 132  0.5910  0.0000  0.0000
156 132  1.5000  0.0000  8.2581
164 132 -0.5000  0.0000 11.1304
172 132  2.5000  4.5000  4.0635
180 132 -0.1174  4.1710 14.6131
188 132 -0.0382  0.1028 16.6166
196 132  1.3567  0.0000  7.6040
204 132  1.1428  0.0000 11.1304
212 132  0.6501  0.0000 16.1088
220 132  0.1849  0.0000  0.0000
228 132  0.0685  0.0000  0.0000
236 132  0.5000  0.0000  8.4768
244 132  2.4018  0.0000 16.1088
252 132  4.5000  4.5000  4.0635
260 132  2.1844  0.0000  0.0000
268 132  0.3500  0.0000 11.1304
276 132 -0.5000  4.5000  4.0635
284 132  0.5908  0.0000  0.0000
292 132  3.6848  0.0000 11.1304
  4 140  5.5000  4.5000  4.0635
 12 140  2.3521  0.0000  0.0000
 20 140  0.6781  0.0000  0.0000
 28 140 -0.1864  0.0000  0.0000
 36 140 -0.1558  0.0000  0.0000
 44 140  0.7706  0.0000 16.1088
 52 140  1.5736  0.0000  0.0000
 60 140  0.5083  0.0000  0.0000
 68 140 -0.1082  0.0000  0.0000
 76 140 -0.6833  0.0000  0.0000
 84 140 -1.6005 -0.1773  7.1968
 92 140 -1.7544  0.0000 13.1641
100 140  0.1390  0.0000 16.1088
108 140 -0.2574  0.0000  0.0000
116 140  0.0175  0.3672  6.6034
124 140  0.1303  0.2591  5.7316
132 140  0.5866  0.0000 10.2128
140 140  0.3496  0.0000  0.0000
148 140  0.0468  0.0000  0.0000
156 140  0.0948  0.0000  0.0000
164 140  0.1824  0.0000  0.0000
172 140  0.5411  0.0000  0.0000
180 140  0.4510 -0.5000  7.5653
188 140  0.6100  0.0000  0.0000
196 140  0.3610  0.0000  0.0000
204 140  0.2895  0.0000  0.0000
212 140  0.5000  0.0000  8.4768
220 140  3.0765  0.0000  0.0000
228 140  4.2580  0.0000  0.0000
236 140  2.4975  0.0000  0.0000
244 140  1.0343  0.0000  0.0000
252 140  0.4048  0.0000  0.0000
260 140  0.6469  0.0000  0.0000
268 140  1.3918  0.0000  0.0000
276 140  1.5550  0.0000  0.0000
284 140  0.8722  0.0000  0.0000
292 140  0.0698  0.0000  0.0000
  4 148 -0.9565  0.0000  0.0000
 12 148 -2.2196  0.0000 11.1304
 20 148 -2.7933 -0.5000 13.4737
 28 148 -1.4910  0.0000 16.1088
 36 148 -0.7480  0.0000 11.9011
 44 148 -0.2986  0.0000 16.1088
 52 148 -0.5999  0.0000  0.0000
 60 148  0.0000  0.5000 11.1304
 68 148 -0.0282  0.0000 16.1088
 76 148 -0.1841  0.0418 12.3683
 84 148  0.1555  0.0000  0.0000
 92 148 -0.2021  0.2860 10.7438
100 148 -0.5521  0.0000  0.0000
108 148 -0.7106  0.0000  0.0000
116 148 -0.2683  0.0000  0.0000
124 148  0.3781  0.0000 11.1304
132 148  1.5000  0.0000  8.2581
140 148  1.8091  0.0000  0.0000
148 148  3.0706  0.0000  0.0000
156 148  3.0243  0.0000  8.2581
164 148  1.4456  0.0000  0.0000
172 148  0.4619  0.0000  0.0000
180 148  0.1960  0.0000 11.1304
188 148  0.6494  0.0000 11.1304
196 148  1.5000  0.0000  8.2581
204 148  1.3856  0.0000  0.0000
212 148  1.0868  0.0000  0.0000
220 148  0.6055  0.0000  0.0000
228 148 -0.2739  0.0000  0.0000
236 148 -1.5062  0.0000  0.0000
244 148 -2.3073  0.0000  0.0000
252 148 -1.7759  0.0000  0.0000
260 148 -0.7246  0.0000  0.0000
268 148 -0.5994  0.0000  0.0000
276 148 -1.0833  0.0000  0.0000
284 148 -0.4874  0.0000  0.0000
292 148 -0.1948  0.0000  0.0000
  4 156  0.0515  0.0000 11.1304
 12 156  0.3681  0.3881  9.7710
 20 156 -1.1363 -0.1769  5.9535
 28 156 -1.2957  0.0000 12.0628
 36 156 -1.2117  0.0000 11.1304
 44 156 -0.8885  0.0000  0.0000
 52 156 -0.5201  0.0000  0.0000
 60 156  0.0000  2.5000  8.8276
 68 156  1.9904  0.0000  0.0000
 76 156  3.4411  0.0000  0.0000
 84 156  2.3848  0.0000 16.1088
 92 156  0.1960  2.5000 11.1304
100 156 -0.3671  0.0000  0.0000
108 156 -0.4355  0.0000 16.1088
116 156 -0.2624  0.0000 11.1304
124 156 -0.0696 -0.0812 10.9765
132 156  0.4903  0.0000  0.0000
140 156  1.0637  0.0000 11.1304
148 156  1.2981  0.0000  0.0000
156 156  0.8229  0.0000  0.0000
164 156 -0.5000  0.0000 11.1304
172 156 -1.6024  0.0000  0.0000
180 156 -1.5000 -0.5000  7.4357
188 156  0.0000 -0.5000  8.8276
196 156 -0.7180  0.0000  0.0000
204 156 -1.0411  0.0000  0.0000
212 156 -0.5000  0.0000 11.1304
220 156 -0.2707  0.0000  0.0000
228 156 -0.1969  0.0000  0.0000
236 156 -0.2733  0.0000  0.0000
244 156 -0.9999  0.0000  0.0000
252 156 -1.1576  0.0000  0.0000
260 156 -1.0470  0.0000  0.0000
268 156 -0.8139  0.0000  0.0000
276 156 -0.4526  0.0000  0.0000
284 156  0.5108  0.0000  0.0000
292 156  2.6982  0.0000  0.0000
  4 164  4.5000  4.5000  4.0635
 12 164  2.5919  0.0000 11.1304
 20 164  0.2875  0.0000 19.4783
 28 164 -0.4456  0.0000 16.1088
 36 164 -0.6283  0.0000  0.0000
 44 164 -0.6200  0.0000  0.0000
 52 164 -0.4894  0.0000  0.0000
 60 164  0.0000 -0.5000  8.8276
 68 164  1.1198  0.0000  0.0000
 76 164  1.9603  0.0000 20.7059
 84 164  1.8102  0.0000 19.4783
 92 164 -0.4532  0.0000 20.7059
100 164 -1.1027  0.0000 16.1088
108 164 -0.4103  0.0000  0.0000
116 164  0.7409  0.0000  0.0000
124 164 -0.2625 -0.0485  7.4854
132 164 -0.3653  0.0000  0.0000
140 164  0.9689  0.0000  0.0000
148 164  0.1448  0.0000  0.0000
156 164 -0.2810  0.0000  0.0000
164 164 -0.5000  0.0000 11.1304
172 164 -0.6389  0.0000 11.1304
180 164 -0.6483  0.0000  0.0000
188 164 -0.5111  1.0000 10.5392
196 164 -0.3929  0.0000  0.0000
204 164 -0.2979  0.0000  0.0000
212 164  0.5506  0.0000 11.1304
220 164  2.2526  0.0000  0.0000
228 164  3.2246  0.0000  0.0000
236 164  1.8414  0.0000  0.0000
244 164  0.0000 -0.5000  8.8276
252 164 -0.2009  0.0000  0.0000
260 164 -0.4075  0.0000  0.0000
268 164 -0.4828  0.0000  0.0000
276 164 -0.3095  0.0000  0.0000
284 164  0.2070  0.0000  0.0000
292 164  1.1574  0.0000  0.0000
  4 172  2.1121  0.0000  0.0000
 12 172  2.5000  0.0000  8.8276
 20 172 -1.3139  0.3311  8.0688
 28 172 -0.9704  0.0000  0.0000
 36 172  0.7604  0.0000  0.0000
 44 172  2.7807  0.0000  0.0000
 52 172  3.3604  0.0000 11.1304
 60 172 -0.1180  2.5000  9.2850
 68 172  2.7620  2.5000  9.9740
 76 172  0.2780 -0.1270 13.3759
 84 172 -0.2022  0.0000  0.0000
 92 172  0.1180  2.5000  9.2850
100 172 -0.0530  0.0000  0.0000
108 172 -0.1402  0.0000  0.0000
116 172  0.0000  2.5000  8.8276
124 172  0.0266  0.0000 12.0628
132 172 -0.4848  0.0000 11.1304
140 172  0.1183  0.0000  0.0000
148 172  1.6847  0.0000  0.0000
156 172  2.2913  0.0000 11.1304
164 172  1.2714  0.0000 11.1304
172 172  0.3557  0.0000 11.1304
180 172  0.5000  0.0000  8.4768
188 172 -0.0698 -0.2911 10.5124
196 172 -0.2644  0.0000 16.1088
204 172 -0.0991  0.0000  0.0000
212 172  0.1821  0.0000  0.0000
220 172  0.4335  0.0000  0.0000
228 172  0.2741  0.0000  0.0000
236 172 -0.5000 -0.5000  4.0635
244 172 -1.3312  0.0000  0.0000
252 172 -0.5723  0.0000  0.0000
260 172  1.4694  0.0000  0.0000
268 172  4.5000  4.5000  4.0635
276 172  5.5820  0.0000  0.0000
284 172  0.4732  0.0000  0.0000
292 172  1.2962  0.0000  0.0000
  4 180  0.0000 -0.5000  8.8276
 12 180 -0.5000  3.1110  8.4253
 20 180 -0.0753  0.0000  0.0000
 28 180  0.0024  0.0000 11.1304
 36 180 -0.2276  0.0000  0.0000
 44 180 -0.1651  0.0000  0.0000
 52 180  0.0418 -0.1521 12.6567
 60 180 -1.1838 -0.5000  7.5779
 68 180 -0.0650  0.0418  8.6178
 76 180  1.8375  0.0000  0.0000
 84 180  2.1071  0.0000  0.0000
 92 180  0.5696  0.0000  0.0000
100 180  0.0000 -0.1960 11.1304
108 180  0.3127 -0.1061  9.8739
116 180 -0.5000  0.0000  8.8276
124 180 -0.3249  0.0000 12.0628
132 180  0.0000  2.5000  8.8276
140 180  0.0509  0.0000  0.0000
148 180 -0.2568 -0.0627  8.5469
156 180 -1.0247  0.0000  0.0000
164 180 -1.4504  0.0000 11.1304
172 180 -0.8730  0.0000 11.1304
180 180 -0.6485  0.0000  0.0000
188 180  0.0698  0.2911 10.5124
196 180  2.1517  0.0000  0.0000
204 180  3.5945  0.0000  0.0000
212 180 -0.3310  0.0000  0.0000
220 180 -0.2227  0.0000  0.0000
228 180 -0.6463  0.0000  0.0000
236 180 -0.6866  0.0000  0.0000
244 180 -0.2008  0.0000  0.0000
252 180 -0.1043  0.0000  0.0000
260 180 -0.9894  0.0000  0.0000
268 180 -1.5288  0.0000  0.0000
276 180 -2.0670  0.0000  0.0000
284 180 -2.5000  0.0000 11.1304
292 180  3.0728  2.5000  6.9531
  4 188  3.1851  0.0000 11.1304
 12 188  2.5000 -0.0391  9.3822
 20 188 -0.4043  0.4043  8.0000
 28 188 -0.4977  0.0000 11.1304
 36 188 -0.0541  0.0000  0.0000
 44 188 -0.2861  0.0000  0.0000
 52 188 -0.1537  0.0000  0.0000
 60 188  0.0728  0.0000  0.0000
 68 188 -0.0958 -0.4437 10.5392
 76 188 -1.0262  0.0000  0.0000
 84 188 -2.0272  0.0000 11.1304
 92 188 -1.9732  0.0000  0.0000
100 188  0.3984  0.0000  0.0000
108 188 -0.5827  0.0000  0.0000
116 188 -1.7932  0.0000  0.0000
124 188  0.3095 -0.2269  6.1440
132 188  0.6061  0.0000 16.1088
140 188 -2.0973  0.0000  0.0000
148 188 -1.7044  0.0000 17.0667
156 188 -1.5411  0.0000  0.0000
164 188 -1.1341  0.0000  0.0000
172 188 -0.3185  0.0000 11.1304
180 188  0.0000 -3.0000 13.1200
188 188 -1.7328 -0.5000  7.8736
196 188 -2.3831  0.0000  0.0000
204 188 -2.8501  0.0000 11.1304
212 188 -2.7874  0.0000  0.0000
220 188 -0.5000  0.0000  8.8276
228 188  0.9418  0.0000  0.0000
236 188  0.8114  0.0000  0.0000
244 188 -0.8878  0.0000  0.0000
252 188 -0.3604  0.0000  0.0000
260 188  0.2800  0.0000  0.0000
268 188  0.0373  0.0000  0.0000
276 188  0.0369  0.0000  0.0000
284 188  0.2016  0.0000  0.0000
292 188  0.0000 -0.5000  8.8276
  4 196 -1.3570  0.0000  0.0000
 12 196 -2.3460  0.0000  0.0000
 20 196 -2.1830  2.5000  8.5333
 28 196  2.7322 -3.1055  5.5054
 36 196  0.0864  0.2012  8.1107
 44 196 -2.5000  2.5000  7.6040
 52 196  4.8566 -0.5000  8.3934
 60 196 -0.0418  0.1521 12.6567
 68 196 -3.8978  0.0000  0.0000
 76 196 -2.8975  0.0000  0.0000
 84 196 -2.3396  0.0000 13.5576
 92 196 -1.7187  0.0000  0.0000
100 196 -0.6800  0.0000 11.1304
108 196 -0.4402  0.0000 11.1304
116 196 -1.4591  0.0000  0.0000
124 196 -2.1194  0.0000 17.0667
132 196 -2.4290  0.0000  0.0000
140 196 -2.2345  0.0000 11.1304
148 196 -1.2064  0.0000  0.0000
156 196 -0.3721  0.0000  0.0000
164 196 -0.1180 -0.5000  9.2850
172 196 -1.5000  0.0000  8.2581
180 196  0.2849  1.0000 13.1959
188 196  1.2583  0.0000  0.0000
196 196  0.2429  0.0000  0.0000
204 196  0.0000 -0.5000  8.8276
212 196  0.0466  0.0000  0.0000
220 196 -0.4817  0.0000  0.0000
228 196 -1.2637  0.0000  0.0000
236 196 -0.5000  0.0000  8.8276
244 196  2.5000  0.0000  8.8276
252 196  0.0000  2.5000  8.8276
260 196 -0.6228  0.0000  0.0000
268 196 -1.1302  0.0000  0.0000
276 196  2.1608  0.0000  0.0000
284 196  0.4092  0.0000 11.1304
292 196 -4.8641  0.0000  0.0000
  4 204 -3.2566  0.0000  0.0000
 12 204 -2.3060  0.0000  0.0000
 20 204 -1.5000  0.0000  8.2581
 28 204 -0.5000  2.5000  4.0635
 36 204 -0.3846 -0.1139  9.9225
 44 204 -0.9620  0.0000  0.0000
 52 204 -1.3447  0.0000 16.1088
 60 204 -1.3734  0.0000  0.0000
 68 204 -1.0448  0.0000  0.0000
 76 204 -0.5364  0.0000  0.0000
 84 204 -0.5000  0.0000  8.8276
 92 204  0.1960  2.5000 11.1304
100 204  0.0000 -0.5000  8.8276
108 204  1.1945  0.0000  0.0000
116 204  2.5000  0.0000 11.1304
124 204  0.0000  5.0000 11.1304
132 204 -0.1628  0.0000  0.0000
140 204  0.0000  2.5000  8.8276
148 204 -0.8260  0.0000  0.0000
156 204 -1.5000  0.0000  8.2581
164 204  0.2021  0.2860 10.7438
172 204  1.4937  0.0000  0.0000
180 204 -0.0825  0.0825  9.2850
188 204  0.0000 -0.5000  8.9154
196 204 -0.8852  0.0000 16.1088
204 204  0.1917  0.0000 11.1304
212 204 -0.3970  0.0000  0.0000
220 204 -4.5188  0.0000  0.0000
228 204 -2.3478  0.0000  0.0000
236 204 -0.5000  5.0000  8.8276
244 204  2.5000  5.0000  8.8276
252 204 -0.1825 -0.2174 12.5315
260 204 -0.4167  0.0000 16.1088
268 204 -0.5303  0.0000  1.0000
276 204 -0.5000  0.1588 10.5785
284 204 -0.1859  0.0000  0.0000
292 204  0.4609  0.0000 11.1304
  4 212  1.2383  0.0000  0.0000
 12 212  0.9889  0.0000  0.0000
 20 212 -2.5000 -1.0000  7.6040
 28 212 -1.4556  0.0000 19.1045
 36 212  0.0000 -0.5000  8.8276
 44 212  1.1070  0.0000  0.0000
 52 212  0.1541  0.0000  0.0000
 60 212 -0.1974  0.0000  0.0000
 68 212 -0.3200  0.0000  0.0000
 76 212 -0.8058  0.0000  0.0000
 84 212 -1.0151  0.0000  0.0000
 92 212 -0.0801  0.0000 11.1304
100 212  0.7053  0.0000 11.1304
108 212  0.8729  0.0000  0.0000
116 212  1.5000 -1.0000  7.4357
124 212 -1.0601 -4.5000 10.2400
132 212 -0.5516  0.0000  0.0000
140 212 -0.5000  4.5000  4.0635
148 212 -2.9957  0.0000 11.1304
156 212 -0.6907 -0.2991  8.0688
164 212  1.1838 -0.5000  7.5779
172 212  2.6646  0.0000 11.1304
180 212  1.1115  0.0000  5.4468
188 212  0.2379  0.0000 11.1304
196 212  0.0491  0.0000 16.1088
204 212  0.2780  0.1270 13.3759
212 212  0.5655  0.0000  0.0000
220 212  1.2273  0.0000  0.0000
228 212  2.6165  0.0000  0.0000
236 212  4.5000  4.5000  4.0635
244 212 -0.2780 -0.1270 13.3759
252 212 -0.8747  0.0000  0.0000
260 212 -0.2649  0.0000 11.1304
268 212  0.3452  0.0000  0.0000
276 212  0.0907  0.0000 11.1304
284 212 -0.2812  0.0000  0.0000
292 212 -0.4571  0.0000 11.1304
  4 220 -0.7138  0.0000  0.0000
 12 220 -0.7905  0.0000  0.0000
 20 220 -0.4528  0.0000  0.0000
 28 220 -0.1771 -0.0347 10.4867
 36 220  0.4475  0.0000 11.1304
 44 220  0.8058  0.0000  0.0000
 52 220 -0.2780  0.1270 13.3759
 60 220  0.1772  0.0000 11.1304
 68 220  2.5000  0.0000  8.8276
 76 220 -0.8539  0.0000 11.1304
 84 220  1.4565  0.0000  0.0000
 92 220  3.1482  0.0000  0.0000
100 220  3.5428  0.0000 11.1304
108 220  2.0750  0.0000 11.1304
116 220  0.5000  2.5000  4.0635
124 220  0.2239  0.0000  0.0000
132 220  0.4661  0.0000  0.0000
140 220  0.4328  0.0000  0.0000
148 220 -0.1383  0.0000  0.0000
156 220 -1.0000  0.0000  8.2581
164 220 -0.5000  0.0000  8.8276
172 220  0.1960  2.5000 11.1304
180 220 -0.1760  0.0000 15.0588
188 220 -0.1137  0.0000  0.0000
196 220  0.2076  0.0000  0.0000
204 220  0.1960  0.0000 11.1304
212 220 -0.5000  0.0000  8.8276
220 220 -0.5000  0.0000  8.8276
228 220 -0.6289  0.0000  0.0000
236 220 -0.6501  0.0000  0.0000
244 220 -0.5000 -0.5000  4.0635
252 220 -0.4452  0.0000  0.0000
260 220  0.0000  2.5000  8.8276
268 220  0.3577  0.0000 13.4737
276 220 -0.1501  0.0000 11.1304
284 220 -0.4867  0.0000  0.0000
292 220 -0.5000 -0.5000  4.0635
