VARIABLES= "X pix", "Y pix", "U pix/dt", "V pix/dt", "CHC", ZONE I=28, J=37
  4   4  0.0000  0.0000 10.9708
 12   4  0.0590  0.0816 10.5041
 20   4  0.0000  0.0000 10.2492
 28   4  0.0000  0.0000 10.0601
 36   4  0.0000  0.0000  9.7565
 44   4  0.0000 -0.0455  9.5264
 52   4  0.0117  0.0172  9.8066
 60   4  0.0000  0.0130  9.7942
 68   4 -0.0105  0.0135  9.0344
 76   4 -0.0633 -0.0139 10.9405
 84   4  0.0000  0.0000 11.1505
 92   4 -0.0442 -0.0065 10.2332
100   4  0.0011 -0.0067 12.7759
108   4  0.0000  0.0000 12.4597
116   4  0.0000  0.0000 11.9483
124   4  0.0000  0.0000 11.1505
132   4 -0.0102 -0.0204 11.2443
140   4  0.0000 -0.0166 11.5214
148   4  0.0000  0.0000 11.1505
156   4  0.0000  0.0000 11.1505
164   4  0.0000 -0.0286 12.1954
172   4  0.0000  0.0209 11.8613
180   4  0.0000  0.0784 11.9116
188   4  0.0000  0.0000 11.9483
196   4 -0.0029  0.0000 10.9618
204   4  0.0000  0.0000 11.2514
212   4  0.1339 -0.0019 11.0334
220   4 -0.0731 -0.0125 10.0234
228   4  0.0168 -0.0063 13.5741
236   4 -0.0166 -0.0063 13.3885
244   4  0.0000  0.0000 12.4405
252   4  0.0000  0.0000 14.0357
260   4  0.0757  0.0923 12.5249
268   4  0.0000  0.0000 13.9969
276   4  0.0000  0.0000 11.9696
284   4  0.0000 -0.0723 10.3584
292   4  0.0000 -0.0248 10.1519
  4  12 -0.2274 -0.0735 13.7521
 12  12  0.0000  0.0000 15.6669
 20  12  0.0000  0.0000 17.0667
 28  12  0.0000 -0.5000  9.4815
 36  12  0.0000  0.8124 10.3034
 44  12  0.0000  0.0000 13.0402
 52  12  0.0000  0.0000 17.0667
 60  12  0.0000  0.0000 11.6053
 68  12 -0.0000  0.0000 10.2400
 76  12  0.0000 -0.8181  8.5166
 84  12  0.0000  0.0000  7.7780
 92  12  0.0000  0.0000 11.9588
100  12 -0.1075  0.1555 34.8774
108  12  0.0113 -0.0067 31.0889
116  12 -0.1145  0.0292  8.0815
124  12  0.0000  0.0000  8.8701
132  12 -0.0707  0.0300  7.0741
140  12  0.0000 -0.1316  7.2624
148  12  0.0000  0.0000  7.5768
156  12 -0.0009 -0.1740  7.6014
164  12  0.0002 -0.0022 22.1806
172  12  0.0325  0.0077 43.2994
180  12  0.0000  0.0000  7.6344
188  12  0.0000  0.0000  8.6242
196  12  0.0143 -0.0087  8.8301
204  12 -0.0928  0.0090  9.3861
212  12  0.0109  0.0673 10.2550
220  12  0.1118  0.0346 11.0207
228  12 -0.1099 -0.0227 11.5796
236  12  0.0000  0.0000 11.6053
244  12  0.0950  0.0109 11.3798
252  12  0.0000  0.0000 12.6475
260  12  0.0000  0.0000 12.8533
268  12  0.0000  0.0000 17.8546
276  12 -0.1420  0.0306 16.7861
284  12 -0.1776  0.0500 13.8749
292  12 -0.0347  0.0831 16.2540
  4  20 -0.0064 -0.0132 15.6278
 12  20  0.0801 -0.0091  7.9704
 20  20 -0.0928  0.0006 20.5163
 28  20  0.0039  0.0108 20.5159
 36  20  0.0131  0.0571 20.1000
 44  20  0.0091  0.0019 22.3047
 52  20  0.0181  0.0068 19.5622
 60  20  0.0015 -0.0007 19.2002
 68  20  0.0000  0.0000 18.3883
 76  20 -0.0210 -0.0018 16.2937
 84  20  0.0037 -0.0008 16.9276
 92  20  0.0187 -0.0019 15.9901
100  20 -0.0036  0.0039 13.1040
108  20 -0.0399 -0.0010 14.9400
116  20  0.0010 -0.0191 14.2967
124  20 -0.0015 -0.0190 13.0861
132  20 -0.0005 -0.0140 13.3387
140  20  0.0000  0.0000 17.1259
148  20  0.0000  0.0000 17.1284
156  20  0.0193  0.0395 20.9655
164  20 -0.0038  0.0272 17.3092
172  20 -0.0299  0.0144 17.1843
180  20 -0.0564  0.0022 28.2154
188  20  0.0000  0.0000 20.5676
196  20 -0.0028 -0.0055 24.5392
204  20  0.0266  0.0503 23.3471
212  20 -0.0009 -0.0040 19.9894
220  20  0.0477 -0.0024 20.9985
228  20  0.0000  0.0324 19.5390
236  20  0.0000  0.0000 21.2731
244  20  0.0000  0.0000 23.9478
252  20  0.0053 -0.0478 22.3761
260  20  0.0381 -0.0172 11.8441
268  20  0.0051 -0.0038 14.8674
276  20  0.0140 -0.0333 11.2407
284  20  0.0000  0.0000 17.6697
292  20  0.0024  0.0178 22.9214
  4  28  0.0013 -0.0006  9.5840
 12  28  0.0000  0.0000 14.6857
 20  28  0.0081  0.0039 12.9775
 28  28 -0.0204 -0.0065  8.2242
 36  28 -0.0258  0.0547  7.9964
 44  28 -0.0210  0.0025  7.8546
 52  28  0.0064  0.0769  7.6311
 60  28  0.0000  0.0000  7.4538
 68  28  0.0245  0.0065  7.3373
 76  28  0.0154 -0.0220  7.3942
 84  28  0.0000  0.0000  7.2621
 92  28  0.0123  0.0083  7.5218
100  28 -0.0558 -0.0040  7.7793
108  28  0.0000  0.0000  7.0273
116  28 -0.0612 -0.0281 10.8597
124  28  0.0000  0.0000  8.3287
132  28 -0.0000  0.0000  7.1313
140  28  0.0000  0.0000  8.0818
148  28 -0.0009  0.0194  7.1238
156  28  0.0000 -0.0255 14.5677
164  28 -0.0323 -0.0227 15.2213
172  28  0.0160 -0.0006 15.4362
180  28 -0.0022 -0.0043 13.0085
188  28 -0.0167  0.0063  9.9626
196  28  0.0000  0.0000  9.4361
204  28  0.0925  0.0579  7.5287
212  28 -0.0116  0.0319  8.0960
220  28 -0.0727 -0.0231  7.7990
228  28  0.0000  0.0000  6.8532
236  28  0.0000  0.0000  7.8359
244  28  0.0337  0.0000  8.3516
252  28  0.0260 -0.0332  6.2290
260  28  0.0314  0.0307  6.4632
268  28 -0.0372  0.0006  6.2746
276  28 -0.0187 -0.0035  6.8069
284  28  0.0000  0.0000  7.8515
292  28  0.0753  0.0244  6.5671
  4  36  0.0796  0.0793  8.9043
 12  36 -0.0851  0.0074 13.2142
 20  36  0.0000  0.0000 14.6166
 28  36  0.1166  0.0091 13.3793
 36  36  0.0000  0.0000 11.0903
 44  36  0.0000  0.0000 13.7993
 52  36  0.0000  0.0000 14.3074
 60  36  0.0000  0.0000 10.5606
 68  36  0.0000  0.0000  9.7458
 76  36 -0.0053 -0.0194  7.8940
 84  36  0.0576  0.0745  8.4594
 92  36  0.0000  0.0000 10.3623
100  36  0.1912  0.0000 12.4272
108  36  0.0000  0.0000 11.1304
116  36  0.0000  0.0000 11.1304
124  36  0.0000  0.0000  0.0000
132  36  0.0000  0.0000 13.1641
140  36  0.0000  0.0000 11.1304
148  36  0.1048 -0.0432  5.5743
156  36  0.0319 -0.0001 14.3940
164  36  0.0000  0.0000 10.9855
172  36  0.0045 -0.0214 11.3390
180  36  0.0045  0.0120 11.4239
188  36  0.0000  0.0000  7.2934
196  36  0.0000  0.0000  7.7138
204  36  0.0000  0.0000  9.3649
212  36 -0.0681  0.0037 11.8469
220  36 -0.0685 -0.0154 12.3039
228  36 -0.0088  0.0179 12.5767
236  36 -0.0209  0.0777 15.0172
244  36  0.0106 -0.2269 11.3584
252  36  0.2076 -0.0667  9.6020
260  36  0.0000  0.0000 11.9011
268  36  0.0000  0.0000  9.5231
276  36  0.0000  0.0000 11.0903
284  36  0.0922  0.1648 12.1741
292  36 -0.0364  0.2387 11.3832
  4  44  0.0831  0.0251 12.9860
 12  44 -0.0088  0.0152 10.3441
 20  44 -0.2798 -0.0309 10.1508
 28  44  0.0000  0.0000  8.5827
 36  44  0.0000  0.0000  6.8809
 44  44  0.0000  0.0000  6.8970
 52  44  0.0000  0.0000  8.6486
 60  44  0.0000  0.0000  0.0000
 68  44  0.0000  0.0000  0.0000
 76  44 -0.5000  0.0000  8.8276
 84  44  0.1930 -0.1867 15.3090
 92  44  0.0000  0.0000 11.1304
100  44  0.0000  0.0000 13.0803
108  44  0.0000  0.0000  0.0000
116  44  0.0000  0.0000  0.0000
124  44  0.0000  0.0000 11.1304
132  44  0.0000  0.0000  0.0000
140  44  0.0000  0.0000  0.0000
148  44 -0.0005 -0.0105  6.5469
156  44  0.0000  0.0000 15.3553
164  44  0.0020  0.0337 13.3913
172  44 -0.0009  0.0266 12.1411
180  44  0.0521  0.0190 19.3878
188  44  0.0000  0.0000  6.3823
196  44  0.0000  0.0000  0.0000
204  44 -0.0364 -0.3200 12.4976
212  44 -0.2093 -0.0040 16.3039
220  44  0.0000  0.0000 17.6152
228  44  0.0000  0.0000 12.6526
236  44 -0.0033  0.1355 11.2402
244  44 -0.0140  0.1543 11.0678
252  44 -0.0297 -0.0145  9.3426
260  44  0.0000  0.0000 12.2639
268  44  0.0119  0.0679 13.5065
276  44  0.0000  0.0000  9.4762
284  44  0.0366 -0.0061 11.9131
292  44 -0.0284  0.0351 16.0764
  4  52  0.0000  0.0000  0.0000
 12  52  0.0000  0.0000  0.0000
 20  52 -0.5000  0.2012  9.9121
 28  52  0.0000  0.0000 16.1088
 36  52  0.0000  0.0000  0.0000
 44  52  0.0000  0.0000  0.0000
 52  52  0.0000  0.0000  0.0000
 60  52  0.0000  0.0000  0.0000
 68  52  0.0000  0.0000  0.0000
 76  52  0.0000  0.0000  0.0000
 84  52 -0.0203 -0.1804 15.3082
 92  52  0.2414  0.0000 11.1304
100  52  0.1439  0.0853 11.4193
108  52  0.0000  0.0000 11.1304
116  52  0.0000  0.0000 11.1304
124  52  0.0000  0.0000 11.1304
132  52     NaN     NaN  9.3822
140  52  0.0913 -0.2044 18.7317
148  52 -0.0280 -0.0010  6.0582
156  52 -0.0274  0.0036  6.0507
164  52 -0.0131 -0.0055  6.0339
172  52  0.0000  0.0000  5.7419
180  52  0.0000  0.0000  6.1182
188  52 -0.1157  0.0273  8.2883
196  52  0.0000  0.0000  9.7047
204  52  0.0000  0.0000 11.1304
212  52  0.0000  0.0000 11.1304
220  52  0.0000  2.5000 11.1304
228  52 -0.3702 -0.1143  8.0147
236  52  0.0000  0.0000  9.4928
244  52  0.0000  0.0000 10.8982
252  52  0.0000  0.1133  8.9313
260  52  0.0345  0.0995 12.3714
268  52  0.0000  0.0000 12.0628
276  52  0.0000  0.1902  7.5679
284  52  0.0000  0.0000 12.2639
292  52  0.0294  0.1043 10.1217
  4  60  4.5000 -0.5000  4.0635
 12  60  0.0000  0.0000 16.1088
 20  60  0.0000 -0.1063  6.9728
 28  60  0.0000  0.0000  0.0000
 36  60  0.0000  0.0000  0.0000
 44  60  0.0000  0.0000  0.0000
 52  60  0.0000  0.0000 16.1088
 60  60  0.0000  0.0000  0.0000
 68  60  0.0000  0.0000 11.1304
 76  60  0.0000  0.0000  0.0000
 84  60  0.0080 -0.1739 17.0302
 92  60 -0.0196  0.0750 10.3350
100  60  0.0000 -0.0337 12.7886
108  60  0.0000  0.0000  0.0000
116  60  0.0000  0.0000 11.1304
124  60  0.0000  0.0000 11.1304
132  60 -0.2907 -0.0403 10.5761
140  60  0.0000  0.0000 11.1304
148  60  0.0000  0.0000 11.2521
156  60  0.0000  0.0000 11.9011
164  60  0.0000  0.0000 16.1088
172  60  0.0000  0.0000  0.0000
180  60  0.1137 -0.1293  9.5205
188  60  0.0000  0.0000  0.0000
196  60  0.0000  0.0000  0.0000
204  60  0.0000  0.0000  0.0000
212  60  0.0000  0.0000  0.0000
220  60  0.0000  0.0000  0.0000
228  60  0.0000  0.0000  0.0000
236  60  0.0000  0.0000  0.0000
244  60  0.0000  0.0000  0.0000
252  60  0.0000  0.0000 16.1088
260  60  0.1138  0.1378 11.4627
268  60 -0.2157  0.0689  7.4724
276  60 -0.0845 -0.0629 14.7829
284  60  0.0000  0.0000  0.0000
292  60 -1.5000 -0.3070  6.9607
  4  68  0.0000  0.0000 11.1304
 12  68  0.0000  0.0000 11.1304
 20  68  0.0000  0.0000  0.0000
 28  68  0.0000  0.0000  0.0000
 36  68  0.0000  0.0000  0.0000
 44  68  0.0000  0.0000 11.1304
 52  68  0.1573 -0.0425 14.2113
 60  68  2.5000  0.0000  8.8276
 68  68  0.0000  0.0000 13.3565
 76  68 -0.1241 -0.0900  9.7710
 84  68 -0.1809 -0.0504  8.5457
 92  68 -0.0714 -0.0037 14.4794
100  68  0.0924 -0.1142  8.3402
108  68  0.0000 -0.0416 15.5867
116  68  0.0000 -0.2917 11.1304
124  68  0.0000  0.0000 17.0667
132  68  0.0000  0.0000 11.1304
140  68  0.0000 -0.5000  4.0635
148  68  0.0000  0.0000 10.1191
156  68  0.0000  0.1960 11.1304
164  68 -0.3145 -0.0264 11.0777
172  68  0.2508  0.0156 14.5049
180  68  0.0000  0.3120 13.1657
188  68  0.0000  2.5000  8.8276
196  68  0.0000  0.0000 11.1304
204  68  0.0000  0.0000 11.1304
212  68  0.0000  0.0000  0.0000
220  68  0.0000  0.0000  0.0000
228  68  0.0000  0.0000  0.0000
236  68  0.0000  0.0000  0.0000
244  68  0.0000  0.0000  0.0000
252  68  0.0000  0.0000  0.0000
260  68  0.0000  0.0000 16.1088
268  68  0.0000  0.0000 16.1088
276  68  0.0000  0.0000 16.1088
284  68  0.0000  0.0000 10.8959
292  68 -0.0849  0.0000 11.2527
  4  76  2.5000 -2.1588 10.5785
 12  76  0.0000  0.0000 13.3565
 20  76  0.0552 -0.1444 12.0138
 28  76  0.0000  0.0000 16.1088
 36  76  0.0000  0.0000 16.2126
 44  76 -0.0347 -0.0326 13.2721
 52  76 -0.2414  0.0000 11.1304
 60  76 -0.0314 -0.0226 12.6074
 68  76  0.0000  0.0000  9.4815
 76  76 -0.1301 -1.3683 11.2632
 84  76  0.0000  0.0000  7.8715
 92  76  0.0000  0.0000 12.5445
100  76  0.0000  0.0000 16.1088
108  76  0.0000  0.2790  9.0724
116  76  0.0000 -0.0315 15.8147
124  76  0.0000  0.0000 16.1088
132  76  0.0000  1.5000  7.3143
140  76  0.0000  0.0000  9.7047
148  76 -0.0867 -0.1071  9.3967
156  76 -0.5000 -0.1180  9.2850
164  76  0.0000  0.0000  0.0000
172  76  0.0000  0.0000 11.1304
180  76  0.0000  0.0000 11.1304
188  76  0.0000  0.0000 17.0667
196  76  0.0000  0.0000 11.1304
204  76  0.0000  0.0000 11.1304
212  76  0.0000  0.0000 22.2609
220  76  0.0000  0.0000 16.1088
228  76  0.0000  0.0000  0.0000
236  76  0.0000  2.5000  8.8276
244  76  0.0000  0.0000  0.0000
252  76  0.0000  0.0000  0.0000
260  76  0.0000  0.0000  0.0000
268  76  0.0000  0.0000 13.7892
276  76  0.0000  0.0000 11.1304
284  76 -2.3058 -0.6879  8.0882
292  76  0.0000  0.0000  8.6413
  4  84  0.0000  0.1063  6.9728
 12  84  0.0000  0.0000 11.1304
 20  84  0.0000  0.0000 16.1088
 28  84  0.0418 -0.1521 12.6567
 36  84  0.0000  0.0000 16.1088
 44  84  0.0000  0.0000 11.1304
 52  84  0.0000  2.5000  5.4468
 60  84  0.0000  0.0000  9.4216
 68  84  0.0000  0.0000 20.7059
 76  84  0.0000  0.0000  0.0000
 84  84  2.5000  0.0000  8.8276
 92  84 -0.0418  0.1521 12.6567
100  84  0.0000  0.0000 11.1304
108  84  0.0000  0.0000 12.0580
116  84  0.0000  0.0000  9.8520
124  84  0.0000  0.0000 11.1304
132  84  0.0000  0.0000 16.6957
140  84 -0.1395 -0.2628  9.3489
148  84  0.0000  0.0000 11.1304
156  84  0.0000  0.0000  0.0000
164  84  0.0000  0.0000  0.0000
172  84  0.0000  0.0000  0.0000
180  84  0.0000  0.0000  0.0000
188  84  0.0000  0.0000  0.0000
196  84  0.0000  0.0000  0.0000
204  84  0.0000  0.0000  0.0000
212  84  0.0000  0.0000 16.1088
220  84  0.0000  0.0000 15.0588
228  84  0.0000  0.0000 11.1304
236  84  0.0000  0.0000 16.1088
244  84  0.0000  0.0000  0.0000
252  84  0.0000  0.0000  0.0000
260  84  0.0000  0.0000 11.1304
268  84  0.0000  0.0000 11.1304
276  84  0.1960  2.5000 11.1304
284  84  0.0000  0.0000  0.0000
292  84  0.0000  0.0000 11.1304
  4  92 -0.2780  0.1270 13.3759
 12  92 -0.1417 -0.2313 17.7968
 20  92  0.1236  0.0581 12.4053
 28  92  0.0000  0.0000  9.2086
 36  92  0.0000  0.0000  6.0664
 44  92  0.0000  0.0000  8.8276
 52  92 -0.0856 -0.2479 11.4124
 60  92  0.0000  0.0000  0.0000
 68  92 -0.1140  0.1079 19.3902
 76  92  0.3145  0.0000  9.1653
 84  92  0.0000  0.0000 11.1304
 92  92 -0.1960  0.0000 11.1304
100  92  0.0000  0.0000 20.7059
108  92  0.0000  0.0000 11.1304
116  92  0.0000  0.0000 16.1088
124  92 -0.0244 -0.1546 12.0067
132  92  0.0000  0.0000  8.0588
140  92  0.0000  0.0000 11.1304
148  92  0.0000  0.0000 11.1304
156  92  0.0000  0.0000 11.1304
164  92  0.0000  0.0000  0.0000
172  92  0.0000  0.0000  0.0000
180  92  0.0000  0.0000  0.0000
188  92  0.0000  0.0000  0.0000
196  92  0.0000  0.0000  0.0000
204  92  0.0000  0.0000  0.0000
212  92  0.0000  0.0000  0.0000
220  92 -0.5000 -0.5000  4.0635
228  92  1.1733  0.0000  8.5333
236  92  0.0000  0.1960 11.1304
244  92  0.1960 -0.5000 11.1304
252  92  0.0000  0.0000 13.0803
260  92  0.0000  0.0000 13.0803
268  92  0.0000  0.0000 19.4783
276  92  0.0000  0.0000  0.0000
284  92  0.0000  0.0000 16.1088
292  92  0.0000  0.0000  0.0000
  4 100  0.0000  0.0000  0.0000
 12 100 -0.0577 -0.2097 12.5282
 20 100  0.1960  2.5000 11.1304
 28 100  1.3400 -1.7137  6.4538
 36 100 -0.0540  0.1496 11.2522
 44 100  0.0000  0.0000 15.5414
 52 100  0.0000  0.0000 17.1744
 60 100  0.0000  0.0000  7.3911
 68 100  0.3878  0.0763  7.5294
 76 100  2.5000  0.0000  8.8276
 84 100  0.0000  0.0000  0.0000
 92 100  0.0000  0.0000 12.0455
100 100  0.0000  0.0000 11.1304
108 100  0.0000  0.0000  0.0000
116 100  0.0000 -0.5000  8.8276
124 100  0.0000  0.0000 17.2183
132 100  0.0000  0.0000 11.1304
140 100  0.0000  0.0000 16.1088
148 100  0.0000  0.0000 11.9011
156 100  0.0000  0.0000 11.1304
164 100  0.0000  0.0000 17.2183
172 100  0.0000  0.0000  0.0000
180 100  0.0000  0.0000 12.0628
188 100  0.0000  0.0000 12.0628
196 100  0.0832 -0.3131  9.8462
204 100  0.0000  0.0000  0.0000
212 100  0.0000  0.0000  0.0000
220 100  0.0000  0.0000 16.1088
228 100  0.0000  0.0000 11.1304
236 100  0.0000  0.0000 16.1088
244 100  0.0000  0.0000 11.1304
252 100     NaN  0.0000 17.0667
260 100 -0.1960  2.5000 11.1304
268 100  0.0000  0.0000 11.1304
276 100  0.0000  0.0000 11.1304
284 100  2.5000  0.0000  8.8276
292 100  0.0000  0.0000 11.1304
  4 108 -0.0272 -0.0238 11.1899
 12 108 -0.1211  0.9236  8.0688
 20 108  0.0000  0.0000 20.7059
 28 108  0.0000  0.0000 12.8600
 36 108  0.1151  0.1151 16.5161
 44 108  0.0000  0.0000  0.0000
 52 108  0.0000  0.0000 12.0628
 60 108  0.0000  0.0000  0.0000
 68 108  0.0000  0.0000 11.1304
 76 108  0.0000  0.0000  0.0000
 84 108 -0.0418  0.1521 12.6567
 92 108  0.0000  0.0000 20.7059
100 108  0.0000  0.0000 11.1304
108 108  0.0000  0.0000 11.1304
116 108  0.0000  0.0000  0.0000
124 108  0.0000  0.0000 14.5615
132 108  0.0000  0.0000  0.0000
140 108  0.0000  0.0000 12.0628
148 108  0.0000  0.0000  0.0000
156 108  1.3070  0.0337 12.4709
164 108  0.1326  0.0000 10.6209
172 108  0.0000  2.5000  8.8276
180 108  0.0000  0.0000  0.0000
188 108  0.0000  0.0000  7.3911
196 108  0.0264 -0.3145 11.0777
204 108  0.0000  0.0000  0.0000
212 108  0.0000  0.0000 11.1304
220 108  0.0000  0.0000  0.0000
228 108 -0.5000  0.0000  8.8276
236 108  0.0000  0.0000  0.0000
244 108  0.0000  0.0000  0.0000
252 108  0.0000  0.0000  0.0000
260 108  0.0000  0.0000  8.0000
268 108 -0.1151  0.1151 16.5161
276 108  0.0000  2.5000  8.8276
284 108  0.0000  0.0000  0.0000
292 108  0.0000  0.0000  0.0000
  4 116  0.0000  0.0000  8.8276
 12 116  0.0000  0.0000 11.9011
 20 116  0.1897 -0.0728 10.6871
 28 116  2.5000  0.1588 10.5785
 36 116 -0.5000  0.0000  8.8276
 44 116  0.0000  0.0000 11.1304
 52 116  0.0000  0.0000 16.1088
 60 116  0.0000  0.0000  0.0000
 68 116  0.0000  0.0000  0.0000
 76 116  0.0000  0.0000 11.1304
 84 116  0.0000  0.0000 11.1304
 92 116  0.0000  0.0000  0.0000
100 116  0.0000  0.0000  0.0000
108 116  0.0000  0.0000 11.1304
116 116  0.0000  0.0000  0.0000
124 116  0.0000  0.0000 11.1304
132 116  0.0000  0.0000  0.0000
140 116  0.0000  0.0000 13.1641
148 116  0.0000  0.0000  0.0000
156 116  0.8170  0.0000  8.8276
164 116  0.0000  0.0000  0.0000
172 116  0.0000  0.0000 11.1304
180 116  0.0000 -0.5000  8.8276
188 116     NaN  0.0000 17.0667
196 116  0.0000  0.0000  0.0000
204 116  0.0000  0.0000 11.1304
212 116  0.0000  0.0000  0.0000
220 116  0.0000  0.0000  0.0000
228 116  0.0000  0.0000  0.0000
236 116  0.0000  0.0000 11.1304
244 116  0.0000  0.0000  0.0000
252 116  0.0000  0.0000 11.1304
260 116  0.0000  0.0000  0.0000
268 116  2.5000  0.0000  8.8276
276 116  0.0000  0.0000 16.1088
284 116  0.0000  0.0000  0.0000
292 116 -0.1151  0.1151 16.5161
  4 124  0.0000  0.0000 11.9011
 12 124 -0.0557 -0.0193 15.2661
 20 124  0.0000 -0.5000  8.8276
 28 124  0.0000  0.0000  0.0000
 36 124  0.0000  0.0000 11.1304
 44 124  0.0000  0.5000 11.1304
 52 124  0.0000  0.0000  0.0000
 60 124  0.0000  0.0000 11.1304
 68 124  0.0000  0.0000 11.1304
 76 124  0.0000  0.0000 16.1088
 84 124  0.0000  0.0000 11.1304
 92 124  0.0000  0.0000 16.1088
100 124  0.1050 -0.5000  6.8903
108 124  0.0000  0.0000  0.0000
116 124  0.0000  0.0000  0.0000
124 124  0.0000  0.0000 11.1304
132 124  0.0000  0.0000 19.1045
140 124  0.0000 -0.1063  6.9728
148 124  0.0000  0.0000  0.0000
156 124 -0.5000 -0.1525  9.9121
164 124  0.0000  0.0000  0.0000
172 124  0.0000  0.0000  0.0000
180 124  0.0000  0.0000  0.0000
188 124  0.0000  0.0000  0.0000
196 124  0.0000  0.0000 11.1304
204 124  0.0000  0.0000 11.1304
212 124  0.0000  0.0000 17.0667
220 124  0.0000  0.0000 16.1088
228 124  0.0000  0.0000 11.1304
236 124  0.0000  0.0000 11.1304
244 124  0.0000  0.0000 11.1304
252 124  0.0000  0.0000  0.0000
260 124  0.0000  0.0000  0.0000
268 124  0.0000  0.0000  0.0000
276 124 -1.3070 -0.0337 12.4709
284 124  0.0000  0.0000  0.0000
292 124  0.0000  0.0000  0.0000
  4 132 -0.5000  0.0000  8.8276
 12 132  0.0000  0.0000 11.9011
 20 132  0.0000  0.0000  0.0000
 28 132  0.0000  0.0000  0.0000
 36 132  0.0000  0.0000 11.1304
 44 132  0.0000  0.0000  0.0000
 52 132  0.0000  0.0000 16.1088
 60 132  0.0000 -0.5000  8.8276
 68 132  0.0000  0.0000  0.0000
 76 132  0.0000  0.0000  0.0000
 84 132  0.0000  0.0000 13.3565
 92 132 -1.0000  0.2767  7.0995
100 132  0.0000  0.0000 12.0455
108 132  0.0000  0.0000  0.0000
116 132  0.0000  0.0000  7.3143
124 132  0.0000  0.0000  9.4928
132 132  0.0000 -0.3120 13.1657
140 132  0.0000  0.0000  0.0000
148 132  0.0000  0.0000  0.0000
156 132 -1.5000  0.0000  8.2581
164 132  0.0000  0.0000 19.1045
172 132  0.0000  0.0000  0.0000
180 132  0.0000  0.0000 22.2609
188 132  0.0000  0.0000 16.1088
196 132  0.0000  0.5000  5.4468
204 132  0.0000 -0.1960 11.1304
212 132  0.0382 -0.1028 16.6166
220 132  0.0000  0.0000  0.0000
228 132  0.0000  0.0000  0.0000
236 132  0.0000  0.0000 13.5576
244 132  0.0000  0.0000 16.1088
252 132 -0.5000 -0.5000  4.0635
260 132  0.0000  0.0000  0.0000
268 132 -0.5000  4.5000  4.0635
276 132  0.0000  0.0000  0.0000
284 132  0.0000  0.0000  0.0000
292 132  0.0000  0.0000  0.0000
  4 140  0.0000  0.0000 19.1045
 12 140  0.0000  0.0000 17.0667
 20 140  0.0000  0.0000 11.1304
 28 140  0.0000  0.0000  0.0000
 36 140  0.0000  0.0000 11.1304
 44 140  0.0000  0.0000 16.1088
 52 140  0.0000  0.0000  0.0000
 60 140  0.0000  0.0000 11.1304
 68 140  0.0000  0.0000  0.0000
 76 140  0.0000  0.0000  0.0000
 84 140  1.0000  0.3491  6.8150
 92 140 -0.9528  0.0335 11.5593
100 140  0.0000  0.0000 16.1088
108 140  0.6306 -0.1105 11.2757
116 140  0.0000  0.0000  7.9272
124 140  0.0295  0.0809  6.7881
132 140  0.0000  0.0000 11.9011
140 140  0.0000  0.0000 11.1304
148 140  0.0000  0.0000  0.0000
156 140  0.0000  0.0000  0.0000
164 140  0.0000  0.0000 19.1045
172 140  0.0000  0.0000  0.0000
180 140  0.0000  0.0000 10.1191
188 140  0.0000  0.0000  0.0000
196 140  0.0000  0.0000  0.0000
204 140  0.0000  0.0000  0.0000
212 140  0.5000  0.0000  8.4768
220 140 -0.5000  0.0000  8.8276
228 140  0.0000  0.0000  0.0000
236 140  0.0000  0.0000 11.1304
244 140  0.0000  0.0000  0.0000
252 140  0.0000  0.0000 11.1304
260 140  0.2080 -0.2715 12.3107
268 140  0.0000  0.0000  0.0000
276 140  0.0000  0.0000  0.0000
284 140  0.0000  0.0000  0.0000
292 140  0.0000  0.0000  0.0000
  4 148  0.0000  0.0000 16.1088
 12 148  0.0000  0.0000 11.1304
 20 148  1.5000  0.0000  8.2581
 28 148  0.1151  0.1151 16.5161
 36 148 -0.2761 -0.0806  9.3746
 44 148  0.0000  0.0000 16.1088
 52 148  0.0000  0.0000  0.0000
 60 148  0.0000 -0.5000 11.1304
 68 148 -0.1841  0.0418 12.3683
 76 148  0.0000  0.0000 11.9011
 84 148  0.0000  0.0000  0.0000
 92 148  0.1556  0.0000 12.2969
100 148  0.0000  0.0000  0.0000
108 148  0.0000  0.0000  0.0000
116 148  0.0000  0.0000  0.0000
124 148  0.0000  0.0000 11.1304
132 148  0.0000  2.5000  8.8276
140 148  0.0000  0.0000 11.1304
148 148  0.0000  0.0000  0.0000
156 148  0.0000  0.0000  8.2581
164 148  0.0000  0.0000  0.0000
172 148  0.0000  0.0000  0.0000
180 148  0.0000  0.0000 11.1304
188 148  0.0000  0.0000  0.0000
196 148  0.0000  0.0000  8.2581
204 148  0.0000  0.0000  0.0000
212 148  0.0000  0.0000 11.1304
220 148  0.0000  0.0000  0.0000
228 148  0.0000  0.0000  0.0000
236 148  0.0000  0.0000  0.0000
244 148  0.0000  0.0000  0.0000
252 148  0.0000  0.0000  0.0000
260 148  0.0000  0.0000  0.0000
268 148  0.0000  0.0000  0.0000
276 148  0.0000  0.0000  0.0000
284 148  0.0000  0.0000  0.0000
292 148  0.0000  0.0000  0.0000
  4 156  0.0000  0.0000 11.1304
 12 156 -0.3131  0.3121  9.7710
 20 156  1.5000  0.0000  8.2581
 28 156  0.0000  0.0000 12.0628
 36 156  0.0000  0.0000 11.1304
 44 156  0.0000  0.0000  0.0000
 52 156  0.0000  0.0000  0.0000
 60 156 -2.5000  0.0000 11.1304
 68 156  0.0000  0.0000  0.0000
 76 156  0.0000  0.0000  0.0000
 84 156  0.0000  0.0000 16.1088
 92 156  0.0000  0.0000 11.1304
100 156  0.0000  0.0000  0.0000
108 156  0.0000  0.0000 16.1088
116 156  0.0000  0.0000 11.1304
124 156  0.0000  0.0000 17.2183
132 156  0.0000  0.0000 11.1304
140 156  0.0000  0.0000 11.1304
148 156  0.0000  0.0000  0.0000
156 156  0.0000  0.0000  0.0000
164 156  0.0000  0.0000 19.1045
172 156  0.0000  0.0000  0.0000
180 156  0.0000  0.0000 11.1304
188 156  0.0000  2.5000  8.8276
196 156  0.0000  0.0000  0.0000
204 156  0.0000  0.0000  0.0000
212 156  0.0000  0.0000 11.1304
220 156  0.0000  0.0000  0.0000
228 156  0.0000  0.0000  0.0000
236 156  0.0000  0.0000  0.0000
244 156  0.0000  0.0000  0.0000
252 156  0.0000  0.0000  0.0000
260 156  0.0000  0.0000 11.1304
268 156  0.0000  0.0000  0.0000
276 156  0.0000  0.0000  0.0000
284 156  0.0000  0.0000  0.0000
292 156  0.0000  0.0000  0.0000
  4 164  2.5000  0.1588 10.5785
 12 164  0.0000  0.0000 11.1304
 20 164  0.0000  0.0000 19.4783
 28 164  0.0000  0.0000 16.1088
 36 164  0.0000  0.0000  0.0000
 44 164  0.0000  0.0000  0.0000
 52 164  0.0000  0.0000  0.0000
 60 164  0.0000  0.0000 11.1304
 68 164  0.0000  0.0000  0.0000
 76 164 -0.5000  0.0000 14.1070
 84 164  0.1151  0.1151 16.5161
 92 164  0.0000  0.0000 20.7059
100 164  0.0000  0.0000 16.1088
108 164  0.0000  0.0000  0.0000
116 164  0.0000  0.0000  0.0000
124 164  0.0000  0.0000  8.0000
132 164  0.0000  0.0000  0.0000
140 164  0.0000  0.0000  0.0000
148 164  0.0000  0.0000  0.0000
156 164  0.0000  0.0000  0.0000
164 164  0.0000  0.0000 19.1045
172 164  0.0000  0.0000  0.0000
180 164 -3.2123  0.0000 13.1995
188 164  0.0308 -0.1823 13.1845
196 164  0.0000  0.0000  0.0000
204 164  0.0000  0.0000  0.0000
212 164  0.0000  0.0000 11.1304
220 164  0.0000  0.0000  0.0000
228 164  0.0000  0.0000  0.0000
236 164  0.0000  0.0000 11.1304
244 164 -0.5000  0.0000  8.8276
252 164  0.0000  0.0000  0.0000
260 164  0.0000  0.0000  0.0000
268 164  0.0000  0.0000  0.0000
276 164  0.0000  0.0000  0.0000
284 164  0.0000  0.0000  0.0000
292 164  0.0000  0.0000  0.0000
  4 172  0.5000  0.0000 11.1304
 12 172  0.0000  0.0000 16.1088
 20 172  1.1838  2.5000  7.5779
 28 172  0.0000  0.0000  0.0000
 36 172  0.0000  0.0000  0.0000
 44 172  0.0000  0.0000  0.0000
 52 172  0.5000  0.0000 11.1304
 60 172  0.0000  0.0000 16.1088
 68 172  0.0000  0.0000  0.0000
 76 172 -0.0951  0.0000 12.2969
 84 172  0.0000  0.0000 11.1304
 92 172 -0.0698 -0.2911 10.5124
100 172  0.0000  0.0000  0.0000
108 172  0.0000  0.0000  0.0000
116 172  0.0000  0.0000 11.1304
124 172  0.0000  0.0000 12.0628
132 172  0.0000  0.0000 11.1304
140 172  0.0000  0.0000  0.0000
148 172  0.0000  0.0000  0.0000
156 172  0.0000  0.0000 11.1304
164 172 -0.5000  0.0000 11.1304
172 172  0.0000  0.0000 11.1304
180 172  0.5000  0.0000  8.4768
188 172  0.0000  0.0000 12.0628
196 172  0.0000  0.0000 16.1088
204 172  0.0000  0.0000 11.1304
212 172  0.0000  0.0000 11.1304
220 172  0.0000  0.0000  0.0000
228 172  0.0000  0.0000  0.0000
236 172  0.0000  0.0000 11.1304
244 172  0.0000  0.0000 11.1304
252 172  0.0000  0.0000  0.0000
260 172  0.0000  0.0000  0.0000
268 172  0.0000  0.0000 11.1304
276 172  0.0000  0.0000  0.0000
284 172  0.0000  0.0000  0.0000
292 172  0.0000  0.0000  0.0000
  4 180  0.0000  0.0000 11.1304
 12 180  0.0000  0.0000  0.0000
 20 180  0.0000 -0.5000  8.8276
 28 180  0.0000  0.0000 11.1304
 36 180  0.0000  0.0000  0.0000
 44 180  0.0000  0.0000  0.0000
 52 180  0.0000  0.0000 12.0455
 60 180  0.0000  0.0000  0.0000
 68 180 -0.2483 -0.1160  9.3535
 76 180  0.0000  0.0000  0.0000
 84 180  0.0000  0.0000  0.0000
 92 180 -0.1151  0.1151 16.5161
100 180  0.0000  0.0000 12.0628
108 180  0.0000  0.0000 11.9011
116 180  0.1841 -0.0418 12.3683
124 180  0.0000  0.0000 12.0628
132 180  0.0000  0.0000 11.1304
140 180  0.0000  0.0000  0.0000
148 180  0.2568  0.0627  8.5469
156 180  0.0000  0.0000 11.1304
164 180  0.0000  0.0000  0.0000
172 180  0.0000  0.0000 11.1304
180 180  0.0000  0.0000  0.0000
188 180  0.0000  0.0000 12.0455
196 180  0.0000  0.0000  0.0000
204 180  0.0000  0.0000  0.0000
212 180  0.0000  0.0000  0.0000
220 180  0.0000  0.0000  0.0000
228 180  0.0000  0.0000  0.0000
236 180  0.0000  0.0000  0.0000
244 180 -0.5000  0.0000 11.1304
252 180  0.0000  0.0000 11.1304
260 180  0.0000  0.0000 11.1304
268 180  0.0000  0.0000 11.1304
276 180  0.0000  0.0000 11.1304
284 180  0.0000  0.0000 11.1304
292 180  2.5000 -0.5000  4.0635
  4 188  0.0000  0.0000  0.0000
 12 188 -0.5000  0.0391  9.3822
 20 188  0.0000  0.0000  8.0000
 28 188  0.0000  0.0000 11.1304
 36 188  0.0000  0.0000  0.0000
 44 188 -0.2780  0.1270 13.3759
 52 188  0.0000  0.0000  0.0000
 60 188  0.0000  0.0000  0.0000
 68 188 -0.1760  0.0000 15.0588
 76 188  0.0000  0.0000  0.0000
 84 188  0.0000  0.0000 11.1304
 92 188  0.0000  0.0000  0.0000
100 188  0.0000  0.0000  0.0000
108 188  0.0000  0.0000  0.0000
116 188  0.0000  0.0000  0.0000
124 188  0.0000  0.0000  8.2581
132 188  0.0000  0.0000 16.1088
140 188  0.0000  0.0000 11.1304
148 188  0.0000  0.0000  0.0000
156 188  0.0000  0.0000  0.0000
164 188  0.0000  0.0000 19.1045
172 188  0.0000  0.0000 11.1304
180 188  0.0000  0.0000 17.2183
188 188  0.1960  0.0000 11.1304
196 188  0.0000  0.0000 11.1304
204 188  0.0000  0.0000 11.1304
212 188  0.0000  0.0000  0.0000
220 188  0.0000  0.0000 16.1088
228 188  0.5000  0.0000  8.4768
236 188  0.0000  0.0000  0.0000
244 188  0.0000  0.0000  0.0000
252 188  0.4043  0.4043  8.0000
260 188  0.0000  0.0000 11.1304
268 188  0.0000  0.0000  0.0000
276 188  0.0000  0.0000  0.0000
284 188  0.0000  0.0000 11.1304
292 188  0.0000  2.5000  8.8276
  4 196  0.0000  0.0000  0.0000
 12 196  0.0000  0.0000  0.0000
 20 196  1.3070  0.0337 12.4709
 28 196  0.0000  0.0000  0.0000
 36 196 -0.0530  0.0000  6.7623
 44 196  2.3677  0.1145 12.8207
 52 196  0.0000  0.0000 11.1304
 60 196  0.0418 -0.1521 12.6567
 68 196  0.0000  0.0000  0.0000
 76 196  0.0000  0.0000  0.0000
 84 196  0.0000  0.0000 13.5576
 92 196  0.0000  0.0000  0.0000
100 196  0.0000  0.0000 11.1304
108 196  0.0000  0.0000 11.1304
116 196  0.0000  0.0000  0.0000
124 196  0.0000  0.0000  0.0000
132 196  1.5000  2.7083  6.1440
140 196  0.0000  0.0000 11.1304
148 196  0.0000  0.0000  0.0000
156 196  0.0000  0.0000  0.0000
164 196  0.1960  0.0000 11.1304
172 196  0.0000  0.0000 11.1304
180 196  0.0000  0.0000 19.1045
188 196  0.0000  0.0000  0.0000
196 196  0.0000  0.0000 19.4783
204 196  0.0000  0.0000 11.1304
212 196  0.0000  0.0000  0.0000
220 196  0.0000  0.0000 16.1088
228 196  0.0000  0.0000  0.0000
236 196  0.0000  0.0000 11.1304
244 196  0.0000  0.0000 11.1304
252 196  0.0000 -0.5000  8.8276
260 196  0.0000  0.0000  0.0000
268 196  0.0000  0.0000  0.0000
276 196  0.0000  0.0000  0.0000
284 196  0.0000  0.0000 11.1304
292 196  0.0000  0.0000  0.0000
  4 204  0.0000  0.0000  0.0000
 12 204  0.0000  0.0000 11.1304
 20 204  0.1050  2.5000  6.8903
 28 204  0.0000  0.0000 19.1045
 36 204  0.1870 -0.2762  8.3854
 44 204  0.0000  0.0000  0.0000
 52 204 -0.0418  0.1521 12.6567
 60 204  0.0000  0.0000  0.0000
 68 204  0.0000  0.0000  0.0000
 76 204  0.0000  0.0000 11.1304
 84 204  2.5000  0.0000  8.8276
 92 204  0.0000  0.0000 11.1304
100 204  0.0000  0.0000 11.1304
108 204  0.0000  0.0000  0.0000
116 204  0.0000  0.0000 11.1304
124 204  0.0000  0.0000  0.0000
132 204  0.0000  0.0000  0.0000
140 204 -0.1960  0.0000 11.1304
148 204  0.0000  0.0000  0.0000
156 204  1.5000  0.0000  8.2581
164 204  0.0000  0.0000 12.0455
172 204  0.0000  0.0000  0.0000
180 204  3.5000 -0.1203  5.4468
188 204  0.0000  0.0000  0.0000
196 204  0.0000 -0.5000  8.8276
204 204  0.0000  0.0000  0.0000
212 204  0.0000  0.0000  0.0000
220 204  0.0000  0.0000  0.0000
228 204  0.0000  0.0000 11.1304
236 204  0.0000  0.0000 11.1304
244 204  0.0000  0.0000 16.1088
252 204  0.1912  0.0000 12.4272
260 204 -0.1151  0.1151 16.5161
268 204     NaN  0.0000 17.0667
276 204  0.0000 -0.5000 11.1304
284 204  0.0000  0.0000  0.0000
292 204  2.5000  0.0000  8.8276
  4 212  0.0000  0.0000  0.0000
 12 212  0.0000  0.0000  0.0000
 20 212  0.5000  0.0000  8.4768
 28 212  0.0000  0.0000 19.1045
 36 212  0.0000  2.5000  8.8276
 44 212  0.0000  0.0000 20.7059
 52 212  0.4088 -0.0535  7.8528
 60 212  0.0000  0.0000  0.0000
 68 212  0.0000  0.0000  0.0000
 76 212  0.0000  0.0000  0.0000
 84 212  0.0000  0.0000  0.0000
 92 212  0.0000  0.0000 11.1304
100 212  0.0000  0.0000 11.1304
108 212  0.0000  0.0000 11.1304
116 212 -0.5000 -0.5000  4.0635
124 212  0.0000  0.0000 13.1641
132 212  0.0000  0.0000  0.0000
140 212  0.0000  0.0000 11.1304
148 212  0.0000  0.0000 11.1304
156 212  1.0000  0.0000  9.2850
164 212 -1.0000  0.0000  8.2581
172 212  0.0000  0.0000  1.0000
180 212  0.0000 -0.5000  8.8276
188 212  0.0000  0.0000 11.1304
196 212  0.0000  0.0000 16.1088
204 212  0.0000  0.0000 16.1088
212 212  0.0000  0.0000  0.0000
220 212  0.0000  0.0000  0.0000
228 212  0.0000  0.0000 11.1304
236 212  0.0000  0.0000 11.1304
244 212 -0.5000  2.0000  8.8276
252 212  0.1960  2.5000 11.1304
260 212  0.0000  0.0000 11.1304
268 212  0.0000  0.0000  0.0000
276 212  0.0000  0.0000 11.1304
284 212  0.0000  0.0000  0.0000
292 212  0.0000  0.0000 11.1304
  4 220  0.0000  0.0000  0.0000
 12 220  0.0000  0.0000  0.0000
 20 220  0.0000  0.0000  0.0000
 28 220  0.0000  0.0000 12.0455
 36 220  0.0000  0.0000 11.1304
 44 220  0.0000  0.0000  0.0000
 52 220  0.2780 -0.1270 13.3759
 60 220  0.0000  0.0000 11.1304
 68 220  0.0000  0.0000 16.1088
 76 220  0.0000  0.0000 11.1304
 84 220  0.0000  0.0000  0.0000
 92 220  0.0000  0.0000  0.0000
100 220  0.0000  0.0000 11.1304
108 220  0.0000  0.0000 11.1304
116 220  0.0000  0.0000 11.1304
124 220  0.0000  0.0000  0.0000
132 220  0.0000  0.0000 11.1304
140 220  0.0000  0.0000  0.0000
148 220  0.0000  2.5000  8.8276
156 220  0.0000  0.0000  8.2581
164 220  0.0000  0.0000 11.1304
172 220  0.0000  0.0000 11.1304
180 220  0.5000  0.0000 11.1304
188 220  0.0000  0.0000  0.0000
196 220  0.0000  0.0000  0.0000
204 220  0.0000  0.0000 11.1304
212 220  2.5000  0.0000  8.8276
220 220  2.5000  0.0000  8.8276
228 220  0.0000  0.0000  0.0000
236 220  0.0000  0.0000  0.0000
244 220  0.0000  0.0000 11.1304
252 220  0.0000  0.0000  0.0000
260 220  0.0000  0.0000 11.1304
268 220  0.1960  0.0000 11.1304
276 220  0.0000  0.0000 11.1304
284 220  0.0000  0.0000  0.0000
292 220  0.0000  0.0000 11.1304
