VARIABLES= "X pix", "Y pix", "U pix/dt", "V pix/dt", "CHC", ZONE I=28, J=37
  4   4  0.0000 -0.0566 11.2552
 12   4  0.0000  0.0000 10.9708
 20   4  0.0000  0.0000 10.9708
 28   4  0.0000  0.0000 10.9708
 36   4  0.0000  0.0592 10.5699
 44   4  0.0526 -0.0283 11.0092
 52   4 -0.0527 -0.0137 10.9645
 60   4  0.0000  0.0000 11.0456
 68   4  0.0000  0.0000 11.0456
 76   4 -0.0069  0.0258 11.2641
 84   4 -0.0033  0.0054 10.9113
 92   4 -0.0033  0.0054 10.9113
100   4  0.0361 -0.0437 12.3821
108   4  0.0000  0.0000 11.7754
116   4  0.0000  0.0000 11.0456
124   4  0.0000  0.0019 11.4364
132   4  0.0000  0.0000 11.7754
140   4  0.0000  0.0162 11.8572
148   4  0.0000 -0.0256 11.3429
156   4  0.0000 -0.0166 11.5214
164   4  0.0000  0.0145 11.0935
172   4  0.0000  0.0000 11.9577
180   4  0.0000  0.0000 10.9371
188   4 -0.0529  0.0112 11.8358
196   4  0.0000  0.0101 10.9790
204   4  0.0005  0.0031 10.9446
212   4  0.1051 -0.0022 11.8412
220   4  0.0499 -0.0183 11.6763
228   4  0.1112  0.0325 10.5469
236   4  0.1304 -0.1262  9.4929
244   4  0.0212  0.0000 10.2968
252   4  0.0239  0.0130 10.6683
260   4 -0.0182  0.0834 11.4793
268   4 -0.0746 -0.0393 11.0886
276   4 -0.0503 -0.1799 12.8340
284   4  0.0000  0.1245 12.4512
292   4  0.1396  0.0225 12.9918
  4  12 -0.3108  0.9291 10.6077
 12  12  0.0924  0.8703 11.0678
 20  12 -0.3372  1.5000 10.2400
 28  12  0.0000  1.2099  7.1055
 36  12 -0.1685 -4.2880  7.2498
 44  12  0.0000 -5.0000  8.4768
 52  12 -0.1266 -0.0082 16.3316
 60  12 -1.7681 -0.2331 14.1175
 68  12  0.2936  0.3340 10.0563
 76  12 -0.3344  0.2419 10.9369
 84  12  0.0680  0.3454  7.7793
 92  12  0.0705  1.3604  7.9799
100  12 -0.9759  0.9125  7.5407
108  12 -0.0323  0.7823  7.3693
116  12 -0.1898  0.2781  9.3251
124  12  0.0000  0.2404  9.4426
132  12  0.0000  0.1405  9.3746
140  12  0.0000  0.2007  8.8998
148  12  0.0821  0.1383  9.2096
156  12  0.0000  0.0937  8.9837
164  12  0.0000  0.1438 10.9755
172  12  0.0000  0.1097  9.4520
180  12  0.0000  0.3560  8.4561
188  12  0.0266  0.4671  8.1675
196  12 -0.1259  0.5644  8.4117
204  12 -0.0534  0.5676  9.7857
212  12 -0.1462  0.5210 12.2635
220  12  0.0097  0.1124 10.9275
228  12  0.0000  0.8263  7.2654
236  12 -0.0233  0.5000  7.9916
244  12 -3.0731  1.6642  6.7509
252  12  0.0302  0.5969  7.4267
260  12 -0.1766  0.8230  8.0258
268  12 -0.1661  0.8502  8.8608
276  12  0.0926  0.6472  9.2905
284  12 -0.1145  1.2803  8.4804
292  12 -0.0034  1.1870  7.8521
  4  20 -0.0474  0.1410 10.4533
 12  20 -0.0808  0.2483 10.0517
 20  20  0.0000  0.0669 11.0682
 28  20  0.0323 -0.0291 10.4053
 36  20  0.0000  0.2175  9.3378
 44  20  0.0000  0.1737  9.4243
 52  20  0.0956 -0.2699 10.8472
 60  20 -0.0017 -0.1087 12.5600
 68  20  0.0518  0.0871 12.5689
 76  20  0.0296 -0.1619 12.3432
 84  20 -0.0526 -0.0082 11.7659
 92  20 -0.0157 -0.1629  9.4055
100  20 -0.0865  0.8116 13.2773
108  20  0.0183  0.4037  9.0867
116  20  0.0470  0.1525 11.8490
124  20  0.0222  0.1568 12.3613
132  20 -0.0094  0.1026 11.6240
140  20 -0.0545  0.1384 11.2300
148  20  0.0240  0.1407 11.3123
156  20  0.0224  0.1383 11.2955
164  20 -0.0638  0.9042 11.3588
172  20 -0.0494  0.8034 18.2409
180  20  0.0999  0.1577 13.1001
188  20  0.0196  0.1342 14.5793
196  20 -0.0069  0.2405 15.5025
204  20  0.0778  0.2588 19.3537
212  20  0.0370  0.1757 18.7403
220  20  0.2028  0.3442 11.2361
228  20  0.0000  0.0000  8.9979
236  20  0.0000  0.0000 10.3058
244  20  0.0000  0.0000 13.1324
252  20  0.3265  0.2235 11.1968
260  20 -0.8823 -3.0954  5.3659
268  20  0.0277 -3.0910  7.1573
276  20  0.0000  0.0000  6.2057
284  20  0.2771  0.3128  7.6496
292  20  0.0629  0.1651 12.0117
  4  28  0.0463 -0.0680 10.7276
 12  28  0.0000  0.6963 10.5010
 20  28 -0.1573  0.1687 11.8567
 28  28 -0.0567  0.0346 11.1106
 36  28  0.0039  0.0744 11.3556
 44  28  0.0094  0.0262 10.5508
 52  28  0.0168  0.0338 10.5112
 60  28  0.0020  0.0502 10.1886
 68  28  0.0226  0.0098 10.6780
 76  28 -0.0576  0.0731 10.5550
 84  28 -0.0202  0.0441  9.9543
 92  28  0.0004  0.0327  9.8546
100  28 -0.0380  0.0151 12.0605
108  28  0.0550  0.0867 13.8668
116  28  0.0160  0.0764  9.2134
124  28 -0.0246  0.0649  9.8762
132  28  0.0023  0.1210  9.1170
140  28 -0.0561  0.1473  9.5361
148  28 -0.0539  0.1026 10.0718
156  28 -0.0708  0.9238 19.2993
164  28  0.1438  1.2714 16.3887
172  28 -0.2008  0.9800 15.8640
180  28 -0.1397  0.0237 12.3134
188  28 -0.1012  0.1627  9.8763
196  28 -0.0044  0.1986  9.6161
204  28 -0.0003  0.1794 10.0460
212  28 -0.0063  0.1720 10.8104
220  28 -0.0198  0.1560 10.5952
228  28  0.0344  0.1486  9.9871
236  28 -0.0144  0.1730  9.7211
244  28  0.0005  0.1875 10.1100
252  28 -0.0868  0.1770 13.7747
260  28 -0.0510  0.2886 17.3783
268  28 -0.0303  0.1152 17.8705
276  28  0.1911 -0.0590 18.5451
284  28  0.0480  0.2012 14.0576
292  28 -0.0347  0.1978 12.4267
  4  36 -0.0456 -0.0082  7.5950
 12  36  0.0034  0.1579  7.6004
 20  36  0.0439  0.1178  6.7217
 28  36 -0.0492 -0.0638  6.8840
 36  36 -0.1137  0.0718  6.4281
 44  36 -0.0638  0.0416  6.9492
 52  36  0.0000 -0.1603  7.8325
 60  36  0.1016  0.0382 10.1297
 68  36 -0.1740 -0.0470  7.5241
 76  36  0.0642 -0.0804  9.4712
 84  36  0.0000  0.1669 12.6856
 92  36  0.0021  0.2657 10.2457
100  36  0.2328  0.1336  8.4152
108  36 -0.2035 -0.1106  7.2037
116  36  0.0719  0.0697  7.5468
124  36  0.1381  0.3469  5.9276
132  36  0.0000  0.0000  0.0000
140  36 -0.5000  0.1588 10.5785
148  36 -0.0026  0.0734  5.7334
156  36 -0.1069  0.9360 12.9392
164  36  0.0022  0.0431 15.4313
172  36 -0.1167  0.5830  9.7578
180  36  0.0775  0.7177 11.7516
188  36 -0.1413  0.0297  7.7173
196  36 -0.0198  0.0832 12.9556
204  36  0.1083 -0.1421 11.4465
212  36  0.0000  0.0000 12.2639
220  36  0.1935 -0.0029 10.0544
228  36 -0.1120  0.1435 12.0259
236  36  0.0409  0.0202 10.5520
244  36  0.0155  0.0258 10.4943
252  36  0.0248  0.1525  7.6730
260  36 -0.0103 -0.0271 11.0133
268  36 -0.0084 -0.0177  8.1829
276  36  0.0403  0.0038  9.2784
284  36  0.0654 -0.0692  8.7932
292  36  0.0642  0.1103  8.4906
  4  44  0.0000 -0.1960 11.1304
 12  44  0.0880 -0.2791 12.7302
 20  44 -0.1965 -0.0282 10.0909
 28  44  0.1335  0.0215 13.3202
 36  44  0.0288  0.1272 12.6005
 44  44 -0.0082  0.1127 11.2021
 52  44  0.1107  0.0219 10.1069
 60  44 -0.1409  0.0134  8.3986
 68  44  0.0847 -0.0945  7.3939
 76  44 -0.2061  0.4464  6.9040
 84  44  0.0000  2.3093 11.7824
 92  44  0.0000  0.0000 11.1304
100  44  0.0000 -0.5000  8.8276
108  44  0.0000  0.0000  0.0000
116  44  0.0000  0.0000  0.0000
124  44  0.0000  0.0000  0.0000
132  44  0.0000  0.0000  0.0000
140  44 -0.5000 -0.5000  4.0635
148  44 -0.0810 -0.0414  5.5582
156  44 -0.0699  0.8705 12.5430
164  44  0.1229  0.3843 11.8494
172  44 -0.1192  0.2706 15.2707
180  44 -0.0241  0.3825 12.4362
188  44 -0.0153  0.0901  6.1187
196  44 -0.1089  0.8035  7.0112
204  44 -0.0556  0.1505  6.7194
212  44  0.0296  0.1586  7.6021
220  44  0.0994  0.0347  9.3247
228  44  0.1293 -0.1403 10.9978
236  44 -0.0465  0.1984 11.3241
244  44 -0.0036  0.1353 13.5285
252  44 -0.0471 -0.1216 12.2935
260  44 -0.3634  0.2756 13.2987
268  44  0.1416  0.2727 15.4698
276  44  0.0000  0.0000 17.7968
284  44 -0.0600 -0.2084 11.7329
292  44 -0.1416  0.0558 13.0312
  4  52 -0.0542  0.2746  8.6501
 12  52 -0.0492 -0.1350  8.0025
 20  52  0.1050 -0.1225  7.4487
 28  52 -0.1477  0.3080  6.9728
 36  52  0.0000  0.0000  0.0000
 44  52  0.0000  0.0000  0.0000
 52  52  0.0000  0.0000  0.0000
 60  52  0.0000  0.0000  0.0000
 68  52  0.0000  0.0000  0.0000
 76  52  0.0000 -0.5000  8.8276
 84  52  0.0000  0.0000 11.1304
 92  52  1.5000  0.0000  8.2581
100  52 -0.1960  0.0000 11.1304
108  52  0.0000  0.0000  0.0000
116  52  0.0000  0.0000  0.0000
124  52  0.0000  0.0000  0.0000
132  52  0.0000  0.0000 11.1304
140  52  0.0000  0.0000  8.4628
148  52  0.0391  0.3305  7.3980
156  52  4.0698 -3.2727 10.7088
164  52 -0.0725  1.1645  9.0621
172  52 -0.0118  1.1414  8.3763
180  52  0.1553 -0.0211  9.9741
188  52 -0.0254 -0.0646  6.5124
196  52  0.0000  0.3649 11.1304
204  52  0.3145 -0.0264 11.0777
212  52  0.0179  0.1028  9.6531
220  52 -0.0546  0.2187  9.4451
228  52  0.0122  0.0924 11.1554
236  52  0.0000  0.0000 12.4998
244  52 -0.1324 -0.0395 12.5309
252  52 -0.0323  0.1809 14.4144
260  52 -0.0115 -0.1149 10.5456
268  52  0.0000  0.0000 10.3341
276  52 -0.0059  0.0586 12.2082
284  52  0.0414 -0.2154 12.1014
292  52 -0.0812  0.1972 10.8287
  4  60  0.0000  0.0000  0.0000
 12  60 -0.2780 -0.1270 13.3759
 20  60  0.0000  0.0000 17.0667
 28  60  0.0000  0.0000  0.0000
 36  60  0.1490  1.5781 10.6945
 44  60  0.0000  0.0000  0.0000
 52  60  0.0000  0.0000  0.0000
 60  60  0.0000  0.0000  0.0000
 68  60  0.0000  0.0000  0.0000
 76  60  0.0000  0.0000 16.1088
 84  60  0.3732 -0.3694 10.3318
 92  60  0.1758 -0.0151 15.5372
100  60  0.0282  0.2232 11.9269
108  60  0.0000 -0.0603  7.0459
116  60 -0.2743  0.0236 10.8782
124  60  0.0000  0.5000  7.3143
132  60  0.1629 -0.2271  9.3130
140  60  0.9520  0.1491 12.1468
148  60 -0.3634  0.0625  6.2406
156  60  0.1563 -0.1654  5.9036
164  60 -0.1279 -0.2482  6.1893
172  60 -0.1831  0.3390  5.9823
180  60 -0.2093  0.1067  6.4772
188  60 -0.0904 -0.5000  5.8783
196  60  0.0000  0.0000  0.0000
204  60  0.0000  0.0000  0.0000
212  60  0.0000  0.0000  0.0000
220  60  0.0000  0.0000  0.0000
228  60  0.0000  0.0000 11.1304
236  60 -0.0417  0.1134  7.3143
244  60  0.0490  0.3897  8.6154
252  60  0.0520  0.2072 11.4040
260  60 -0.2438  0.1979 10.4311
268  60  0.0966  0.2238 14.2656
276  60  0.0000  0.1960 11.1304
284  60  0.0000  0.0000  7.4054
292  60 -0.2245  0.1349  9.0393
  4  68 -0.5000  0.0000  8.8276
 12  68  0.0000 -0.2917 11.1304
 20  68  0.0000  0.0000 16.1088
 28  68  0.0000  0.0000 11.1304
 36  68  0.0000  0.0000 11.1304
 44  68  0.0000  0.0000  0.0000
 52  68  0.2414  0.0000 11.1304
 60  68  0.0000  0.0000  0.0000
 68  68  0.0000  0.0000  0.0000
 76  68  0.0000  0.0000  0.0000
 84  68  0.1016  0.0964  8.7328
 92  68  0.0678  0.9205 10.5546
100  68  0.0890  0.0200 15.2050
108  68  0.0000  0.0000 16.1088
116  68  0.0000  0.0000  0.0000
124  68 -0.5000 -0.1180  9.2850
132  68  0.0000  0.0000 11.1304
140  68  0.0000  0.0000 11.1304
148  68 -0.1937  0.0000 12.5685
156  68 -0.1656 -0.0786 10.7522
164  68  2.5000  0.0000  8.8276
172  68  0.0000  0.0000 11.1304
180  68  0.0409  0.1516 10.6690
188  68  0.0000  0.0000  0.0000
196  68  0.0000  0.0000  0.0000
204  68  0.0000  0.0000  0.0000
212  68  0.0000  0.0000  0.0000
220  68  0.0000  0.0000  0.0000
228  68  0.0000  0.0000  0.0000
236  68  0.0000  0.0000  0.0000
244  68  0.0000  0.0000  0.0000
252  68  0.0000  0.0000 16.1088
260  68 -0.1008  0.0843 14.9901
268  68  0.4337 -0.0578  8.8276
276  68 -0.1326  1.0326 10.1603
284  68 -0.0597 -0.1045 15.8334
292  68  0.0000  0.0000  0.0000
  4  76 -1.5000  0.0000  8.2581
 12  76  0.0000  0.5000 11.1304
 20  76  0.0000  0.0000  0.0000
 28  76  0.0000  0.0000  0.0000
 36  76  0.0000  0.0000 16.1088
 44  76  0.0000  0.0000 11.0029
 52  76  0.0867  0.1071  9.3967
 60  76  0.0000  0.0000 11.1304
 68  76  0.0637  0.2636 12.0062
 76  76  4.0508 -2.2068  8.1115
 84  76  0.0000  0.1619 10.6610
 92  76 -5.1034 -4.6531  7.4219
100  76 -0.2645  0.0585 13.3056
108  76  0.2645  0.0585 13.3056
116  76 -0.5000 -0.0265 11.4627
124  76  0.0000 -0.5000  8.8276
132  76  0.0000  0.0000  0.0000
140  76  0.0000  0.0000 11.1304
148  76  0.5000 -0.2012  9.9121
156  76  0.0000  0.0000 11.1304
164  76  0.3321 -0.1276 10.3409
172  76  0.0000  0.0000  0.0000
180  76  0.0000  0.0000 14.5615
188  76  0.0000 -0.5000  8.8276
196  76  0.0000  0.0000  0.0000
204  76  0.0000  0.0000  0.0000
212  76  0.0000  0.0000  0.0000
220  76  0.0000  0.0000  0.0000
228  76  0.0000  0.0000  0.0000
236  76  0.0000  0.0000 11.1304
244  76  0.0000  0.0000  0.0000
252  76  0.0000  0.0000  0.0000
260  76  0.0000  0.0000 16.1088
268  76  0.0000  0.0000 16.1088
276  76 -0.5000  2.0000  8.8276
284  76  1.3070 -0.0337 12.4709
292  76  0.0540  0.3280  8.9930
  4  84  0.0000  0.0000 11.1304
 12  84  0.0000  0.0000  0.0000
 20  84  0.3157 -5.5642 10.6667
 28  84  0.0000  0.0000  0.0000
 36  84  0.3089 -0.1688 11.5932
 44  84  0.0000  0.0000 17.0667
 52  84  0.2301  0.2489  7.6972
 60  84 -0.9074  0.9747  8.7612
 68  84 -0.1211  0.9236  8.0688
 76  84  0.1675  0.3662 10.2400
 84  84  0.1619  0.0087  6.9769
 92  84 -1.3070 -0.0337 12.4709
100  84 -0.1113  1.6014 11.9803
108  84  0.0587 -0.2141 13.7103
116  84 -0.1082  0.0530 14.7338
124  84  0.0000  0.0000 16.1088
132  84 -0.5000  0.1180  9.2850
140  84 -0.0272 -0.0238 11.1899
148  84 -0.0192  0.1864 11.8154
156  84  0.0000  0.0000 12.1905
164  84 -0.1050  2.5000  6.8903
172  84 -0.2965 -0.2632 10.8887
180  84  0.0000  0.0000 11.1304
188  84  0.0000  0.0000  0.0000
196  84  0.0000  0.0000 11.1304
204  84  0.0000  0.0000  0.0000
212  84  0.0000  0.0000 11.1304
220  84  0.0000  0.0000 11.1304
228  84  0.0000  0.0000  0.0000
236  84  0.0000  0.0000  0.0000
244  84  0.0000  0.0000  0.0000
252  84  0.0000  0.0000  0.0000
260  84  0.0000  0.0000  0.0000
268  84  0.0000  0.0000 16.1088
276  84  4.5000 -0.5000  4.0635
284  84  0.0000  0.0000  8.2581
292  84 -0.2654 -0.1757  6.5085
  4  92  0.0000  0.0000  0.0000
 12  92  0.0000  0.0000 16.1088
 20  92  0.0000  0.5000  9.2850
 28  92 -0.0894  2.2516 10.9315
 36  92 -2.8274 -0.3035  7.6077
 44  92  0.1960  0.2946  7.0604
 52  92 -0.2418  0.7107  8.3110
 60  92 -0.0651  0.1150 14.5523
 68  92  0.2414  0.0000 11.1304
 76  92 -0.5000  0.0000  8.8276
 84  92  0.0000  0.0000 11.1304
 92  92  0.0000  0.0000  0.0000
100  92  0.0000  0.3577 13.4737
108  92  0.0586  0.2377  7.2489
116  92 -0.1421  0.0000  8.9363
124  92  0.0000  0.0000  0.0000
132  92 -0.3127 -0.1061  9.8739
140  92  0.0561  0.2765  9.5419
148  92  0.0000  0.0000 11.1304
156  92  0.0000  0.0000 11.1304
164  92  0.0000  0.0000 11.1304
172  92  0.0000  0.0000  0.0000
180  92  0.0000  0.0000  0.0000
188  92  0.0000  0.0000  0.0000
196  92  0.0000  0.0000  0.0000
204  92  0.0000  0.0000  0.0000
212  92  0.0000  0.0000  0.0000
220  92  0.0000  0.0000 11.1304
228  92  0.0000  0.0000 11.1304
236  92  0.0000  0.0000 11.1304
244  92  0.0000  0.0000  0.0000
252  92  0.0000  0.0000  0.0000
260  92  0.0000  0.0000  0.0000
268  92 -0.5000 -0.5000  4.0635
276  92  2.5000  0.0000  8.8276
284  92  0.0000  2.5000  8.8276
292  92  0.0000  2.5000  8.8276
  4 100  2.5000 -0.1180  9.2850
 12 100  0.0000  0.0000 16.1088
 20 100  0.0000  0.0000 11.1304
 28 100  0.1151  0.1151 16.5161
 36 100  0.0000  0.0000 17.0667
 44 100  0.1463  0.0265  7.9644
 52 100  0.0000  0.0000 19.4783
 60 100  0.0000  0.0000  0.0000
 68 100  0.0000  2.5000  8.8276
 76 100  0.0000  0.0000  0.0000
 84 100  0.0000  0.0000  0.0000
 92 100  2.5000  0.0000  8.8276
100 100  2.5000  0.0000  8.8276
108 100  0.0000  0.0000  0.0000
116 100 -0.1912  0.0000 12.4272
124 100     NaN  0.0000 17.0667
132 100  0.0359  0.1153 11.1039
140 100  0.0000  0.0000 16.1088
148 100  0.0000  0.0000  0.0000
156 100  0.0000  0.0000 11.1304
164 100  0.0000  0.0000  0.0000
172 100  0.0000  0.0000  0.0000
180 100  0.0000  0.0000  0.0000
188 100  0.0000  0.0000  0.0000
196 100  0.0000  0.0000  0.0000
204 100  0.0000  0.0000  0.0000
212 100  0.0000  0.0000  0.0000
220 100  0.0000  0.0000  0.0000
228 100  0.0000  0.0000  0.0000
236 100  0.0000  0.2601  4.8302
244 100  0.1075  1.3802  6.7172
252 100  2.8274 -0.3035  7.6077
260 100  0.0000  0.5000  7.8528
268 100 -0.5000  1.8526  7.7576
276 100 -0.1841  0.0418 12.3683
284 100  0.0000  0.0000 11.1304
292 100  0.0000  0.0000 16.1088
  4 108  0.0391  2.5000  9.3822
 12 108 -0.5000 -0.0465  9.0497
 20 108 -0.0889  1.1178  9.3177
 28 108 -0.6153  0.8925 10.2400
 36 108 -0.3953 -0.1213 10.9666
 44 108  0.0000  0.3577 13.4737
 52 108  0.0000  0.1469 10.3584
 60 108 -0.0341  1.5466  7.9175
 68 108  0.0000  2.5000  8.8276
 76 108 -0.2414  0.0000 11.1304
 84 108  0.0000  0.0000 22.2609
 92 108 -0.1841  0.0418 12.3683
100 108  0.5000  0.0000  8.4768
108 108  0.0000  0.0000  0.0000
116 108 -0.1138  0.0000  7.2997
124 108 -0.0138  0.4090  8.8054
132 108  3.5000 -0.1203  5.4468
140 108  0.5000  0.0000 11.1304
148 108  0.0000  2.0000 11.1304
156 108  0.0000  0.0000 16.1088
164 108  0.0000  0.0000 11.1304
172 108  0.0000  0.0000 11.1304
180 108  0.0000  0.0000  0.0000
188 108  0.0000  0.0000  0.0000
196 108  0.0000  0.0000  0.0000
204 108  0.0000  0.0000 11.1304
212 108  0.0000  0.0000  0.0000
220 108  0.0000  0.0000 11.1304
228 108  0.0000  0.0000  0.0000
236 108  0.0000  0.0000  0.0000
244 108  0.0000  0.0000  0.0000
252 108 -1.1733  0.0000  8.5333
260 108 -0.1313 -0.0812 16.9211
268 108  0.0000  0.0000  0.0000
276 108  0.0000  0.0000  0.0000
284 108  0.0000  0.0000  0.0000
292 108  0.1960  2.5000 11.1304
  4 116  0.0000  0.0000 16.1088
 12 116  0.0000 -0.0384  8.7691
 20 116  0.2220 -0.3302 13.4123
 28 116  0.1352 -0.1609 11.7761
 36 116  0.0000  0.0000 16.1088
 44 116  0.0000  0.0000 12.8600
 52 116  0.0000  0.0000  0.0000
 60 116 -0.5000  0.0000  8.8276
 68 116  0.4932     NaN  5.2245
 76 116 -0.1546  0.0660 18.6254
 84 116  0.3927  0.0140  8.4612
 92 116  0.0000  0.0000  0.0000
100 116  0.0000  0.0000  0.0000
108 116  0.0000  0.0000 11.1304
116 116  0.0000  0.0000 11.1304
124 116  0.0000  0.0000 11.1304
132 116  0.0000  0.0000  0.0000
140 116  0.0000  0.0000 12.0455
148 116  0.0000  0.0000  0.0000
156 116  1.5000  2.5000  7.4357
164 116  0.3577  2.5000 13.4737
172 116  0.0000  0.0000 11.1304
180 116  0.0000  0.0000  0.0000
188 116  0.0000  0.0000  0.0000
196 116  0.0000  0.0000  0.0000
204 116  4.5000 -0.5000  4.0635
212 116  0.0000  0.0000 11.1304
220 116  0.0000  0.0000  0.0000
228 116  0.0000  0.0000 16.1088
236 116  0.0000  0.0000 11.1304
244 116  0.0000  0.0000 11.1304
252 116  0.0000  0.0000  0.0000
260 116 -0.0418 -0.1521 12.6567
268 116  0.0000  0.0000  0.0000
276 116  0.0000  0.0000  0.0000
284 116  0.0000  0.0000  0.0000
292 116  0.0000  0.0000 16.1088
  4 124  2.5000  0.0000  8.8276
 12 124 -0.5000  0.1180  9.2850
 20 124  0.0000  0.0000 11.1304
 28 124  0.0000  0.0000  0.0000
 36 124  0.0000  0.0000 11.1304
 44 124  0.1180 -0.5000  9.2850
 52 124  0.0000  0.0000  0.0000
 60 124  0.0000 -0.5000  8.8276
 68 124  5.1203     NaN  5.4468
 76 124  0.1912  0.0000 12.4272
 84 124  0.0000  2.5000  8.8276
 92 124  1.1838 -0.5000  7.5779
100 124  0.0000  0.0000  0.0000
108 124  0.0000  0.0000  0.0000
116 124     NaN  0.1203  5.4468
124 124  0.0000  2.5000  8.8276
132 124 -0.5000  4.5000  4.0635
140 124  0.2629  2.0325  8.3478
148 124  2.5000  0.1588 10.5785
156 124 -0.1050     NaN  6.8903
164 124  0.0000  0.0000  0.0000
172 124  0.0000  0.0000  0.0000
180 124  0.0000  0.0000  0.0000
188 124  0.0000  0.0000  0.0000
196 124 -0.2414  0.0000 11.1304
204 124 -0.1174  4.1710 14.6131
212 124 -0.5000 -0.1588 10.5785
220 124  0.0000  0.0000  0.0000
228 124  0.0000  0.0000 11.1304
236 124  0.3309  0.0637  7.1846
244 124  0.0000  0.0000  0.0000
252 124  0.0000  0.0000  0.0000
260 124 -0.5000  4.5000  4.0635
268 124  0.0000  0.0000  0.0000
276 124 -0.5000  0.0000  8.8276
284 124  0.0000  0.0000 16.1088
292 124 -0.5000 -1.0000  4.0635
  4 132  0.2353  0.4104  7.3143
 12 132 -2.8274 -0.3035  7.6077
 20 132  0.0000  0.0000 11.1304
 28 132  0.0000 -0.1960 11.1304
 36 132  2.5000  0.0000  8.8276
 44 132  4.5000 -4.7609  8.2581
 52 132  0.0000  0.0000  0.0000
 60 132  0.0000  0.0000 11.1304
 68 132  0.0000  0.0000 16.1088
 76 132  0.1960 -0.5000 11.1304
 84 132  0.0000 -0.5000  8.8276
 92 132  0.0000  0.0000  8.2581
100 132  0.0000  0.0000  0.0000
108 132  0.0000  0.0000  0.0000
116 132  0.0000  0.0000  0.0000
124 132  0.0000  0.0000  0.0000
132 132  0.0000  0.0000  0.0000
140 132  0.0000  0.5000 11.1304
148 132  0.0000  0.0000 16.1088
156 132 -0.5000  0.0000  7.5496
164 132  0.0000  0.0000  0.0000
172 132  0.0000  0.0000  0.0000
180 132  0.1876 -5.0000  8.5995
188 132  0.4337  0.0578  8.8276
196 132 -0.2761  0.0806  9.3746
204 132  0.0000  0.0000 12.0628
212 132  2.5000  0.0000  8.8276
220 132  0.0000  0.0000 11.1304
228 132  0.0000  0.0000  0.0000
236 132  0.3468  2.5000 10.2045
244 132  0.0000  1.8899  8.5742
252 132  0.0000  0.0000  0.0000
260 132  0.0000  0.0000  0.0000
268 132  0.0000  0.0000  0.0000
276 132  0.0000  0.0000  0.0000
284 132  0.0000  2.5000  8.8276
292 132  0.0000  0.0000 16.1088
  4 140 -0.0823  0.2600 17.1772
 12 140  0.4043  0.4043  8.0000
 20 140  0.0000  0.0000 11.1304
 28 140  0.0000  0.0000  0.0000
 36 140  0.0000  0.0000  0.0000
 44 140 -1.6005  0.1773  7.1968
 52 140  0.0000  0.0000  0.0000
 60 140  0.0000  0.0000  0.0000
 68 140  2.5000  0.0000  8.8276
 76 140  0.0000  0.0000  0.0000
 84 140 -1.5000  0.0000  8.2581
 92 140  0.0000 -0.5000  8.8276
100 140  0.0000  0.0000  0.0000
108 140  0.0000  0.0000  0.0000
116 140  0.0000  0.0000  0.0000
124 140 -0.5000 -0.5000  4.0635
132 140  0.0698 -0.2911 10.5124
140 140  0.0000  0.0000  0.0000
148 140  0.0000  0.0000  0.0000
156 140 -0.6001  0.1776  6.9856
164 140  0.0000  0.0000 13.5576
172 140  0.0000  0.0000  0.0000
180 140  0.0000  0.0000 11.1304
188 140 -0.2847  2.5000 11.1304
196 140  0.0000  0.0000 11.1304
204 140 -0.3321 -0.1276 10.3409
212 140  0.0000  0.0000 11.1304
220 140  0.0000  0.0000  0.0000
228 140  0.0000  0.0000  0.0000
236 140  0.0000  0.0000  0.0000
244 140 -0.5000 -0.5000  4.0635
252 140  0.0000  0.0000  0.0000
260 140  0.0000  0.0000  0.0000
268 140  0.0000  0.0000  0.0000
276 140  0.0000  0.0000  0.0000
284 140  0.0000  0.0000 11.1304
292 140  0.0000  2.5000  8.8276
  4 148  1.0756 -0.0431  7.0865
 12 148  0.0000  0.0000  0.0000
 20 148  0.0000  0.0000 11.1304
 28 148 -0.5000  0.0000  8.8276
 36 148  0.0000  0.0000  0.0000
 44 148  0.0544  0.0000  9.8359
 52 148  0.0000  0.0000 11.1304
 60 148  0.0000  0.0000  0.0000
 68 148  0.0000  0.0000  0.0000
 76 148  0.0000  0.0000 19.4783
 84 148  2.3677  0.1145 12.8207
 92 148 -0.5000  0.0000 11.1304
100 148  0.0000  0.0000 11.1304
108 148  0.0000  0.0000  0.0000
116 148  0.0000  0.0000  0.0000
124 148  0.0000  0.0000  0.0000
132 148 -0.1960  0.0000 11.1304
140 148  0.0000  0.0000  0.0000
148 148  0.0000  0.0000  0.0000
156 148  0.0000  0.0000  0.0000
164 148  0.0000  0.0000 11.1304
172 148  0.0000  0.0000  0.0000
180 148  0.7379 -0.5000  7.2172
188 148 -0.5000  4.5000  4.0635
196 148  0.0000  0.0000  0.0000
204 148  0.0000  0.0000  0.0000
212 148  0.0000  0.0000  0.0000
220 148  0.0000  0.0000  8.4768
228 148  0.0000  0.0000  0.0000
236 148  0.0000  0.0000  0.0000
244 148  0.0000  0.0000  0.0000
252 148  0.0000  0.0000  0.0000
260 148  0.0000  0.0000  0.0000
268 148  0.0000  0.0000  0.0000
276 148  0.0000  0.0000  0.0000
284 148  0.0000  0.0000 16.1088
292 148  0.0000  0.0000  0.0000
  4 156  0.0000  0.0000  0.0000
 12 156  0.0000  0.0000  0.0000
 20 156  0.0000  0.0000 11.1304
 28 156  0.0000  0.0000  0.0000
 36 156 -0.0245  0.1614 16.5879
 44 156  0.4043  0.4043  8.0000
 52 156  0.0000  0.0000  0.0000
 60 156  0.0000  0.0000  0.0000
 68 156  0.0000  0.0000  0.0000
 76 156  1.1838  2.5000  7.5779
 84 156  0.0000  0.0000  0.0000
 92 156  0.0000  2.5000  8.8276
100 156  0.1151  0.0000  9.4118
108 156 -0.4293 -0.2586  7.5558
116 156  1.0000 -0.2997  7.1877
124 156  0.0000  0.0000  0.0000
132 156  0.0000  0.0000 16.1088
140 156 -0.5000  0.0000  8.8276
148 156 -5.9474 -0.5000  9.7439
156 156  0.0000  0.0000  0.0000
164 156  0.0000  2.5000  8.8276
172 156 -0.5000  0.0000  8.8276
180 156  0.1960  0.0000 11.1304
188 156  0.0000 -0.5000  8.8276
196 156  0.0000  0.0000  0.0000
204 156  0.0000  0.0000  0.0000
212 156  0.0000  0.0000  0.0000
220 156  0.0000  0.0000 11.1304
228 156  0.0000  0.0000 11.1304
236 156  0.0000  0.0000 11.1304
244 156  0.0000  0.0000 11.1304
252 156  0.0000  0.0000 11.1304
260 156  0.0000  0.0000  0.0000
268 156  0.0000  0.0000  0.0000
276 156 -0.5000 -0.5000  4.0635
284 156  0.0000  0.0000  0.0000
292 156  0.0000  0.0000  0.0000
  4 164 -0.2472  0.3577  5.2245
 12 164  0.0000  0.0000  0.0000
 20 164  0.0000  0.0000 11.1304
 28 164  0.0000  0.0000 11.1304
 36 164  0.0000  0.0000 11.1304
 44 164  0.0000  0.0000  0.0000
 52 164  0.0000  0.0000  0.0000
 60 164  0.0000  0.0000  0.0000
 68 164  0.0000  0.0000 19.1045
 76 164  0.0000  0.0000  0.0000
 84 164 -0.5000  0.0000  8.8276
 92 164  0.0000  0.0000 11.1304
100 164 -0.0598  0.5000  7.1412
108 164 -0.2279 -5.6177  3.9069
116 164  0.1856  0.3619  4.3451
124 164 -0.9256 -0.2259 10.8204
132 164  0.0000  0.0000  0.0000
140 164  0.0000 -5.0000 11.1304
148 164 -0.5000  0.0000 11.1304
156 164  0.0000  0.0000 11.1304
164 164  0.0000  0.0000 12.0628
172 164 -0.2780 -0.1270 13.3759
180 164  0.0000  0.0000  8.2581
188 164 -0.5000  0.0000 11.1304
196 164  0.0000  0.0000  0.0000
204 164  0.0000  0.0000  0.0000
212 164  0.0000  0.0000  0.0000
220 164  0.0000  0.0000  0.0000
228 164  0.0000  0.0000  0.0000
236 164  0.0000  0.0000  0.0000
244 164  0.0000  0.0000  0.0000
252 164  0.0000  0.0000  0.0000
260 164  0.0000 -0.5000  8.8276
268 164  0.0000  0.0000 11.1304
276 164  0.0000  0.0000  0.0000
284 164  0.0000  0.0000  0.0000
292 164  0.0000  0.0000  0.0000
  4 172  0.0000  0.0000  0.0000
 12 172  0.0000 -0.5000  8.8276
 20 172  0.0000  0.0000 16.1088
 28 172 -0.5000  0.0448  8.9013
 36 172 -0.3468 -1.0000 10.2045
 44 172  4.5000 -0.5000  4.0635
 52 172  0.0000  0.0000  0.0000
 60 172 -0.5000  0.4845  5.2966
 68 172  0.0000 -0.1063  6.9728
 76 172  0.0000  0.0000 11.1304
 84 172  0.0000  0.0000  0.0000
 92 172  0.0000  0.0000  0.0000
100 172  0.0000  0.0000  0.0000
108 172 -0.5000  0.0000  8.8276
116 172  0.0000  0.0000  0.0000
124 172 -0.1698  2.5000 10.3409
132 172     NaN     NaN  4.0635
140 172  0.0000  0.0000  0.0000
148 172  5.3732 -0.5000  9.6402
156 172  0.0000  0.0000  0.0000
164 172 -0.1960  0.0000 11.1304
172 172  6.1008 -0.5000 12.5039
180 172  1.2593     NaN  8.0000
188 172  0.0000 -0.5000  8.8276
196 172  0.0000  0.0000  0.0000
204 172  0.0000  0.0000  0.0000
212 172  0.0000  0.0000  0.0000
220 172  0.0000  0.0000  0.0000
228 172  0.0000  0.0000  0.0000
236 172 -0.5000 -0.5000  4.0635
244 172  0.0000  0.0000  0.0000
252 172  0.0000  0.0000  0.0000
260 172  0.0000  0.0000  0.0000
268 172  0.0000  0.0000  0.0000
276 172  0.0000  0.0000  0.0000
284 172  0.0000  0.0000  0.0000
292 172  0.5000 -0.5000  4.0635
  4 180 -0.2985  0.2788  4.9231
 12 180  0.0000  2.5000  8.8276
 20 180 -1.5000  0.0000  5.4468
 28 180  0.0000  0.0000  0.0000
 36 180 -0.1174  0.0944 13.2161
 44 180  0.0000  0.0000  0.0000
 52 180  0.0000  0.0000  0.0000
 60 180  0.4025  2.5000  7.3745
 68 180  0.0000  0.0000  0.0000
 76 180  0.0000  0.0000 19.1045
 84 180  0.0000  0.0000  0.0000
 92 180  0.0000  0.0000  0.0000
100 180  0.0000  0.0000  0.0000
108 180  0.0000  0.0000  0.0000
116 180  0.0000  0.0000 11.1304
124 180 -0.1469  0.0000 10.3584
132 180  0.0000  0.0000  0.0000
140 180  0.0000  0.0000  0.0000
148 180  0.0000  0.0000  1.0000
156 180  0.0000  0.0000  0.0000
164 180  0.0000  2.5000  8.8276
172 180 -0.0832  0.3131  9.8462
180 180  0.0000  0.0000 11.1304
188 180  0.1960 -0.5000 11.1304
196 180  0.0000  0.0000  0.0000
204 180  0.0000  2.5000  8.8276
212 180  0.0000  0.0000  0.0000
220 180  0.0000  5.0000 11.1304
228 180  0.0000  0.0000  0.0000
236 180  0.0000  0.0000 11.1304
244 180  0.0000  0.0000  0.0000
252 180  0.0000  0.0000  0.0000
260 180  0.0000  0.0000  0.0000
268 180  0.0000  0.0000  0.0000
276 180  0.0000  0.0000  0.0000
284 180  0.0000  0.0000  0.0000
292 180  0.0000  0.0000  0.0000
  4 188  0.0000  0.0000  0.0000
 12 188  0.0000  0.0000  0.0000
 20 188  0.5000  0.0000  8.8276
 28 188  0.0000  0.0000 16.1088
 36 188  0.0000  0.0000 11.1304
 44 188  0.0000  0.0000  0.0000
 52 188  0.1203     NaN  5.4468
 60 188  0.0000 -4.6289  6.1501
 68 188  0.0000  0.0000 16.1088
 76 188  0.0000  2.5000  8.8276
 84 188  0.0000  0.0000  0.0000
 92 188     NaN  0.1203  5.4468
100 188  0.1313 -0.0812 16.9211
108 188  0.0000  0.0000  0.0000
116 188  0.5000  0.0000 11.1304
124 188  0.0832  0.3131  9.8462
132 188  0.0000  0.0000  0.0000
140 188  0.0000  0.0000  0.0000
148 188  0.0000  0.0000  0.0000
156 188  0.0000  0.0000  0.0000
164 188  0.0000  0.0000 11.1304
172 188  0.0000  0.0000 11.1304
180 188  0.0000  0.0000  0.0000
188 188  0.1760  0.0000 15.0588
196 188  0.0000  0.0000  0.0000
204 188  0.0000  0.0000  0.0000
212 188  0.0000  0.0000  0.0000
220 188  0.0000  0.0000  0.0000
228 188  0.0000  0.0000  0.0000
236 188  0.0000  0.0000  0.0000
244 188  0.0000  5.0000 11.1304
252 188  0.0000  0.0000  0.0000
260 188  0.0000  0.0000  0.0000
268 188  0.0000  0.0000  0.0000
276 188  0.0000  0.0000  0.0000
284 188  0.0000  0.0000  0.0000
292 188  0.0000  0.0000  0.0000
  4 196  0.0000 -0.5000  8.8276
 12 196  0.0000  0.0000 11.1304
 20 196  0.0698  0.2911 10.5124
 28 196 -0.5000  0.0000  8.8276
 36 196  0.0000  0.0000  0.0000
 44 196  0.0000  0.0000  0.0000
 52 196 -2.7790 -0.2633 11.5181
 60 196  4.5000 -0.5000  4.0635
 68 196  0.0000  0.0000 11.1304
 76 196  0.0000  0.0000  0.0000
 84 196  0.0000  0.0000  0.0000
 92 196  0.0000  0.0000  0.0000
100 196  0.0000  0.0000  0.0000
108 196  0.0000  0.0000  0.0000
116 196  0.0000  0.0000  0.0000
124 196  1.5000  0.0000  8.2581
132 196  0.0000  0.0000  8.4768
140 196 -0.5000  0.0000  8.8276
148 196  0.0000  0.0000  0.0000
156 196  0.0000  0.0000  0.0000
164 196  0.0000 -0.5000  8.8276
172 196  0.0000  0.0000 11.1304
180 196  0.0000  0.0000  0.0000
188 196  0.0000  0.0000 11.1304
196 196  0.0000  0.0000 11.1304
204 196  0.0000  0.0000  0.0000
212 196  0.0000  0.0000  0.0000
220 196  0.0000  0.0000  0.0000
228 196  0.0000  0.0000  0.0000
236 196  0.0000  0.0000  0.0000
244 196  0.0000  0.0000  0.0000
252 196  0.0000  0.0000 11.1304
260 196 -0.5000  0.0000  8.8276
268 196  0.0000  0.0000  0.0000
276 196  0.0000  0.0000  0.0000
284 196  0.0000 -0.1063  6.9728
292 196  2.5000  0.0000  8.8276
  4 204  0.0000  0.0000  0.0000
 12 204  4.5000  4.5000  4.0635
 20 204 -0.5000  0.0000  8.8276
 28 204  0.0000  0.0000  0.0000
 36 204  0.0000  0.0000  0.0000
 44 204  0.0000  0.0000  0.0000
 52 204 -0.2927  2.8126 12.1905
 60 204  0.0391  2.5000  9.3822
 68 204  0.0000  0.0000  0.0000
 76 204  0.0000  0.0000  0.0000
 84 204  0.0000  0.0000  0.0000
 92 204  0.0000  0.0000  0.0000
100 204  0.0000  0.0000  0.0000
108 204  0.0000 -0.5000  8.8276
116 204  0.0000  0.0000 19.1045
124 204 -1.0000  0.2638  7.7264
132 204  0.0000  0.0000  0.0000
140 204  0.0000  0.0000  0.0000
148 204  0.0000  4.6564 12.4564
156 204 -0.5000  5.0000  8.8276
164 204 -0.5000  4.5000  4.0635
172 204  0.0000  0.0000 11.1304
180 204  0.0000  0.0000  0.0000
188 204  0.0000  2.5000  8.8276
196 204  0.0000  2.5000  8.8276
204 204  0.0000  0.0000  0.0000
212 204  0.0000  0.0000  0.0000
220 204  0.0000  0.0000  0.0000
228 204  0.0000  0.0000  0.0000
236 204  0.0000  0.0000  0.0000
244 204  0.0000  0.0000 11.1304
252 204  0.0000 -0.5000  8.8276
260 204  0.0000  0.0000  0.0000
268 204  0.0000  0.0000  0.0000
276 204 -4.7893  0.0000 14.0767
284 204  0.0000  0.0000 16.1088
292 204  0.0000  0.0000  0.0000
  4 212  0.0000  0.0000  0.0000
 12 212  0.0000  0.0000  0.0000
 20 212 -1.5000  0.0000  8.2581
 28 212  0.0000  0.0000 11.1304
 36 212  0.0000 -0.5000  8.8276
 44 212  0.0000  0.0000 11.1304
 52 212  2.5000  0.0000  8.8276
 60 212  0.0000  0.0000  0.0000
 68 212  0.0000  0.0000  0.0000
 76 212  0.0000  0.0000  0.0000
 84 212  0.0000  0.0000 11.1304
 92 212  0.3471  3.3031 10.7893
100 212 -0.5000  4.5000  4.0635
108 212  0.0000  0.0000  0.0000
116 212  0.0000  0.0000 19.1045
124 212  0.0000  0.0000  0.0000
132 212 -0.1067 -0.5000  7.8528
140 212  1.5000  2.7367  9.6402
148 212  0.0000  0.0000  0.0000
156 212  0.0000  0.0000  0.0000
164 212 -0.5000 -0.5000  4.0635
172 212  0.0000  0.0000 11.1304
180 212  0.0000  0.0000  0.0000
188 212  0.0000  0.0000  0.0000
196 212  0.0000  0.0000  0.0000
204 212  0.0000  0.0000 11.1304
212 212  0.0000  0.0000  0.0000
220 212  0.0000  0.0000  0.0000
228 212  0.0000  0.0000  0.0000
236 212  0.0000  0.0000  0.0000
244 212  0.0000  0.0000  0.0000
252 212  4.5000     NaN  4.0635
260 212  0.0000  0.0000  0.0000
268 212  0.0000  0.0000  0.0000
276 212 -0.5000  0.0000  8.8276
284 212  0.0000  0.0000  0.0000
292 212  0.0000  0.0000  0.0000
  4 220  0.0000  0.0000  0.0000
 12 220  0.0000  0.0000  0.0000
 20 220  2.5000  0.0000  8.8276
 28 220 -0.1960  0.0000 11.1304
 36 220  0.0000  2.5000  8.8276
 44 220  0.0000  0.0000 11.1304
 52 220  2.5000  0.0000  8.8276
 60 220  0.0000  0.0000  0.0000
 68 220 -0.5000  0.0000  8.8276
 76 220  0.0000  0.0000  0.0000
 84 220  2.5000  0.0000  8.8276
 92 220  0.0000  0.0000 11.1304
100 220  0.0000  0.0000 11.1304
108 220  0.0000  0.0000 11.1304
116 220  0.0000  2.5000  8.8276
124 220  2.5000  0.0000  8.8276
132 220  4.5000  4.5000  4.0635
140 220  0.0000  0.0000  0.0000
148 220  0.0000  0.0000  0.0000
156 220 -1.5000  0.0000  8.2581
164 220  0.0000  0.0000 16.1088
172 220  5.1203     NaN  5.4468
180 220 -0.3468  2.5000 10.2045
188 220 -1.5000  0.0000  8.2581
196 220  0.1180  2.5000  9.2850
204 220  0.0000  2.5000  8.8276
212 220  0.0000  0.0000  0.0000
220 220  0.0000  0.0000  0.0000
228 220  0.0000  0.0000  0.0000
236 220  0.0000  0.0000  0.0000
244 220  0.0000  0.0000  0.0000
252 220  0.0000  0.0000  0.0000
260 220  0.0000  0.0000  0.0000
268 220  1.5000 -1.0000  7.4357
276 220  0.0000  0.0000  0.0000
284 220  0.0000  0.0000  0.0000
292 220  0.0000  0.0000 11.1304
