VARIABLES= "X pix", "Y pix", "U pix/dt", "V pix/dt", "CHC", ZONE I=28, J=37
  4   4  0.0000  0.0000 10.6915
 12   4  0.0000  0.0515 11.4211
 20   4  0.0095  0.0120 10.9244
 28   4  0.0000  0.0000 10.9708
 36   4 -0.0424 -0.0017 11.0132
 44   4  0.0000  0.0000 11.0456
 52   4  0.0000  0.0000 11.0456
 60   4  0.0000  0.0000 11.0456
 68   4  0.0000 -0.0127 11.0049
 76   4  0.0000 -0.0405 11.2747
 84   4  0.0000  0.0000 10.9734
 92   4  0.0033 -0.0026 10.9200
100   4 -0.0443 -0.0146 11.8794
108   4  0.0000  0.0000 11.7754
116   4  0.0000  0.0000 11.0456
124   4  0.0000  0.0000 11.7754
132   4  0.0000  0.0000 11.7754
140   4  0.0000  0.0000 11.7754
148   4  0.0000  0.0279 11.9606
156   4  0.0000  0.0000 11.9483
164   4  0.0000  0.0000 11.1505
172   4  0.0000  0.0432 11.9346
180   4  0.0000  0.0685 11.4140
188   4  0.0609 -0.0116 11.8140
196   4 -0.0361  0.0365 11.4703
204   4 -0.0016  0.0457 10.8897
212   4 -0.0036 -0.0072 11.7759
220   4  0.0080  0.0177 11.7250
228   4  0.0000  0.1527  9.5353
236   4  0.0098 -0.0040 10.9206
244   4  0.0000  0.0000 10.2728
252   4  0.1024 -0.0148 10.9180
260   4 -0.1170 -0.1314 11.5157
268   4  0.0246 -0.0080 10.3653
276   4  0.0000  0.1314 11.8045
284   4  0.0000 -0.0644 13.9176
292   4 -0.0558 -0.0166 12.9815
  4  12  0.2574  0.2842 10.8809
 12  12  0.0829  0.1754 11.3743
 20  12 -2.1028  0.0887  9.2497
 28  12  0.0000  0.0000  9.2086
 36  12  0.2393  0.0511 11.0172
 44  12  0.0000  0.0000 11.1304
 52  12  0.0900  0.1762 15.4683
 60  12 -0.3844  0.0904 14.4991
 68  12  0.1779 -0.4714  7.0459
 76  12 -0.1281 -0.0564 12.0659
 84  12  0.0831  0.1901  9.6783
 92  12 -0.2023  0.3166  7.9759
100  12  0.2866  0.1846  8.1524
108  12  0.0000  0.0239  9.0353
116  12  0.0000 -0.0136  9.9740
124  12  0.0000  0.0000  9.9936
132  12  0.0000  0.0000  9.9936
140  12  0.0000 -0.0089  9.9006
148  12  0.0000  0.0000  9.9936
156  12  0.0000  0.0000  9.9936
164  12  0.0803  0.0091 10.4400
172  12  0.0000  0.0000  9.9936
180  12  0.0000  0.0682 11.1917
188  12 -0.0734 -0.0487 10.4292
196  12  0.0937  0.3807  8.3387
204  12  0.0279  0.3231  9.4063
212  12 -0.0822 -0.0263 13.1730
220  12  0.1556 -0.0451 14.7589
228  12  0.0000  0.2593  8.7521
236  12  0.0000  0.3764  7.3143
244  12  0.0163  0.4126 10.5157
252  12  0.0415  0.2503  7.1197
260  12 -0.0570  0.1498  7.6885
268  12 -0.0000  0.2699  8.9195
276  12  0.0262  0.5668  9.5908
284  12 -0.1076 -0.2266  9.1820
292  12  0.0224  0.7548  8.7379
  4  20 -0.0426 -0.1182 10.4419
 12  20  0.0133  0.0240  9.3769
 20  20  0.0304 -0.0229 10.4984
 28  20  0.0119 -0.1150  9.5045
 36  20  0.0000 -0.1506  9.3475
 44  20 -0.0235 -0.0114  9.2328
 52  20  0.1906  0.0660 12.6929
 60  20 -0.0620  0.0953 13.8255
 68  20  0.0000  0.0715 12.8140
 76  20  0.0000  0.1360 13.9812
 84  20 -0.0075  0.0423 14.4638
 92  20 -0.0600  0.0345 12.2845
100  20  0.2476  0.4123 12.3021
108  20  0.0516  0.1763  9.4636
116  20  0.0000  0.0746 10.8888
124  20  0.0025  0.0739 10.7204
132  20 -0.0343  0.1118 10.0731
140  20  0.0279  0.0350  9.9628
148  20 -0.0288  0.0529  9.9980
156  20 -0.0278  0.0991  9.8086
164  20  0.0982  0.5186 10.9234
172  20  0.0002  0.3922 17.9684
180  20  0.0857  0.0771 11.8160
188  20 -0.0219  0.1092 12.8137
196  20  0.0128  0.0711 13.0743
204  20 -0.0192  0.1227 14.7223
212  20  0.0435  0.1828 14.6137
220  20  0.1755  0.0514 20.5937
228  20  0.1365  0.2749 18.0706
236  20  0.0682  0.2873 16.3153
244  20  0.0342  0.1186 23.7437
252  20  0.0307  0.2482 22.5700
260  20 -0.0319  0.1988 18.4701
268  20 -0.1905  0.2297 11.3947
276  20  0.0155 -0.0588 12.3242
284  20  0.2758 -0.0640  8.8206
292  20 -0.1714 -0.0320  7.2258
  4  28 -0.1348  0.2068 11.8635
 12  28  0.0263  0.3287 11.3326
 20  28 -0.0901  0.1123 12.6857
 28  28 -0.0039  0.0103 11.8112
 36  28  0.0179 -0.0151 12.5325
 44  28  0.0269  0.0301 11.0505
 52  28  0.0084  0.0098 10.7165
 60  28 -0.0227  0.0416 10.9707
 68  28  0.0833  0.0782 10.9714
 76  28 -0.0404  0.0625 10.9019
 84  28 -0.0134  0.0477 10.6344
 92  28 -0.0174  0.0076 10.2318
100  28 -0.0416 -0.0085 11.4148
108  28  0.0391  0.0220 15.4923
116  28  0.0052  0.0911 10.2716
124  28  0.0424  0.0343 10.6739
132  28 -0.0102  0.0422  9.9445
140  28 -0.0161  0.0828 11.0903
148  28  0.0336  0.0867 11.2472
156  28  0.0224  0.5708 19.2228
164  28 -0.0347  0.6818 21.1260
172  28  0.1279  0.5903 14.0897
180  28  0.0386  0.1004 13.6294
188  28  0.0195  0.1215 11.5297
196  28 -0.0048  0.1306 11.9061
204  28  0.0180  0.0850 12.2894
212  28 -0.0002  0.1265 13.1720
220  28 -0.0240  0.1567 13.3649
228  28  0.0230  0.1418 12.1399
236  28  0.0294  0.1202 12.1365
244  28  0.0178  0.1607 12.6721
252  28  0.0172  0.0442 18.3948
260  28 -0.0410  0.0388 22.5940
268  28  0.1159  0.0800 24.7268
276  28  0.0106  0.0342 19.6115
284  28  0.0057  0.1891 18.4621
292  28  0.0037  0.1944 16.3175
  4  36  0.0315 -0.0123  7.5672
 12  36 -0.0111  0.0754  8.5285
 20  36  0.0449  0.0610  7.3172
 28  36 -0.0076 -0.0370  6.9567
 36  36 -0.0083 -0.0668  6.6705
 44  36  0.0178 -0.0318  7.2824
 52  36  0.0086 -0.0310  6.3948
 60  36 -0.0837  0.1847  7.8806
 68  36  0.0399 -0.0663  6.9660
 76  36  0.0400 -0.0446  8.0800
 84  36  0.0000 -0.1269 13.1959
 92  36 -0.0715  0.0416 12.5776
100  36 -0.2160 -0.0637  7.7119
108  36  0.0477  0.1758  8.0585
116  36 -0.0105  0.0221  9.1081
124  36 -0.1010 -0.0771  5.9875
132  36  0.0000  0.0000  0.0000
140  36  0.2984  0.3415 16.8934
148  36 -0.0004  0.0377  5.8697
156  36  0.1465  0.6204 12.6047
164  36  0.0461 -0.0223 16.5154
172  36 -0.0065  0.2799 11.7977
180  36  0.0836  0.3749 11.1254
188  36  0.0923  0.0210  7.5755
196  36 -0.0785 -0.0683 13.1894
204  36 -0.0033  0.1355 11.2402
212  36 -0.1744 -0.3105 10.5348
220  36  0.0000  0.0221 10.7250
228  36 -0.1070  0.0745 14.0818
236  36  0.0757  0.2035 10.9820
244  36 -0.1407 -0.2268  8.2370
252  36  0.0820 -0.0288  7.1508
260  36 -0.0623  0.0074  8.4470
268  36  0.1936 -0.1395  6.4864
276  36  0.0821 -0.3491  6.8333
284  36  0.0326  0.0943  8.7765
292  36  0.0909  0.2856  7.7435
  4  44  0.0000  0.0000 11.1304
 12  44 -0.2907  0.0403 10.5761
 20  44  0.0318 -0.0253 10.8606
 28  44  0.0250 -0.0267 14.6637
 36  44  0.0245  0.0504 15.1898
 44  44  0.0000  0.0000 12.4405
 52  44  0.0958  0.0150 10.1180
 60  44  0.0000  0.0000  9.0038
 68  44 -0.1808  0.0365  7.3143
 76  44  0.3031  0.1389  7.5429
 84  44 -0.0233 -0.7126 12.2635
 92  44  0.0000  2.5000  8.8276
100  44  0.0000  0.0000 11.1304
108  44  0.0000  0.0000  0.0000
116  44  0.0000  0.0000  0.0000
124  44  0.0000  0.0000 11.1304
132  44     NaN  0.0000 17.0667
140  44  0.0000  0.0000  0.0000
148  44  0.0032 -0.0033  5.7628
156  44 -0.0168  0.4731 12.4462
164  44  0.1023  0.4094 11.1645
172  44  0.0111  0.2520 12.9531
180  44 -0.0295  0.3219 11.6550
188  44  0.0680  0.0195  6.1414
196  44 -0.0801  0.7671  6.0343
204  44 -0.1151 -0.1091  7.3418
212  44  0.0130  0.0227  8.9977
220  44  0.0200  0.1518  9.7842
228  44  0.0000  0.0000 11.3866
236  44 -0.0506 -0.1062 11.3716
244  44 -0.0058 -0.0376 14.4964
252  44  0.3570 -0.1110  9.6596
260  44  0.0780 -0.3209 14.1376
268  44  0.0000 -0.0965 14.8099
276  44  0.0000 -0.3042 13.4737
284  44  0.0000 -0.1800  9.9259
292  44 -0.0600 -0.2084 11.7329
  4  52  0.0562  0.0071  8.4212
 12  52  0.0000  0.0000  7.4479
 20  52  0.1288  0.2033  7.1935
 28  52 -0.3771  0.0547 10.3034
 36  52  1.5000  0.0000  8.2581
 44  52  0.0000  0.5000 11.1304
 52  52  0.0000  0.0000  0.0000
 60  52  0.0000  0.0000  0.0000
 68  52  0.0000  0.0000  0.0000
 76  52  0.0000  0.0000 16.1088
 84  52 -0.0391 -0.5000  9.3822
 92  52 -1.5000  0.0000  8.2581
100  52  1.0000  0.0000  9.2850
108  52  0.0000  0.0000  0.0000
116  52  0.0000  0.0000  0.0000
124  52  0.0000  0.0000  0.0000
132  52  0.0000  0.0000 11.1304
140  52  0.0810 -0.0810  6.1608
148  52  0.0097  0.1912  7.5117
156  52  0.0072  0.6607 23.9362
164  52 -0.0759  0.6546 10.4632
172  52  0.0801  0.7003 10.4307
180  52 -0.0075  0.3195 14.1241
188  52 -0.0185 -0.0209  6.2615
196  52  0.0000 -0.5000 11.1304
204  52  0.0000  0.0000 13.3565
212  52 -0.1570  0.1319 10.9139
220  52 -0.0390  0.2169 11.3765
228  52 -0.0185  0.1527 13.3305
236  52  0.1284  0.1539 10.9766
244  52 -0.2357 -0.0124 11.3537
252  52  0.1433 -0.0545 14.8722
260  52  0.0401  0.2571  8.2071
268  52 -0.2720  0.1499 10.1551
276  52 -0.1534 -0.1144 11.6806
284  52  0.0000  0.0000 10.8982
292  52 -0.0047  0.1337 14.0242
  4  60  0.0000  0.0000  0.0000
 12  60  0.0000  0.0000  0.0000
 20  60  0.0000  0.0000  0.0000
 28  60  0.0000  0.0000  0.0000
 36  60  0.0000  0.0000  0.0000
 44  60  0.0000  0.0000  0.0000
 52  60  0.0000  0.0000  0.0000
 60  60  0.0000  0.0000  0.0000
 68  60  0.0000  0.0000  0.0000
 76  60  1.1838 -0.5000  7.5779
 84  60  0.0000  0.0000 11.1304
 92  60  0.0000  0.0000 16.2126
100  60  0.0545  0.1667 12.6601
108  60  0.0000  1.7251  8.5018
116  60 -0.2093  0.0299 13.0089
124  60  0.0000  0.1912 15.5580
132  60  2.5000 -0.1588 10.5785
140  60 -4.5000 -4.0361  8.1769
148  60 -0.0476  0.0191  5.9563
156  60  0.0555 -0.0345  5.6065
164  60  0.0040  0.0299  5.5215
172  60 -0.0866 -0.0059  5.7382
180  60 -0.2220 -0.0364  5.8217
188  60  0.0670  0.7108  5.5682
196  60  0.0000  0.0000  0.0000
204  60  0.0000  0.0000  0.0000
212  60  0.0000  0.0000  0.0000
220  60  0.0000  0.0000  0.0000
228  60  0.0000  0.0000 11.1304
236  60 -0.2768 -0.2011  8.1601
244  60 -0.0337  0.2057 11.4524
252  60  0.0348 -0.1421 10.8349
260  60 -0.1647 -0.1170 12.3203
268  60  0.3786 -0.2421 11.6594
276  60  0.0000  0.2917  6.5641
284  60 -0.1717  0.1134  7.4724
292  60 -0.0345  0.0830 10.3476
  4  68  0.0000  0.0000  0.0000
 12  68  2.5000  0.0000  8.8276
 20  68  0.0000 -0.5000  8.8276
 28  68  0.0000  0.0000  0.0000
 36  68 -0.1063  0.0000  6.9728
 44  68  0.0000  0.0000  0.0000
 52  68  0.0000  0.0000 13.5576
 60  68  0.0000  0.0000  0.0000
 68  68  0.0000  0.0000 17.0667
 76  68  0.0000  0.0000 17.0667
 84  68  0.0356  0.0645  9.8902
 92  68 -0.1649  0.0527 11.8078
100  68 -0.0683 -0.1402 15.7877
108  68  0.0000  0.0000 16.1088
116  68  2.5000  0.1588 10.5785
124  68 -0.5000  0.0000  8.8276
132  68  0.0000  0.0000 11.1304
140  68  0.0000  0.1960 11.1304
148  68  0.0000  0.0000 12.0455
156  68 -0.0110  0.0386  9.9740
164  68  0.0000  0.0000 16.1088
172  68 -0.4043 -0.4043  8.0000
180  68  0.0150 -0.1457  9.8922
188  68  0.0000  0.0000  0.0000
196  68  0.0000  0.0000  0.0000
204  68  0.0000  0.0000  0.0000
212  68  0.0000  0.0000  0.0000
220  68  0.0000  0.0000  0.0000
228  68  0.0000  0.0000  0.0000
236  68  0.0000  0.0000 11.1304
244  68  0.0000  0.0000 16.1088
252  68  0.0000  0.0000 16.1088
260  68  0.0000  0.0000 16.1088
268  68  0.0000  0.0000  9.2086
276  68  0.0845  0.0629 14.7829
284  68 -0.1562 -0.2821  7.0932
292  68  4.5000  4.5000  4.0635
  4  76  1.1838  2.5000  7.5779
 12  76  0.0000  0.0000 17.0667
 20  76  0.0000  0.0000  0.0000
 28  76  0.0000  0.0000  0.0000
 36  76  0.0000  0.0000 16.1088
 44  76  0.0537 -0.0537  8.6167
 52  76 -0.2299 -1.1022  9.9063
 60  76  0.0000  0.0000 11.1304
 68  76 -0.0331  0.0616 15.5635
 76  76 -0.0175  0.5208  8.9225
 84  76  0.0521  0.1204 10.1031
 92  76 -0.3131 -0.2689  7.1614
100  76 -0.0939 -1.0000  8.2108
108  76 -0.3321 -0.1276 10.3409
116  76  2.5000 -0.1588 10.5785
124  76  0.0000  0.0000  0.0000
132  76  0.0000  0.0000  0.0000
140  76  0.0000  0.0000 11.1304
148  76  1.3070  0.0337 12.4709
156  76  0.0000  0.0000 11.1304
164  76 -0.3321  0.1276 10.3409
172  76 -0.5000 -1.3139  8.0397
180  76 -0.3077  0.3305 11.1304
188  76 -0.4043  0.4043  8.0000
196  76  0.0000  0.0000  0.0000
204  76  0.0000  0.0000  0.0000
212  76  0.0000  0.0000  0.0000
220  76  0.0000  0.0000  0.0000
228  76  0.0000  0.0000  0.0000
236  76  0.0000  0.0000 11.1304
244  76  0.0000  0.0000  0.0000
252  76  0.0000  0.0000  0.0000
260  76 -0.4337  0.0578  8.8276
268  76  2.5000  0.0000  8.8276
276  76  0.0000  0.0000 16.1088
284  76 -0.0816  0.0000  8.3478
292  76 -0.0666  0.2385 12.3712
  4  84 -0.5000  0.0696  9.9740
 12  84  0.0000  0.0000 11.1304
 20  84  0.0000  2.5000  8.8276
 28  84  0.0000  0.0000  0.0000
 36  84  2.5000 -0.2847 11.1304
 44  84  2.7826 -2.2571  7.0137
 52  84  0.0749  0.3796  6.1911
 60  84  0.7515  0.3073  9.3882
 68  84 -0.1131  0.5000  9.4815
 76  84 -0.1559  0.0918  8.4187
 84  84  0.2588  0.1795  7.5294
 92  84 -1.1292  0.0991 11.5739
100  84 -0.0258  0.2496 11.9946
108  84  0.0000  0.0000 11.9011
116  84 -0.1146  0.0101 17.4161
124  84 -0.1841 -0.0418 12.3683
132  84  0.0000  0.0000 12.0628
140  84  0.0000  0.0000 11.4015
148  84  0.1739 -0.0059 15.0123
156  84  0.0000  0.0855 10.6035
164  84  1.1838 -0.5000  7.5779
172  84 -0.0913  0.2044 18.7317
180  84  0.0000  0.1960 11.1304
188  84  0.0000  0.0000  0.0000
196  84 -5.0000  0.0000 11.1304
204  84  0.0000  0.0000  0.0000
212  84  0.0000  0.0000  0.0000
220  84 -0.5000  0.0000  8.8276
228  84  0.0000  0.0000  0.0000
236  84  0.0000  0.0000  0.0000
244  84  0.0000  0.0000  0.0000
252  84  0.0000  0.0000  0.0000
260  84  0.0000  0.0000  0.0000
268  84 -0.1313 -0.0812 16.9211
276  84  0.0000  0.0000 11.1304
284  84 -1.5000  0.0000  8.2581
292  84  0.1396  0.1747  6.6321
  4  92  0.0000  0.0000  0.0000
 12  92 -0.2951 -0.3304 10.0932
 20  92 -0.1304  1.5641 10.0870
 28  92 -0.1468  0.7158 12.0903
 36  92  0.0000  0.0000 20.7059
 44  92  0.0194  0.0389 10.0340
 52  92  0.0145  0.8462  7.6910
 60  92  0.2141  0.0341 12.3209
 68  92  0.0000  0.0000 17.0667
 76  92  0.0000 -0.5000 11.1304
 84  92  0.0000  1.5000  5.4468
 92  92  4.5000 -0.4032  6.1440
100  92  0.0000  0.1760 15.0588
108  92  0.0000  0.0387  8.1086
116  92 -0.2459  0.2561 10.4065
124  92  0.0000  0.0000  0.0000
132  92  0.0000  0.0000  0.0000
140  92  0.0218 -0.2266 12.8350
148  92  1.0492 -0.0305 12.6667
156  92  0.0000  0.0000 11.1304
164  92 -0.5000  0.0000  8.8276
172  92  0.0000 -0.5000  8.8276
180  92  0.0000  0.0000  0.0000
188  92  0.0000  0.0000 11.1304
196  92  0.0000  0.0000  0.0000
204  92  0.0000  0.0000  0.0000
212  92  0.0000  0.0000  0.0000
220  92 -4.8566 -0.5000  8.3934
228  92  0.0000  0.0000  0.0000
236  92  0.0000  0.0000  0.0000
244  92  0.0000  0.0000  0.0000
252  92  0.0000  0.0000  0.0000
260  92  0.0000  0.0000  0.0000
268  92  0.0000  0.0000 11.1304
276  92  0.0000  0.0000 11.1304
284  92  0.0000  0.0000 16.1088
292  92  0.0000 -0.5000  8.8276
  4 100  0.0000 -0.5000  8.8276
 12 100  0.0000  0.0000 16.1088
 20 100  0.0000  0.0000 16.1088
 28 100 -0.1151 -0.1151 16.5161
 36 100  0.0000  0.0000 17.0667
 44 100  0.2761  0.0806  9.3746
 52 100  0.0000  0.0000 19.4783
 60 100  0.0000  0.0000  0.0000
 68 100  2.3162  0.1023  9.7439
 76 100  0.0000  0.0000  0.0000
 84 100  0.0000  0.0000  0.0000
 92 100  0.1841 -0.0418 12.3683
100 100  3.5000 -0.1203  5.4468
108 100  0.0000  0.0000 11.1304
116 100 -0.2021 -0.2860 10.7438
124 100  0.0000  1.5000  6.1440
132 100 -0.2970 -0.0080 11.0117
140 100  0.0951  0.0000 12.2969
148 100  0.0000  0.0000  0.0000
156 100  0.0000  0.0000  0.0000
164 100  0.0000  0.0000  0.0000
172 100  0.0000  0.0000  0.0000
180 100  0.0000  0.0000  0.0000
188 100  0.0000  0.0000  0.0000
196 100  0.0000  0.0000  0.0000
204 100  0.0000  0.0000  0.0000
212 100  0.0000  0.0000  0.0000
220 100  0.0000  0.0000  0.0000
228 100  0.0000  0.0000  0.0000
236 100  0.0000 -0.1063  6.9728
244 100  0.0000  0.0000  5.4468
252 100  2.0000 -0.1278  6.2186
260 100  0.0000  0.5000  7.8528
268 100  0.3147  0.7765  7.7576
276 100 -0.1174  4.1710 14.6131
284 100  2.5000  0.0000  8.8276
292 100  0.0000  2.5000  8.8276
  4 108 -0.2497  0.0494 11.3219
 12 108  0.0000  0.1556 12.2969
 20 108  0.1910  1.0000  8.6177
 28 108 -1.1761  1.6671  7.5124
 36 108 -0.1028 -0.1893  9.9683
 44 108 -0.5000 -0.1588 10.5785
 52 108  0.0000 -0.1960 11.1304
 60 108  0.0000  0.0000 11.0903
 68 108  0.0000  2.5000  8.8276
 76 108 -4.7845  3.5000 10.9462
 84 108 -0.0582 -0.0292 15.7491
 92 108  0.0000  0.0000 16.1088
100 108  0.0000  0.0000 11.1304
108 108 -0.5000  0.0000  8.8276
116 108 -1.0575  0.1618  7.5801
124 108  0.0296  0.2118 15.4752
132 108  2.5000 -0.5000  4.0635
140 108  0.0000  0.0000 16.1088
148 108  0.0000  0.0000  0.0000
156 108 -0.0755 -0.0653 11.8819
164 108  0.0000  0.0000 11.1304
172 108  0.0000  0.0000 11.1304
180 108  0.0000  0.0000  0.0000
188 108  0.0000  0.0000  0.0000
196 108  0.0000  0.0000  0.0000
204 108  0.0000  0.0000  0.0000
212 108  0.0000  0.0000  0.0000
220 108  0.0000  0.0000 11.1304
228 108  0.0000  0.0000  0.0000
236 108  0.0000  0.0000  0.0000
244 108  0.0000  0.0000  0.0000
252 108 -2.1051  0.0217  8.1346
260 108  0.0000  0.0000  0.0000
268 108  0.0000  0.0000  0.0000
276 108  0.0000  0.0000 11.1304
284 108  0.0000  0.0000  0.0000
292 108  0.0000 -0.5000  8.8276
  4 116 -1.3070 -0.0337 12.4709
 12 116 -0.2161  0.0188  7.5740
 20 116  0.0215  0.0721 12.1075
 28 116  0.0246  0.2160 12.2365
 36 116  0.1809  1.5000 10.9757
 44 116 -0.2928  2.7845  6.4573
 52 116  1.5000  3.1110  8.4253
 60 116  0.0000  0.0000 11.1304
 68 116 -0.5000  0.0000  8.8276
 76 116 -0.2040 -0.2125 17.5878
 84 116  0.0561  0.2765  9.5419
 92 116  0.0000  0.0000  0.0000
100 116  0.0000  0.0000  0.0000
108 116  0.0000  0.0000 11.1304
116 116  0.0000  0.0000 11.1304
124 116  0.0000  2.5000  8.8276
132 116  0.0000  0.0000  0.0000
140 116 -0.0418  0.1521 12.6567
148 116  0.0000  0.0000 11.1304
156 116  0.7067 -4.5000  8.0000
164 116  0.0000  0.0000  0.0000
172 116 -0.5000  4.5000  4.0635
180 116  0.0000  0.0000 11.1304
188 116  0.0000  0.0000  0.0000
196 116  0.0000  0.0000  0.0000
204 116  4.5000 -0.5000  4.0635
212 116 -1.5000  0.0000  8.2581
220 116  0.0000  0.0000  0.0000
228 116  0.0000  0.0000 16.1088
236 116  0.0000  0.0000  0.0000
244 116  0.0000  0.0000 11.1304
252 116  0.0000  0.0000  0.0000
260 116  0.2271  2.5000  9.5143
268 116  0.0000  0.0000  0.0000
276 116  0.0000  0.0000 11.1304
284 116  0.0000  0.0000  0.0000
292 116  0.0377  2.3850 12.5315
  4 124  0.0000 -0.1960 11.1304
 12 124  0.0000  0.0000 15.4882
 20 124  0.0000  0.0000  0.0000
 28 124  0.0000  0.0000  0.0000
 36 124  0.0000  0.0000 11.1304
 44 124 -0.1960  0.0000 11.1304
 52 124  0.0000 -0.1063  6.9728
 60 124 -1.5000  0.0000  8.2581
 68 124 -0.3309  0.0637  7.1846
 76 124 -0.1138  0.1378 11.4627
 84 124  2.8274 -0.3035  7.6077
 92 124 -1.5000  0.0000  8.2581
100 124  0.0000  0.0000 11.1304
108 124  2.5000  0.0000  8.8276
116 124  0.0000  0.0000  0.0000
124 124  0.0000  0.0000 16.1088
132 124  3.5000 -0.0944  8.7605
140 124  4.5000  2.5000  4.0635
148 124  0.0000  0.0000 11.1304
156 124 -1.5000  2.5000  7.4357
164 124  0.0000  0.0000  0.0000
172 124  0.0000  0.0000 11.1304
180 124  0.0000  0.0000  0.0000
188 124  0.0000  0.0000  0.0000
196 124     NaN     NaN  5.4468
204 124  0.1960 -0.5000 11.1304
212 124 -0.5000  4.5000  4.0635
220 124  0.0000  0.0000  0.0000
228 124  0.0000  0.0000  0.0000
236 124 -0.0360 -0.1854 12.6331
244 124  0.0000  0.0000  0.0000
252 124  0.0000  0.0000  0.0000
260 124  0.0000  0.0000 11.1304
268 124  0.0000  0.0000  0.0000
276 124  0.0000  0.0000  0.0000
284 124  0.0000  0.0000 11.1304
292 124 -0.5000  0.0000 11.1304
  4 132  0.0000 -1.5000  7.8528
 12 132  2.5000  0.1588 10.5785
 20 132  0.0000  0.0000  0.0000
 28 132  0.0000  0.0000 11.1304
 36 132  0.0000  0.0000 16.1088
 44 132 -1.5000  2.5000  8.2581
 52 132  0.0000  0.0000  0.0000
 60 132  0.0000  0.0000  0.0000
 68 132  0.0000  0.0000 16.1088
 76 132  0.0000  2.5000 12.0628
 84 132  0.0000  0.0000  0.0000
 92 132 -1.5000  0.0000  8.2581
100 132  0.0000  0.0000 11.1304
108 132  0.0000  0.0000  0.0000
116 132  0.0000 -0.5000  8.8276
124 132  0.0000  0.0000  0.0000
132 132  0.0000  0.0000  0.0000
140 132  0.0000 -6.5000 15.0588
148 132  0.0000 -0.5000  8.8276
156 132 -0.7851 -0.3255  7.9689
164 132  0.0000  0.0000  0.0000
172 132  0.0000  0.0000  0.0000
180 132  2.5000  0.0000  8.8276
188 132 -0.1841  0.0418 12.3683
196 132  0.0000  0.0247 10.2884
204 132  0.1180 -0.5000  9.2850
212 132  0.0000  0.0000 11.1304
220 132  0.0000  0.0000 11.1304
228 132  0.0000  0.0000  0.0000
236 132  0.0000  0.0000  0.0000
244 132  2.5000  1.5000  7.0012
252 132  0.0000  0.0000 11.1304
260 132  0.0000  0.0000  8.0688
268 132  0.0000  0.0000  0.0000
276 132  0.0000  0.0000  0.0000
284 132  0.0000  0.0000 16.1088
292 132  0.1841  0.0418 12.3683
  4 140  0.0277 -0.0681 16.4366
 12 140 -0.5000  0.0000  8.8276
 20 140  0.0000  0.0000 16.1088
 28 140  0.0000  0.0000  0.0000
 36 140  0.0000  0.0000  0.0000
 44 140 -4.8610 -0.0535  6.3054
 52 140 -1.1838 -0.5000  7.5779
 60 140  0.0000  0.0000  0.0000
 68 140  0.0000  0.0000 16.1088
 76 140  0.0000  0.0000  0.0000
 84 140  0.0000  0.0000  0.0000
 92 140  0.0000 -0.5000  8.8276
100 140  0.0000  0.0000  0.0000
108 140  0.0000  0.0000  0.0000
116 140  0.0000  0.0000  0.0000
124 140  0.0000  0.0000  0.0000
132 140 -0.0832 -0.3131  9.8462
140 140  0.0000  0.0000  0.0000
148 140  0.0000  0.0000  0.0000
156 140  0.0610 -0.5000  7.7665
164 140  0.0000  0.0000  0.0000
172 140  0.0000  0.0000  0.0000
180 140  0.0000  0.0000 11.1304
188 140  0.2780 -0.1270 13.3759
196 140  0.0000  0.0000  8.4768
204 140     NaN -0.0836  9.2702
212 140  0.0000  0.0000  0.0000
220 140  0.0000  0.0000  0.0000
228 140  0.0000  0.0000  0.0000
236 140  0.0000  0.0000  0.0000
244 140  0.0000  0.0000 11.1304
252 140  0.0000  0.0000 11.1304
260 140  0.0000  0.0000  0.0000
268 140  0.0000  0.0000 11.1304
276 140 -5.1960  2.5000 11.1304
284 140  0.0000  0.0000  0.0000
292 140  0.0000 -0.5000  8.8276
  4 148  0.1824 -1.6838  7.3143
 12 148  0.0000  0.0000  0.0000
 20 148  0.0000  2.5000  8.8276
 28 148  0.0000  0.0000  0.0000
 36 148  0.0000  0.0000  0.0000
 44 148  0.0000  0.0000  0.0000
 52 148  0.0000  0.0000  0.0000
 60 148  0.0000  0.0000 16.1088
 68 148  0.0000  0.0000  0.0000
 76 148  0.0000  0.0000 16.1088
 84 148  0.0000  0.0000  0.0000
 92 148  0.0000  0.0000  0.0000
100 148  0.0000  0.0000 11.1304
108 148  0.0000  0.0000  0.0000
116 148  0.0000  0.0000 11.1304
124 148  0.0000  0.0000  0.0000
132 148 -0.0698  0.2911 10.5124
140 148  0.0000  0.0000  0.0000
148 148  0.0000  0.0000  0.0000
156 148  0.3941  2.5000  7.7939
164 148  4.5000  4.5000  4.0635
172 148  0.0000  0.0000  0.0000
180 148 -0.1399  0.0593  7.3827
188 148  0.0000  0.0000 11.1304
196 148  0.0000  0.0000  0.0000
204 148  0.0000  0.0000  0.0000
212 148  0.0000  0.0000  0.0000
220 148  0.0000  0.0000  8.4768
228 148  0.0000  0.0000  0.0000
236 148  0.0000  0.0000  0.0000
244 148  0.0000  0.0000  0.0000
252 148  0.0000  0.0000  0.0000
260 148  0.0000  0.0000  0.0000
268 148  0.0000  0.0000  0.0000
276 148  0.0000  0.0000  0.0000
284 148  5.0000  2.5000  8.8276
292 148 -0.5000  4.5000  4.0635
  4 156  0.0000  0.0000  0.0000
 12 156  0.0000  0.0000  0.0000
 20 156  0.0000  0.0000 11.1304
 28 156  0.0000  0.0000  0.0000
 36 156  0.1272 -0.5000  7.3827
 44 156  0.0000 -0.5000  8.8276
 52 156  0.0000  0.0000  0.0000
 60 156  0.0000  0.0000  0.0000
 68 156  0.0000  0.0000  0.0000
 76 156  0.1174 -4.1710 14.6131
 84 156  0.0000 -0.5000  8.8276
 92 156  0.0000  0.0000  0.0000
100 156  0.0000  0.0000 11.1304
108 156  0.0000  0.0000  0.0000
116 156  0.0000  0.0000 16.1088
124 156  0.0000  0.0000  0.0000
132 156 -1.5000  0.0000  8.2581
140 156  0.0000  0.0000  0.0000
148 156  2.5000  0.0391  9.3822
156 156 -5.1960 -0.5000 11.1304
164 156  0.0000  0.0000 11.1304
172 156  0.0000  0.0000  0.0000
180 156  0.0000  0.0000 12.0628
188 156  0.0000  0.0000 11.1304
196 156  0.0000  0.0000  0.0000
204 156  0.0000  0.0000  0.0000
212 156  0.0000  0.0000 16.1088
220 156 -0.5000  4.5000  4.0635
228 156  0.0000  0.0000  0.0000
236 156  0.0000  0.0000 11.1304
244 156  0.0000  0.0000  0.0000
252 156  0.0000  0.0000  0.0000
260 156  0.0000  0.0000  0.0000
268 156  0.0000  0.0000  0.0000
276 156  0.0000  0.0000  0.0000
284 156  0.0000  0.0000  0.0000
292 156  0.0000  0.0000  0.0000
  4 164  0.0000  0.0000  0.0000
 12 164  0.0000  0.0000  0.0000
 20 164  0.0000  0.0000 11.1304
 28 164 -0.2780  0.1270 13.3759
 36 164 -0.1867  2.5000  6.4178
 44 164  0.0000  0.0000  0.0000
 52 164  0.0000  0.0000  0.0000
 60 164  0.0000  0.0000  0.0000
 68 164 -0.3577  0.0000 13.4737
 76 164 -0.1063  0.0000  6.9728
 84 164 -0.0226 -0.2586 17.1257
 92 164  0.0000  0.0000  0.0000
100 164 -0.0932  0.3937  5.5329
108 164  0.1610  0.2474  3.8911
116 164 -0.1792 -3.7059  3.8539
124 164  0.0000  0.0000  0.0000
132 164  0.3127 -0.1061  9.8739
140 164  0.0000  0.0000  0.0000
148 164 -0.5000 -0.5000  4.0635
156 164  0.0000  0.0000  0.0000
164 164 -0.2587 -0.1868 11.1614
172 164  0.0000  0.0000  0.0000
180 164 -1.0000  0.0000  9.2850
188 164  0.5000  0.0000 11.1304
196 164  0.0000  0.0000  0.0000
204 164  0.0000  0.0000  0.0000
212 164  0.0000  0.0000  0.0000
220 164  2.5000  0.0000  8.8276
228 164  0.0000  0.0000  0.0000
236 164  0.0000  0.0000  0.0000
244 164  0.0000  0.0000  0.0000
252 164  0.0000  0.0000  0.0000
260 164  0.0000  0.0000  0.0000
268 164  0.0000  0.0000  0.0000
276 164  0.0000  0.0000  0.0000
284 164  0.0000  0.0000  0.0000
292 164  0.0000  0.0000  0.0000
  4 172  0.0000  0.0000  0.0000
 12 172  0.0000  0.0000 11.1304
 20 172  0.0000  0.0000 11.1304
 28 172  4.8566 -0.5000  8.3934
 36 172  0.0000  2.5000  8.8276
 44 172 -0.1960 -0.5000 11.1304
 52 172  0.0000  0.0000  0.0000
 60 172  0.0000  0.0000  0.0000
 68 172  0.0000  0.0000  8.2581
 76 172  0.0000 -0.5000  8.8276
 84 172  0.0000  0.0000  0.0000
 92 172  0.0000  2.5000  8.8276
100 172  0.3342  0.0233  8.2824
108 172 -0.3577 -0.2385  7.6572
116 172 -0.3218  2.9465  5.5105
124 172  0.0000  0.0000  0.0000
132 172  0.0000  0.0000  0.0000
140 172  0.0000  0.0000  0.0000
148 172  0.0000  0.0000  0.0000
156 172  0.0000  0.0000  0.0000
164 172 -0.0698 -0.2911 10.5124
172 172  0.0000  0.0000  0.0000
180 172  0.0000  0.0000  8.2581
188 172  0.0000 -0.5000  8.8276
196 172  0.0000  0.0000  0.0000
204 172  0.0000  0.0000  0.0000
212 172  0.0000  0.0000  0.0000
220 172  0.0000  0.0000  0.0000
228 172  0.0000  0.0000  0.0000
236 172  0.0000  0.0000  0.0000
244 172  0.0000  0.0000  0.0000
252 172  0.0000  0.0000  0.0000
260 172  0.0000  0.0000  0.0000
268 172  2.5000  0.0000  8.8276
276 172  0.0000  0.0000 11.1304
284 172  0.0000  0.0000  0.0000
292 172  0.0000  0.0000  0.0000
  4 180  0.1841 -0.0418 12.3683
 12 180  0.0000  0.0000 16.1088
 20 180 -0.1276  0.3321 10.3409
 28 180  0.0000  0.0000  0.0000
 36 180  0.0418 -0.1521 12.6567
 44 180 -2.7620 -2.5000  9.9740
 52 180  0.0000  0.0000  0.0000
 60 180  0.0000  0.0000 16.1088
 68 180 -1.0000  2.5000  8.5333
 76 180  0.0000  0.0000  0.0000
 84 180  0.0000  0.0000  0.0000
 92 180  0.0000  0.0000  0.0000
100 180 -0.5000  0.0000  8.8276
108 180  0.0000  0.0000  0.0000
116 180  0.0000  0.0000  0.0000
124 180  0.0519  1.5000  9.3255
132 180  4.5000  4.5000  4.0635
140 180  4.5000  4.5000  4.0635
148 180  0.0000  0.0000  0.0000
156 180  0.0000  0.0000  0.0000
164 180  0.0000  0.0000 11.1304
172 180     NaN -0.3157  9.7360
180 180  0.0000  0.0000  0.0000
188 180  0.0000  2.5000  8.8276
196 180  0.0000  0.0000  0.0000
204 180 -0.5000 -0.5000  4.0635
212 180  0.0000  0.0000  0.0000
220 180  0.0000  0.0000  0.0000
228 180  0.0000  0.0000  0.0000
236 180 -0.5000 -0.5000  4.0635
244 180  0.0000  0.0000  0.0000
252 180  0.0000  0.0000  0.0000
260 180  0.0000  0.0000  0.0000
268 180  0.0000  0.0000  0.0000
276 180  0.0000  0.0000  0.0000
284 180  0.0000  0.0000  0.0000
292 180 -0.5000  4.5000  4.0635
  4 188  0.0000  2.5000  8.8276
 12 188 -1.5000  0.0000  8.2581
 20 188  0.0000  0.0000  0.0000
 28 188  0.0000  0.0000 16.1088
 36 188 -0.0418  0.1521 12.6567
 44 188  0.0000  0.0000  0.0000
 52 188  0.0000  0.0000  0.0000
 60 188  1.5000 -0.5000  4.0635
 68 188  0.1834 -0.0484 13.7039
 76 188  0.0000  0.0000  0.0000
 84 188  0.0000  0.0000  0.0000
 92 188  0.0000  0.0000  0.0000
100 188     NaN  0.2391  8.2581
108 188  0.0000  0.0000  0.0000
116 188  0.0000  0.0000  0.0000
124 188 -0.6907 -0.2991  8.0688
132 188  0.0000  0.0000  0.0000
140 188  0.0000  0.0000  0.0000
148 188  0.0000  0.0000  0.0000
156 188  0.0000  0.0000  0.0000
164 188  0.0000  0.0000 11.1304
172 188  0.0000  0.0000 11.1304
180 188  0.0000  0.0000  0.0000
188 188 -0.0698 -0.2911 10.5124
196 188  0.0000  0.0000  0.0000
204 188  0.0000  0.0000  0.0000
212 188  0.0000  0.0000  0.0000
220 188  0.0000  0.0000  0.0000
228 188  0.0000  0.0000  0.0000
236 188  0.0000  0.0000  0.0000
244 188  0.0000  0.0000  0.0000
252 188  0.0000  0.0000 11.1304
260 188  0.0000  0.0000  0.0000
268 188  0.0000  0.0000  0.0000
276 188  0.0000  0.0000  0.0000
284 188  0.0000  0.0000  0.0000
292 188  0.0000  0.0000  0.0000
  4 196  0.0000 -0.5000  8.8276
 12 196  0.0000  0.0000  0.0000
 20 196 -0.2271  2.5000  9.5143
 28 196  0.0000  0.0000  0.0000
 36 196  4.5000  4.5000  4.0635
 44 196  0.0000  0.0000  0.0000
 52 196  3.2304  0.0000 17.0667
 60 196 -0.5000 -0.1588 10.5785
 68 196 -0.5000  2.5000  8.4476
 76 196  0.0000  0.0000  0.0000
 84 196  0.0000  0.0000  0.0000
 92 196  0.0000  0.0000 11.1304
100 196  0.1960  2.5000 11.1304
108 196  0.0000  0.0000  0.0000
116 196  0.0000  0.0000  0.0000
124 196  0.0000  0.0000  8.2581
132 196  0.0000  0.0000  0.0000
140 196  0.0000  0.0000  0.0000
148 196  0.0000  0.0000  0.0000
156 196  0.0000  0.0000  0.0000
164 196  0.0000  0.0000 11.1304
172 196  0.0000  0.0000 11.1304
180 196  0.0000  0.0000  0.0000
188 196  0.0000  0.0000 11.1304
196 196  0.0000  0.0000 11.1304
204 196  0.0000  0.0000  0.0000
212 196  0.0000  0.0000  0.0000
220 196  0.0000  0.0000  0.0000
228 196  0.0000  0.0000  0.0000
236 196  0.0000  0.0000  0.0000
244 196  0.0000  0.0000  0.0000
252 196  0.0000  0.0000 11.1304
260 196  0.0000  0.0000  0.0000
268 196  0.0000  0.0000  0.0000
276 196  0.0000  0.0000  0.0000
284 196 -0.3696 -0.2945  8.0000
292 196  0.1151 -0.1151 16.5161
  4 204  0.0000  0.0000  0.0000
 12 204  0.0000  0.0000 11.1304
 20 204  0.0000  0.0000  9.2850
 28 204  0.0000  0.0000 11.1304
 36 204  0.0000  0.0000  0.0000
 44 204  0.0000  0.0000  0.0000
 52 204  0.0000  0.0000  0.0000
 60 204  0.0000  0.0000  0.0000
 68 204  0.0000  0.0000  0.0000
 76 204  0.0000  0.0000  0.0000
 84 204  0.0000  0.0000  0.0000
 92 204  2.5000  0.0000 11.1304
100 204  2.7658 -0.0594  7.9175
108 204  0.2161  0.0000  9.9740
116 204  0.0000  0.0000  0.0000
124 204  1.0000 -0.2638  7.7264
132 204  0.0000  0.0000  0.0000
140 204  0.0000  0.0000  0.0000
148 204  2.5000 -5.0000  8.8276
156 204  0.0000  0.0000  0.0000
164 204  0.0000  0.0000 11.1304
172 204  0.0000  0.0000 11.1304
180 204  0.0000  0.0000  0.0000
188 204  0.0000  0.0000 16.1088
196 204  0.0000  0.0000 16.1088
204 204  0.0000  0.0000  0.0000
212 204  0.0000  0.0000  0.0000
220 204  0.0000  0.0000  0.0000
228 204  0.0000  0.0000  0.0000
236 204  0.0000  0.0000  0.0000
244 204  0.0000  0.0000  0.0000
252 204  0.0000  0.0000 11.1304
260 204  0.0000  2.5000  8.8276
268 204  0.0000  0.0000  0.0000
276 204  0.0000  0.0000 16.1088
284 204  0.0000  0.0000  0.0000
292 204  0.0000  0.0000  0.0000
  4 212  0.0000  0.0000  0.0000
 12 212  0.0000  0.0000 11.1304
 20 212  1.5000  0.0000  8.2581
 28 212  0.0000  0.0000 11.1304
 36 212  0.0000  0.0000 11.1304
 44 212  0.0000  0.0000  0.0000
 52 212  0.0000  0.0000 11.1304
 60 212  0.0000  0.0000  0.0000
 68 212  0.0000  0.0000  0.0000
 76 212  0.0000  0.0000  0.0000
 84 212  0.0000  0.0000  0.0000
 92 212  0.0000  0.0000  1.0000
100 212  4.8566 -0.5000  8.3934
108 212  0.0000 -0.5000  8.8276
116 212 -0.1814  0.2975 15.2322
124 212 -1.1447  3.8943  8.7294
132 212  0.0000  0.0000  0.0000
140 212  0.0000  0.0000  0.0000
148 212  0.0000  0.0000  0.0000
156 212  0.0000  0.0000  0.0000
164 212 -0.5000  0.0000 11.1304
172 212  0.1960  0.0000 11.1304
180 212     NaN  0.3157  9.7360
188 212  0.0000  0.0000  0.0000
196 212  0.0000  0.0000 16.1088
204 212  0.0000  0.0000 11.1304
212 212  0.0000  0.0000  0.0000
220 212  0.0000  0.0000  0.0000
228 212  0.0000  0.0000  0.0000
236 212  0.0000  0.0000  0.0000
244 212  0.0000  0.0000  0.0000
252 212  0.0000  2.5000  8.8276
260 212  0.0000  0.0000  0.0000
268 212 -0.5000 -0.1588 10.5785
276 212  2.5000  0.0000  8.8276
284 212  0.0000  0.0000  0.0000
292 212  0.0000  0.0000  0.0000
  4 220  0.0000  0.0000  0.0000
 12 220  0.0000  0.0000  0.0000
 20 220  0.0000  2.5000  8.8276
 28 220  0.0000  0.0000 11.1304
 36 220 -1.5000  0.0000  8.2581
 44 220  0.0000  0.0000  0.0000
 52 220  0.0000  0.0000  0.0000
 60 220  0.0000  0.0000  0.0000
 68 220  0.0000  0.0000  0.0000
 76 220  0.0000  0.0000  0.0000
 84 220  0.0000  0.0000  0.0000
 92 220  0.0000  0.0000  0.0000
100 220  0.0000  0.0000  0.0000
108 220  0.0000  0.0000  0.0000
116 220  0.1960 -0.5000 11.1304
124 220 -0.0418  0.1521 12.6567
132 220  0.0000  0.0000  0.0000
140 220  0.0000  0.0000  0.0000
148 220  0.0000  0.0000  0.0000
156 220 -0.1050  2.5000  6.8903
164 220 -0.2780  0.1270 13.3759
172 220  0.0825  0.0825  9.2850
180 220     NaN     NaN  9.4233
188 220  0.0000  0.0000  0.0000
196 220  0.0000 -0.5000  8.8276
204 220  0.0000  0.0000  0.0000
212 220  0.0000  0.0000 11.1304
220 220  0.0000  0.0000  0.0000
228 220  0.0000  0.0000  0.0000
236 220  0.0000  0.0000  0.0000
244 220  0.0000  0.0000  0.0000
252 220  0.0000  0.0000 11.1304
260 220  0.0000  2.5000  8.8276
268 220  0.0000  0.0000  0.0000
276 220  0.0000  0.0000  0.0000
284 220  0.0000  0.0000  0.0000
292 220  0.0000  0.0000  0.0000
