VARIABLES= "X pix", "Y pix", "U pix/dt", "V pix/dt", "CHC", ZONE I=28, J=37
  4   4 -0.0866  0.0000 10.6915
 12   4  0.0508  0.0000 11.9577
 20   4  0.0952  0.0000 10.9708
 28   4  0.0000  0.0523 10.4171
 36   4 -0.0474  0.0000 10.9551
 44   4  0.0000  0.0145 11.0935
 52   4  0.0000  0.0003 11.1565
 60   4 -0.0044  0.0075 11.0220
 68   4  0.0176  0.0000 10.9708
 76   4 -0.0340 -0.0137 10.8875
 84   4  0.0000  0.0094 11.7732
 92   4  0.0167 -0.0068 10.9172
100   4 -0.0030 -0.0048 12.4486
108   4  0.0000 -0.0181 11.3868
116   4  0.0089 -0.0053 11.9041
124   4  0.0000 -0.0091 11.4241
132   4 -0.0088 -0.0282 11.4284
140   4 -0.0088 -0.0107 11.8189
148   4 -0.0093  0.0062 11.4364
156   4 -0.0398  0.0020 11.9256
164   4  0.0306 -0.0166 11.8489
172   4  0.0000 -0.0613 11.4140
180   4  0.0491  0.0000 11.7754
188   4  0.0039  0.0135 11.8360
196   4 -0.0054  0.0053 11.8031
204   4  0.0401 -0.0113 11.8269
212   4  0.0414  0.0364 12.3302
220   4 -0.0446  0.0063 11.8752
228   4 -0.0473  0.0834  9.5132
236   4 -0.0027  0.0052 10.2496
244   4  0.0888  0.0198 10.1373
252   4  0.0288  0.0176 10.7513
260   4 -0.0608 -0.0170 10.7122
268   4  0.0401  0.1018 10.9115
276   4 -0.0035  0.0818 13.2190
284   4 -0.0164  0.0358 12.5614
292   4  0.0162  0.1169 12.4758
  4  12 -0.2637 -0.1843 12.0363
 12  12  0.1623 -0.5809 10.3666
 20  12 -0.2449  0.0699  6.6487
 28  12 -0.2205  0.0497 12.9516
 36  12 -0.2895 -0.0939 10.4490
 44  12 -0.1749  0.5850  6.4366
 52  12  0.0398 -0.2545 27.2975
 60  12 -0.1278  0.0018 12.5880
 68  12  0.0306 -0.1238 16.1319
 76  12  0.2057 -0.0958 10.2966
 84  12 -0.0970  0.0045  9.4101
 92  12 -0.0606 -0.0135  7.7261
100  12 -0.1141 -0.2131  8.6159
108  12  0.0877 -0.2122  8.3950
116  12  0.1119 -0.0687 10.8705
124  12  0.0361 -0.0155 11.1381
132  12  0.0053 -0.0038 11.1368
140  12 -0.0594  0.0026 11.3501
148  12  0.0000 -0.0337 10.5065
156  12  0.0848 -0.0016 11.2658
164  12 -0.1495 -0.0268 11.8880
172  12  0.0000 -0.0202  9.1606
180  12 -0.2695 -0.0117 10.3806
188  12 -0.0752 -0.4439  8.6795
196  12 -0.0419 -0.3627 10.4880
204  12  0.0764 -0.2653 10.4421
212  12 -0.1535 -0.1576 12.6221
220  12  0.0679  0.0253 13.4976
228  12  0.0000 -0.2998 10.8291
236  12  0.0932  0.2528  9.6291
244  12 -0.1692 -0.2437 10.1508
252  12  0.2672 -0.5989  8.4330
260  12 -0.0746 -0.4648 10.4341
268  12  0.0116  0.1497 10.9100
276  12 -0.1804 -0.1764  9.4053
284  12 -0.1703 -0.4851  7.2997
292  12 -0.0075 -0.7887  8.6303
  4  20  0.0340  0.0355 13.5481
 12  20 -0.0000  0.0083 13.9864
 20  20 -0.0839 -0.1282 12.4746
 28  20 -0.0568 -0.0557 11.6975
 36  20  0.0000 -0.0832 10.9169
 44  20  0.0000  0.0998 10.4172
 52  20 -0.0924 -0.0005 10.5688
 60  20 -0.0419 -0.0163 14.1928
 68  20  0.0385  0.0159 13.9116
 76  20 -0.0708  0.1228 11.9464
 84  20  0.0682  0.0669 12.4021
 92  20 -0.0584 -0.0391  9.0590
100  20  0.0020 -0.1995 12.5136
108  20 -0.0576 -0.0744 12.7062
116  20  0.0632  0.0086 14.9828
124  20 -0.0491 -0.0307 14.7005
132  20 -0.0216 -0.0251 14.1343
140  20 -0.0115 -0.0322 14.3311
148  20 -0.0236 -0.0269 13.5621
156  20  0.0018 -0.0146 13.2220
164  20  0.1176 -0.4121 11.6617
172  20  0.0628 -0.3180 19.1675
180  20 -0.0543 -0.0576 16.0326
188  20  0.0226 -0.0818 17.3378
196  20 -0.0265  0.0113 19.0882
204  20 -0.0316 -0.1495 22.7426
212  20  0.7334 -0.0278 21.3768
220  20 -0.1924 -0.0256 10.6144
228  20  0.1900  0.0396  6.7202
236  20  0.1123  0.0000  9.9603
244  20 -0.0876 -0.4327 16.1815
252  20 -0.0909 -0.0093  9.3951
260  20  0.0000 -0.5514  7.5612
268  20 -0.3637 -0.1013 10.1432
276  20 -0.1025 -0.0091 17.6959
284  20 -0.0971  0.0504 14.1660
292  20  0.1428  0.0258 14.3961
  4  28 -0.0337 -0.0175  9.2706
 12  28 -0.0480 -0.2468 10.1551
 20  28  0.0200  0.0370 11.4103
 28  28  0.0058  0.0058 10.5730
 36  28 -0.0154 -0.0119 10.5637
 44  28  0.0033  0.0057 10.2276
 52  28 -0.0282  0.0233 10.3953
 60  28 -0.0144 -0.0129  9.7956
 68  28 -0.0326 -0.0219 10.5407
 76  28 -0.0064 -0.0258 10.1717
 84  28 -0.0016 -0.0292  9.5858
 92  28 -0.0371 -0.0172  9.2923
100  28  0.0003  0.0079 12.6238
108  28 -0.0423 -0.0721 13.1365
116  28  0.0040 -0.0397  8.6602
124  28 -0.0213 -0.0127  9.3894
132  28  0.0032 -0.0753  8.3424
140  28  0.0550 -0.0413  8.9096
148  28  0.0082 -0.0260  9.2914
156  28  0.0372 -0.2456 16.6735
164  28 -0.0106 -0.2681 14.6541
172  28  0.0274 -0.4302 20.7928
180  28 -0.0188 -0.5302 17.5747
188  28  0.0982 -0.1037 10.5710
196  28  0.0014 -0.0672  8.8630
204  28 -0.0042 -0.0744  8.9771
212  28  0.0016 -0.0887  9.6386
220  28  0.0114 -0.0619  9.6197
228  28 -0.0058 -0.0586  9.2236
236  28  0.0323 -0.0798  8.9145
244  28  0.0060 -0.1092  9.2069
252  28  0.0460 -0.1163 11.6052
260  28  0.0139 -0.1147 14.8306
268  28  0.0647 -0.0529 14.4547
276  28 -0.0687 -0.0921 23.8467
284  28 -0.0227 -0.0864 13.4549
292  28 -0.0103 -0.1090 11.4143
  4  36 -0.0105 -0.0658  7.4872
 12  36 -0.0522 -0.0279  6.9937
 20  36  0.0018 -0.0232  6.4560
 28  36  0.0385  0.1589  5.5990
 36  36 -0.2293  0.4026  5.7240
 44  36  0.0736  0.1928  7.0755
 52  36  0.0000  0.5000  7.1968
 60  36 -0.1965 -0.0282 10.0909
 68  36 -0.1084  0.2715 10.2666
 76  36 -0.0500 -0.0092 11.2084
 84  36  0.0787 -0.0233 11.7510
 92  36 -0.0940 -0.0164 10.3071
100  36 -0.0103 -0.0645  8.8432
108  36  0.0292 -0.0748  7.3986
116  36 -0.0262 -0.3349  7.2045
124  36 -0.0589  0.9069  6.4901
132  36 -0.0856  0.0000 11.1304
140  36 -0.0177  0.0000  0.0000
148  36  0.0296 -0.0305  5.6990
156  36  0.1031 -0.3338 12.9837
164  36  0.0496  0.0083 14.0197
172  36  0.1373 -0.1479 10.4133
180  36  0.0412 -0.1695 15.6966
188  36 -0.0159 -0.0386  7.3110
196  36  0.0181  0.0881 12.9838
204  36 -0.0952 -0.0140 15.0873
212  36 -0.1089 -0.0716 13.0231
220  36  0.1366  0.0179 13.5229
228  36 -0.1837 -0.2064  8.3101
236  36 -0.0409 -0.0202 10.5520
244  36  0.0318  0.0253 10.8606
252  36 -0.1356  0.0498  7.9211
260  36  0.1318 -0.2604 10.6193
268  36  0.0428 -0.0351 12.7344
276  36  0.0207 -0.0192  8.6787
284  36 -0.0191  0.0011  9.3642
292  36  0.0649 -0.1938 11.3461
  4  44  0.0000 -0.1469 10.3584
 12  44  0.0372  0.0000 13.3260
 20  44 -0.0308  0.1268 11.5198
 28  44 -0.0145  0.0000 14.4096
 36  44 -0.0117 -0.0135 11.9161
 44  44  0.0023 -0.0883 10.9298
 52  44  0.0058 -0.0137  8.9347
 60  44 -0.1091  0.3030  7.6247
 68  44  0.0000 -0.0535  6.6321
 76  44  0.0071  0.0000  8.9379
 84  44 -0.0544  0.0000  9.8359
 92  44  0.0455  0.0000 11.1304
100  44  0.0698  0.2911 10.5124
108  44 -0.0553  0.0000  0.0000
116  44 -0.1989  0.0000  0.0000
124  44 -0.3479  0.0000  0.0000
132  44 -0.6049  0.0000  0.0000
140  44 -0.6950  0.0000  1.0000
148  44  0.0544 -0.0550  5.8232
156  44 -0.0099 -0.2624 13.6062
164  44  0.0155 -0.0913 13.9988
172  44  0.0230 -0.0823 18.1120
180  44  0.0220 -0.1469 14.8698
188  44  0.0268  0.0313  6.8211
196  44 -0.8982 -0.0489  6.9404
204  44 -0.6349  0.0000  6.6149
212  44 -0.0839  0.0783  8.5351
220  44 -0.0200 -0.1518  9.7842
228  44 -0.0959  0.1162 10.9020
236  44 -0.0108  0.2301 11.9560
244  44 -0.0088  0.0179 12.5767
252  44 -0.0005  0.0000 16.2968
260  44 -0.0372 -0.3093 12.3083
268  44  0.0120 -0.3383 12.3821
276  44  1.0580  0.0000 11.0903
284  44  0.2742  0.0000 11.0903
292  44  0.1624  0.0169 16.9446
  4  52 -0.0149 -0.2749  9.0775
 12  52 -0.0505 -0.1965  7.4675
 20  52 -0.0172 -0.0410  7.2899
 28  52 -0.0064  0.0000  0.0000
 36  52 -0.1466  0.0000  0.0000
 44  52 -0.3003  0.0000  0.0000
 52  52 -0.4897  0.0000  0.0000
 60  52 -0.9140  0.0000  0.0000
 68  52 -1.5000  0.0000  8.2581
 76  52 -0.6410  0.0000  0.0000
 84  52 -0.2733  0.0000 12.0628
 92  52 -0.1456  0.0000 11.1304
100  52 -0.1556  0.0000 12.2969
108  52 -0.1124  0.0000  0.0000
116  52 -0.2576  0.0000  0.0000
124  52 -0.9530  0.0000  0.0000
132  52 -1.3752  0.0000  0.0000
140  52 -1.6568  0.1450  6.0664
148  52 -0.0527 -0.0332  7.9214
156  52  0.0415 -0.2242 15.8313
164  52 -0.0380 -0.2687 11.9705
172  52  0.1034 -0.2949 10.5192
180  52  0.0186 -0.1474 19.3611
188  52  0.0308  0.0036  6.4574
196  52 -0.1981  0.1675 15.4662
204  52  2.5000 -0.0618  9.8694
212  52  0.2693  0.0982  9.7086
220  52  0.1582  0.0022 12.3463
228  52 -0.4789 -0.0523 10.8245
236  52  0.1260 -0.0238 10.1509
244  52 -0.0175  0.0720 10.2622
252  52  0.0138  0.0000 13.5573
260  52 -0.1433  0.0545 14.8722
268  52 -0.1015 -0.0089  8.9817
276  52  0.0916 -0.1389 12.4245
284  52  0.0561  0.0000 17.6698
292  52  0.0318  0.0058  9.1411
  4  60 -0.2375 -0.3586 11.7728
 12  60 -0.2212  0.0000 11.1304
 20  60 -0.1559  0.0000  0.0000
 28  60 -0.1556  0.0000  0.0000
 36  60 -0.1020  0.0000  0.0000
 44  60 -0.1113  0.0000  0.0000
 52  60 -0.4349  0.0000  0.0000
 60  60 -0.8294  0.0000 11.1304
 68  60 -0.9233  0.0000 17.0667
 76  60  0.0000  2.5000  8.8276
 84  60  0.0000  2.5000  8.8276
 92  60  0.0000 -0.1957 13.0069
100  60 -0.1630  0.0000 15.8661
108  60 -0.5000  0.0000  8.8276
116  60 -0.3135  0.0000  9.4208
124  60 -0.0672 -0.0361 14.4477
132  60  1.1811  0.0000 11.9011
140  60  0.3216  0.0000 12.0628
148  60  0.0524  0.0254  6.3776
156  60 -0.0313  0.0701  5.5558
164  60 -0.0392  0.1488  5.6338
172  60 -0.0468  0.0165  6.0542
180  60  0.0813 -0.0940  5.9970
188  60 -0.2112 -0.0382  7.2911
196  60  0.3580  0.0000 11.1304
204  60  1.3557  0.0000 11.1304
212  60  0.8474  0.0000  0.0000
220  60  0.2995  0.0000  0.0000
228  60 -0.1191  0.0000  0.0000
236  60 -0.1898  0.0000  0.0000
244  60 -0.1195 -1.0576  7.0137
252  60 -0.1282  0.0000 10.8982
260  60 -0.0289 -0.0115  9.8817
268  60  0.1785 -0.0140 11.8810
276  60  0.1571  0.0260 14.5327
284  60 -0.1195 -1.0576  7.0137
292  60 -0.3192  0.0000 11.0903
  4  68 -0.1699 -0.2500  8.8276
 12  68 -0.2454  0.0000  0.0000
 20  68 -0.3195  0.0000 11.1304
 28  68 -0.2407  0.0000 11.1304
 36  68 -0.3512  0.0000  0.0000
 44  68 -0.3321  0.0000 11.1304
 52  68 -0.1667  0.0000 11.1304
 60  68  0.2584  0.0000 11.1304
 68  68  0.0856  0.0000  0.0000
 76  68  0.3822  0.0000 15.1239
 84  68  0.2399  0.0000  9.1905
 92  68  0.1773  0.2300 10.1987
100  68  0.0621  0.0824 14.4740
108  68 -0.0678  0.0000 11.1304
116  68 -0.1711  0.0000 11.1304
124  68  0.5000  0.0000  8.4768
132  68  2.5000  0.0000  8.8276
140  68  0.9456  0.0000 11.1304
148  68  0.0372 -0.1221 11.1882
156  68 -0.2568  0.0627  8.5469
164  68 -0.2438  0.0000 16.1088
172  68 -0.2003  0.0000 11.1304
180  68 -0.0982  0.2693  9.7086
188  68  0.0688  0.0000  0.0000
196  68  0.1312  0.0000  0.0000
204  68 -0.1246  0.0000  0.0000
212  68  0.0557  0.0000  0.0000
220  68 -0.0244  0.0000  0.0000
228  68 -0.1450  0.0000  0.0000
236  68 -0.4492  0.0000  0.0000
244  68 -0.7018  0.0000  0.0000
252  68 -0.1352  0.0000  0.0000
260  68 -0.0832  0.3131  9.8462
268  68 -0.2642  0.0000 16.1088
276  68 -0.2841 -0.3627  7.7511
284  68 -0.2950  0.0000 14.5082
292  68 -0.5000  0.0000  8.8276
  4  76 -0.0308  0.0000  0.0000
 12  76  0.0953  0.0000  0.0000
 20  76  0.1253  0.0000  0.0000
 28  76 -0.0220  0.0000  0.0000
 36  76 -0.2089  0.0000  0.0000
 44  76 -0.3320  0.0000 21.6135
 52  76  0.0000  0.8582  7.0995
 60  76  0.8632  0.0000 11.1304
 68  76 -0.3399 -0.2442 10.3373
 76  76 -0.2919 -0.3646  8.4204
 84  76  0.0106 -0.0836 12.1662
 92  76 -0.0301  0.0000  7.7904
100  76 -0.0563 -0.5407  8.9043
108  76  0.2907 -0.0403 10.5761
116  76  0.0000  0.1960 11.1304
124  76  0.0000 -0.5000  8.8276
132  76 -1.0110  0.0000  0.0000
140  76 -0.0361 -0.0799 21.1975
148  76  0.0698  0.0000 12.8600
156  76  0.0000 -0.1960 11.1304
164  76 -0.3901  0.0000 11.9011
172  76 -1.0589  1.5000  9.7637
180  76  0.1063  0.0000  6.9728
188  76 -0.0044  0.0000  0.0000
196  76 -0.3021  0.0000  0.0000
204  76 -0.2198  0.0000  0.0000
212  76 -0.2197  0.0000  0.0000
220  76 -0.1706  0.0000  0.0000
228  76 -0.0024  0.0000  0.0000
236  76 -0.0145  0.0000  0.0000
244  76 -0.1063  0.0000  0.0000
252  76 -0.0538  0.0000  0.0000
260  76 -0.2100  0.0000  0.0000
268  76 -0.3468 -1.0000 10.2045
276  76 -0.0148  0.0000  0.0000
284  76  0.6660  0.0000 16.1088
292  76  0.6934  0.3358  6.1492
  4  84 -0.1395 -0.2628  9.3489
 12  84  0.0751  0.0000 16.1088
 20  84  0.3112  0.0000  0.0000
 28  84  0.3226  0.0000  0.0000
 36  84 -0.1717 -0.4043 10.4490
 44  84 -1.5977  1.3922 11.2490
 52  84  0.2769 -0.0575 10.2185
 60  84 -2.5000  1.5350  6.8091
 68  84 -0.5000 -2.7367  9.6402
 76  84 -0.0736 -0.1244  8.5341
 84  84  0.1672 -0.0488  9.8123
 92  84  0.3827 -0.0698  6.7016
100  84  0.1015 -0.0615 13.0225
108  84 -0.3060 -0.0814  9.4577
116  84 -0.2049  0.0000 16.6956
124  84 -0.5000  0.0000  8.8276
132  84 -0.0480 -0.0076 12.0923
140  84 -0.0058 -0.0682 10.1507
148  84  0.3437 -0.0420  8.3079
156  84  0.2530  0.0000 11.1304
164  84 -0.0524  0.0000  0.0000
172  84 -0.3673  0.0000  0.0000
180  84  0.0082  0.0000 11.1304
188  84 -0.0519  0.0000  0.0000
196  84 -0.2193  0.0000  0.0000
204  84 -0.1031  0.0000  0.0000
212  84  0.3653  0.0000  0.0000
220  84  0.3833  0.0000  0.0000
228  84  0.0000 -0.5000 11.1304
236  84  0.2334  0.0000 11.1304
244  84  0.8042  0.0000 11.1304
252  84  1.0592  0.0000  0.0000
260  84  0.0033  0.0000  0.0000
268  84 -1.0444  0.0000  0.0000
276  84 -0.5000  0.0000  8.8276
284  84 -1.2203  0.0000 11.1304
292  84  0.0000 -5.0000 11.1304
  4  92  0.0967  0.0000 19.4783
 12  92  0.2036  0.0161 10.4490
 20  92  0.0235  0.3939  8.7892
 28  92 -0.5000 -0.1301  6.6466
 36  92  0.2626  0.3226 11.8900
 44  92  0.2582 -0.0236 10.2641
 52  92 -0.1799 -0.1898  8.5810
 60  92  0.0360 -0.1854 12.6331
 68  92 -0.1138  0.1162 11.2671
 76  92  0.6915  0.0000  8.4768
 84  92  0.5153  0.0000  0.0000
 92  92 -0.0964  0.0000  0.0000
100  92 -0.5000  0.4300  5.4468
108  92  0.0268 -0.2668 11.4864
116  92  0.1138  0.1378 11.4627
124  92 -0.1645  0.0000  0.0000
132  92 -0.3127 -0.1061  9.8739
140  92  0.0418 -0.1521 12.6567
148  92 -0.1387  0.0000  0.0000
156  92 -0.2790  0.0000  0.0000
164  92  0.0995  0.0000  0.0000
172  92  1.2117  0.0000  0.0000
180  92  2.2744  0.0000  0.0000
188  92  0.3584  0.0000  0.0000
196  92 -0.5242  0.0000  0.0000
204  92 -0.2669  0.0000  0.0000
212  92 -0.4057  0.0000  0.0000
220  92 -0.1553  0.0000  0.0000
228  92 -0.2758  0.0000  0.0000
236  92 -0.5000  0.0000  8.8276
244  92 -0.4582  0.0000  0.0000
252  92 -0.5274  0.0000 11.1304
260  92 -0.0371  0.0000  0.0000
268  92 -0.0643  0.0000  0.0000
276  92 -0.5000  0.0000 11.1304
284  92  0.0000 -0.5000  8.8276
292  92  0.7295  0.0000  0.0000
  4 100  1.7508  0.0000 16.1088
 12 100  0.9579  0.0000 11.1304
 20 100 -0.1960  2.5000 11.1304
 28 100 -0.3310  0.0000  0.0000
 36 100 -0.0355  0.0000  0.0000
 44 100 -0.1439  0.0853 11.4193
 52 100 -0.1388  0.0000 11.1304
 60 100 -0.1151 -0.1151 16.5161
 68 100 -0.5000  0.0000  8.8276
 76 100 -0.6748  0.0000  0.0000
 84 100 -0.7203  0.0000  0.0000
 92 100 -0.5000  0.0000  8.8276
100 100  0.9246 -0.1538 14.1070
108 100  3.5000 -0.1203  5.4468
116 100  0.0000  2.5000 12.0628
124 100 -0.2921  0.0000  1.0000
132 100  0.5639  0.0000 16.1088
140 100  0.4088  0.0000 11.1304
148 100 -0.0401  0.0000  0.0000
156 100  0.0026  0.0000  0.0000
164 100  0.8398  0.0000  0.0000
172 100 -0.1018  0.0000  0.0000
180 100 -0.4187  0.0000  0.0000
188 100 -0.1020  0.0000  0.0000
196 100 -0.0605  0.0000  0.0000
204 100 -0.3737  0.0000  0.0000
212 100 -0.1024  0.0000  0.0000
220 100  0.8878  0.0000  0.0000
228 100  2.5000  2.5000  7.6040
236 100  1.0661  0.0000  1.0000
244 100 -0.4337 -0.0578  8.8276
252 100  0.0000  0.1960 11.1304
260 100  0.2257  0.0000  0.0000
268 100 -0.0111  0.0000  0.0000
276 100 -0.0601  0.0000  0.0000
284 100  0.0289  0.0000 11.1304
292 100  0.0016  0.0000  0.0000
  4 108 -0.2265 -0.1575 13.2463
 12 108 -0.4926  0.0000  0.0000
 20 108 -0.8893  0.0000 16.1088
 28 108 -0.3887  0.0000  0.0000
 36 108  0.1841 -0.0418 12.3683
 44 108 -0.3576  0.0000  0.0000
 52 108  0.1174  0.0000  0.0000
 60 108  2.2264 -0.1838  6.8903
 68 108  1.4977  0.0000  0.0000
 76 108  0.0232  0.0000  0.0000
 84 108  0.0000 -0.5000  8.8276
 92 108  2.5000  0.0000  8.8276
100 108  0.0000 -0.5000  8.8276
108 108 -0.4669  0.0000 11.1304
116 108  0.0000  0.3147  7.9175
124 108  0.0883 -0.1435 11.1796
132 108 -0.5332  0.0000  0.0000
140 108 -0.9996  0.0000 16.1088
148 108 -1.0934  0.0000 11.1304
156 108 -0.8442  0.5000  7.5025
164 108 -0.0424  0.0000  0.0000
172 108 -0.3961  0.0000  0.0000
180 108 -0.5272  0.0000  0.0000
188 108  0.7107  0.0000  0.0000
196 108  0.1518  0.0000  0.0000
204 108  0.0231  0.0000  0.0000
212 108  0.3443  0.0000  0.0000
220 108  1.2254  0.0000  0.0000
228 108  2.5000  0.0000  8.8276
236 108  0.7192  0.0000  0.0000
244 108 -0.8297 -0.5000  6.2439
252 108 -0.7141  0.0000  0.0000
260 108 -0.1927 -0.0788 17.1842
268 108  0.0000  0.3385 11.1304
276 108  0.3147 -0.1622 11.3947
284 108  4.5000 -0.5000  4.0635
292 108  2.6064  0.0000  0.0000
  4 116  0.0000  1.6876  7.5189
 12 116  0.0000  1.6136  8.3934
 20 116  0.1326 -1.1737  7.4648
 28 116 -0.1954 -0.2568 13.1637
 36 116 -0.5000  0.1462  9.1963
 44 116  0.0637 -0.1508  9.1601
 52 116  0.0000 -0.4223 10.2400
 60 116 -0.7498  0.0000 11.1304
 68 116 -1.5175  0.0000  0.0000
 76 116 -1.8787  0.0000  0.0000
 84 116 -1.2577  0.2079  9.4633
 92 116  0.5000  0.0000  8.4768
100 116  0.0000 -0.5000  8.9154
108 116 -1.0433  0.0000 16.1088
116 116  1.1022 -0.1576  9.5957
124 116  0.1088  0.3107 10.0686
132 116 -0.1167  0.0000  0.0000
140 116  0.1180 -0.5000  9.2850
148 116  0.5918  0.0000 11.1304
156 116  1.3646  0.0000 16.1088
164 116  0.5916  0.0000  0.0000
172 116 -0.3778  0.0000  0.0000
180 116 -0.5000 -0.5000  4.0635
188 116  0.0075  0.0000  0.0000
196 116  0.7089  0.0000  0.0000
204 116  1.4974  0.0000  0.0000
212 116  3.4304  0.0000  0.0000
220 116  2.4040  0.0000  0.0000
228 116  0.5902  0.0000 11.1304
236 116  0.0000 -0.5000  8.8276
244 116 -0.0514  0.0000  0.0000
252 116  0.3392  0.0000  0.0000
260 116  0.5985  0.0000  0.0000
268 116 -0.3010  0.0000 17.2183
276 116 -0.3451  0.0000  0.0000
284 116 -0.6602  0.0000  0.0000
292 116 -0.9952  0.0000  0.0000
  4 124 -0.2081  0.1864  9.6241
 12 124  5.0000 -0.1876  8.5995
 20 124  2.5000  0.0000  8.8276
 28 124  0.5599  0.0000 16.1088
 36 124 -1.2598 -0.3841  7.4124
 44 124  0.8586  0.0000  0.0000
 52 124 -0.2496  0.0000 11.1304
 60 124 -0.1946  0.0000  0.0000
 68 124  0.9067  0.0000  0.0000
 76 124  0.1825 -0.2174 12.5315
 84 124  0.4043  0.4043  8.0000
 92 124  0.2377  0.0000  0.0000
100 124 -0.2103  0.0000 17.0667
108 124 -0.5000  4.5000  4.0635
116 124  0.2101  0.0000  0.0000
124 124  1.3070  0.0337 12.4709
132 124  1.9022  0.0000 11.1304
140 124  2.4970  0.0000  0.0000
148 124  1.8230  0.0000  0.0000
156 124  0.6787  0.0000  0.0000
164 124  0.0901  0.0000 11.1304
172 124  0.1397  0.0000  0.0000
180 124  1.1245  0.0000 16.1088
188 124  2.5000  0.0000  8.8276
196 124  0.0000 -0.5000  8.8276
204 124  0.1891  0.0000 11.1304
212 124  0.0000 -0.1960 11.1304
220 124 -0.2864  0.0000  0.0000
228 124  0.0000 -0.5000  8.8276
236 124  0.2645 -0.0585 13.3056
244 124  0.1063  0.0000  6.9728
252 124  0.0256  0.0000  0.0000
260 124 -0.5091  0.0000  0.0000
268 124  0.3468 -0.5000 10.2045
276 124 -1.3372  0.0000 11.1304
284 124 -1.1639  0.0000 11.1304
292 124  2.5000  0.0000  8.8276
  4 132  2.5000  0.0000  8.8276
 12 132  1.1671  0.0000 11.1304
 20 132  0.3898  0.0000  0.0000
 28 132  0.0000 -0.5000  8.8276
 36 132 -0.8442 -0.5000  7.5025
 44 132  0.1699  0.0000  0.0000
 52 132  1.2772  0.0000  0.0000
 60 132  1.7639  0.0000  0.0000
 68 132  1.7609  0.0000  5.4468
 76 132  1.1725  0.0000 16.1088
 84 132  0.4172  0.0000  0.0000
 92 132  0.0000 -0.1063  6.9728
100 132  0.1930 -0.1867 15.3090
108 132  0.7829  0.0000  0.0000
116 132  3.2124  0.0000  0.0000
124 132  4.5000  4.5000  4.0635
132 132  2.4055  0.0000 11.1304
140 132  0.7564  0.0000  0.0000
148 132  0.1268  0.0000 11.1304
156 132  0.0348  0.0000  0.0000
164 132  0.0000  0.0264 10.8667
172 132  0.0706  0.0000 11.1304
180 132  0.2643  0.0000 11.1304
188 132  0.3309 -0.0637  7.1846
196 132 -0.5000  2.1375  8.5593
204 132 -3.1540  0.0000 11.1304
212 132 -4.9386  4.8642 16.2025
220 132 -1.4089  0.0000  0.0000
228 132 -0.5000  4.5000  4.0635
236 132  0.0799  0.0000  0.0000
244 132 -0.0618 -0.5000  9.8694
252 132  0.0274  0.0000  0.0000
260 132  0.0494  0.0000  0.0000
268 132  0.8905  0.0000  0.0000
276 132  1.6751  0.0000  0.0000
284 132  1.7769  0.0000 11.1304
292 132  1.2305  0.0000  0.0000
  4 140  0.5620  0.0000  0.0000
 12 140  0.0000 -0.5000  8.8276
 20 140 -0.5000  0.0000  8.8276
 28 140  2.5000  0.0000  8.8276
 36 140 -0.1960  0.0000 11.1304
 44 140  1.7903  0.0000  0.0000
 52 140  3.1029  0.0000  0.0000
 60 140  1.8964  0.0000 11.1304
 68 140  0.2780 -0.1270 13.3759
 76 140  0.0000 -0.5000  8.8276
 84 140  0.0176  0.0000  0.0000
 92 140  0.0000  2.5000  8.8276
100 140  0.3475  0.0000  0.0000
108 140  0.4432  0.0000 11.1304
116 140  0.0636  0.0000  0.0000
124 140  0.0000  0.5000 11.1304
132 140 -2.4474  0.0000 11.1304
140 140 -3.4035  0.0000  0.0000
148 140 -1.5225  0.0000  0.0000
156 140 -0.6042  0.0000  0.0000
164 140  0.0685  0.3367 12.7421
172 140  0.0991  0.0000 11.1304
180 140  0.4823  0.0000 16.1088
188 140  1.1248  0.0000  0.0000
196 140  2.0370  0.0000 16.1088
204 140  2.5983  0.1203  5.4468
212 140  2.2007  0.0000 11.1304
220 140  0.8396  0.0000  0.0000
228 140  0.0744  0.0000  0.0000
236 140 -0.0280  0.0000  0.0000
244 140  0.0757  0.0000  0.0000
252 140  1.2632  0.0000 11.1304
260 140  0.3148  0.0000 11.1304
268 140  1.0782  0.0000  0.0000
276 140  1.5173  0.0000  0.0000
284 140  0.8707  0.0000  0.0000
292 140 -0.1189 -4.7609  8.2581
  4 148 -0.5000  2.5000  4.0635
 12 148 -0.1151 -0.1151 16.5161
 20 148 -0.1308  0.0000  0.0000
 28 148  0.0000  2.5000  8.8276
 36 148 -0.4043 -0.4043  8.0000
 44 148 -2.0030  0.0000  0.0000
 52 148 -0.4926  0.0000  0.0000
 60 148 -1.4129  0.0000 16.1088
 68 148 -1.3509  0.0000  0.0000
 76 148  0.0000  2.5000  8.8276
 84 148  0.0530  0.0000  0.0000
 92 148  0.0000 -0.5000  8.8276
100 148  0.1276 -0.3321 10.3409
108 148  0.9130  0.0000  0.0000
116 148  2.1083  0.0000  0.0000
124 148  3.3144  0.0000  0.0000
132 148  3.9116  0.0000  9.2850
140 148  3.1159  0.0000  0.0000
148 148  0.3109  0.0000  0.0000
156 148 -0.5000  0.2274  6.6693
164 148  0.0000 -4.6564 12.4564
172 148  0.2264  0.0000  0.0000
180 148  0.2962  0.0000  0.0000
188 148  0.2134  0.0000 16.1088
196 148  0.6468  0.0000  0.0000
204 148  0.3590  0.0000  0.0000
212 148  0.0391  2.5000  9.3822
220 148 -0.4064  0.0000  0.0000
228 148 -0.6283  0.0000  0.0000
236 148 -0.6124  0.0000 11.1304
244 148 -1.1226  0.0000  0.0000
252 148 -2.4864  0.0000  0.0000
260 148 -5.0000  2.5000  8.8276
268 148 -5.0596  0.0000  0.0000
276 148 -1.0999  0.0000  0.0000
284 148 -0.8315  0.0000  0.0000
292 148 -0.2850  0.0000  0.0000
  4 156  0.4685  0.0000  1.0000
 12 156  0.3394  0.0000  0.0000
 20 156  0.0160  0.0000  0.0000
 28 156  0.0000  2.5000  8.8276
 36 156  1.1149  0.0000  0.0000
 44 156  2.7771  0.0000  0.0000
 52 156  4.3422  0.0000 16.1088
 60 156  5.1920  0.0000  0.0000
 68 156  4.5000 -0.1898  6.3471
 76 156 -0.5000  0.0000  8.8276
 84 156 -1.0323  0.0000  0.0000
 92 156 -0.3344  0.0000  0.0000
100 156  0.1960  0.0000 11.1304
108 156 -0.5000  0.0000 11.1304
116 156 -0.2686  0.0000  0.0000
124 156  0.2849  1.0000 13.1959
132 156 -0.5000  0.0000  8.8276
140 156 -0.3941  0.0000  0.0000
148 156 -0.4567  0.0000  0.0000
156 156 -0.5275  0.0000  8.2581
164 156 -0.5603  0.0000 11.1304
172 156 -0.9147  0.0000  0.0000
180 156 -1.8613  0.0000  0.0000
188 156 -2.9595  1.3558  9.8694
196 156 -3.3541  0.0000  0.0000
204 156 -1.4731  0.0000  0.0000
212 156 -0.5324  0.0000  0.0000
220 156  0.2498  0.0000  0.0000
228 156  0.8085  0.0000  0.0000
236 156  0.4833  0.0000  0.0000
244 156  0.1398  0.0000  0.0000
252 156  0.2041  0.0000  0.0000
260 156  1.0613  0.0000  0.0000
268 156  2.8270 -0.5000 10.6035
276 156  4.5999  0.0000  0.0000
284 156  5.2794  0.0000  0.0000
292 156  4.2169  0.0000  0.0000
  4 164  0.7978  0.0000  0.0000
 12 164 -0.4541  0.0000 11.1304
 20 164 -0.3313  0.0000  0.0000
 28 164  0.0000 -0.5000  8.8276
 36 164 -0.0832 -0.3131  9.8462
 44 164 -0.9956  0.0000  0.0000
 52 164 -1.7055  4.1707 12.5618
 60 164 -0.1434  3.5000  8.3934
 68 164  0.0418 -0.1521 12.6567
 76 164 -0.1136  0.0000  0.0000
 84 164 -0.2183  0.0000  0.0000
 92 164 -0.1425  0.0000 11.1304
100 164  0.0000  2.5000  8.8276
108 164  0.0000  2.5000  8.8276
116 164  0.0000  1.3091  7.6910
124 164 -0.2246  0.1162 14.0985
132 164 -1.2596 -0.3479  7.1968
140 164 -0.2964  0.0000  0.0000
148 164  0.4248  0.0000  0.0000
156 164  1.0000 -0.5000  6.9531
164 164  0.3717  0.0000 19.1045
172 164  0.1254  0.0000  0.0000
180 164  0.2346  0.0000  0.0000
188 164  0.3385  0.0000 11.1304
196 164  1.5027  0.0000  0.0000
204 164  4.3197  0.0000  0.0000
212 164  5.0560  0.0000  0.0000
220 164  4.2413  0.0000  0.0000
228 164  1.4761  0.0000  0.0000
236 164  0.0132  0.0000  0.0000
244 164 -0.1697  0.0000  0.0000
252 164 -0.0417  0.0000  0.0000
260 164 -0.1245  0.0000  0.0000
268 164 -0.9262  0.0000  0.0000
276 164 -1.3351  0.0000  0.0000
284 164 -0.1053  0.0000  0.0000
292 164  0.8554  0.0000  0.0000
  4 172  0.3124  0.0000  0.0000
 12 172  0.0000 -4.6564 12.4564
 20 172  0.0000 -0.5000  8.8276
 28 172  0.0418 -0.1521 12.6567
 36 172  2.5000  0.0000  8.8276
 44 172 -0.5000  0.0000  8.8276
 52 172 -0.6318  0.0000  0.0000
 60 172  0.1151  0.1151 16.5161
 68 172 -0.1174  4.1710 14.6131
 76 172 -0.0084  0.0000 16.1088
 84 172  0.1335  0.0000  0.0000
 92 172 -0.1180  2.5000  9.2850
100 172  0.0731  0.1513  6.1244
108 172  0.7759  0.0000  0.0000
116 172 -0.0315 -1.8580  5.7587
124 172  0.5000  0.0000 11.1304
132 172  4.5000  4.5000  4.0635
140 172  4.5877  0.0000  0.0000
148 172  4.5000 -0.5000  4.0635
156 172  1.2520  0.0000  0.0000
164 172  0.0000  4.6564 12.4564
172 172 -0.0248  0.0000  0.0000
180 172  0.0000  2.5000  8.8276
188 172  0.0698  0.2911 10.5124
196 172 -0.6768  0.0000  0.0000
204 172 -1.0575  0.0000  0.0000
212 172  0.0893  0.0000  0.0000
220 172  2.3264  0.0000  0.0000
228 172  0.5295  0.0000  0.0000
236 172  0.0927  0.0000  0.0000
244 172  0.1489  0.0000  0.0000
252 172  0.2928  0.0000  0.0000
260 172  0.9466  0.0000  0.0000
268 172 -0.6603  0.0000  0.0000
276 172 -0.9613  0.0000  0.0000
284 172  0.0000  2.5000 11.1304
292 172 -0.5000  0.0000  8.8276
  4 180 -0.3485  0.0000 11.1304
 12 180  0.0000  2.5000  8.8276
 20 180  1.1838  2.5000  7.5779
 28 180  0.0000  2.5000  8.8276
 36 180  2.5000  0.0000 11.1304
 44 180  2.5940  0.0000  0.0000
 52 180  5.5000  4.8849  4.1694
 60 180  3.5645  0.0000 11.1304
 68 180  2.5000  0.0000  8.8276
 76 180  4.5000 -0.5000  4.0635
 84 180  0.0000 -0.5000  8.8276
 92 180  0.0000 -0.5000  8.8276
100 180  0.2082 -4.6613  4.2401
108 180 -0.0642 -4.3810  6.1971
116 180 -0.0106 -3.0367  3.8480
124 180 -0.5632  0.0000  0.0000
132 180 -1.2171  0.0000  0.0000
140 180 -0.2611  0.1783  7.6338
148 180  4.5000  4.5000  4.0635
156 180  0.0000 -0.5000  8.8276
164 180  0.0000 -0.5000  8.8276
172 180  0.2102  0.0000  0.0000
180 180  0.1497  0.0000  0.0000
188 180 -0.2917  0.0000 11.1304
196 180 -1.3885  0.0000  0.0000
204 180 -0.8068  0.0000  0.0000
212 180  3.2965  0.0000  0.0000
220 180  1.0012  0.0000  0.0000
228 180  0.2544  0.0000  0.0000
236 180  0.2900  0.0000  0.0000
244 180  0.6962  0.0000  0.0000
252 180 -0.0376  0.0000  0.0000
260 180 -0.0109  0.0000  0.0000
268 180 -0.5000  4.5000  4.0635
276 180  1.1383  0.0000 11.1304
284 180 -0.5000  0.0000  8.8276
292 180  0.4120  0.0000  0.0000
  4 188  1.6896  0.0000  0.0000
 12 188 -0.1004 -0.2947  8.4253
 20 188 -0.5000 -0.5000  4.0635
 28 188  0.0000 -0.1063  6.9728
 36 188  0.3666  0.0000 11.1304
 44 188  0.5000 -0.5000  4.0635
 52 188  0.0000 -0.5000  8.8276
 60 188 -0.9465  0.0000  0.0000
 68 188  0.1180 -0.5000  9.2850
 76 188  2.2961  0.0000 11.1304
 84 188  0.4265  0.0000  0.0000
 92 188  0.1265  0.0000  0.0000
100 188  0.0715  0.2163  6.6140
108 188  0.1700 -0.0198  6.9003
116 188  0.0000  4.5000  7.3143
124 188 -2.1050  1.0767  5.1200
132 188 -0.5000  0.0000  8.8276
140 188  5.1494 -0.5000  8.1228
148 188  1.8264  0.0000  0.0000
156 188  0.7146  0.0000  0.0000
164 188  0.4816  0.0000 11.1304
172 188  0.4981  0.0000  0.0000
180 188  0.0000  5.0000 11.1304
188 188 -1.1838  2.5000  7.5779
196 188 -0.8417  0.0000 11.1304
204 188 -0.2074  0.0000  0.0000
212 188  0.0203  0.0000  0.0000
220 188  0.3172  0.0000  0.0000
228 188  0.6331  0.0000  0.0000
236 188  0.1859  0.0000  0.0000
244 188  0.3469  0.0000  0.0000
252 188  0.6328  0.0000  0.0000
260 188  0.8732  0.0000  0.0000
268 188  0.2393  0.0000  0.0000
276 188  0.1477  0.0000  0.0000
284 188 -0.5000  0.0000  8.8276
292 188  0.6259  0.0000  0.0000
  4 196  1.1397  0.0000 11.1304
 12 196  0.0000 -0.5000  8.8276
 20 196 -0.5000  0.0000  8.8276
 28 196 -2.3162 -0.1023  9.7439
 36 196 -0.9305  0.0000  0.0000
 44 196  0.0832  0.3131  9.8462
 52 196 -1.3846  0.0000 16.1088
 60 196 -2.0625  0.0000  0.0000
 68 196 -0.1688  2.5000 10.2534
 76 196  0.7554  0.0000  0.0000
 84 196  0.5698  0.0000  0.0000
 92 196  0.4645  0.0000  0.0000
100 196  0.4625  0.0000 16.1088
108 196  0.3756  0.0000  0.0000
116 196  0.3309 -4.9363  7.1846
124 196  0.5000  4.5000  4.0635
132 196  0.0000  4.5000  4.0635
140 196  1.5000  0.0448  8.9013
148 196  0.7541  0.0000  0.0000
156 196  0.2586  0.0000 11.1304
164 196  0.3888  0.0000 12.0455
172 196  1.4549  0.0000 11.1304
180 196  1.3339  0.0000  0.0000
188 196  1.5000  0.0000  8.2581
196 196  0.0000 -0.5000  8.8276
204 196  2.0130  0.0000  0.0000
212 196  4.5000  4.5000  4.0635
220 196  2.9239  0.0000  0.0000
228 196  1.3158  0.0000  0.0000
236 196 -0.1478  0.0000  0.0000
244 196 -0.8932  0.0000  0.0000
252 196 -1.7394  0.0000  0.0000
260 196 -0.8493  0.0000  0.0000
268 196  0.2543  0.0000  0.0000
276 196  0.0000 -0.5000  8.8276
284 196 -1.3070 -0.0337 12.4709
292 196  2.5000  0.0000  8.8276
  4 204  0.9085  0.0000  0.0000
 12 204  0.4438  0.0000 19.1045
 20 204  0.3137  0.0000 11.1304
 28 204  0.2601  0.0000  0.0000
 36 204  0.1455  0.0000 11.1304
 44 204  0.0000  0.1063  6.9728
 52 204  0.1732  0.0000  0.0000
 60 204  0.0495 -0.2500 11.3317
 68 204  0.5084  0.0000  0.0000
 76 204 -0.1643  0.0000  0.0000
 84 204 -0.8266  0.0000  0.0000
 92 204 -0.3280  0.0000  0.0000
100 204  2.5000  0.0000  8.2581
108 204  1.5000  0.0000  8.2581
116 204  0.3468  2.5000 10.2045
124 204 -0.5000  0.0000  8.2581
132 204  2.0221  0.0000  0.0000
140 204  3.8475  0.0000 11.1304
148 204  2.7189  0.0000  0.0000
156 204  0.9661  0.0000 11.1304
164 204 -0.2021 -0.2860 10.7438
172 204 -0.5218  0.0000  0.0000
180 204 -0.7821  0.0000  0.0000
188 204 -0.1270  0.0000  0.0000
196 204  1.8480  0.0000 16.1088
204 204  5.5000  4.5000  4.0635
212 204  4.5000  4.5000  4.0635
220 204  0.0000  5.0000 11.1304
228 204 -0.0225  0.0000  0.0000
236 204  0.0220  0.0000  0.0000
244 204  0.0777  0.0000  0.0000
252 204  0.0570  0.0000  0.0000
260 204 -0.0753  0.0000  0.0000
268 204 -0.2445  4.7609  8.2581
276 204 -0.2149  0.0000  0.0000
284 204 -0.3860  0.0000  8.2581
292 204 -0.5399  0.0000  0.0000
  4 212 -1.2606  0.0000  0.0000
 12 212 -2.2427  0.0000 12.0455
 20 212 -2.5000  2.5000  7.6040
 28 212  2.2200  0.0000  0.0000
 36 212  5.5000  4.5000  4.0635
 44 212  1.7387  0.0000  0.0000
 52 212  0.9283  0.0000  0.0000
 60 212  2.5000  0.0000  8.8276
 68 212  3.0671  0.0000 16.1088
 76 212  1.9159  0.0000  0.0000
 84 212  0.5518  0.0000  0.0000
 92 212  0.9402  0.0000  0.0000
100 212  0.5997  0.0000  0.0000
108 212  0.0418 -0.1521 12.6567
116 212 -0.2965  0.2632 10.8887
124 212  0.5000 -0.5000  4.0635
132 212  4.9059  0.0000  0.0000
140 212  7.8444  0.0000  0.0000
148 212 -1.8375  0.0000  0.0000
156 212 -1.0023  0.0000  0.0000
164 212 -0.3893  0.0000 12.0455
172 212 -0.0642  0.0000 11.1304
180 212  0.0017  0.0000  0.0000
188 212 -0.1262  0.0000  0.0000
196 212 -0.3352  0.0000  0.0000
204 212  0.0000 -0.5000  8.8276
212 212 -0.5867  0.0000  0.0000
220 212 -0.9874  0.0000  0.0000
228 212 -1.3021  0.0000  0.0000
236 212 -1.6860  0.0000  0.0000
244 212 -1.8448  0.0000  0.0000
252 212  0.0000  4.6564 12.4564
260 212  0.9541  0.0000  0.0000
268 212 -1.5000  0.0000  8.2581
276 212  0.3468  2.5000 10.2045
284 212  2.2384  0.0000 16.1088
292 212  2.8426  0.0000  0.0000
  4 220  1.5341  0.0000  0.0000
 12 220  0.0233  0.7126 12.2635
 20 220  2.5000  0.0000  8.8276
 28 220  1.6851  0.0000  0.0000
 36 220  0.4204  0.0000  0.0000
 44 220 -0.2614  0.0000  0.0000
 52 220  0.7369  0.0000  0.0000
 60 220  4.3964  0.0000  0.0000
 68 220  8.6322  0.0000  0.0000
 76 220 -3.3398  0.0000  0.0000
 84 220 -1.7523  0.0000 11.1304
 92 220 -0.5000  0.0000 11.1304
100 220  0.0744  0.0000  0.0000
108 220  0.1960  2.5000 11.1304
116 220  0.0685 -0.3367 12.7421
124 220 -0.5000 -0.5000  4.0635
132 220  2.5000  0.0000  8.8276
140 220 -0.5000  0.1180  9.2850
148 220 -1.2417  0.0000 11.1304
156 220 -0.6656  0.0000  0.0000
164 220  0.0088  0.4363 10.7893
172 220 -1.0471  0.0000  0.0000
180 220 -1.9132  0.0000  0.0000
188 220 -2.8153  0.0000  0.0000
196 220 -3.3955  0.0000  0.0000
204 220 -0.6642  0.0000 11.1304
212 220  2.7243  0.0000  0.0000
220 220  4.5000  4.5000  4.0635
228 220  2.9330  0.0000  0.0000
236 220  1.6442  0.0000  0.0000
244 220  2.6760  0.0000  0.0000
252 220  1.9342  0.0000  0.0000
260 220  0.0000 -0.5000  8.8276
268 220 -1.2593 -1.0000  8.0000
276 220 -0.2217  0.0000  0.0000
284 220  3.3312  0.0000  0.0000
292 220  8.1521  0.0000  0.0000
