VARIABLES= "X pix", "Y pix", "U pix/dt", "V pix/dt", "CHC", ZONE I=28, J=37
  4   4  0.0000  0.0295 11.0891
 12   4  0.0000 -0.0515 11.4211
 20   4 -0.0291  0.0000 10.9708
 28   4 -0.0938  0.0000 11.7274
 36   4 -0.1320  0.0000 10.9551
 44   4 -0.0778  0.0000 11.0456
 52   4 -0.0526 -0.0283 11.0092
 60   4 -0.0012  0.0034 10.9809
 68   4  0.0000  0.0017 11.0132
 76   4 -0.0421 -0.0035 11.0067
 84   4  0.0006 -0.0047 11.7695
 92   4 -0.0170 -0.0456 11.1314
100   4  0.0016  0.0703 12.0430
108   4  0.1032  0.0000 11.0456
116   4  0.0005 -0.0163 11.4869
124   4 -0.0092 -0.0028 11.1351
132   4 -0.0093 -0.0113 11.0928
140   4  0.0000 -0.0257 11.4181
148   4  0.0006  0.0099 11.6956
156   4 -0.0506  0.0000 11.9483
164   4  0.0088  0.0107 11.8189
172   4  0.0221  0.0000 10.9371
180   4  0.0069  0.0000 11.7754
188   4 -0.0039 -0.0135 11.8360
196   4  0.0388  0.0687 11.7936
204   4 -0.0401  0.0113 11.8269
212   4  0.0457 -0.0407 12.2476
220   4  0.0000 -0.0239 12.0627
228   4  0.0802  0.0041 10.0641
236   4  0.0312  0.0045 10.3441
244   4  0.0018  0.0059 10.2075
252   4 -0.0637  0.0704 11.2840
260   4 -0.1069  0.1273 11.6204
268   4 -0.0233 -0.1285 12.2460
276   4 -0.0053  0.0311 12.0044
284   4  0.0054  0.0266 12.0166
292   4 -0.0301 -0.1543 12.3555
  4  12  0.0988  0.3426 11.2329
 12  12  0.0493  0.2588 11.9095
 20  12  0.0000 -0.4629  7.5294
 28  12  0.1503 -0.0149 12.0858
 36  12  0.2039  0.1105  8.9359
 44  12  0.0000 -0.5000  6.5641
 52  12  0.0764  0.0979 18.9322
 60  12 -0.0099  0.0000 12.7650
 68  12  0.0612  0.1555 16.2778
 76  12  0.0565  0.1875 10.6854
 84  12 -0.0783 -0.0562  7.9031
 92  12  0.0000 -0.3695  7.6506
100  12  0.0000 -0.2886  8.6413
108  12 -0.0155  0.1105  8.4629
116  12 -0.0853 -0.0344  9.3039
124  12  0.0000  0.0219 11.3442
132  12 -0.0609 -0.0248 11.2551
140  12 -0.1859  0.0229 10.3942
148  12  0.0888 -0.0114  9.7673
156  12  0.0509  0.0000 11.4382
164  12 -0.0010  0.0012 13.1900
172  12  0.0000 -0.1645  8.3539
180  12 -0.0597  0.0204 10.4334
188  12 -0.0212  0.2165  9.0446
196  12 -0.0800 -0.1615 10.1188
204  12  0.1081  0.0619  9.7710
212  12  0.0426 -0.0141 15.0778
220  12  0.1097 -0.0713 13.3759
228  12  0.0000  0.4505 12.3209
236  12  0.0000 -0.3743  8.2581
244  12 -0.0340 -0.1904  8.0547
252  12 -0.1885  0.2240  8.5817
260  12 -0.0222  0.1015 10.7945
268  12  0.0054 -0.1722 10.3497
276  12 -0.1139  0.0000  8.2317
284  12 -0.0584 -0.0815  7.7835
292  12  0.0333  0.0000  8.4696
  4  20  0.0108 -0.1216 15.0257
 12  20  0.0000 -0.0071 13.8118
 20  20 -0.0176 -0.0953 12.3719
 28  20 -0.0220  0.0000 11.5293
 36  20  0.0000 -0.0102 11.4534
 44  20  0.0000 -0.0865 10.2690
 52  20 -0.0171 -0.0114 10.7014
 60  20 -0.0149  0.0151 13.5703
 68  20  0.0000 -0.0102 13.5589
 76  20  0.0054 -0.0147 10.6590
 84  20  0.0000 -0.0352 13.0770
 92  20 -0.0006  0.0025  8.9736
100  20 -0.1097  0.2305 13.6118
108  20  0.0490  0.0775 13.1394
116  20 -0.0015  0.0119 14.4668
124  20  0.0130 -0.0812 14.8844
132  20  0.0298  0.0663 13.7133
140  20  0.0057  0.0793 13.8878
148  20 -0.0019  0.0361 13.4960
156  20 -0.0011 -0.0019 13.4323
164  20  0.0031  0.0314 12.4593
172  20  0.0302  0.0342 20.9510
180  20 -0.0381  0.0482 16.4811
188  20  0.0013  0.0285 18.4948
196  20  0.0276 -0.0236 19.1730
204  20  0.0202 -0.0948 23.2781
212  20 -0.0267  0.0267 20.6979
220  20  0.0475 -0.0320 12.3122
228  20 -0.0641 -0.1354  7.8528
236  20 -0.4088 -0.0913 14.1907
244  20  0.0509  0.0044 16.8304
252  20  0.0382 -0.0814  9.8037
260  20  0.2548 -0.0402 10.0162
268  20 -0.0154 -0.0089 11.7457
276  20 -0.0410  0.0614 16.0302
284  20  0.1828 -0.0387 11.6730
292  20  0.0000  0.0049 16.4063
  4  28 -0.0553  0.0051  9.1712
 12  28 -0.0702  0.3089  9.9048
 20  28 -0.0642  0.0385 11.5818
 28  28  0.0023 -0.0076 10.7244
 36  28  0.0295  0.0394 10.7898
 44  28 -0.0085  0.0167 10.5260
 52  28  0.0128  0.0068 10.6802
 60  28 -0.0019  0.0304 10.0504
 68  28  0.0439  0.0266 10.5933
 76  28  0.0143 -0.0041 10.2626
 84  28 -0.0103  0.0143  9.4820
 92  28  0.0075  0.0046  9.2405
100  28  0.0159 -0.0127 12.8442
108  28  0.0590  0.0471 12.8848
116  28  0.0067  0.0141  8.6642
124  28  0.0149  0.0154  9.0648
132  28  0.0184  0.0526  8.2475
140  28 -0.0202  0.0069  8.7585
148  28  0.0262  0.0051  9.1046
156  28  0.0043  0.0588 17.5527
164  28 -0.0050  0.0805 14.4415
172  28  0.0350  0.0551 22.3313
180  28  0.0022  0.0651 20.9326
188  28  0.0474 -0.0097 10.5908
196  28 -0.0074  0.0036  8.7065
204  28  0.0104  0.0290  8.8525
212  28  0.0070  0.0203  9.3760
220  28  0.0135  0.0009  9.2956
228  28  0.0310  0.0217  8.9176
236  28 -0.0250 -0.0148  8.6501
244  28 -0.0062  0.0043  8.8286
252  28  0.0160  0.0123 11.0231
260  28  0.0130 -0.0103 13.7770
268  28  0.1174 -0.0021 13.3983
276  28 -0.0062  0.0123 23.0270
284  28  0.0160  0.0159 13.0274
292  28  0.0131 -0.0111 10.7526
  4  36 -0.0139  0.0186  7.5535
 12  36  0.0047  0.0289  7.0648
 20  36  0.0131 -0.0457  6.3952
 28  36 -0.1366  0.0440  5.8086
 36  36  0.0882  0.3669  6.1440
 44  36  0.3367 -0.2350  7.2048
 52  36  0.0000 -0.9150  7.0459
 60  36  0.0000  0.2658 11.4828
 68  36 -0.0670 -0.0182 10.5213
 76  36  0.1572  0.0179 12.5203
 84  36  0.1232  0.0000 11.9696
 92  36  0.0064 -0.0069 10.2546
100  36  0.0103  0.0645  8.8432
108  36  0.0000 -0.1589  6.7921
116  36 -0.0811 -0.2432  6.7340
124  36 -0.0983 -0.0367  8.1120
132  36 -0.1192  0.0000  0.0000
140  36 -0.1930  0.0000  0.0000
148  36 -0.0093  0.0383  5.6840
156  36  0.1206  0.1350 13.6743
164  36  0.0448  0.0303 14.7922
172  36  0.0400  0.0643 10.9985
180  36 -0.0021  0.1027 16.1927
188  36  0.0620 -0.0144  7.2577
196  36  0.0000 -0.1669 12.6856
204  36 -0.0277  0.1233 14.1893
212  36 -0.0265  0.0479 12.7185
220  36  0.0276  0.0000 14.6166
228  36  0.1837  0.2064  8.3101
236  36  0.0409  0.0202 10.5520
244  36  0.0922 -0.0034 10.6934
252  36  0.0419  0.0000  8.5951
260  36  0.0858 -0.3534  8.8770
268  36 -0.5725  0.0000 13.3022
276  36 -0.1265  0.0354  8.4858
284  36  0.0427  0.0000  9.8011
292  36  0.2384  0.0822 10.0643
  4  44  0.2568  0.0000  9.4208
 12  44  0.1847 -0.2026 11.1091
 20  44 -0.0414 -0.1658 11.7731
 28  44  0.0456  0.0327 12.6750
 36  44  0.0320  0.0000 11.7813
 44  44 -0.0304 -0.0224 10.0703
 52  44 -0.0189 -0.1803  8.2857
 60  44 -0.1402 -0.2121  7.8243
 68  44 -0.3687  0.4540  5.9828
 76  44  0.0745  0.0000  7.0526
 84  44  1.0000  0.0000  9.2850
 92  44  0.2090  0.0000 11.1304
100  44  0.0832 -0.3131  9.8462
108  44 -0.1489  0.0000  0.0000
116  44 -0.1929  0.0000  0.0000
124  44 -0.0790  0.0000  0.0000
132  44  0.1923  0.0000  0.0000
140  44  0.5000 -0.5000  6.5641
148  44  0.0060  0.0335  5.7684
156  44  0.0366  0.2554 13.1926
164  44  0.0443  0.0814 14.1517
172  44  0.0258  0.0231 18.1520
180  44  0.0441  0.0739 15.1690
188  44  0.0641 -0.0032  6.9799
196  44 -2.1700 -1.2101  6.7623
204  44 -1.2414  0.0000  8.2706
212  44 -0.3945  0.0000  8.7453
220  44  0.0656  0.0000  9.4135
228  44  0.0996  0.0167 10.4918
236  44  0.0041  0.0514 12.1983
244  44 -0.0326  0.0000 12.4405
252  44  0.0551  0.0000 16.2968
260  44  0.0380  0.0000 11.0903
268  44 -0.0485  0.0000 11.0903
276  44 -0.2539  0.0000 11.0903
284  44 -0.0792  0.0000 11.0903
292  44 -0.1824 -0.1718 14.4079
  4  52 -0.0341  0.0000  8.5951
 12  52 -0.0131  0.1035  7.1215
 20  52  0.2056  0.0254  7.7005
 28  52  0.0229  0.0000 11.1304
 36  52 -0.3846  0.0000  0.0000
 44  52 -0.4610  0.0000  0.0000
 52  52 -0.2432  0.0000  0.0000
 60  52  0.0211  0.0000  0.0000
 68  52  0.0921  0.0000  0.0000
 76  52 -0.2762  0.0000  0.0000
 84  52 -0.1276 -0.3321 10.3409
 92  52  0.1812  0.0000 11.1304
100  52  0.1960  0.0000 11.1304
108  52 -0.0207  0.0000  0.0000
116  52 -0.3842  0.0000  0.0000
124  52 -1.4557  0.0000  0.0000
132  52 -1.0246  0.0000  0.0000
140  52 -0.3330  0.0000  9.4208
148  52  0.0549  0.0738  7.7195
156  52  0.0231  0.2106 15.9868
164  52  0.0480  0.3604 11.7909
172  52 -0.0086  0.3353 10.3062
180  52  0.0426  0.1678 21.2069
188  52 -0.0274  0.0030  6.5709
196  52  0.0000 -0.1760 15.0588
204  52 -0.5000  0.1688 10.2534
212  52  0.1555  0.2503 10.4938
220  52  0.0000 -0.1885  9.5387
228  52  0.0567 -0.0860 10.8667
236  52  0.0122  0.0924 11.1554
244  52 -0.0175  0.0720 10.2622
252  52  0.0540 -0.1472 11.8597
260  52 -0.4655  0.0000 13.7993
268  52 -0.1865 -0.1319  8.1788
276  52 -0.0282  0.0168 12.2480
284  52  0.0185 -0.0936 13.8207
292  52 -0.1402  0.0518  9.5652
  4  60 -0.5000  0.0000 11.1304
 12  60  0.1125  0.0000  0.0000
 20  60  0.6215  0.0000  0.0000
 28  60  0.3143  0.0000  0.0000
 36  60 -0.0475  0.0000  0.0000
 44  60 -0.3553  0.0000  0.0000
 52  60 -0.6523  0.0000  0.0000
 60  60 -0.3907  0.0000  0.0000
 68  60 -0.0518  0.0000  0.0000
 76  60  0.0000 -0.5000  8.8276
 84  60 -0.0391 -0.5000  9.3822
 92  60 -0.0225  0.0000 16.2126
100  60 -0.0608  0.0608 17.5287
108  60 -0.2286  0.0000  0.0000
116  60 -0.5000 -0.0200  8.5235
124  60  0.1340  0.1121 13.6456
132  60  0.1780 -0.2756  7.6418
140  60  0.1939  0.0000 12.0628
148  60 -0.0554 -0.1538  6.0918
156  60  0.0000 -0.0555  5.6145
164  60  0.0231 -0.1164  5.7179
172  60 -0.0058 -0.1409  5.8651
180  60 -0.1330 -0.0799  6.1228
188  60 -0.2051 -0.9376  5.6511
196  60  2.5000  0.0000  8.8276
204  60  1.1171  0.0000  0.0000
212  60  0.3143  0.0000  0.0000
220  60 -0.0406  0.0000  0.0000
228  60  0.0399  0.0000  0.0000
236  60  0.8204  0.0000  0.0000
244  60  1.5263  0.0000  7.8087
252  60  0.4351  0.0000 10.8982
260  60  0.0145  0.1321 10.6586
268  60 -0.0631 -0.0074 11.2490
276  60  0.0388  0.0000 13.3565
284  60  0.1195  1.0576  7.0137
292  60 -0.1458  0.2418 12.3157
  4  68 -1.5000  0.0000  8.2581
 12  68 -0.8415  0.0000  0.0000
 20  68 -0.2598  0.0000  0.0000
 28  68 -0.0905  0.0000 11.1304
 36  68 -0.1574  0.0000  0.0000
 44  68 -0.3944  0.0000 11.1304
 52  68  0.0221  0.0000  0.0000
 60  68  0.1431  0.0000  0.0000
 68  68  0.0875  0.0000  0.0000
 76  68 -0.1468  0.0606 20.5432
 84  68 -0.3209  0.0317  8.3349
 92  68 -0.1856  0.3582 11.0108
100  68 -0.0871 -0.2877 13.9705
108  68 -0.1829  0.0000 11.1304
116  68 -0.1302  0.0000 11.1304
124  68  0.4544  0.0000 11.1304
132  68  0.0000  0.1960 11.1304
140  68 -0.0687  0.0000 11.1304
148  68 -0.1502  0.0294 11.7575
156  68  0.2590  0.0000 11.1304
164  68  1.1108  0.0000 16.1088
172  68  2.5000  0.0000  8.8276
180  68  0.1685 -0.0568  9.6865
188  68  0.1929  0.0000  0.0000
196  68  0.7886  0.0000  0.0000
204  68  0.7158  0.0000  0.0000
212  68  0.3285  0.0000  0.0000
220  68 -0.1335  0.0000  0.0000
228  68 -0.9115  0.0000  0.0000
236  68 -0.5717  0.0000  0.0000
244  68  0.0157  0.0000  0.0000
252  68  0.0688  0.0915  5.4468
260  68  0.0418  0.1521 12.6567
268  68 -0.4043  0.4043  8.0000
276  68 -0.0151 -0.4173  8.4367
284  68  0.0180  0.0309 16.0475
292  68  0.0000 -0.5000  8.8276
  4  76 -0.1885  0.0000 11.1304
 12  76 -0.4124  0.0000  0.0000
 20  76 -0.5228  0.0000  0.0000
 28  76 -1.1442  0.0000  0.0000
 36  76 -0.5000  4.5000  4.0635
 44  76 -0.2136  0.2159 14.8252
 52  76 -1.1274  0.3357  8.3633
 60  76  0.0000  0.2917 11.1304
 68  76  0.0000 -0.1696 12.5902
 76  76 -0.1251 -0.4202  7.2308
 84  76  0.0826  0.0733 12.0249
 92  76 -0.1204  0.0523  9.0185
100  76  0.8424  0.0000  9.7047
108  76  0.0000  0.1469 10.3584
116  76  0.3392  0.0000 12.0628
124  76  1.5000  0.0000  8.2581
132  76  1.0280  0.0000  0.0000
140  76  0.1798  0.0246 17.0238
148  76  0.0422  0.0000 12.8600
156  76 -0.2905  0.0000 12.0628
164  76 -0.0844  0.1282  8.5523
172  76  0.5000  0.0000  8.4768
180  76  0.1680  0.1348  7.3416
188  76 -0.2379  0.0000  0.0000
196  76 -0.3189  0.0000  0.0000
204  76 -0.0142  0.0000  0.0000
212  76 -0.0013  0.0000  0.0000
220  76  0.0099  0.0000  0.0000
228  76 -0.1702  0.0000  0.0000
236  76 -0.4760  0.0000  0.0000
244  76 -0.8102  0.0000  0.0000
252  76 -2.3075  0.0000  0.0000
260  76 -1.5000  0.0000  8.2581
268  76  0.5000  0.0000 11.1304
276  76 -0.1071  0.0000  0.0000
284  76  0.0614  0.0000 16.1088
292  76  0.0517  0.1006 10.0204
  4  84  0.2851  0.0000 11.9011
 12  84  0.4839  0.0000 11.1304
 20  84  0.3436  0.0000  0.0000
 28  84  0.5513  0.0000  0.0000
 36  84  0.1376  0.4408 10.6274
 44  84 -0.2824  0.3424  8.9873
 52  84  0.0101  0.1146 17.4161
 60  84  0.2761  0.0806  9.3746
 68  84 -0.9305  0.3479  7.6910
 76  84  0.0670  0.0790  9.0146
 84  84 -0.0209 -0.1807  9.8998
 92  84  0.0644 -0.2854  7.0842
100  84  0.1747 -0.0496 11.4364
108  84  1.0496  0.0000  9.4208
116  84 -0.2645  0.0585 13.3056
124  84 -0.1841 -0.0418 12.3683
132  84  0.1290  0.0106 12.7593
140  84  0.0000  0.0515  9.7439
148  84  0.0770 -0.1740 10.2774
156  84 -0.1056  0.0000  0.0000
164  84 -0.5094  0.0000  0.0000
172  84 -1.0105  0.0000  0.0000
180  84 -1.6667  0.0000  0.0000
188  84 -0.8494  0.0000  0.0000
196  84  0.2440  0.0000  0.0000
204  84  0.2858  0.0000  0.0000
212  84  0.2715  0.0000  0.0000
220  84  0.5596  0.0000  0.0000
228  84  1.0593  0.0000  0.0000
236  84  1.3951  0.0000  0.0000
244  84  1.2044  0.0000  0.0000
252  84  1.1309  0.0000  0.0000
260  84  1.5000  0.0000  8.2581
268  84  0.4044  0.0000  0.0000
276  84  0.0000  2.5000  8.8276
284  84  0.0000  2.5000  8.8276
292  84 -0.1474  0.0000  0.0000
  4  92  0.0101  0.1146 17.4161
 12  92 -0.0192  0.1864 11.8154
 20  92  0.0235  0.3939  8.7892
 28  92  1.1691  0.1576  7.2102
 36  92  3.2568 -0.1448  7.4914
 44  92  0.3807  0.1072  9.5618
 52  92  0.0988  0.1577  9.3183
 60  92 -0.0192  0.1864 11.8154
 68  92  0.1000  0.2037  7.3977
 76  92  0.0000 -2.0000 11.1304
 84  92 -0.0284  0.0000  0.0000
 92  92 -0.5008  0.0000  0.0000
100  92 -1.0886  0.0000  0.0000
108  92 -0.1546  0.0660 18.6254
116  92 -0.1014  0.0633 14.0729
124  92  0.0556  0.0000 11.1304
132  92  0.2907 -0.0403 10.5761
140  92  0.2802  0.0546 12.7691
148  92  0.9433  0.0000  0.0000
156  92  1.7281  0.0000  0.0000
164  92  2.2750  0.0000  0.0000
172  92  1.6462  0.0000  0.0000
180  92  0.7394  0.0000  0.0000
188  92  1.4733  0.0000  0.0000
196  92  0.6754  0.0000  0.0000
204  92  1.1108  0.0000  0.0000
212  92  2.3268  0.0000  0.0000
220  92  1.8248  0.0000  0.0000
228  92  0.6380  0.0000  0.0000
236  92 -0.1174  4.1710 14.6131
244  92 -0.0480  0.0000  0.0000
252  92  0.9560  0.0000 11.1304
260  92  2.1145  0.0000  0.0000
268  92  0.9183  0.0000  0.0000
276  92  0.5000  0.0000 11.1304
284  92 -0.0294  0.0000 11.1304
292  92 -0.0457  0.0000  0.0000
  4 100 -0.1404  0.0000 16.1088
 12 100  0.1960 -0.5000 11.1304
 20 100 -0.3916  0.0000  8.0000
 28 100 -0.9537  0.0000  0.0000
 36 100  0.9225  0.0000  0.0000
 44 100  0.1780  0.2756  7.6418
 52 100 -0.5000  0.3577 12.8000
 60 100 -0.5000 -0.0391  9.3822
 68 100  0.4043  0.4043  8.0000
 76 100  1.0257  0.0000  0.0000
 84 100  1.6971  0.0000 11.1304
 92 100  2.5000  0.0000  8.8276
100 100  1.5000 -0.2330  7.1424
108 100 -0.5000  0.0000  8.8276
116 100  1.5000  0.0000  8.2581
124 100  0.1215 -0.1200 17.1775
132 100  1.3824  0.0000 16.1088
140 100  4.5000 -0.1174 13.8795
148 100  3.4063  0.0000  0.0000
156 100  0.8556  0.0000  0.0000
164 100 -0.5000  0.0000  8.8276
172 100 -0.5434  0.0000  0.0000
180 100  0.1238  0.0000  0.0000
188 100  0.9027  0.0000  0.0000
196 100  0.4374  0.0000  0.0000
204 100 -0.0244  0.0000  0.0000
212 100 -0.4032  0.0000  0.0000
220 100 -0.0333  0.0000  0.0000
228 100 -0.5000 -0.5000  4.0635
236 100  0.3732 -0.3694 10.3318
244 100 -0.0150  0.0000  0.0000
252 100 -0.5000  0.0000  8.8276
260 100  1.6046  0.0000  0.0000
268 100  0.2733  0.0000  0.0000
276 100 -0.5000 -0.0448  8.9013
284 100  0.0000  2.5000  8.8276
292 100  0.3095  0.0000 11.1304
  4 108  0.4003  0.2285 13.0252
 12 108  0.0649  0.0000  0.0000
 20 108 -0.4337 -0.0578  8.8276
 28 108  0.2292  0.0000  0.0000
 36 108  0.3047 -0.1210  7.0637
 44 108  0.6438  0.0000  0.0000
 52 108 -0.1760  0.0000 15.0588
 60 108 -0.5000  0.0000  8.2581
 68 108  2.0763  0.0000  0.0000
 76 108  2.5000  0.0000  8.8276
 84 108  0.0000  2.5000  8.8276
 92 108 -0.6593  0.0000 16.1088
100 108 -0.8543  0.0000 11.1304
108 108 -0.5000 -0.5000  4.0635
116 108  0.2574 -0.2751  8.3097
124 108 -0.0358  0.0000 15.0472
132 108 -0.2838  0.0000  0.0000
140 108 -0.3468  2.5000 10.2045
148 108  1.2382  0.0000 11.1304
156 108 -0.4681  0.0000  9.5738
164 108 -0.0578  0.0000  0.0000
172 108  0.0658  0.0000  0.0000
180 108  0.0849  0.0000  0.0000
188 108  2.0493  0.0000  0.0000
196 108  0.3132  0.0000  0.0000
204 108 -0.3369  0.0000  0.0000
212 108 -0.1018  0.0000  0.0000
220 108  0.0013  0.0000  0.0000
228 108 -0.2799  0.0000 11.1304
236 108 -0.7264  0.0000 11.1304
244 108 -0.8418  0.0000  0.0000
252 108 -0.2035  0.0000  0.0000
260 108  0.0419  0.2568 11.3179
268 108  0.0000 -0.1960 11.1304
276 108 -0.1873  0.1948 10.9597
284 108 -0.5000 -0.0255  9.7158
292 108 -0.1634  0.0000  0.0000
  4 116 -1.5000  2.5000  4.5230
 12 116  0.1786  0.7593  7.2485
 20 116 -0.1063  0.0000  6.9728
 28 116 -0.5000 -0.1588 10.5785
 36 116  0.0000  0.1556 12.2969
 44 116  0.0454 -0.2712 11.4725
 52 116  0.0610 -1.0000  8.9210
 60 116  0.5098  0.0000 11.1304
 68 116  1.8584  0.0000  0.0000
 76 116  4.5000  4.5000  4.0635
 84 116  1.4070 -0.1518 10.3087
 92 116  0.3088  0.0000  0.0000
100 116  0.2568 -0.0627  8.5469
108 116  0.5154  0.0000 16.1088
116 116  1.9118  1.1023  6.8052
124 116 -0.0413  0.0251  8.4502
132 116 -0.3533  0.0000  0.0000
140 116 -0.0495  0.0000  0.0000
148 116  0.1226  0.0000  0.0000
156 116 -0.2959 -1.8952  7.1776
164 116 -0.8754  0.0000  0.0000
172 116 -0.6326  0.0000  0.0000
180 116  0.0000  2.5000  8.8276
188 116  0.1275  0.0000  0.0000
196 116  0.0000 -0.5000  8.8276
204 116  0.2173  0.0000 11.1304
212 116  0.4854  0.0000  0.0000
220 116  1.4391  0.0000  0.0000
228 116  2.5000  0.0000  8.8276
236 116 -0.5000  0.0000  8.8276
244 116 -0.3639  0.0000  0.0000
252 116  0.2205  0.0000  0.0000
260 116  1.6190  0.0000 11.1304
268 116  3.5000  0.0944  8.7605
276 116  1.5528  0.0000  0.0000
284 116  0.5969  0.0000  0.0000
292 116  0.5325  0.0000 11.1304
  4 124  0.1140 -0.0347 17.0769
 12 124 -0.8975 -0.0839 12.1564
 20 124 -0.4245 -0.2969 10.9115
 28 124  0.0418  0.1521 12.6567
 36 124  0.5000  4.5000  4.0635
 44 124  0.1553  0.0000  0.0000
 52 124 -0.4784  0.0000 11.1304
 60 124 -0.3127  0.0000  0.0000
 68 124  0.2638  0.0000  0.0000
 76 124  0.9271  0.0000 14.5615
 84 124  1.3070  0.0337 12.4709
 92 124 -0.5000 -0.5000  4.0635
100 124 -0.2347 -0.6517  5.4468
108 124  0.0000 -0.5000  8.8276
116 124  0.5072  0.0000  0.0000
124 124  1.2598 -0.3841  7.4124
132 124  0.7617  0.0000  0.0000
140 124  0.6421  0.0000 11.1304
148 124  0.9288  0.0000 11.1304
156 124  1.2038  0.0000 16.1088
164 124 -0.5000 -0.5000  4.0635
172 124 -0.2894  0.0000  0.0000
180 124  0.0000 -4.6564 12.4564
188 124  0.2346  0.0000  0.0000
196 124  0.0000 -0.5000  8.8276
204 124 -0.0321  0.0000 11.1304
212 124 -0.2629  2.0325  8.3478
220 124  0.0000  0.0000 11.1304
228 124  0.0000 -0.5000  8.8276
236 124 -0.1151  0.1151 16.5161
244 124  0.4043 -0.4043  8.0000
252 124  1.9024  0.0000  0.0000
260 124 -0.1574 -0.1142  6.4229
268 124 -1.1182  0.0000 16.1088
276 124 -1.0210  0.0000 11.1304
284 124 -0.3853  0.0000  0.0000
292 124  0.2192  0.0000 16.1088
  4 132  0.7536  0.0000 16.1088
 12 132  0.9232  0.0000  0.0000
 20 132  0.1795  0.0000  0.0000
 28 132  0.5000  0.0000 11.1304
 36 132  0.0791  0.0000  0.0000
 44 132 -0.1600  0.0000  0.0000
 52 132 -0.5000  4.5000  4.0635
 60 132 -0.0626  0.0000  0.0000
 68 132  0.0000  2.5000  8.8276
 76 132 -0.2611 -0.1783  7.6338
 84 132 -0.0531  0.0000  0.0000
 92 132 -0.4043 -0.4043  8.0000
100 132  0.0585  0.2413 13.6170
108 132 -0.1918  0.0000  0.0000
116 132 -0.5198  0.0000  0.0000
124 132 -0.8920  0.0000  0.0000
132 132 -0.7505  0.0000  0.0000
140 132 -0.3855  0.0000  0.0000
148 132  0.1032  0.0000  0.0000
156 132 -0.1572  0.0000  0.0000
164 132 -0.3092 -0.0444 11.3350
172 132 -0.5000  0.0000  8.8276
180 132  4.0000  2.2607  5.9828
188 132  0.0000  2.5000  8.8276
196 132 -0.5000  4.5000  4.0635
204 132 -1.1838  2.5000  7.5779
212 132 -0.3308  0.1127 11.8471
220 132 -0.0048  0.0000  0.0000
228 132  0.2504  0.0000 11.1304
236 132  0.2748  0.0000  0.0000
244 132 -0.1151  0.1151 16.5161
252 132 -0.1063  0.0000  6.9728
260 132  0.0000  2.5000  8.8276
268 132 -0.0517  0.0000  0.0000
276 132 -0.2640  0.0000  0.0000
284 132  0.0000 -0.5000  8.8276
292 132 -0.0631  0.0000 16.1088
  4 140 -0.3487  0.0000  0.0000
 12 140 -0.4696  0.0000  0.0000
 20 140 -0.3414  0.0000 16.1088
 28 140 -0.2352  0.0000  0.0000
 36 140 -0.5000  4.5000  4.0635
 44 140 -0.8490  0.0000  0.0000
 52 140 -1.1457  0.0000  0.0000
 60 140 -0.9763  0.0000  0.0000
 68 140 -0.1912  0.0000 12.4272
 76 140  0.9336  0.0000  0.0000
 84 140  0.0000  5.0000 11.1304
 92 140 -0.5000  0.0000  8.8276
100 140 -2.8867  1.8833  5.4468
108 140  0.0000  5.0000 11.1304
116 140  0.8016  0.0000  0.0000
124 140  2.5000  4.5000  4.0635
132 140  0.0000  0.1063  6.9728
140 140 -0.3328  0.0000  0.0000
148 140 -0.2862  0.0000  0.0000
156 140 -0.1105  0.0000 17.0667
164 140  0.1068 -0.3135 15.1963
172 140  0.4349  0.0000 11.1304
180 140  0.9226  0.0000 11.1304
188 140  1.2292  0.0000  0.0000
196 140  0.9193  0.0000 16.1088
204 140  0.4404  0.0000 11.1304
212 140  0.4000  0.0000 11.1304
220 140  0.3057  0.0000  0.0000
228 140  0.0610  0.0000  0.0000
236 140 -0.4240  0.0000  0.0000
244 140  0.1784  0.0000  0.0000
252 140 -0.1313 -0.0812 16.9211
260 140 -0.5000  0.0000  8.8276
268 140 -0.8263  0.0000  0.0000
276 140 -1.1643  0.0000  0.0000
284 140 -1.2142  0.0000  0.0000
292 140 -0.5000 -0.0448  8.9013
  4 148  2.5000  0.0000  8.8276
 12 148  1.6298  0.0000 11.1304
 20 148  0.1960  0.0000 11.1304
 28 148 -5.4132 -0.4132  8.3478
 36 148 -0.1063 -5.0000  6.9728
 44 148  1.9811  0.0000  0.0000
 52 148  4.5000 -0.2391  8.2581
 60 148  1.2095  0.0000 16.1088
 68 148 -0.0293  0.0000  0.0000
 76 148 -0.2883  0.0000  0.0000
 84 148 -0.1101  0.0000 11.1304
 92 148  0.1151  0.1151 16.5161
100 148  1.4009  0.0000  0.0000
108 148  2.4980  0.0000  0.0000
116 148  3.0226  0.0000  0.0000
124 148  2.0985  0.0000  0.0000
132 148  1.0000  2.5000  9.2850
140 148  0.7652  0.0000  0.0000
148 148  0.7349  0.0000  0.0000
156 148  0.8668 -4.0756  8.5333
164 148  0.0000  2.5000  8.8276
172 148  1.8321  0.0000  0.0000
180 148  0.8338  0.0000  0.0000
188 148 -0.4043 -0.4043  8.0000
196 148 -0.4806  0.0000 11.1304
204 148 -0.8266  0.0000 11.1304
212 148 -1.0550  0.0000 11.1304
220 148 -0.5562  0.0000  0.0000
228 148  0.9261  0.0000 11.1304
236 148  0.9591  0.0000 11.1304
244 148 -0.0166  0.0000  0.0000
252 148 -2.3386  0.0000  0.0000
260 148 -0.3864  0.0000  0.0000
268 148  1.4635  0.0000  0.0000
276 148  3.6923  0.0000  0.0000
284 148  1.2238  0.0000  0.0000
292 148  0.0164  0.0000  0.0000
  4 156 -0.0542  0.0000 11.1304
 12 156  0.8485  0.0000  0.0000
 20 156  2.0599  0.0000  0.0000
 28 156  2.9634  0.0000 11.1304
 36 156  3.8509  0.0000  0.0000
 44 156  4.5000 -0.5000  4.0635
 52 156  2.6663  0.0000 11.1304
 60 156  0.9749  0.0000  0.0000
 68 156  0.3577 -0.5000 13.4737
 76 156  0.3647  0.0000  0.0000
 84 156  1.2574  0.0000 11.1304
 92 156  2.5000  0.0000  8.8276
100 156  4.5000 -0.5000  4.0635
108 156  1.6805  0.0000  0.0000
116 156 -0.0000  0.3468 11.6594
124 156  0.1927  0.0788 17.1842
132 156 -0.2024  0.0000  9.2850
140 156 -0.7647  0.0000  0.0000
148 156 -0.8062  0.0000  0.0000
156 156 -0.6001  0.1776  6.9856
164 156  0.0285  0.0000 11.1304
172 156  0.2275  0.0000  0.0000
180 156  0.0000 -0.5000  8.8276
188 156 -0.2136  0.2159 14.8252
196 156  0.5667  0.0000  0.0000
204 156  1.9162  0.0000 11.1304
212 156  0.4884  0.0000  0.0000
220 156 -0.4010  0.0000  0.0000
228 156 -0.2360  0.0000  0.0000
236 156  1.4463  0.0000  0.0000
244 156  3.5000 -0.1203  5.4468
252 156  3.3947  0.0000  0.0000
260 156  3.2541  0.0000  0.0000
268 156  3.0346  0.0000  0.0000
276 156  1.3944  0.0000  0.0000
284 156 -0.5144  0.0000  0.0000
292 156 -2.5000  0.0000 11.1304
  4 164 -1.3678  0.0500  5.4468
 12 164 -0.0549  0.0000  0.0000
 20 164  0.5318  0.0000  0.0000
 28 164  0.0832 -0.3131  9.8462
 36 164 -0.5000  4.5000  4.0635
 44 164  0.0000  2.5000  8.8276
 52 164 -0.5000  0.0448  8.9013
 60 164  0.6445  0.0000  0.0000
 68 164  0.0832  0.3131  9.8462
 76 164 -0.1406  0.0000  0.0000
 84 164 -0.6652  0.0000  0.0000
 92 164 -0.3920  0.0000  0.0000
100 164  0.1529  0.0000 13.7892
108 164  0.5000  0.0000 11.1304
116 164  0.2227  3.2939  7.0459
124 164  0.2584  0.0000 21.6135
132 164  0.5000  0.0691  7.0932
140 164 -0.2707  0.0000  0.0000
148 164 -0.9696  0.0000  0.0000
156 164 -1.0000  2.5000  6.9531
164 164  0.7144  0.0000  0.0000
172 164  2.0515  0.0000  0.0000
180 164  1.8659  0.0000 11.1304
188 164  1.3506  0.0000 11.1304
196 164  1.2072  0.0000 11.1304
204 164  0.2034  0.0000  0.0000
212 164 -0.2424  0.0000 11.1304
220 164 -1.7244  0.0000  0.0000
228 164 -1.3708  0.0000  0.0000
236 164 -0.4524  0.0000  0.0000
244 164 -0.2940  0.0000  0.0000
252 164 -0.6663  0.0000  0.0000
260 164 -0.5241  0.0000  0.0000
268 164  0.3684  0.0000  0.0000
276 164  1.9250  0.0000  0.0000
284 164  3.8904  0.0000  0.0000
292 164  2.8297  0.0000  0.0000
  4 172  1.7278  0.0000  0.0000
 12 172 -0.3679  0.0000  0.0000
 20 172 -0.6319  0.0000 11.1304
 28 172 -0.0698  0.2911 10.5124
 36 172  0.3497  0.0000 11.1304
 44 172  0.3125  0.0000  0.0000
 52 172  0.2488  0.0000  0.0000
 60 172  0.2568  0.0627  8.5469
 68 172 -0.4562  0.0000 16.1088
 76 172 -0.7172  0.0000 11.1304
 84 172 -0.2706  0.0000  0.0000
 92 172  0.6903  0.0000 11.1304
100 172  0.8933  0.0000  1.0000
108 172  0.2654  0.0000  0.0000
116 172 -0.5000 -0.0255  9.7158
124 172  0.1068  0.3135 15.1963
132 172 -0.5000 -0.5000  4.0635
140 172  1.6293  0.0000  0.0000
148 172 -0.5000  4.5000  4.0635
156 172 -0.7601  0.0000  0.0000
164 172  0.0000 -0.5000  8.8276
172 172 -0.1709  0.0000  0.0000
180 172 -0.3959  0.0000 11.1304
188 172  0.0832 -0.3131  9.8462
196 172  0.5000  0.0000 11.1304
204 172  3.1227  0.0000  0.0000
212 172  5.8826 -0.5000  6.1440
220 172  3.9155  0.0000 11.1304
228 172  3.6382  0.0000  0.0000
236 172 -0.5000  0.0000  8.8276
244 172 -0.7837  0.0000 11.1304
252 172  0.0333  0.0000  0.0000
260 172  0.3080  0.0000  0.0000
268 172  0.3123  0.0000  0.0000
276 172  0.2817  0.0000  0.0000
284 172 -1.2383  0.0000  0.0000
292 172 -0.5180  0.0000 11.1304
  4 180  0.0000 -0.5000  8.8276
 12 180  1.1261  0.0000  0.0000
 20 180  1.6987  0.0000 16.1088
 28 180  0.7543  0.0000 11.1304
 36 180  0.0000 -0.5000  8.8276
 44 180 -0.1037  0.0000  0.0000
 52 180  0.0000 -0.5000  4.0635
 60 180  0.0000  2.5000  8.8276
 68 180  5.0000 -0.1876  8.5995
 76 180 -0.5000 -0.0391  9.3822
 84 180 -0.7411  0.0000  0.0000
 92 180 -0.0418  0.1521 12.6567
100 180 -0.0520  1.0937  6.0294
108 180 -0.0259  1.1992  7.1483
116 180  1.0793  0.0000  0.0000
124 180  0.2033  4.5000  5.7949
132 180  0.0000  2.0000 11.1304
140 180 -2.6909 -0.2480  7.2040
148 180 -0.5000 -0.5000  4.0635
156 180  5.0000 -0.5000  8.8276
164 180  0.0000  2.5000  8.8276
172 180 -0.4163  0.0000 11.1304
180 180  0.5000  4.5000  4.0635
188 180  0.3524  0.2632 11.6476
196 180  0.2626  0.0000  0.0000
204 180  0.2173  0.0000  0.0000
212 180 -1.9243  0.0000  0.0000
220 180  0.1090  0.0000  0.0000
228 180  1.5506  0.0000 11.1304
236 180  3.1170  0.0000  0.0000
244 180  3.6226  0.0000  0.0000
252 180  0.9396  0.0000  0.0000
260 180  0.4675  0.0000  0.0000
268 180  1.5497  0.0000  0.0000
276 180  2.5000  0.0000  8.8276
284 180  1.0277  0.0000  0.0000
292 180  2.6841  0.0000 11.1304
  4 188  0.2983  0.0000  0.0000
 12 188 -0.3468  2.5000 10.2045
 20 188 -0.5000  0.1588 10.5785
 28 188  0.0000  2.5000  8.8276
 36 188  0.6786  0.0000  0.0000
 44 188  1.5000  1.5000  7.5832
 52 188 -4.5000 -0.1174 13.8795
 60 188 -3.0348  0.0000  0.0000
 68 188 -3.4365  0.0000 16.1088
 76 188 -2.0658  0.0000  0.0000
 84 188 -0.5000  0.1867  6.5641
 92 188 -0.3099 -0.2623  7.7388
100 188 -0.1245 -0.1797  5.3341
108 188 -0.3035  1.4053  6.0664
116 188  0.2129  0.7976  4.3165
124 188  0.1321  0.0000  0.0000
132 188  0.0000 -5.0000 11.1304
140 188 -0.2271 -0.5000  9.5143
148 188  1.2555  0.0000 11.1304
156 188  2.5504  0.0000 11.1304
164 188  4.3101  0.0000 12.0628
172 188  5.5000 -0.5000  4.0635
180 188  0.0000 -5.0000 11.1304
188 188  0.0000 -4.6564 12.4564
196 188  1.6879  0.0000 11.1304
204 188  0.6686  0.0000  0.0000
212 188 -0.5000  4.5000  4.0635
220 188  0.8674  0.0000  0.0000
228 188  0.1314  0.0000  0.0000
236 188 -0.5401  0.0000  0.0000
244 188 -0.8027  0.0000  0.0000
252 188 -0.4083  0.0000  0.0000
260 188 -0.3342  0.0000  0.0000
268 188  0.5101  0.0000  0.0000
276 188 -1.5626  0.0000  0.0000
284 188 -0.4043 -0.4043  8.0000
292 188 -0.7027  0.0000 20.7059
  4 196  0.5041  0.0000 11.1304
 12 196  2.5000  0.0000  8.8276
 20 196  0.0666  0.0000  7.2590
 28 196  2.5000 -0.5000  7.6040
 36 196  1.1161  0.0000  0.0000
 44 196  0.5556  0.0000  0.0000
 52 196  0.1180 -0.5000  9.2850
 60 196 -0.3894  0.0000  0.0000
 68 196  5.5000 -0.5000  4.0635
 76 196  2.2406  0.0000  0.0000
 84 196  1.8706  0.0000  0.0000
 92 196  2.2591  0.0000  0.0000
100 196  2.5000  0.0000  8.8276
108 196  0.0065  0.0000  0.0000
116 196 -0.5000  2.8467  6.8449
124 196  2.6140  0.1140  7.3669
132 196  0.0000  0.1960 11.1304
140 196  2.5000  0.0000  8.8276
148 196  1.8187  0.0000  0.0000
156 196  0.5844  0.0000  0.0000
164 196 -0.2021 -0.2860 10.7438
172 196 -0.5000  0.0000 11.1304
180 196  0.0095  0.0000  0.0000
188 196 -1.3139  0.3311  8.0688
196 196  0.9468  0.0000 11.1304
204 196  0.7206  0.0000  0.0000
212 196  0.9181  0.0000  0.0000
220 196  0.6946  0.0000  0.0000
228 196  1.0740  0.0000  0.0000
236 196  1.5405  0.0000  0.0000
244 196  0.5070  0.0000  0.0000
252 196  1.2066  0.0000  0.0000
260 196  0.5368  0.0000  0.0000
268 196  0.6070  0.0000  0.0000
276 196  0.5860  0.0000 16.1088
284 196  0.0391  2.5000  9.3822
292 196 -0.5000  0.0391  9.3822
  4 204  0.2275  0.0000  0.0000
 12 204  0.1616  0.0000  0.0000
 20 204 -0.2587 -0.1868 11.1614
 28 204  0.4635  0.0000  0.0000
 36 204  0.1960  2.5000 11.1304
 44 204 -0.1506  2.3038  4.0635
 52 204  0.5689  0.0000  0.0000
 60 204 -0.1180  2.5000  9.2850
 68 204  2.5000  0.0000 11.1304
 76 204  1.7768  0.0000  0.0000
 84 204  0.9467  0.0000  0.0000
 92 204  1.5574  0.0000  0.0000
100 204  1.7898  0.0000 16.1088
108 204  2.5000 -0.5000  4.0635
116 204 -0.1068 -0.3135 15.1963
124 204  2.7620  2.5000  9.9740
132 204  2.0363  0.0000  0.0000
140 204  1.4265  0.0000  0.0000
148 204  0.8871  0.0000  0.0000
156 204  0.6018  0.0000  0.0000
164 204  0.1556  0.0000 12.2969
172 204 -0.2075  0.0000  0.0000
180 204 -0.2006  0.0000  0.0000
188 204 -0.5000 -0.5000  4.0635
196 204  0.9548  0.0000 16.1088
204 204  1.7497  0.0000  0.0000
212 204  1.8635  0.0000  0.0000
220 204 -2.4331  0.0000  0.0000
228 204 -0.8085  0.0000  0.0000
236 204 -0.3375  0.0000  0.0000
244 204 -0.5212  0.0000  0.0000
252 204 -0.1997  0.0000  0.0000
260 204  0.0000 -0.5000  8.8276
268 204  0.1063  0.0000  6.9728
276 204  0.2568  0.0627  8.5469
284 204  1.6713  0.0000  0.0000
292 204  2.0727  0.0000  0.0000
  4 212  0.8162  0.0000  0.0000
 12 212  0.2480  0.2134 10.5822
 20 212  2.5000  0.0000 11.1304
 28 212  1.6772  0.0000  0.0000
 36 212  0.1960 -0.5000 11.1304
 44 212 -0.7326  0.0000 11.1304
 52 212  0.0000  0.1960 11.1304
 60 212  0.8282  0.0000 16.1088
 68 212  0.8341  0.0000  0.0000
 76 212  0.4400  0.0000  0.0000
 84 212  0.2098  0.0000  0.0000
 92 212 -0.2492  0.0000  0.0000
100 212 -0.5020  0.0000  0.0000
108 212 -0.3585  0.0000  0.0000
116 212  0.2917  0.0000 11.1304
124 212  2.5000  4.5000  4.0635
132 212  3.6558  0.0000  0.0000
140 212  4.4977  0.0000  0.0000
148 212 -1.7777  0.0000  0.0000
156 212 -0.7030  0.0000  0.0000
164 212 -0.0698 -0.2911 10.5124
172 212 -0.3205  0.0000  0.0000
180 212 -0.3680  0.0000  0.0000
188 212 -0.3186  0.0000  0.0000
196 212 -0.1180 -0.5000  9.2850
204 212  2.5000  5.0000  8.8276
212 212  4.5000  4.5000  4.0635
220 212  2.1509  0.0000  0.0000
228 212  0.0000  5.0000 11.1304
236 212  0.1118  0.0000  0.0000
244 212  1.3709  0.0000  0.0000
252 212  1.0365  0.0000  0.0000
260 212  0.0231  0.0000  0.0000
268 212 -0.5189  0.0000  0.0000
276 212 -0.2742  0.0000  0.0000
284 212  0.5569  0.0000  0.0000
292 212  0.5483  0.0000  0.0000
  4 220  0.0000 -0.5000  8.8276
 12 220  0.0000  4.5000  9.3279
 20 220 -0.4643  0.0000 11.1304
 28 220 -0.6167  0.0000  0.0000
 36 220 -0.1416  0.0000 11.1304
 44 220  1.1512  0.0000  0.0000
 52 220  3.3984  0.0000  0.0000
 60 220  5.4140  0.0000 11.1304
 68 220  7.2942  0.0000  0.0000
 76 220  0.0000 -0.5000  8.8276
 84 220 -0.5000 -0.5000  4.0635
 92 220 -0.2819  0.0000  0.0000
100 220 -0.3330  0.0000  0.0000
108 220 -0.2768  0.0000  0.0000
116 220  0.2730  0.1571 13.1995
124 220  1.3463  0.0000  0.0000
132 220  3.6797  0.0000  0.0000
140 220  3.9039  0.0000  8.2581
148 220  0.3309  0.0637  7.1846
156 220 -0.9533  0.0000  0.0000
164 220 -0.0698 -0.2911 10.5124
172 220  0.7347  0.0000  0.0000
180 220  0.7166  0.0000  0.0000
188 220  0.2333  0.0000  0.0000
196 220  0.0000  4.6564 12.4564
204 220 -0.1222 -0.1960  5.0196
212 220  1.5000 -1.0000  7.4357
220 220  1.1747  0.0000  0.0000
228 220  0.2203  0.0000  0.0000
236 220 -0.4174  0.0000  0.0000
244 220 -1.0012  0.0000  0.0000
252 220 -1.1219  0.0000  0.0000
260 220 -0.3607  0.0000  0.0000
268 220  1.4642  0.0000  5.4468
276 220  4.1532  0.0000  0.0000
284 220  7.0985  0.0000  0.0000
292 220 10.0672  0.0000  0.0000
