VARIABLES= "X pix", "Y pix", "U pix/dt", "V pix/dt", "CHC", ZONE I=28, J=37
  4   4  0.0000 -0.0340 11.1915
 12   4  0.0000 -0.0064 10.8202
 20   4  0.0385  0.0000 10.9708
 28   4  0.1090  0.0000 11.7274
 36   4  0.1166  0.0000 10.9551
 44   4  0.0462  0.0000 11.0456
 52   4  0.0526  0.0283 11.0092
 60   4  0.0335  0.0000 11.0456
 68   4  0.0343  0.0000 11.0456
 76   4  0.0510  0.0013 11.0092
 84   4 -0.0172  0.0000 11.7311
 92   4 -0.0000  0.0000 10.8839
100   4 -0.0011 -0.0408 12.4329
108   4  0.0000  0.0181 11.3868
116   4 -0.0005  0.0163 11.4869
124   4 -0.0022  0.0000 11.1241
132   4  0.0000  0.0181 11.3868
140   4  0.0438  0.0000 11.0456
148   4  0.0447 -0.0309 11.2761
156   4  0.0390  0.0000 11.9483
164   4  0.0092  0.0000 11.8710
172   4 -0.0109  0.0000 10.9371
180   4  0.0120  0.0000 11.7754
188   4  0.0664  0.0000 11.7754
196   4  0.0038 -0.0732 11.8146
204   4  0.0000  0.0000 11.9407
212   4 -0.0440  0.0076 11.8930
220   4  0.0271 -0.0157 11.7974
228   4 -0.0819  0.0000 10.0949
236   4 -0.0340  0.0000 10.5606
244   4  0.0000  0.0000 10.2276
252   4  0.0838  0.0000 12.0819
260   4  0.0864 -0.0451 12.8732
268   4 -0.0052 -0.0260 12.0557
276   4  0.0000  0.1117 14.1284
284   4  0.0000  0.0675 13.4737
292   4 -0.0240  0.0000 11.1838
  4  12  0.0076  0.0000 12.8711
 12  12  0.0000 -0.0795 13.7927
 20  12  0.0512  0.0000 11.3629
 28  12  0.0371  0.0000 11.4939
 36  12 -0.0339 -0.0153  9.3431
 44  12  0.0000 -0.5000  8.4396
 52  12  0.0000  0.0000 20.0684
 60  12 -0.1218  0.0157 12.9363
 68  12 -0.0145 -0.0337 18.6427
 76  12 -0.0369 -0.0930 11.1003
 84  12  0.0107  0.2029  8.6368
 92  12  0.0002  0.0000  7.3911
100  12 -0.0206  0.0000  8.3068
108  12 -0.0122 -0.2420  8.2993
116  12  0.0949  0.0187  9.3016
124  12  0.0000 -0.0219 11.3442
132  12  0.0311  0.0000 11.2680
140  12  0.0426  0.0587 11.1585
148  12 -0.0888  0.0114  9.7673
156  12 -0.0628  0.0000 11.4382
164  12 -0.0279  0.0000 13.7235
172  12 -0.0000  0.0000  8.3603
180  12  0.0597 -0.0204 10.4334
188  12 -0.0191 -0.0207 11.3132
196  12  0.1036  0.1778 10.2185
204  12 -0.1366  0.0719  9.1838
212  12  0.0401 -0.1521 13.2879
220  12 -0.0412  0.0171 13.5245
228  12  0.0816  0.0000 14.4906
236  12  0.2322  0.0576  8.3660
244  12  0.1828  0.0000  7.9150
252  12  0.1216  0.1244  9.7153
260  12 -0.0150  0.0136 10.6693
268  12 -0.0198  0.0101  9.9766
276  12  0.0910  0.0223  7.8965
284  12 -0.0319  0.0000  7.2212
292  12 -0.0636  0.0000  8.4696
  4  20 -0.1710  0.1003 16.3200
 12  20 -0.0106  0.0000 13.6829
 20  20  0.0020  0.0000 12.7918
 28  20 -0.0147  0.0000 11.5293
 36  20  0.0019  0.0000 12.3789
 44  20  0.0011  0.0897 10.2284
 52  20  0.0000  0.0618 10.0674
 60  20  0.0274 -0.0394 13.2809
 68  20  0.0396  0.0000 14.3937
 76  20  0.0391 -0.0070 10.8759
 84  20  0.0000  0.0379 12.0725
 92  20  0.0012  0.0389  8.8054
100  20  0.0128  0.0147 13.8621
108  20 -0.0643  0.0343 13.0640
116  20 -0.0552  0.0000 14.2344
124  20  0.0042  0.0587 14.8827
132  20 -0.0741  0.0000 13.1721
140  20  0.0011  0.0178 13.1486
148  20 -0.0036 -0.0265 13.4000
156  20  0.0705  0.0000 13.4613
164  20  0.1456  0.0000 12.2209
172  20  0.1229  0.0000 20.6466
180  20  0.0660  0.0000 16.1354
188  20  0.0029  0.0021 18.1583
196  20  0.0016  0.0097 19.0008
204  20 -0.0025 -0.0134 25.6807
212  20 -0.0055  0.0041 21.4061
220  20  0.0296 -0.0302 17.1570
228  20  0.0000  0.1253  7.8222
236  20  0.1284 -0.0315 14.5117
244  20  0.0411  0.0194 17.7257
252  20  0.0000  0.0608 14.1919
260  20  0.0573 -0.0377 12.9910
268  20  0.0126 -0.0403 11.0026
276  20  0.0366  0.0466 13.2514
284  20 -0.0755  0.0215 12.2506
292  20 -0.0208  0.0000 17.8210
  4  28  0.0195  0.0000  9.5880
 12  28  0.0331  0.0000 10.7190
 20  28  0.0139  0.0000 11.6206
 28  28 -0.0010  0.0000 10.7455
 36  28 -0.0338  0.0000 11.1122
 44  28 -0.0226  0.0000 10.5698
 52  28  0.0000 -0.0033 10.6832
 60  28 -0.0240  0.0000 10.0734
 68  28  0.0082  0.0017 10.5781
 76  28  0.0051  0.0000 10.5041
 84  28  0.0111 -0.0030  9.4300
 92  28 -0.0063  0.0137  9.2220
100  28  0.0040 -0.0145 12.6585
108  28 -0.0148 -0.0152 13.3385
116  28 -0.0044 -0.0019  8.7558
124  28 -0.0049 -0.0023  9.1786
132  28 -0.0104  0.0026  8.5341
140  28  0.0058 -0.0013  8.8355
148  28 -0.0272  0.0033  9.1060
156  28 -0.0035 -0.0124 17.7543
164  28  0.0026 -0.0132 14.6373
172  28  0.0122  0.0000 21.5649
180  28  0.0076  0.0000 22.2698
188  28  0.0255  0.0000 10.7357
196  28 -0.0115 -0.0031  8.7650
204  28  0.0064  0.0021  8.9741
212  28 -0.0002  0.0005  9.4395
220  28 -0.0000  0.0000  9.3147
228  28 -0.0154  0.0022  8.9768
236  28  0.0288  0.0000  8.6727
244  28  0.0139 -0.0052  8.7824
252  28 -0.0051  0.0008 11.0402
260  28  0.0010  0.0178 14.2589
268  28  0.0063 -0.0017 13.4445
276  28  0.0159 -0.0149 23.0263
284  28 -0.0067 -0.0213 13.2141
292  28  0.0164  0.0000 10.6848
  4  36 -0.0008  0.0006  7.4519
 12  36 -0.0434  0.0015  7.2001
 20  36 -0.1781  0.0000  6.5309
 28  36 -0.0610  0.0000  6.2144
 36  36  0.0214  0.0000  8.0806
 44  36  0.1999  0.0000  9.0619
 52  36  0.3850  0.9449  6.4322
 60  36  0.1705  0.0000 14.6166
 68  36  0.0226  0.0000 10.3859
 76  36 -0.0651  0.0767 13.1762
 84  36 -0.0273  0.0000 11.9696
 92  36  0.0000  0.0000 10.1958
100  36  0.0198  0.0000  9.1038
108  36  0.0163  0.0000  6.6387
116  36  0.0255  0.0000  6.6229
124  36  0.0059  0.0000  8.9558
132  36  0.0062  0.0000  0.0000
140  36  0.0188  0.0000  8.8276
148  36  0.0282 -0.0122  5.7638
156  36 -0.0003 -0.0225 13.7069
164  36 -0.0123  0.0000 15.2882
172  36 -0.0016  0.0001 11.6226
180  36  0.0078  0.0000 16.2429
188  36 -0.0093  0.0000  7.3051
196  36 -0.0800  0.2526 12.4363
204  36 -0.0402  0.0000 15.9971
212  36 -0.0212  0.0000 13.3851
220  36  0.0328  0.0000 14.6166
228  36  0.0000 -0.1876  8.6893
236  36  0.0308  0.1268 11.5198
244  36 -0.3148  0.0336 11.2160
252  36 -0.0459 -0.1308  8.4268
260  36  0.0170  0.3441  8.0472
268  36  0.2183 -0.3170 10.9921
276  36  0.3077  0.0000  9.0870
284  36  0.1146  0.0000  9.8011
292  36 -0.0138  0.0000  9.5693
  4  44 -0.0513  0.0000  9.4208
 12  44 -0.0154  0.0000 11.0903
 20  44 -0.0141  0.0000 10.9531
 28  44  0.0115  0.1171 14.2850
 36  44  0.0162  0.1169 12.4758
 44  44  0.0304  0.0224 10.0703
 52  44  0.0104  0.1913  8.2342
 60  44 -0.0087 -0.1348  7.4537
 68  44  0.0137  0.0000  7.3143
 76  44  0.0451  0.0000  8.9379
 84  44  0.1345  0.5000  7.3745
 92  44 -0.0700  0.0000 11.1304
100  44  0.0000  2.5000  8.8276
108  44  0.0543  0.0000 11.1304
116  44  0.0861  0.0000 19.4783
124  44  0.1151  0.1151 16.5161
132  44 -0.0144  0.0000 14.4198
140  44 -0.0658  0.0000  0.0000
148  44  0.0462 -0.0112  5.8974
156  44  0.0505 -0.0251 13.5949
164  44  0.0048  0.0023 14.1563
172  44 -0.0085  0.0051 18.3025
180  44 -0.0100  0.0010 15.1052
188  44  0.0845  0.0000  7.2093
196  44  0.2415  0.5000  6.7414
204  44  0.1962 -0.1719  6.4000
212  44 -0.0367 -0.0780  8.5648
220  44 -0.0767  0.0000  9.4135
228  44 -0.0413  0.0000 10.5606
236  44  0.0116 -0.1429 11.0869
244  44 -0.0708  0.0000 12.4405
252  44 -0.1392  0.0186 16.5919
260  44  0.0606  0.0000 11.0903
268  44 -0.0130  0.0000 11.0903
276  44 -0.0272  0.0238 11.1899
284  44 -0.0611  0.0000 11.0903
292  44 -0.0080  0.1524 15.2409
  4  52  0.0222  0.1939  8.4826
 12  52  0.2073  0.0000  7.4479
 20  52 -0.1398  0.0000  8.2706
 28  52 -0.0651  0.0000 11.1304
 36  52  0.0402  0.0000  0.0000
 44  52  0.0409  0.0000 11.1304
 52  52  0.0000  2.5000  8.8276
 60  52 -0.1149  0.0000  0.0000
 68  52 -0.2387  0.0000  0.0000
 76  52 -0.2780  0.1270 13.3759
 84  52  1.3737  0.3471  8.2581
 92  52  0.8899  0.0000 11.1304
100  52  0.4041  0.0000 11.1304
108  52  0.1355  0.0000 11.1304
116  52  0.0985  0.0000 11.1304
124  52  0.0991  0.0000 17.0667
132  52  0.0110  0.0000 13.1641
140  52 -0.0807  0.0000  9.4208
148  52 -0.0045 -0.0083  7.5711
156  52  0.0086 -0.0173 20.9591
164  52  0.0185 -0.0028 11.3518
172  52 -0.0121 -0.0016 10.2072
180  52  0.0107 -0.0094 26.3706
188  52  0.4538  0.0000  6.6310
196  52  0.0000 -0.1556 12.2969
204  52 -0.1215  0.0000 13.0803
212  52 -0.1512 -0.0437 12.6826
220  52 -0.0316  0.1949  9.3881
228  52 -0.0265  0.0438 10.8151
236  52  0.2083  0.0122 11.8362
244  52 -0.1349  0.0194 11.6499
252  52 -0.1187  0.0000 11.0903
260  52  0.0179  0.0423 15.1609
268  52 -0.0372  0.0000  8.5951
276  52  0.0129  0.0046 12.2807
284  52 -0.0265  0.0479 12.7185
292  52  0.1332 -0.0797  9.6507
  4  60  0.2802  0.0000 11.1304
 12  60  1.0939  0.0000  0.0000
 20  60  0.8827  0.0000  0.0000
 28  60  0.3930  0.0000  0.0000
 36  60  0.0831  0.0000  0.0000
 44  60  0.0619  0.0000  0.0000
 52  60 -0.0231  0.0000  0.0000
 60  60 -0.1222  0.0000  0.0000
 68  60 -0.0114  0.0000  0.0000
 76  60  0.5513  0.0000 11.1304
 84  60  0.1663  0.5000 10.1510
 92  60  0.0841  0.0000 16.2126
100  60  0.1146 -0.0101 17.4161
108  60  0.5944  0.0000  0.0000
116  60  1.3070 -0.0337 12.4709
124  60  0.2272 -0.0241 12.9826
132  60 -0.0522  0.0000  8.0000
140  60 -0.0967  0.0000 12.0628
148  60 -0.0347  0.0094  6.1481
156  60 -0.0227  0.0000  5.6566
164  60 -0.0013 -0.0283  5.6529
172  60 -0.0107  0.0071  5.9050
180  60  0.0713  0.0543  6.0500
188  60 -0.1498  0.1080  7.2325
196  60 -0.3151  0.0000 11.1304
204  60 -0.2780  0.0000  0.0000
212  60 -0.0521  0.0000  0.0000
220  60  0.2454  0.0000  0.0000
228  60  0.4390  0.0000  0.0000
236  60  0.7288  0.0000  0.0000
244  60  0.5774  0.0000  7.8087
252  60  0.1192  0.0000 10.8982
260  60 -0.1095 -0.0327 12.3871
268  60  0.0631  0.0074 11.2490
276  60 -0.0735  0.0000 13.3565
284  60 -0.2219  0.0000  9.2086
292  60 -0.0387 -0.0767 15.5165
  4  68  1.5000  0.0000  8.2581
 12  68  0.8900  0.0000  0.0000
 20  68  0.3296  0.0000  0.0000
 28  68  0.1606  0.0000 11.1304
 36  68  0.4028  0.0000  0.0000
 44  68  0.7287  0.0000 11.1304
 52  68  0.2300  0.0000 11.1304
 60  68  0.0403  0.0000  0.0000
 68  68 -0.0150  0.0000  0.0000
 76  68 -0.0191  0.0000 25.1280
 84  68  0.0061 -0.0328  9.0943
 92  68  0.1987  0.2617 11.8788
100  68  3.7576  0.0000 16.7181
108  68  2.3152  0.0000 11.1304
116  68  0.1866  0.0000 11.1304
124  68 -0.3700  0.0000 11.1304
132  68 -0.5000 -0.1180  9.2850
140  68 -0.0837  0.0000 11.1304
148  68  0.2990  0.0000 11.2521
156  68  0.3803  0.0000 11.1304
164  68  0.4106  0.0000 16.1088
172  68  0.3608  0.0000 11.1304
180  68 -0.0818  0.0266 10.4000
188  68 -0.0332  0.0000 11.1304
196  68  0.0758  0.0000  0.0000
204  68 -0.0296  0.0000  0.0000
212  68 -0.1420  0.0000  0.0000
220  68  0.0305  0.0000  0.0000
228  68  0.7332  0.0000  0.0000
236  68  0.6484  0.0000  0.0000
244  68  0.0983  0.0000 11.1304
252  68 -0.0967  0.0000 11.1304
260  68 -0.0418 -0.1521 12.6567
268  68  0.1637  0.0000 16.1088
276  68  0.0000 -0.0000  9.2190
284  68  0.0656  0.0326 15.2216
292  68  0.0293  0.0000 11.1304
  4  76 -0.0852  0.0000 11.1304
 12  76 -0.2463  0.0000  0.0000
 20  76 -0.4028  0.0000  0.0000
 28  76  6.9545  0.0000  0.0000
 36  76  4.5000 -0.5000  4.0635
 44  76  0.1140 -0.1079 19.3902
 52  76  0.1282  0.0505 10.0722
 60  76 -0.3352  0.0000 13.0803
 68  76  0.0000 -0.1469 10.3584
 76  76  0.3327  0.3213  8.1270
 84  76  0.1761  0.0000 11.3257
 92  76  0.0455  0.0000  8.7415
100  76  0.3329 -0.0842  7.1879
108  76  0.0661  0.0000 12.0628
116  76  0.2404  0.0000 12.0628
124  76  0.2408  0.0000  8.2581
132  76  0.0806  0.0000  0.0000
140  76 -0.0800  0.0000 21.6135
148  76 -0.0957  0.0000 12.8600
156  76  0.0000 -1.7251  8.5018
164  76  0.2907 -0.0403 10.5761
172  76 -0.3147 -1.2235  7.7576
180  76 -0.2857  0.0000 10.4446
188  76 -0.0686  0.0000  0.0000
196  76  0.0401  0.0000  0.0000
204  76  0.0130  0.0000  0.0000
212  76  0.1131  0.0000  0.0000
220  76  0.0589  0.0000  0.0000
228  76 -0.1834  0.0000  0.0000
236  76 -0.5617  0.0000  0.0000
244  76 -1.1929  0.0000  0.0000
252  76  6.1092  0.0000 11.1304
260  76  2.7214  0.0000 11.1304
268  76 -0.5000  0.0000 11.1304
276  76  2.5000  0.0000  8.8276
284  76  0.0000 -0.5000  8.8276
292  76 -0.2650  0.0000 10.7692
  4  84 -0.1513  0.0000 11.9011
 12  84 -0.2709  0.0000 11.1304
 20  84 -0.4506  0.0000  0.0000
 28  84 -0.4515  0.0000  0.0000
 36  84 -0.4260  0.0751 13.3741
 44  84  0.2719  0.3060  8.4322
 52  84  0.2985  0.0000 19.4783
 60  84  0.1397  0.0000 11.9011
 68  84  0.0000 -0.3147  7.9175
 76  84  0.0415  0.0722  9.1176
 84  84  0.1664  0.0533  9.1048
 92  84  0.0000  0.3764  7.3143
100  84 -0.3198  0.0000 11.0983
108  84 -0.2404  0.0000  9.4208
116  84  0.1151 -0.1151 16.5161
124  84  0.1117  0.0000 16.1088
132  84  0.0132  0.0000 14.2815
140  84  0.1318 -0.0214 11.1304
148  84  0.0491 -0.1464  6.9046
156  84 -0.2565  0.0000  0.0000
164  84 -0.6652  0.0000  0.0000
172  84 -1.5000  0.0000  8.2581
180  84  3.6462  0.0000  0.0000
188  84  1.3468  0.0000  0.0000
196  84 -0.1205  0.0000  0.0000
204  84  1.0834  0.0000  0.0000
212  84 -0.0027  0.0000  0.0000
220  84 -0.4212  0.0000 13.5576
228  84 -0.4573  0.0000  0.0000
236  84 -0.6075  0.0000  0.0000
244  84 -0.9193  0.0000  0.0000
252  84 -1.2657  0.0000  0.0000
260  84 -1.5000  0.0000  8.2581
268  84 -0.4812  0.0000  0.0000
276  84  0.0000 -0.5000  8.8276
284  84  0.0199  0.0000 11.1304
292  84 -0.0400  0.0000  0.0000
  4  92  0.0023  0.0000 19.4783
 12  92  0.0192 -0.1864 11.8154
 20  92 -0.0974  0.0000 11.0903
 28  92 -0.2869 -0.0431  7.2883
 36  92 -0.2438  0.0867 10.2774
 44  92  0.0169 -0.2148  8.9756
 52  92  0.2268 -0.0419 11.2011
 60  92 -0.0948  0.0057 10.8041
 68  92 -0.1879  0.0000  8.0000
 76  92 -0.2603  0.0000 11.1304
 84  92 -0.3232  0.0000 11.1304
 92  92 -0.3380  0.0000  0.0000
100  92 -0.6114  0.0000  0.0000
108  92  1.4196  0.0000 20.7059
116  92  0.1014 -0.0633 14.0729
124  92 -0.5000  0.0000  8.8276
132  92  0.1210  0.0000 11.9011
140  92 -0.3696 -0.2945  8.0000
148  92 -0.5000  0.0000  8.8276
156  92 -0.4011  0.0000  0.0000
164  92 -0.5154  0.0000  0.0000
172  92 -0.8619  0.0000  0.0000
180  92 -1.1926  0.0000  0.0000
188  92 -1.1296  0.0000  0.0000
196  92 -0.4414  0.0000  0.0000
204  92 -0.1207  0.0000  0.0000
212  92 -0.1268  0.0000  0.0000
220  92 -0.1716  0.0000  0.0000
228  92 -0.0180  0.0000  0.0000
236  92  0.1960 -0.5000 11.1304
244  92  0.0248  0.0000  0.0000
252  92 -0.0464  0.0000  0.0000
260  92  0.2258  0.0000  0.0000
268  92  0.8366  0.0000  0.0000
276  92  1.1393  0.0000 11.1304
284  92  0.4817  0.0000 11.1304
292  92 -0.2492  0.0000  0.0000
  4 100 -0.4288  0.0000 16.1088
 12 100 -0.1960  2.5000 11.1304
 20 100  0.4043 -0.4043  8.0000
 28 100  1.0351  0.0000  0.0000
 36 100  0.3220  0.0000  0.0000
 44 100 -0.4976  0.0000  8.0000
 52 100 -0.7941  0.0000 20.7059
 60 100  0.0000  0.1960 11.1304
 68 100 -0.4043 -0.4043  8.0000
 76 100 -0.0079  0.0000  0.0000
 84 100  0.1884  0.0000 11.1304
 92 100  0.0881  0.0000 16.1088
100 100 -0.3279  0.0000  8.0842
108 100 -0.7005  0.0000 16.1088
116 100 -0.4324  0.0000  8.2581
124 100  0.0288  0.0000 15.7166
132 100 -0.0225  0.0000 16.1088
140 100 -0.2292  0.0000 16.1088
148 100 -0.4072  0.0000 11.1304
156 100 -0.2329  0.0000 16.1088
164 100 -0.0358  0.0000  0.0000
172 100 -0.0352  0.0000 11.1304
180 100  0.0876  0.0000 11.1304
188 100  0.6692  0.0000  0.0000
196 100  1.9779  0.0000  0.0000
204 100  2.6888  0.0000  0.0000
212 100  1.3487  0.0000  0.0000
220 100 -0.2694  0.0000  0.0000
228 100 -0.4066  0.0000  0.0000
236 100  0.3213  0.0000 11.1304
244 100  1.4955  0.0000  0.0000
252 100  2.8452  0.0000 16.1088
260 100 -0.1174 -4.1710 14.6131
268 100 -0.8524  0.0000  0.0000
276 100 -1.3070  0.0337 12.4709
284 100 -0.1681 -2.1069 12.3107
292 100  0.1407  0.0000 11.1304
  4 108  0.8280 -0.3459 11.4822
 12 108  1.0285  0.0000 21.6135
 20 108  1.0435  0.0000  9.2086
 28 108  0.5499  0.0000 16.1088
 36 108 -0.0428 -0.2437  9.6621
 44 108  0.3068  0.0000 15.6775
 52 108  0.1634  0.0000 13.0803
 60 108  0.0147  0.0000  0.0000
 68 108 -0.2179  0.0000  0.0000
 76 108 -0.5000  0.0000  8.8276
 84 108 -0.3004  0.0000 16.1088
 92 108 -0.1688  0.0000 16.1088
100 108 -0.1365  0.0000 11.1304
108 108  0.0404  0.0000 11.1304
116 108  0.6946  0.0946  7.8168
124 108  2.9135  0.0000 15.0472
132 108  4.5000 -0.5000  4.0635
140 108  2.1803  0.0000 16.1088
148 108 -0.5000 -0.5000  4.0635
156 108 -0.3372  0.0000 12.0455
164 108  0.8225  0.0000  0.0000
172 108  2.3897  0.0000 11.1304
180 108  3.8450  0.0000  0.0000
188 108 -1.1361  0.0000  0.0000
196 108 -0.6547  0.0000  0.0000
204 108 -0.7546  0.0000  0.0000
212 108 -0.1811  0.0000 11.1304
220 108  0.1354  0.0000  0.0000
228 108  0.5909  0.0000 11.1304
236 108  1.3703  0.0000 11.1304
244 108  2.0315  0.0000  0.0000
252 108  1.7412  0.0000  0.0000
260 108  1.4623  0.0000 14.9416
268 108  1.5704  0.0000 12.0628
276 108  0.2076  0.0667  9.6020
284 108  0.0839  0.0000 16.6957
292 108  0.1281  0.0000  0.0000
  4 116  0.5000  0.0000  8.4768
 12 116  0.1162  1.3089  6.4141
 20 116 -0.0498  0.0000  8.0000
 28 116 -0.1574  0.0000 20.7059
 36 116  0.0000 -0.1556 12.2969
 44 116  0.6046  0.0000 12.3458
 52 116  2.7347  0.0000  9.7047
 60 116  4.5000  4.5000  4.0635
 68 116  2.4201  0.0000  0.0000
 76 116  0.3175  0.0000 11.1304
 84 116  0.0807  0.0000 12.0455
 92 116  0.9881  0.0000  0.0000
100 116  2.5000  0.0000  8.8276
108 116  3.0821  0.0000 16.1088
116 116 -1.7415 -2.5000  6.5929
124 116  0.0307  0.0824  9.0888
132 116 -0.0328  0.2156 15.3670
140 116  0.2280  0.0000  0.0000
148 116  0.1591  0.0000  0.0000
156 116  0.0000  0.5000  8.0688
164 116  1.1766  0.0000 11.1304
172 116  2.5000  0.0000  8.8276
180 116  2.0781  0.0000 16.1088
188 116  1.9432  0.0000 11.1304
196 116  2.5000  0.0000  8.8276
204 116 -0.5000  0.0000  8.8276
212 116 -0.1960  2.5000 11.1304
220 116 -0.3779  0.0000 11.1304
228 116 -0.5000  0.0000  8.8276
236 116  0.0819  0.0000  0.0000
244 116  0.0779  0.0000  0.0000
252 116 -0.2600  0.0000  0.0000
260 116 -0.5039  0.0000  0.0000
268 116 -0.5000  0.0000  8.8276
276 116  1.0054  0.0000 11.1304
284 116  1.9343  0.0000  0.0000
292 116  1.0126  0.0000 11.1304
  4 124  0.0743 -0.0198 17.4127
 12 124 -0.1400  0.0000 13.7190
 20 124 -0.0423  0.1008 17.7491
 28 124 -0.0936  0.5000 10.4200
 36 124  0.5000  0.0000  8.4768
 44 124 -0.8475  0.0000  0.0000
 52 124  0.5017  0.0000 11.1304
 60 124  1.0059  0.0000  0.0000
 68 124  1.2915  0.0000  0.0000
 76 124  0.9809  0.0000 14.5615
 84 124  0.0000 -0.5000  8.8276
 92 124  0.4062  0.0000  0.0000
100 124  0.8020  0.0000 11.1304
108 124  0.6502  0.0000 16.1088
116 124  0.0419 -0.2568 11.3179
124 124 -0.1138  0.0000  7.2997
132 124 -0.9052  0.0000  0.0000
140 124 -0.6258  0.0000 11.1304
148 124 -0.3892  0.0000 11.1304
156 124  0.2536  0.0000 16.1088
164 124  1.0417  0.0000 11.1304
172 124  0.7055  0.0000  0.0000
180 124  0.0000  2.5000  8.8276
188 124 -0.3818  0.0000  0.0000
196 124 -0.5812  0.0000  0.0000
204 124 -0.1610  0.0000 11.1304
212 124 -0.0958 -1.1053 10.4100
220 124 -0.5000  4.5000  4.0635
228 124 -0.4001  0.0000 16.1088
236 124 -0.2080 -0.2715 12.3107
244 124 -0.2340  0.0000 16.1088
252 124 -0.3458  0.0000  0.0000
260 124 -0.3240  0.0000  8.4768
268 124  0.0575  0.0000 16.1088
276 124  1.0815  0.0000  0.0000
284 124  1.9754  0.0000  0.0000
292 124  2.7355  0.0000 16.1088
  4 132  2.8860  0.0000 16.1088
 12 132  1.5503  0.0000 11.1304
 20 132  0.5661  0.0000  0.0000
 28 132 -0.1760  0.0000 15.0588
 36 132  0.2128  0.0000  0.0000
 44 132  0.1405  0.0000  0.0000
 52 132 -0.3281  0.0000 11.1304
 60 132 -0.6303  0.0000  0.0000
 68 132 -0.3096  0.0000 16.1088
 76 132  0.1138  0.0000  7.2997
 84 132  1.3560  0.0000 11.1304
 92 132  2.3677  0.1145 12.8207
100 132  1.4340  0.0000 12.0455
108 132  0.5404  0.0000  0.0000
116 132  0.0869  0.0000 13.6426
124 132 -0.2919  0.0000  0.0000
132 132 -0.3219  0.0000  0.0000
140 132 -0.3695  0.0000  0.0000
148 132 -0.5124  0.0000  0.0000
156 132 -0.2754  0.0000  0.0000
164 132  0.1113  1.6014 11.9803
172 132  0.0028  0.0000  0.0000
180 132  0.0000  0.3936  6.1098
188 132 -0.1151  0.1151 16.5161
196 132  0.2215  0.0000  0.0000
204 132  1.1838 -0.5000  7.5779
212 132  2.2389  0.0000 12.9293
220 132  3.4758  0.0000 11.1304
228 132  4.5000  4.5000  4.0635
236 132  2.8415  0.0000  0.0000
244 132  1.4836  0.0000 16.1088
252 132  0.8615  0.0000 11.1304
260 132  1.2261  0.0000 16.1088
268 132  1.3693  0.0000 11.1304
276 132  0.1979  0.0000  0.0000
284 132 -0.0496  0.0000 11.1304
292 132  0.6827  0.0000 16.1088
  4 140  1.7272  0.0000  0.0000
 12 140  2.0461  0.0000  0.0000
 20 140  1.9720  0.0000 16.1088
 28 140  1.0380  0.0000 12.0455
 36 140  0.4344  0.0000 11.1304
 44 140  0.1289  0.0000 11.1304
 52 140 -0.0945  0.0000 11.1304
 60 140 -0.1276  0.0000  0.0000
 68 140 -0.0832 -0.3131  9.8462
 76 140 -0.2461  0.0000  0.0000
 84 140 -0.2020  0.0000 11.1304
 92 140 -0.0663  0.0000 11.1304
100 140 -0.0850  0.0000 11.1304
108 140  0.0558  0.0000 11.1304
116 140 -0.3304 -0.2951 10.0932
124 140 -0.5000  0.0000  8.2581
132 140  0.3387  0.0000 11.1304
140 140  1.1705  0.0000 11.1304
148 140  2.0088  0.0000  0.0000
156 140  2.4949  0.0000 17.0667
164 140  2.0418  0.0000 17.2183
172 140  1.5050  0.0000 11.1304
180 140  1.4212  0.0000 11.1304
188 140  2.0033  0.0000 16.1088
196 140  2.5000 -0.3134  7.5779
204 140  0.0000 -0.1960 11.1304
212 140 -0.1703  0.0000 11.1304
220 140  0.9170  0.0000 11.1304
228 140  2.5000  0.0000  8.8276
236 140  1.8024  0.0000  0.0000
244 140  1.0690  0.0000  0.0000
252 140  0.1151 -0.1151 16.5161
260 140  0.0382 -0.1028 16.6166
268 140  0.0339  0.0000  8.2581
276 140 -0.0362  0.0000  0.0000
284 140 -0.0312  0.0000  0.0000
292 140 -0.0156  0.0000 13.1641
  4 148 -0.1189  0.0000 16.1088
 12 148 -0.1846  0.0000 11.1304
 20 148 -0.2114  0.0000 12.0628
 28 148 -0.1568  0.1087  7.1281
 36 148  0.6775  0.0000 11.1304
 44 148  2.5000  0.0000  8.8276
 52 148 -1.3968  0.0000  0.0000
 60 148 -0.7936  0.0000  0.0000
 68 148 -0.3901  0.0000  6.7368
 76 148 -0.0215  0.0000  0.0000
 84 148  0.0000 -0.5000  8.8276
 92 148  0.5354  0.0000 16.1088
100 148  0.7134  0.0000  0.0000
108 148  0.8216  0.0000  0.0000
116 148  0.9510  0.0000 11.1304
124 148  0.5000 -0.0696  9.9740
132 148 -1.5000 -0.5000  8.2581
140 148 -1.1170  0.0000  0.0000
148 148 -0.6200  0.0000  0.0000
156 148 -0.8668  4.0756  8.5333
164 148 -0.1376  0.0000 11.1304
172 148  0.1094  0.0000  0.0000
180 148 -0.0273  0.0000  0.0000
188 148  0.0578  0.4337  9.0220
196 148  0.0786  0.0000 11.1304
204 148 -0.0300  0.0000  0.0000
212 148  0.0102  0.0000 11.1304
220 148  0.0350  0.0000  0.0000
228 148 -0.0267  0.0000 11.1304
236 148 -0.1076  0.0000 11.1304
244 148 -0.1437  0.0000  0.0000
252 148 -0.0044  0.0000  0.0000
260 148  0.6939  0.0000  0.0000
268 148  2.3978  0.0000  0.0000
276 148 -1.9354  0.0000  0.0000
284 148 -1.5618  0.0000  0.0000
292 148 -1.5000  0.0000  8.2581
  4 156 -1.0312  0.0000 11.1304
 12 156 -0.7172  0.0000  0.0000
 20 156 -0.1960  0.0000 11.1304
 28 156 -0.0047  0.0000 11.1304
 36 156 -0.0066  0.0000  0.0000
 44 156 -0.1024  0.0000 11.1304
 52 156 -0.5000  4.5000  4.0635
 60 156 -0.9955  0.0000  0.0000
 68 156 -0.4819  0.0000 19.1045
 76 156 -0.0802  0.0000  0.0000
 84 156 -0.5381  0.0000 11.1304
 92 156 -0.5000  0.0000  8.8276
100 156 -0.1334  0.0000 11.1304
108 156  0.0313  0.0000  0.0000
116 156  0.0644  0.0000 19.1045
124 156  0.0913  0.2044 18.7317
132 156 -0.1614  0.0000  9.2850
140 156  0.0219  0.0000  0.0000
148 156  0.0971  0.0000  0.0000
156 156  0.0643  0.0000  9.2850
164 156 -0.0136  0.0000 11.1304
172 156 -0.0564  0.0000  0.0000
180 156  0.0000  2.5000  8.8276
188 156  0.1927 -0.0788 17.1842
196 156  1.2393  0.0000  0.0000
204 156 -1.7461  0.0000 11.1304
212 156 -1.4834  0.0000 11.1304
220 156 -1.3488  0.0000  0.0000
228 156 -0.9843  0.0000  0.0000
236 156 -0.7164  0.0000  0.0000
244 156 -0.4327  0.0000 17.0667
252 156 -0.3641  0.0000 11.1304
260 156 -0.5000 -0.5000  4.0635
268 156 -0.5078  0.0000  0.0000
276 156 -0.3031  0.0000  0.0000
284 156  0.0471  0.0000  0.0000
292 156  0.8962  0.0000 11.1304
  4 164  1.5585 -5.1203  5.4468
 12 164  0.6032  0.0000  0.0000
 20 164 -0.0812  0.0000 11.1304
 28 164 -0.0832  0.3131  9.8462
 36 164  0.0000 -0.5000  4.0635
 44 164 -0.1828  0.0000 16.1088
 52 164 -0.2694  0.0000 11.1304
 60 164 -0.5000  0.0000 11.1304
 68 164  0.0698 -0.2911 10.5124
 76 164  0.1686  0.0000  0.0000
 84 164  0.1285  0.0000  0.0000
 92 164  0.0205  0.0000  0.0000
100 164 -0.0554 -0.3752  9.5908
108 164 -0.1760  0.0000 15.0588
116 164 -0.0029  0.0000 22.2609
124 164  0.4121  0.0000 21.6135
132 164 -0.9946  0.0000  8.0190
140 164 -0.9692  0.0000 11.1304
148 164 -0.8349  0.0000 11.1304
156 164 -0.5000 -0.2274  6.6693
164 164 -0.3894  0.0000  0.0000
172 164 -0.2727  0.0000  0.0000
180 164 -0.2662  0.0000 11.1304
188 164 -0.4623  0.0000 11.1304
196 164 -0.5000  0.0000 11.1304
204 164  0.1438  0.0000  0.0000
212 164  0.6634  0.0000 11.1304
220 164  1.5021  0.0000 11.1304
228 164  2.5000  0.0000  8.8276
236 164  0.6867  0.0000  0.0000
244 164 -0.5579  0.0000  0.0000
252 164 -0.9758  0.0000  0.0000
260 164 -0.9048  0.0000  0.0000
268 164 -0.6137  0.0000  0.0000
276 164 -0.1522  0.0000  0.0000
284 164 -0.0108  0.0000  0.0000
292 164  0.2158  0.0000 11.1304
  4 172  0.2032  0.0000  0.0000
 12 172  0.1177  0.0000  0.0000
 20 172 -0.0806  0.0000 11.1304
 28 172 -0.0832 -0.3131  9.8462
 36 172 -0.1102  0.0000 11.1304
 44 172  0.0049  0.0000 11.1304
 52 172  0.1448  0.0000 11.1304
 60 172 -0.1539 -0.0336 11.1830
 68 172 -0.4618  0.0000 16.1088
 76 172 -0.4667  0.0000 11.1304
 84 172 -0.2653  0.0000  0.0000
 92 172 -0.1475  0.0000 11.1304
100 172 -0.0355  0.0000 17.0667
108 172  0.0391 -2.5000  9.3822
116 172 -0.1577  0.0000 16.6957
124 172 -0.0711  0.0000 19.1045
132 172  0.5000  0.0000  8.4768
140 172  0.2655  0.0000  0.0000
148 172 -0.2747  0.0000  0.0000
156 172 -1.5000  0.0000  8.2581
164 172 -1.7271  0.0000 11.1304
172 172 -2.1784  0.0000  0.0000
180 172 -2.3170  0.0000 11.1304
188 172 -1.7651  0.0000 11.1304
196 172 -0.5000  0.0000 11.1304
204 172  0.7333  0.0000  0.0000
212 172  0.9117  0.0000 19.1045
220 172  0.6166  0.0000 11.1304
228 172  0.2216  0.0000  0.0000
236 172  0.0000  2.5000  8.8276
244 172 -0.5493  0.0000 11.1304
252 172 -0.8259  0.0000  0.0000
260 172 -0.2245  0.0000  0.0000
268 172  0.0733  0.0000  0.0000
276 172  0.2207  0.0000  0.0000
284 172  0.2011  0.0000  0.0000
292 172 -0.2112  0.0000 11.1304
  4 180 -0.3063  0.0000  0.0000
 12 180 -0.1316  0.0000  0.0000
 20 180 -0.0514  0.0000 16.1088
 28 180  0.0000  2.5000  8.8276
 36 180 -0.0099  0.0000 11.1304
 44 180 -0.2017  0.0000  0.0000
 52 180 -0.2381  0.0000 17.0667
 60 180  0.0000 -0.5000  8.8276
 68 180 -0.2414  0.0000 11.1304
 76 180 -0.8538  0.0000 19.4783
 84 180 -2.1041  0.0000  0.0000
 92 180 -2.7737  0.0000 12.0455
100 180 -3.2798  0.0000  7.3911
108 180 -3.2767  0.0000  7.3911
116 180 -1.8960  0.0000  0.0000
124 180  1.8801  0.0000 13.0803
132 180  2.8998  0.0000 11.1304
140 180  2.2887  0.0000 13.1641
148 180  1.1239  0.0000  0.0000
156 180  0.0899  0.0000 16.1088
164 180 -0.2653  0.0000 11.1304
172 180 -0.9168  0.0000  0.0000
180 180 -1.5000  0.0000  8.2581
188 180 -0.0698 -0.2911 10.5124
196 180  0.2273  0.0000  0.0000
204 180  0.3375  0.0000  0.0000
212 180  0.2848  0.0000  0.0000
220 180 -0.1929  0.0000 11.1304
228 180 -0.3384  0.0000 11.1304
236 180 -0.0160  0.0000  0.0000
244 180 -0.0292  0.0000  0.0000
252 180 -0.0499  0.0000  0.0000
260 180 -0.0799  0.0000  0.0000
268 180 -0.3502  0.0000  0.0000
276 180 -0.5000  0.0000  8.8276
284 180 -0.2159  0.0000  0.0000
292 180 -0.1909  0.0000 11.1304
  4 188 -0.5000  4.5000  4.0635
 12 188 -1.7051  0.0000 16.1088
 20 188 -2.7087  0.0000  0.0000
 28 188 -3.4601  0.0000 11.1304
 36 188 -3.6424  0.0000  0.0000
 44 188 -2.2219  1.3475 11.4073
 52 188  4.8566  2.5000  8.3934
 60 188  4.9365  0.0000  0.0000
 68 188  3.3935  0.0000 16.1088
 76 188  1.5062  0.0000  0.0000
 84 188 -0.0698  0.2911 10.5124
 92 188  0.0000  0.0000 10.1914
100 188 -0.1552  0.0000  7.3211
108 188 -0.0010 -0.0305  8.8150
116 188  0.2363  0.0000  6.1414
124 188  0.2575  0.0000  0.0000
132 188  0.2579  0.0000 11.1304
140 188  0.2271  2.5000  9.5143
148 188 -0.2915  0.0000 11.1304
156 188 -0.5000  0.0000  8.8276
164 188  0.1960  0.0000 11.1304
172 188  0.0000  4.5000  4.0635
180 188 -0.0681  0.0000 11.1304
188 188  0.0000  2.5000  8.8276
196 188 -0.3262  0.0000 11.1304
204 188 -0.2227  0.0000  0.0000
212 188 -0.0834  0.0000  0.0000
220 188 -0.0803  0.0000  0.0000
228 188 -0.3534  0.0000  0.0000
236 188 -1.1352  0.0000 11.1304
244 188 -1.9542  0.0000  0.0000
252 188 -2.5667  0.0000  0.0000
260 188 -2.4261  0.0000  0.0000
268 188 -0.6594  0.0000  0.0000
276 188  3.5174  0.0000  0.0000
284 188  4.3140  0.0000 16.1088
292 188  3.3128  0.0000 20.7059
  4 196  1.7687  0.0000 11.1304
 12 196  0.4649  0.0000 16.1088
 20 196  0.0554  0.0900 11.1069
 28 196  0.2905  0.0000 11.1304
 36 196  0.4728  0.0000  0.0000
 44 196  0.2238  0.0000  0.0000
 52 196  0.1118  0.0000 12.0628
 60 196  0.0554  0.0000  8.0000
 68 196 -0.0577  0.0000 11.1304
 76 196 -0.2615  0.0000 11.1304
 84 196 -0.2656  0.0000 11.1304
 92 196  0.1174  4.1710 14.6131
100 196  0.2182  0.0000 16.1088
108 196  0.1057  0.0000 11.6507
116 196  0.0000 -0.5000  8.2581
124 196 -0.4943  0.0000 12.1905
132 196  0.0000 -0.0855 10.6035
140 196  0.0384  0.1034  6.6466
148 196  0.0380  0.0000  0.0000
156 196 -0.0921  0.0000  0.0000
164 196 -0.4617  0.0000 13.0803
172 196 -0.9286  0.0000 19.1045
180 196 -1.4117  0.0000  0.0000
188 196 -1.2579  0.0000 12.0455
196 196  0.0000  2.5000  8.8276
204 196  2.1793  0.0000  0.0000
212 196  2.9662  0.0000 11.1304
220 196  2.5711  0.0000  0.0000
228 196  1.7410  0.0000  0.0000
236 196  1.0677  0.0000  0.0000
244 196  0.8052  0.0000  0.0000
252 196  0.9429  0.0000  0.0000
260 196  0.9593  0.0000  0.0000
268 196  0.0549  0.0000  0.0000
276 196 -0.0299  0.0000 16.1088
284 196  0.0000 -0.5000  8.8276
292 196 -0.2863  0.0000 11.1304
  4 204 -0.1929  0.0000  0.0000
 12 204  0.0193  0.0000  0.0000
 20 204  0.4681  0.0000  9.5738
 28 204  0.9874  0.0000  0.0000
 36 204  1.7194  0.0000  0.0000
 44 204  2.5000  0.0000  8.8276
 52 204 -0.5000  0.0000  8.2581
 60 204 -0.4612  0.0000 12.0628
 68 204 -0.1899  0.0000 17.0667
 76 204  0.0272  0.0000  0.0000
 84 204  0.1377  0.0000  0.0000
 92 204  0.1192  0.0000  0.0000
100 204  0.0000 -0.5000  8.8276
108 204 -0.5330  0.0000  0.0000
116 204 -0.5886  0.0000 17.2183
124 204  0.0203  0.0000 16.1088
132 204  1.0486  0.0000  0.0000
140 204  1.5721  0.0000  0.0000
148 204  1.5522  0.0000  0.0000
156 204  1.4076  0.0000  0.0000
164 204  1.4793  0.0000 12.0628
172 204  1.4182  0.0000 11.1304
180 204  1.4176  0.0000  0.0000
188 204  1.5000  0.0000  8.2581
196 204 -0.1180 -0.5000  9.2850
204 204  0.1683  0.0000  0.0000
212 204  0.3020  0.0000  0.0000
220 204 -0.4136  0.0000  0.0000
228 204 -0.1658  0.0000  0.0000
236 204  0.1321  0.0000  0.0000
244 204  0.5360  0.0000  0.0000
252 204  0.9837  0.0000  0.0000
260 204  1.4035  0.0000 16.1088
268 204  1.3854  0.0000 11.1304
276 204 -0.1496  0.0000 16.1088
284 204 -0.4574  0.0000  0.0000
292 204 -0.2753  0.0000  0.0000
  4 212  0.0152  0.0000  0.0000
 12 212  0.2565  0.0000 14.5615
 20 212  0.3583  0.0000 11.1304
 28 212  0.2417  0.0000  0.0000
 36 212 -0.1960  2.5000 11.1304
 44 212 -0.3843  0.0000  0.0000
 52 212 -0.3127 -0.1061  9.8739
 60 212  0.0058  0.0000 16.1088
 68 212  0.2305  0.0000  0.0000
 76 212  0.3890  0.0000  0.0000
 84 212  0.8048  0.0000  0.0000
 92 212  1.8254  0.0000  0.0000
100 212  1.7645  0.0000  0.0000
108 212  1.0633  0.0000  0.0000
116 212  0.1760  0.0000 15.0588
124 212  1.5000  0.0000  8.2581
132 212  1.4610  0.0000  0.0000
140 212  1.3448  0.0000  0.0000
148 212 -0.4720  0.0000  0.0000
156 212 -0.1827  0.0000  0.0000
164 212  0.0943  0.0000 12.0628
172 212  0.3497  0.0000  0.0000
180 212  0.5232  0.0000  0.0000
188 212  0.5104  0.0000  0.0000
196 212  0.1180  2.5000  9.2850
204 212 -0.3592  0.0000 11.1304
212 212 -0.4979  0.0000 11.1304
220 212 -0.3143  0.0000  0.0000
228 212  0.0309  0.0000 11.1304
236 212  0.3755  0.0000  0.0000
244 212  0.5762  0.0000  0.0000
252 212  0.5215  0.0000  0.0000
260 212  0.1750  0.0000 16.1088
268 212 -0.2479  0.0000  0.0000
276 212 -0.6949  0.0000  0.0000
284 212 -0.9988  0.0000  0.0000
292 212 -1.0964  0.0000  0.0000
  4 220 -0.8497  0.0000 11.1304
 12 220  0.0000  2.5000  8.8276
 20 220  2.5000  0.0000  8.8276
 28 220  2.6070  0.0000  0.0000
 36 220  1.9818  0.0000  0.0000
 44 220  1.4732  0.0000  0.0000
 52 220  2.1862  0.0000  0.0000
 60 220  2.4496  0.0000 11.1304
 68 220  2.5698  0.0000  0.0000
 76 220 -0.5000  0.0000  8.8276
 84 220 -0.1954  0.0000 11.1304
 92 220  0.0400  0.0000  0.0000
100 220  0.1449  0.0000  0.0000
108 220  0.0961  0.0000  0.0000
116 220 -0.0288  0.0000 15.7166
124 220  0.0000 -0.1760 15.0588
132 220 -0.4088  0.0000  0.0000
140 220 -0.5980  0.0000  0.0000
148 220 -0.4089  0.0000  0.0000
156 220  0.0545  0.0000  0.0000
164 220  0.5822  0.0000 12.0628
172 220  0.9568  0.0000  0.0000
180 220  1.0176  0.0000  0.0000
188 220  0.6962  0.0000  0.0000
196 220  0.0000 -0.5000  8.8276
204 220 -1.1374  0.0000 16.9590
212 220 -2.1631  0.0000 13.1641
220 220 -2.6074  0.0000  0.0000
228 220 -2.0472  0.0000  0.0000
236 220 -0.2194  0.0000  0.0000
244 220  2.4949  0.0000  0.0000
252 220  3.4785  0.0000  0.0000
260 220  3.1874  0.0000  0.0000
268 220  2.7806  0.0000 11.1304
276 220  3.0133  0.0000  0.0000
284 220  3.4088  0.0000  0.0000
292 220  3.7996  0.0000  0.0000
