VARIABLES= "X pix", "Y pix", "U pix/dt", "V pix/dt", "CHC", ZONE I=28, J=37
  4   4 -0.3753  0.0000 10.7686
 12   4 -0.2878  0.0000 10.9708
 20   4 -0.2053  0.0000 11.7274
 28   4 -0.0873  0.0000 11.7274
 36   4  0.0512  0.0000 10.9708
 44   4  0.1636  0.0000 11.0456
 52   4  0.1937  0.0000 10.9708
 60   4  0.0849  0.0000 11.0456
 68   4 -0.1551  0.0000 11.9577
 76   4 -0.2484  0.0000 10.9709
 84   4 -0.0437 -0.0128 10.9762
 92   4 -0.0057 -0.0113 11.7749
100   4  0.0005 -0.0049 11.8950
108   4  0.0000  0.0834 11.8967
116   4  0.0172  0.0000 11.0456
124   4  0.0000  0.0181 11.3868
132   4  0.0000  0.0181 11.3868
140   4  0.0000  0.0145 11.0935
148   4  0.0006  0.0224 12.0238
156   4  0.0022  0.0000 11.9483
164   4 -0.0430  0.0000 11.8710
172   4 -0.0330  0.0162 11.7276
180   4  0.0000  0.0460 11.7270
188   4 -0.0311 -0.0473 11.3120
196   4  0.0398  0.0009 11.8630
204   4 -0.0145  0.0000 12.0140
212   4 -0.0527 -0.0044 11.6971
220   4  0.0914  0.0182 11.1545
228   4 -0.1898  0.0221 10.1693
236   4 -0.1441  0.0000  9.1448
244   4 -0.1446  0.0000  9.5228
252   4 -0.0786  0.0000 10.7394
260   4  0.0077  0.0000 12.3496
268   4  0.0760 -0.0134 12.2187
276   4  0.1120  0.0000 12.2384
284   4  0.0861  0.0662 12.1792
292   4 -0.1116  0.0000 11.7813
  4  12 -0.2074  0.0000 10.6110
 12  12  0.0396  0.0000 15.2521
 20  12  0.0574  0.0000 11.6053
 28  12  0.0256 -0.2492 11.8819
 36  12  0.0256 -0.0223 17.8445
 44  12  0.0486 -0.3641 11.3092
 52  12  0.0054  0.0804 21.6949
 60  12 -0.0192  0.0029 13.5328
 68  12 -0.0022  0.1316 18.6503
 76  12  0.0000  0.0000 11.9585
 84  12  0.0599  0.0229  9.1909
 92  12  0.0000 -0.0901  7.4582
100  12  0.1006  0.0137  7.5991
108  12 -0.1290 -0.0090  8.9227
116  12 -0.0831  0.0000  9.8073
124  12 -0.0378  0.0000 11.4382
132  12  0.0018  0.0000 11.4382
140  12  0.0000  0.0709 10.5827
148  12  0.0317  0.0000  9.9740
156  12  0.0008  0.0000 11.1304
164  12  0.0000 -0.0178 12.4476
172  12 -0.0949 -0.0187  9.3016
180  12 -0.0584  0.0000 10.4546
188  12 -0.0083  0.0000  9.9432
196  12  0.0210 -0.0119  9.2765
204  12  0.0278  0.0000 10.0892
212  12 -0.0108  0.1567 12.8698
220  12 -0.0436 -0.0123 15.4665
228  12  0.1069 -1.1383 10.2013
236  12  0.2714 -0.1994  8.8587
244  12  0.0953  0.0000 10.2314
252  12 -0.0750 -0.5000  7.3372
260  12 -0.0207  0.0000 11.2997
268  12  0.0426 -0.0122  8.4009
276  12  0.1292  0.1127  8.8882
284  12 -0.0285 -0.0173  7.0621
292  12  0.0000  0.0964  7.6987
  4  20  0.0000  0.0084 14.0049
 12  20  0.0872  0.0000 11.4321
 20  20  0.0169  0.0000 10.6111
 28  20  0.0190 -0.0582 10.8474
 36  20  0.0027  0.0000 10.6111
 44  20 -0.0013  0.0060  9.4101
 52  20 -0.0514 -0.0101 11.7517
 60  20  0.0344 -0.0007 15.9767
 68  20  0.0389  0.0000 14.5185
 76  20 -0.0017 -0.0383 12.8065
 84  20  0.0494  0.0014 14.0153
 92  20  0.0005 -0.0320 11.8864
100  20  0.0584 -0.0050 11.9323
108  20  0.0106  0.0000 12.6078
116  20  0.0024 -0.0357 13.4669
124  20 -0.0201  0.0012 12.9188
132  20  0.0000 -0.0272 12.7235
140  20 -0.0007 -0.0582 12.2335
148  20  0.0000  0.0091 12.4491
156  20 -0.0089 -0.0095 12.3500
164  20 -0.0216 -0.0015 12.2074
172  20  0.0038  0.0000 18.1353
180  20 -0.0033 -0.0079 13.2030
188  20  0.0013 -0.0003 15.9613
196  20  0.0021  0.0070 17.5176
204  20  0.0315 -0.0082 18.9751
212  20 -0.0138 -0.0233 20.8182
220  20  0.0140  0.0307 24.7628
228  20  0.0650  0.0198  9.8014
236  20  0.1618  0.0503 13.4737
244  20  0.0096  0.0466 13.9561
252  20 -0.0082  0.0104 14.0861
260  20  0.1391 -0.0649 10.6667
268  20  0.0655 -0.0598 14.5877
276  20 -0.0754  0.0644 13.9032
284  20 -0.0300  0.0000 15.3833
292  20 -0.0478  0.0667 17.4306
  4  28 -0.0022  0.0144 11.4683
 12  28  0.0466  0.0000 10.8729
 20  28  0.0197 -0.0040 11.5880
 28  28  0.0198 -0.0110 10.7051
 36  28  0.0176  0.0036 11.2980
 44  28 -0.0125  0.0000 10.6743
 52  28  0.0039  0.0162 10.4543
 60  28 -0.0014 -0.0001 10.2907
 68  28  0.0063 -0.0013 10.6849
 76  28  0.0066 -0.0022 10.9309
 84  28  0.0132  0.0019  9.9819
 92  28 -0.0217  0.0000  9.7085
100  28 -0.0070  0.0000 11.7379
108  28 -0.0037 -0.0014 15.1472
116  28  0.0002  0.0008  9.3161
124  28  0.0268  0.0023  9.8316
132  28  0.0028 -0.0012  9.0428
140  28 -0.0073  0.0023  9.7287
148  28 -0.0029 -0.0027  9.4950
156  28 -0.0057 -0.0117 18.5865
164  28 -0.0067  0.0146 17.1411
172  28  0.0009 -0.0134 16.9966
180  28 -0.0488  0.0676 15.5926
188  28  0.0548  0.0000 13.0345
196  28  0.0000  0.0000  9.2516
204  28 -0.0304  0.0000  9.5959
212  28  0.0110 -0.0011 10.5829
220  28  0.0100  0.0009 10.2470
228  28  0.0015 -0.0014  9.8416
236  28  0.0067 -0.0237  9.4082
244  28 -0.0039 -0.0012  9.9059
252  28 -0.0587  0.0000 11.5998
260  28  0.2374  0.0000 16.9393
268  28  0.0220  0.0059 14.6130
276  28  0.0233  0.0000 32.8098
284  28  0.0186 -0.0215 15.2386
292  28 -0.0080  0.0055 12.0728
  4  36 -0.0304  0.0051  7.4784
 12  36 -0.0168 -0.0009  8.2534
 20  36  0.0029 -0.0033  7.2299
 28  36  0.0404 -0.0944  6.8376
 36  36  0.0500 -0.0886  6.3133
 44  36 -0.0081  0.0000  6.5849
 52  36 -0.0388  0.0000  6.0076
 60  36 -0.0162  0.0000 11.6152
 68  36  0.0546  0.0000  9.2865
 76  36 -0.0090  0.0000  9.8832
 84  36 -0.0913 -0.0141 13.7784
 92  36 -0.1022  0.0000 11.8725
100  36 -0.0567  0.0000  9.6375
108  36 -0.0114  0.0000  8.0469
116  36  0.1209  0.0197  7.6189
124  36  0.2251 -0.0649  5.9738
132  36  0.0496  0.0000 11.1304
140  36 -0.0225  0.0000 13.7544
148  36  0.0157 -0.0125  5.9127
156  36  0.0229  0.0051 12.7912
164  36 -0.0405  0.0046 13.9743
172  36 -0.0208 -0.0103 13.7864
180  36 -0.0007 -0.0137 13.5726
188  36  0.9569  0.0000  8.8209
196  36  0.1055  0.0000 14.1378
204  36  0.0995  0.0000 15.9971
212  36  0.0265 -0.0479 12.7185
220  36 -0.1145  0.0000 14.6166
228  36 -0.2242  0.2451  8.7605
236  36  0.0186  0.0321 10.5801
244  36  0.0242  0.0000 10.1740
252  36  0.1251  0.0000  8.5951
260  36  0.3577 -0.0337  7.8963
268  36 -0.0070 -0.1846 11.5091
276  36 -0.1700  0.0164  8.1184
284  36 -0.0443 -0.0935  8.1467
292  36  0.2134  0.0000  8.1341
  4  44  0.0941  0.0000 13.3260
 12  44  0.2076  0.0667  9.6020
 20  44 -0.0529 -0.1729 13.7783
 28  44 -0.0663  0.0000 15.4368
 36  44 -0.0288  0.0000 14.4096
 44  44  0.0794  0.0000 12.1260
 52  44  0.1988  0.0000  9.4609
 60  44  0.0000  0.0514  8.6326
 68  44 -0.0970  0.3155  7.6730
 76  44  0.0951  0.1668  7.4383
 84  44 -0.0544  0.0000  9.8359
 92  44 -0.2077  0.0000 11.1304
100  44  0.1960  0.0000 11.1304
108  44  1.1605  0.0000 11.1304
116  44  2.5000  0.0000  8.8276
124  44  0.0000  2.5000  8.8276
132  44  0.2414  0.0000 11.1304
140  44  0.0538  0.0000  0.0000
148  44 -0.0640 -0.0101  6.1598
156  44 -0.0386  0.0077 17.0936
164  44 -0.0013  0.0078 11.8268
172  44 -0.0105  0.0007 13.7150
180  44 -0.0028 -0.0046 14.4440
188  44 -0.0001  0.0098  8.3150
196  44 -0.2492  0.0000  7.0526
204  44 -0.5741  0.0000  6.8945
212  44 -0.0221  0.1450  8.1954
220  44  0.3993  0.0000 10.7789
228  44 -0.0953 -0.0054 10.5646
236  44  0.0140 -0.1543 11.0678
244  44 -0.0316  0.0000 12.8227
252  44 -0.0622  0.0000 18.1639
260  44 -0.1318 -0.0214 11.1304
268  44 -0.0672  0.0361 14.4477
276  44  0.2744  0.0000 11.9011
284  44  0.0984  0.0000 11.0903
292  44 -0.0832  0.0000 15.4278
  4  52  0.0000 -0.3110  8.3018
 12  52 -0.0173  0.0513  8.8014
 20  52 -0.2160  0.0000  7.9027
 28  52  0.1936  0.0000 15.2216
 36  52  0.7736  0.0000 11.1304
 44  52  1.2564  0.0000  0.0000
 52  52  0.5000  0.1654  9.0964
 60  52  0.1474  0.0000  0.0000
 68  52 -0.0598  0.0000  0.0000
 76  52  0.0000  2.5000  8.8276
 84  52  0.1556  0.0000 12.2969
 92  52  0.4679  0.0000  0.0000
100  52  0.4525  0.0000 12.0628
108  52  0.7658  0.0000 11.1304
116  52  1.3070 -0.0337 12.4709
124  52 -0.1653  0.0000 11.1304
132  52 -1.9716  0.0000  8.2581
140  52 -3.1723  0.0530  6.4229
148  52  0.0158  0.0121  6.5309
156  52 -0.0004  0.0133 23.0484
164  52  0.0023 -0.0139 12.9691
172  52 -0.0008 -0.0042 10.6690
180  52 -0.0136 -0.0065 30.2676
188  52 -0.4312  0.0000  7.3397
196  52 -0.5000  0.0000  8.8276
204  52  0.3772  0.0601 11.4447
212  52  0.1396  0.0000 13.6349
220  52 -0.1159 -0.0146 12.5330
228  52  0.0187  0.0961 14.3367
236  52 -0.0564 -0.0071 15.0194
244  52 -0.1281  0.0000 10.9824
252  52  0.0106 -0.2269 11.3584
260  52  0.0356  0.0000 13.8188
268  52 -0.0110  0.3363  7.7151
276  52  0.3554  0.0000 15.4368
284  52  0.0000  0.0000 15.2023
292  52 -0.1681  0.0000 11.6700
  4  60  0.1960  2.5000 11.1304
 12  60  2.5000  0.0000  8.8276
 20  60  1.5162  0.0000  0.0000
 28  60  0.5714  0.0000  0.0000
 36  60  0.4707  0.0000  0.0000
 44  60  0.5313  0.0000 11.1304
 52  60  0.0000  2.0000 11.1304
 60  60 -1.4043  0.0000  0.0000
 68  60 -1.7934  0.0000  0.0000
 76  60 -0.3399  0.0000 11.1304
 84  60  0.0000 -0.5000  8.8276
 92  60  0.2907  0.0403 10.5761
100  60 -0.1153 -0.1066 12.4405
108  60  0.4354  0.0000  0.0000
116  60  0.0000 -0.0384  8.7691
124  60  0.0000 -0.3577 13.4737
132  60 -0.0786 -0.3487  7.3143
140  60 -0.0309  0.0000 10.7692
148  60  0.0074 -0.0204  5.7777
156  60 -0.0383  0.0020  5.8018
164  60  0.0218 -0.0193  5.8640
172  60  0.0038  0.0000  5.8849
180  60  0.0064 -0.0060  5.9426
188  60  0.0223  0.0185  5.7918
196  60  0.5724  0.0000  7.3911
204  60  1.3560  0.0000 11.1304
212  60  0.6665  0.0000  0.0000
220  60  0.0325  0.0000 11.1304
228  60  0.0871  0.0000 11.1304
236  60  1.3335  0.0000 13.7892
244  60  0.7971  0.0000  7.4054
252  60 -0.1455  0.2301  9.4565
260  60 -0.1095 -0.0327 12.3871
268  60 -0.0631 -0.0074 11.2490
276  60  1.3030 -0.0379 10.3409
284  60 -0.1195 -1.0576  7.0137
292  60  0.0248 -0.0297 13.4174
  4  68  0.3449  0.0000  8.2581
 12  68  1.0603  0.0000  0.0000
 20  68  2.5357  0.0000  0.0000
 28  68  4.5000 -0.5000  4.0635
 36  68  3.1492  0.0000  0.0000
 44  68  2.5000  0.0000  8.8276
 52  68  2.5000  0.0000  8.8276
 60  68  0.8843  0.0000  0.0000
 68  68  0.0799  0.0000  0.0000
 76  68 -0.0232  0.2017 12.9019
 84  68 -0.1209  0.0000 11.9375
 92  68  0.0000  0.0000 14.7331
100  68  0.0621 -0.5000 15.8070
108  68  0.0037  0.0000 16.1088
116  68  0.2068  0.0000 11.1304
124  68  1.0793  0.0000  0.0000
132  68  2.5000  0.1180  9.2850
140  68  1.0575  0.0000 11.1304
148  68  0.0002  0.0000 13.1731
156  68 -0.5000  0.0000  8.8276
164  68  0.2826  0.0000 16.1088
172  68  0.1091  0.0000 11.1304
180  68  0.0597  0.0100  9.8485
188  68  0.0441  0.0000 11.1304
196  68  0.3348  0.0000  0.0000
204  68  1.5210  0.0000  0.0000
212  68  1.4131  0.0000  0.0000
220  68  0.2168  0.0000  0.0000
228  68  0.2254  0.0000  0.0000
236  68  0.9092  0.0000  0.0000
244  68  1.9756  0.0000 16.1088
252  68  3.1579  0.0000 11.1304
260  68  2.0898  0.0000 16.1088
268  68  0.1841  0.0418 12.3683
276  68 -0.0000  0.0000  9.1934
284  68 -0.0651 -0.1150 14.5523
292  68 -0.5000  0.0000  8.8276
  4  76 -0.4405  0.0000 11.1304
 12  76 -0.4851  0.0000  0.0000
 20  76 -0.5056  0.0000  0.0000
 28  76 -0.0854  0.0000  0.0000
 36  76 -0.2002  0.0000 11.1304
 44  76 -0.2229  0.0000 19.4783
 52  76  0.0000 -0.0410  8.7135
 60  76  0.8282  0.0000 11.1304
 68  76  0.0563  0.0416 15.1354
 76  76 -0.1012  0.0000  8.3718
 84  76  0.0612 -0.2149 10.0763
 92  76 -0.0199 -0.0264 11.4840
100  76 -0.7092  0.0000 11.5903
108  76  0.0210  0.0000 11.1304
116  76  0.1157  0.0000 12.0628
124  76  0.2508  0.0156 14.5049
132  76  1.4244  0.0000  0.0000
140  76  2.5000  0.0000  8.8276
148  76 -0.4198 -0.3180  6.6597
156  76 -0.2305  0.0000 12.0628
164  76  0.2834  0.0000 11.9011
172  76  0.5000  0.1174  9.1793
180  76  1.4483  0.0000 16.1088
188  76  1.7415  0.0000 22.2609
196  76  2.5000 -0.5000  4.0635
204  76  0.8154  0.0000  0.0000
212  76  0.0121  0.0000  0.0000
220  76 -0.3219  0.0000  0.0000
228  76 -0.5068  0.0000  0.0000
236  76 -0.8251  0.0000 11.1304
244  76 -1.2457  0.0000 11.1304
252  76 -0.1782  0.0000 11.1304
260  76 -0.3251  0.0000 11.1304
268  76 -0.4317  0.0000 12.0455
276  76 -0.3698  0.0000  0.0000
284  76 -0.0333  0.0000 16.1088
292  76 -0.1766  0.0909  6.9494
  4  84 -0.4499  0.0000 12.0628
 12  84 -0.6550  0.0000 11.1304
 20  84 -1.3037  0.0000 11.1304
 28  84 -2.1780  0.1433 17.9363
 36  84  0.0557 -0.0632 16.2106
 44  84  0.0960  0.0000  9.2086
 52  84 -0.1440  0.0000 13.3565
 60  84 -0.0145  0.3437  7.7576
 68  84  0.8625  0.0000  9.2199
 76  84 -0.0142 -0.0010 15.1058
 84  84  0.4684  0.1275  8.7931
 92  84  0.5000 -0.0175 10.8222
100  84  0.1195  0.0000 14.5082
108  84  0.1207  0.0000 11.1304
116  84 -0.2414  0.0000 11.1304
124  84  0.0000 -0.5000  8.8276
132  84 -0.0050  0.0000 12.0628
140  84 -0.1841  0.0418 12.3683
148  84 -0.0770  0.1740 10.2774
156  84 -0.3723  0.0000  0.0000
164  84 -1.0529  0.0000  0.0000
172  84 -2.0194  0.0000  0.0000
180  84 -0.1270  0.0000  0.0000
188  84 -0.3324  0.0000 11.1304
196  84 -0.4837  0.0000  0.0000
204  84 -0.5675  0.0000  0.0000
212  84 -0.5920  0.0000  0.0000
220  84 -0.8855  0.0000 11.1304
228  84 -0.9258  0.0000 22.2609
236  84 -0.9833  0.0000  0.0000
244  84 -1.2916  0.0000  0.0000
252  84 -1.5213  0.0000 11.1304
260  84 -0.4723  0.0000 16.1088
268  84 -0.2360  0.0000  6.1440
276  84 -0.3415  0.0000 11.9011
284  84 -0.3610  0.0000 16.1088
292  84  0.0000  2.5000  8.8276
  4  92 -0.1140  0.1079 19.3902
 12  92  2.5000  0.0000  8.8276
 20  92  0.0947 -0.0272 14.6099
 28  92 -0.0717  0.0208 10.8567
 36  92  0.0245  0.0000  0.0000
 44  92  0.1535  0.0301 10.5296
 52  92 -0.0323  0.8247 13.6170
 60  92 -0.0408  0.0000  8.6413
 68  92  0.0000 -0.0441  9.7170
 76  92 -0.0824  0.2461  8.5976
 84  92 -0.0556  0.0000 16.1088
 92  92 -1.0707  0.0000  0.0000
100  92 -2.6357  0.0000 11.1304
108  92  0.0000  0.3042 13.4737
116  92 -0.2595  0.0000 16.6956
124  92 -0.3731  0.0000  0.0000
132  92 -0.5000  0.0000  8.8276
140  92 -0.6415  0.0000 11.9011
148  92 -1.3070 -0.0337 12.4709
156  92 -1.0311  0.0000 11.1304
164  92 -0.7747  0.0000  0.0000
172  92 -0.6652  0.0000 11.1304
180  92 -0.7026  0.0000 11.1304
188  92 -0.5117  0.0000 11.1304
196  92 -0.3561  0.0000  0.0000
204  92 -0.3330  0.0000  0.0000
212  92 -0.4397  0.0000  0.0000
220  92 -0.2764  0.0000 16.1088
228  92  0.1824  0.6476  8.1940
236  92  1.5373  0.0000 11.9011
244  92  0.4853  0.0000  0.0000
252  92  0.0964  0.0000 11.1304
260  92  0.0898  0.0000  0.0000
268  92  0.1012  0.0000  0.0000
276  92  0.0000 -0.5000  8.8276
284  92  0.1829  0.0000 11.1304
292  92  0.5980  0.0000  0.0000
  4 100  1.0568  0.0000 11.1304
 12 100  1.1515  0.0000 11.1304
 20 100 -0.6496  0.0000 11.1304
 28 100 -2.8274 -0.3035  7.6077
 36 100  0.0000 -0.0000  9.1429
 44 100 -0.1824  1.6838  7.3143
 52 100 -0.1138 -0.0357 15.5152
 60 100 -0.0374  0.0000  0.0000
 68 100  0.1063  0.0000  6.9728
 76 100 -0.4949  0.0000  0.0000
 84 100 -0.4713  0.0000  0.0000
 92 100 -0.2646  0.0000 11.1304
100 100  0.0823 -0.0069 12.6530
108 100  0.0486 -0.5000  9.7970
116 100 -0.3672  0.0000 12.0628
124 100 -0.2384  0.0000  0.0000
132 100 -0.1123 -0.0711 13.6764
140 100 -0.4378  0.0000 16.1088
148 100 -0.5000  0.0000  8.8276
156 100 -0.0459  0.0000 16.1088
164 100  0.9062  0.0000  0.0000
172 100  0.4846  0.0000 11.1304
180 100  0.1547  0.0000  0.0000
188 100  0.1853  0.0000  0.0000
196 100  0.0428  0.0000  0.0000
204 100 -0.0590  0.0000 11.1304
212 100  0.2668  0.0000  0.0000
220 100  0.9822  0.0000 11.1304
228 100  1.9962  0.0000  0.0000
236 100  2.7083  2.5000  6.1440
244 100 -0.0677 -0.2414 11.7124
252 100 -2.2168  0.0000 11.1304
260 100  0.1194  0.0000  0.0000
268 100 -0.0266  0.0000  0.0000
276 100 -0.0798  0.0000  0.0000
284 100 -0.1064  0.0000 16.1088
292 100 -0.1034  0.0000 11.1304
  4 108 -0.3000  0.0000  0.0000
 12 108 -0.1960 -0.5000 11.1304
 20 108 -0.1817 -0.1098  6.7122
 28 108  0.0979  0.0000  8.0000
 36 108  0.2626  0.0000  8.6413
 44 108 -0.1151 -0.1151 16.5161
 52 108  0.2021  0.2860 10.7438
 60 108  0.1419  0.0000 11.1304
 68 108 -0.3767  0.0000  0.0000
 76 108 -0.6793  0.0000 11.1304
 84 108 -0.1151 -0.1151 16.5161
 92 108  0.7179 -0.0444  9.7823
100 108  0.2481  0.0000  0.0000
108 108  0.0000  2.5000  8.8276
116 108  0.2991  0.3692  7.3911
124 108 -0.0115  0.1764 15.7975
132 108 -0.2761 -0.0806  9.3746
140 108 -0.0016  0.0000 11.9011
148 108  0.5692  0.0000 16.1088
156 108  1.4446  0.0000 16.1088
164 108  2.5000  0.0000  8.8276
172 108  0.6811  0.0000 11.1304
180 108 -1.0218  0.0000  0.0000
188 108  0.1743  0.0000  0.0000
196 108  0.0250  0.0000 11.1304
204 108 -0.2393  0.0000  0.0000
212 108 -0.5226  0.0000 11.1304
220 108 -0.7093  0.0000  0.0000
228 108 -0.7466  0.0000  0.0000
236 108 -0.6023  0.0000 11.1304
244 108 -0.4521  0.0000 16.1088
252 108  0.0401  0.0000  9.2086
260 108  1.2408  0.0000 11.1304
268 108  2.5000  0.0000  8.8276
276 108  1.9624  0.0000 11.1304
284 108  1.1262  0.0000 11.1304
292 108  0.2665  0.0000 11.1304
  4 116  0.0000  0.5000 11.1304
 12 116  2.1744 -0.6604  9.0079
 20 116 -0.3290  2.8274  8.0000
 28 116 -0.2746  0.0000 16.6957
 36 116 -0.0858  0.0000  0.0000
 44 116  0.1632  0.0000 20.7059
 52 116  0.0723 -0.1194  8.4381
 60 116 -0.2294  0.0000  0.0000
 68 116 -0.2792  0.0000  0.0000
 76 116 -0.2181  0.0000 11.1304
 84 116 -0.1439  0.0853 11.4193
 92 116  0.8998  0.0000 13.1641
100 116  0.3887  0.0000 11.1304
108 116 -0.2540  0.0000  0.0000
116 116 -0.0082 -0.1974  9.0832
124 116 -0.0164 -0.0219  9.7439
132 116 -0.5000  0.0000 11.1304
140 116 -1.0793  0.0000 11.1304
148 116 -1.4868  0.0000  0.0000
156 116 -1.3786  0.0000 10.1191
164 116 -1.0804  0.0000  0.0000
172 116 -0.8733  0.0000 16.1088
180 116 -0.5000  0.0000  8.8276
188 116  1.0970  0.0000 11.1304
196 116  2.5247  0.0000  0.0000
204 116  2.6612  0.0000  0.0000
212 116  1.8987  0.0000  0.0000
220 116  1.1888  0.0000  0.0000
228 116  1.1535  0.0000 11.1304
236 116  2.0784  0.0000  0.0000
244 116  0.9574  0.0000  0.0000
252 116  0.4997  0.0000  0.0000
260 116  0.2851  0.0000  0.0000
268 116  0.1974  0.0000 22.2609
276 116  0.0390  0.0000 20.7059
284 116 -0.1917  0.0000 11.1304
292 116 -0.2901  0.0000  0.0000
  4 124 -0.2286 -0.0984  8.3801
 12 124  0.0000  0.0119  9.7130
 20 124  0.3091  0.0000 15.7112
 28 124  0.0000  0.0855 10.6035
 36 124  0.0000 -0.3577 13.4737
 44 124 -0.3927 -0.0140  8.4612
 52 124 -0.2828  0.0000  0.0000
 60 124 -0.7281  0.0000  0.0000
 68 124 -1.5230  0.0000 11.1304
 76 124 -2.2250  0.0000 14.5615
 84 124 -1.7873  0.0000 11.1304
 92 124 -1.1470  0.0000 11.1304
100 124 -0.7673  0.0000  0.0000
108 124 -0.2988  0.0000 16.1088
116 124  0.8080  0.0000 11.1304
124 124  1.9177  0.0000 13.1641
132 124  2.5000  0.0000  8.8276
140 124  1.8929  0.0000  0.0000
148 124  1.4483  0.0000  0.0000
156 124  1.5278  0.0000  0.0000
164 124  2.1467  0.0000 11.1304
172 124  2.0913  0.0000 12.5902
180 124  1.4130  0.0000  0.0000
188 124  0.7184  0.0000  0.0000
196 124  0.2942  0.0000 11.1304
204 124  0.0313  0.0000  0.0000
212 124 -0.1673  0.0000  0.0000
220 124 -0.2694  0.0000  8.0000
228 124 -0.2573  0.0000 11.1304
236 124 -0.1472  0.0000 11.9011
244 124 -0.0526  0.0000  0.0000
252 124 -0.1384  0.0000  0.0000
260 124 -0.1184  0.0000  0.0000
268 124 -0.2080  0.0000  0.0000
276 124 -0.1755  0.0000 22.2609
284 124 -0.5032  0.0000 11.1304
292 124 -1.3685  0.0000  0.0000
  4 132 -2.5581  0.1854 10.6074
 12 132 -1.6170  0.0000 11.1304
 20 132 -0.7124  0.0000 16.1088
 28 132 -0.4529  0.2042  7.8168
 36 132 -0.2047  0.0000  0.0000
 44 132  0.2792  0.0000 11.1304
 52 132  0.6076 -0.2000  5.4468
 60 132  0.5000  0.0000  8.4768
 68 132  0.8056  0.0000 16.1088
 76 132  0.9018  0.0000 12.0455
 84 132  1.0427  0.0000  0.0000
 92 132  1.7337  0.0000 16.1088
100 132  2.5000  0.0000  8.8276
108 132  1.7392  0.0000 16.1088
116 132  0.7480  0.0000 13.0803
124 132  0.2244  0.0000  0.0000
132 132 -0.0110  0.0000  0.0000
140 132 -0.1510  0.0000 11.1304
148 132 -0.2430  0.0000  0.0000
156 132 -0.2850  0.0000 11.1304
164 132 -0.2754  0.0000 16.1088
172 132 -0.2464  0.0000 20.7059
180 132 -0.2123  0.0000 11.1304
188 132 -0.2091  0.0000 11.1304
196 132  0.0755  0.0000  0.0000
204 132  0.1613  0.0000 11.1304
212 132  0.2278  0.1162  9.2296
220 132 -0.0582 -0.0292 15.7491
228 132 -0.8711  0.0000  0.0000
236 132 -0.4833  0.0000 13.5576
244 132 -0.0685 -0.0153 14.3772
252 132 -0.4043  0.4043  8.0000
260 132 -0.2462  0.0000  0.0000
268 132 -0.0284  0.0000  0.0000
276 132  0.0000 -0.5000  8.8276
284 132 -0.1344  0.0000 11.1304
292 132  0.2861  0.0000 11.1304
  4 140  0.4118  0.0000  8.4768
 12 140 -0.0168  0.0000  8.4768
 20 140  0.1729  0.0000 11.1304
 28 140  0.2917  0.0000 11.1304
 36 140  0.9821  0.0000  0.0000
 44 140  0.1960 -0.5000 11.1304
 52 140 -0.0440  0.0000  0.0000
 60 140 -0.0648  0.0000  0.0000
 68 140 -0.0987  0.0000 16.6957
 76 140 -0.1651  0.0000  0.0000
 84 140 -0.2407  0.0000  0.0000
 92 140 -0.2841  0.0000 11.1304
100 140 -0.2804  0.0000  0.0000
108 140 -0.1212  0.0000  0.0000
116 140 -0.0418  0.1521 12.6567
124 140  0.1183  0.0000 11.1304
132 140  0.2084  0.0000  0.0000
140 140  0.3804  0.0000  0.0000
148 140  0.2940  0.0000 11.1304
156 140 -0.0762  0.0000 10.6035
164 140 -0.1656  0.0786 10.7522
172 140 -1.3070 -0.0337 12.4709
180 140 -0.7798  0.0000  0.0000
188 140 -0.2659  0.0000  0.0000
196 140 -0.0143  0.0000 11.1304
204 140  0.0077  0.0000  0.0000
212 140 -0.2375  0.3586 11.7728
220 140  0.5348  0.0000 11.1304
228 140  0.8274  0.0000 17.0667
236 140 -0.5000  0.0448  8.9013
244 140 -0.2829  0.0000  0.0000
252 140  0.2962  0.0000 16.1088
260 140  1.3070 -0.0337 12.4709
268 140  0.0000 -0.5000  8.8276
276 140 -0.1378  0.0000  0.0000
284 140  0.0258  0.0000  0.0000
292 140  0.0489  0.0000 16.1088
  4 148  0.0000  2.5000  8.8276
 12 148 -0.0732  0.0000  9.2086
 20 148 -0.0777  0.0000 16.1088
 28 148 -0.0698  0.2911 10.5124
 36 148  0.2508  0.0000  0.0000
 44 148  0.4794  0.0000  0.0000
 52 148 -0.1108  0.0000  0.0000
 60 148  0.0000 -0.5000  8.8276
 68 148  0.2364  0.0000  8.2581
 76 148  0.1498  0.0000  0.0000
 84 148 -0.2043  0.0000  0.0000
 92 148 -0.5538  0.0000 16.1088
100 148 -1.0069  0.0000  0.0000
108 148 -0.3818  0.0000  0.0000
116 148  0.0000 -0.5000  8.8276
124 148  0.1599  0.0000 16.1088
132 148  0.4043 -0.4043  8.0000
140 148  0.2820  0.0000 11.1304
148 148  1.3609  0.0000  0.0000
156 148  2.5000 -0.5000  4.0635
164 148  0.8892  0.0000 19.1045
172 148  0.1292  0.0000  0.0000
180 148  0.0042  0.0000  0.0000
188 148  0.0000 -0.5000  8.8276
196 148 -0.2761 -0.0806  9.3746
204 148 -0.0800  0.0000 13.0803
212 148  0.2414  0.0000 11.1304
220 148  0.2267  0.0000  0.0000
228 148  0.1818  0.0000 16.1088
236 148  0.1827  0.0000  0.0000
244 148  0.4723  0.0000  0.0000
252 148  0.7989  0.0000 11.1304
260 148  0.9858 -0.0306  9.3822
268 148  1.1381  0.0000  0.0000
276 148 -0.4689  0.0000  0.0000
284 148 -0.1651  0.0000 19.1045
292 148  0.0813  0.0000  0.0000
  4 156 -0.1664  0.0000  8.0000
 12 156 -0.6766  0.0000  0.0000
 20 156 -1.1152  0.0000 11.1304
 28 156 -1.0629  0.0000  0.0000
 36 156  0.0000 -0.5000  8.8276
 44 156 -0.1917  0.0000  0.0000
 52 156 -0.3057  0.0000 11.1304
 60 156 -0.3689  0.0000  0.0000
 68 156 -0.3290 -2.8274  8.0000
 76 156  0.7673  0.0000  0.0000
 84 156  1.6037  0.0000 16.1088
 92 156  0.9088  0.0000 16.1088
100 156  0.2400  0.0000  0.0000
108 156  0.0685  0.0000  0.0000
116 156  0.2052  0.0000  0.0000
124 156  0.5000  4.5000  4.0635
132 156  0.1960  0.0000 11.1304
140 156  0.1891  0.0000 11.1304
148 156  0.2279  0.0000  0.0000
156 156  0.2633  0.0000  8.2581
164 156  0.2750  0.0000 11.1304
172 156  1.0183  0.0000  0.0000
180 156  1.7663  0.0000  0.0000
188 156  1.6676  0.0000 11.1304
196 156  1.4471  0.0000  0.0000
204 156 -0.9823  0.0000  0.0000
212 156 -0.4498  0.0000  0.0000
220 156 -0.0913 -0.2044 18.7317
228 156 -0.5230  0.0000 11.1304
236 156 -1.2206  0.0000 11.1304
244 156 -1.9001  0.0000 11.1304
252 156 -1.9122  0.0000 11.1304
260 156 -0.2038  0.0000  0.0000
268 156 -0.9998  0.0000  0.0000
276 156 -0.7578  0.0000 17.0667
284 156 -0.5000  0.0000 11.1304
292 156 -0.4584  0.0000  0.0000
  4 164  0.1460  0.0000  0.0000
 12 164  0.6288  0.0000  0.0000
 20 164  0.3957  0.0000 11.1304
 28 164  0.0000  2.5000  8.8276
 36 164  0.0227  0.0000 11.1304
 44 164  0.2229  0.0000 16.1088
 52 164  0.3979  0.0000  0.0000
 60 164  0.1757  0.0000 11.1304
 68 164  0.0000 -0.5000  8.8276
 76 164  0.1041  0.0000 22.2609
 84 164  0.2414  0.0000 11.1304
 92 164  0.0000  2.5000  8.8276
100 164  1.2516  0.0000  8.0688
108 164  2.5000  0.0000  8.8276
116 164  1.8896  0.0000  0.0000
124 164  1.0069  0.0000  0.0000
132 164 -1.5000  0.0000  8.2581
140 164 -0.9264  0.0000  0.0000
148 164 -0.7056  0.0000  0.0000
156 164 -0.8749  0.0000  9.2850
164 164 -1.4075  0.0000  0.0000
172 164 -2.2221  0.0000  0.0000
180 164 -2.7620 -2.5000  9.9740
188 164  0.3577  0.0000 13.4737
196 164 -2.5450  0.0000 11.1304
204 164 -0.6196  0.0000 11.1304
212 164  2.5000  0.0000  8.8276
220 164  0.2414  0.0000 11.1304
228 164 -0.0728  0.0000 11.1304
236 164  0.0434  0.0000  0.0000
244 164  0.0013  0.0000  0.0000
252 164 -0.0979  0.0000 11.1304
260 164 -0.0016  0.0000 16.1088
268 164  0.1866  0.0000 11.1304
276 164  0.2615  0.0000  0.0000
284 164  0.0915  0.0000  0.0000
292 164 -0.1029  0.0000 11.1304
  4 172 -0.1395  0.0000 11.1304
 12 172 -0.0939  0.0000  0.0000
 20 172  0.0000  0.5000  8.0688
 28 172  0.9396  0.0000 16.1088
 36 172  1.7023  0.0000 11.1304
 44 172  1.2249  0.0000 16.1088
 52 172  0.0000 -1.0000 11.1304
 60 172 -1.5052  0.0000 19.1045
 68 172 -1.1047  0.0000 11.1304
 76 172 -1.0000  0.0000  9.2850
 84 172 -0.7481  0.0000  0.0000
 92 172 -0.6810  0.0000 16.1088
100 172 -0.6610  0.0000  0.0000
108 172  0.0000  2.5000  8.8276
116 172 -0.1960  2.5000 11.1304
124 172 -6.0424 -0.2024  9.9873
132 172 -2.5316  0.0000  8.2581
140 172  0.2312  0.0000  0.0000
148 172 -0.1703  0.0000 11.1304
156 172 -0.3753  0.0000 14.4198
164 172 -0.3164  0.0000  0.0000
172 172 -0.2399  0.0000  0.0000
180 172 -0.1625  0.0000  0.0000
188 172 -0.0019  0.0000 16.1088
196 172  0.2095  0.0000 11.1304
204 172  0.2177  0.0000  0.0000
212 172  0.0259  0.0000  0.0000
220 172 -0.2131  0.0000 11.1304
228 172 -0.3593  0.0000  0.0000
236 172 -0.3515  0.0000  0.0000
244 172 -0.0850  0.0000  0.0000
252 172  0.5396  0.0000  0.0000
260 172  0.9570  0.0000  0.0000
268 172  0.6446  0.0000  0.0000
276 172 -0.2325  0.0000  0.0000
284 172 -1.0626  0.0000  0.0000
292 172 -0.7695  0.0000  0.0000
  4 180 -0.5512  0.0000  0.0000
 12 180 -0.2750  0.0000  0.0000
 20 180 -0.0308 -0.1823 13.1845
 28 180 -0.1417  0.0000 11.1304
 36 180  0.0000  2.5000  8.8276
 44 180  0.9359  0.0000 20.7059
 52 180  0.2984 -0.3415 16.8934
 60 180  0.0458 -0.1012 14.0274
 68 180 -0.5335  0.0000 11.1304
 76 180 -0.8082  0.0000 11.1304
 84 180 -0.7370  0.0000  0.0000
 92 180 -0.5409  0.0000 17.2183
100 180 -0.3496  0.0000  0.0000
108 180 -0.1676  0.0000 19.4783
116 180  0.0378 -0.0868 15.2803
124 180  0.3332  0.0000 13.0803
132 180  0.2570  0.0000  0.0000
140 180  0.0035  0.0000  0.0000
148 180 -0.2812  0.0000 11.1304
156 180 -0.4974  0.0000  0.0000
164 180 -0.5400  0.0000  0.0000
172 180 -0.1945  0.0000 11.1304
180 180  0.2633  0.0000  0.0000
188 180  0.5096  0.0000 11.1304
196 180  0.3223  0.0000 11.1304
204 180 -0.2008  0.0000  0.0000
212 180 -0.4551  0.0000  0.0000
220 180 -0.3243  0.0000 11.1304
228 180 -0.1101 -0.1469  7.1968
236 180 -0.0070  0.0000 16.1088
244 180  0.0901  0.0000  0.0000
252 180  0.1058  0.0000  0.0000
260 180  0.4542  0.0000  0.0000
268 180  1.7725  0.0000  0.0000
276 180  3.5000 -0.1203  5.4468
284 180  1.2352  0.0000 11.1304
292 180 -1.3070 -0.0337 12.4709
  4 188 -1.2883  0.0000 11.1304
 12 188 -0.8753  0.0000 16.1088
 20 188 -0.5528  0.0000  8.0000
 28 188 -0.3127  0.0000 11.1304
 36 188 -0.0768  0.0000 11.1304
 44 188  0.1936  0.0000  0.0000
 52 188  0.5000  0.0413 10.4642
 60 188  0.2646  0.0000  8.0000
 68 188 -0.0164  0.0000 16.1088
 76 188 -0.2596  0.0000 11.1304
 84 188 -0.4354  0.0000  0.0000
 92 188 -0.5000  0.0000 11.1304
100 188 -0.0879  0.0000  0.0000
108 188  0.2287  0.0000  0.0000
116 188  0.3442  0.0000  0.0000
124 188  0.2056  0.0000 12.0628
132 188 -0.1087  0.0000  0.0000
140 188  0.0000  2.5000  8.8276
148 188 -0.0905  0.0000  0.0000
156 188 -0.0449  0.0000  0.0000
164 188 -0.0082  0.0000  0.0000
172 188  0.0000 -0.5000  8.8276
180 188 -0.0197  0.0000 11.1304
188 188 -0.0588  0.0000 11.1304
196 188  0.1960  0.0000 11.1304
204 188  1.7618  0.0000  0.0000
212 188  0.8816  0.0000  0.0000
220 188 -0.5878  0.0000  0.0000
228 188 -0.7622  0.0000 11.1304
236 188 -0.4453  0.0000 11.1304
244 188 -0.2909  0.0000 11.1304
252 188 -0.1811  0.0000  0.0000
260 188 -0.0301  0.0000  0.0000
268 188  0.0622  0.0000  0.0000
276 188  0.0000 -0.5000  8.8276
284 188 -0.0450  0.0000 11.1304
292 188 -0.1326  0.0000 11.1304
  4 196 -0.1540  0.0000 16.1088
 12 196  0.0000  2.5000  8.8276
 20 196  0.5000  0.0000 11.1304
 28 196  0.4480  0.0000 11.1304
 36 196  0.4215  0.0000  0.0000
 44 196  0.3601  0.0000  0.0000
 52 196  0.2010  0.0000 11.1304
 60 196 -0.0298  0.0000 22.2609
 68 196  0.1128  0.0000  0.0000
 76 196 -0.0523  0.0000  0.0000
 84 196 -0.1008 -0.0843 14.9901
 92 196 -0.0648  0.0000  5.9799
100 196 -0.0329 -0.0211  6.6279
108 196  0.0226 -0.0461  6.3762
116 196 -0.0587  0.0000 10.9491
124 196  0.0913  0.2044 18.7317
132 196  0.6799  0.0000 12.0628
140 196  0.4294  0.0000  8.0000
148 196 -0.1307  0.0000 11.1304
156 196 -0.1602  0.0000  0.0000
164 196  0.1174 -4.1710 14.6131
172 196  0.0060  0.0000 11.1304
180 196 -0.0477  0.0000 11.1304
188 196  0.0784  0.0000 11.1304
196 196  0.0930  0.0000 12.0628
204 196 -0.1521  0.0000  0.0000
212 196 -0.2868  0.0000 11.1304
220 196 -0.3098  0.0000  0.0000
228 196 -0.2016  0.0000  0.0000
236 196  0.0661  0.0000  0.0000
244 196  0.4478  0.0000  0.0000
252 196  0.5018  0.0000 11.1304
260 196  0.4643  0.0000  0.0000
268 196  0.3703  0.0000  0.0000
276 196  0.2170  0.0000  0.0000
284 196  0.0261  0.0000  0.0000
292 196  0.0000  0.1960 11.1304
  4 204 -0.1104  0.0000  0.0000
 12 204 -0.1307  0.0000 11.1304
 20 204 -0.0769  0.0000 11.1304
 28 204  0.0000 -0.5000  8.8276
 36 204  0.0000 -0.5000  8.8276
 44 204  0.0032  0.0000  0.0000
 52 204  0.0061  0.0000 10.9491
 60 204  0.1166  0.0000 19.4783
 68 204  0.1115  0.0000  0.0000
 76 204 -0.0056  0.0000  0.0000
 84 204  0.0000  2.5000  8.8276
 92 204 -0.0852 -0.0171  7.3406
100 204  0.0021  0.0364  6.4281
108 204 -0.0063  0.0071  6.0503
116 204  0.2697  0.0000  9.4208
124 204  0.2966  0.0000 11.1304
132 204 -0.2735  0.0000  0.0000
140 204 -0.5468  0.0000 11.1304
148 204 -0.5858  0.0000  0.0000
156 204 -0.4542  0.0000  0.0000
164 204 -0.1912  0.0000 12.4272
172 204  0.1102  0.0000 11.1304
180 204  0.2750  0.0000 11.1304
188 204  0.3581  0.0000  0.0000
196 204  0.3350  0.0000 13.0803
204 204  0.2335  0.0000 11.1304
212 204  0.1000  0.0000 11.1304
220 204 -0.2420  0.0000 11.1304
228 204 -0.2280  0.0000  0.0000
236 204 -0.1685  0.0000  0.0000
244 204 -0.0660  0.0000  0.0000
252 204  0.0846  0.0000  0.0000
260 204  0.1631  0.0000  0.0000
268 204  0.1745  0.0000  0.0000
276 204  0.0484  0.0000 11.1304
284 204 -0.1068  0.3135 15.1963
292 204  0.0147  0.0000  0.0000
  4 212  0.0689  0.0000 11.1304
 12 212  0.0998  0.0000 11.1304
 20 212  0.0895  0.0000 11.1304
 28 212  0.1968  0.0000  0.0000
 36 212  0.3304  0.0000 11.1304
 44 212  0.5910  0.0000 11.1304
 52 212  0.6306  0.1105 11.2757
 60 212 -0.5000  0.0000  8.8276
 68 212 -0.8660  0.0000 11.1304
 76 212 -0.9556  0.0000 11.1304
 84 212 -0.8654  0.0000 11.1304
 92 212 -0.6425  0.0000 11.1304
100 212 -0.3571  0.0000 16.1088
108 212 -0.0828  0.0000  0.0000
116 212  0.1983  0.0000  0.0000
124 212  0.3034  0.0000 13.3565
132 212  0.2907 -0.0403 10.5761
140 212  0.2700  0.0000  9.2086
148 212 -0.5347  0.0000  0.0000
156 212 -0.3554  0.0000  0.0000
164 212 -0.1720  0.0000 19.1045
172 212  0.0000 -0.5000  8.8276
180 212  0.2286  0.0000 11.1304
188 212  0.2798  0.0000  0.0000
196 212  0.2021  0.2860 10.7438
204 212  0.2690  0.0000  0.0000
212 212  0.2661  0.0000  0.0000
220 212  0.3011  0.0000  0.0000
228 212  0.2976  0.0000  0.0000
236 212  0.2952  0.0000  0.0000
244 212  0.3339  0.0000  0.0000
252 212  0.4449  0.0000  0.0000
260 212  0.5494  0.0000  0.0000
268 212  0.5725  0.0000 16.1088
276 212  0.2820  0.0000 12.0628
284 212 -0.5734  0.0000 17.2183
292 212 -1.1224  0.0000  0.0000
  4 220 -1.3793  0.0000  0.0000
 12 220 -1.3930  0.0000  0.0000
 20 220 -1.2119  0.0000 11.1304
 28 220 -0.8976  0.0000  0.0000
 36 220 -0.5000  0.0000  8.8276
 44 220  0.0677  0.2414 11.7124
 52 220  0.3480  0.0000  0.0000
 60 220  0.5013  0.0000  0.0000
 68 220  0.6055  0.0000  0.0000
 76 220 -0.8354  0.0000  0.0000
 84 220 -0.4520  0.0000  0.0000
 92 220 -0.0605  0.0000 11.1304
100 220  0.3120  0.0000  0.0000
108 220  0.5352  0.0000  0.0000
116 220  0.1760  0.0000 15.0588
124 220 -1.1838 -0.5000  7.5779
132 220  0.3290 -2.8274  8.0000
140 220  0.7990  0.0000  8.0000
148 220  0.7750  0.0000  0.0000
156 220  0.6080  0.0000  0.0000
164 220  0.5000  0.0000 11.1304
172 220  0.5702  0.0000 11.1304
180 220  0.7201  0.0000  0.0000
188 220  0.7869  0.0000  0.0000
196 220  0.5870  0.0000 16.1088
204 220  0.0000 -0.5000  8.8276
212 220 -0.8142  0.0000  0.0000
220 220 -1.5336  0.0000  0.0000
228 220 -1.9750  0.0000  0.0000
236 220 -2.0931  0.0000  0.0000
244 220 -1.9133  0.0000  0.0000
252 220 -1.4838  0.0000  0.0000
260 220 -0.8535  0.0000  0.0000
268 220 -0.1090  0.0000 11.1304
276 220  0.4294  0.0000  0.0000
284 220  0.7748  0.0000  0.0000
292 220  1.0306  0.0000  0.0000
