VARIABLES= "X pix", "Y pix", "U pix/dt", "V pix/dt", "CHC", ZONE I=28, J=37
  4   4  0.0388  0.0002 10.7184
 12   4  0.0407 -0.0060 10.8867
 20   4  0.0304  0.0000 10.9708
 28   4  0.0236  0.0000 11.7274
 36   4  0.0328  0.0000 11.0456
 44   4 -0.0409  0.0000 11.0456
 52   4 -0.0011 -0.0070 11.1617
 60   4  0.0000 -0.0251 10.9455
 68   4  0.0918  0.0000 10.9708
 76   4  0.1607  0.0000 11.0456
 84   4  0.0023  0.0984 11.8345
 92   4 -0.0176  0.0608 12.1175
100   4  0.1367  0.0000 13.0561
108   4  0.0000 -0.0875 12.5438
116   4 -0.0038 -0.0115 11.7705
124   4 -0.0023  0.0000 11.0456
132   4 -0.0076  0.0000 11.6152
140   4  0.0099 -0.0080 11.2668
148   4  0.0277  0.0000 11.7754
156   4 -0.0036 -0.0185 11.7900
164   4  0.0118  0.0000 11.7754
172   4  0.0000 -0.0618 12.0268
180   4 -0.0514  0.0000 11.7754
188   4 -0.0277  0.0000 10.8101
196   4  0.0374  0.0000 11.7754
204   4  0.0000  0.0000 11.9407
212   4 -0.0942  0.0000 12.5087
220   4 -0.1806  0.0000 11.5182
228   4  0.0120  0.0000 10.3431
236   4  0.0000  0.0000 10.3848
244   4  0.0116 -0.0076  9.5308
252   4  0.0033 -0.0024 10.7397
260   4  0.0885  0.0211 10.6874
268   4 -0.0286 -0.0146 10.4624
276   4  0.0257  0.1178 11.7986
284   4 -0.0245  0.0000 11.9696
292   4 -0.0139 -0.0485 12.2937
  4  12  0.1331  0.0000 10.0018
 12  12 -0.1645 -0.1600 10.6014
 20  12  0.0000 -0.1880 12.2519
 28  12  0.2365 -0.0023 11.0035
 36  12  0.0537  0.0634 18.3470
 44  12  0.1020 -0.0198 11.4493
 52  12  0.0560  0.0495 20.8038
 60  12 -0.0035 -0.0900 11.1953
 68  12 -0.0317 -0.0481 16.4138
 76  12  0.0617  0.0570 11.1366
 84  12  0.0571 -0.0047  9.3384
 92  12  0.0753 -0.2059  9.2204
100  12  0.0719 -0.0067  9.2001
108  12 -0.0369 -0.0584 12.8558
116  12 -0.0198  0.0490 10.9660
124  12  0.0518  0.0578 11.7683
132  12  0.0000 -0.0914 10.3859
140  12 -0.0633 -0.0139 10.9405
148  12 -0.0848  0.0000 10.8049
156  12  0.0000 -0.0126 12.2506
164  12 -0.0086 -0.0283 13.7702
172  12  0.0163  0.0235 10.1140
180  12  0.0006  0.0066 11.1086
188  12  0.0513  0.1255 11.7020
196  12  0.1608  0.3492 12.1297
204  12 -0.0628  0.1531  9.3800
212  12 -0.1008  0.0000 12.0763
220  12 -0.1654 -0.0692 14.0285
228  12 -0.0201  0.0000 12.5159
236  12 -0.0296  0.0000 11.2941
244  12 -0.0081 -0.0339  9.0747
252  12 -0.1331  0.0048  9.5161
260  12 -0.0095  0.1015 10.4818
268  12  0.0696  0.0000  8.6732
276  12  0.0858 -0.0940  8.1261
284  12  0.0218 -0.1809  6.9504
292  12  0.0039  0.0148  7.7151
  4  20  0.0485 -0.0157 17.7866
 12  20 -0.0443  0.0094 14.8216
 20  20  0.0984 -0.0008 14.8265
 28  20  0.0017 -0.0759 13.3024
 36  20  0.0000 -0.0370 13.8454
 44  20  0.0440 -0.0043 12.0615
 52  20 -0.0000 -0.0007 10.8114
 60  20 -0.0403  0.0173 12.5120
 68  20 -0.0017  0.0000 15.3658
 76  20  0.0030 -0.0124 12.1316
 84  20 -0.0383 -0.0360 12.6470
 92  20 -0.0106 -0.0309 10.6598
100  20  0.0417 -0.0596 12.3855
108  20 -0.0114 -0.0545 12.0746
116  20  0.0153 -0.0115 15.5932
124  20 -0.0035  0.0300 14.7071
132  20 -0.0051 -0.0002 15.5444
140  20  0.0146  0.0088 14.7024
148  20 -0.0233 -0.0028 15.2600
156  20  0.0016 -0.0161 14.3430
164  20  0.1337 -0.0996 14.3858
172  20  0.0753 -0.0898 18.5849
180  20  0.0543 -0.0150 16.0311
188  20 -0.0122 -0.0604 19.4743
196  20 -0.0034  0.0123 19.8530
204  20 -0.0400 -0.0269 24.8287
212  20  0.0048 -0.0963 25.7506
220  20 -0.0285  0.0728 10.3492
228  20  0.0000 -0.1620  7.5027
236  20 -0.0708  0.0651 17.4650
244  20 -0.0548  0.0862 17.1958
252  20  0.0044 -0.0053 14.5323
260  20  0.1177  0.1734 12.6513
268  20  0.0997  0.0527  7.7267
276  20 -0.0045  0.0000 15.3824
284  20 -0.1273  0.0568 15.7511
292  20  0.0447 -0.1737 13.7143
  4  28  0.0025  0.0075  9.2119
 12  28 -0.1165 -0.0610 10.0173
 20  28  0.0203  0.0121 10.6979
 28  28  0.0063 -0.0037 10.4213
 36  28  0.0023 -0.0123 10.4174
 44  28 -0.0302 -0.0066 10.1650
 52  28 -0.0147  0.0161 10.2245
 60  28  0.0015 -0.0284  9.7567
 68  28  0.0040  0.0088 10.8613
 76  28  0.0254 -0.0029 10.5956
 84  28  0.0031  0.0186  9.5997
 92  28 -0.0039 -0.0216  9.3728
100  28  0.0228 -0.0172 12.3247
108  28 -0.0086  0.0023 13.8403
116  28 -0.0214 -0.0283  8.7825
124  28  0.0071  0.0024  9.3269
132  28 -0.0039  0.0029  8.4637
140  28 -0.0017 -0.0133  8.8537
148  28  0.0295  0.0014  8.8069
156  28  0.0251 -0.0116 19.7466
164  28 -0.0174 -0.0234 15.6641
172  28 -0.0276 -0.0162 15.7322
180  28  0.0989 -0.0185 22.0568
188  28  0.0595 -0.0216 15.1084
196  28  0.0022 -0.0185  8.4937
204  28 -0.0163  0.0041  8.7869
212  28  0.0065 -0.0013  9.6943
220  28  0.0037  0.0009  9.3874
228  28  0.0175  0.0143  9.0412
236  28  0.0082  0.0019  8.6394
244  28  0.0106  0.0021  8.9396
252  28  0.0283 -0.0267  9.8806
260  28  0.0237  0.0189 15.4114
268  28  0.0221  0.0002 11.9867
276  28  0.0058 -0.0035 24.4193
284  28  0.0057  0.0288 15.2429
292  28  0.0101 -0.0131 11.4047
  4  36  0.0091 -0.0555  7.4210
 12  36 -0.0244 -0.0013  7.0095
 20  36 -0.0180 -0.0867  6.4504
 28  36 -0.1238  0.1724  6.5831
 36  36 -0.0565  0.0070 10.4103
 44  36 -0.1363  0.0000  9.4762
 52  36  0.0000 -0.5000  7.1968
 60  36  0.0362  0.0000  8.4696
 68  36 -0.0218  0.2482 10.9097
 76  36  0.1228  0.0030 13.4310
 84  36  0.0067  0.0037 12.4868
 92  36  0.0000  0.1801  8.8321
100  36 -0.1068 -0.0317  7.9810
108  36 -0.2501  0.1476  7.5836
116  36 -0.1231  0.0000  7.3088
124  36 -0.1582 -0.5189  7.3432
132  36 -0.5000  0.2761  7.2391
140  36 -0.1910  0.0000 13.5576
148  36  0.0530 -0.0123  6.5116
156  36  0.0592  0.0022 13.4478
164  36  0.1094 -0.0132 13.2837
172  36  0.0319  0.0022 16.6027
180  36  0.1471  0.0281 13.1424
188  36  0.0177 -0.0044 11.4460
196  36  0.0035 -0.0134 13.1952
204  36  0.0759  0.0140 14.2150
212  36 -0.0335  0.0000 12.9293
220  36 -0.1653 -0.2870 12.1302
228  36 -0.1653 -0.0052 14.7176
236  36 -0.0948 -0.0057 10.8041
244  36  0.0000  0.0736  9.7300
252  36 -0.2268  0.2286 10.6810
260  36  0.0000  0.1870  7.4854
268  36 -0.2689  0.0419  9.7710
276  36  0.0484  0.0096  9.4582
284  36  0.1214 -0.0275  9.1075
292  36  0.0000 -0.0133  8.5009
  4  44  0.0569  0.0000  9.4208
 12  44  0.0000 -0.2730 10.6474
 20  44  0.0358  0.0293 17.0084
 28  44  0.1023  0.0079 14.5260
 36  44 -0.0133  0.0000 11.7813
 44  44  0.0023 -0.0883 10.9298
 52  44 -0.1150 -0.0192  8.7422
 60  44  0.1290  0.1204  6.6656
 68  44  0.0197 -0.2842  5.8885
 76  44  0.2282 -0.4734  8.7300
 84  44  0.1485  0.0000 11.1304
 92  44  0.0584  0.0000 11.1304
100  44  0.0000 -0.5000  8.8276
108  44 -0.0316  0.0000 11.1304
116  44 -0.1050  2.5000  6.8903
124  44 -0.1167  0.0000 19.4783
132  44 -0.1353  0.1326  7.3628
140  44 -0.0538  0.0000  0.0000
148  44 -0.0243  0.0262  5.8428
156  44  0.0448  0.0722 16.0770
164  44  0.0843  0.0240 11.6035
172  44 -0.0014  0.0353 12.9558
180  44  0.1325 -0.0201 13.0227
188  44  0.0942  0.0188 11.2081
196  44 -0.0420  0.0000 10.1661
204  44 -0.0828 -0.3840  7.7022
212  44 -0.0131 -0.1035  7.1215
220  44 -0.0340 -0.0426  8.5768
228  44  0.0452  0.0000 12.0000
236  44  0.0227  0.0000 12.2639
244  44 -0.0558  0.0080 10.6810
252  44  0.0101 -0.1409 14.0895
260  44  0.1253  0.0025 17.4748
268  44  0.2339  0.0000 11.0903
276  44 -0.0923  0.1998 10.7038
284  44  0.1857  0.2611 11.1548
292  44 -0.0098  0.0404 10.3218
  4  52  0.0000 -0.3323  7.9650
 12  52 -0.0261  0.0398  7.4505
 20  52  0.0595  0.2458  6.4146
 28  52  0.0684  0.0000  0.0000
 36  52 -0.1572  0.0000 11.1304
 44  52 -0.1094  0.0000  0.0000
 52  52 -0.0725  0.0000  0.0000
 60  52 -0.0366  0.0000  0.0000
 68  52  0.0184  0.0000  0.0000
 76  52 -0.0739  0.0000 16.1088
 84  52 -0.2248  0.0000 11.1304
 92  52 -0.3577  0.0000 13.4737
100  52  0.0611  0.0000  0.0000
108  52  0.6510  0.0000  0.0000
116  52  1.1838 -0.5000  7.5779
124  52  0.4655  0.0000 11.1304
132  52 -0.0661  0.0000  0.0000
140  52 -0.2922 -0.1872  5.5762
148  52  0.0465  0.0126  6.1161
156  52  0.0722  0.0934 25.3224
164  52  0.1022  0.1802 12.2254
172  52  0.0083  0.1232  9.3113
180  52  0.0502  0.0219 21.9375
188  52  0.0558  0.0040  9.2630
196  52  0.8530  0.0000  8.0688
204  52  0.0000  0.5000 11.1304
212  52  0.0971  0.0000 13.3565
220  52 -0.0524  0.0000 12.7546
228  52 -0.1093 -0.1097 12.8151
236  52 -0.0845  0.0000 15.4312
244  52  0.1895  0.0000 13.3851
252  52  0.2342 -0.1278 11.6364
260  52 -0.2761  0.0806  9.3746
268  52 -0.0318 -0.0253 10.8606
276  52  0.0282 -0.0168 12.2480
284  52  0.0992  0.0000 15.9971
292  52  0.1430  0.1995 17.0822
  4  60 -0.0797  0.0000  0.0000
 12  60 -0.3053  0.0000  0.0000
 20  60 -0.3000  0.0000  0.0000
 28  60  0.0913  0.0000  0.0000
 36  60  0.4478  0.0000  0.0000
 44  60  0.6118  0.0000 11.1304
 52  60  0.1894  0.0000  0.0000
 60  60 -0.1808  0.0000  0.0000
 68  60 -0.4514  0.0000  0.0000
 76  60 -0.1033  0.0000 22.2609
 84  60 -0.3139 -2.0000  8.5483
 92  60 -0.0494  0.0000  9.2086
100  60  0.4852  0.0000 17.2183
108  60  0.5983  0.0000 11.1304
116  60  0.9076  0.0000 16.1088
124  60  2.5000  0.0000  8.8276
132  60  1.1697  0.0000 11.1304
140  60  0.5000  0.1071  9.2702
148  60  0.0126  0.0416  5.8218
156  60 -0.0160  0.0583  6.2297
164  60 -0.0109  0.1084  5.9563
172  60 -0.0018  0.0054  5.9591
180  60 -0.0007  0.0767  5.8166
188  60  0.0250 -0.0361  5.4999
196  60  0.0000 -0.5000  4.6545
204  60  0.0543  0.0000 11.1304
212  60  0.1154  0.0000 12.0628
220  60  0.0738  0.0000 11.1304
228  60 -0.1038  0.0000 11.1304
236  60 -0.3147 -1.2235  7.7576
244  60 -0.1802  0.1949  7.7576
252  60  0.1566 -0.2968  9.4269
260  60  0.1092  0.0000 13.3851
268  60 -0.0367 -0.0780  8.5648
276  60 -0.1650 -0.0675 16.4983
284  60 -0.0437  2.3187  7.4914
292  60 -0.2260 -0.0220  7.3483
  4  68  0.6584  0.0000  0.0000
 12  68  0.1195  0.0000  0.0000
 20  68  0.0039  0.0000  0.0000
 28  68  1.3012  0.0000  0.0000
 36  68  0.9064  0.0000  0.0000
 44  68  0.0000  0.1960 11.1304
 52  68  0.8876  0.0000  0.0000
 60  68  0.5000  0.0000  8.4768
 68  68  0.0924  0.0000  0.0000
 76  68 -0.3030 -0.0457  9.5988
 84  68  0.0056  0.0085 10.1477
 92  68 -0.0734 -0.2481 11.4270
100  68 -0.0088  0.3626 14.3598
108  68 -0.0146  0.0000 11.9011
116  68  0.1841  0.0418 12.3683
124  68 -0.0226  0.2586 17.1257
132  68  0.0351  0.0000 11.1304
140  68  0.1151  0.1151 16.5161
148  68  0.0222  0.0000 12.3186
156  68 -0.0060  0.0000 16.1088
164  68 -0.0962  0.0000 16.1088
172  68  0.1771  0.1997  5.4001
180  68  0.3468  2.5000 10.2045
188  68  0.0000  0.5000  8.0688
196  68 -0.0881  0.0000  0.0000
204  68  0.0355  0.0000  0.0000
212  68  0.6507  0.0000 19.1045
220  68  1.5572  0.0000  0.0000
228  68  2.5000  0.0000  8.8276
236  68  0.6530  0.1203  5.4468
244  68 -0.3127  0.1061  9.8739
252  68  2.5000  0.1180  9.2850
260  68  1.6373  0.0000 16.1088
268  68 -0.0940  0.0000 16.1088
276  68 -0.1439 -0.0853 11.4193
284  68 -0.0828  0.1980  8.7562
292  68 -0.1550 -0.0300 17.4545
  4  76 -0.2303  0.0000 11.1304
 12  76  0.0154  0.0000  0.0000
 20  76 -0.0246  0.0000  0.0000
 28  76 -0.4255  0.0000  0.0000
 36  76 -0.2885  0.0000  0.0000
 44  76 -0.1973  0.1873 15.1386
 52  76  0.0000 -0.1063  6.9728
 60  76 -0.0027  0.0000 11.1304
 68  76  0.1146  0.0101 17.4161
 76  76 -0.0775 -2.8282  5.6999
 84  76  0.0746 -0.0071  8.0996
 92  76 -0.1339 -0.0028 11.1820
100  76  0.0738 -0.3377  8.9309
108  76  0.2344  0.0000 11.1304
116  76  0.1275  0.0000 11.1304
124  76  0.0000 -0.1063  6.9728
132  76  0.0000 -1.5000  7.3143
140  76  0.6925  0.0000  9.2086
148  76  1.9043  0.0000 12.8600
156  76  2.2581  0.0000 11.9353
164  76  0.4043  0.4043  8.0000
172  76  0.0747  0.0000  0.0000
180  76  1.2653  0.0000  0.0000
188  76  1.6276  0.0000  0.0000
196  76 -0.5000 -0.5000  4.0635
204  76 -0.5555  0.0000  0.0000
212  76 -0.3492  0.0000  0.0000
220  76 -0.2411  0.0000  0.0000
228  76 -0.1174 -4.1710 14.6131
236  76  0.2005 -5.1203  5.4468
244  76  0.0000 -0.1960 11.1304
252  76 -0.6538  0.0000 11.1304
260  76 -0.0391 -0.5000  9.3822
268  76  0.6767  0.0000 11.1304
276  76 -0.1960  0.0000 11.1304
284  76 -0.2437  0.0000  0.0000
292  76 -0.1798 -1.0000  6.7923
  4  84 -0.0835  0.0000 11.1304
 12  84 -0.0140  0.0000  0.0000
 20  84 -0.0889  0.0000  0.0000
 28  84  0.0608  0.0000 17.0667
 36  84  0.3105 -0.3099  8.6486
 44  84  0.4611  0.0000  0.0000
 52  84  0.0000  0.1820 11.3219
 60  84 -0.5000  0.1057  6.1160
 68  84 -0.3399  0.0711  6.8267
 76  84  0.1208  0.2256  8.5359
 84  84 -2.8274 -0.3035  7.6077
 92  84 -1.1044  0.0000 13.3260
100  84 -0.1968 -0.0852  9.8302
108  84  0.0000 -0.1960 11.1304
116  84  2.5000  0.0000  8.8276
124  84  0.7707  0.0000 11.1304
132  84  0.0332  0.0000  0.0000
140  84 -0.0846  0.0000 19.4783
148  84 -0.0972  0.0000 10.1191
156  84  0.1059  0.0000  0.0000
164  84  0.5000  0.0000  8.4768
172  84 -0.0247  0.0000  0.0000
180  84 -0.5735  0.0000  0.0000
188  84  0.7140  0.0000  0.0000
196  84  2.5000  0.0000  8.8276
204  84  0.9872  0.0000  0.0000
212  84  0.0899  0.0000 19.1045
220  84 -0.0417  0.1134  7.3143
228  84  0.0557 -0.0193 15.2661
236  84 -0.0226  0.0000  0.0000
244  84 -0.0712  0.0000  0.0000
252  84  0.1318  0.0000  0.0000
260  84  0.7593  0.0000  0.0000
268  84  1.6933  0.0000  0.0000
276  84  2.5000  0.0000  8.8276
284  84  0.0000 -0.0855 10.6035
292  84 -0.7711  0.0000 16.1088
  4  92 -1.2015  0.0000  0.0000
 12  92 -1.2975  0.0000  0.0000
 20  92  0.1186 -0.3183 14.8464
 28  92 -0.1991  1.4294  8.6893
 36  92 -0.1490  0.2755  7.6340
 44  92 -0.1112  0.1112 15.6111
 52  92  0.1483  1.3554  9.1673
 60  92  0.1382  0.0000  0.0000
 68  92  0.1157 -0.0424  8.2974
 76  92 -0.0823  0.0175  9.6460
 84  92 -0.1219  0.0000 20.7059
 92  92 -0.0910  0.0000  0.0000
100  92 -0.5000  0.0000  8.8276
108  92 -0.6693  0.0000 11.1304
116  92 -0.1841 -0.0418 12.3683
124  92  0.8939  0.0000 16.1088
132  92  0.4172  0.0000 11.9011
140  92 -0.1841  0.0418 12.3683
148  92  0.0000 -0.5000  8.8276
156  92  0.0066  0.0000  0.0000
164  92 -0.1049  0.0000  0.0000
172  92 -0.1346  0.0000  0.0000
180  92  0.0000  0.0955 11.7002
188  92  0.5723 -5.1203  5.4468
196  92  1.2796  0.0000  0.0000
204  92  2.0797  0.0000  0.0000
212  92  2.5000  0.0000  8.8276
220  92 -0.0578  0.4337  9.0220
228  92 -1.6909 -0.0391  9.8462
236  92  0.0652 -0.1706 12.9762
244  92 -0.3681  0.3881  9.7710
252  92 -0.1464  0.0000 11.1304
260  92 -0.3381  0.0000 11.1304
268  92 -0.5937  0.0000  0.0000
276  92  0.0186  0.0000  0.0000
284  92  0.3973  0.0000 11.1304
292  92  0.0000 -0.5000  8.8276
  4 100  0.0938  0.0000 12.0628
 12 100 -0.0417 -0.1134  7.3143
 20 100 -0.3527  0.0000 16.1088
 28 100 -0.0182  0.0823 10.9852
 36 100 -0.2728  0.7478  7.0743
 44 100 -0.1631 -0.2029 15.8514
 52 100 -0.2351  0.1416 15.9566
 60 100 -0.2139  0.0000  0.0000
 68 100 -0.2914  0.0000  0.0000
 76 100 -0.2580  0.0000  0.0000
 84 100 -0.1005  0.0000  0.0000
 92 100 -0.1869  0.0000  0.0000
100 100 -0.0551  0.2526 17.5225
108 100  0.2921  0.0670 14.1785
116 100  0.2114  0.0000  0.0000
124 100 -0.0498  0.0000 11.1304
132 100 -0.5000  0.0000  8.8276
140 100  0.6508  0.0000  0.0000
148 100 -0.1285  0.0000 11.1304
156 100 -0.7810  0.0000 22.2609
164 100 -0.0133  0.0000 11.1304
172 100  0.0580  0.0000 11.1304
180 100  0.5000 -0.3577 10.2400
188 100 -0.0464  0.0000  0.0000
196 100 -0.5000  0.0000  8.8276
204 100  0.7673  0.0000  0.0000
212 100  2.1324  0.0000  0.0000
220 100  2.6726  0.0000  0.0000
228 100  1.5612  0.0000 16.1088
236 100  1.7781 -0.0625  9.3367
244 100 -0.2709  0.3445 10.7107
252 100  0.0000  0.2419 15.5580
260 100 -0.2278  0.0000  0.0000
268 100 -0.3028  0.0000 11.1304
276 100 -0.3669  0.0000  0.0000
284 100 -0.2248  0.0000 11.1304
292 100  0.0961 -0.2917  8.4628
  4 108 -0.3062  0.0000  8.2581
 12 108  0.0902  0.0000  0.0000
 20 108 -0.2456  0.0000 11.1304
 28 108 -0.0762  0.0000 17.0667
 36 108 -0.1656  0.0786 10.7522
 44 108  0.1654  0.0000  8.0000
 52 108 -0.1307  0.0000  0.0000
 60 108 -0.4603  0.0000  0.0000
 68 108  0.0127  0.0000  0.0000
 76 108 -0.1834  0.0000 11.1304
 84 108 -0.2821 -0.0460  9.3555
 92 108  0.0235  0.3939  8.7892
100 108  0.0272  0.0456  8.4951
108 108  0.4482  0.0000 16.6957
116 108  0.2481  0.0000 11.1304
124 108  0.2369  0.0000 11.1304
132 108  1.6306  0.0000  0.0000
140 108  3.4259  0.0000 16.1088
148 108  4.5000 -0.1174 13.8795
156 108  0.7851  0.3255  7.9689
164 108  0.6086  0.0000  0.0000
172 108 -0.0066  0.0000 11.1304
180 108  0.0175  0.0000  0.0000
188 108 -0.2010  0.0000  0.0000
196 108 -0.3223  0.0000  0.0000
204 108 -0.1939  0.0000  0.0000
212 108  0.1604  0.0000  0.0000
220 108  1.8230  0.0000 11.1304
228 108  0.0000 -0.5000  8.8276
236 108  0.8293  1.5000  6.7552
244 108 -0.0933  0.1091  8.5380
252 108  1.0074  0.0000  0.0000
260 108  2.5000  0.0000  8.8276
268 108  1.4418  0.0000  8.4768
276 108  0.5286  0.0000  0.0000
284 108  0.0711  0.0000  0.0000
292 108  0.1313  0.0812 16.9211
  4 116 -0.1960  0.0000 11.1304
 12 116 -0.5000  0.1588 10.5785
 20 116  0.7458  0.0000  9.2086
 28 116 -0.0656  0.0326 15.2216
 36 116  0.2375  0.0000  0.0000
 44 116 -0.3577  0.0000 13.4737
 52 116 -0.2030  0.0000  0.0000
 60 116  1.1999  0.0000  0.0000
 68 116  1.9593  0.0000 11.1304
 76 116  0.0308  0.1823 13.1845
 84 116 -0.5000  0.0000  8.8276
 92 116 -0.4030  0.0000  0.0000
100 116  0.0000  2.5000 12.0628
108 116  0.1249  0.0000  0.0000
116 116  0.0095 -0.2995  9.2917
124 116 -0.2355  0.0676  9.6398
132 116  0.0000 -1.5000  7.8528
140 116 -0.1113 -1.6014 11.9803
148 116  4.5000  4.5000  4.0635
156 116  1.5000  0.0000  8.2581
164 116  0.6626  0.0000  0.0000
172 116 -0.0049  0.0000  0.0000
180 116  0.7101  0.0000  0.0000
188 116  1.3652  0.0000  0.0000
196 116  0.9686  0.0000  0.0000
204 116  0.5098  0.0000  0.0000
212 116  0.2475  0.0000  0.0000
220 116  0.2733  0.0000  0.0000
228 116  0.4094  0.0000 16.1088
236 116  1.0939  0.0000 11.1304
244 116  2.5000  0.0000  8.8276
252 116  0.7709  0.0000 16.1088
260 116 -0.1523  1.5000  7.6040
268 116 -4.1025 -5.6677  8.2790
276 116 -1.7393  0.0000 20.7059
284 116  0.8836  0.0000 12.0628
292 116  2.5000  0.0000  8.8276
  4 124  0.5296  0.0000  0.0000
 12 124 -0.5000  0.1180  9.2850
 20 124 -1.0000  0.0000  8.2581
 28 124 -0.4106  0.0000  0.0000
 36 124  0.0310  0.2139 18.6320
 44 124  0.2497 -0.0494 11.3219
 52 124  0.4174  0.0000  0.0000
 60 124  0.0089  0.0000  0.0000
 68 124 -0.7852  0.0000 11.1304
 76 124 -0.4681  0.0000  9.5738
 84 124 -0.1250  0.0000  0.0000
 92 124 -0.1972  0.0000  0.0000
100 124 -0.5000  0.0000  8.8276
108 124  0.0610  0.5000  7.7665
116 124 -0.0910 -0.1693  8.0483
124 124  0.0188 -0.1629  7.6029
132 124  0.1390  0.0000  0.0000
140 124  0.0799  0.0000  0.0000
148 124  0.0244  0.0000  0.0000
156 124 -0.1058  0.0000  0.0000
164 124 -0.2780 -0.1270 13.3759
172 124 -2.5000 -1.0000  7.6040
180 124 -1.4866  0.0000  0.0000
188 124 -0.6998  0.0000  0.0000
196 124 -1.0104  0.0000  0.0000
204 124 -0.2374  0.0000  0.0000
212 124  0.8786  0.0000  0.0000
220 124  1.5492  0.0000  0.0000
228 124  0.5317  0.0000  0.0000
236 124 -0.3678  0.0000 11.1304
244 124 -0.7403  0.0000 11.1304
252 124 -0.3105  0.0000  0.0000
260 124  0.1402  0.0000  0.0000
268 124  0.4905  2.5000  5.0501
276 124  1.3139 -0.3311  8.0688
284 124  0.6740  0.0000  0.0000
292 124  0.0307  0.0000  0.0000
  4 132  0.1656 -0.0786 10.7522
 12 132 -0.0391 -0.5000  9.3822
 20 132 -0.0981  0.0000  0.0000
 28 132  0.3127  0.1061  9.8739
 36 132  0.0418 -0.1521 12.6567
 44 132  0.0000  2.5000 11.1304
 52 132  0.0366  0.0000 11.1304
 60 132  0.1428  0.0000  0.0000
 68 132 -0.0421  0.1634 12.8457
 76 132 -0.2797  0.0000 11.1304
 84 132 -0.9838  0.0000  0.0000
 92 132 -1.4779  0.0000  0.0000
100 132 -2.5513  0.0000  0.0000
108 132 -1.6400  0.0000 11.1304
116 132  0.0000 -1.1786  7.6040
124 132  2.5000  0.0000  8.8276
132 132  1.5062  0.0000  0.0000
140 132  0.8485  0.0000  0.0000
148 132  0.7684  0.0000  0.0000
156 132  0.2418  0.0000  0.0000
164 132 -0.3531  0.0000 11.1304
172 132 -0.5000  4.5000  4.0635
180 132 -0.0296  0.0566 10.9138
188 132  0.3303  0.0000  0.0000
196 132  0.7739  0.0000  0.0000
204 132  1.0263  0.0000 11.1304
212 132  0.6879  0.0000 11.1304
220 132  0.2538  0.0000  0.0000
228 132  0.0496  0.0000  0.0000
236 132 -0.3110  0.0000  0.0000
244 132 -0.5000  0.0000  8.8276
252 132 -0.0073  0.0000  0.0000
260 132 -0.0186  0.0000  0.0000
268 132  0.0111  0.0000  0.0000
276 132  0.1534  0.7581  4.0635
284 132  0.3468  2.5000 10.2045
292 132  0.0758  0.0000  0.0000
  4 140  0.0000  2.5000  8.8276
 12 140 -1.1115  0.5000  7.3479
 20 140 -1.3080  0.0000  0.0000
 28 140 -1.6704  0.0000  0.0000
 36 140 -1.0582  0.0000 11.1304
 44 140  0.2440  0.0000  0.0000
 52 140  1.6276  0.0000 22.2609
 60 140  0.9231  0.0000 19.4783
 68 140 -0.0136 -0.1807  7.9395
 76 140  0.0847  0.0000  0.0000
 84 140 -0.0108  0.0000  0.0000
 92 140 -0.4196  0.0000  0.0000
100 140 -0.3015  0.0000  0.0000
108 140  0.0216  0.0000  0.0000
116 140  0.2780 -0.1270 13.3759
124 140  0.5414  0.0000 11.1304
132 140  0.5219  0.0000 11.1304
140 140  0.3720  0.0000 11.1304
148 140  0.1304  0.0000  0.0000
156 140 -0.1151  0.0000  0.0000
164 140 -0.4497  0.0000 11.1304
172 140 -0.4095  0.0000  0.0000
180 140 -0.0698  0.2911 10.5124
188 140 -0.1643  0.0000  0.0000
196 140 -0.1514  0.0000  0.0000
204 140  0.0078  0.0000  0.0000
212 140  0.0999  0.0000 11.1304
220 140  0.0000  0.1960 11.1304
228 140  0.7659  0.0000 11.1304
236 140  1.1838  2.5000  7.5779
244 140  0.1899  0.0000  0.0000
252 140 -0.5353  0.0000 16.1088
260 140 -0.5090  0.0000  0.0000
268 140  0.0877  0.0000  0.0000
276 140  0.5943  0.0000  0.0000
284 140  0.1556  0.0000 12.2969
292 140 -0.1165  0.0000  0.0000
  4 148  0.0000  2.5000  8.8276
 12 148  0.0832 -0.3131  9.8462
 20 148 -0.5000  0.0000  8.8276
 28 148 -0.0737  0.0000  0.0000
 36 148  0.0783  0.0000  0.0000
 44 148  0.0000  2.5000  8.9154
 52 148  0.0417  0.0000  0.0000
 60 148 -0.0083  0.0418 11.2576
 68 148  0.0229  0.0000 11.1304
 76 148 -0.0092  0.0000  0.0000
 84 148 -0.1102  0.0000  0.0000
 92 148 -0.5000  0.0000  8.8276
100 148 -0.2771  0.0000  0.0000
108 148  0.0000  0.1063  6.9728
116 148 -0.4747  0.0000 11.1304
124 148 -0.4474  0.0000  0.0000
132 148 -0.1080  0.0000  0.0000
140 148  0.1218  0.0000 11.1304
148 148  0.3411  0.0000  0.0000
156 148  0.9795  0.0000  0.0000
164 148  1.3035  0.0000 11.1304
172 148  0.7110  0.0000  0.0000
180 148  0.0264 -0.3145 11.0777
188 148 -0.2740  0.0000  0.0000
196 148 -0.0671  0.0000  0.0000
204 148  0.1221  0.0000  0.0000
212 148  0.0000 -0.5000  8.8276
220 148  0.0347  0.2491  6.8386
228 148  0.0909  0.0000  0.0000
236 148  0.0894  0.0000  0.0000
244 148 -0.1724  0.0000  0.0000
252 148  0.3385  0.3106 13.2342
260 148  0.2268  0.0000 16.1088
268 148  0.0926  0.0000  0.0000
276 148 -0.3199  0.0000  0.0000
284 148 -0.3133  0.0000 12.0628
292 148 -0.1595  0.0000  0.0000
  4 156  0.0000 -0.5000  8.8276
 12 156  0.2675 -0.5000  6.5641
 20 156 -0.0380  0.0000 11.1304
 28 156 -0.1681  0.0000  0.0000
 36 156 -0.5048  0.0000  0.0000
 44 156 -1.1828  0.0000 11.1304
 52 156 -0.8491  0.0000 16.6957
 60 156 -0.1419  0.0000 16.1088
 68 156  0.1319  0.0000  0.0000
 76 156  0.3350  0.0000  0.0000
 84 156  0.7598  0.0000  0.0000
 92 156  0.9512  0.0000  0.0000
100 156  0.7391  0.0000  0.0000
108 156  0.1399 -0.0593  7.3827
116 156 -0.2684  0.0000 11.1304
124 156 -0.1120  0.0000  0.0000
132 156 -0.0162  0.0000  0.0000
140 156  0.0000 -0.5000  8.8276
148 156  0.0199  0.0000  0.0000
156 156  0.0992  0.0000  0.0000
164 156  0.0418 -0.1521 12.6567
172 156 -0.5000  0.1180  9.2850
180 156 -0.5000  0.0000  8.8276
188 156 -0.0056  0.0000  0.0000
196 156  0.2850  0.0000  0.0000
204 156 -0.4450  0.0000  0.0000
212 156 -0.5000  4.5000  4.0635
220 156 -0.1960  0.0000 11.1304
228 156  0.0536  0.0000  0.0000
236 156  0.2692  0.0000  0.0000
244 156  0.2331  0.0000 11.1304
252 156  0.1313 -0.0812 16.9211
260 156 -0.3915  0.0000  0.0000
268 156 -1.3070  0.0337 12.4709
276 156 -0.8887  0.0000  0.0000
284 156  0.0000  2.5000  8.8276
292 156  0.0025  0.0000  0.0000
  4 164 -0.1174  4.1710 14.6131
 12 164  0.0000  3.0000  9.9826
 20 164  0.3689  0.0000  0.0000
 28 164  0.9739  0.0000  0.0000
 36 164  1.0505  0.0000 11.1304
 44 164  0.0000 -0.5000  8.8276
 52 164  0.0610 -0.5000  7.7665
 60 164 -0.0050  0.0000  0.0000
 68 164 -0.0564  0.0000  0.0000
 76 164 -0.1193  0.0000  0.0000
 84 164  0.0000  2.5000  8.8276
 92 164 -0.0007  0.0000  0.0000
100 164 -0.1300  0.0000  0.0000
108 164  0.0073  0.0000 11.1304
116 164  0.3638  0.0000  0.0000
124 164  0.7097  0.0000  0.0000
132 164 -0.5000 -0.5000  4.0635
140 164 -0.4432  0.0000  0.0000
148 164 -0.0919  0.0000  0.0000
156 164  0.1022  0.0000  0.0000
164 164  0.2256  0.1915 10.2915
172 164  0.3489  0.0000  0.0000
180 164  0.4944  0.0000  0.0000
188 164  0.9680  0.0000  0.0000
196 164  2.5000  0.0000  8.8276
204 164  0.0000  0.5000 11.1304
212 164 -0.5000  0.0000  8.8276
220 164 -0.3410  0.0000  0.0000
228 164 -0.7940  0.0000  0.0000
236 164 -2.5000 -1.0000  7.6040
244 164 -0.6408  0.0000  0.0000
252 164  1.2460  0.0000  0.0000
260 164  2.5000  0.0000  8.8276
268 164  1.0432  0.0000 17.0667
276 164  0.0000  1.5000  8.2581
284 164  0.1450  0.0000  0.0000
292 164  0.0890  0.0000  0.0000
  4 172 -0.2590  0.0000  0.0000
 12 172 -0.2726  0.2711  7.4452
 20 172  0.0000 -0.5000  8.8276
 28 172  0.3443  0.0000  0.0000
 36 172  0.7630  0.0000  0.0000
 44 172  0.8986  0.0000 16.1088
 52 172  1.1012  0.0000 11.1304
 60 172 -1.2544  0.0000  0.0000
 68 172 -0.6082  0.0000 11.1304
 76 172  0.0000 -0.5000  8.8276
 84 172  0.1254  0.0000  0.0000
 92 172  0.2024  0.0000  0.0000
100 172  0.2281  0.0000  0.0000
108 172  0.0000  2.5000  8.8276
116 172 -0.5000  4.5000  4.0635
124 172  0.7351  0.0000  0.0000
132 172  0.0108  0.0000 11.1304
140 172 -0.1924  0.0000 11.1304
148 172  0.3067  0.0000  0.0000
156 172  1.0000  0.5000  8.5333
164 172  0.0411 -0.1500 12.8494
172 172  0.1698  0.0000  0.0000
180 172  1.1470  0.0000  0.0000
188 172  1.9234  0.0000  0.0000
196 172  1.4312  0.0000  0.0000
204 172  1.0477  0.0000 16.1088
212 172  1.2090  0.0000 11.1304
220 172  1.0057  0.0000  0.0000
228 172  0.1622  0.3147 11.3947
236 172 -0.2548  0.0000  0.0000
244 172 -0.0106  0.0000  0.0000
252 172  0.6049  0.0000  0.0000
260 172  1.3070  0.0337 12.4709
268 172  1.1207  0.0000  0.0000
276 172  1.0392  0.0000  0.0000
284 172 -1.8857  0.0000  0.0000
292 172 -0.8784  0.0000  0.0000
  4 180 -0.1644  0.0000  0.0000
 12 180  0.0000  2.5000  8.8276
 20 180  0.1355  0.0000  0.0000
 28 180  0.2348  0.0000 11.1304
 36 180  0.0000 -0.5000  8.8276
 44 180 -1.5000  2.5000  7.4357
 52 180 -0.7046  0.0000  0.0000
 60 180 -0.4598  0.0000  0.0000
 68 180 -0.3283  0.0000  0.0000
 76 180 -0.0696  0.0000  1.0000
 84 180  0.3172  0.0000  0.0000
 92 180 -0.0413  0.0000 11.1304
100 180  0.1117  0.0000  0.0000
108 180  0.6137  0.0000 11.1304
116 180  1.0944  0.0000  0.0000
124 180  1.2974  0.0000 11.1304
132 180  1.8559  0.0000  0.0000
140 180  2.5611  0.0000  0.0000
148 180  2.6811  0.0000  0.0000
156 180  2.5000 -0.5000  4.0635
164 180  0.1556  0.0000 12.2969
172 180 -0.1102  0.0000  0.0000
180 180  0.2871  0.0000  0.0000
188 180  0.6764  0.0000  0.0000
196 180  0.5948  0.0000  0.0000
204 180  0.3492  0.0000 11.1304
212 180 -1.4285  0.0000  0.0000
220 180 -0.7615  0.0000 11.1304
228 180  0.0000  2.5000 12.0628
236 180  0.0455  0.0000  0.0000
244 180  0.0288  0.0000  0.0000
252 180  0.1560  0.0000  0.0000
260 180 -0.0429  0.0000  0.0000
268 180 -0.9671  0.0000  0.0000
276 180 -0.7694  0.0000  0.0000
284 180 -0.4053  0.0000  0.0000
292 180 -0.2326  0.0000  0.0000
  4 188 -0.4032  3.5000  6.1440
 12 188 -0.3058  0.0000  0.0000
 20 188 -0.5000  4.5000  4.0635
 28 188 -0.0529  0.0000 16.1088
 36 188  0.1063  0.0000  6.9728
 44 188  0.2434  0.0000  0.0000
 52 188  0.6135  0.0000 11.1304
 60 188  1.9322  0.0000  0.0000
 68 188  3.0548  0.0000 11.1304
 76 188  2.3856  0.0000  0.0000
 84 188  1.3353  0.0000  0.0000
 92 188 -0.5000  4.5000  4.0635
100 188 -0.3658  0.0000  0.0000
108 188 -0.0714  0.0000  0.0000
116 188  0.0391 -2.5000  9.3822
124 188 -0.0315  0.0000 15.9357
132 188 -0.5000 -0.5000  4.0635
140 188  0.9891  0.0000  0.0000
148 188  0.0000 -0.5000  8.9154
156 188  0.5000  0.0000  8.4768
164 188  0.0416  0.1675 12.5689
172 188 -0.1539  0.0000  0.0000
180 188  0.2362  0.0000  0.0000
188 188  0.3827  0.0000  0.0000
196 188 -0.3852  0.0000  0.0000
204 188 -0.3096  0.0000  0.0000
212 188  0.2648  0.0000 11.1304
220 188  0.7999  0.0000  0.0000
228 188  0.8361  0.0000  0.0000
236 188  0.4423  0.0000  0.0000
244 188  0.9210  0.0000  0.0000
252 188  0.9200  0.0000  0.0000
260 188  0.3322  0.0000  0.0000
268 188 -0.3278  0.0000  0.0000
276 188 -0.5000  4.5000  4.0635
284 188  1.1962  0.0000 11.1304
292 188  2.5000  0.0000  8.8276
  4 196  0.3732  0.3694 10.3318
 12 196 -0.2598  0.0000  0.0000
 20 196  0.0000  2.5000  8.8276
 28 196  0.0000  2.5000  8.8276
 36 196  0.0227  0.0000  0.0000
 44 196  0.0472  0.0000  0.0000
 52 196 -0.1960  0.0000 11.1304
 60 196 -0.7755  0.0000  0.0000
 68 196  5.5000  4.8849  4.1694
 76 196  2.5147  0.0000  0.0000
 84 196  0.0000  2.5000  8.8276
 92 196 -0.5000  4.5000  4.0635
100 196 -0.2965  0.2632 10.8887
108 196  0.5000  5.0000  8.4768
116 196  1.0000  0.0000  9.2850
124 196 -0.2256 -0.1915 10.2915
132 196 -0.0045  0.0000  0.0000
140 196  0.9758  0.0000  0.0000
148 196  2.0816  0.0000  0.0000
156 196  2.4543  0.0000  0.0000
164 196  0.9606  0.0000 12.0455
172 196  2.9052  0.0000 16.1088
180 196  2.4043  0.0000  0.0000
188 196  1.0009  0.0000  0.0000
196 196 -0.2661  0.0000 11.1304
204 196 -0.7152  0.0000  0.0000
212 196 -0.2740  0.0000  0.0000
220 196 -1.4359  0.0000  0.0000
228 196 -5.1960  2.5000 11.1304
236 196 -2.9718  0.0000  0.0000
244 196 -1.0766  0.0000 16.1088
252 196 -0.4319  0.0000  0.0000
260 196 -0.0069  0.0000  0.0000
268 196  0.3315  0.0000  0.0000
276 196  0.0314  0.0000  0.0000
284 196 -0.7142  0.0000  0.0000
292 196  8.9948  0.0000 11.1304
  4 204  5.5000 -0.5000  4.0635
 12 204  1.7941  0.0000 11.1304
 20 204  0.5721  0.0000 11.1304
 28 204  1.7379  0.1819  4.9287
 36 204  1.0845  0.0000 11.1304
 44 204  0.3468 -0.5000 10.2045
 52 204 -0.6199  0.0000 16.1088
 60 204 -0.1949  0.0000  0.0000
 68 204  1.0481  0.0000  0.0000
 76 204  2.5535  0.0000 16.1088
 84 204  3.5000 -0.2221  6.1440
 92 204 -0.5000 -0.5000  4.0635
100 204  4.5803 -4.8929 10.7255
108 204  3.1862  0.0000 11.1304
116 204  1.2595  0.0000  0.0000
124 204 -0.1898  0.0000  9.4815
132 204 -0.4775  0.0000  0.0000
140 204  0.4054  0.0000  0.0000
148 204 -0.4649  0.0000  1.0000
156 204 -2.3118  0.0000  0.0000
164 204 -1.1359  0.0000 11.1304
172 204  0.0000  2.5000  8.8276
180 204 -0.3515  0.0000  0.0000
188 204  0.0587  0.0000  0.0000
196 204  0.8913  0.0000  0.0000
204 204  0.4545  0.0000  0.0000
212 204 -0.6081  0.0000  0.0000
220 204  8.5213  0.0000  0.0000
228 204  4.9095  0.0000  0.0000
236 204  1.5700  0.0000  0.0000
244 204 -0.4043  0.4043  8.0000
252 204  0.4359  0.0000 11.1304
260 204  0.2918  0.0000  0.0000
268 204 -0.5114  0.0000  0.0000
276 204 -1.5000  0.0000  8.2581
284 204 -0.8741  0.0000  0.0000
292 204  0.0841  0.0000  0.0000
  4 212  0.6138  0.0000  0.0000
 12 212 -0.1276 -0.3321 10.3409
 20 212 -0.6532  0.0000  0.0000
 28 212  1.7741  0.0000  0.0000
 36 212  1.1838  2.5000  7.5779
 44 212  0.3479  0.0000 16.1088
 52 212 -0.1353  0.1326  7.3628
 60 212 -0.1841  0.0418 12.3683
 68 212  2.5000  0.0000  8.8276
 76 212  2.5444  0.0000 12.0455
 84 212  1.7344  0.0000  0.0000
 92 212  2.5000  5.0000  8.8276
100 212  3.5000 -0.1203  5.4468
108 212  0.0000 -0.1960 11.1304
116 212 -0.0696  0.0812 10.9765
124 212  1.5000  0.0000  8.2581
132 212  0.8122  0.0000  0.0000
140 212 -0.5000  4.5000  4.0635
148 212  4.9138  0.0000  1.0000
156 212  3.3382  0.0000  0.0000
164 212  0.9817  0.0000 11.1304
172 212 -0.4650  0.0000 11.1304
180 212 -0.2566  0.0000  0.0000
188 212 -0.1215  0.0000  0.0000
196 212 -0.5512  0.0000  0.0000
204 212 -1.1600  0.0000  0.0000
212 212 -0.9625  0.0000  0.0000
220 212 -0.3934  0.0000 11.1304
228 212  0.0000  0.5000 11.1304
236 212 -0.4211  0.0000  0.0000
244 212 -0.5224  0.0000  0.0000
252 212 -0.0103  0.0000 12.0628
260 212 -0.5867  0.0000  0.0000
268 212 -1.2374  0.0000 11.1304
276 212 -1.3070 -0.0337 12.4709
284 212  0.1366  0.0000  0.0000
292 212  3.0471  0.0000 11.1304
  4 220  4.5000 -0.5000  4.0635
 12 220  3.6849  0.0000 11.1304
 20 220  3.6010  0.0000  0.0000
 28 220  4.5000  4.5000  4.0635
 36 220 -0.4043  0.4043  8.0000
 44 220 -0.7443  0.0000  8.2581
 52 220  0.3098  0.0000 16.1088
 60 220  0.5000  0.0000  8.4768
 68 220  0.2588  0.0000  0.0000
 76 220 -0.2847  2.5000 11.1304
 84 220  2.5000  0.0000  8.8276
 92 220  0.0000 -0.2917 11.1304
100 220 -1.0679  0.0000 11.1304
108 220 -0.6700  0.0000 11.1304
116 220  0.1143  0.0000 12.1018
124 220  0.0000 -0.5000  8.8276
132 220 -0.6975  0.0000  0.0000
140 220 -0.9525  0.0000  0.0000
148 220 -0.6679  0.0000  0.0000
156 220 -0.2169  0.0000  0.0000
164 220  0.0000  2.5000  8.8276
172 220  0.0000  2.5000  8.8276
180 220 -0.9570  0.0000  0.0000
188 220 -2.2954  0.0000  0.0000
196 220 -3.1886  0.0000  0.0000
204 220 -2.7981  0.0000  0.0000
212 220 -0.5000  5.0000  8.8276
220 220  3.1354  0.0000  0.0000
228 220  4.7363  0.0000 16.1088
236 220  2.8473  0.0000  0.0000
244 220  0.0000 -0.5000 11.1304
252 220  0.7831  2.2451  5.4468
260 220 -1.1686  0.0000  0.0000
268 220 -1.6998  0.0000  0.0000
276 220 -0.8596  0.0000  0.0000
284 220  0.1894  0.0000  0.0000
292 220  1.1280  0.0000 16.1088
