VARIABLES= "X pix", "Y pix", "U pix/dt", "V pix/dt", "CHC", ZONE I=28, J=37
  4   4  0.0000  0.0000 10.6915
 12   4  0.0407 -0.0060 10.8867
 20   4  0.0000  0.0000 10.9708
 28   4  0.0000  0.0570 11.2869
 36   4  0.0000  0.0000 10.9708
 44   4  0.0000  0.0000 11.0456
 52   4  0.0000  0.0000 11.7754
 60   4  0.0000  0.0000 10.8387
 68   4  0.0000  0.0000 10.9708
 76   4  0.0000  0.0000 10.9708
 84   4  0.0000  0.0000 10.9734
 92   4  0.0010 -0.0543 11.2212
100   4  0.0041 -0.0247 12.1861
108   4  0.0000 -0.0875 12.5438
116   4 -0.0039  0.0027 11.7121
124   4  0.0000  0.0000 11.0456
132   4  0.0000  0.0000 11.6152
140   4  0.0000  0.0000 10.9762
148   4  0.0000  0.0000 11.7754
156   4  0.0000  0.0000 11.9483
164   4  0.0000  0.0000 11.7754
172   4  0.0037 -0.0748 11.7329
180   4 -0.0088  0.0027 11.7864
188   4  0.0000 -0.0568 11.2480
196   4  0.0000  0.0000 11.7754
204   4  0.0000  0.0000 11.7754
212   4  0.0000 -0.0098 11.5701
220   4 -0.0339  0.0359 11.4907
228   4  0.0000  0.0000 10.3431
236   4  0.0000  0.0000 10.3848
244   4 -0.0091  0.0050  9.6588
252   4  0.0734 -0.0042 10.5625
260   4  0.0026  0.0036 10.8952
268   4  0.0422  0.0130 10.5727
276   4 -0.0926 -0.0144 12.1852
284   4  0.0000  0.0000 11.9696
292   4  0.0000  0.0000 11.7813
  4  12 -0.0594  0.0009 10.3849
 12  12  0.0887  0.2260 12.5428
 20  12  0.2731 -0.0087 11.6005
 28  12 -0.2028 -0.0046 11.1597
 36  12  0.0538 -0.1134 13.3619
 44  12  0.0000  0.0000 14.8284
 52  12  0.0000  0.0000 19.2971
 60  12 -0.0556 -0.0101 10.8032
 68  12  0.0108  0.0010 20.5720
 76  12  0.0000  0.0000 11.1290
 84  12 -0.0353  0.0406  8.7365
 92  12  0.0000  0.0000  9.4438
100  12  0.0000  0.0000  9.7111
108  12  0.0494 -0.0016 12.6382
116  12 -0.0345  0.0049 10.2393
124  12  0.0000  0.0000 11.9716
132  12  0.0000  0.0000 11.3325
140  12 -0.0000  0.0000 11.0339
148  12  0.0000  0.0000 12.1780
156  12  0.0000  0.0000 12.2853
164  12 -0.0941 -0.0036 13.5255
172  12  0.0287  0.1196  9.6658
180  12  0.0000  0.0000 11.1372
188  12  0.0000  0.0000 11.5162
196  12 -0.0268 -0.0944 11.7039
204  12  0.0000  0.0000  9.8045
212  12  0.0000  0.0000 11.2795
220  12 -0.0645  0.0126 18.5555
228  12  0.0000  0.0000 12.5159
236  12  0.0000  0.0000 11.7502
244  12 -0.0142 -0.3251  9.7909
252  12  0.0000  0.0000 10.6163
260  12 -0.1292  0.0326 10.4863
268  12  0.0000  0.0000  8.6732
276  12 -0.1999 -0.0122  7.5644
284  12 -0.0146  0.0000  7.4357
292  12  0.0000  0.0000  7.7766
  4  20 -0.0542 -0.0020 15.4809
 12  20  0.0101 -0.0047 14.4470
 20  20  0.0000 -0.0050 14.7902
 28  20  0.0000  0.0000 14.3799
 36  20  0.0000 -0.0370 13.8454
 44  20  0.0000  0.0000 12.0463
 52  20 -0.0291 -0.0124 10.8566
 60  20  0.0000  0.0000 13.4447
 68  20  0.0000 -0.0187 16.7663
 76  20  0.0000  0.0000 12.7089
 84  20  0.0000  0.0000 14.2811
 92  20 -0.0219  0.0049 10.5125
100  20  0.0025  0.0414 11.7114
108  20 -0.0237  0.0183 11.9181
116  20  0.0216  0.0036 15.5409
124  20  0.0000  0.0000 14.3644
132  20  0.0200  0.0035 14.6121
140  20  0.0000  0.0000 14.9505
148  20  0.0000 -0.0013 15.3849
156  20  0.0000  0.0000 14.0529
164  20  0.0067 -0.0193 15.1935
172  20 -0.0224  0.0109 17.9292
180  20 -0.0393 -0.0068 15.6915
188  20 -0.0070 -0.0031 19.6895
196  20  0.0000  0.0000 19.0626
204  20 -0.0115 -0.0021 21.7100
212  20  0.0320 -0.0145 22.7784
220  20 -0.1185  0.1752 12.9345
228  20  0.1241  0.0675  8.0327
236  20 -0.1208 -0.0065 13.4569
244  20  0.0068 -0.0112 15.3781
252  20 -0.0849 -0.0312 13.2200
260  20  0.0446 -0.2225 14.7051
268  20  0.0785  0.0703  9.7857
276  20 -0.0454 -0.0022 14.0211
284  20 -0.0052  0.0017 16.6676
292  20 -0.0670 -0.0183 18.6427
  4  28 -0.0139  0.0004  9.0155
 12  28  0.0000  0.0000 10.0101
 20  28  0.0000  0.0000 10.5296
 28  28 -0.0165  0.0014 10.4348
 36  28  0.0177  0.0009 10.5634
 44  28  0.0029  0.0006 10.2353
 52  28 -0.0011 -0.0000 10.1079
 60  28  0.0126 -0.0184  9.7219
 68  28  0.0000  0.0000 10.6571
 76  28  0.0000  0.0000 10.6951
 84  28 -0.0016  0.0017  9.6713
 92  28 -0.0064  0.0085  9.2840
100  28  0.0020 -0.0176 12.3930
108  28 -0.0177 -0.0096 14.1749
116  28 -0.0007  0.0247  8.9061
124  28  0.0014  0.0069  9.4786
132  28  0.0192  0.0194  8.3406
140  28 -0.0103 -0.0012  8.9522
148  28  0.0000  0.0000  8.9766
156  28  0.0000  0.0000 21.4382
164  28 -0.0054 -0.0301 14.7432
172  28  0.0000  0.0000 14.0063
180  28  0.0059 -0.0161 22.0749
188  28  0.0005 -0.0305 17.6084
196  28 -0.0129 -0.0001  8.7107
204  28  0.0000  0.0000  8.9778
212  28 -0.0133  0.0156  9.6529
220  28  0.0000  0.0000  9.3378
228  28 -0.0033  0.0003  9.2099
236  28  0.0141  0.0004  8.7603
244  28  0.0000  0.0000  9.0346
252  28  0.0239 -0.0044  9.8097
260  28  0.0041  0.0209 15.9707
268  28  0.0162  0.0027 12.6653
276  28  0.0118 -0.0079 22.3551
284  28  0.0000  0.0000 16.0114
292  28  0.0074  0.0018 11.7257
  4  36 -0.0123 -0.0084  7.4947
 12  36 -0.0159 -0.0040  7.0168
 20  36  0.0682  0.0346  6.5185
 28  36  0.0000  0.0000  6.5085
 36  36  0.0000  0.3645  6.5615
 44  36  0.0505  0.1965  7.4675
 52  36 -0.0000  0.0135  8.7605
 60  36  0.0000  0.0000  8.5951
 68  36  0.0000  0.0000 10.8591
 76  36  0.0000  0.0000 13.2770
 84  36  0.0000  0.0000 12.3457
 92  36  0.0000 -0.0039 10.3296
100  36  0.0000  0.0000  9.1295
108  36  0.0000 -0.0975  7.8387
116  36 -0.0029  0.2478  7.3140
124  36  0.0000  0.0000  6.9121
132  36 -0.4043 -0.4043  8.0000
140  36 -1.0000  0.0640 12.3173
148  36  0.0076 -0.0104  7.4419
156  36 -0.0144 -0.0098 13.2107
164  36  0.0300 -0.0123 12.3678
172  36  0.0040  0.0023 20.2740
180  36 -0.0060 -0.0196 12.7766
188  36  0.0001  0.0061 12.5833
196  36  0.0966  0.0097 13.6829
204  36  0.0000  0.0000 15.1250
212  36  0.0000  0.0000 10.5392
220  36 -0.1633 -0.0202 14.4309
228  36  0.0000  0.0000 13.7993
236  36  0.0000  0.0000 11.4015
244  36  0.0000  0.0000  9.4208
252  36  0.2032 -0.0056 10.6090
260  36  0.0000  0.1870  7.4854
268  36  0.0000  0.0000 11.4523
276  36  0.1293 -0.0139 11.1154
284  36  0.0000  0.0000 10.7324
292  36  0.0000 -0.0177  8.4768
  4  44  0.0000  0.0000 12.0628
 12  44  0.1857 -0.2611 11.1548
 20  44 -0.0354  0.1595 13.9130
 28  44  0.0000  0.0000 15.4368
 36  44  0.0000  0.0000 11.7813
 44  44  0.0315  0.0093 10.4336
 52  44  0.0000  0.0000  9.0038
 60  44  0.0000  0.0000  7.6269
 68  44  0.1337  0.0662  7.3074
 76  44  0.0000  0.0000  8.9379
 84  44  0.0000  0.5000  8.0688
 92  44 -0.1760  0.0000 15.0588
100  44  0.1912  0.0000 12.4272
108  44  0.0000  0.0000 16.1088
116  44 -1.0000  0.2638  7.7264
124  44 -0.1538  0.4196 12.3286
132  44  0.0000  0.0000  0.0000
140  44  0.0000  0.0000  0.0000
148  44  0.0000  0.0000  6.4547
156  44 -0.0139  0.0173 15.3091
164  44  0.0000  0.0000 10.3709
172  44 -0.0004  0.0029 11.7201
180  44  0.0000  0.0000 11.7257
188  44  0.0220  0.0011 12.7811
196  44  0.0000  0.0000 10.1661
204  44  0.0417  0.1104  6.4366
212  44 -0.0262  0.1595  7.9051
220  44  0.0000  0.0000  8.7013
228  44 -0.1035  0.0140 11.1935
236  44  0.0140 -0.1543 11.0678
244  44  0.0308  0.1268 11.5198
252  44  0.0000  0.0000 12.8227
260  44 -0.2127 -0.0253 16.9042
268  44  0.0000  0.0000 11.9011
276  44 -0.1459  0.0325 15.1386
284  44  0.0000  0.0000  9.2086
292  44  0.0318  0.0253 10.8606
  4  52  0.0000  0.0000  9.0038
 12  52 -0.0153  0.0949  7.4828
 20  52 -0.0982 -0.2087  5.3378
 28  52  0.0000  0.0000 20.7059
 36  52  0.0000  0.0000 17.0667
 44  52  0.0000  0.0000 11.1304
 52  52  4.5000  4.5000  4.0635
 60  52  0.0000  0.0000  0.0000
 68  52  0.0000  0.0000  0.0000
 76  52  2.5000  0.0000  8.8276
 84  52  0.0000  0.0000 16.1088
 92  52  0.0585 -0.2413 13.6170
100  52  0.3577  0.0000 13.4737
108  52  0.0000  0.0000  0.0000
116  52  0.0000  0.0000 11.1304
124  52  0.0000  0.0000  0.0000
132  52  0.0000  0.0000  0.0000
140  52  0.0000  0.0000 10.2729
148  52  0.0042  0.0034  5.9544
156  52  0.0000  0.0000 25.3102
164  52  0.0000  0.0000 13.9672
172  52  0.0055  0.0157 10.5589
180  52 -0.0098 -0.0022 19.7032
188  52  0.0003 -0.0014 11.0773
196  52 -0.0570  0.3042 10.5556
204  52  4.5000 -0.5000  4.0635
212  52 -0.0787  0.3196  8.6556
220  52  0.1465  0.1597 14.9416
228  52 -0.1147 -0.1993 14.2410
236  52  0.0951  0.0042 13.5374
244  52 -0.0145 -0.1321 10.6586
252  52 -0.1295 -0.1920 11.5779
260  52  0.0604 -0.1566 11.3900
268  52  0.0000  0.0000  8.6413
276  52  0.0266 -0.0363 11.9090
284  52  0.0436 -0.0380 16.7300
292  52  0.0000  0.0000 11.9011
  4  60 -0.5000  0.0000  8.8276
 12  60  0.0000  0.0000  0.0000
 20  60  0.0000  0.0000  0.0000
 28  60  0.0000  0.0000  0.0000
 36  60  0.0000  0.0000  0.0000
 44  60  0.0000  0.0000 11.1304
 52  60  0.0000  0.0000  0.0000
 60  60  0.0000  0.0000  0.0000
 68  60  0.0000  0.0000 11.1304
 76  60  0.0000  0.0000 11.1304
 84  60  0.0000  0.0000  0.0000
 92  60  1.3070 -0.0337 12.4709
100  60  0.1068  0.3135 15.1963
108  60  0.0000  0.0000  0.0000
116  60  0.0000  0.0000 11.1304
124  60  0.0000  0.0000 11.1304
132  60  0.0000  0.0000 11.1304
140  60  0.3643 -0.0222  7.9834
148  60 -0.0007  0.0205  6.0913
156  60 -0.0013 -0.0016  6.6672
164  60 -0.0017 -0.0001  6.6393
172  60 -0.0146 -0.0001  6.5879
180  60  0.0000  0.0000  6.5887
188  60 -0.0002 -0.0039  5.7130
196  60 -0.0139  0.2049  7.6383
204  60  0.0000  0.3764  7.3143
212  60  0.0000  0.0000 12.0628
220  60  0.0000  0.0000  7.3911
228  60  0.0000 -0.5000  7.8528
236  60  0.1113 -1.6014 11.9803
244  60  0.0000  0.0000 10.2729
252  60  0.1318  0.0214 11.1304
260  60 -0.0357 -0.0075 13.3959
268  60  0.0316 -0.1749  8.6916
276  60  0.0616  0.1346 16.0337
284  60 -0.5000 -0.1588 10.5785
292  60 -0.0485 -0.0534  8.6946
  4  68  0.0000  0.0000 11.1304
 12  68  0.0000  0.0000 11.1304
 20  68  0.0000  0.0000  0.0000
 28  68  0.0000  0.0000 11.1304
 36  68  0.0000  0.0000 17.0667
 44  68  0.0000  0.0000 11.1304
 52  68  0.0000  0.0000  0.0000
 60  68  0.0000  0.0000 13.5576
 68  68  0.0000  0.0000  0.0000
 76  68  0.1807  0.0423 15.8584
 84  68 -0.2010 -0.0334 12.7240
 92  68  0.0965  0.0404 10.0392
100  68 -2.6403 -2.3012  7.5767
108  68  0.0000  0.0000 11.9011
116  68  0.0000  0.0000 16.1088
124  68  0.0000  0.0000 16.1088
132  68  0.0000  0.0000 11.1304
140  68  0.1151  0.1151 16.5161
148  68  0.0000  0.0000 12.8600
156  68 -0.5000  0.0000  8.8276
164  68  0.0000  0.0000 16.1088
172  68  0.0000  0.0000  7.3143
180  68  0.0000  0.0000 17.2183
188  68  0.0000  0.0000 13.7892
196  68  1.5000 -0.1110  8.4253
204  68 -1.5000  0.0000  8.2581
212  68  0.0000  0.0000 13.5576
220  68 -1.3070  0.0337 12.4709
228  68  0.0000  0.0000 11.1304
236  68  0.0000  0.0000 20.7059
244  68  0.0000  0.0000 11.9011
252  68  0.0000  0.0000 12.0628
260  68  0.0000  0.0000 19.4783
268  68 -1.0492 -0.0305 12.6667
276  68  0.0000  0.0000 12.8600
284  68 -0.3554  0.0417  9.3019
292  68  0.0000  0.1556 12.2969
  4  76  0.0000  0.0000 11.1304
 12  76  0.0000  0.0000 11.1304
 20  76  0.0000  0.0000  0.0000
 28  76  0.0000  0.0000 11.1304
 36  76  0.0677 -0.2414 11.7124
 44  76  0.3948 -0.2334 10.6291
 52  76  0.0000  0.0000 22.2609
 60  76  2.5000  0.1588 10.5785
 68  76  0.1153 -0.1066 12.4405
 76  76  0.3552 -0.1720  7.6102
 84  76 -0.1356 -0.1525  7.8642
 92  76  0.0000  0.0000 15.6180
100  76  0.0000  0.0000 11.1304
108  76  0.0000  0.0000 11.1304
116  76  0.0000  0.0000 11.1304
124  76  0.0000  0.0000 16.1088
132  76  0.0000 -0.3764  7.3143
140  76 -0.2761 -0.0806  9.3746
148  76  0.0000  0.0000 12.3186
156  76  0.0000  0.0000 16.1088
164  76  0.0000  0.0000 16.1088
172  76  0.0000  0.0000  0.0000
180  76  0.0000  0.0000  8.4768
188  76  0.0000  0.0000 11.1304
196  76  0.0000  0.0000 16.1088
204  76  0.0000  0.0000 16.1088
212  76  0.0000  0.0000 11.1304
220  76  0.0000  0.0000 20.7059
228  76  0.0000  0.0000 12.0628
236  76  0.0000  0.0000 11.1304
244  76  0.0000  0.0000 12.0628
252  76  0.0000  0.0000 11.1304
260  76  0.0000  0.0000 22.2609
268  76  0.0000  0.0000 11.1304
276  76  0.0000  0.0000 12.0628
284  76  0.0000  0.0000  0.0000
292  76  0.0000  0.0000 12.5445
  4  84  0.0000  0.0000 11.1304
 12  84  0.0000  0.0000 11.1304
 20  84  0.0000  0.0000 16.1088
 28  84  0.0000  0.0000 17.0667
 36  84  0.0000  0.0000 12.0455
 44  84  0.0000  0.0000 11.1304
 52  84 -0.5000  0.3134  7.5779
 60  84  0.0334 -0.2354  9.5797
 68  84 -0.1050  0.1194  6.4786
 76  84  0.0000  0.0000  9.8685
 84  84 -2.8274 -0.3035  7.6077
 92  84  0.0000  0.0000 19.1045
100  84  0.0000 -0.0859 13.4737
108  84  0.0000  0.0000 11.1304
116  84  0.1434  2.5000  8.3934
124  84  0.0000  0.0000 11.1304
132  84  0.0000  0.0000  0.0000
140  84  0.0000  0.0000 19.4783
148  84  0.3476  0.2927  7.3438
156  84  0.0000  0.0000 11.1304
164  84  0.5000  0.0000  8.4768
172  84  0.0000  0.0000  0.0000
180  84  0.0000  0.0000 11.1304
188  84  0.0000  0.0000  0.0000
196  84  0.0000  0.0000  0.0000
204  84  0.0000  0.0000 11.1304
212  84  0.0000  0.0000 16.1088
220  84  0.3145  0.0000  9.1653
228  84 -0.0579 -0.2001 13.7634
236  84  0.0000  0.0000  0.0000
244  84  0.0000  0.0000 19.4783
252  84  0.0000  0.0000 11.1304
260  84  0.0000  0.0000 11.1304
268  84  0.0000  0.0000 11.1304
276  84  0.0000  0.0000 16.1088
284  84  0.0000  0.0000 13.5576
292  84  0.0000  0.0000 16.1088
  4  92  0.0000  0.0000 11.1304
 12  92 -0.5000 -0.5000  4.0635
 20  92  0.0000  0.0000 11.1304
 28  92  0.0000 -0.7501 16.6957
 36  92  0.0116 -0.2687  6.6783
 44  92  0.0000  0.0000 16.6957
 52  92  0.0000  0.0000 13.7190
 60  92  0.0000  0.0000 13.1641
 68  92 -0.1129 -0.0034  9.8411
 76  92 -0.1095 -0.0172  8.5257
 84  92  0.0000  0.0000 20.7059
 92  92  0.0000  0.0000 11.1304
100  92  0.0000  0.0000  0.0000
108  92  0.0000  0.0000 11.1304
116  92  0.0000  0.0000 16.1088
124  92  0.0000  0.0000 16.1088
132  92  0.2093  0.0299 13.0089
140  92 -0.0177  0.0970  9.0400
148  92  0.0000  0.0000 16.1088
156  92  0.0000  0.0000 11.1304
164  92 -1.0000 -0.5000  6.9531
172  92  0.0000  0.0000  0.0000
180  92  0.0000  0.0000 11.1304
188  92  0.0000  0.0000 11.1304
196  92  0.0000  0.0000  0.0000
204  92  0.0000  0.0000  0.0000
212  92  0.0000  0.0000 11.1304
220  92  0.0418  0.1521 12.6567
228  92 -2.3162  0.1023  9.7439
236  92 -0.2272 -0.0241 12.9826
244  92  0.0000  0.0000  0.0000
252  92  0.0000  0.0000 11.1304
260  92  0.0000  0.0000 16.1088
268  92  0.0000  0.0000 11.1304
276  92  0.0000  0.0000  0.0000
284  92  0.0000  0.0000  0.0000
292  92  0.0000  0.0000 16.1088
  4 100  0.0000  0.0000 12.0628
 12 100 -0.3394  0.0216  8.7863
 20 100  0.0000  0.0000 12.5445
 28 100  0.0000 -0.0169 15.3869
 36 100  0.0000  0.0000  9.7960
 44 100  0.0000  0.0000 13.3565
 52 100 -0.0579  0.2001 13.7634
 60 100  0.0000  0.0000  0.0000
 68 100  0.0000  0.0000  0.0000
 76 100  0.0000  0.0000  0.0000
 84 100  0.0000  0.0000  0.0000
 92 100  2.7083 -0.5000  6.1440
100 100  0.0876 -0.1167 16.4145
108 100  0.0000  0.0000 13.9426
116 100     NaN  0.1203  5.4468
124 100  0.0000  0.0000 11.1304
132 100  0.0000  0.0000 11.1304
140 100  0.0000  0.0000  0.0000
148 100 -0.1845  2.2439 15.3781
156 100  0.1556  0.0000 12.2969
164 100  0.0000  0.0000 11.1304
172 100  0.0000  0.0000  0.0000
180 100  0.0000  0.0000  0.0000
188 100  0.0000  0.0000  0.0000
196 100  0.0000  0.0000 11.1304
204 100  0.0000  0.0000  0.0000
212 100  0.0000  0.0000  0.0000
220 100  0.1960 -0.5000 11.1304
228 100  0.4043 -0.4043  8.0000
236 100  0.0000  0.0000  0.0000
244 100 -0.1113 -1.6014 11.9803
252 100  0.0000 -1.0000 11.1304
260 100  0.0000  0.0000  0.0000
268 100  0.0000  0.0000 11.1304
276 100  0.0000  0.0000  0.0000
284 100  0.0000  0.0000 11.1304
292 100  0.0000  0.0000 19.1045
  4 108  0.0000  0.0000 22.2609
 12 108  0.0000  0.0000  0.0000
 20 108  0.0000  0.0000 11.1304
 28 108  0.0677  0.2414 11.7124
 36 108  0.0000  0.0000 12.0628
 44 108 -0.2414  0.0000 11.1304
 52 108  0.0000  0.0000 11.1304
 60 108  0.0000  0.0000 11.1304
 68 108  0.0000  0.0000 22.2609
 76 108  0.0000  0.0000 11.1304
 84 108  0.0000 -0.2904 12.4807
 92 108  0.1736  0.0535  8.4476
100 108  0.0000  0.0000  8.1249
108 108  0.0000  0.0000 14.5082
116 108  0.0000  0.0000  0.0000
124 108  0.0000  0.0000  0.0000
132 108  0.0000  0.0000  0.0000
140 108  0.0647 -0.1801 16.2775
148 108  0.0000  0.0000  0.0000
156 108  0.0000  0.0000 10.1191
164 108  0.0000  0.0000 11.1304
172 108  0.0000  0.0000 13.5576
180 108  0.0000  0.0000  0.0000
188 108  0.0000  0.0000  0.0000
196 108  0.0000  0.0000  0.0000
204 108  0.0000  0.0000  0.0000
212 108  0.0000  0.0000  0.0000
220 108  0.0000  0.0000  0.0000
228 108  0.0000 -0.5000  8.8276
236 108  0.0000  0.0000 16.1088
244 108  0.0000  0.0000 16.1088
252 108  0.0000  0.0000 16.1088
260 108  0.0000  0.0000  0.0000
268 108  0.5000  0.0000 11.1304
276 108  0.0000  0.0000  0.0000
284 108  0.0000  0.0000  0.0000
292 108  0.0000  0.0000 16.1088
  4 116  0.0000  0.0000 11.1304
 12 116  0.0000  0.0000  0.0000
 20 116 -0.2761 -0.0806  9.3746
 28 116  0.0000  0.0000 16.6957
 36 116  0.0000  0.0000  0.0000
 44 116 -0.1960 -0.5000 11.1304
 52 116  0.0000  0.0000  0.0000
 60 116  0.0000  0.0000  0.0000
 68 116  0.0000  0.0000 11.1304
 76 116 -0.0698  0.2911 10.5124
 84 116  0.0000  0.0000 16.1088
 92 116  0.0000  0.0000  0.0000
100 116  0.0000  0.0000 11.1304
108 116  0.1556  0.0000 12.2969
116 116  0.0000  0.0000 11.1304
124 116 -0.0219 -0.3100 13.0572
132 116  0.0000 -0.3764  7.3143
140 116 -0.1912  1.1040  7.2971
148 116  0.0000  0.0000 16.1088
156 116     NaN     NaN  5.2245
164 116  0.0000  0.0000 13.5576
172 116  0.0000 -0.5000  8.9154
180 116  0.0000  0.0000  0.0000
188 116  0.0000  0.0000  0.0000
196 116  0.0000  0.0000  0.0000
204 116  0.0000  0.0000  0.0000
212 116  0.0000  0.0000  0.0000
220 116  0.0000  0.0000  0.0000
228 116  0.0000  0.0000 11.1304
236 116  0.0000  0.0000 11.1304
244 116  0.0000  0.1960 11.1304
252 116  0.0000  0.0000 16.1088
260 116  0.0000  0.0000  7.8087
268 116  0.0000  2.1151  9.4815
276 116  0.0000  0.0000 12.0628
284 116  0.0000  0.0000 11.1304
292 116  0.0000  2.5000  8.8276
  4 124  0.0000  0.0000  0.0000
 12 124  0.0000  0.0000 16.1088
 20 124 -0.1258  0.2366 13.9760
 28 124  0.0000  0.0000  0.0000
 36 124  0.0913 -0.2044 18.7317
 44 124  0.0000  0.0000  9.4208
 52 124  0.0000  0.0000  0.0000
 60 124  0.0000  0.0000  0.0000
 68 124  0.0000  0.0000 16.1088
 76 124  0.0000  0.0000 12.0455
 84 124  0.0000  0.0000 11.1304
 92 124  0.0000  0.0000 11.1304
100 124  0.0000  0.0000  0.0000
108 124  0.0000  0.0000 10.1191
116 124  0.1068 -0.5000 14.1617
124 124  0.0128 -0.0403 10.9330
132 124  0.0000  0.0000  0.0000
140 124  0.0000  0.0000  0.0000
148 124  0.0000  0.0000  0.0000
156 124  0.0000  0.0000  0.0000
164 124  0.1068  0.5000 14.1617
172 124  0.0000  0.0000 13.5576
180 124  0.0000  0.0000  0.0000
188 124  0.0000  0.0000  0.0000
196 124  0.0000  0.0000  0.0000
204 124  0.0000  0.0000  0.0000
212 124  0.0000  0.0000  0.0000
220 124  0.0000  0.0000  0.0000
228 124  0.0000  0.0000 11.1304
236 124  0.0000  0.0000 11.1304
244 124  0.0000  0.0000  0.0000
252 124  0.0000  0.0000 17.0667
260 124  0.0000  0.0000  8.0000
268 124  0.0000  0.0000 13.3565
276 124  0.0000  0.0000 11.1304
284 124  0.0000  0.0000 11.1304
292 124 -0.5000  0.0000  8.8276
  4 132  0.0000 -0.5000 11.1304
 12 132 -0.1538  0.4196 12.3286
 20 132  0.0000  0.0000 19.1045
 28 132  0.0000  0.0000 16.4760
 36 132 -1.0000  0.3839  5.6695
 44 132  0.0000  0.0000 11.1304
 52 132  0.0000  0.0000  0.0000
 60 132  0.0000  0.0000  0.0000
 68 132  0.0000  0.0000 13.6955
 76 132  0.0000  0.0000 11.1304
 84 132  0.0000  0.0000  0.0000
 92 132  0.0000  0.0000  0.0000
100 132  0.0000  0.0000 11.1304
108 132  0.0000  0.0000  8.0000
116 132  0.0000 -0.0380  9.3028
124 132  0.0000  0.0000 16.1088
132 132  0.0000  0.0000  0.0000
140 132  0.0000  0.0000  0.0000
148 132  0.0000  0.0000  0.0000
156 132  0.0000  0.0000 11.1304
164 132  0.0000 -0.5000  8.8276
172 132  0.0000  0.0000 11.1304
180 132  0.0000  0.0000 19.4783
188 132  0.0000  0.0000  0.0000
196 132  0.0000  0.0000  0.0000
204 132 -4.5000  0.0830 13.8795
212 132  0.0000  0.0000 11.1304
220 132  0.0000  0.0000  0.0000
228 132  0.0000  0.0000 11.1304
236 132  0.0000  0.0000  0.0000
244 132  0.0000  0.0000 11.1304
252 132  0.0000  0.0000  0.0000
260 132  0.0000  0.0000  0.0000
268 132  0.0000  0.0000 10.2999
276 132  0.0000  0.0000 11.6112
284 132  0.0000  0.0000 11.1304
292 132  0.0000  0.0000 11.1304
  4 140  0.0000  0.0000 19.4783
 12 140  0.1063  0.0000  6.9728
 20 140  0.0000  0.0000 11.1304
 28 140  0.0000  0.0000 11.1304
 36 140  0.0000  0.0000 11.1304
 44 140  0.0000  0.0000  0.0000
 52 140  0.0000  0.0000  0.0000
 60 140  0.0000  0.0000 19.4783
 68 140 -0.0136 -0.1807  7.9395
 76 140  0.0000  0.0000  0.0000
 84 140  0.0000  0.0000  0.0000
 92 140  0.0000  0.0000  0.0000
100 140  0.0000  0.0000 11.1304
108 140  0.0000  0.0000 11.1304
116 140  0.0000  0.0000 11.1304
124 140  0.0000  0.0000  0.0000
132 140 -0.5000  0.0000  8.8276
140 140  0.0000  0.0000 11.1304
148 140  0.0000  0.0000  0.0000
156 140  0.0000  0.0000  0.0000
164 140  0.0000  0.0000 11.1304
172 140  0.0000  0.0000 11.1304
180 140  1.0000  0.0000  9.2850
188 140  0.0000  0.0000  0.0000
196 140  0.0000  0.0000  0.0000
204 140  0.0000  0.0000  0.0000
212 140  0.0000  0.0000  0.0000
220 140  0.0000  0.0000  0.0000
228 140  0.0000  0.0000 16.1088
236 140  0.0000  0.0000 11.1304
244 140  0.1841 -0.0418 12.3683
252 140  0.0000  0.0000 16.1088
260 140  0.0000  0.0000  0.0000
268 140  0.0000  0.0000  0.0000
276 140  0.0000  0.0000 11.1304
284 140 -0.0698 -0.2911 10.5124
292 140  0.0000  0.0000 11.1304
  4 148 -0.1930 -0.1867 15.3090
 12 148  0.0000  0.0000 11.1304
 20 148  0.0000  0.0000  0.0000
 28 148  4.5000  4.5000  4.0635
 36 148  0.0000  0.0000  0.0000
 44 148  0.0000 -0.5000  8.8276
 52 148  0.0000  0.0000  0.0000
 60 148  0.0000  0.0000 10.1191
 68 148  0.0000  0.0000 11.1304
 76 148  0.0000  0.0000  0.0000
 84 148  0.0000  0.0000  0.0000
 92 148  0.0000  0.0000 11.1304
100 148  0.0000  0.0000 16.1088
108 148  0.0000  0.0000  0.0000
116 148  0.0000  0.0000 16.1088
124 148  0.0000  0.0000  0.0000
132 148 -0.2984  0.3415 16.8934
140 148  0.0000  0.0000 13.1641
148 148  0.0000  0.0000  0.0000
156 148  0.0000  0.0000  0.0000
164 148  0.0000  2.5000  8.8276
172 148  0.0000  0.0000 16.1088
180 148  0.0000  0.0000 12.0628
188 148  0.0000  0.0000  0.0000
196 148  0.0000  0.0000  0.0000
204 148  0.0000  0.0000  0.0000
212 148  0.0000  0.0000 11.1304
220 148 -0.1099  0.1913 11.2281
228 148  2.5000  0.0391  9.3822
236 148  0.0000  0.0000  0.0000
244 148  2.5000  0.0000  8.8276
252 148  0.0000  0.0000 16.1088
260 148  0.0000  0.0000  0.0000
268 148  0.0000  0.0000  0.0000
276 148  0.0000  0.0000 11.1304
284 148  0.0000  0.0000  8.2581
292 148  0.0000  0.0000 11.1304
  4 156  0.0000  0.0000 11.1304
 12 156  1.5000  0.0000  8.2581
 20 156  0.0000  0.0000  0.0000
 28 156  0.0000  0.0000 11.1304
 36 156  0.0000  0.0000  0.0000
 44 156  0.0000  0.0000 11.1304
 52 156  0.0000  0.0000 12.0455
 60 156  2.5000  0.0000  8.8276
 68 156  0.0000  0.0000 11.1304
 76 156  0.0000  0.0000  0.0000
 84 156  0.0000  0.0000  0.0000
 92 156  2.5000  0.0000  8.8276
100 156  0.0000  0.0000  0.0000
108 156  0.0000  0.0000 11.1304
116 156  0.0000  0.0000 11.1304
124 156  0.0000  0.0000  0.0000
132 156  0.0000  0.0000  0.0000
140 156  2.5000  0.0391  9.3822
148 156  0.0000  0.0000  0.0000
156 156  0.0000 -0.1960 11.1304
164 156  0.0000  0.0000 16.1088
172 156  0.0000  0.0000 11.1304
180 156  0.0000  0.0000 11.1304
188 156  0.0000  0.0000  0.0000
196 156  0.0000  0.0000 11.1304
204 156  0.0000  0.0000  0.0000
212 156 -0.5000 -0.1588 10.5785
220 156  0.0000  0.0000 12.8600
228 156  0.0000  0.0000  0.0000
236 156  0.0000  0.0000  0.0000
244 156  0.0000  0.0000 11.1304
252 156  0.0000  0.0000 11.1304
260 156  0.0000  0.0000 11.1304
268 156 -0.1841 -0.0418 12.3683
276 156  0.0000  0.0000  0.0000
284 156  0.0000 -0.5000  8.8276
292 156  0.0000  0.0000 11.1304
  4 164  0.0000  0.0000 11.1304
 12 164  0.0000  0.0000  8.2581
 20 164 -1.5000  0.0000  8.2581
 28 164  0.0000  0.0000  0.0000
 36 164  0.0000  0.0000 11.1304
 44 164  0.0000  0.0000 11.1304
 52 164  0.0000 -0.5000  8.8276
 60 164  0.0000  0.0000  0.0000
 68 164  0.0000  0.0000  0.0000
 76 164  0.0000  0.0000  0.0000
 84 164  0.0000  2.5000  8.8276
 92 164  0.0000  0.0000  0.0000
100 164  0.0000  0.0000  0.0000
108 164  0.0000  0.0000 11.1304
116 164  0.0000  0.0000  0.0000
124 164  0.0000  0.0000 11.1304
132 164  0.0000  0.0000 11.1304
140 164  0.0000  0.0000  0.0000
148 164  0.0000  0.0000 11.1304
156 164  0.0000  0.0000  4.0635
164 164  0.0554  0.1892  9.6158
172 164  0.0000  0.0000 12.0628
180 164  0.0000  0.0000  0.0000
188 164  0.0000  0.0000  0.0000
196 164  0.0000  0.0000  0.0000
204 164  0.0000  0.0000  0.0000
212 164  0.0000  0.0000 11.1304
220 164  0.0000  0.0000 16.1088
228 164 -0.1068 -0.5000 14.1617
236 164  0.0000  0.0000  0.0000
244 164  0.0000  0.0000  0.0000
252 164  0.0000  0.0000 11.1304
260 164  0.0000  0.0000  0.0000
268 164  0.0000  0.0000 13.7544
276 164  0.0000  0.0000 16.1088
284 164  0.0000  0.0000 16.1088
292 164  0.0000  0.0000 19.1045
  4 172  0.0000  0.0000 11.1304
 12 172 -0.0578  0.4337  9.0220
 20 172  0.0000  0.0000  0.0000
 28 172  0.0000  0.0000 11.1304
 36 172  0.0000  0.0000 11.1304
 44 172  0.0000  0.0000 12.0455
 52 172  0.0000  0.0000 11.1304
 60 172  0.0000  0.0000  0.0000
 68 172  0.0000  0.0000  0.0000
 76 172  0.0000  0.0000 16.1088
 84 172  0.0000  0.0000  0.0000
 92 172  0.0000  0.0000  0.0000
100 172  0.0000  0.0000  0.0000
108 172  0.0000  0.0000 11.1304
116 172  0.0000  0.0000  0.0000
124 172  0.0000  0.0000  0.0000
132 172  0.0000  0.0000 11.1304
140 172  0.0000  0.0000  0.0000
148 172  0.0000  0.0000  0.0000
156 172  0.0000  0.0000 11.1304
164 172  0.0000  0.0000 10.1740
172 172  0.0000  0.0000  0.0000
180 172  0.0000  0.0000  0.0000
188 172  0.0000  0.0000  0.0000
196 172  0.0000  0.0000  0.0000
204 172  0.0000 -0.5000  8.8276
212 172  0.0000  0.0000  8.4768
220 172  0.0000  0.0000  0.0000
228 172  0.0000  0.0000 13.0803
236 172  0.0000  0.0000  0.0000
244 172  0.0000  0.0000  0.0000
252 172  0.0000  0.0000  0.0000
260 172  0.0000  0.0000 17.0667
268 172  0.0000  0.0000 11.1304
276 172 -0.5000 -0.5000  4.0635
284 172  0.0000  0.0000 11.1304
292 172  0.0000  0.0000  0.0000
  4 180  0.0000  0.0000  0.0000
 12 180 -0.2080 -0.2715 12.3107
 20 180  0.0000  0.0000  0.0000
 28 180  0.0000  0.0000  0.0000
 36 180  0.0000  0.0000 11.1304
 44 180 -0.1960  2.5000 11.1304
 52 180  0.0000  0.0000  0.0000
 60 180  0.0000  0.0000  0.0000
 68 180  0.0000  0.0000  0.0000
 76 180  0.0000  0.0000  0.0000
 84 180  0.0000  0.0000  0.0000
 92 180  0.0000  0.0000  0.0000
100 180  0.0000  0.0000  0.0000
108 180  0.0000  0.0000  0.0000
116 180  0.0000  0.0000  0.0000
124 180  0.0000  0.0000 11.1304
132 180  0.0000  0.0000 17.0667
140 180  0.0000  0.0000  0.0000
148 180  0.0000  0.0000  0.0000
156 180  0.0000  0.0000  0.0000
164 180  0.2165  0.0000 10.4284
172 180  0.0000  0.0000  0.0000
180 180  0.0000  0.0000 11.1304
188 180  0.0000  0.0000 11.1304
196 180  0.0000  4.5000  4.0635
204 180  0.0000  0.0000  0.0000
212 180  0.0000  0.0000 19.1045
220 180  0.1960  0.0000 11.1304
228 180  0.0000  0.0000 12.0455
236 180  0.0000  0.0000  0.0000
244 180  0.0000  0.0000  0.0000
252 180  0.0000  0.0000  0.0000
260 180  0.0000  0.0000 16.1088
268 180  0.0000  0.0000  0.0000
276 180  0.0000  0.0000  0.0000
284 180  0.0000  0.0000  0.0000
292 180  0.0000  0.0000  0.0000
  4 188  0.0000 -0.1174  9.1793
 12 188  0.0000 -0.5000  8.8276
 20 188  0.0000  0.0000  0.0000
 28 188  0.0000  0.0000 11.1304
 36 188 -0.0218  0.2266 12.8350
 44 188  0.0000  0.0000  0.0000
 52 188  0.0000  0.0000 11.1304
 60 188  0.0000  0.0000  0.0000
 68 188  0.0000  0.0000 16.1088
 76 188  0.0000  0.0000 11.1304
 84 188  0.0000  0.0000  0.0000
 92 188  0.0000  0.0000  0.0000
100 188  0.0000  0.0000  0.0000
108 188  0.0000  0.0000  0.0000
116 188  0.0000  0.0000  0.0000
124 188 -0.5000  0.0000 11.1304
132 188  0.0000  0.0000 11.1304
140 188  0.0000  0.0000  0.0000
148 188     NaN  0.0000 17.0667
156 188  0.0000  0.0000  0.0000
164 188 -0.0721  0.0000 12.9910
172 188  0.0000  0.0000  0.0000
180 188  0.0000  0.0000  0.0000
188 188  0.0000  0.0000 11.1304
196 188  0.0000  0.0000  0.0000
204 188  0.0000  0.0000 11.1304
212 188  0.4043 -0.4043  8.0000
220 188 -0.1702  0.3979 13.1364
228 188  0.0000  0.0000 13.1641
236 188  0.0000  0.0000 11.1304
244 188  0.0000  0.0000  0.0000
252 188  0.0000  0.0000  0.0000
260 188  0.0000  0.0000  0.0000
268 188  0.0000  0.0000  0.0000
276 188  0.0000  0.0000 11.1304
284 188  0.0000  0.0000 11.1304
292 188  0.0000  0.0000  0.0000
  4 196 -1.5000  0.0000  8.2581
 12 196  0.0000  0.0000  0.0000
 20 196  0.0000  0.0000 16.1088
 28 196 -0.3127 -0.1061  9.8739
 36 196 -0.3290  2.8274  8.0000
 44 196  0.0000  0.0000 16.1088
 52 196  0.0000  0.0000 11.1304
 60 196  0.0000  0.0000 11.1304
 68 196  0.0000  0.0000 11.1304
 76 196  0.0000  0.0000 11.1304
 84 196  0.0000  0.0000 11.1304
 92 196  0.0000  0.0000 11.1304
100 196  0.0000  0.0000  0.0000
108 196  0.0000  0.0000 11.1304
116 196 -0.2599  0.0000 11.3947
124 196  0.1622 -0.3147 11.3947
132 196  0.0000  0.0000  0.0000
140 196  0.0000  0.0000  0.0000
148 196     NaN  0.0000 17.0667
156 196  0.0000  0.0000  0.0000
164 196  0.0000  0.0000 11.2521
172 196  0.0000  0.0000  0.0000
180 196  0.0000  0.0000  0.0000
188 196  0.0000  0.0000  0.0000
196 196  0.0000  0.0000  0.0000
204 196  0.0000  0.0000 11.1304
212 196  0.0000  0.0000  0.0000
220 196  0.0000  0.0000  0.0000
228 196  0.0000  0.0000 11.0617
236 196  0.0000  0.0000  0.0000
244 196  0.0000  0.0000  0.0000
252 196  0.0000  0.0000  0.0000
260 196  0.0000  0.0000  0.0000
268 196  0.0000  0.0000  0.0000
276 196  0.0000  0.0000 11.1304
284 196  0.0000  0.0000  0.0000
292 196  0.0000  0.0000  0.0000
  4 204  0.0000 -0.5000  8.8276
 12 204  0.0000  0.0000 11.1304
 20 204  0.0000  0.0000 11.1304
 28 204 -0.1151  0.1151 16.5161
 36 204  0.0000  0.0000 11.1304
 44 204  0.0000  0.0000 11.1304
 52 204 -1.5000  0.0000  8.2581
 60 204  0.0000  0.0000  0.0000
 68 204  0.0000  0.0000  0.0000
 76 204  0.0000  0.0000 16.1088
 84 204 -0.2278  0.1162  9.2296
 92 204  0.0000  0.0000  0.0000
100 204  1.5000  0.0000  8.2581
108 204  0.0000  0.0000  0.0000
116 204 -0.2280 -0.0926  9.1429
124 204  0.4571  0.0561  7.2883
132 204  0.0000  0.0000  0.0000
140 204  0.0000  0.0000  0.0000
148 204  0.0000  0.0000  0.0000
156 204  0.0000  0.0000  0.0000
164 204  0.0698  0.2911 10.5124
172 204  0.0000  0.0000 11.1304
180 204  0.0000  0.0000  0.0000
188 204  0.0000  0.0000  0.0000
196 204  0.0000  0.0000  0.0000
204 204  0.0000  0.0000  0.0000
212 204  0.0000  0.0000  0.0000
220 204  0.0000  0.0000  0.0000
228 204  0.0000  0.0000 16.1088
236 204 -0.5000  0.0000  8.8276
244 204  0.0000  0.0000 16.1088
252 204     NaN  0.0000  5.4468
260 204  0.0000  0.0000  0.0000
268 204  0.0000  0.0000  0.0000
276 204  0.0000  0.0000  0.0000
284 204  0.0000  0.0000  0.0000
292 204  0.0000  0.0000  0.0000
  4 212  0.0000  0.0000 11.1304
 12 212  0.0000  0.0000  0.0000
 20 212  0.0000  0.0000 11.1304
 28 212  0.0000  0.0000  0.0000
 36 212  0.0000  0.0000 11.1304
 44 212  0.0000  0.0000 11.1304
 52 212  0.0000  0.0000  0.0000
 60 212  0.0000  0.0000 16.1088
 68 212  0.0000  0.0000 11.1304
 76 212  0.0000  0.0000 16.1088
 84 212  0.0000  0.0000  0.0000
 92 212  0.0000  0.0000 11.1304
100 212  0.0755  0.0653 11.8819
108 212  0.0000  0.0000 16.1088
116 212  0.1088  0.1876 13.0169
124 212 -1.0000  0.0000  8.2581
132 212  0.0000  0.0000  0.0000
140 212  0.0000  0.0000  0.0000
148 212  0.0000  0.0000  0.0000
156 212  0.0000  0.0000 11.1304
164 212  0.0000  0.0000 12.0628
172 212  0.0000  0.0000 19.1045
180 212  0.0000  0.0000  0.0000
188 212  0.0000  0.0000  0.0000
196 212  0.0000  0.0000 11.1304
204 212  0.0000  0.0000 11.1304
212 212  0.0000  0.0000  0.0000
220 212  0.0000  0.0000  0.0000
228 212  0.0000  0.0000 13.5576
236 212  0.0000  0.0000  0.0000
244 212  0.0000  0.0000  0.0000
252 212  0.0418  0.1521 12.6567
260 212  0.0000  0.0000  0.0000
268 212  0.0000  0.0000  0.0000
276 212  0.0000  0.0000  0.0000
284 212  0.0000  0.0000  0.0000
292 212  0.0000  0.0000 11.1304
  4 220  0.0000  0.0000 16.1088
 12 220  1.5000 -1.0000  7.4357
 20 220  0.0000  0.0000 11.1304
 28 220  0.0000  0.0000 11.1304
 36 220  0.5000  0.0000 11.1304
 44 220 -0.1960  0.0000 11.1304
 52 220  0.0000  0.0000 11.1304
 60 220  0.0000  0.0000  0.0000
 68 220  0.0000  0.0000 11.1304
 76 220  0.0000  0.0000  0.0000
 84 220  0.0000  0.0000  0.0000
 92 220  2.5000 -0.1588 10.5785
100 220  0.0000  0.0000  0.0000
108 220  2.5000  4.5000  4.0635
116 220 -0.0398  0.0500 13.9617
124 220 -0.5000  0.0000  8.8276
132 220  0.0000  0.0000 11.1304
140 220  0.0000  0.0000  0.0000
148 220  0.0000  0.0000  0.0000
156 220  0.0000  0.0000 16.1088
164 220  0.0000  0.0000 11.1304
172 220  0.0000  0.0000 11.1304
180 220  0.0000  0.0000  0.0000
188 220  0.0000  0.0000  0.0000
196 220  0.0000  0.0000 11.1304
204 220  0.0000  0.0000 11.1304
212 220  0.0000  2.5000  8.8276
220 220  4.5000  4.5000  4.0635
228 220  0.0000  2.5000  8.8276
236 220  0.0000  0.0000 17.0667
244 220  0.0000  0.0000  0.0000
252 220  1.0000  0.0000  8.2581
260 220  0.0000  0.0000  0.0000
268 220  0.0000  0.0000  0.0000
276 220  0.0000  0.0000 11.1304
284 220  0.0000  0.0000 11.1304
292 220  0.0000  0.0000  0.0000
