VARIABLES= "X pix", "Y pix", "U pix/dt", "V pix/dt", "CHC", ZONE I=28, J=37
  4   4  0.0000  0.0000 10.7686
 12   4  0.0000  0.0000 11.7274
 20   4  0.0000  0.0000 10.9708
 28   4  0.0000  0.0000 11.4066
 36   4  0.0000  0.0000 11.0456
 44   4  0.0000  0.0000 11.0456
 52   4  0.0000  0.0000 11.7754
 60   4  0.0000  0.0188 10.7686
 68   4  0.0000  0.0000 10.9708
 76   4  0.0000  0.0000 10.9708
 84   4  0.0000  0.0000 10.9734
 92   4  0.0064 -0.0431 11.3140
100   4  0.0000  0.0000 12.7058
108   4 -0.0026 -0.0270 12.2299
116   4  0.0000  0.0000 11.7754
124   4  0.0000 -0.0181 11.3868
132   4  0.0000  0.0000 11.6152
140   4  0.0000  0.0000 10.9762
148   4  0.0000  0.0000 11.7754
156   4  0.0000  0.0000 11.9483
164   4  0.0000  0.0000 11.7754
172   4  0.0090 -0.0076 11.9221
180   4 -0.0088  0.0027 11.7864
188   4 -0.0085 -0.0030 10.8197
196   4  0.0045 -0.0176 11.9478
204   4  0.0401 -0.0113 11.8269
212   4 -0.0006  0.0609 11.5445
220   4 -0.0047 -0.0062 11.3370
228   4 -0.0046 -0.0258 11.0357
236   4  0.0131 -0.0061 10.4429
244   4 -0.0040 -0.1212  9.7627
252   4  0.0871 -0.0010 10.5652
260   4  0.0209  0.0045 11.0153
268   4  0.0269  0.0707 11.2186
276   4 -0.1080 -0.0231 12.1581
284   4  0.0000  0.0000 11.9696
292   4  0.0000  0.0000 11.7813
  4  12  0.0000  0.0000  9.8838
 12  12  0.0000  0.0000 14.0104
 20  12  0.0000  0.0000 12.0976
 28  12 -0.0733  0.0561 11.4286
 36  12  0.0558 -0.0403 13.4875
 44  12  0.0000  0.0000 12.5902
 52  12  0.0000  0.0000 29.8598
 60  12  0.0000  0.0170 11.4239
 68  12  0.0203  0.1098 20.5553
 76  12  0.0000  0.0000 11.8012
 84  12 -0.0382  0.0212 10.7006
 92  12  0.0637 -0.0025  9.9122
100  12  0.0000  0.0000  9.3293
108  12  0.0853 -0.0156 10.8161
116  12  0.0000  0.0000 10.2499
124  12 -0.0429  0.0005 11.9681
132  12 -0.0362 -0.0108 12.0734
140  12  0.0000  0.0383 11.4939
148  12  0.0460 -0.0062 12.1861
156  12  0.0000  0.0000 13.2108
164  12 -0.1816  0.0380 12.8808
172  12 -0.0067 -0.0347  9.9916
180  12  0.0000  0.0000 11.2234
188  12 -0.0060 -0.0641 12.7658
196  12 -0.0648 -0.0051 10.4984
204  12  0.0000  0.0000 10.8558
212  12 -0.0260 -0.0618 11.3812
220  12  0.0378  0.0277 19.2135
228  12  0.3039 -0.8715  6.2222
236  12  0.2617 -0.9405  7.8528
244  12 -0.0256 -0.2492 11.8819
252  12  0.0471 -0.2586 10.8410
260  12 -0.1252  0.0148 10.9034
268  12 -0.0082 -0.1307  9.2556
276  12 -0.0196 -0.1478  9.2822
284  12  0.0145 -0.0498  7.4433
292  12 -0.0100 -0.0152  7.1862
  4  20  0.0000  0.0000 16.3697
 12  20  0.0000  0.0000 12.8146
 20  20  0.0000  0.0273 12.0510
 28  20  0.0000  0.0000 14.1148
 36  20  0.0639  0.0114 12.8272
 44  20  0.0000  0.0000 10.9096
 52  20  0.0000  0.0000 11.5816
 60  20  0.0000  0.0000 18.2770
 68  20  0.0279  0.0065 17.2176
 76  20  0.0000  0.0000 14.0743
 84  20  0.0000  0.0338 13.9938
 92  20 -0.0362 -0.0242 12.6417
100  20  0.0527 -0.0036 11.9920
108  20  0.0000  0.0000 11.0295
116  20  0.0000  0.0000 14.3435
124  20  0.0000  0.0000 13.3186
132  20  0.0000  0.0000 13.2130
140  20 -0.0039 -0.0430 13.6513
148  20 -0.0007 -0.0052 13.8768
156  20 -0.0009  0.0094 13.0027
164  20  0.0082 -0.0207 13.1792
172  20  0.0012  0.0009 15.8201
180  20  0.0172  0.0010 12.5146
188  20  0.0229 -0.0327 17.3735
196  20 -0.0055 -0.0058 15.5656
204  20 -0.0337  0.0078 21.0644
212  20 -0.0236  0.0170 19.3509
220  20  0.0554  0.0101 20.2167
228  20  0.0000  0.0000 11.1304
236  20     NaN     NaN 11.7274
244  20 -0.0086 -0.0152 12.1180
252  20 -0.0199 -0.0039 11.3763
260  20 -0.0128 -0.0255  7.8938
268  20 -0.1767  0.0693  9.9665
276  20  0.0849 -0.0677 13.7258
284  20 -0.0268  0.0214 17.4545
292  20  0.0056 -0.0052 14.1331
  4  28 -0.0080  0.0014 10.3450
 12  28 -0.0067 -0.0113 10.2840
 20  28  0.0000  0.0000 11.2184
 28  28  0.0000  0.0000 10.2395
 36  28  0.0000  0.0000 10.7068
 44  28  0.0000  0.0000 10.3686
 52  28  0.0000  0.0000 10.5235
 60  28 -0.0012  0.0128  9.9944
 68  28  0.0043  0.0133 10.5396
 76  28  0.0000  0.0000 10.7661
 84  28  0.0000  0.0000  9.8760
 92  28  0.0158 -0.0018  9.7088
100  28  0.0000  0.0000 11.3774
108  28  0.0140 -0.0048 14.5101
116  28  0.0043 -0.0264  9.2236
124  28  0.0034 -0.0022  9.9315
132  28 -0.0001  0.0003  8.8950
140  28  0.0056  0.0011  9.3154
148  28 -0.0002 -0.0030  9.5144
156  28 -0.0014  0.0032 22.0791
164  28  0.0190  0.0074 15.4061
172  28 -0.0700  0.0109 12.6650
180  28  0.0206  0.0125 18.5092
188  28 -0.0082  0.0032 20.9259
196  28  0.0035  0.0007  9.2308
204  28  0.0000  0.0000  9.5099
212  28  0.0000  0.0000 10.5757
220  28  0.0001 -0.0022 10.5271
228  28  0.0064 -0.0143  9.9431
236  28  0.0145 -0.0006  9.4227
244  28  0.0000  0.0000 10.3298
252  28  0.0000  0.0000 10.0693
260  28  0.0000  0.0000 18.7549
268  28  0.0000  0.0000 14.9524
276  28  0.0000  0.0000 24.9768
284  28  0.0021 -0.0040 17.0015
292  28  0.0062 -0.0123 12.9528
  4  36  0.0000  0.0000  7.6574
 12  36 -0.0184 -0.0018  7.8118
 20  36 -0.0094 -0.0090  6.8172
 28  36  0.0000  0.0000  6.6115
 36  36  0.0000  0.0000  6.5849
 44  36  0.0000  0.0000  8.0842
 52  36  0.0000  0.0000  6.0076
 60  36  0.0000  0.0000 10.4450
 68  36  0.0000  0.0000  9.0481
 76  36  0.0000  0.0000 10.5554
 84  36  0.0000  0.0000 13.6955
 92  36  0.0000  0.0000 11.7844
100  36  0.0000  0.0000  8.2226
108  36  0.0000  0.0000  7.8325
116  36  0.0000 -0.0000  8.1210
124  36  0.0252  0.1279  6.1687
132  36  0.0000  0.0000 13.7892
140  36  1.0000  0.2721 11.6825
148  36  0.0000  0.0000  7.0496
156  36  0.0000  0.0000 13.0566
164  36 -0.0408  0.0347 10.7811
172  36  0.0025  0.0208 25.0277
180  36  0.0000  0.0000 12.7548
188  36  0.0000  0.0000 12.5790
196  36  0.0000  0.0000 12.3152
204  36  0.0000  0.0000 15.4368
212  36  0.0000  0.0000 13.3854
220  36  0.0000  0.0000 13.7993
228  36 -0.0106  0.2269 11.3584
236  36  0.0000  0.0000 11.0903
244  36  0.0000  0.0000 11.9935
252  36  0.0000  0.0000 12.6526
260  36  0.0000  0.2146  7.9063
268  36  0.0000  0.0000  9.4762
276  36  0.1023 -0.0101  8.6145
284  36 -0.1394 -0.0554  7.3590
292  36  0.0000  0.0000 10.4867
  4  44  0.0000  0.0000 12.0628
 12  44  0.0000 -0.3764  7.3143
 20  44  0.0000  0.0000 10.1740
 28  44  0.0000  0.0000 16.2968
 36  44  0.0000  0.0000 17.6698
 44  44  0.0000  0.0000 13.0603
 52  44  0.0000  0.0000 10.3707
 60  44  0.0000  0.0000  8.8816
 68  44  0.1641  0.0293  7.3095
 76  44 -0.0320 -0.2595  6.9531
 84  44  0.0000  0.0000 12.5445
 92  44  0.0000  0.0000 11.1304
100  44  0.0000  0.0000 16.1088
108  44  0.0000  0.0000 12.0628
116  44  0.0000  0.0000 13.1641
124  44  0.0000  0.0000 19.4783
132  44  0.0000  0.0000  8.0000
140  44  0.0000  0.0000  0.0000
148  44  0.0000  0.0000  6.3196
156  44  0.0020  0.0025 15.3195
164  44 -0.0193 -0.0020 10.0929
172  44  0.0000  0.0000 10.9331
180  44  0.0050  0.0039 10.8078
188  44  0.0000  0.0000 14.2258
196  44 -0.1164 -0.0286  9.1750
204  44  0.0000  0.0000  9.1045
212  44 -0.1451  0.0150  9.1532
220  44  0.0000  0.0000  9.1129
228  44  0.0000  0.0000 12.0066
236  44  0.0000  0.0000 12.4923
244  44  0.0000  0.0000 12.4405
252  44  0.0000  0.0000 19.1591
260  44  0.1765  0.0164 13.3612
268  44  0.0000  0.0000 11.0903
276  44  0.0000  0.0000 11.9011
284  44 -0.0364  0.2387 11.3832
292  44  0.0272 -0.0238 11.1899
  4  52  0.0000  0.0000 10.5606
 12  52  0.0000  0.0000  9.0038
 20  52 -0.0803 -0.1142  6.6499
 28  52  0.0000  0.0000 11.2095
 36  52  0.0000  0.0000  0.0000
 44  52  0.0000  0.0000 11.1304
 52  52  0.0000  0.0000 11.1304
 60  52  0.0000  0.0000  0.0000
 68  52  0.0000  0.0000  0.0000
 76  52  0.0000  2.5000  8.8276
 84  52  0.0000  0.0000 11.1304
 92  52  0.0000  0.0000 11.1304
100  52  0.0000  0.0000  0.0000
108  52  0.0000  0.0000 11.1304
116  52  0.0000  0.0000  8.2581
124  52  0.0000  0.0000 16.1088
132  52  0.0000  0.0000 17.0667
140  52  0.0000  0.0000 11.1304
148  52  0.0000  0.0000  6.0223
156  52  0.0000  0.0000 23.0072
164  52  0.0078 -0.0048 13.2181
172  52 -0.0024  0.0029  9.5370
180  52  0.0068 -0.0059 17.8598
188  52  0.0045  0.0013 11.8917
196  52  0.2633 -0.0317  7.4064
204  52 -2.8274  0.3035  7.6077
212  52  0.2414  0.0000 11.1304
220  52  0.0000  0.0000 15.2515
228  52  0.0321  0.0401 18.0947
236  52  0.0000  0.0000 13.7993
244  52  0.0000  0.0000 10.8982
252  52 -0.1572 -0.0022 13.8496
260  52 -0.1303 -0.0390  9.5433
268  52  0.0000  0.0000  8.5951
276  52 -0.0197 -0.0108 10.5133
284  52 -0.1326  0.0786 20.0380
292  52  0.2272 -0.3052  5.9395
  4  60  0.0000  0.0000  0.0000
 12  60  0.0000  0.0000  0.0000
 20  60  0.0000  0.0000  0.0000
 28  60  0.0000  0.0000  0.0000
 36  60  0.0000  0.0000  0.0000
 44  60  0.0000  0.0000  0.0000
 52  60  0.0000  0.0000  0.0000
 60  60  0.0000  0.0000  0.0000
 68  60  0.0000  0.0000  0.0000
 76  60  0.0000  0.0000  0.0000
 84  60  2.5000  0.0000  8.8276
 92  60  0.0000  0.0000 11.9011
100  60  0.0000  0.0000 11.1304
108  60  0.0000  0.0000  0.0000
116  60  0.0000  0.0000 10.9491
124  60  0.0000  0.0000 11.9011
132  60  0.0000  0.0000  0.0000
140  60  0.0000  0.0000 12.1905
148  60  0.0050  0.0089  6.6573
156  60  0.0000  0.0000  7.0908
164  60  0.0000  0.0000  7.0499
172  60  0.0000  0.0000  6.8209
180  60  0.0000  0.0000  6.7665
188  60 -0.0285  0.0292  6.0092
196  60  0.0000  0.0000  7.2698
204  60  0.0000  0.0000 11.1304
212  60  0.0000  0.0000 16.1088
220  60  0.0000  0.0000  7.3911
228  60  0.1045 -0.4072 11.6193
236  60  0.0000  0.0000  9.0168
244  60  0.0000  0.0000  9.4928
252  60  0.0000  0.0000 13.3851
260  60  0.0047  0.0891 10.4692
268  60  0.0000  0.0000 10.6057
276  60  0.0858  0.0482 20.3046
284  60 -0.0599  0.0527  8.5290
292  60 -0.1575  0.0292  9.5275
  4  68  0.0000  0.0000  0.0000
 12  68  0.0000  0.0000  0.0000
 20  68  0.0000  0.0000  0.0000
 28  68  0.0000  0.0000  0.0000
 36  68  0.0000  0.0000  0.0000
 44  68  0.0000  0.0000 11.1304
 52  68  0.0000  0.0000  0.0000
 60  68  0.0000  0.0000 11.1304
 68  68  0.0000  0.0000  0.0000
 76  68  0.3604 -0.1235 13.6655
 84  68  0.0000  0.0000 16.6957
 92  68 -0.1113  1.6014 11.9803
100  68 -0.0206  0.2484 13.0062
108  68  0.0000  0.0000 11.1304
116  68  0.0000  0.0000 11.1304
124  68  0.0000  0.0000 11.1304
132  68  0.0000  0.0000  0.0000
140  68  0.0000  0.0000  0.0000
148  68  0.0000  0.0000 14.5615
156  68  0.0000  0.0000  0.0000
164  68  0.0000  0.0000 16.1088
172  68  0.0000  0.0000  8.6413
180  68  0.0000  0.0000 16.1088
188  68  0.0000  0.0000 11.1304
196  68  0.0000  0.0000  0.0000
204  68  0.0000  0.0000  0.0000
212  68  0.0000  0.0000  0.0000
220  68  0.0000  0.0000  0.0000
228  68  0.0000  0.0000 11.1304
236  68  0.0000  0.0000  0.0000
244  68  0.0000  0.0000  0.0000
252  68  0.0000  0.0000  0.0000
260  68  0.0000  0.0000 16.1088
268  68 -0.1439 -0.0853 11.4193
276  68  0.0000  0.0000 12.8600
284  68 -0.2119  0.0204  9.7641
292  68  0.0854 -0.0638 20.9591
  4  76  0.0000  0.0000 11.1304
 12  76  0.0000  0.0000  0.0000
 20  76  0.0000  0.0000  0.0000
 28  76  0.0000  0.0000  0.0000
 36  76  0.0000  0.0000  0.0000
 44  76  0.0000  0.0000 19.1045
 52  76  0.0000  0.0000 13.7190
 60  76  0.0000  0.0000  0.0000
 68  76  0.0000  0.0000 20.2673
 76  76  0.0000  0.0000 11.1304
 84  76  0.0000  0.0000  8.6684
 92  76  0.0000  0.0000 18.1639
100  76  0.0000  0.0000 11.9011
108  76  0.0000  0.0000 12.0628
116  76 -0.2907  0.0403 10.5761
124  76  0.0000  0.0000 12.3458
132  76  0.0000  0.0000 12.0628
140  76  0.0000  0.0000 12.0628
148  76  0.0000  0.0000 12.8600
156  76  0.0000  0.0000 11.9011
164  76  0.0000  0.0000 12.0455
172  76  0.0000  0.0000 11.1304
180  76  0.0000  0.0000  0.0000
188  76  0.0000  0.0000 16.1088
196  76  0.0000  0.0000  0.0000
204  76  0.0000  0.0000  0.0000
212  76  0.0000  0.0000  0.0000
220  76  0.0000  0.0000 11.1304
228  76  0.0000  0.0000  0.0000
236  76  0.0000  0.0000  0.0000
244  76  0.0000  0.0000 11.1304
252  76  0.0000  0.0000  0.0000
260  76  0.0000  0.0000 11.1304
268  76  0.0000  0.0000 16.1088
276  76  0.0000  0.0000 12.0628
284  76     NaN  0.1203  5.4468
292  76  0.0000  0.0000 11.9011
  4  84  0.0000  0.0000 11.1304
 12  84  0.0000  0.0000 11.1304
 20  84  0.0000  0.0000 16.1088
 28  84  0.0000  0.0000  0.0000
 36  84  0.0000  0.0000 12.8600
 44  84  0.0000  0.0000 11.1304
 52  84  0.0000  0.0000 13.3565
 60  84 -0.0741  0.0768  9.8316
 68  84  0.2221 -0.0957  7.0164
 76  84  0.0000  0.0000 11.6579
 84  84  0.0000  0.0000  9.4948
 92  84  0.0000  0.0000 16.1088
100  84  0.0000  0.0000 11.1304
108  84  0.0000  0.0000  0.0000
116  84  0.0000  0.0000 11.1304
124  84  0.0000  0.0000  0.0000
132  84  0.0000  0.0000  0.0000
140  84  0.0000  0.0000  0.0000
148  84  0.0000  0.0000 12.1315
156  84  0.0000  0.0000 11.1304
164  84  0.0000  0.0000 11.1304
172  84  2.5000  0.0000  8.8276
180  84  0.0000  0.0000 16.1088
188  84  0.0000  0.0000 19.1045
196  84  0.0000  0.0000 11.1304
204  84  0.0000  0.0000  0.0000
212  84  0.0000  0.0000  0.0000
220  84 -2.2404  0.1672 12.5442
228  84  0.4010 -0.3865  9.2602
236  84  0.0000  0.0000  0.0000
244  84  0.0000  0.0000 11.1304
252  84  0.0000  0.0000 16.1088
260  84  0.0000  0.0000 11.1304
268  84  0.0000  0.0000 11.1304
276  84  0.0000  0.0000 16.1088
284  84  0.0000  0.0000 11.1304
292  84  0.0000  0.0000 11.1304
  4  92  0.0000  0.0000  0.0000
 12  92  0.0000  0.0000  0.0000
 20  92  0.1318 -0.0214 11.1304
 28  92 -0.2572 -0.4240  7.2391
 36  92  0.0000  0.0000 13.7892
 44  92  0.0000  0.0000 14.5082
 52  92  0.0000  0.0000  8.9379
 60  92  0.0000  0.0000  8.5114
 68  92  0.0000  0.0000 15.3082
 76  92  0.0000  0.0000  9.1429
 84  92  0.0000  0.0000 10.2400
 92  92  0.0000  0.0000 12.5445
100  92 -0.0927  0.2558 10.8745
108  92  0.2693 -0.0982  9.7086
116  92  0.0000  0.0000 19.4783
124  92  0.0000  0.0000  0.0000
132  92  0.0000  0.0000 11.1304
140  92  0.0000  0.0000 12.3458
148  92  0.0000  0.0000  8.2581
156  92  0.0000  0.0000 11.1304
164  92  0.0000  0.0000  0.0000
172  92  0.0000  0.0000  0.0000
180  92  0.0000  0.0000  0.0000
188  92  0.0000  0.0000  0.0000
196  92  0.0000  0.0000  0.0000
204  92  0.0000  0.0000 11.1304
212  92  0.0000  0.0000  0.0000
220  92 -0.0647  0.0771 14.4477
228  92 -0.1546  0.0660 18.6254
236  92  0.0000  0.0000  8.0688
244  92  0.0000  0.0000 11.1304
252  92  0.0000  0.0000  0.0000
260  92  0.0000  0.0000  0.0000
268  92  0.0000  0.0000 11.1304
276  92  0.0000  0.0000  0.0000
284  92  0.0000  0.0000  0.0000
292  92  0.0000  0.0000 11.1304
  4 100  0.0000  0.0000 13.0803
 12 100  0.0000  0.0000 11.0903
 20 100  0.0000  0.0000 19.4783
 28 100  0.0000  0.0000 20.0864
 36 100  0.0000  0.0000  8.5712
 44 100  0.0000  0.0000 13.7190
 52 100  0.0000  0.0000 13.3565
 60 100  0.0000  0.0000 22.2609
 68 100  0.0000  0.0000 11.1304
 76 100  0.0000  0.0000 11.1304
 84 100  0.0000  0.0000  0.0000
 92 100  0.0000  0.0000  0.0000
100 100  0.0000  0.0000 22.2609
108 100  0.0000  0.0000 10.1191
116 100  0.0000  0.0000 16.1088
124 100  0.0000  0.0000 11.1304
132 100  0.0000  0.0000 16.1088
140 100  0.0000  0.0000 16.1088
148 100  0.0000  0.0000 16.1088
156 100  0.1798 -0.0246 17.0238
164 100  0.0000  0.0000  0.0000
172 100  0.0000  0.0000 11.1304
180 100  0.0000  0.0000 11.1304
188 100  0.0000  0.0000 16.1088
196 100  0.0000  0.0000 11.1304
204 100  0.0000  0.0000  0.0000
212 100  0.0000  0.0000  0.0000
220 100  0.0000  0.0000  0.0000
228 100  0.0000  2.5000  8.8276
236 100  0.3965  0.5000 10.2400
244 100  0.0000  0.0000 11.1304
252 100  0.0000  0.0000 11.1304
260 100  0.0000  0.0000 11.1304
268 100  0.0000  0.0000  0.0000
276 100  0.0000  0.0000  0.0000
284 100  0.0000  0.0000  0.0000
292 100  0.0000  0.0000 11.1304
  4 108  0.0000  0.0000 11.1304
 12 108  0.0000  0.0000  0.0000
 20 108  0.0000  0.0000 13.3565
 28 108  0.0000  0.0000  9.5632
 36 108  0.0000  0.0000 11.1304
 44 108  0.0000  0.0000 11.1304
 52 108  0.0000  0.0000 16.1088
 60 108  0.0000  0.0000 11.1304
 68 108  0.0000  0.0000 11.1304
 76 108  0.0000  0.0000 11.1304
 84 108  0.0000  0.0000 16.1088
 92 108  0.2273  0.1191 11.1304
100 108 -0.1721 -0.0354 10.7252
108 108  0.0788 -0.2077  9.6936
116 108  0.0000  0.0000 11.1304
124 108  2.5000  0.0000  8.8276
132 108  0.0000  0.0000 16.1088
140 108  2.5000  0.0000  8.8276
148 108  0.0000  2.5000  8.8276
156 108  0.5000  0.1176  8.5699
164 108  0.0000  0.0000  0.0000
172 108  0.0000  0.0000  0.0000
180 108  0.0000  0.0000 11.1304
188 108  0.0000  0.0000 16.1088
196 108  0.0000  0.0000 17.0667
204 108  0.0000  0.0000 11.1304
212 108  0.0000  0.0000  0.0000
220 108  0.0000  0.0000  0.0000
228 108  0.0000  0.0000  0.0000
236 108  0.0000  0.0000  0.0000
244 108  0.0000  0.0000  0.0000
252 108  0.0000  0.0000 11.1304
260 108  0.0000  0.0000  0.0000
268 108  0.0000  0.0000  0.0000
276 108  0.0000 -0.5000  8.8276
284 108  0.0000  0.0000 11.1304
292 108  0.0000  0.0000  0.0000
  4 116  0.0000  0.0000 13.1641
 12 116  0.0000  0.0000  0.0000
 20 116  0.0000  0.0000 11.1304
 28 116  0.0000  0.0000 16.6957
 36 116  0.0000  0.5000 11.1304
 44 116  0.0000  0.0000 11.1304
 52 116  0.0000  0.0000 11.1304
 60 116  0.0000  0.0000  0.0000
 68 116  0.0000  0.0000 11.1304
 76 116  0.0000  0.0000 11.1304
 84 116  0.1780  0.2756  7.6418
 92 116  0.0000  0.0000  0.0000
100 116  0.0000  0.0000  0.0000
108 116  0.0000  0.0000 12.0628
116 116  0.0000  0.0000 16.1088
124 116  0.0000  0.0000 16.1088
132 116  0.0000 -0.5000 11.1304
140 116  0.0000  0.0000 16.1088
148 116 -0.0677 -0.2414 11.7124
156 116  0.0937  0.0000 12.3230
164 116  0.0000  0.0000 11.1304
172 116  0.0000  0.0000  0.0000
180 116  0.0000  0.0000  0.0000
188 116  0.0000  0.0000  0.0000
196 116  0.0000  0.0000  0.0000
204 116  0.0000  0.0000 11.1304
212 116  0.0000  0.0000  0.0000
220 116  0.0000  0.0000  0.0000
228 116  0.0000  0.0000  0.0000
236 116  0.0000  0.0000  0.0000
244 116  0.0000  0.0000  0.0000
252 116  0.0000  0.0000 16.1088
260 116  0.4043  0.4043  8.0000
268 116  0.0000  0.0000 12.0628
276 116  0.0000  0.0000 19.4783
284 116  0.0000  0.0000  0.0000
292 116  0.0000  0.0000  0.0000
  4 124  0.0000  0.0000  0.0000
 12 124 -0.2081  0.1864  9.6241
 20 124  0.0000  0.0000 15.6775
 28 124  0.0000  0.0000  0.0000
 36 124  0.0000  0.0000 16.7450
 44 124  0.0000  0.0000 16.1088
 52 124  0.0000  0.0000  0.0000
 60 124  0.0000  0.0000 11.1304
 68 124  0.0000  0.0000 16.1088
 76 124  0.0000  0.0000 16.1088
 84 124  0.0000  0.0000  0.0000
 92 124  0.0000  0.0000  0.0000
100 124  0.0000  0.0000 11.1304
108 124  0.0000  0.0000 11.1304
116 124  0.0000  0.0000  9.4948
124 124 -0.0337  0.0058 14.5956
132 124  0.0000  0.0000  0.0000
140 124  0.0000  0.0000  0.0000
148 124  0.0000  0.0000  0.0000
156 124  0.0000  0.0000 11.1304
164 124  0.0000  0.0000 19.1045
172 124  0.0000  0.0000 11.1304
180 124  0.0000  0.0000 16.1088
188 124  0.0000  0.0000 11.1304
196 124  0.0000  0.0000 11.1304
204 124  0.0000  0.0000 11.1304
212 124 -0.5000  0.0448  8.9013
220 124  0.0000 -0.1960 11.1304
228 124  0.1063  0.0000  6.9728
236 124  0.0000  0.0000  0.0000
244 124  0.0000  0.0000 11.1304
252 124  0.0000  0.0000 12.0628
260 124 -0.2913 -0.0922  9.3879
268 124  0.0000  0.0000 15.6775
276 124  0.0000  0.0000 19.1045
284 124  0.0000  0.0000 11.1304
292 124  0.0000  0.0000 11.1304
  4 132  0.0000  0.0000 12.0455
 12 132  0.0000  0.0000  0.0000
 20 132  0.0000  0.0000 11.1304
 28 132  0.0000  0.0000 16.6957
 36 132  0.3879 -0.0532  7.9366
 44 132  0.0000  0.0000 11.1304
 52 132  0.0000  0.0000  0.0000
 60 132  0.0000  0.0000  0.0000
 68 132  0.0000  0.0000 12.0628
 76 132  0.0000  0.0000 11.1304
 84 132  0.0000  0.0000  0.0000
 92 132  0.0000  0.0000  0.0000
100 132  0.0000  0.0000 11.1304
108 132  0.0000  0.0000  9.2850
116 132  0.0000  0.0000 17.3902
124 132  0.0000  0.0000  8.8167
132 132 -0.4043 -0.4043  8.0000
140 132  0.4043 -0.4043  8.0000
148 132  0.0000  0.0000 11.1304
156 132  0.0000  0.0000 13.5576
164 132  0.0000  0.0000 16.1088
172 132  0.0000  0.0000  0.0000
180 132  0.0000  0.0000 11.1304
188 132  0.0000  0.0000 11.1304
196 132  0.0000  0.0000  0.0000
204 132  0.0000  0.0000  0.0000
212 132 -0.5000  0.0000  8.8276
220 132  0.0000  0.0000  0.0000
228 132  0.0677  0.2414 11.7124
236 132  0.0000  0.0000  0.0000
244 132  0.0000  0.0000 11.1304
252 132  0.0000  0.0000  0.0000
260 132 -0.2780  0.1270 13.3759
268 132  2.5000  0.1588 10.5785
276 132  0.0000  0.0000  0.0000
284 132  0.0000  0.0000 11.1304
292 132  0.0000  0.0000 11.1304
  4 140  0.0000  0.0000 13.1204
 12 140  0.0000  0.0000 16.1088
 20 140 -0.0476  1.5000  8.3561
 28 140  0.0000  0.0000 16.1088
 36 140  0.0000  0.0000  0.0000
 44 140  0.0000  0.0000  0.0000
 52 140  0.0000  0.0000  0.0000
 60 140 -0.1927  0.0788 17.1842
 68 140  0.0000  0.0000  9.4948
 76 140  0.0000  0.0000 11.1304
 84 140  0.0000  0.0000  0.0000
 92 140  0.0000  0.0000 11.1304
100 140  0.0000  0.0000  0.0000
108 140  0.0000  0.0000  8.0000
116 140  0.0000  0.0000  7.8087
124 140  0.0000  0.0000 11.1304
132 140  0.0000  0.0000 16.1088
140 140  0.0000  2.5000  8.8276
148 140  0.0000  0.0000  0.0000
156 140  0.0000  0.0000 11.1304
164 140  0.0000  0.0000 12.0455
172 140  0.0000  0.0000 11.1304
180 140  0.0000  0.0000  0.0000
188 140  0.0000  0.0000 11.1304
196 140  0.0000  0.0000  0.0000
204 140  0.0000  0.0000 11.1304
212 140  0.0000  0.0000 17.2183
220 140  0.0000  0.0000 16.1088
228 140  0.0000 -0.5000  8.8276
236 140  0.0000  0.0000  0.0000
244 140  0.0000  0.0000  0.0000
252 140  0.0000  0.0000 11.1304
260 140 -0.2203  1.2576  7.6156
268 140  0.0000  0.0000 16.1088
276 140  0.0000  0.0000 11.1304
284 140  0.0000  0.0000 16.1088
292 140  0.0000  0.0000  0.0000
  4 148  0.0000  0.0000 12.0455
 12 148  0.0000  0.0000  0.0000
 20 148  0.0000  0.0000 11.1304
 28 148  0.0000  0.0000 11.1304
 36 148  0.0000  0.0000  0.0000
 44 148  0.0000  0.0000 16.9590
 52 148  0.0000  0.0000  0.0000
 60 148  0.0000  0.0000 10.1261
 68 148  0.0000  0.0000 11.1304
 76 148  0.0000  0.0000  0.0000
 84 148  0.0000  0.0000  0.0000
 92 148  0.0000  0.5000  8.0688
100 148  0.0000  0.0000  0.0000
108 148  0.0000  0.0000  0.0000
116 148  0.0000  0.0000 11.1304
124 148  0.0000  0.0000  0.0000
132 148  0.0000  0.0000  0.0000
140 148  0.0000  0.0000 11.1304
148 148  0.0000  0.0000  0.0000
156 148  0.0000  0.0000  0.0000
164 148  0.6907 -0.2991  8.0688
172 148  0.0000  0.0000  0.0000
180 148  0.0000  0.0000 11.1304
188 148  0.0000  0.0000 11.1304
196 148  0.0000  0.0000  0.0000
204 148  0.0000  0.0000 11.1304
212 148  0.0000  0.0000 16.1088
220 148  0.0000  0.0000  0.0000
228 148  0.0000  0.0000  0.0000
236 148  0.0000  0.0000  0.0000
244 148  2.5000  0.0000  8.8276
252 148  0.0000  0.0000  0.0000
260 148  0.2780  0.1270 13.3759
268 148  0.0677 -0.2414 11.7124
276 148  0.0000  0.0000 13.1641
284 148  0.0000  0.0000  0.0000
292 148  0.0000  0.0000  0.0000
  4 156  0.0000  0.0000 11.1304
 12 156  0.0000  0.0000 12.1905
 20 156  0.0000  0.0000 12.0628
 28 156  0.3290  2.8274  8.0000
 36 156  0.0000  0.0000  0.0000
 44 156  0.0000  0.0000 16.1088
 52 156  2.5000  0.0000  8.8276
 60 156  1.1733  0.0000  8.5333
 68 156  0.0000  0.0000  0.0000
 76 156  0.0000  0.0000  0.0000
 84 156  0.0000 -0.5000  8.8276
 92 156  0.0000  0.0000 16.1088
100 156  0.2907  0.0403 10.5761
108 156  0.0000  0.0000 17.2183
116 156  0.0000  0.0000 17.0667
124 156  0.0000  0.0000  0.0000
132 156  0.0000  0.0000  0.0000
140 156  0.0000  0.0000  0.0000
148 156  0.0000  0.0000  0.0000
156 156  0.0000  0.0000  0.0000
164 156  0.0000  0.0000 11.1304
172 156  0.0000  0.0000  0.0000
180 156 -0.1960  2.5000 11.1304
188 156  0.0000  0.0000  0.0000
196 156  0.0000  0.0000  0.0000
204 156  0.0000  0.0000  0.0000
212 156  0.0000  0.0000 11.1304
220 156  0.0000  0.0000 22.2609
228 156  0.0000  0.0000 11.1304
236 156  0.0000  0.0000  0.0000
244 156  0.0000  0.0000  0.0000
252 156  0.0000  0.0000  0.0000
260 156  0.0000 -0.1063  6.9728
268 156 -0.5000  0.0391  9.3822
276 156  2.0000 -0.3130 11.9803
284 156  0.0000  0.0000 11.1304
292 156  0.0000  0.0000 11.1304
  4 164  0.0000  0.0000 11.1304
 12 164  0.0000  0.0000  0.0000
 20 164  0.0000  0.0000  0.0000
 28 164  0.0000  0.0000 11.3350
 36 164  0.0000  0.0000 11.1304
 44 164  0.0000  0.0000 16.1088
 52 164  0.1138 -0.1378 11.4627
 60 164  0.0000  0.0000  0.0000
 68 164  0.0000  0.0000  0.0000
 76 164  0.0000  0.0000 16.1088
 84 164  0.0000  0.0000  0.0000
 92 164  0.0000  0.0000 11.1304
100 164 -0.5000  0.0000  8.8276
108 164  0.0000  0.0000 16.1088
116 164  0.0000  0.0000 17.0667
124 164  0.0000  0.0000  0.0000
132 164  0.0000  0.0000  0.0000
140 164  0.0000  0.0000  0.0000
148 164  2.5000  0.0000  8.8276
156 164  0.0000  0.0000  9.7978
164 164  0.0000  0.0000 10.2492
172 164  0.0000  0.0000 13.5576
180 164  0.0000  0.0000 11.1304
188 164  0.0000  0.0000  0.0000
196 164 -0.5000  4.5000  4.0635
204 164  0.0000  0.0000  0.0000
212 164  0.0000  0.0000  0.0000
220 164  0.0000  0.0000 12.0455
228 164  0.0000  0.0000  0.0000
236 164  0.0000  0.0000  0.0000
244 164  0.0000  0.0000  0.0000
252 164  0.0000  0.0000  0.0000
260 164  0.0000  0.0000  0.0000
268 164  0.0000  0.0000  0.0000
276 164  0.0000  0.0000 11.1304
284 164  0.0000  0.0000 11.1304
292 164  0.0000  0.0000  0.0000
  4 172  0.0000  0.0000 11.1304
 12 172  0.0000  0.0000 16.1088
 20 172  0.5000  0.0000  8.4768
 28 172  0.0000  0.0591 10.0652
 36 172  0.0000  0.0000 11.1304
 44 172  0.0000  0.0000 13.0803
 52 172  0.0000  0.0000  0.0000
 60 172  0.0000  0.0000  0.0000
 68 172  0.0000  0.0000  0.0000
 76 172  0.0000  0.0000 11.1304
 84 172  0.0696 -0.0812 10.9765
 92 172  0.0000  0.0000  0.0000
100 172  0.0000  0.0000  0.0000
108 172  0.0000  0.0000 11.1304
116 172  0.0000  0.0000 13.5576
124 172  0.0000  0.0000 11.1304
132 172  0.0000  0.0000 11.1304
140 172  0.0000  0.0000 11.1304
148 172  0.0000  0.0000  0.0000
156 172  0.0000  0.0000 21.1729
164 172  0.1397  0.0000 11.0345
172 172  0.0000  0.0000 11.1304
180 172  0.0000  0.0000  0.0000
188 172  0.0000  0.0000  0.0000
196 172  0.0000  0.0000  0.0000
204 172  0.0000  0.0000 16.1088
212 172  0.0000  0.0000 16.1088
220 172  0.0000  0.0000 16.1088
228 172  0.0000  0.0000  0.0000
236 172  0.0000  0.0000  0.0000
244 172  0.0000  0.0000 11.1304
252 172  0.0000  0.0000  0.0000
260 172  0.0000  0.0000 11.1304
268 172  0.0000  0.0000  0.0000
276 172  0.0000  0.0000  0.0000
284 172  0.0000  0.0000  0.0000
292 172  0.0000  0.0000  0.0000
  4 180     NaN  0.0000 17.0667
 12 180  0.1960  0.0000 11.1304
 20 180  0.0000  0.0000 11.1304
 28 180  0.0000  0.0000  0.0000
 36 180  0.0000  0.0000 16.1088
 44 180  0.0000  0.0000  9.4208
 52 180  0.0000  0.0000  0.0000
 60 180  0.0000  0.0000  0.0000
 68 180  0.0000  0.0000  0.0000
 76 180  0.0000  0.0000 16.1088
 84 180  0.0000  0.0000 22.2609
 92 180  0.0000  0.0000 11.1304
100 180  0.0000  0.0000 11.1304
108 180  0.0000  0.0000 11.1304
116 180  0.0000  0.0000  0.0000
124 180  0.0000  0.0000 11.1304
132 180  0.0000  0.0000  0.0000
140 180  0.0000  0.0000 11.1304
148 180  0.0000  0.0000  0.0000
156 180  0.0000  0.0000 17.0667
164 180 -0.0421 -0.1634 12.8457
172 180  0.0000  0.0000 11.1304
180 180  0.0000  0.0000 11.1304
188 180  0.0000  0.0000 11.1304
196 180  0.0000  0.0000  0.0000
204 180  0.0000  0.0000 11.1304
212 180  0.0000  0.0000 16.1088
220 180  0.0000  0.0000  0.0000
228 180  0.0000  0.0000  0.0000
236 180  0.0000  0.0000  0.0000
244 180  0.0000  0.0000 11.1304
252 180  0.0000  0.0000  0.0000
260 180  0.0000  0.0000  0.0000
268 180  0.0000  0.0000  0.0000
276 180  0.0000  0.0000  0.0000
284 180  0.0000  0.0000  0.0000
292 180  0.0000  0.0000 11.1304
  4 188  0.0000  0.0000 11.1304
 12 188  0.0000  0.0000  0.0000
 20 188  0.2081  0.1864  9.6241
 28 188  0.0000  0.0000  0.0000
 36 188 -1.5000  0.0000  8.2581
 44 188  0.0000  0.0000  0.0000
 52 188  0.5000  0.0000 11.1304
 60 188  0.0000  0.0000  0.0000
 68 188  0.0000  0.0000 16.1088
 76 188  0.0000  0.0000  8.0000
 84 188  0.0000  0.0000  8.2581
 92 188  0.0000  0.0000  0.0000
100 188  0.0000  0.0000 19.1045
108 188  0.0000  0.0000  0.0000
116 188  0.0000  0.0000  0.0000
124 188  0.0000  0.0000 11.1304
132 188  0.0000  0.0000 11.1304
140 188  0.0000  0.0000 11.1304
148 188  0.0000  0.0000 11.1304
156 188  0.0000  0.0000  0.0000
164 188  0.0000  0.0000 13.3260
172 188  0.0000  0.0000  0.0000
180 188  0.0000  0.0000 16.1088
188 188  0.0000  0.0000  0.0000
196 188  0.0000  0.0000 11.1304
204 188  0.0000  0.0000 11.1304
212 188  0.2080 -0.2715 12.3107
220 188  0.0000  0.0000  0.0000
228 188  0.0000  0.0000  0.0000
236 188  0.0000  0.0000 16.1088
244 188  0.0000  0.0000  0.0000
252 188  0.0000  0.0000  0.0000
260 188  0.0000  0.0000  0.0000
268 188  0.0000  0.0000 11.1304
276 188  0.0000  0.0000 11.1304
284 188 -0.5000  0.0000  8.8276
292 188  0.0000  0.0000  0.0000
  4 196  0.0000  0.0000  0.0000
 12 196  0.0000  0.0000  0.0000
 20 196  0.0000  0.0000 11.1304
 28 196  0.0000  0.0000 11.1304
 36 196  0.0000  0.0000 11.1304
 44 196  0.0000  0.0000  0.0000
 52 196  0.0000  0.0000 11.1304
 60 196  0.0000  0.0000 16.1088
 68 196  0.0000  0.0000 19.4783
 76 196  0.0000  0.0000 11.1304
 84 196 -0.1960 -0.5000 11.1304
 92 196  0.0000  0.0000 11.1304
100 196  0.0000  0.0000 11.1304
108 196  0.0000  0.0000  0.0000
116 196  0.0000  0.0000  0.0000
124 196 -0.5000  0.0000 11.1304
132 196  0.0000  0.0000  0.0000
140 196  0.0000  0.0000  0.0000
148 196  0.0000  0.0000  0.0000
156 196  0.0000  0.0000  0.0000
164 196  0.0000  0.0000 13.1731
172 196  0.0000  0.0000  0.0000
180 196  0.0000  0.0000  0.0000
188 196  0.0000  0.0000  0.0000
196 196  0.0000  0.0000 11.1304
204 196  0.0000  0.0000  0.0000
212 196  0.0000  0.0000  0.0000
220 196  2.5000 -0.0391  9.3822
228 196  0.0000  0.0000 11.1304
236 196  0.0000  0.0000  0.0000
244 196  0.0000 -0.5000  8.8276
252 196  0.0000  0.0000 11.1304
260 196  0.0000  0.0000 11.1304
268 196  0.0000  0.0000  0.0000
276 196  0.0000  0.0000  0.0000
284 196  0.0000 -0.5000  8.8276
292 196  0.0000  0.0000 11.1304
  4 204  0.0000  0.0000 11.1304
 12 204  0.0000  0.0000 11.9011
 20 204  0.0000  0.0000 11.9011
 28 204 -0.0677 -0.2414 11.7124
 36 204  0.0000  0.0000 11.1304
 44 204  0.0000  0.0000 16.1088
 52 204  0.0000  0.0000  0.0000
 60 204  0.0000  2.5000  8.8276
 68 204  0.0000  0.0000  0.0000
 76 204 -0.5000  0.0000  8.8276
 84 204  0.0000  0.0000 16.1088
 92 204  0.0000 -2.0000 11.1304
100 204 -0.5000  4.5000  4.0635
108 204  0.0000  0.0000 11.1304
116 204  0.0000  0.0000 16.1088
124 204  0.0000  0.0000 16.1088
132 204  0.0000  0.0000  0.0000
140 204  0.0000  0.0000  0.0000
148 204  0.0000  0.0000  0.0000
156 204  0.0000  0.0000  0.0000
164 204  0.0083  0.0418 11.2576
172 204  0.0000  0.0000  0.0000
180 204  0.0000  0.0000 11.1304
188 204  0.0000  0.0000 11.1304
196 204  0.0000  0.0000 11.1304
204 204  0.0000  0.0000 11.1304
212 204  0.0000  0.0000  0.0000
220 204  0.0000  0.0000 16.1088
228 204  0.0000  0.0000  0.0000
236 204  0.0000  0.0000  0.0000
244 204  1.3070 -0.0337 12.4709
252 204  0.0000  0.0000  0.0000
260 204  0.0000  0.0000  0.0000
268 204  0.0000  0.0000 11.1304
276 204  0.0000  0.0000 11.1304
284 204  0.0000  0.0000  0.0000
292 204  0.0000  0.0000 11.1304
  4 212  0.0000  0.0000 11.1304
 12 212  0.0000  0.0000 11.1304
 20 212  0.0000  0.0000 11.1304
 28 212  0.0000  0.0000 11.1304
 36 212  0.0000  0.0000 11.1304
 44 212  0.0000  0.0000 16.1088
 52 212  0.0000  0.0000 11.1304
 60 212  2.5000  0.1588 10.5785
 68 212  0.0000  0.0000  0.0000
 76 212  0.0000  0.0000  0.0000
 84 212  0.0000  0.0000  0.0000
 92 212  0.0000  0.0000  0.0000
100 212 -1.0000  0.0000  8.2581
108 212  0.0000  0.0000 11.1304
116 212  0.0000  0.0000 19.1045
124 212  0.0000  0.0000  9.2850
132 212  0.0000  0.0000  0.0000
140 212  0.0000  0.0000 11.1304
148 212  0.0000  0.0000  0.0000
156 212  0.0000  0.0000 11.1304
164 212  0.0000  0.0000 12.0628
172 212  0.0000  0.0000 11.1304
180 212  0.0000  0.0000 11.1304
188 212  0.0000  0.0000 11.1304
196 212  0.0000  0.0000 11.1304
204 212  0.0000  0.0000  0.0000
212 212  0.0000  0.0000  0.0000
220 212  0.0000  0.0000  0.0000
228 212  0.0000  0.0000 19.1045
236 212  0.0000  0.0000 19.1045
244 212  0.0000  0.0000  8.2581
252 212  0.0000  2.5000  8.8276
260 212  0.0000  0.0000 11.1304
268 212  0.0000  0.0000  0.0000
276 212  0.0000  0.0000  0.0000
284 212  0.0000  0.0000  0.0000
292 212  0.0000  0.0000 11.1304
  4 220  0.0000  0.0000 19.1045
 12 220  0.0000  0.0000 11.1304
 20 220  0.0000  0.0000 11.1304
 28 220  0.0000  0.0000  0.0000
 36 220  0.0000  0.0000  0.0000
 44 220  0.3290 -2.8274  8.0000
 52 220  0.0000  0.0000  0.0000
 60 220  0.0000  0.0000  0.0000
 68 220  0.0000  0.0000 16.1088
 76 220  0.0000  0.0000  0.0000
 84 220  0.0000  0.0000  0.0000
 92 220  0.0000  0.0000  0.0000
100 220  2.5000  0.0000  8.8276
108 220 -1.3070 -0.0337 12.4709
116 220  0.0000  0.0000  8.4768
124 220  0.0000  0.0000  9.2850
132 220  0.0000  0.0000  0.0000
140 220  0.0000  0.0000  0.0000
148 220  0.0000  0.0000  0.0000
156 220  0.0000  0.0000  0.0000
164 220  0.0000  0.0000 11.1304
172 220  0.0000  0.0000 11.1304
180 220  0.0000  0.0000  0.0000
188 220  0.0000  0.0000  0.0000
196 220  0.0000  0.0000 11.1304
204 220  0.0000  0.0000 11.1304
212 220     NaN  0.0000 17.0667
220 220  0.0000  0.0000  0.0000
228 220  5.3223  2.5000  5.4468
236 220     NaN     NaN  8.3934
244 220  0.0000  0.0000  0.0000
252 220  0.3577  0.0000 13.4737
260 220  0.0000  0.0000 11.1304
268 220  0.0000  0.0000 11.1304
276 220  0.0000  0.0000  0.0000
284 220  0.0000  0.0000 11.1304
292 220  0.0000  0.0000  0.0000
