VARIABLES= "X pix", "Y pix", "U pix/dt", "V pix/dt", "CHC", ZONE I=28, J=37
  4   4  0.0748  0.0000 10.6915
 12   4  0.0300  0.0000 10.8649
 20   4  0.0055  0.0000 10.9708
 28   4  0.0000  0.0570 11.2869
 36   4 -0.0037  0.0000 10.9708
 44   4 -0.0089  0.0000 11.0456
 52   4 -0.0043 -0.0027 10.9447
 60   4  0.0063 -0.0140 10.9683
 68   4  0.0358 -0.0013 10.9144
 76   4 -0.1947  0.0000 10.9708
 84   4 -0.2953  0.0000 10.9734
 92   4 -0.0064  0.0431 11.3140
100   4 -0.0017  0.0148 13.6689
108   4  0.2635  0.0000 13.5605
116   4  0.1634  0.0000 11.7754
124   4  0.1409  0.0000 11.0456
132   4  0.1573  0.0000 11.6559
140   4  0.0954  0.0000 10.9762
148   4  0.0277  0.0000 11.7754
156   4 -0.0107  0.0000 11.9483
164   4 -0.0302  0.0000 11.7754
172   4 -0.0347  0.0000 11.7754
180   4 -0.0315  0.0000 11.7754
188   4 -0.0202  0.0000 10.8101
196   4  0.0002  0.0000 11.7754
204   4  0.0033 -0.0026 11.5517
212   4 -0.0449 -0.0696 11.8171
220   4  0.0612  0.0674 11.3776
228   4  0.0485  0.1583 10.0302
236   4  0.0030 -0.0129 10.4338
244   4 -0.0077  0.0000  9.5228
252   4 -0.0015  0.0000 10.7394
260   4  0.0115  0.0000 10.9096
268   4 -0.0074 -0.0010 11.0400
276   4 -0.0795 -0.0436 11.9606
284   4  0.0000 -0.0446 12.0813
292   4 -0.0202  0.0000 11.7813
  4  12 -0.0493  0.0120 11.7738
 12  12  0.0496 -0.0738 11.7680
 20  12 -0.0233 -0.2862 12.4136
 28  12  0.0520  0.0150 11.7597
 36  12  0.3452 -0.0388 12.8505
 44  12  0.0000  0.4453 12.5902
 52  12  0.0432  0.0000 19.5032
 60  12  0.1143 -0.0020 10.1999
 68  12  0.0232  0.0118 22.5803
 76  12 -0.0108  0.0000 13.4231
 84  12  0.0000  0.1008  9.6212
 92  12 -0.0113  0.0000  9.2322
100  12 -0.0116  0.0000  9.3216
108  12 -0.0217  0.0000 11.9353
116  12 -0.0370  0.0000 11.1743
124  12 -0.0178  0.0000 14.1378
132  12 -0.0320  0.0000 11.9483
140  12 -0.0326  0.0000 11.1807
148  12  0.0000  0.0826 11.4939
156  12  0.0019  0.0000 13.2108
164  12 -0.0372 -0.0070 14.0167
172  12 -0.0218  0.0000  9.5385
180  12 -0.0022  0.0481 11.4424
188  12  0.0437 -0.0467 12.3411
196  12  0.0622  0.0103  9.9263
204  12  0.0872  0.0219 10.1214
212  12 -0.0132 -0.0225 13.1884
220  12 -0.0232 -0.0616 17.3580
228  12  0.0981  0.0482 10.7058
236  12  1.5000 -0.1788  6.6466
244  12  0.6756  0.0000 12.2835
252  12  0.1554  0.0000 14.1716
260  12 -0.0036  0.0975 10.5972
268  12 -0.0704  0.0000 10.9347
276  12 -0.0035  0.0054  9.6935
284  12  0.0437  0.1228  7.5352
292  12 -0.0690  0.0000  7.2957
  4  20 -0.0482 -0.0016 15.8730
 12  20  0.0262 -0.0061 12.3264
 20  20  0.0000 -0.0595 11.7851
 28  20  0.0137  0.0000 13.0721
 36  20 -0.0074  0.0000 12.9346
 44  20 -0.0610  0.0000 11.3355
 52  20  0.0055 -0.0461 12.2185
 60  20 -0.0311  0.0067 17.5363
 68  20 -0.0276  0.0023 16.3899
 76  20 -0.0204  0.0000 17.2385
 84  20  0.0018 -0.0178 15.8133
 92  20 -0.0106  0.0063 13.4817
100  20 -0.0048 -0.0371 11.4929
108  20 -0.0006  0.0000 10.4093
116  20  0.0219  0.0000 13.3714
124  20  0.0203  0.0000 13.1115
132  20  0.0000  0.0597 13.5368
140  20  0.0062  0.0112 12.9384
148  20 -0.0052  0.0000 13.8149
156  20  0.0062 -0.0017 12.9330
164  20 -0.0045 -0.0169 13.6686
172  20  0.0732  0.0000 15.4880
180  20 -0.0669 -0.0042 12.6639
188  20 -0.0172  0.0003 18.1799
196  20 -0.0334 -0.0122 16.3142
204  20 -0.0064 -0.0207 18.9906
212  20 -0.0159  0.0105 19.3375
220  20 -0.1529  0.0259 21.8214
228  20  0.0132  0.0523  9.7551
236  20 -0.0341  0.3924 10.2926
244  20  0.0000  0.0465 12.0438
252  20  0.0400  0.0409 12.9783
260  20  0.0167 -0.1207  8.9665
268  20 -0.1026  0.0821 11.7824
276  20  0.0860  0.1863  7.8387
284  20  0.0942 -0.0692 13.0891
292  20  0.0288  0.0000 15.5297
  4  28  0.0000  0.0450 11.3634
 12  28 -0.0063  0.0000 11.1467
 20  28 -0.0179 -0.0006 11.1612
 28  28 -0.0116  0.0000 10.5300
 36  28 -0.0125  0.0000 11.0086
 44  28  0.0049  0.0000 10.6606
 52  28  0.0012  0.0000 10.3396
 60  28 -0.0017 -0.0003 10.1021
 68  28 -0.0122  0.0037 10.6319
 76  28  0.0072  0.0170 10.7599
 84  28 -0.0075  0.0019 10.0390
 92  28  0.0016 -0.0194  9.9286
100  28 -0.0186  0.0074 11.2025
108  28 -0.0345  0.0000 15.0868
116  28 -0.0083  0.0000  9.1256
124  28 -0.0074  0.0003 10.2089
132  28 -0.0161 -0.0201  8.8950
140  28 -0.0143  0.0011  9.4749
148  28 -0.0129  0.0008  9.6211
156  28  0.0026 -0.0124 21.5131
164  28 -0.0349  0.0000 15.8363
172  28 -0.0097 -0.0169 12.9043
180  28 -0.0036 -0.0099 19.2732
188  28 -0.0214 -0.0031 25.0683
196  28 -0.0004 -0.0025  9.1857
204  28  0.0117  0.0011  9.6289
212  28 -0.0015 -0.0004 10.6824
220  28 -0.0025  0.0155 10.9583
228  28  0.0062 -0.0151 10.0191
236  28  0.0065 -0.0004  9.5143
244  28  0.0106 -0.0009 10.2246
252  28  0.0496  0.0000  9.6512
260  28 -0.0082  0.0027 18.8034
268  28  0.0051 -0.0134 15.2356
276  28  0.0089  0.0037 23.8029
284  28  0.0062  0.0002 17.2939
292  28  0.0004 -0.0000 13.0673
  4  36 -0.0295  0.0000  8.1287
 12  36 -0.0143 -0.0003  8.2548
 20  36  0.0064  0.0000  6.9792
 28  36  0.0108 -0.0250  6.5498
 36  36  0.0278  0.4038  6.1375
 44  36  0.0200  0.0000  6.5849
 52  36  0.0319  0.0000  6.9763
 60  36  0.0000  0.1622  9.2890
 68  36 -0.0828 -0.0480  8.7388
 76  36 -0.0172 -0.0232  8.8150
 84  36  0.0801  0.0000 13.6955
 92  36  0.0000  0.0116 10.2926
100  36 -0.0895  0.0084  7.5284
108  36  0.0465  0.0000  8.0664
116  36 -0.0000 -0.0389  7.8880
124  36  0.1735 -0.0410  6.1883
132  36  0.0300  0.2402 12.9076
140  36  0.0570  0.0000  9.4208
148  36 -0.0072 -0.1454 10.6516
156  36  0.0260  0.0184 11.9681
164  36  0.0157  0.0620 11.0674
172  36  0.0014  0.0088 25.9693
180  36  0.0145 -0.0048 13.0355
188  36  0.0015 -0.0047 11.9123
196  36 -0.0443  0.0000 14.5176
204  36  0.1330 -0.0336 14.9757
212  36  0.0123  0.0000 13.3851
220  36 -0.2149  0.0041 15.0385
228  36 -0.1409  0.0000 11.0903
236  36 -0.0689  0.0000 11.0903
244  36  0.0000  0.3309 10.5785
252  36  0.0248 -0.0297 13.4174
260  36 -0.1611 -0.0723 10.9020
268  36 -0.0270 -0.4480  8.4554
276  36  0.0574 -0.0062 10.6497
284  36 -0.0179  0.0000  7.4067
292  36 -0.0952  0.0044  8.8163
  4  44  0.0894  0.0000  8.9379
 12  44  0.2917  0.1458  6.4199
 20  44  0.3503  0.0472 10.0552
 28  44  0.0928 -0.0078 15.7880
 36  44  0.2709  0.1673 13.4664
 44  44  0.2165  0.0000 13.0603
 52  44  0.0808  0.0000 10.3707
 60  44  0.0153  0.0000  8.8816
 68  44  0.1533 -0.0501  8.5005
 76  44 -0.1188 -0.1450  6.7884
 84  44 -0.1403  0.0000 12.5445
 92  44 -0.0639  0.0000 11.1304
100  44 -0.3639  0.0000  8.0000
108  44 -0.9017  0.0000 12.0628
116  44 -1.6356  0.1134 12.2702
124  44 -0.6797  0.0000 16.6957
132  44  0.1211 -0.9236  8.0688
140  44  0.1537  0.0000  0.0000
148  44  0.0625  0.0000  6.4291
156  44  0.0089  0.0071 16.7683
164  44 -0.0149 -0.0006  9.7655
172  44  0.0026  0.0045 10.8392
180  44  0.1207  0.0000 10.3556
188  44  0.0113 -0.0142 15.6793
196  44  0.0926 -0.0528  9.3569
204  44  0.1484  0.0233  8.4565
212  44 -0.0084  0.1143  7.8033
220  44 -0.0631  0.0000  9.1118
228  44  0.0647  0.0292 12.0913
236  44 -0.0112  0.1393 11.3788
244  44  0.1281 -0.0057 12.5418
252  44 -0.1101  0.1226 14.1362
260  44 -0.2779  0.0819  7.0459
268  44  0.0845  0.0629 14.7829
276  44 -0.2907 -0.0403 10.5761
284  44 -0.2985  0.0000 13.8188
292  44  0.1527  0.0000 11.0903
  4  52  0.1229  0.0000 10.5606
 12  52  0.0000  0.0000  9.0597
 20  52 -0.0781  0.0268  7.8084
 28  52 -0.3221  0.0000  9.2850
 36  52 -0.7001  0.0000 12.5445
 44  52 -0.9802  0.0000  0.0000
 52  52 -0.4377  0.0000  0.0000
 60  52  0.0258  0.0000  0.0000
 68  52  0.1798  0.0000 11.1304
 76  52  0.3714  0.0000 16.1088
 84  52  0.2964  0.0000 16.1088
 92  52  0.2378  0.0000 11.1304
100  52  0.2274  0.0000  0.0000
108  52  0.3309  0.0637  7.1846
116  52  0.0955  0.0000  8.2581
124  52 -0.0405  0.0000 16.1088
132  52 -0.1065  0.0000  0.0000
140  52 -0.1262  0.0000  0.0000
148  52 -0.0000  0.0000  6.4451
156  52 -0.0024  0.0097 18.1067
164  52  0.0094  0.0115 14.9179
172  52 -0.0198 -0.0122  9.7686
180  52 -0.0013  0.0098 16.8823
188  52 -0.0007 -0.0199 13.3928
196  52 -0.2297 -0.1027  8.4753
204  52 -0.7552  0.0000  0.0000
212  52 -0.8747  0.0000 15.6775
220  52  0.2259 -0.0134 13.2809
228  52  0.3793  0.0000 17.6152
236  52  0.3355  0.0000 13.3851
244  52 -0.0422  0.0000 10.6057
252  52 -0.0615 -0.0216 12.8420
260  52 -0.1540  0.0219  8.1585
268  52 -0.1333  0.0666  9.0547
276  52  0.0044  0.0049  9.8259
284  52 -0.0252  0.0073 17.8605
292  52 -0.0335  0.0261  6.9040
  4  60  0.5000  0.0000  8.4768
 12  60  0.3927  0.0000 11.1304
 20  60  0.3674  0.0000  0.0000
 28  60  0.1995  0.0000 11.1304
 36  60  0.1297  0.0000  0.0000
 44  60 -0.0914  0.0000  0.0000
 52  60 -0.2946  0.0000  0.0000
 60  60 -0.3628  0.0000  0.0000
 68  60 -0.0419  0.0000  0.0000
 76  60  1.0106  0.0000 11.1304
 84  60  0.4043 -0.4043  8.0000
 92  60 -0.2562 -0.1718 13.7043
100  60  0.0613  0.0000  8.4768
108  60  0.7576  0.0000 11.1304
116  60  1.5000  0.0000  8.2581
124  60  0.3462  0.0000 16.1088
132  60 -0.8672  0.0000  0.0000
140  60 -1.6568 -0.1450  6.0664
148  60  0.0062 -0.0147  6.7329
156  60  0.3229  0.0000  8.3200
164  60  0.0000 -0.0000  8.2747
172  60  0.0000  0.0118  7.4018
180  60 -0.0012 -0.0062  7.0743
188  60  0.0286  0.0000  6.4511
196  60  0.1070 -0.1499  7.1976
204  60 -0.3730  0.0000  7.3911
212  60 -0.2264 -1.7826  8.1086
220  60 -0.6455  0.0000  0.0000
228  60 -0.2093  0.0000  0.0000
236  60  0.0612  0.8768  9.4815
244  60  0.4145  0.0000  9.0168
252  60  0.0202  0.0745  9.8807
260  60 -0.0872  0.0000 10.8982
268  60 -0.2841  0.0000 10.6057
276  60 -0.4832  0.0000 16.6956
284  60 -0.5678  0.0000 20.7059
292  60 -0.1353 -0.0199  8.9863
  4  68  2.5000 -0.5000  4.0635
 12  68  1.2669  0.0000  0.0000
 20  68  0.0188  0.0000  0.0000
 28  68  0.0116  0.0000  0.0000
 36  68  0.5393  0.0000  0.0000
 44  68  0.8401  0.0000 11.1304
 52  68  0.3259  0.0000  0.0000
 60  68 -0.2517  0.0000 11.1304
 68  68 -0.5491  0.0000  0.0000
 76  68  0.3610 -0.3610  5.9535
 84  68  0.1841 -0.0418 12.3683
 92  68 -1.3628  1.0000  8.2202
100  68  0.2780  0.1270 13.3759
108  68  0.0709  0.0000 11.1304
116  68 -0.1393  0.0000 11.1304
124  68 -0.2937  0.0000 11.1304
132  68  0.0000 -0.5000  8.8276
140  68  4.5000 -0.5000  4.0635
148  68  0.0152  0.0197 12.1354
156  68 -0.2396  0.0000 11.1304
164  68  0.1435  0.0000 16.1088
172  68  0.7819  0.2813  9.6460
180  68 -0.1272 -0.0604 11.8601
188  68 -0.0917  0.0000 11.1304
196  68 -0.2884  0.0000  0.0000
204  68 -0.3851  0.0000  0.0000
212  68 -0.3276  0.0000  0.0000
220  68  0.1757  0.0000  0.0000
228  68  1.3633  0.0000  0.0000
236  68  0.5757  0.0000  0.0000
244  68 -0.6329  0.0000  0.0000
252  68 -0.4464  0.0000 11.1304
260  68  0.0000  0.1131  8.2581
268  68 -0.0364  0.3502 10.4388
276  68  0.0573 -0.0361 10.8497
284  68  0.2437 -0.0169  9.8462
292  68  0.0597  0.1045 15.8334
  4  76  0.2508  0.0000 11.1304
 12  76 -0.1906  0.0000 11.1304
 20  76 -1.4742  0.0000  0.0000
 28  76  0.6452  0.0000 11.1304
 36  76  0.2347  0.0000  0.0000
 44  76 -0.1631  0.0000 16.7450
 52  76 -0.4212  0.0000  9.5632
 60  76 -0.5000  0.0000  8.8276
 68  76  0.0000 -0.0440 19.4473
 76  76 -0.0601 -0.2928  7.5080
 84  76  0.0000  0.0000  8.3338
 92  76 -0.0598 -0.0561 22.5256
100  76  0.3972  0.0000 16.1088
108  76  0.2202  0.0000 13.5576
116  76  0.2907 -0.0403 10.5761
124  76 -0.1841 -0.0418 12.3683
132  76 -0.1863  0.0000 12.0628
140  76 -0.1314  0.0000 11.9011
148  76  0.1138 -0.1378 11.4627
156  76  0.4321  0.0000 16.1088
164  76 -0.1912  0.0000 12.4272
172  76 -1.5000  0.0000  8.2581
180  76 -0.6717  0.0000 19.1045
188  76 -0.4113  0.0000 16.1088
196  76 -0.2533  0.0000 11.1304
204  76 -0.0226  0.0000  0.0000
212  76  0.2009  0.0000  0.0000
220  76  0.1780  0.0000  0.0000
228  76  0.1197  0.0000  0.0000
236  76 -0.3445  0.0000  0.0000
244  76 -1.2214 -0.1277  5.4468
252  76  1.0181  0.0000  0.0000
260  76  0.4980  0.0000  0.0000
268  76 -0.0353  0.0000 11.1304
276  76 -0.1760  0.0000 15.0588
284  76 -0.2500  0.0000  0.0000
292  76  0.0000  1.5000  7.8528
  4  84  0.0052  0.0000 11.1304
 12  84  0.0141  0.0000  0.0000
 20  84 -0.0054  0.0000 11.1304
 28  84  0.1997  0.0000  0.0000
 36  84  0.2093  0.0299 13.0089
 44  84  0.0664  0.0000  7.3911
 52  84 -0.3145  0.0264 11.0777
 60  84 -0.0358  0.0471  9.9631
 68  84 -0.0475  0.0000  9.1298
 76  84 -0.0151 -0.2751 13.3565
 84  84  0.0446  0.0000  9.3822
 92  84 -0.1012 -0.0458 14.0274
100  84 -0.0952  0.0000  0.0000
108  84  0.6900  0.0000  0.0000
116  84 -0.2592  0.0000 11.1304
124  84 -0.1616  0.0000  0.0000
132  84  0.0011  0.0000  0.0000
140  84  0.1215  0.0000  0.0000
148  84  0.1225  0.0000 12.1315
156  84  0.0698  0.0000 11.1304
164  84 -0.3127 -0.1061  9.8739
172  84 -0.8702  0.0000 11.1304
180  84  1.2012  0.0000 11.1304
188  84  0.8436  0.0000  0.0000
196  84  0.0000  2.5000  8.8276
204  84 -0.1307  0.0000  0.0000
212  84 -0.0485  0.0000  0.0000
220  84  0.0770  0.0000  0.0000
228  84  0.0650  0.0000  0.0000
236  84  0.0121  0.0000  0.0000
244  84 -0.0183  0.0000  0.0000
252  84  0.0472  0.0000  0.0000
260  84  0.0676  0.0000 11.1304
268  84 -0.0551  0.0000 11.1304
276  84 -0.2434  0.0000 16.1088
284  84 -0.1306  0.0000  0.0000
292  84 -0.1134  0.0000 11.1304
  4  92 -0.1261  0.0000  0.0000
 12  92 -0.1380  0.0000  0.0000
 20  92  0.0267  0.0000 15.2515
 28  92  1.0078  0.0000 16.1088
 36  92  2.5000  0.0000  8.8276
 44  92 -0.3543  0.0608 10.2210
 52  92  0.0417  0.1134  7.3143
 60  92  0.0752  0.0000  7.2215
 68  92  0.0490 -0.0208 13.3167
 76  92  0.0079  0.0101 10.3928
 84  92  0.1405  0.0000 11.0712
 92  92 -0.0676  0.0000  9.7047
100  92 -0.4594  0.0000  8.6413
108  92  0.9299  0.0000  9.4208
116  92  1.5391  0.0000 19.4783
124  92  0.2963  0.0000  0.0000
132  92  0.0046  0.0000  0.0000
140  92  0.1841 -0.0418 12.3683
148  92  0.1907  0.0000 10.1191
156  92  0.1105  0.0000 11.1304
164  92  0.0000  2.5000  8.9154
172  92 -0.0772  0.0000  0.0000
180  92 -0.0896  0.0000  0.0000
188  92 -0.0126  0.0000  0.0000
196  92 -0.0766  0.0000 11.1304
204  92 -0.1983  0.0000 11.1304
212  92 -0.1688  0.0000  0.0000
220  92 -0.1586  0.0000 11.1304
228  92 -0.1810  0.0000  0.0000
236  92 -0.3369  0.0000  0.0000
244  92 -0.5000  0.1588 10.5785
252  92  0.1960  2.5000 11.1304
260  92  1.2160  0.0000  0.0000
268  92  0.1465  0.0000  0.0000
276  92  0.1256  0.0000  0.0000
284  92  0.0798  0.0000 16.1088
292  92 -0.0703  0.0000 11.1304
  4 100 -0.2010  0.0000 16.0505
 12 100  0.1140  0.0528 10.0735
 20 100  0.1282  0.0000 22.2609
 28 100 -0.0662 -0.0834 11.6822
 36 100  0.0753 -0.0464  7.9305
 44 100  2.5000 -2.1588 10.5785
 52 100  0.1841 -0.0418 12.3683
 60 100 -0.0342  0.0374  7.7576
 68 100  0.4089  0.3453  6.7825
 76 100  0.1365  0.0000 11.1304
 84 100  0.0560  0.0000  0.0000
 92 100  0.0528  0.0000  0.0000
100 100 -0.1407  0.0000  0.0000
108 100 -0.2515  0.0000 16.1088
116 100  0.0000  2.5000  8.8276
124 100  0.0385  0.0000 11.1304
132 100 -0.0610  1.0000  8.9210
140 100 -0.0726  0.0000 11.1304
148 100 -0.1220  0.0000 16.1088
156 100 -0.0696  0.0812 10.9765
164 100 -0.1050  0.0000  0.0000
172 100 -0.1857  0.0000 16.1088
180 100  0.2469 -0.2353 13.4737
188 100  0.5420  0.0000 16.1088
196 100  0.2411  0.0000  0.0000
204 100  0.2741  0.0000  0.0000
212 100  0.2084  0.0000  0.0000
220 100 -0.0800  0.0000  0.0000
228 100 -0.5769  0.0000 11.1304
236 100 -1.0000  0.0677  9.9740
244 100  0.0000  2.5000  8.8276
252 100  0.4651  0.0000  0.0000
260 100  0.0952  0.0000  0.0000
268 100  1.4486  0.0000  0.0000
276 100  0.4603  0.0000  0.0000
284 100 -0.2116  0.0000  0.0000
292 100 -0.6603  0.0000 11.1304
  4 108 -0.7159  0.0000 11.1304
 12 108 -0.3859  0.0000  0.0000
 20 108 -0.0066 -0.1512 11.4038
 28 108 -0.2598  0.0000 10.2729
 36 108 -0.5000  0.1588 10.5785
 44 108 -0.0293  0.0000 20.7059
 52 108  0.3779  0.0000 11.1304
 60 108  0.4936  0.0000 11.1304
 68 108  0.2668  0.0000 11.1304
 76 108 -0.1273  0.0000 11.1304
 84 108 -0.2701  0.0000  0.0000
 92 108 -0.0264  0.3145 11.0777
100 108  0.0709  0.2332  9.2789
108 108 -0.0588  0.1540 12.1232
116 108  0.1571  0.0000 11.1304
124 108  0.1657  0.0000  0.0000
132 108  0.5000  0.0000  8.4768
140 108  0.5985  0.0000 16.1088
148 108  0.3988  0.0000 16.1088
156 108 -0.0812 -0.5000 10.1857
164 108 -0.5159  0.0000 11.1304
172 108 -0.1026  0.0000  0.0000
180 108  0.5000  0.0000 11.1304
188 108  0.0000  2.5000  8.8276
196 108  0.9238  0.0000  0.0000
204 108  0.5613  0.0000  0.0000
212 108 -0.3940  0.0000  0.0000
220 108 -1.9777  0.0000  0.0000
228 108 -1.8060  0.0000  0.0000
236 108 -1.0770  0.0000  0.0000
244 108 -0.4593  0.0000  0.0000
252 108 -0.3163  0.0000 11.1304
260 108 -0.1937  0.0000  0.0000
268 108  0.2869  0.0000 11.1304
276 108  1.0247  0.0000  0.0000
284 108  1.4113  0.0000 16.1088
292 108  0.9151  0.0000  0.0000
  4 116  0.0000 -0.5000  8.8276
 12 116 -0.6691  0.0000 16.1088
 20 116 -1.0756  0.0431  7.0865
 28 116  1.3695  0.0000 11.9011
 36 116  1.2574  0.0000  8.4768
 44 116  0.5622  0.0000 11.1304
 52 116  0.1047  0.0000 11.1304
 60 116  0.6341  0.0000  0.0000
 68 116  1.1636  0.0000 11.1304
 76 116  1.1649  0.0000 11.1304
 84 116  0.5703  0.0000 11.9011
 92 116  0.0000  1.0000  5.4468
100 116 -0.2371  0.0000 20.7059
108 116 -0.0868  0.0378 15.2803
116 116  0.6151  0.0000  0.0000
124 116  1.0361  0.0000 16.1088
132 116  0.9320  0.0000  0.0000
140 116  0.1151  0.1151 16.5161
148 116 -2.8274  0.3035  7.6077
156 116 -2.2000  0.0000 13.9426
164 116 -1.2695  0.0000  0.0000
172 116 -0.5833  0.0000 11.1304
180 116 -0.3176  0.0000 11.1304
188 116  0.0000 -0.1063  6.9728
196 116  0.4458  0.0000  0.0000
204 116  1.6985  0.0000  0.0000
212 116  2.6310  0.0000  0.0000
220 116  1.9388  0.0000  0.0000
228 116  1.0281  0.0000  0.0000
236 116  0.7116  0.0000 16.1088
244 116  1.6047  0.0000  0.0000
252 116  4.5000 -0.5000  4.0635
260 116  2.8465  0.0000  0.0000
268 116  1.0582  0.0000 11.1304
276 116  0.0000 -2.0000 11.1304
284 116  1.0000  0.0000 17.0667
292 116  2.0464  0.0000  0.0000
  4 124  2.1967  0.0000  0.0000
 12 124  1.1116  0.0000  8.8167
 20 124  0.3227 -0.0192 12.7310
 28 124 -0.5000  0.0000  8.8276
 36 124 -0.7653  0.0000  0.0000
 44 124  1.1838  2.5000  7.5779
 52 124  1.2148  0.0000  0.0000
 60 124  1.1674  0.0000  0.0000
 68 124  0.8843  0.0000  0.0000
 76 124  0.1841 -0.0418 12.3683
 84 124 -0.6412  0.0000  0.0000
 92 124 -0.5762  0.0000 11.1304
100 124 -0.2675  0.0000 16.1088
108 124 -0.4068  0.0000 16.1088
116 124 -0.3537  0.0000  0.0000
124 124 -0.0048 -0.0980 12.4508
132 124  1.8594  0.0000 11.1304
140 124  3.5000 -1.8181  8.5669
148 124  2.2988  0.0000 16.1088
156 124  1.4832  0.0000 11.1304
164 124  1.1361  0.0000  0.0000
172 124  1.3804  0.0000 17.0667
180 124  2.1930  0.0000 16.1088
188 124  1.7576  0.0000 11.1304
196 124  0.9241  0.0000  0.0000
204 124  0.7078  0.0000  0.0000
212 124  1.8429  0.0000 11.1304
220 124  3.2047  0.0000 16.1088
228 124  3.4318  0.0000 11.1304
236 124  1.0025  0.0000 11.1304
244 124 -0.0765  0.0000 11.1304
252 124 -0.5823  0.0000 11.1304
260 124 -0.8715  0.0000 13.1641
268 124  1.4080  0.0000 13.7892
276 124  1.1343  0.0000 11.1304
284 124  0.8940  0.0000 11.1304
292 124  0.5350  0.0000 11.1304
  4 132  0.0756 -0.3918  9.4815
 12 132 -0.2760  0.0000 11.1304
 20 132 -0.2233  0.0000 11.1304
 28 132  0.1151  0.1151 16.5161
 36 132 -0.4675 -0.3213  8.7489
 44 132 -0.4346  0.0000 11.1304
 52 132 -0.0283  0.0000  0.0000
 60 132  1.0137  0.0000  0.0000
 68 132  1.6055  0.0000 12.0628
 76 132  0.7427  0.0000 11.1304
 84 132  1.0371  0.0000  0.0000
 92 132  0.8216  0.0000  0.0000
100 132  0.1293  0.0000 11.1304
108 132 -0.6907 -0.2991  8.0688
116 132  0.0118 -0.0832 13.5116
124 132  0.1864  0.0103 10.3691
132 132  0.7145  0.0000 11.1304
140 132  2.0703  0.0000  0.0000
148 132  3.7347  0.0000  0.0000
156 132  4.5000  4.5000  4.0635
164 132  0.0000  4.5000  4.0635
172 132 -0.6762  0.0000  0.0000
180 132 -0.5446  0.0000 11.1304
188 132 -0.4795  0.0000  0.0000
196 132  1.2736  0.0000  0.0000
204 132  0.8733  0.0000  0.0000
212 132  0.4817  0.0000  0.0000
220 132  0.0000 -0.5000  8.8276
228 132 -0.2361  0.0000  0.0000
236 132 -0.4421  0.0000  0.0000
244 132 -0.5000  0.0000  8.8276
252 132 -0.2497  0.0000  0.0000
260 132 -0.4118  0.0000  0.0000
268 132 -0.3585  0.0000 11.1304
276 132 -0.1174  0.0000  0.0000
284 132  0.1929  0.0000  0.0000
292 132  0.0000 -0.5000  8.8276
  4 140 -1.1731 -0.0306 10.0981
 12 140  1.0263  0.0000  0.0000
 20 140  1.0313  0.0000 16.1088
 28 140  0.0479  0.0000 11.9011
 36 140 -0.8972  0.0000  0.0000
 44 140 -0.8016  0.0000  0.0000
 52 140 -0.5461  0.0000  0.0000
 60 140  0.0000  2.5000  8.8276
 68 140  1.0231  0.0000  8.0190
 76 140  1.9437  0.0000  0.0000
 84 140  1.8798  0.0000  0.0000
 92 140 -0.1952  0.0000  0.0000
100 140 -0.6296  0.0000  0.0000
108 140 -0.2057  0.0000  8.8514
116 140 -0.0000  0.0000  9.1934
124 140  0.9134  0.0000 11.1304
132 140  0.6107  0.0000  0.0000
140 140  0.3075  0.0000 11.1304
148 140 -0.0372  0.0000  0.0000
156 140 -0.3025  0.0000  0.0000
164 140 -0.5216  0.0000 13.3565
172 140 -0.5682  0.0000 11.1304
180 140 -0.4272  0.0000  0.0000
188 140 -0.3649  0.0000 11.1304
196 140 -0.2198  0.0000  0.0000
204 140 -0.0417  0.0000 11.1304
212 140  0.0000 -0.0637  6.1029
220 140 -0.0557 -0.0193 15.2661
228 140 -0.5000  4.5000  4.0635
236 140  2.5000 -0.2847 11.1304
244 140  1.5992  0.0000  0.0000
252 140  0.3065  0.0000  0.0000
260 140 -0.6998  0.0000 11.1304
268 140 -1.0508  0.0000  0.0000
276 140 -1.0638  0.0000 11.1304
284 140 -0.8083  0.0000 11.1304
292 140 -0.2842  0.0000 16.1088
  4 148 -0.0592 -0.5715  9.5761
 12 148 -0.5000  0.1588 10.5785
 20 148 -0.9049  0.0000 16.1088
 28 148 -0.8641  0.0000  0.0000
 36 148 -0.5000  0.0000  8.8276
 44 148 -0.0783  0.0000 11.1304
 52 148  0.4532  0.0000 11.1304
 60 148  0.3754  0.0000 12.0455
 68 148  0.2745  0.0000  0.0000
 76 148  0.0980  0.0000  0.0000
 84 148 -0.1954  0.0000  0.0000
 92 148 -0.5000 -0.5000  4.0635
100 148 -0.5635  0.0000 11.1304
108 148 -0.4802  0.0000  0.0000
116 148 -0.3324  0.0000 16.1088
124 148 -0.0828  0.0000  0.0000
132 148  0.1597  0.0000  0.0000
140 148  0.0255  0.0000  0.0000
148 148 -0.2937  0.0000  0.0000
156 148 -0.7307  0.0000  0.0000
164 148 -0.2220 -0.1529  9.0549
172 148  0.3223  0.0000  0.0000
180 148 -0.0640  0.0000  0.0000
188 148 -0.6811  0.0000 11.1304
196 148 -1.0954  0.0000  0.0000
204 148 -1.2954  0.0000  0.0000
212 148 -1.3070  0.0337 12.4709
220 148 -0.9626  0.0000  0.0000
228 148 -0.8297  0.0000  0.0000
236 148 -0.9738  0.0000  0.0000
244 148 -0.9931  0.0000  0.0000
252 148 -0.8424  0.0000  0.0000
260 148 -0.5619  0.0000  0.0000
268 148 -0.2512  0.0000  0.0000
276 148 -0.0076  0.0000  0.0000
284 148  0.1635  0.0000  0.0000
292 148  0.2888  0.0000 11.1304
  4 156  0.2941  0.2017 13.7014
 12 156  0.0000  0.7765  9.0353
 20 156 -0.3393  0.0000 11.9011
 28 156 -0.5000  0.0000  8.8276
 36 156 -0.5182  0.0000  0.0000
 44 156 -0.4121  0.0000 11.1304
 52 156 -0.1218  0.0000 16.1088
 60 156  0.3095 -0.2269  6.1440
 68 156  0.1287  0.0000  0.0000
 76 156 -0.1782  0.0000  0.0000
 84 156 -0.3874  0.0000  0.0000
 92 156  0.0000  2.5000  8.8276
100 156  0.0985  0.0000  0.0000
108 156 -0.1927  0.0788 17.1842
116 156 -0.6041  0.0000  0.0000
124 156 -0.9396  0.0000  0.0000
132 156 -1.1222  0.0000  0.0000
140 156 -1.1167  0.0000  0.0000
148 156 -0.8933  0.0000  0.0000
156 156 -0.7734  0.0000  0.0000
164 156 -0.7228  0.0000 11.1304
172 156 -0.6307  0.0000 11.1304
180 156 -0.5665  0.0000  0.0000
188 156 -0.4648  0.0000 11.1304
196 156 -0.3453  0.0000  0.0000
204 156 -0.3702  0.0000  0.0000
212 156  0.0000  2.5000  8.8276
220 156  0.2663  0.0000 22.2609
228 156  0.2660  0.0000  0.0000
236 156  0.0052  0.0000  0.0000
244 156 -0.2791  0.0000  0.0000
252 156 -0.4775  0.0000  0.0000
260 156 -0.6025  0.0000  0.0000
268 156 -0.6834  0.0000  0.0000
276 156 -0.6258  0.0000  0.0000
284 156 -0.3415  0.0000  0.0000
292 156  0.0000  2.5000  8.8276
  4 164 -0.0586  0.0000  0.0000
 12 164 -0.3173  0.0000  0.0000
 20 164 -0.1501  0.0000 17.2183
 28 164  0.0000 -0.5000  8.8276
 36 164 -0.1979  0.0000 11.1304
 44 164 -0.4598  0.0000 16.1088
 52 164 -0.6753  0.0000 14.5615
 60 164 -0.7787  0.0000 11.1304
 68 164 -0.7205  0.0000  0.0000
 76 164 -0.5000  0.1588 10.5785
 84 164 -0.4011  0.0000  0.0000
 92 164 -0.2270  0.0000 11.1304
100 164 -0.0596  0.0000  0.0000
108 164 -0.1800  0.0532  9.7244
116 164 -0.3035  0.0000  0.0000
124 164 -0.3764  0.0000  0.0000
132 164 -0.5381  0.0000  0.0000
140 164  0.1067  0.0000  0.0000
148 164  0.4334  0.0000 11.1304
156 164  0.3267  0.0000 11.1304
164 164  0.0000  0.3145  9.3674
172 164 -0.2390  0.0000  0.0000
180 164 -0.4256  0.0000 11.1304
188 164 -0.5933  0.0000  0.0000
196 164 -0.8660  0.0000  0.0000
204 164 -1.0490  0.0000  0.0000
212 164 -0.8065  0.0000  0.0000
220 164  0.2571  0.1311  7.2040
228 164  0.4674  0.0000  0.0000
236 164 -0.3406  0.0000  0.0000
244 164 -0.4057  0.0000  0.0000
252 164 -0.2724  0.0000  0.0000
260 164 -0.2566  0.0000  0.0000
268 164 -0.3159  0.0000  0.0000
276 164 -0.3937  0.0000 16.1088
284 164 -0.4408  0.0000  0.0000
292 164 -0.4158  0.0000  0.0000
  4 172 -0.3100  0.0000 11.1304
 12 172 -0.1746  0.0000  0.0000
 20 172  0.1443  0.0000  0.0000
 28 172  0.4681  0.0000  9.5738
 36 172  0.1540  0.0000 11.1304
 44 172 -0.2021  0.2860 10.7438
 52 172 -0.4421  0.0000  8.0000
 60 172 -0.5811  0.0000  0.0000
 68 172  0.4624  0.0000 11.1304
 76 172  0.8881  0.0000 11.1304
 84 172  0.5562  0.0000 11.1304
 92 172  0.1125  0.0000  8.2581
100 172 -0.1352  0.0000  0.0000
108 172 -0.2860  0.0000 16.1088
116 172 -0.3364  0.0000  0.0000
124 172 -0.6672  0.0000  0.0000
132 172 -0.8151  0.0000  0.0000
140 172  0.0000  2.5000  8.8276
148 172  4.5000 -0.5000  4.0635
156 172  2.4171  0.0000 15.9475
164 172 -0.1836  0.0000  8.4696
172 172 -0.5000  0.0000  8.8276
180 172 -0.4062  0.0000  0.0000
188 172 -0.2384  0.0000  0.0000
196 172 -0.1242  0.0000  0.0000
204 172 -0.0874  0.0000  0.0000
212 172 -0.1119  0.0000 11.1304
220 172 -0.1618  0.0000 16.1088
228 172 -0.2110  0.0000  0.0000
236 172 -0.2034  0.0000  0.0000
244 172  0.1000  0.0000  0.0000
252 172  0.3159  0.0000 11.1304
260 172  0.0971  0.0000 11.1304
268 172 -0.2806  0.0000  0.0000
276 172 -0.6307  0.0000 17.0667
284 172 -0.5000  0.0000  8.8276
292 172  1.1400  0.0000  0.0000
  4 180  1.7135  0.0000 19.1045
 12 180  0.8047  0.0000 20.7059
 20 180  0.1381  0.0000  9.4208
 28 180 -0.0414 -0.2230  9.9471
 36 180 -0.1825  0.2174 12.5315
 44 180  0.0561  0.2765  9.5419
 52 180 -0.2199  0.0000 17.0667
 60 180 -0.0834  0.0000 11.1304
 68 180  1.0328  0.0000  0.0000
 76 180  3.3504  0.0000 11.1304
 84 180  2.2429  0.0000 11.1304
 92 180  0.2851  0.0000 16.1088
100 180 -0.3877  0.0000 11.1304
108 180 -0.3700  0.0000  0.0000
116 180 -0.0906  0.0000  0.0000
124 180  0.1581  0.0000 11.1304
132 180  0.2791  0.0000 16.1088
140 180  0.2551  0.0000  0.0000
148 180  0.1380  0.0000  0.0000
156 180 -0.0472  0.0000  0.0000
164 180 -0.2730  0.0000 10.6474
172 180  0.0218  0.0000  0.0000
180 180  0.1252  0.0000  0.0000
188 180 -0.0954  0.0000  0.0000
196 180 -0.5000  4.5000  4.0635
204 180 -0.9670  0.0000  0.0000
212 180  0.0000 -0.5000  4.0635
220 180  2.1569  0.0000 19.4783
228 180  3.0082  0.0000  0.0000
236 180  0.7681  0.0000  0.0000
244 180 -0.0854  0.0000 11.1304
252 180  0.0723  0.0000  0.0000
260 180 -0.2506  0.0000  0.0000
268 180 -0.2531  0.0000  0.0000
276 180 -0.2468  0.0000  0.0000
284 180  0.0858  0.0000  0.0000
292 180  0.9610  0.0000  0.0000
  4 188  1.9494  0.0000 11.1304
 12 188  1.3274  0.0000 16.1088
 20 188  0.0000  2.5000  8.8276
 28 188 -0.4790  0.0000  0.0000
 36 188 -0.3330  0.0000 16.1088
 44 188  0.1313  0.0812 16.9211
 52 188  0.5175  0.0000 11.1304
 60 188  0.7054  0.0000  0.0000
 68 188  0.6571  0.0000 16.1088
 76 188  0.5271  0.0000  0.0000
 84 188  0.4043  0.4043  8.0000
 92 188  0.2281  0.0000  0.0000
100 188  0.2780  0.1270 13.3759
108 188  0.0996  0.0000 11.1304
116 188 -0.2625  0.0000  0.0000
124 188 -0.7524  0.0000  0.0000
132 188 -1.3624  0.0000  0.0000
140 188  0.5752  0.0000  0.0000
148 188  2.8784  0.0000  0.0000
156 188  4.5000 -0.5000  4.0635
164 188  0.0416  0.1675 12.5689
172 188 -0.4941  0.0000  0.0000
180 188  0.6915  0.0000  0.0000
188 188 -0.3688  0.0000  0.0000
196 188 -0.6171  0.0000  0.0000
204 188 -0.4781  0.0000 11.1304
212 188 -0.1151  0.1151 16.5161
220 188  0.5109  0.0000  0.0000
228 188  0.9233  0.0000  0.0000
236 188  0.5375  0.0000 11.1304
244 188 -0.5000  0.0000  8.8276
252 188 -0.6579  0.0000  0.0000
260 188 -0.3391  0.0000  0.0000
268 188  0.3183  0.0000  0.0000
276 188  0.9011  0.0000 11.1304
284 188  1.1371  0.0000 11.1304
292 188  0.9593  0.0000 11.1304
  4 196  0.7587  0.0000 11.1304
 12 196  0.6628  0.0000 11.1304
 20 196  0.6046  0.0000 11.1304
 28 196  0.5235  0.0000 11.1304
 36 196  0.1112  0.0000  8.2581
 44 196 -0.3875  0.0000  0.0000
 52 196 -0.9260  0.0000 11.1304
 60 196 -1.6328  0.0000 11.1304
 68 196  0.0418 -0.1521 12.6567
 76 196  1.5000  0.0000  8.2581
 84 196  2.4108  0.0000 11.1304
 92 196  0.2905  0.0000  0.0000
100 196 -0.2780  0.1270 13.3759
108 196  2.5000  0.0000  8.8276
116 196 -0.4043 -0.4043  8.0000
124 196 -0.7270  0.0000 11.1304
132 196 -0.5118  0.0000 11.1304
140 196 -0.1620  0.0000 11.1304
148 196  0.1799  0.0000  0.0000
156 196  0.2752  0.0000  0.0000
164 196  0.2730  0.0000 10.6474
172 196 -0.3479  0.0000  0.0000
180 196 -0.5598  0.0000  0.0000
188 196 -0.2699  0.0000  0.0000
196 196  0.5854  0.0000  0.0000
204 196  1.3291  0.0000 11.1304
212 196  1.5000  0.0000  8.2581
220 196  0.9970  0.0000  0.0000
228 196  0.6914  0.0000 17.0667
236 196  0.6701  0.0000  0.0000
244 196  0.8034  0.0000  0.0000
252 196  0.8121  0.0000  0.0000
260 196  0.1074  0.0000 11.1304
268 196 -0.4698  0.0000  0.0000
276 196 -0.9152  0.0000  0.0000
284 196 -1.5530  0.0000 11.1304
292 196 -0.0030  0.0000 11.1304
  4 204  0.8052  0.0000  0.0000
 12 204  1.2699  0.0000 16.1088
 20 204  0.8495  0.0000 16.1088
 28 204  1.3070  0.0337 12.4709
 36 204  2.5000  0.0000  8.8276
 44 204  0.7025  0.0000 11.1304
 52 204 -0.0803  0.0000  0.0000
 60 204 -0.1745  0.0000 16.1088
 68 204 -0.0300  0.0000  0.0000
 76 204 -0.0146  0.0000  8.0000
 84 204 -0.5000 -0.1588 10.5785
 92 204 -0.4089  0.0000  0.0000
100 204 -0.3927 -0.5000  8.9363
108 204 -0.4308  0.0000 11.1304
116 204 -0.1450 -2.6820  8.2581
124 204  0.9878  0.0000 11.1304
132 204  1.7719  0.0000  0.0000
140 204  1.4272  0.0000  0.0000
148 204  0.5469  0.0000  0.0000
156 204  0.2142  0.0000  0.0000
164 204  0.3093  0.0000 11.2521
172 204  0.7248  0.0000  0.0000
180 204  1.2035  0.0000  0.0000
188 204  0.0000 -0.1063  6.9728
196 204 -0.5000 -0.5000  4.0635
204 204 -0.6101  0.0000  0.0000
212 204 -0.9136  0.0000  0.0000
220 204 -0.1005  0.0000 11.1304
228 204  0.2067 -0.0326 12.0268
236 204  0.3468  0.0000  0.0000
244 204  0.4463  0.0000 11.1304
252 204  0.8975  0.0000  0.0000
260 204  1.3349  0.0000  0.0000
268 204  0.6674  0.0000 11.1304
276 204  0.1857  0.0000 11.1304
284 204  0.0594  0.0000 16.1088
292 204  0.1028  0.0000 19.1045
  4 212  0.0000  2.5000  8.8276
 12 212 -1.1838 -0.5000  7.5779
 20 212 -0.9880  0.0000 11.1304
 28 212 -0.5629  0.0000  0.0000
 36 212 -0.0819  0.0000  0.0000
 44 212  0.6466  0.0000 11.1304
 52 212  1.7652  0.0000 11.1304
 60 212  2.5000  0.0000  8.8276
 68 212  1.4325  0.0000 11.1304
 76 212 -0.0913  0.2044 18.7317
 84 212 -0.4942  0.0000  0.0000
 92 212 -0.4850  0.0000  0.0000
100 212  0.0000  2.5000  8.8276
108 212  1.5000  0.0448  8.9013
116 212 -0.1862  0.0000  0.0000
124 212 -0.3132  0.0000 11.1304
132 212  0.0965  0.0000  0.0000
140 212  0.3930  0.0000  0.0000
148 212 -0.5452  0.0000  0.0000
156 212 -0.6821  0.0000  0.0000
164 212 -0.7920 -0.3141  8.4131
172 212 -0.5803  0.0000 16.1088
180 212 -0.2350  0.0000  0.0000
188 212  0.0000  2.5000  8.8276
196 212  0.0615  0.0000 11.1304
204 212  0.0253  0.0000  0.0000
212 212 -0.0205  0.0000  0.0000
220 212 -0.1467  0.0000  0.0000
228 212 -0.5013  0.0000 11.1304
236 212 -1.2162  0.0000  0.0000
244 212 -1.1375  0.0000  0.0000
252 212 -0.5481  0.0000 16.1088
260 212  0.3270  0.0000  0.0000
268 212  1.3643  0.0000  0.0000
276 212  2.3372  0.0000  0.0000
284 212  2.6452  0.0000 16.1088
292 212  1.6574  0.0000 11.1304
  4 220  0.1403  0.0000 11.1304
 12 220 -0.9498  0.0000 11.1304
 20 220 -1.6075  0.0000 11.1304
 28 220 -1.7793  0.0000  0.0000
 36 220 -1.5568  0.0000 11.1304
 44 220 -2.3677  0.1145 12.8207
 52 220 -0.5000 -0.1588 10.5785
 60 220  1.0389  0.0000 11.1304
 68 220  2.2661  0.0000  0.0000
 76 220 -1.1741  0.0000 11.1304
 84 220 -1.6190  0.0000 11.1304
 92 220 -1.8797  0.0000 11.1304
100 220 -1.7508  0.0000 11.1304
108 220 -1.3994  0.0000  8.2581
116 220 -0.9821  0.0000 17.0667
124 220 -0.5137  0.0000  9.2850
132 220 -0.1882  0.0000  0.0000
140 220 -0.1326  0.0000  0.0000
148 220 -0.4110  0.0000 17.0667
156 220 -0.9753  0.0000  0.0000
164 220 -1.5337  0.0000  9.2850
172 220 -1.4615  0.0000  0.0000
180 220 -0.6427  0.0000  0.0000
188 220  0.7031  0.0000  0.0000
196 220  2.1793  0.0000 11.1304
204 220  3.2605  0.0000 11.1304
212 220  3.3878  0.0000  1.0000
220 220  2.3165  0.0000  0.0000
228 220  0.5000  0.0000 11.1304
236 220 -1.5132  0.0000  0.0000
244 220 -3.1374  0.0000  0.0000
252 220 -4.1114  0.0000 16.1088
260 220 -4.2526  0.0000 11.1304
268 220 -3.2200  0.0000 11.1304
276 220  0.0000 -0.5000  8.8276
284 220  2.4130  0.0000  0.0000
292 220  4.4827  0.0000  0.0000
