VARIABLES= "X pix", "Y pix", "U pix/dt", "V pix/dt", "CHC", ZONE I=28, J=37
  4   4 -0.0175 -0.0053 10.6754
 12   4 -0.0010 -0.0013 10.8677
 20   4  0.0000  0.0000 10.9708
 28   4  0.0000  0.0000 11.7274
 36   4  0.0000  0.0000 10.9708
 44   4  0.0437 -0.0128 10.9762
 52   4  0.0000  0.0127 11.0049
 60   4 -0.0025  0.0045 10.9353
 68   4 -0.0358  0.0013 10.9144
 76   4  0.0000  0.0000 10.9708
 84   4  0.0000  0.0000 10.9734
 92   4  0.0000  0.0000 11.8646
100   4  0.0017 -0.0148 13.6689
108   4  0.0000  0.0000 13.5605
116   4  0.0000  0.0000 11.7754
124   4  0.0000  0.0000 11.0456
132   4 -0.0039  0.0027 11.7121
140   4 -0.0099  0.0080 11.2668
148   4  0.0000 -0.0054 11.6920
156   4  0.0000  0.0000 11.9483
164   4  0.0000  0.0000 11.7754
172   4  0.0000  0.0000 11.7754
180   4  0.0000  0.0000 11.7754
188   4  0.0000  0.0568 11.2480
196   4  0.0000  0.0000 11.7754
204   4 -0.0574 -0.0013 11.5392
212   4 -0.0011  0.0572 11.8204
220   4  0.0000  0.0000 11.6726
228   4 -0.0046 -0.0258 11.0357
236   4 -0.0030  0.0129 10.4338
244   4  0.0000  0.0000  9.5228
252   4  0.0000  0.0000 10.7394
260   4 -0.0063 -0.0081 10.9160
268   4 -0.0156 -0.0454 10.5162
276   4  0.0000  0.0084 11.9282
284   4 -0.0160  0.0136 11.8498
292   4  0.0000  0.0000 11.7813
  4  12 -0.0789 -0.0033 11.5648
 12  12  0.0498  0.0438 11.2187
 20  12  0.0664  0.2092 12.3794
 28  12  0.0174 -0.0093  9.7803
 36  12 -0.2132  0.0127 11.3250
 44  12  0.0000  0.0000 12.5902
 52  12  0.0000  0.0000 19.5032
 60  12 -0.0046  0.0737 10.8216
 68  12 -0.0257 -0.0337 21.4679
 76  12  0.0678 -0.0231 13.8168
 84  12 -0.0407 -0.0747  9.9082
 92  12  0.0000  0.0000  9.2322
100  12  0.0000  0.0000  9.3216
108  12  0.0229  0.0091 12.1336
116  12  0.0000  0.0031 10.9232
124  12  0.0000  0.0000 14.1378
132  12  0.0000  0.0000 11.9483
140  12  0.0000  0.0000 11.1807
148  12  0.0000 -0.0191 12.1506
156  12  0.0000  0.0000 13.2108
164  12 -0.0258  0.0101 13.9499
172  12 -0.0058  0.1533  9.4466
180  12  0.0006  0.0245 11.9998
188  12 -0.0591  0.0482 12.4917
196  12 -0.0866 -0.2774  9.1408
204  12 -0.0581  0.1235 10.6369
212  12  0.0000  0.0000 12.9248
220  12  0.0654  0.0193 16.7102
228  12 -0.0227  0.0055 10.8581
236  12  0.0000  0.0000  7.8087
244  12  0.0000  0.0000 12.2835
252  12  0.0220 -0.1902 13.1857
260  12 -0.0032  0.0061 11.1126
268  12  0.0000  0.0000 10.9347
276  12  0.0059  0.0408 10.0427
284  12  0.0096 -0.0928  7.3034
292  12  0.0058  0.0109  7.3106
  4  20  0.0000  0.0000 15.8204
 12  20 -0.0009  0.0392 12.2472
 20  20  0.0000  0.0000 11.9973
 28  20  0.0476 -0.0009 12.7610
 36  20  0.0000  0.0000 12.9346
 44  20  0.0159  0.0000 11.4042
 52  20 -0.0055  0.0461 12.2185
 60  20  0.0311 -0.0067 17.5363
 68  20  0.0274 -0.0144 16.4915
 76  20 -0.0068  0.0508 16.4839
 84  20 -0.0018  0.0178 15.8133
 92  20 -0.0276  0.0068 13.4284
100  20  0.0038  0.0254 11.4262
108  20  0.0003  0.0056 10.6442
116  20  0.0767  0.0014 13.3509
124  20  0.0072  0.0028 13.0656
132  20 -0.0150 -0.0329 13.1869
140  20  0.0285  0.0041 12.7242
148  20  0.0000  0.0000 13.8149
156  20 -0.0012  0.0027 12.9471
164  20  0.0045  0.0169 13.6686
172  20  0.0020  0.0167 15.5586
180  20  0.0408  0.0062 12.6517
188  20 -0.0230  0.0376 17.2506
196  20  0.0000 -0.0016 16.6593
204  20 -0.0025 -0.0700 20.0975
212  20  0.0011 -0.0162 19.4555
220  20  0.0330 -0.0253 24.3485
228  20 -0.1033 -0.0123 10.2249
236  20  0.0184 -0.1265  8.4077
244  20 -0.0502 -0.0377 13.1226
252  20 -0.1190  0.0088 14.2563
260  20 -0.1143  0.0123  8.2272
268  20  0.1026 -0.0821 11.7824
276  20 -0.0955  0.0000 12.8187
284  20 -0.1743  0.1144 15.9432
292  20  0.0000  0.0000 15.5297
  4  28  0.0000  0.0000 11.3726
 12  28  0.0000  0.0000 11.1467
 20  28 -0.0061 -0.0034 11.1193
 28  28  0.0175  0.0016 10.5542
 36  28 -0.0004 -0.0024 10.9866
 44  28 -0.0102  0.0011 10.6554
 52  28  0.0000  0.0000 10.3396
 60  28  0.0017  0.0003 10.1021
 68  28  0.0175 -0.0012 10.5956
 76  28  0.0040 -0.0181 10.7462
 84  28  0.0075 -0.0019 10.0390
 92  28 -0.0016  0.0194  9.9286
100  28  0.0000  0.0000 11.3099
108  28  0.0000  0.0000 15.0868
116  28  0.0000  0.0000  9.1256
124  28  0.0000  0.0000 10.2135
132  28  0.0013 -0.0007  8.8333
140  28  0.0003  0.0007  9.4749
148  28  0.0121  0.0007  9.6190
156  28 -0.0067  0.0046 21.5476
164  28  0.0000  0.0000 15.8363
172  28  0.0097  0.0169 12.9043
180  28  0.0205 -0.0057 18.8496
188  28  0.0325  0.0027 25.3517
196  28  0.0129  0.0002  9.1381
204  28  0.0000  0.0000  9.6310
212  28  0.0118  0.0010 10.7045
220  28  0.0041 -0.0035 10.9367
228  28 -0.0036  0.0300 10.0858
236  28 -0.0083 -0.0181  9.4641
244  28  0.0013 -0.0003 10.2248
252  28  0.0065  0.0137  9.6960
260  28  0.0000  0.0000 18.8297
268  28  0.0017  0.0153 15.2575
276  28 -0.0038  0.0261 24.3257
284  28 -0.0062 -0.0002 17.2939
292  28 -0.0004  0.0000 13.0673
  4  36  0.0000  0.0000  8.1287
 12  36  0.0143  0.0003  8.2548
 20  36  0.0000  0.0000  6.9792
 28  36  0.0000  0.0000  6.7318
 36  36  0.0000 -0.0166  8.3210
 44  36 -0.1236 -0.0517  6.3193
 52  36  0.0000  0.0000  6.9763
 60  36  0.0000 -0.1622  9.2890
 68  36  0.0828  0.0480  8.7388
 76  36  0.0172  0.0232  8.8150
 84  36  0.0000  0.0000 13.6955
 92  36  0.0000  0.0000 10.4867
100  36  0.0818  0.0531  8.1813
108  36  0.0000  0.0000  8.0664
116  36  0.0350  0.0168  7.8551
124  36  0.1195  0.0406  6.5774
132  36  0.0000  0.0000 16.2222
140  36  0.0000  0.0000  9.4208
148  36  0.0072  0.1454 10.6516
156  36 -0.0260 -0.0184 11.9681
164  36 -0.0157 -0.0620 11.0674
172  36 -0.0014 -0.0088 25.9693
180  36 -0.0145  0.0048 13.0355
188  36 -0.0015  0.0047 11.9123
196  36  0.0000  0.0000 14.5176
204  36 -0.1330  0.0336 14.9757
212  36  0.0000  0.0000 13.3851
220  36  0.0000  0.0000 17.6251
228  36  0.0000  0.0000 11.0903
236  36  0.0000  0.0000 11.0903
244  36  0.0000  0.0000 14.4906
252  36  0.0000  0.0000 13.3851
260  36  0.0000  0.0000 11.9404
268  36  0.0000  0.0000  8.6413
276  36  0.0095  0.0124 10.8564
284  36  0.1132  0.0017  7.2034
292  36  0.0000  0.0000  8.9436
  4  44  0.0000  0.0000  8.9379
 12  44 -0.2917 -0.1458  6.4199
 20  44 -0.1348 -0.0333 11.3522
 28  44 -0.0045 -0.0640 13.4687
 36  44  0.0000  0.0000 17.6698
 44  44 -0.2155 -0.0240 12.0702
 52  44  0.0000  0.0000 10.3707
 60  44  0.0000  0.0000  8.8816
 68  44 -0.1533  0.0501  8.5005
 76  44  0.0000  0.0000  7.2698
 84  44  0.5000 -0.8768  8.8276
 92  44  0.0000  0.0000 11.1304
100  44  0.0000  0.0000  8.0000
108  44  0.0000  0.0000 12.0628
116  44  0.0000  0.0000 14.4198
124  44  0.0000  0.0000 16.6957
132  44  0.0000  0.0000 10.2729
140  44  0.0000  0.0000  0.0000
148  44  0.0000  0.0000  6.4291
156  44 -0.0089 -0.0071 16.7683
164  44  0.0149  0.0006  9.7655
172  44 -0.0026 -0.0045 10.8392
180  44  0.0000  0.0000 10.3556
188  44 -0.0113  0.0142 15.6793
196  44 -0.0926  0.0528  9.3569
204  44  0.0000  0.0000  9.1045
212  44  0.0000  0.0000  7.9883
220  44 -0.0466  0.0056  9.0021
228  44 -0.0305  0.0036 12.2126
236  44  0.0000  0.0000 12.4998
244  44  0.0000 -0.0156 12.6826
252  44  0.0000 -0.1346 14.3826
260  44  0.2779 -0.0819  7.0459
268  44  0.1597 -0.0728 12.0580
276  44  0.0000  0.0000 11.9011
284  44     NaN  0.0403 13.3555
292  44  0.0000  0.0000 11.0903
  4  52 -0.0170  0.0957 10.1562
 12  52  0.1218 -0.0127  8.8406
 20  52  0.0781 -0.0268  7.8084
 28  52  0.0000  0.0000  9.2850
 36  52  0.0000  0.0000 12.5445
 44  52  0.0000  0.0000  0.0000
 52  52  0.0000  0.0000  0.0000
 60  52  0.0000  0.0000  0.0000
 68  52  0.0000  0.0000 11.1304
 76  52  0.0000  0.0000 16.1088
 84  52  0.0000  0.0000 16.1088
 92  52  0.0000  0.0000 11.1304
100  52  0.0000  2.5000  8.8276
108  52 -0.3309 -0.0637  7.1846
116  52  0.0000  0.0000  8.2581
124  52  0.0000  0.0000 16.1088
132  52  0.0000  0.0000  0.0000
140  52  0.0000  0.0000  0.0000
148  52 -0.0000  0.0000  6.4451
156  52  0.0024 -0.0097 18.1067
164  52 -0.0094 -0.0115 14.9179
172  52  0.0198  0.0122  9.7686
180  52  0.0013 -0.0098 16.8823
188  52  0.0007  0.0199 13.3928
196  52  0.1949 -0.2894  7.4336
204  52  5.1203 -0.5000  5.4468
212  52 -0.0328 -0.2156 15.3670
220  52  0.0000  0.0000 13.0803
228  52  0.0000  0.0000 17.6152
236  52  0.0000  0.0000 13.3851
244  52  0.0000  0.0000 10.6057
252  52  0.0329 -0.0139 12.1370
260  52  0.0335  0.0470  8.8164
268  52  0.0000  0.0000 10.1243
276  52  0.1080 -0.0502  9.7460
284  52 -0.0469 -0.0424 17.6839
292  52 -0.1073  0.4660  6.3443
  4  60  0.0000  0.0000 13.5576
 12  60  0.0000  0.0000 11.1304
 20  60  0.0000  0.0000  0.0000
 28  60  0.0000  0.0000 11.1304
 36  60  0.0000  0.0000  0.0000
 44  60  0.0000  0.0000  0.0000
 52  60  0.0000  0.0000  0.0000
 60  60  0.0000  0.0000  0.0000
 68  60  0.0000  0.0000  0.0000
 76  60  0.0000  0.0000 11.1304
 84  60 -0.4043  0.4043  8.0000
 92  60  0.0000  0.0000 16.6956
100  60  0.0000  0.0000 11.1304
108  60  0.0000  0.0000 11.1304
116  60  0.0000  0.0000  8.2581
124  60  0.0000  0.0000 16.1088
132  60  0.0000  0.0000  0.0000
140  60  0.0000  0.0000  9.4208
148  60 -0.0047 -0.0060  6.7174
156  60  0.0000  0.0000  8.3200
164  60  0.0000 -0.0000  8.2747
172  60  0.0007 -0.0214  7.4110
180  60 -0.0006  0.0075  7.0793
188  60  0.0000  0.0000  6.4511
196  60  0.1168  0.0308  6.7955
204  60  0.0000  0.0000  7.3911
212  60  0.2667  0.0000  7.3143
220  60  0.0000  0.0000  0.0000
228  60  0.0000  0.0000  0.0000
236  60 -0.0612 -0.8768  9.4815
244  60  0.0000  0.0000  9.0168
252  60  0.0000  0.0000 10.3285
260  60  0.0000  0.0000 10.8982
268  60  0.0000  0.0000 10.6057
276  60  0.0000  0.0000 16.6956
284  60  0.0000  0.3699 13.6699
292  60  0.1067 -0.0961  8.7735
  4  68  0.0000  0.0000 11.1304
 12  68  0.0000  0.0000  0.0000
 20  68  0.0000  0.0000 11.1304
 28  68  0.0000  0.0000  0.0000
 36  68  0.0000  0.0000  0.0000
 44  68  0.0000  0.0000 11.1304
 52  68  0.0000  0.0000  0.0000
 60  68  0.0000  0.0000 11.1304
 68  68  0.0000  0.0000  0.0000
 76  68  0.1203     NaN  5.4468
 84  68  0.0000  0.0000 16.1088
 92  68  0.2299 -1.1022  9.9063
100  68 -0.2780 -0.1270 13.3759
108  68  0.0000  0.0000 11.1304
116  68  0.0000  0.0000 11.1304
124  68  0.0000  0.0000 11.1304
132  68  0.0000  0.0000 11.1304
140  68  0.0000  0.0000  0.0000
148  68 -0.0152 -0.0197 12.1354
156  68  0.0000  0.0000 11.1304
164  68  0.0000  0.0000 16.1088
172  68  0.0000  0.0000 12.5902
180  68  0.2588 -0.0848 12.6934
188  68  0.0000  0.0000 11.1304
196  68  0.0000  0.0000  0.0000
204  68  0.0000  0.0000  0.0000
212  68  0.0000  0.0000  0.0000
220  68  0.0000  0.0000  0.0000
228  68  0.0000  0.0000  0.0000
236  68  0.0000  0.0000  0.0000
244  68  0.0000  0.0000 11.1304
252  68  0.0000  0.0000 11.1304
260  68 -0.3862  0.0254  6.7623
268  68  0.0000  0.0000 12.8600
276  68  0.0730 -0.2502  7.9834
284  68 -0.1343 -0.0197  9.6650
292  68  0.0131 -0.1719 16.2315
  4  76  0.0000  0.0000 11.1304
 12  76  0.0000  0.0000 11.1304
 20  76  0.0000  0.0000  0.0000
 28  76  0.0000  0.0000 11.1304
 36  76  0.0000  0.0000  0.0000
 44  76  0.0000  0.0000 16.7450
 52  76  0.0000  0.0000  9.5632
 60  76  0.0000  0.0000 16.1088
 68  76  0.0000  0.0000 20.2673
 76  76  0.0000  0.0000  7.4054
 84  76  0.0511  0.2353  7.5572
 92  76 -0.0587  0.0415 25.0613
100  76  0.0000  0.0000 16.1088
108  76  0.5000  0.1174  9.1793
116  76 -0.2907  0.0403 10.5761
124  76  0.1841  0.0418 12.3683
132  76  0.0000  0.3042 13.4737
140  76  0.0000  0.0000 11.9011
148  76  0.0000  0.0000 12.0455
156  76  2.5000  0.0000  8.8276
164  76  0.0000  0.0000 12.0455
172  76  0.0000  0.0000 11.1304
180  76  0.0000  0.0000 19.1045
188  76  0.0000  0.0000 16.1088
196  76  0.0000  0.0000 11.1304
204  76  0.0000  0.0000  0.0000
212  76  0.0000  0.0000  0.0000
220  76  0.0000  0.0000  0.0000
228  76  0.0000  0.0000  0.0000
236  76  0.0000  0.0000  0.0000
244  76  0.0000  0.0000  0.0000
252  76  0.0000  0.0000  0.0000
260  76  0.0000  0.0000  0.0000
268  76  0.0000  0.0000 11.1304
276  76  0.0000  0.0000 19.1045
284  76  0.0000  0.0000  0.0000
292  76 -0.5000  0.0000  8.8276
  4  84  0.0000  0.0000 11.1304
 12  84  0.0000  0.0000  0.0000
 20  84  0.0000  0.0000 11.1304
 28  84     NaN  0.0000 17.0667
 36  84  0.0000  0.0000 16.6957
 44  84  0.0000  0.0000  7.3911
 52  84  0.3145 -0.0264 11.0777
 60  84 -0.0067 -0.0157  9.9006
 68  84  0.0432  0.1636  8.7574
 76  84  0.0151  0.2751 13.3565
 84  84  0.0000  0.0000  9.3822
 92  84  0.0000  0.0000 16.6956
100  84  0.0000  0.0000 11.1304
108  84  0.0000  0.0000  0.0000
116  84  0.0000  0.0000 11.1304
124  84  0.0000  0.0000  0.0000
132  84  0.0000  0.0000  0.0000
140  84  0.0000  0.0000  0.0000
148  84  0.4821 -0.1901  9.1652
156  84  0.0000  0.0000 11.1304
164  84  0.0000  0.0000 11.1304
172  84  0.0000  0.0000 11.1304
180  84 -0.5000  0.1588 10.5785
188  84  0.0000  0.0000  0.0000
196  84  0.0000  0.0000 11.1304
204  84  0.0000  0.0000  0.0000
212  84  0.0000  0.0000  0.0000
220  84  0.0000  0.0000  0.0000
228  84  0.0000  0.0000  0.0000
236  84  0.0000  0.0000  0.0000
244  84  0.0000  0.0000  0.0000
252  84  0.0000  0.0000 11.1304
260  84  0.0000  0.0000 11.1304
268  84  1.5000  0.0000  8.2581
276  84  0.0000  0.0000 16.1088
284  84  0.0000  0.0000  0.0000
292  84  0.0000  0.0000 11.1304
  4  92  0.0000  0.0000  0.0000
 12  92  0.0000  0.0000  0.0000
 20  92  0.1788 -0.0170 14.2824
 28  92  0.0000  0.0000 16.1088
 36  92 -0.2587 -0.1868 11.1614
 44  92  0.0000  0.0000 13.7634
 52  92  0.0000  0.0000  9.2086
 60  92  0.0000  0.0000  7.2215
 68  92 -0.0368 -0.0133 13.1327
 76  92 -0.0079 -0.0101 10.3928
 84  92  0.0000  0.0000 11.0712
 92  92  0.1802 -0.1949  7.7576
100  92  0.0000  0.0000  8.6413
108  92  0.0000  0.0000  9.4208
116  92  0.1151 -0.1151 16.5161
124  92  0.0000  0.0000  0.0000
132  92  0.0000  0.0000  0.0000
140  92  0.0000  0.0000 16.1088
148  92  0.0000  0.0000 10.1191
156  92 -0.5000  0.0000  8.8276
164  92  0.0000 -0.5000  8.9154
172  92  0.0000  0.0000  0.0000
180  92  0.0000  0.0000  0.0000
188  92  0.0000  0.0000  0.0000
196  92 -2.5000 -1.0000  7.6040
204  92  0.0000  0.0000 11.1304
212  92  0.0000  0.0000  0.0000
220  92  0.0000  0.0000 11.1304
228  92  2.5000  0.1588 10.5785
236  92  0.0000  0.0000  0.0000
244  92  0.0000  0.0000 11.1304
252  92 -0.1960 -0.5000 11.1304
260  92  0.0000  0.0000  0.0000
268  92  0.0000  0.0000  0.0000
276  92  0.0000  0.0000  0.0000
284  92  0.0000  0.0000 16.1088
292  92  0.0000  0.0000 11.1304
  4 100  0.0000  0.0000 15.2515
 12 100  0.0000  0.0000 11.0903
 20 100  0.0913  0.2044 18.7317
 28 100  0.0662  0.0834 11.6822
 36 100 -0.0753  0.0464  7.9305
 44 100 -0.5000  0.1588 10.5785
 52 100  0.0000  0.0000 11.9011
 60 100  0.0000  0.0000 10.0356
 68 100  0.0000  0.0000  7.4054
 76 100  0.0000  0.0000 11.1304
 84 100  0.0000  0.0000  0.0000
 92 100  0.0000  0.0000  0.0000
100 100  0.0000  0.0000  0.0000
108 100  0.0000  0.0000 16.1088
116 100  0.0000  0.0000 16.1088
124 100  0.3321  0.1276 10.3409
132 100  0.0000  0.0000 11.9011
140 100  0.0000  0.0000 11.1304
148 100  0.0000  0.0000 16.1088
156 100  0.0696 -0.0812 10.9765
164 100  0.0000  0.0000 11.1304
172 100  0.0000  0.0000 16.1088
180 100 -0.2469  0.2353 13.4737
188 100  0.0306 -1.1731 10.3746
196 100  0.0000  0.0000  0.0000
204 100  0.0000  0.0000  0.0000
212 100  0.0000  0.0000  0.0000
220 100  0.0000  0.0000  0.0000
228 100  0.0000  0.0000 11.1304
236 100 -0.1056  1.5746 10.0855
244 100  0.0000  0.0000 16.1088
252 100  0.0000  0.0000  0.0000
260 100  0.0000  0.0000  0.0000
268 100  0.0000  0.0000  0.0000
276 100  0.0000  0.0000  0.0000
284 100  0.0000  0.0000  0.0000
292 100  0.0000  0.0000 11.1304
  4 108  2.5000  0.0000  8.8276
 12 108  0.0000  0.0000  0.0000
 20 108  0.0000  0.0000 11.3257
 28 108  0.0000  0.0000 10.2729
 36 108  2.5000 -0.1588 10.5785
 44 108  0.0000  0.0000 20.7059
 52 108  0.0000  2.5000  8.8276
 60 108  0.0000  0.0000 11.1304
 68 108  0.0000  0.0000 11.1304
 76 108  0.0000  0.0000 11.1304
 84 108  0.0000  0.0000  0.0000
 92 108 -0.1556  0.0000 12.2969
100 108 -0.0709 -0.2332  9.2789
108 108 -0.1382 -0.4237 11.3655
116 108  0.0000  0.0000 11.1304
124 108  0.0000  0.0000  0.0000
132 108  0.0000  0.0000 11.1304
140 108  0.0000  0.0000 16.1088
148 108  0.0000  0.0000 16.1088
156 108  0.0698  0.2911 10.5124
164 108  0.0000  0.0000 11.1304
172 108  0.0000  0.0000  0.0000
180 108  0.0000  0.0000 19.1045
188 108  0.0000  0.0000 11.1304
196 108  0.0000  0.0000  0.0000
204 108  0.0000  0.0000  0.0000
212 108  0.0000  0.0000  0.0000
220 108  0.0000  0.0000  0.0000
228 108  0.0000  0.0000  0.0000
236 108  0.0000  0.0000  0.0000
244 108  0.0000  0.0000  0.0000
252 108  0.0000  0.0000 11.1304
260 108  0.0000  0.0000  0.0000
268 108  0.0000  0.0000 11.1304
276 108  0.0000  0.0000  0.0000
284 108 -0.3468  2.5000 10.2045
292 108  0.0000  0.0000  0.0000
  4 116  0.0000  0.0000 11.1304
 12 116 -0.5000  0.0000  8.8276
 20 116  1.0756 -0.0431  7.0865
 28 116  0.0000  0.0000 11.9011
 36 116  0.0000  0.0000  8.4768
 44 116  0.0000  0.0000 11.1304
 52 116  0.0000  0.0000 11.1304
 60 116  0.0000  0.0000  0.0000
 68 116  0.0000  0.0000 11.1304
 76 116  0.0000  0.0000 11.1304
 84 116  0.0000  0.0000 11.9011
 92 116  0.0000  0.5000  7.8528
100 116 -0.5000  0.1588 10.5785
108 116  0.0308  0.1823 13.1845
116 116  0.0000  2.5000  8.8276
124 116  0.0000  0.0000 16.1088
132 116  0.0000  0.0000  0.0000
140 116 -0.0585 -0.2413 13.6170
148 116 -0.3290  2.8274  8.0000
156 116  0.0000  0.0000 13.9426
164 116  0.0000  0.0000  0.0000
172 116  0.0000  0.0000 11.1304
180 116  0.0000  0.0000 11.1304
188 116  0.0000  0.0000 11.1304
196 116  0.0000  0.0000  0.0000
204 116  0.0000  0.0000  0.0000
212 116  0.0000  0.0000  0.0000
220 116  0.0000  0.0000  0.0000
228 116  0.0000  0.0000  0.0000
236 116  0.0000  2.5000  8.8276
244 116  0.0000  0.0000  0.0000
252 116 -0.5000  4.5000  4.0635
260 116  0.0000  0.0000  0.0000
268 116  0.0000 -0.1960 11.1304
276 116  0.0000 -0.1960 11.1304
284 116  0.0825  0.0825  9.2850
292 116  0.0000  0.0000  0.0000
  4 124  0.0000  0.0000  0.0000
 12 124  0.0000  0.0000  8.8167
 20 124 -0.1942  0.0000 13.1959
 28 124  0.0000  0.0000 11.1304
 36 124  0.0000  0.0000 22.2609
 44 124  0.0000 -0.5000  8.8276
 52 124  0.0000  0.0000  0.0000
 60 124  0.0000  0.0000  0.0000
 68 124  0.0000  0.0000  0.0000
 76 124  0.0000  0.0000 16.1088
 84 124  0.0000  0.0000  0.0000
 92 124  0.0000  0.0000 11.1304
100 124  0.0000  0.0000 16.1088
108 124  0.0000 -0.5000  8.8276
116 124 -0.3309  0.0637  7.1846
124 124  0.0048  0.0980 12.4508
132 124 -0.5000  0.0000  8.8276
140 124 -2.5000  1.5350  6.8091
148 124  0.0000  0.0000 16.1088
156 124  0.0000  0.0000 11.1304
164 124  0.0000  0.0000  0.0000
172 124  0.0000  0.0000 17.0667
180 124  0.0000  0.0000 16.1088
188 124  0.0000  0.0000 11.1304
196 124  0.0000  0.0000  0.0000
204 124  0.0000  0.0000  0.0000
212 124  0.0000  0.0000  0.0000
220 124  2.5000  0.0000  8.8276
228 124  0.0000  0.0000 11.1304
236 124  0.0000  0.0000 11.1304
244 124  0.0000  0.0000 11.1304
252 124  0.0000  0.0000 11.1304
260 124  0.0000  0.0000 13.1641
268 124  0.0000  0.0000 13.7892
276 124  2.5000  0.0000  8.8276
284 124  0.0000  0.0000 11.1304
292 124  0.0000  0.0000 11.1304
  4 132  0.0364  0.3502 10.4388
 12 132  0.0000  0.0000 11.1304
 20 132  0.0000  0.0000 11.1304
 28 132  0.0000  0.0000 19.4783
 36 132  0.1036  0.0351  8.9093
 44 132  0.0000  0.0000 11.1304
 52 132  0.0000  0.0000  0.0000
 60 132  0.0000  0.0000  0.0000
 68 132  0.0000  0.0000 12.0628
 76 132  0.0000  2.5000  8.8276
 84 132  0.0000  0.0000  0.0000
 92 132  0.0000  0.0000  0.0000
100 132  0.0000  0.0000 11.1304
108 132 -0.0293  2.8278  9.6261
116 132  0.0695  0.0615 14.6066
124 132 -0.0059  0.1860 10.1774
132 132  0.0000  0.0000 11.1304
140 132  0.0000  0.0000  0.0000
148 132  0.0000  0.0000  0.0000
156 132  0.0000  0.0000 11.1304
164 132 -0.3309 -0.0637  7.1846
172 132  0.0000  0.0000  0.0000
180 132  0.0000  0.0000 11.1304
188 132  0.0000  0.0000 11.1304
196 132  0.0000  0.0000  0.0000
204 132  0.0000  0.0000  0.0000
212 132  0.0000  0.0000 11.1304
220 132  0.0000  0.0000 11.1304
228 132  0.0000  0.0000  0.0000
236 132  0.0000  0.0000  0.0000
244 132  2.5000  0.0000  8.8276
252 132  0.0000  0.0000 17.0667
260 132  0.0000  0.0000  0.0000
268 132  0.0000  0.0000 11.1304
276 132  0.0000  0.0000  0.0000
284 132  0.0000  0.0000  0.0000
292 132  0.0000  2.5000  8.8276
  4 140  0.0000  0.0000 11.0617
 12 140  0.0000  0.0000  0.0000
 20 140 -0.1841  0.0418 12.3683
 28 140  0.0000  0.0000 11.9011
 36 140  0.0000  0.0000  0.0000
 44 140  0.0000  0.0000  0.0000
 52 140  0.0000  0.0000  0.0000
 60 140  0.0000  0.0000 16.1088
 68 140  1.0575  0.1618  7.5801
 76 140  0.0000  0.0000  0.0000
 84 140  0.0000  0.0000  0.0000
 92 140  0.0000  0.0000  0.0000
100 140  0.0000  0.0000  0.0000
108 140 -0.0928 -0.0822  7.6180
116 140 -0.0000  0.0000  9.1934
124 140  0.0000  0.0000 11.1304
132 140  0.0000  0.0000  0.0000
140 140  0.0000  0.0000  0.0000
148 140  0.0000  0.0000  0.0000
156 140  0.0000  0.0000  0.0000
164 140 -0.0264 -0.3145 11.0777
172 140  0.0000  0.0000 11.1304
180 140  0.0000  0.0000  0.0000
188 140  0.0000  0.0000 11.1304
196 140  0.0000  0.0000  0.0000
204 140  0.0000  0.0000 11.1304
212 140  0.0000  0.0637  6.1029
220 140  0.0000  0.0000 20.7059
228 140  0.0000  0.0000 11.1304
236 140  0.0000  0.0000 19.1045
244 140  0.0000  0.0000  0.0000
252 140  0.0000  0.0000  0.0000
260 140  0.0000  0.0000 11.1304
268 140  0.0000  0.0000  0.0000
276 140  0.0000  0.0000 11.1304
284 140  0.0000  0.0000 11.1304
292 140  0.0000  0.0000 16.1088
  4 148  0.0000     NaN  6.5641
 12 148  0.0000  0.0000 20.7059
 20 148  0.0000  0.0000 16.1088
 28 148  0.0000  0.0000  0.0000
 36 148  2.5000  0.0000  8.8276
 44 148 -0.5000  0.0000  8.8276
 52 148  0.0000  0.0000  0.0000
 60 148  0.1912  0.0000 12.4272
 68 148  0.0000  0.0000  0.0000
 76 148  0.0000  0.0000  0.0000
 84 148  0.0000  0.0000 11.1304
 92 148  4.5000  4.5000  4.0635
100 148  0.0000  0.0000 11.1304
108 148  0.0000  0.0000  0.0000
116 148  0.0000 -0.5000  8.8276
124 148  0.0000  0.0000  0.0000
132 148  0.0000  0.0000  0.0000
140 148  0.0000  0.0000 11.1304
148 148  0.0000  0.0000  0.0000
156 148  0.0000  0.0000  0.0000
164 148  0.0000  0.0000  9.1555
172 148  0.0000  0.0000  0.0000
180 148  0.0000  0.0000 11.1304
188 148  0.0000  0.0000 11.1304
196 148  0.0000  0.0000 11.1304
204 148  0.0000  0.0000  0.0000
212 148  0.0000  0.0000 16.1088
220 148  0.0000  0.0000  0.0000
228 148  0.0000  0.0000  0.0000
236 148  0.0000  0.0000  0.0000
244 148  0.0000  0.0000  0.0000
252 148  0.0000  0.0000  0.0000
260 148  0.0000  0.0000  0.0000
268 148  0.0000  0.0000  0.0000
276 148  0.0000  0.0000  0.0000
284 148  0.0000  0.0000  0.0000
292 148  0.0000  0.0000 11.1304
  4 156 -0.1151  0.1151 16.5161
 12 156  0.0000  0.0000  9.2086
 20 156 -0.2907 -0.0403 10.5761
 28 156  0.1063  0.0000  6.9728
 36 156  0.0000  0.0000  0.0000
 44 156  0.0000  0.0000 11.1304
 52 156  0.0000  0.0000 16.1088
 60 156  1.1838  2.5000  7.5779
 68 156  0.0000  0.0000 16.1088
 76 156  0.0000  0.0000 11.1304
 84 156  0.0000  0.0000  0.0000
 92 156  0.0000 -0.5000  8.8276
100 156  0.0000  0.0000  0.0000
108 156  0.0000  0.0000 22.2609
116 156  0.0000  0.0000  0.0000
124 156  0.0000  0.0000  0.0000
132 156  0.0000  0.0000  0.0000
140 156  0.0000  0.0000  0.0000
148 156  0.0000  0.0000  0.0000
156 156  0.0000  0.0000  0.0000
164 156  0.0000  0.0000 11.1304
172 156  0.0000  0.0000 11.1304
180 156  0.0000  0.0000  0.0000
188 156  0.0000  0.0000 11.1304
196 156  0.0000  0.0000  0.0000
204 156  0.0000  0.0000  0.0000
212 156  0.0000 -0.5000  8.8276
220 156 -0.1927 -0.0788 17.1842
228 156  0.0000  0.0000  0.0000
236 156  0.0000  0.0000  0.0000
244 156  0.0000  0.0000  0.0000
252 156  0.0000  0.0000  0.0000
260 156  0.0000  0.0000  0.0000
268 156  0.0000  0.0000  0.0000
276 156  0.0000  0.0000  0.0000
284 156  0.0000  0.0000  0.0000
292 156  2.5000  0.0000  8.8276
  4 164  0.0000  0.0000 11.1304
 12 164  0.0000  0.0000  0.0000
 20 164 -0.3309  0.0637  7.1846
 28 164  0.0000  0.0000 11.1304
 36 164  0.0000  0.0000 11.1304
 44 164  0.0000  0.0000 16.1088
 52 164  0.0000  0.0000 14.5615
 60 164  0.0000  0.0000 11.1304
 68 164  0.0000  0.0000 11.1304
 76 164  0.0000  0.0000 11.1304
 84 164  0.0000  0.0000  0.0000
 92 164  0.0000  0.0000 11.1304
100 164  0.0000  0.0000 11.1304
108 164  0.0000  0.0000  9.4948
116 164  0.0000  0.0000  0.0000
124 164  0.0000  0.0000  0.0000
132 164  0.0000  0.0000  0.0000
140 164  0.0000  0.0000  0.0000
148 164  0.0000  0.0000 11.1304
156 164  0.0000  2.0000 11.1304
164 164  0.2769  0.0575 10.2185
172 164  0.0000  0.0000  0.0000
180 164  0.0000  0.0000 11.1304
188 164  0.0000  0.0000  0.0000
196 164  0.0000  0.0000  0.0000
204 164  0.0000  0.0000  0.0000
212 164  4.5000 -0.5000  4.0635
220 164  0.0000  0.0000 13.1641
228 164  0.0000  0.0000  0.0000
236 164  0.0000  0.0000  0.0000
244 164  0.0000  0.0000  0.0000
252 164  0.0000  0.0000  0.0000
260 164  0.0000  0.0000  0.0000
268 164  0.0000  0.0000  0.0000
276 164 -4.5000 -0.1174 13.8795
284 164  0.0000  0.0000  0.0000
292 164  0.0000  0.0000  0.0000
  4 172  0.0000  0.0000 11.1304
 12 172  0.0000  0.0000  0.0000
 20 172  0.0000  0.0000  0.0000
 28 172  0.0000  0.0000 12.0455
 36 172  0.0000  0.0000 11.1304
 44 172  0.1912  0.0000 12.4272
 52 172  0.4043  0.4043  8.0000
 60 172  0.0000  0.0000  0.0000
 68 172  0.0000  0.0000 11.1304
 76 172  0.0000  0.0000 11.1304
 84 172  0.0000  0.0000 11.1304
 92 172  0.0000  0.0000  8.2581
100 172  0.0000  0.0000  0.0000
108 172  0.0000  0.0000 16.1088
116 172  0.0000  0.0000  0.0000
124 172  0.0000  0.0000  0.0000
132 172  0.0000  0.0000  0.0000
140 172  0.0000 -0.5000  8.8276
148 172  0.0000  0.0000  0.0000
156 172  0.1086  0.0778 11.6364
164 172  0.0000  0.0000  8.4696
172 172  4.5000  4.5000  4.0635
180 172  0.0000  0.0000  0.0000
188 172  0.0000  0.0000  0.0000
196 172  0.0000  0.0000  0.0000
204 172  0.0000  0.0000  0.0000
212 172  0.0000  0.0000 11.1304
220 172  0.0000  0.0000 16.1088
228 172  0.0000  0.0000 11.1304
236 172  0.0000  0.0000  0.0000
244 172  0.0000 -0.5000  4.0635
252 172  0.0000  0.0000 11.1304
260 172  0.0000  0.0000 11.1304
268 172  0.0000  0.0000  0.0000
276 172  0.0000  0.0000  0.0000
284 172  0.0000  0.0000 11.1304
292 172  0.0000  0.0000  0.0000
  4 180  0.0000  0.0000 11.1304
 12 180  0.0382 -0.1028 16.6166
 20 180  0.0000  0.0000  9.4208
 28 180  0.0000  0.0000  9.9881
 36 180  0.2780 -0.1270 13.3759
 44 180  0.0000  0.0000 12.0455
 52 180     NaN  0.0000 17.0667
 60 180  0.0000  0.0000 11.1304
 68 180  0.0000  0.0000  0.0000
 76 180  0.0000  0.0000 11.1304
 84 180  0.0000  0.0000 11.1304
 92 180  2.5000  0.0000  8.8276
100 180  0.0000  0.0000 11.1304
108 180  0.0000  0.0000  0.0000
116 180  0.0000  0.0000  0.0000
124 180  0.0000  0.0000 11.1304
132 180  0.0000  0.0000 16.1088
140 180  0.0000  0.0000  0.0000
148 180  0.0000  0.0000  0.0000
156 180  0.0000  0.0000  0.0000
164 180  0.0000  0.0000 13.6955
172 180  0.0000  0.0000  0.0000
180 180  0.0000  0.0000  0.0000
188 180  0.0000  0.0000  0.0000
196 180  0.0000  0.0000 11.1304
204 180  0.0000  0.0000  0.0000
212 180  0.0000  0.0000  8.4768
220 180  0.0000  0.0000 19.4783
228 180  0.0000  0.0000  0.0000
236 180  0.0000  0.0000  0.0000
244 180  0.0000  0.0000 11.1304
252 180  0.0000  0.0000  0.0000
260 180  0.0000  0.0000  0.0000
268 180  0.0000  0.0000  0.0000
276 180  0.0000  0.0000  0.0000
284 180  0.0000  0.0000  0.0000
292 180  0.0000  0.0000  0.0000
  4 188  0.0000  0.0000 11.1304
 12 188  0.0000  0.0000 16.1088
 20 188  0.0000  0.0000 11.1304
 28 188  0.0000  0.0000 11.1304
 36 188  0.0000  0.0000 16.1088
 44 188 -0.1313 -0.0812 16.9211
 52 188  0.0000  0.0000 11.1304
 60 188  0.0000  0.0000  0.0000
 68 188  0.0000  2.5000  8.8276
 76 188  0.0000  0.0000  0.0000
 84 188  0.0000  0.0000  8.0000
 92 188  0.0000  0.0000  0.0000
100 188  0.0000  0.0000 17.2183
108 188  0.0000  0.0000 11.1304
116 188  0.0000  0.0000  0.0000
124 188  0.0000  0.0000  0.0000
132 188  0.0000  0.0000  0.0000
140 188  0.0000  0.0000  0.0000
148 188  0.0000  0.0000  0.0000
156 188  0.0000  2.5000  8.8276
164 188 -0.0421 -0.1634 12.8457
172 188  0.0000  0.0000  0.0000
180 188  0.0000  0.0000  0.0000
188 188  0.0000  0.0000  0.0000
196 188  0.0000  0.0000  0.0000
204 188  0.0000  0.0000 11.1304
212 188  0.1151 -0.1151 16.5161
220 188  0.0000  0.0000  0.0000
228 188  0.0000  0.0000  0.0000
236 188  0.0000  0.0000 11.1304
244 188  0.0000  0.0000  0.0000
252 188  0.0000  0.0000  0.0000
260 188  0.0000  0.0000  0.0000
268 188  0.0000  0.0000  0.0000
276 188  0.0000  0.0000 11.1304
284 188  0.0000  0.0000 11.1304
292 188  0.0000  0.0000 11.1304
  4 196  0.0000  0.0000 11.1304
 12 196  4.5000  4.5000  4.0635
 20 196  0.0000 -0.5000  8.8276
 28 196  0.0000  0.0000 11.1304
 36 196  0.0000  0.0000  8.2581
 44 196  0.0000  0.0000  0.0000
 52 196  0.0000  0.0000 11.1304
 60 196  0.0000  0.0000 11.1304
 68 196  0.0000  0.0000 16.1088
 76 196  0.0000  0.0000  0.0000
 84 196  0.0000  0.0000 11.1304
 92 196  0.0000  0.0000  0.0000
100 196  0.1151  0.1151 16.5161
108 196 -0.5000  0.0000  8.8276
116 196  0.0000  0.0000 16.1088
124 196  0.0000  0.0000 11.1304
132 196  0.0000  0.0000 11.1304
140 196  0.0000  0.0000 11.1304
148 196  0.0000  0.0000  0.0000
156 196  0.0000  0.0000  0.0000
164 196  0.0000  0.0000  9.4208
172 196  0.0000  0.0000  0.0000
180 196  0.0000  0.0000  0.0000
188 196  0.0000  0.0000  0.0000
196 196  0.0000  0.0000  0.0000
204 196  0.0000  0.0000 11.1304
212 196  0.0000  0.0000  8.2581
220 196  0.0000  0.0000  0.0000
228 196  1.5000  0.0000  8.2581
236 196  0.0000  0.0000  0.0000
244 196  0.0000  0.0000 11.1304
252 196  0.0000  0.0000  0.0000
260 196  0.0000  0.0000 11.1304
268 196  0.0000  0.0000  0.0000
276 196  0.0000  0.0000  0.0000
284 196  0.0000  0.0000 11.1304
292 196  0.0000  0.0000 11.1304
  4 204  0.0000  0.0000  0.0000
 12 204  0.0000  0.0000 16.1088
 20 204  0.0000  0.0000 16.1088
 28 204  0.0000  0.0000 16.1088
 36 204  0.0000  2.5000  8.8276
 44 204  0.0000  0.0000 11.1304
 52 204  0.0000  0.0000  0.0000
 60 204  0.0000  0.0000 16.1088
 68 204  0.0000  0.0000  0.0000
 76 204 -0.4043 -0.4043  8.0000
 84 204  0.0000  0.0000 20.7059
 92 204  0.0000  0.0000  0.0000
100 204  0.1546  0.0660 18.6254
108 204  0.0000  0.0000 11.1304
116 204 -0.0677  0.2414 11.7124
124 204  0.0000  0.0000 11.1304
132 204  0.0000  0.0000  0.0000
140 204  0.0000  0.0000  0.0000
148 204  0.0000  0.0000  0.0000
156 204  0.0000  0.0000  0.0000
164 204  0.0000  0.0000 11.2521
172 204  0.0000  0.0000  0.0000
180 204  0.0000  0.0000  0.0000
188 204  0.0000  0.1063  6.9728
196 204  0.0000  0.0000 11.1304
204 204  0.0000  0.0000 11.1304
212 204  0.0000  0.0000  0.0000
220 204  0.0000  0.0000 11.1304
228 204  0.0000  0.0000 19.5669
236 204  0.0000  0.0000  0.0000
244 204  0.0000  0.0000 11.1304
252 204  0.0000  0.0000  0.0000
260 204  0.0000  0.0000  0.0000
268 204  0.0000  0.0000 11.1304
276 204  0.0000  0.0000 11.1304
284 204  0.0000  0.0000 16.1088
292 204  0.5000  0.0000 11.1304
  4 212  0.0000  0.0000 16.1088
 12 212  0.0000  0.0000  8.2581
 20 212  0.0000  0.0000 11.1304
 28 212  0.0000  0.0000  0.0000
 36 212  0.0000  0.0000  0.0000
 44 212  0.0000  0.0000 11.1304
 52 212  0.0000  0.0000 11.1304
 60 212 -0.5000  0.0000  8.8276
 68 212  0.0000  0.0000 11.1304
 76 212  0.0000  0.0000 22.2609
 84 212  0.0000  0.0000  0.0000
 92 212  0.0000  0.0000  0.0000
100 212  0.1151  0.1151 16.5161
108 212  0.0000  0.0000 11.1304
116 212 -0.5000  0.1588 10.5785
124 212  0.0000  0.0000 11.1304
132 212  0.0000  0.0000  0.0000
140 212  0.0000  0.0000  0.0000
148 212  0.0000  0.0000  0.0000
156 212  0.0000  0.0000  0.0000
164 212  0.0000  0.0000 13.3565
172 212  0.0000  0.0000 16.1088
180 212  0.0000  0.0000  0.0000
188 212  0.0000 -0.5000  8.8276
196 212  0.0000  0.0000 11.1304
204 212  0.0000  0.0000  0.0000
212 212  0.0000  0.0000  0.0000
220 212  0.0000  0.0000  0.0000
228 212  0.0000  0.0000 19.1045
236 212  0.0000  0.0000  0.0000
244 212  0.0000  0.0000  0.0000
252 212  0.0000  0.0000 16.1088
260 212  0.0000  0.0000 11.1304
268 212  0.0000  0.0000  0.0000
276 212  0.0000  0.0000  0.0000
284 212  0.0000  0.0000 16.1088
292 212  0.0000  0.0000 11.1304
  4 220  0.0000  0.0000 11.1304
 12 220  0.0000  0.0000 11.1304
 20 220  0.0000  0.0000  0.0000
 28 220  0.0000  0.0000  0.0000
 36 220  0.0000  0.0000 11.1304
 44 220  0.5000  0.0786  6.7368
 52 220  2.5000  0.1588 10.5785
 60 220  0.0000  0.0000 11.1304
 68 220  0.0000  0.0000 11.1304
 76 220  0.0000  0.0000 11.1304
 84 220  0.0000  0.0000 11.1304
 92 220  0.0000  0.0000 11.1304
100 220  0.0000  0.0000 11.1304
108 220  0.0000  0.0000  8.2581
116 220     NaN  0.0000 17.0667
124 220  1.6958  0.0000  6.5641
132 220  0.0000  0.0000  0.0000
140 220  0.0000  0.0000  0.0000
148 220  0.0000  0.0000  0.0000
156 220  0.0000  0.0000  0.0000
164 220 -1.0000  0.0000  9.2850
172 220  0.0000  0.0000  0.0000
180 220  0.0000  0.0000  0.0000
188 220  0.0000  0.0000 11.1304
196 220  0.0000  0.0000 11.1304
204 220 -0.5000  0.0000 11.1304
212 220  0.3468  2.5000 10.2045
220 220  0.0000  0.0000  0.0000
228 220  0.0000  0.0000 11.1304
236 220  0.0000  0.0000  0.0000
244 220  0.0000  0.0000  0.0000
252 220  0.0000  0.0000 16.1088
260 220  0.0000  0.0000  0.0000
268 220  0.0000  0.0000 11.1304
276 220  0.0000  0.0000 16.1088
284 220  0.0000  0.0000  0.0000
292 220  0.0000  0.0000  0.0000
