VARIABLES= "X pix", "Y pix", "U pix/dt", "V pix/dt", "CHC", ZONE I=28, J=37
  4   4 -0.0107  0.0116 10.5936
 12   4  0.0284 -0.0365 11.1705
 20   4  0.0357  0.0000 10.9708
 28   4  0.0386  0.0000 10.9708
 36   4  0.0428  0.0000 11.0456
 44   4  0.0364  0.0000 11.0456
 52   4  0.0000 -0.0181 11.3868
 60   4  0.0000 -0.0004 10.9267
 68   4  0.0000 -0.0181 11.3868
 76   4 -0.0076  0.0000 11.0456
 84   4 -0.0077  0.0000 11.0583
 92   4 -0.0005  0.0916 11.6656
100   4  0.0027 -0.0298 13.0645
108   4 -0.0064 -0.0410 13.0287
116   4 -0.0396  0.0000 11.7754
124   4 -0.0366  0.0000 11.7754
132   4 -0.0103  0.0000 11.6559
140   4  0.0106  0.0000 11.7754
148   4 -0.0037  0.0000 12.7725
156   4  0.0051  0.0000 12.0313
164   4  0.0048  0.0000 11.7754
172   4  0.0000  0.0000 10.5651
180   4  0.0090 -0.0091 11.6288
188   4  0.0000  0.0512 12.3336
196   4 -0.0085  0.0119 10.8480
204   4  0.0042  0.0040 11.7190
212   4  0.0069  0.0555 10.4272
220   4 -0.0477 -0.0004 11.0036
228   4 -0.0278  0.0109 11.5783
236   4 -0.0157 -0.0108  9.9877
244   4 -0.0116  0.0000  9.5679
252   4 -0.0131  0.0000 10.6333
260   4 -0.0153  0.0091 10.5978
268   4 -0.0051 -0.0219 11.6383
276   4  0.0000 -0.0799 12.2498
284   4 -0.0076  0.0000 13.0803
292   4 -0.0181  0.0052 12.1862
  4  12 -0.0080  0.0000  9.8343
 12  12 -0.0078 -0.0386 12.6265
 20  12 -0.0278 -0.1052 12.3776
 28  12 -0.0044 -0.0879  9.0771
 36  12 -0.0832  0.0000 11.0744
 44  12 -0.0580  0.0000 11.3726
 52  12 -0.0281  0.0425 14.4449
 60  12 -0.0051  0.0000 10.8941
 68  12  0.0307 -0.0232 21.8545
 76  12 -0.0120 -0.0628 12.4945
 84  12  0.0093  0.0145  9.8481
 92  12  0.0000  0.0155  9.6604
100  12 -0.0278  0.0000  9.3999
108  12 -0.0170  0.0000 11.4049
116  12 -0.0193  0.0000 11.5729
124  12  0.0053  0.0000 12.1780
132  12  0.0106  0.0000 10.9491
140  12  0.0050  0.0000 12.1780
148  12 -0.0142  0.0000 11.2680
156  12  0.0347  0.0000 11.7463
164  12 -0.0119  0.0000 15.0268
172  12 -0.0312  0.0000  9.3400
180  12 -0.0467  0.0000 11.4912
188  12 -0.0781  0.0000 12.4810
196  12 -0.1272 -0.0211 11.9652
204  12 -0.0541  0.0000 10.0208
212  12 -0.0125  0.0000 11.7329
220  12  0.0117 -0.0200 13.7002
228  12  0.0166  0.0000 11.6053
236  12  0.0239  0.0000  9.0412
244  12  0.0462  0.0000 10.4475
252  12  0.1024  0.3608  8.2258
260  12  0.0137  0.0000 11.1759
268  12 -0.0077  0.0000 10.0438
276  12  0.0032  0.0318  8.9349
284  12 -0.0117 -0.0080  7.6767
292  12  0.0412  0.0231  8.3570
  4  20  0.0063  0.0000 15.5721
 12  20  0.0072  0.0000 13.5438
 20  20  0.0000  0.0512 12.0413
 28  20 -0.0591  0.0008 13.7648
 36  20 -0.0266  0.0067 12.9545
 44  20 -0.0484  0.0777 11.6351
 52  20  0.0048 -0.0620 12.1205
 60  20  0.0109  0.0447 15.0743
 68  20  0.0083  0.0000 16.4900
 76  20 -0.0018 -0.0148 14.2495
 84  20  0.0958  0.0038 15.2215
 92  20  0.0000  0.0052 13.8757
100  20 -0.0231  0.0000 10.9021
108  20 -0.0252  0.0000 11.8616
116  20 -0.0229  0.0000 14.4444
124  20 -0.0024  0.0000 13.9127
132  20 -0.0082  0.0000 13.3270
140  20 -0.0023 -0.0064 13.9153
148  20 -0.0011 -0.0387 13.1239
156  20  0.0183  0.0000 12.9644
164  20  0.0236  0.0000 15.7167
172  20  0.0409  0.0000 16.6252
180  20  0.0757  0.0000 14.0628
188  20  0.0354  0.0000 17.5026
196  20  0.0101  0.0000 17.5111
204  20  0.0042  0.0000 21.9054
212  20 -0.0106 -0.0004 21.5688
220  20  0.0078  0.0391 25.8033
228  20 -0.0160  0.0000  9.6044
236  20 -0.0117  0.0000  8.7916
244  20 -0.0235  0.0000 17.4235
252  20 -0.0312  0.0000 16.5226
260  20 -0.0214  0.0000  9.6501
268  20 -0.0535  0.0000 15.2803
276  20 -0.0833  0.0616 12.9599
284  20 -0.0067  0.0198 15.6913
292  20  0.0024  0.0019 15.0803
  4  28 -0.0228 -0.0061 11.0100
 12  28  0.0389 -0.0281 10.3298
 20  28  0.0101 -0.0105 11.3032
 28  28 -0.0070  0.0000 10.0826
 36  28  0.0000  0.0029 10.5422
 44  28  0.0000  0.0141 10.3736
 52  28  0.0004 -0.0151 10.3189
 60  28  0.0003  0.0170 10.1903
 68  28 -0.0037 -0.0142 10.5404
 76  28 -0.0162  0.0026 10.8007
 84  28  0.0170 -0.0002  9.9179
 92  28 -0.0032  0.0000  9.6492
100  28 -0.0121  0.0000 11.4231
108  28  0.0285  0.0000 15.1759
116  28  0.0108  0.0000  9.0903
124  28 -0.0024 -0.0016  9.5658
132  28  0.0013  0.0018  8.7608
140  28 -0.0027 -0.0019  9.0395
148  28  0.0023  0.0132  9.3338
156  28 -0.0201 -0.0011 21.4752
164  28  0.0035 -0.0166 14.8324
172  28 -0.0247  0.0104 13.2296
180  28  0.0177 -0.0029 17.3488
188  28  0.0373  0.0000 25.7736
196  28  0.0291  0.0000  8.8551
204  28  0.0085 -0.0003  9.2550
212  28  0.0000  0.0000  9.9240
220  28 -0.0010  0.0005  9.9116
228  28  0.0087  0.0000  9.4314
236  28  0.0011  0.0012  8.9337
244  28  0.0001 -0.0085  9.4573
252  28 -0.0097 -0.0004  9.1797
260  28  0.0107  0.0009 16.0388
268  28  0.0046  0.0000 14.2270
276  28 -0.0048  0.0139 19.9626
284  28  0.0052  0.0182 17.9365
292  28 -0.0064 -0.0025 11.9968
  4  36  0.0380  0.0221  7.6083
 12  36  0.0196  0.0160  8.0880
 20  36 -0.0351  0.0000  6.8661
 28  36 -0.0796  0.1967  6.4602
 36  36 -0.0043  0.3274  6.1423
 44  36 -0.0282 -0.1572  6.2453
 52  36 -0.0304  0.0000  6.0076
 60  36 -0.0185  0.0000  9.3341
 68  36 -0.0000  0.0000  8.7162
 76  36  0.0530  0.0000  9.2006
 84  36  0.1167  0.0438 13.9037
 92  36  0.0940  0.0164 10.3071
100  36  0.0278  0.0000  9.7370
108  36  0.0537  0.0000  6.7780
116  36  0.0826  0.0000  8.5311
124  36  0.0870  0.0000  7.5746
132  36  0.0487  0.0000  0.0000
140  36  0.0372  0.0000  9.2086
148  36  0.0088 -0.0238 11.4654
156  36  0.0047 -0.0125 11.9510
164  36  0.0064 -0.0201 11.6121
172  36 -0.0078 -0.0007 24.9531
180  36 -0.0202 -0.0149 12.4707
188  36  0.0003  0.0000 11.4278
196  36  0.0065  0.0000 14.0762
204  36  0.0124  0.0000 15.5346
212  36  0.0525  0.0000 10.1740
220  36  0.1366  0.0179 13.5229
228  36  0.1034  0.0000 13.9950
236  36  0.0400  0.0000  8.6413
244  36 -0.0231  0.0000 11.0903
252  36 -0.0592  0.0000 10.8982
260  36 -0.0417  0.1327 10.4782
268  36 -0.0562  0.0000 11.0903
276  36 -0.0573  0.0000 10.2254
284  36 -0.0424  0.0000  7.8839
292  36 -0.0193  0.0000  8.7603
  4  44  0.0162  0.0000 11.9011
 12  44  0.0315  0.0000  6.8970
 20  44 -0.0420 -0.0066 12.1618
 28  44 -0.0378  0.0000 15.4368
 36  44  0.0298  0.0000 14.4096
 44  44  0.0479  0.0000 11.7813
 52  44  0.0304  0.0224 10.0703
 60  44 -0.0603  0.0000  9.0038
 68  44 -0.0120 -0.1562  7.5389
 76  44  0.0110  0.0000  7.3143
 84  44 -0.1468 -0.7158 12.0903
 92  44  0.0170  0.0000 13.0803
100  44 -0.0004  0.0000 11.1304
108  44 -0.0092  0.0000 12.0628
116  44  0.0076  0.0000  8.8276
124  44  0.0086  0.0000 21.6135
132  44 -0.0112  0.0000 16.1088
140  44 -0.0370  0.0000  0.0000
148  44 -0.0566 -0.0070  7.4941
156  44  0.0296  0.0129 16.8574
164  44  0.0098  0.0000 10.1648
172  44 -0.0165  0.0000 10.9216
180  44 -0.0206  0.0000 10.5482
188  44 -0.0191  0.0000 16.6325
196  44 -0.0637  0.0000  9.0006
204  44 -0.0767  0.0000  9.1045
212  44 -0.0670  0.0000  7.6107
220  44 -0.0573  0.0000  9.1118
228  44 -0.0393  0.0000 12.0000
236  44 -0.0056  0.0000 10.9834
244  44  0.0282 -0.0168 12.2480
252  44 -0.0674 -0.0094 14.0591
260  44 -0.0061  0.0000 24.5319
268  44 -0.1139  0.0000 11.0903
276  44 -0.3176  0.0000 13.8188
284  44 -0.4979  0.0000 12.0628
292  44 -0.3806  0.0000 11.0903
  4  52  0.0567  0.0165  8.8122
 12  52  0.3849  0.0000  8.7453
 20  52  0.0148  0.0000  8.2653
 28  52  0.0064  0.0000 12.5445
 36  52  0.0014  0.0000 17.0667
 44  52  0.0387  0.0000 11.1304
 52  52  0.0391  0.0000  0.0000
 60  52 -0.0037  0.0000  0.0000
 68  52 -0.0641  0.0000 16.1088
 76  52 -0.0951  0.0000 11.1304
 84  52 -0.0603  0.0000 16.1088
 92  52 -0.0496  0.0000 13.0803
100  52 -0.0214  0.0000 11.1304
108  52  0.0424  0.0000  0.0000
116  52  0.0752  0.0000 16.1088
124  52 -0.0505  0.0000 16.7450
132  52 -0.0823  0.0000 11.1304
140  52 -0.0806  0.0000 22.2609
148  52 -0.1092  0.0000  5.8678
156  52 -0.1432  0.0000 18.9142
164  52 -0.1424  0.0000 15.4548
172  52 -0.0925  0.0000  9.2097
180  52 -0.0533  0.0000 14.3779
188  52  0.0006 -0.0096 15.0650
196  52 -0.2990  0.0000 10.4450
204  52 -0.7513  0.0000  0.0000
212  52 -1.1595  0.0000 15.6775
220  52 -1.0295  0.0000 14.0146
228  52 -0.0105  0.0000 12.8227
236  52  1.1272  0.0000 13.3851
244  52 -0.0266  0.0000 11.0430
252  52  0.0000  0.0000 15.2023
260  52 -0.0000  0.0000 12.7607
268  52  0.1017  0.0000  9.4762
276  52  0.1111  0.0000 11.6687
284  52  0.0516  0.0000 17.6698
292  52 -0.0394  0.2361 15.8744
  4  60 -0.0897  0.0000 17.0667
 12  60 -0.1092  0.0000  0.0000
 20  60 -0.1071  0.0000  0.0000
 28  60 -0.0346  0.0000  0.0000
 36  60  0.1474  0.0000  0.0000
 44  60  0.3210  0.0000 11.1304
 52  60 -0.0192  0.0000  0.0000
 60  60 -0.0616  0.0000  0.0000
 68  60 -0.0592  0.0000  0.0000
 76  60 -0.1507  0.0000 11.1304
 84  60 -0.2682  0.0000  0.0000
 92  60 -0.3328  0.0000 15.2515
100  60 -0.2780 -0.1270 13.3759
108  60 -0.1638  0.0000  0.0000
116  60 -0.1646  0.0000  0.0000
124  60 -0.4569  0.0000 12.3458
132  60 -1.0675  0.0000 20.7059
140  60 -1.8533  0.0000 13.7544
148  60 -1.9161  0.0000  6.6336
156  60 -0.0452  0.0000  8.3285
164  60  1.8293  0.0000  8.1401
172  60 -0.1233  0.0000  7.4076
180  60 -0.0584  0.0000  7.0168
188  60  0.0085  0.0152  6.5469
196  60  0.2006 -0.2502  7.7669
204  60  0.2122  0.0000  7.3911
212  60  0.1551  0.0000 12.5445
220  60  0.0602  0.0000 11.1304
228  60 -0.0339  0.0000  8.5018
236  60 -0.1200  0.0000  7.3911
244  60 -0.1658  0.0000  7.8087
252  60 -0.0891  0.0000  8.5951
260  60  0.2547  0.0000 11.7363
268  60  0.9033  0.0000 10.8982
276  60  0.0580  0.1626 11.2904
284  60  0.0000  0.5000 11.1304
292  60  0.0000  0.0000  9.2067
  4  68 -0.1587  0.0000 17.0667
 12  68 -0.3588  0.0000  0.0000
 20  68 -0.5000  0.0000  8.8276
 28  68 -0.3902  0.0000  0.0000
 36  68 -0.1981  0.0000  0.0000
 44  68 -0.1845  0.0000  0.0000
 52  68 -0.3157  0.0000  0.0000
 60  68 -0.8803  0.0000 11.1304
 68  68 -2.1325  0.0000  0.0000
 76  68 -2.8274 -0.3035  7.6077
 84  68  0.0922 -0.1648 12.1741
 92  68  2.0891  0.0000 13.5576
100  68 -0.2131  0.0000 14.5615
108  68 -0.1029  0.0000 12.0628
116  68  0.0101  0.0000 11.1304
124  68  0.1863  0.0000 13.7544
132  68  0.2652  0.0000 11.1304
140  68  0.2567  0.0000 11.1304
148  68  0.1760  0.0000 12.3045
156  68  0.0520  0.0000 20.7059
164  68 -0.0986  0.0000 21.6135
172  68 -0.2185  0.0000  6.8970
180  68 -0.2275  0.0000 13.1337
188  68  0.1305 -0.0669 17.8865
196  68  1.9408  1.1840  8.0463
204  68  0.7008  0.0000  0.0000
212  68  0.0000 -0.5000  8.8276
220  68 -0.1053  0.0000 11.1304
228  68 -0.1316  0.0000 16.1088
236  68 -0.3236  0.0000  0.0000
244  68 -0.5623  0.0000 17.0667
252  68 -0.4348  0.0000  0.0000
260  68 -0.0855  0.0000  0.0000
268  68 -0.0610 -1.0000  8.9210
276  68  0.1254  0.0000 12.8600
284  68  0.0272 -0.3353 10.7647
292  68 -1.1613  0.0000 15.2216
  4  76 -1.6828  0.0000 11.1304
 12  76 -0.2054  0.0000 11.1304
 20  76  1.3288  0.0000  0.0000
 28  76 -0.2496  0.0000  0.0000
 36  76 -0.1259  0.0000  0.0000
 44  76 -0.0101 -0.1146 17.4161
 52  76  0.1755  0.0000 11.5903
 60  76  0.3105  0.0000  0.0000
 68  76  0.3551  0.0000 19.5188
 76  76  0.2883  0.0000  8.2706
 84  76  0.1480  0.2708  6.8394
 92  76 -0.0449  0.0000 17.4102
100  76 -0.1920  0.0000 20.7059
108  76 -0.2712  0.0000 11.1304
116  76 -0.2907  0.0403 10.5761
124  76  0.6240  0.0000  8.0000
132  76  0.0447  0.1744 12.1143
140  76 -0.2290  0.0000 11.9011
148  76 -0.1574  0.2778 12.4163
156  76  0.1676  0.0000 11.9011
164  76  0.0597  0.0564  8.8276
172  76 -0.5905  0.0000  0.0000
180  76 -0.5589  0.0000 11.1304
188  76  0.1151 -0.1151 16.5161
196  76  0.2066  0.0000 20.7059
204  76  0.3046  0.0000  0.0000
212  76  0.1530  0.0000  0.0000
220  76 -0.4664  0.0000  0.0000
228  76 -0.8539  0.0000 11.1304
236  76 -0.3930  0.0000 11.1304
244  76  0.3284  0.0000  0.0000
252  76 -0.2109  0.0000  0.0000
260  76 -0.1007  0.0000  0.0000
268  76  0.0166  0.0000  0.0000
276  76  0.1862  0.0000 12.0628
284  76  0.3531  0.0000 11.1304
292  76  0.4444  0.0000 12.5445
  4  84  0.3618  0.0000  0.0000
 12  84  0.1750  0.0000 11.1304
 20  84 -0.0302  0.0000 11.1304
 28  84 -0.1275  0.0000  0.0000
 36  84 -0.0557  0.0632 16.2106
 44  84 -0.2401  0.0000  8.0000
 52  84 -0.0532  0.0000 20.7059
 60  84 -0.2709  0.0000 10.1078
 68  84 -0.3341  0.0000 11.3696
 76  84 -0.0838 -0.0241 16.3404
 84  84  0.8981  0.0000  8.1212
 92  84  1.5000 -0.1110  8.4253
100  84 -0.5000  0.0000  8.8276
108  84 -1.0691  0.0000  0.0000
116  84 -0.4652  0.0000 11.1304
124  84  0.0324  0.0000 13.5576
132  84  0.2471  0.0000  4.0635
140  84  0.1057  0.0000 11.1304
148  84 -0.0610 -0.1159 10.1401
156  84 -0.3676  0.0000  0.0000
164  84 -0.5000  0.0000  8.8276
172  84 -0.2989  0.0000 12.0628
180  84 -0.1151  0.1151 16.5161
188  84 -0.0635  0.0000  0.0000
196  84  0.0158  0.0000  0.0000
204  84  0.1544  0.0000 11.1304
212  84  0.3432  0.0000 11.1304
220  84  0.5070  0.0000  0.0000
228  84  0.3790  0.0000 16.1088
236  84  0.1274  0.0000 11.1304
244  84 -0.1430  0.0000  0.0000
252  84 -0.3240  0.0000  0.0000
260  84 -0.2818  0.0000  4.0635
268  84 -0.3787  0.0000 11.1304
276  84 -0.3907  0.0000 11.1304
284  84 -0.4241  0.0000 16.1088
292  84 -0.2675  0.0000 11.1304
  4  92  0.1968  0.0000 11.1304
 12  92  1.0024  0.0000  0.0000
 20  92  1.3401  0.0000 16.1088
 28  92  0.1912  0.0000 12.4272
 36  92 -1.3070 -0.0337 12.4709
 44  92 -0.7504  0.0000 11.9011
 52  92 -0.0557  0.0193 15.2661
 60  92  0.2226  0.0594  7.2146
 68  92 -0.0652 -0.0031 11.7655
 76  92  0.0000  0.0000  9.5745
 84  92 -0.0000  0.0000  9.0008
 92  92 -0.2481  0.0000  9.7047
100  92 -0.2812  0.0000 12.0628
108  92  0.0000  0.3764  7.3143
116  92 -0.0409  0.0000 19.4783
124  92 -0.0369  0.0000  0.0000
132  92  0.0244  0.0000  0.0000
140  92  0.1841 -0.0418 12.3683
148  92  0.4681  0.0000  9.5738
156  92  0.2843  0.0000 11.1304
164  92  0.0284  0.0000  0.0000
172  92 -0.2464  0.0000 20.7059
180  92 -0.5000  0.0000  8.8276
188  92 -0.4151  0.0000  0.0000
196  92 -0.5162  0.0000 11.1304
204  92 -0.6115  0.0000  0.0000
212  92 -0.5662  0.0000  0.0000
220  92 -0.2921  0.0000 16.1088
228  92  0.2114  0.0000  0.0000
236  92  0.8143  0.0000 22.2609
244  92  1.0464  0.0000 11.1304
252  92  0.5002  0.0000  0.0000
260  92 -0.2948  0.0000  0.0000
268  92 -0.3026  0.0000  0.0000
276  92  0.0538  0.0000  0.0000
284  92  0.3049  0.0000 11.1304
292  92  0.2642  0.0000  0.0000
  4 100  0.2259  0.0134 13.2809
 12 100  0.1236  0.0581 12.4053
 20 100 -0.0913 -0.2044 18.7317
 28 100 -0.0389  0.1351 12.8863
 36 100  0.0000  0.2108  8.6122
 44 100 -0.0383  0.0000 20.7059
 52 100 -0.1065  0.0000 12.0628
 60 100 -0.1840  0.0000 10.0356
 68 100 -0.2269  0.0000  7.4054
 76 100 -0.0654  0.0000 11.1304
 84 100 -0.0577  0.0000  0.0000
 92 100 -0.1017  0.0000  0.0000
100 100 -0.1296  0.0000 19.4783
108 100  0.0000  0.0000 11.8583
116 100 -0.1802  0.0000 16.1088
124 100 -0.5470  0.0000  7.3911
132 100 -0.8141  0.0000 12.0628
140 100 -0.7611  0.0000 11.9011
148 100 -0.4416  0.0000 13.1641
156 100  0.0320  0.0000 16.1088
164 100  0.5070  0.0000 16.1088
172 100  0.7438  0.0000  0.0000
180 100  0.5880  0.0000 16.6957
188 100  0.3087  0.2685 11.1875
196 100 -0.0094  0.0000  0.0000
204 100  0.1822  0.0000  0.0000
212 100  0.5137  0.0000 11.1304
220 100  0.7500  0.0000 11.1304
228 100  0.8597  0.0000 16.1088
236 100  0.4994  0.0000  7.3143
244 100  0.0776 -0.2162  9.2125
252 100 -0.1125  0.0000 20.7059
260 100  0.1378  0.0000  0.0000
268 100  0.0404  0.0000 11.1304
276 100 -0.0578  0.0000  0.0000
284 100 -0.2123  0.0000 11.1304
292 100 -0.5000  0.0000 11.1304
  4 108 -0.4617  0.0000  0.0000
 12 108 -0.3764  0.0000  0.0000
 20 108 -0.3016 -0.1785 11.0795
 28 108 -0.2667  0.0000  7.3143
 36 108 -0.0492  0.0000 20.7059
 44 108 -0.1093  0.3577  9.2419
 52 108 -0.6546  0.0000  0.0000
 60 108 -1.0854  0.0000  0.0000
 68 108 -0.9825  0.0000  0.0000
 76 108 -0.6258  0.0000  0.0000
 84 108 -0.2162  0.0000  0.0000
 92 108  0.1205  0.0000 19.1045
100 108  0.2653 -0.0214  7.8796
108 108  0.0586  0.0000 12.0628
116 108 -0.5780  0.0000 11.1304
124 108 -0.5512  0.0000 11.1304
132 108  0.0000 -0.5000  8.8276
140 108  0.5437  0.0000 17.2183
148 108  0.9651  0.0000 11.1304
156 108  1.3070 -0.0337 12.4709
164 108  0.6275  0.0000 11.1304
172 108 -0.0130  0.0000  0.0000
180 108 -0.4665  0.0000 11.1304
188 108  0.3094  0.0000 16.1088
196 108  0.1705  0.0000  0.0000
204 108  0.1825  0.0000  0.0000
212 108  0.2799  0.0000  0.0000
220 108  0.2005  0.0000  0.0000
228 108 -0.3234  0.0000  0.0000
236 108 -0.4087  0.0000 12.0628
244 108 -0.5000 -0.1588 10.5785
252 108 -0.3024  0.0000 11.1304
260 108 -0.1720  0.0000  0.0000
268 108 -0.3027  0.0000  0.0000
276 108 -0.7977  0.0000 11.1304
284 108 -1.3070 -0.0337 12.4709
292 108 -1.0438  0.0000  0.0000
  4 116 -0.6631  0.0000 16.1088
 12 116 -0.3681  0.0000 11.1304
 20 116 -0.2181  0.0000  8.0000
 28 116 -0.2907  0.0403 10.5761
 36 116 -0.4355  0.0000 11.1304
 44 116 -2.0236  0.0000 10.3926
 52 116 -1.4279  0.0000 16.1088
 60 116 -0.1718  0.0000  0.0000
 68 116  0.3324  0.0000 11.1304
 76 116  0.4431  0.0000 20.7059
 84 116  0.5115  0.0000 11.9011
 92 116  0.0254  0.0542  7.3143
100 116 -0.4811  0.0000 17.0667
108 116 -1.0376  0.0000 12.0628
116 116  0.3601  0.0000 11.1304
124 116  0.1710  0.0000 11.1304
132 116  0.3316  0.0000 11.1304
140 116  0.8483  0.0000 19.1045
148 116  1.2596  0.3479  7.1968
156 116  0.1434 -0.5000  8.3934
164 116  0.1548  0.0000  0.0000
172 116 -0.0929  0.0000 13.5576
180 116 -0.0530  0.0000  0.0000
188 116 -0.1139  0.0000 11.1304
196 116 -0.2203  0.0000  0.0000
204 116 -0.4681  0.0000  0.0000
212 116 -0.7113  0.0000  0.0000
220 116 -0.5899  0.0000  0.0000
228 116 -0.3729  0.0000  0.0000
236 116 -0.2691  0.0000  0.0000
244 116 -0.1875  0.0000  0.0000
252 116 -0.0587  0.0000  0.0000
260 116  0.0000 -0.5000  8.8276
268 116 -3.5000  0.0711 12.2169
276 116 -1.9888  0.0000 16.1088
284 116  0.0382 -0.1028 16.6166
292 116  0.1484  0.0000  0.0000
  4 124 -0.2780  0.1270 13.3759
 12 124 -0.3206  0.0000  9.2086
 20 124 -0.5579  0.0000 13.3565
 28 124 -0.9424  0.0000  0.0000
 36 124 -1.5721  0.0000 16.1088
 44 124  0.1138  0.0000  7.2997
 52 124 -0.1374  0.0000  0.0000
 60 124  0.0444  0.0000  0.0000
 68 124  0.8248  0.0000  0.0000
 76 124  1.5371  0.0000 16.1088
 84 124  1.4655  0.0000 11.1304
 92 124  1.3984  0.0000  0.0000
100 124  0.3054  0.0000  0.0000
108 124  0.0698 -0.2911 10.5124
116 124 -0.1086  0.0000 17.2183
124 124  0.0200  0.0000 11.5903
132 124  0.1106  0.0000  0.0000
140 124  0.0631  0.0000 11.1304
148 124  0.0524  0.0000 16.1088
156 124  0.0604  0.5592  8.2306
164 124 -0.1375  0.0000 19.1045
172 124 -0.2946  0.0000 13.5576
180 124 -0.5000  0.0000  8.8276
188 124 -0.5342  0.0000 16.1088
196 124 -1.9435  0.0000 11.1304
204 124 -1.1331  0.0000  0.0000
212 124  0.0719  0.0000  0.0000
220 124  0.0112  0.0000 11.1304
228 124 -0.5746  0.0000  8.8276
236 124 -0.8150  0.0000  0.0000
244 124 -0.9143  0.0000 11.1304
252 124 -1.1385  0.0000 11.1304
260 124 -1.7733  0.0000  0.0000
268 124 -0.6464  0.0000  9.4948
276 124 -0.6563  0.0000 13.3565
284 124 -0.5000  0.0000  8.8276
292 124  0.5698  0.0000 11.1304
  4 132  1.6369  0.0000 12.0455
 12 132  2.3146  0.0000 19.1045
 20 132  2.5000  0.0000  8.8276
 28 132 -0.1253  0.2072 11.1304
 36 132 -1.1733  0.0000  8.5333
 44 132 -0.5121  0.0000  0.0000
 52 132  0.2980  0.0000  0.0000
 60 132  0.8239  0.0000 11.1304
 68 132  0.8457  0.0000 16.1088
 76 132  0.6071  0.0000  8.8276
 84 132  0.2836  0.0000  0.0000
 92 132 -0.0509  0.0000 11.1304
100 132 -0.1282  0.0000  0.0000
108 132 -0.1840  0.0000 13.3565
116 132 -0.1217 -0.1839 10.5879
124 132 -0.4215  0.0000  8.0190
132 132  0.1304  0.0000  0.0000
140 132  0.7098  0.0000  0.0000
148 132  0.0904  0.0000 16.1088
156 132 -0.9084  0.0000 11.1304
164 132 -1.1764  0.0000 16.1088
172 132 -0.9883  0.0000  0.0000
180 132 -0.8815  0.0000 11.1304
188 132 -1.3643  0.0000 11.1304
196 132 -1.1775  0.0000  0.0000
204 132 -0.8339  0.0000  0.0000
212 132 -0.4355  0.0000  0.0000
220 132  0.4374  0.0000 11.1304
228 132  1.3564  0.0000  0.0000
236 132  1.9281  0.0000  0.0000
244 132  1.7613  0.0000  0.0000
252 132  0.1766  0.0000  0.0000
260 132 -0.6059  0.0000  0.0000
268 132 -0.0646  0.0000  7.6255
276 132  0.9474  0.0000 17.7968
284 132  1.7286  0.0000  0.0000
292 132  1.5989  0.0000  0.0000
  4 140  1.0574  0.0000  0.0000
 12 140  0.4298  0.0000  0.0000
 20 140 -0.0563 -0.1121 14.0746
 28 140  0.0824 -0.2461  8.5976
 36 140  0.1601  0.0000 11.1304
 44 140  0.3542  0.0000  0.0000
 52 140  0.5715  0.0000  0.0000
 60 140  1.1195  0.0000 13.0803
 68 140  1.5000 -1.0000  7.4357
 76 140  0.1577  0.0000  0.0000
 84 140 -1.5140  0.0000  0.0000
 92 140 -1.5064  0.0000  0.0000
100 140 -0.7468  0.0000  0.0000
108 140 -0.0417  0.1134  7.3143
116 140 -0.1108 -0.0438  7.7669
124 140 -1.2441  0.0000 20.7059
132 140 -0.7805  0.0000  0.0000
140 140 -0.3423  0.0000 11.1304
148 140  0.2850  0.0000  0.0000
156 140  0.9143  0.0000  0.0000
164 140  1.2580  0.0000  8.2581
172 140  1.0611  0.0000  0.0000
180 140  0.2717  0.0000 11.1304
188 140 -0.0980  0.0000  0.0000
196 140  0.4074  0.0000  0.0000
204 140  1.4892  0.0000  0.0000
212 140  2.5000  0.0000  8.8276
220 140  2.0603  0.0000 11.1304
228 140  1.2848  0.0000  0.0000
236 140  0.5220  0.0000  0.0000
244 140  0.0000 -0.5000  8.8276
252 140  0.0806  0.0000 11.1304
260 140  0.2779  0.0000 16.1088
268 140  0.5632  0.0000 11.1304
276 140  0.8855  0.0000  0.0000
284 140  1.2106  0.0000 11.1304
292 140  1.1262  0.0000 16.1088
  4 148 -0.1151 -0.1151 16.5161
 12 148 -2.3677 -0.1145 12.8207
 20 148 -1.6048  0.0000 11.1304
 28 148 -0.1532  0.0000  0.0000
 36 148  1.2686  0.0000 16.1088
 44 148  2.2283  0.0000  0.0000
 52 148 -0.8965  0.0000  0.0000
 60 148 -0.5694  0.0000 13.1731
 68 148 -0.2601  0.0000  0.0000
 76 148  0.1210  0.0000  0.0000
 84 148  0.4875  0.0000  0.0000
 92 148  0.6566  0.0000 11.1304
100 148  0.5138  0.0000 11.1304
108 148  0.1341  0.0000  0.0000
116 148 -0.0180  0.0000 11.1304
124 148  0.3567  0.0000  0.0000
132 148  1.2112  0.0000  0.0000
140 148  1.8992  0.0000 11.1304
148 148  1.6872  0.0000  0.0000
156 148  1.0675  0.0000  0.0000
164 148  0.4351  0.0000  9.2850
172 148  0.0393  0.0000  0.0000
180 148  0.0443  0.0000  0.0000
188 148  0.2389  0.0000 11.1304
196 148  0.5177  0.0000 11.1304
204 148  0.7898  0.0000 16.1088
212 148  0.9307  0.0000 20.7059
220 148  0.6789  0.0000  0.0000
228 148 -0.2069  0.0000 11.1304
236 148 -1.2854  0.0000 20.7059
244 148 -0.6740  0.0000 11.1304
252 148  0.7467  0.0000  0.0000
260 148  2.5000 -0.1588 10.5785
268 148  3.7903  0.0000 20.7059
276 148 -0.3173  0.0000 16.1088
284 148 -0.2752  0.0000  0.0000
292 148 -0.1637  0.0000 11.1304
  4 156  0.0000  0.5000  8.0688
 12 156  0.1674  0.0000 11.1304
 20 156  0.2111  0.0000 16.1088
 28 156  0.1095  0.0000  0.0000
 36 156 -0.0865  0.0000  0.0000
 44 156 -0.1810  0.0000  0.0000
 52 156 -0.0101 -0.1146 17.4161
 60 156  0.6440  0.0000 16.1088
 68 156  1.1035  0.0000  0.0000
 76 156  0.9998  0.0000  0.0000
 84 156  0.5521  0.0000  0.0000
 92 156  0.1168  0.0000  0.0000
100 156 -0.1187  0.0000 11.1304
108 156 -0.0959  0.0000  0.0000
116 156  0.0849  0.0000  0.0000
124 156  0.3286  0.0000  0.0000
132 156  0.5443  0.0000  0.0000
140 156  0.6242  0.0000 11.1304
148 156  0.4421  0.0000  0.0000
156 156 -0.0143  0.0000  0.0000
164 156 -0.3719  0.0000 11.1304
172 156  0.1068  0.5000 14.1617
180 156  0.9463  0.0000 11.1304
188 156  2.0578  0.0000 16.1088
196 156  3.2535  0.0000  0.0000
204 156  0.2454  0.0000 11.1304
212 156 -0.0070  0.0000 11.1304
220 156 -0.0465  0.0000  8.2581
228 156  0.0017  0.0000 11.1304
236 156  0.0074  0.0000 11.1304
244 156 -0.0577  0.0000  0.0000
252 156 -0.1245  0.0000  0.0000
260 156 -0.2078  0.0000  0.0000
268 156 -0.2285  0.0000 11.1304
276 156 -0.0879  0.0000 11.1304
284 156  0.2711  0.0000  0.0000
292 156  0.4925  0.0000 17.0667
  4 164  0.3439  0.0000  0.0000
 12 164 -0.0703  0.0000 16.1088
 20 164 -0.3339  0.0000 12.0628
 28 164 -0.3989  0.0000  0.0000
 36 164 -0.3057  0.0000  0.0000
 44 164 -0.1216  0.0000 11.1304
 52 164  0.0952  0.0000  8.0000
 60 164  0.2869  0.0000  0.0000
 68 164  0.3881  0.0000  0.0000
 76 164  0.3429  0.0000  0.0000
 84 164  0.1795  0.0000  8.4768
 92 164  0.0866  0.0000  0.0000
100 164  0.2929  0.0000  0.0000
108 164  0.6036  0.0000 11.1304
116 164  0.9710  0.0000  0.0000
124 164  1.4330  0.0000  0.0000
132 164  0.5000  0.0000 11.1304
140 164  0.0833  0.0000  0.0000
148 164  0.0191  0.0000  0.0000
156 164  0.0796  0.0000  0.0000
164 164 -0.0038  0.0000 11.1304
172 164 -0.1556  0.0000 12.2969
180 164 -0.1760  0.0000  0.0000
188 164 -0.1899  0.0000  0.0000
196 164 -0.1716  0.0000  0.0000
204 164 -0.0734  0.0000  0.0000
212 164  0.0954  0.0000 11.1304
220 164  0.1456  0.0000  6.8903
228 164 -0.1022  0.0000  0.0000
236 164 -0.6647  0.0000 11.1304
244 164 -0.7613  0.0000  0.0000
252 164 -0.6509  0.0000  0.0000
260 164 -0.4854  0.0000  0.0000
268 164 -0.3046  0.0000  0.0000
276 164 -0.1144  0.0000  0.0000
284 164  0.0744  0.0000  0.0000
292 164  0.2343  0.0000  0.0000
  4 172  0.3314  0.0000  0.0000
 12 172  0.3656  0.0000  0.0000
 20 172  0.3848  0.0000 16.1088
 28 172  0.4053  0.0000 16.1088
 36 172  0.2851  0.0000 11.1304
 44 172 -0.0452  0.1188 13.2497
 52 172 -0.2961  0.0000 13.5576
 60 172  0.1199  0.0000  0.0000
 68 172 -0.1177  0.0000  0.0000
 76 172 -0.0383  0.0000  0.0000
 84 172  0.1960 -0.5000 11.1304
 92 172  0.1261  0.0000 11.1304
100 172  0.0173  0.0000  0.0000
108 172 -0.0174  0.0000  0.0000
116 172 -0.0295  0.0000  0.0000
124 172 -0.0245  0.0000  0.0000
132 172  0.0153  0.0000 11.1304
140 172  0.0733  0.0000 11.1304
148 172  0.0470  0.0000 12.0628
156 172 -0.2157 -0.0689  7.4724
164 172 -1.0835  0.0000  8.6149
172 172 -0.9390  0.0000 20.7059
180 172 -0.6927  0.0000 11.1304
188 172 -0.5266  0.0000  0.0000
196 172 -0.4032  0.0000  0.0000
204 172 -0.2654  0.0000  0.0000
212 172 -0.0791  0.0000 11.1304
220 172  0.1557  0.0000  0.0000
228 172  0.3982  0.0000 16.1088
236 172  0.6095  0.0000  0.0000
244 172  0.7622  0.0000  0.0000
252 172  0.7958  0.0000  0.0000
260 172  0.5742  0.0000  0.0000
268 172  0.0000 -0.5000  8.8276
276 172 -0.7236  0.0000  0.0000
284 172 -0.1057  0.0000  0.0000
292 172 -0.4281  0.0000 11.1304
  4 180 -0.2348  0.0000 17.0667
 12 180  0.0864  0.0000 11.1304
 20 180  0.2118  0.0000  8.2581
 28 180  0.2374  0.0000 11.1304
 36 180  0.2422  0.0000 19.1045
 44 180  0.2233  0.0000 11.1304
 52 180  0.1839  0.0000 17.0667
 60 180  0.1489  0.0000  0.0000
 68 180  0.1205  0.0000  0.0000
 76 180  0.0391  0.0000 11.1304
 84 180 -0.1890  0.0000  0.0000
 92 180 -0.6012  0.0000  0.0000
100 180 -0.5214  0.0000 11.1304
108 180 -0.3903  0.0000  0.0000
116 180 -0.3891  0.0000  0.0000
124 180 -0.4080  0.0000  0.0000
132 180 -0.3591  0.0000  0.0000
140 180 -0.1846  0.0000  0.0000
148 180  0.1379  0.0000 11.1304
156 180  0.5325  0.0000 10.4446
164 180  0.9243  0.0000  7.1968
172 180  1.2626  0.0000  0.0000
180 180  1.4815  0.0000  0.0000
188 180  1.4470  0.0000  0.0000
196 180  0.9572  0.0000  0.0000
204 180  0.2198  0.0000 11.1304
212 180  0.4043  0.4043  8.0000
220 180 -0.5000  0.0000  8.8276
228 180 -0.1760  0.0000 16.1088
236 180  0.1847  0.0000  0.0000
244 180  0.4001  0.0000 17.0667
252 180  0.5207  0.0000  0.0000
260 180  0.5731  0.0000  0.0000
268 180  0.5407  0.0000 11.1304
276 180  0.4292  0.0000 11.1304
284 180  0.3018  0.0000 11.1304
292 180  0.2088  0.0000 11.1304
  4 188  0.1255  0.0000 11.1304
 12 188  0.0054  0.0000 11.1304
 20 188 -0.1112  0.0000 11.1304
 28 188  0.0000 -0.1960 11.1304
 36 188  0.0000  0.0000 13.9636
 44 188 -0.2150  0.0000  0.0000
 52 188 -0.3823  0.0000  0.0000
 60 188 -0.4178  0.0000  0.0000
 68 188 -0.2567  0.0000 11.1304
 76 188  0.1772  0.0000 11.1304
 84 188  0.7186  0.0000 11.1304
 92 188  1.2597  0.0000  0.0000
100 188  1.7642  0.0000  0.0000
108 188  2.2085  0.0000  0.0000
116 188  2.5000  0.0000  8.8276
124 188  2.1978  0.0000 11.1304
132 188  1.8406  0.0000 11.1304
140 188  1.4769  0.0000  0.0000
148 188  0.6265  0.0000  0.0000
156 188  0.5956  0.0000 11.1304
164 188  0.6212  0.0000  9.4208
172 188  0.7235  0.0000 11.1304
180 188  0.8706  0.0000  0.0000
188 188  0.9681  0.0000  8.8276
196 188  0.9155  0.0000  0.0000
204 188  0.6892  0.0000  0.0000
212 188  0.4318  0.0000 11.1304
220 188  0.2816  0.0000 15.6775
228 188  0.2119  0.0000  0.0000
236 188  0.1492  0.0000 11.1304
244 188  0.0976  0.0000 11.1304
252 188  0.0977  0.0000  0.0000
260 188  0.0012  0.0000  0.0000
268 188 -0.2137  0.0000 11.1304
276 188 -0.3818  0.0000  0.0000
284 188 -0.4152  0.0000 11.1304
292 188 -0.2620  0.0000  0.0000
  4 196  0.3259  0.0000 11.1304
 12 196  0.9692  0.0000 19.4783
 20 196  1.5562  0.0000  8.0000
 28 196  2.0948  0.0000 16.1088
 36 196  2.5930  0.0000 22.2609
 44 196  2.9908  0.0000 11.1304
 52 196  3.1497  0.0000  0.0000
 60 196  3.4096  0.0000 11.1304
 68 196  2.5000  0.0000  8.8276
 76 196  1.4896  0.0000 11.1304
 84 196  1.3070  0.0337 12.4709
 92 196  0.9506  0.0000 12.0628
100 196  0.9684  0.0000 11.1304
108 196  1.2023  0.0000 16.1088
116 196  1.4058  0.0000 11.1304
124 196  1.3557  0.0000 11.1304
132 196  0.9434  0.0000  0.0000
140 196  0.4831  0.0000  0.0000
148 196  0.2863  0.0000  0.0000
156 196  0.2503  0.0000 16.1088
164 196  0.2001  0.0000  9.4208
172 196  0.1231  0.0000  0.0000
180 196  0.0304  0.0000  0.0000
188 196 -0.1183  0.0000 17.0667
196 196 -0.2796  0.0000 11.1304
204 196 -0.3199  0.0000  0.0000
212 196 -0.1746  0.0000 11.1304
220 196  0.0000 -0.5000  8.8276
228 196  0.7542  0.0000 17.2183
236 196  1.3420  0.0000 11.1304
244 196  1.7989  0.0000 11.1304
252 196  2.2302  0.0000  0.0000
260 196  2.6967  0.0000  0.0000
268 196  3.2014  0.0000  0.0000
276 196  3.7450  0.0000  0.0000
284 196  4.5415  0.0000 16.1088
292 196  2.3056  0.0000 11.1304
  4 204  1.3259  0.0000 11.1304
 12 204  0.9012  0.0000 19.4783
 20 204  0.6297  0.0000 11.1304
 28 204  0.9198  0.0000 11.1304
 36 204  1.4361  0.0000 17.0667
 44 204  1.8645  0.0000  0.0000
 52 204  1.8906  0.0000  0.0000
 60 204  1.1796  0.0000 16.1088
 68 204  0.3966  0.0000  8.4768
 76 204  0.1993  0.0000  0.0000
 84 204  0.2450  0.0000 11.1304
 92 204  0.1702  0.0000  0.0000
100 204  0.0352  0.0000 11.1304
108 204 -0.1222  0.0000  8.0000
116 204 -0.2962  0.0000 11.1304
124 204 -0.3795  0.0000 11.1304
132 204 -0.1699  0.0000  0.0000
140 204  0.5788  0.0000  0.0000
148 204  1.3905  0.0000  0.0000
156 204  1.7049  0.0000 17.0667
164 204  1.8116  0.0000  8.7810
172 204  1.9043  0.0000  0.0000
180 204  2.1026  0.0000 11.1304
188 204  2.4860  0.0000 11.1304
196 204  3.0902  0.0000 11.1304
204 204  3.9281  0.0000  0.0000
212 204  5.1065  0.0000 11.1304
220 204  1.2315  0.0000  0.0000
228 204  0.5458  0.0000 19.1045
236 204  0.1834  0.0000  0.0000
244 204  0.0418  0.1521 12.6567
252 204  0.7730  0.0000  0.0000
260 204  1.6228  0.0000  0.0000
268 204  2.2974  0.0000 11.1304
276 204  2.5000  0.0000  8.8276
284 204  1.4023  0.0000  4.0635
292 204  0.1960  0.0000 11.1304
  4 212  0.0655  0.0000 11.1304
 12 212  0.2080 -0.2715 12.3107
 20 212  0.0386  0.0000 16.1088
 28 212 -0.1669  0.0000 11.1304
 36 212 -0.3610  0.3610  5.9535
 44 212 -0.5549  0.0000  0.0000
 52 212 -0.6063  0.0000 11.1304
 60 212 -0.2907  0.0403 10.5761
 68 212  1.0324  0.0000 11.1304
 76 212  2.5000  0.1588 10.5785
 84 212  2.2783  0.0000 19.1045
 92 212  1.8997  0.0000  0.0000
100 212  1.6168  0.0000 11.1304
108 212  1.5527  0.0000 11.1304
116 212  1.8423  0.0000 11.1304
124 212  2.5683  0.0000 11.1304
132 212  3.6714  0.0000 11.1304
140 212  5.1342  0.0000  0.0000
148 212 -0.3237  0.0000  0.0000
156 212 -0.4446  0.0000 11.1304
164 212 -0.3327  0.0000  8.7810
172 212  0.0660  0.0000 11.1304
180 212  0.9370  0.0000  0.0000
188 212  1.8742  0.0000  0.0000
196 212  2.5196  0.0000  0.0000
204 212  2.5414  0.0000 11.1304
212 212  1.6476  0.0000  0.0000
220 212  0.5701  0.0000 16.1088
228 212  0.0541  0.4223  8.3718
236 212 -0.1023  0.0000 16.1088
244 212 -0.3080  0.0000 16.1088
252 212 -0.5323  0.0000 11.1304
260 212 -0.7441  0.0000  0.0000
268 212 -0.9082  0.0000  0.0000
276 212 -0.9019  0.0000  0.0000
284 212 -0.5476  0.0000  0.0000
292 212  0.3615  0.0000 16.1088
  4 220  1.2984  0.0000 16.1088
 12 220  1.4872  0.0000 11.1304
 20 220  1.2164  0.0000 11.1304
 28 220  0.7569  0.0000  0.0000
 36 220  0.4282  0.0000 16.1088
 44 220  0.6036  0.0000  0.0000
 52 220  1.5560  0.0000 11.1304
 60 220  2.9945  0.0000 11.1304
 68 220  4.7536  0.0000  0.0000
 76 220 -2.0739  0.0000  0.0000
 84 220 -1.5772  0.0000 11.1304
 92 220 -0.8854  0.0000  0.0000
100 220  0.1057 -0.3909  6.6232
108 220  1.2503  0.0000 16.0994
116 220  2.3625  0.0000 13.5576
124 220  3.0413  0.0000 11.1304
132 220  2.9401  0.0000  0.0000
140 220  2.0364  0.0000 11.1304
148 220  0.8656  0.0000  0.0000
156 220  0.0039  0.0000  0.0000
164 220 -0.4557  0.0000  9.2850
172 220 -0.7408  0.0000  0.0000
180 220 -0.9866  0.0000  0.0000
188 220 -1.2234  0.0000  0.0000
196 220 -1.4052  0.0000  0.0000
204 220 -1.4377  0.0000  8.8276
212 220 -1.2532  0.0000  0.0000
220 220 -0.8919  0.0000 11.1304
228 220 -0.5000  0.0000  8.8276
236 220  0.3308 -0.1127 11.8471
244 220  0.2891  0.0000  0.0000
252 220 -0.4641  0.0000  0.0000
260 220 -1.3351  0.0000  0.0000
268 220 -1.5000  0.0000  8.2581
276 220  0.0000  1.0000 11.1304
284 220  1.9675  0.0000 16.1088
292 220  4.1540  0.0000  0.0000
