VARIABLES= "X pix", "Y pix", "U pix/dt", "V pix/dt", "CHC", ZONE I=28, J=37
  4   4  0.0000  0.0000 10.4960
 12   4  0.0000  0.0000 10.8649
 20   4 -0.0015  0.0094 10.5760
 28   4  0.0000  0.0000 10.9708
 36   4  0.0000  0.0000 11.1089
 44   4  0.0000  0.0000 11.0456
 52   4  0.0000  0.0000 11.0456
 60   4  0.0000  0.0000 11.0456
 68   4  0.0000  0.0000 11.6152
 76   4  0.0000  0.0000 10.0666
 84   4  0.0000  0.0000 10.8649
 92   4  0.0000  0.0000 12.7772
100   4  0.0081  0.0415 12.3609
108   4 -0.0095 -0.0817 12.5762
116   4  0.0000  0.0085 11.1180
124   4 -0.0133 -0.0088 10.9912
132   4  0.0006  0.0273 11.5443
140   4  0.0000  0.0000 11.4066
148   4  0.0000  0.0000 11.7754
156   4  0.0000  0.0000 12.4520
164   4 -0.0529 -0.0112 11.8358
172   4  0.0000  0.0000 11.9577
180   4  0.0000  0.0000 11.7139
188   4  0.0000  0.0000 11.9483
196   4  0.0000  0.0000 10.8336
204   4  0.0000  0.0000 11.7754
212   4  0.0000  0.0000 11.6831
220   4  0.0000  0.0000 12.1344
228   4  0.0000  0.0000 12.1187
236   4  0.0000  0.0000  8.7515
244   4  0.0000  0.0000  8.8660
252   4  0.0014  0.1209 10.9808
260   4  0.0000 -0.0373 10.7820
268   4  0.0955  0.0753 10.4811
276   4  0.0140 -0.0686 12.1501
284   4  0.0000  0.0000 13.0803
292   4  0.0988 -0.0098 13.1230
  4  12 -0.0203  0.0278  8.7490
 12  12 -0.0056  0.0989  9.7816
 20  12  0.0000  0.0000  9.6728
 28  12  0.0968 -0.0222 10.8354
 36  12  0.0619  0.0944 19.1402
 44  12 -0.1459 -0.0207 14.3070
 52  12 -0.0269  0.1027 10.9788
 60  12  0.0000  0.0000  8.5237
 68  12 -0.0435  0.0186 13.9444
 76  12  0.0000  0.0000 11.1803
 84  12 -0.0407 -0.0025  8.5562
 92  12  0.0000  0.0000  8.7241
100  12 -0.0499 -0.0178  9.1629
108  12  0.0644  0.0163  9.8544
116  12 -0.0462  0.0552  9.8535
124  12  0.0000  0.0000 10.2197
132  12 -0.0205  0.0410  9.7656
140  12  0.0000  0.0000  9.9787
148  12  0.0000  0.0000 10.2413
156  12  0.0000  0.0387 10.2976
164  12  0.0169  0.0109 11.6483
172  12  0.0000 -0.0000  8.9291
180  12  0.0000  0.0000  9.8877
188  12  0.0000  0.0000  9.9763
196  12  0.0000  0.0000  8.9035
204  12  0.0015 -0.0011 10.6965
212  12  0.0000  0.0000 16.2780
220  12  0.0000  0.0000 13.4581
228  12  0.0578 -0.0865  9.2865
236  12  0.0162  0.2303  6.9439
244  12  0.2606  0.0748 12.1724
252  12  0.1073  0.3506 10.0438
260  12  0.0000 -0.0265 11.0026
268  12 -0.0671  0.0171 11.1440
276  12  0.0000  0.0000 10.9347
284  12  0.0000  0.0000  8.8430
292  12  0.0000  0.0000  7.4041
  4  20  0.0057 -0.0044 15.5820
 12  20  0.0416 -0.0431 13.3830
 20  20  0.0000  0.0269 11.7949
 28  20  0.0000  0.0000 12.7995
 36  20 -0.0150 -0.0001 12.9894
 44  20  0.0000  0.0000 12.7278
 52  20  0.0438  0.0059 14.0499
 60  20  0.0000 -0.0187 16.3420
 68  20  0.0223  0.0021 16.0583
 76  20  0.0154 -0.0016 18.4231
 84  20 -0.0339  0.0439 14.6642
 92  20  0.0020 -0.0314 14.1524
100  20  0.0075  0.0460 10.7096
108  20 -0.0075  0.0168  9.0082
116  20  0.0082 -0.0322 13.4797
124  20 -0.0203  0.0016 12.6764
132  20  0.0211 -0.0023 13.0469
140  20 -0.0222 -0.0036 12.5681
148  20 -0.0011 -0.0035 13.1634
156  20  0.0043  0.0229 12.7068
164  20 -0.0110  0.0158 13.6467
172  20 -0.0024 -0.0163 13.1720
180  20  0.0023 -0.0088 12.5263
188  20  0.0214 -0.0008 17.4358
196  20 -0.0025 -0.0234 16.4260
204  20 -0.0277  0.0042 18.3716
212  20  0.0008 -0.0060 19.8150
220  20 -0.0185 -0.0401 32.7542
228  20 -0.0400 -0.1312 20.3566
236  20 -0.0581  0.1519 14.0440
244  20 -0.1429 -0.0634 13.4554
252  20  0.0000 -0.0705 15.9896
260  20  0.0660 -0.0928 10.6723
268  20 -0.0562 -0.1384  8.9063
276  20 -0.0322  0.0647 10.3252
284  20 -0.0173 -0.0839 10.3288
292  20 -0.0050  0.0000 14.5950
  4  28  0.0000  0.0000  9.6368
 12  28  0.0000  0.0000  9.8612
 20  28  0.0000  0.0000 10.4466
 28  28 -0.0003 -0.0092  9.6148
 36  28  0.0129  0.0032  9.9960
 44  28  0.0047 -0.0146 10.6349
 52  28 -0.0014  0.0135 10.2062
 60  28  0.0000  0.0000 10.2735
 68  28 -0.0187 -0.0248 10.5356
 76  28 -0.0181  0.0007 10.6321
 84  28 -0.0063 -0.0026  9.9318
 92  28  0.0000  0.0000  9.7279
100  28  0.0121 -0.0283 11.1795
108  28 -0.0010  0.0105 16.5239
116  28  0.0000  0.0000  9.5380
124  28 -0.0054  0.0102 10.4190
132  28 -0.0036  0.0047  9.0867
140  28  0.0000  0.0000  9.6539
148  28  0.0000  0.0000  9.9409
156  28 -0.0141 -0.0017 20.1396
164  28  0.0444 -0.0115 14.3166
172  28  0.1549 -0.0908 12.3762
180  28 -0.0047  0.0301 17.9443
188  28 -0.0053  0.0175 14.0108
196  28  0.0000  0.0000  9.7882
204  28 -0.0101  0.0005 10.0794
212  28  0.0016 -0.0005 10.5850
220  28 -0.0016 -0.0151 11.7415
228  28  0.0055 -0.0141 10.6607
236  28  0.0002  0.0018 10.2019
244  28 -0.0003  0.0019 10.6271
252  28  0.0127  0.0006 10.5755
260  28  0.0312 -0.0105 17.2131
268  28  0.0013  0.0044 18.0169
276  28  0.0264 -0.0133 22.4678
284  28 -0.0188  0.0094 21.4260
292  28  0.0000  0.0000 16.3785
  4  36  0.0000 -0.0000  7.7310
 12  36 -0.0061  0.0106  8.0032
 20  36  0.0015 -0.0010  6.9312
 28  36  0.0000  0.0000  6.4556
 36  36  0.0000  0.0000  7.1156
 44  36  0.0000  0.0000  6.5849
 52  36  0.0000  0.0000  8.0842
 60  36  0.0000  0.0000  9.2282
 68  36  0.0000  0.0000  9.2865
 76  36  0.0000  0.0000  8.7788
 84  36  0.0000  0.0000 10.4368
 92  36  0.0987 -0.0338 11.3901
100  36  0.0000  0.0000 10.0228
108  36  0.0000  0.0000  8.2581
116  36 -0.0780  0.0339  8.0604
124  36 -0.1361 -0.0372  6.2751
132  36  0.0000  0.1967  8.5333
140  36 -0.8176  2.5000  7.3397
148  36 -0.0314 -0.1707 12.7981
156  36  0.0009 -0.0032 11.4849
164  36  0.0302  0.0099 15.5403
172  36 -0.0047 -0.0008 14.7146
180  36  0.0000  0.0000 11.3694
188  36 -0.0064  0.0112 14.0882
196  36  0.0168 -0.0548  7.3186
204  36  0.0000  0.0000 12.9293
212  36  0.0000  0.0000 14.6166
220  36  0.0070  0.1846 11.5091
228  36  0.0000  0.0000 15.0196
236  36  0.0000  0.0000 13.3965
244  36 -0.1948  0.1652 10.2329
252  36  0.0000  0.0000 11.2634
260  36 -0.0303 -0.0766  8.3780
268  36 -0.0505  0.1965  7.4675
276  36 -0.0096  0.2162  7.0522
284  36 -0.0050 -0.0213  7.4729
292  36 -0.0554  0.0078  8.3780
  4  44 -0.5000 -0.1588 10.5785
 12  44  0.4127 -0.2320 12.1248
 20  44  0.0000  0.0000 15.4368
 28  44  0.0000  0.0000 12.4405
 36  44  0.0000  0.0000 15.4368
 44  44  0.0000  0.0000 12.1260
 52  44  0.0000  0.0000 10.5606
 60  44  0.0000  0.0000  8.7453
 68  44  0.0000  0.0000 10.1857
 76  44  0.0000  0.1986  8.2944
 84  44  0.0000  0.0000 11.2095
 92  44  0.0000  0.0000 12.0628
100  44  0.0000  0.0000 16.1088
108  44  0.0000  0.0000  0.0000
116  44  0.0000  0.0000  0.0000
124  44 -0.4342  0.1409  8.7273
132  44  0.0000  0.0000 11.1304
140  44  0.0000  0.0000  0.0000
148  44  0.6577 -0.3365  7.8355
156  44  0.0002  0.0011 18.6308
164  44  0.0065 -0.0070  9.8807
172  44  0.0157 -0.0019 11.0945
180  44  0.0003  0.0059  9.1614
188  44 -0.0540  0.0160  9.8127
196  44  0.0000  0.0000  6.4254
204  44  0.0000  0.0000  9.3399
212  44  0.0269  0.0044  8.8842
220  44  0.0000  0.0000  8.9436
228  44  0.0033 -0.1662 12.5292
236  44  0.0000  0.0000 10.9824
244  44 -0.0128  0.1206 11.2351
252  44  0.0000  0.0000 14.0146
260  44  0.0000  0.0000 11.9011
268  44  0.0000  0.0000  6.8970
276  44  0.0000  0.0000 11.0903
284  44  0.0000  0.0000 16.1088
292  44 -0.0714  0.0270  9.7298
  4  52  0.0000  0.0000  8.9436
 12  52 -0.0703 -0.3324  7.5054
 20  52  0.0000  0.0000  9.7047
 28  52  0.0000  0.0000 12.5445
 36  52  0.0000  0.0000 11.6053
 44  52  0.0000  0.0000  0.0000
 52  52  0.0000  0.0000  0.0000
 60  52  0.0000  0.0000  0.0000
 68  52  0.0000  0.0000  0.0000
 76  52  0.0000  0.0000 11.1304
 84  52  0.0000  0.0000 11.1304
 92  52  0.0000  0.5000  8.0688
100  52  0.0000  0.0000 11.1304
108  52  0.0000  0.0000  0.0000
116  52  0.0000  0.0000 11.1304
124  52  0.0000  0.0000  0.0000
132  52  0.0000  0.0000  0.0000
140  52  0.0000  0.0000  0.0000
148  52  0.3244 -0.0181  8.0262
156  52  0.0066 -0.0002 12.3416
164  52 -0.0037 -0.0005 20.0049
172  52 -0.0022 -0.0020  9.9553
180  52 -0.0015 -0.0035 12.9567
188  52  0.0422 -0.0108 15.6451
196  52  0.0144 -0.0297  6.0844
204  52  0.0000  0.0000 16.1088
212  52  0.0000  0.0000  0.0000
220  52  0.0000  0.0000  8.0000
228  52  0.0000  0.0000 15.5297
236  52  0.0000  0.0000 17.8861
244  52 -0.1885  0.0193  8.4565
252  52  0.0000  0.0000 13.3851
260  52  0.0000  0.0000  9.4762
268  52 -0.0545 -0.0803  8.7623
276  52 -0.1428 -0.1197  8.5757
284  52  0.1095  0.0327 12.3871
292  52  0.0000  0.1028  8.3592
  4  60  0.0000  0.0000 13.5576
 12  60  0.0000  0.0000 11.1304
 20  60  0.0000  0.0000 11.1304
 28  60  0.0000  0.0000  0.0000
 36  60  0.0000  0.0000  0.0000
 44  60  0.0000  0.0000  0.0000
 52  60  0.0000  0.0000  0.0000
 60  60  0.0000  0.0000  0.0000
 68  60  0.0000  0.0000  0.0000
 76  60  0.0000  0.0000  0.0000
 84  60 -0.5000  0.0000  8.8276
 92  60  0.0000  0.0000 16.1088
100  60  5.1203     NaN  5.4468
108  60  0.0000  0.0000 19.4783
116  60  0.0000  0.0000  0.0000
124  60  0.0000  0.0000  0.0000
132  60  0.0000  0.0000  0.0000
140  60  0.0000  0.0000 13.7544
148  60  0.0026 -0.0035  7.2060
156  60  0.0000  0.0000 11.1667
164  60  0.0183  0.0055 11.4694
172  60  0.0000  0.0000 11.4263
180  60 -0.0023 -0.0105 11.3921
188  60 -0.0052 -0.0001 10.6720
196  60  0.0236 -0.0751  7.6719
204  60 -0.1074 -0.2100 10.7710
212  60 -0.0677 -0.2094  9.3970
220  60  0.2208 -0.1192  7.0932
228  60  0.0000  0.2697  7.3143
236  60  0.0000  0.0000  7.5563
244  60 -0.0316  0.1749  8.6916
252  60  0.1955 -0.1640  9.5974
260  60 -0.1157  0.0088 12.2784
268  60 -0.0558  0.0080 10.6810
276  60 -0.0536 -0.0097 12.8987
284  60 -0.0862  0.0755 18.1547
292  60  0.1562  0.0053  6.7197
  4  68  0.5000  0.0000  8.4768
 12  68  0.0000  0.0000 11.1304
 20  68  0.0000  0.0000  0.0000
 28  68  0.0000  0.0000  0.0000
 36  68  0.0000  0.0000  0.0000
 44  68  0.0000  0.0000  0.0000
 52  68 -0.3577  2.5000 13.4737
 60  68  0.0000 -0.1960 11.1304
 68  68 -0.6306 -0.1105 11.2757
 76  68  0.0000  0.0000 21.1313
 84  68  0.0000  0.0000 16.6957
 92  68  0.0000  0.0000 11.8053
100  68 -0.1960  2.5000 11.1304
108  68 -0.0977 -0.0299 18.3529
116  68  0.0000  0.0000 11.0903
124  68  0.2559 -0.2754 10.2576
132  68  0.0000  0.0000  8.4768
140  68  0.0000  0.0000 12.0628
148  68  0.0000  0.0000 12.6030
156  68 -0.0090 -0.1944 16.1041
164  68  0.0000  0.0000 13.2966
172  68  0.0000  0.0000 12.1905
180  68  0.1854  0.1854  7.8578
188  68  0.5683  0.0715  9.9021
196  68 -0.0682 -0.2433  7.3745
204  68 -0.2414  0.0000 11.1304
212  68  0.0000  0.0000  0.0000
220  68  0.0000  0.0000  0.0000
228  68  0.0000  0.0000  0.0000
236  68  0.0000  0.0000  0.0000
244  68 -1.5000  0.0000  8.2581
252  68  0.0000  0.0000 11.1304
260  68  0.0000  0.0000 16.1088
268  68  0.0000  0.0000 11.9011
276  68 -0.1241  0.0900  9.7710
284  68 -0.1159  0.0670  9.9996
292  68  0.1714  0.1688 12.2235
  4  76  0.0000  0.0000  0.0000
 12  76  0.0000  0.0000 11.1304
 20  76  0.0000 -0.5000  8.8276
 28  76  0.0000  0.0000  0.0000
 36  76  0.0000  0.0000  0.0000
 44  76 -0.1146 -0.0101 17.4161
 52  76  0.0000  0.0000 20.7059
 60  76  0.0000  0.0000 16.1088
 68  76  0.0468 -0.0836 17.2308
 76  76 -0.0464  0.0000 10.0263
 84  76  0.1198  0.3767  8.0892
 92  76 -0.0034  0.0338 12.2189
100  76  0.0000  0.0000 20.7059
108  76 -0.5000  0.0000 14.1070
116  76  0.0000  0.0000  0.0000
124  76  1.3737  0.3471  8.2581
132  76  0.0000  0.0000 11.9011
140  76  0.0000  0.0000 11.1304
148  76  0.1028 -0.1877 14.2646
156  76  0.0000  0.0000  8.0190
164  76  0.0000  0.0000 13.9636
172  76  0.0000  0.0000 11.1304
180  76  0.0000  0.0000  0.0000
188  76  0.0000  0.0000 16.4760
196  76  0.0000  1.7251  8.5018
204  76  0.2640 -0.0181 12.1905
212  76  0.0000  0.0000  0.0000
220  76  0.0000  0.0000  0.0000
228  76  0.0000  0.0000 11.1304
236  76  0.0000  0.0000 11.1304
244  76 -0.5000 -0.1588 10.5785
252  76  0.0000  0.0000  0.0000
260  76  0.0000  0.1960 11.1304
268  76  0.2780  0.1270 13.3759
276  76  0.0000  2.5000  8.8276
284  76 -0.0418 -0.1521 12.6567
292  76  0.0000  0.0000 16.1088
  4  84  0.0000  0.0000  0.0000
 12  84  0.0000  0.0000 11.1304
 20  84  0.0000  0.0000  0.0000
 28  84 -0.1546  0.0660 18.6254
 36  84  0.2907 -0.0403 10.5761
 44  84  0.0000  0.0000 22.2609
 52  84  0.0000  0.0000 22.2609
 60  84  0.0827  0.1355 14.3969
 68  84 -1.4225  0.5000  7.4187
 76  84 -0.3180  0.0106 13.4123
 84  84  0.0322  0.1223 11.2630
 92  84  0.2720 -0.2008 10.2183
100  84 -0.3145 -0.0264 11.0777
108  84  2.5000  0.1588 10.5785
116  84 -1.1721  0.0000  9.1353
124  84  0.0000  0.0000 11.1304
132  84  0.0000  0.0000 12.0628
140  84  2.5000  0.0000  8.8276
148  84  0.0610  0.1159 10.1401
156  84  0.0000  0.0000 16.1088
164  84 -0.5000  0.1588 10.5785
172  84  0.0000  0.0000  0.0000
180  84  0.0000  0.0000  0.0000
188  84  0.0000  0.0000  0.0000
196  84  0.0000  0.0000 16.1088
204  84  0.1703  0.3979 13.1364
212  84  0.5000  0.0000  8.4768
220  84 -0.0825 -0.0825  9.2850
228  84  0.1203     NaN  5.4468
236  84  0.0000  0.0000 12.0628
244  84  0.0000  0.0000  0.0000
252  84  0.0000  0.0000  0.0000
260  84  0.0000  0.1960 11.1304
268  84  0.0000  0.0000  0.0000
276  84  0.0000  0.0000  0.0000
284  84  0.0000  0.0000 11.1304
292  84  0.0000  0.0000 19.1045
  4  92  2.5000  0.0000  8.8276
 12  92  0.2414  0.0000 11.1304
 20  92  0.0000  0.3577 13.4737
 28  92  0.0463  0.2927  7.3438
 36  92  0.0000  0.0000  0.0000
 44  92  0.0000  0.0000 16.6957
 52  92  0.0000  0.0000  8.5829
 60  92 -0.0633  0.2396 11.2398
 68  92 -0.0683 -0.1192 10.6121
 76  92  0.0000  0.0000  0.0000
 84  92 -0.1981 -0.1675 15.4662
 92  92  0.0564 -0.2348  5.3613
100  92  0.0000  0.0000 11.1304
108  92  0.0000 -0.1960 11.1304
116  92  0.0000  0.0000 11.1304
124  92  0.0000  0.0000 16.1088
132  92  0.0000  0.0000  0.0000
140  92 -0.1123 -0.0711 13.6764
148  92  0.0000  2.5000  8.8276
156  92  0.0000  0.0000  0.0000
164  92  0.0000  0.0000 13.7544
172  92  0.0000  0.0000 17.2183
180  92  0.0000  0.0000 13.1641
188  92  0.0000  0.0000  0.0000
196  92  0.0000  0.0000  0.0000
204  92 -0.5000  0.0000  8.8276
212  92  0.0000  0.0000  0.0000
220  92  0.0000  0.0000  0.0000
228  92 -0.5000 -0.0930 14.1070
236  92 -0.0370 -0.0433 10.2299
244  92  3.8247 -5.1858  7.4357
252  92  0.0000  0.0000 11.1304
260  92  0.0000  0.0000  0.0000
268  92  0.0000  0.0000  0.0000
276  92  0.0000  0.0000  0.0000
284  92  0.0000  0.0000 11.1304
292  92  0.0000  0.0000 19.1045
  4 100  0.0000  0.0000 18.9370
 12 100 -0.0225 -0.0514  9.3431
 20 100  0.0000  2.7933 10.2400
 28 100  0.1151  0.1151 16.5161
 36 100  0.0000  0.0000 11.9011
 44 100  1.0756 -0.0431  7.0865
 52 100  0.0000  0.0000  7.4907
 60 100  0.0000  0.0000 12.8784
 68 100  0.0000  0.0000  9.8462
 76 100 -0.1538 -0.3542 11.0550
 84 100 -0.1365 -0.6816 12.4075
 92 100  2.5000  0.1588 10.5785
100 100  0.0000  0.0000 19.1045
108 100  0.0000  0.0000 22.2609
116 100  0.0000  0.0000 11.1304
124 100  0.0000  0.0000 16.1088
132 100  1.1175 -0.0394  9.6853
140 100  0.0000  0.0000  0.0000
148 100  0.0000  0.0000 12.0455
156 100 -0.1960  0.0000 11.1304
164 100  0.0000  0.0000 11.1304
172 100  0.0000  0.0000 12.0455
180 100  0.0000  0.0000  0.0000
188 100  0.0000  0.0000 11.1304
196 100  0.0000  0.0000  0.0000
204 100  0.0000  0.0000  0.0000
212 100  0.0000  0.0000 11.1304
220 100  0.0000  0.0000 11.1304
228 100  0.0000  0.0000 11.9011
236 100  0.0000  0.0000  8.0000
244 100  0.0000  0.0000 19.4783
252 100  0.0000  0.0000  0.0000
260 100  0.0000  0.0000  0.0000
268 100  0.0000  0.0000 11.1304
276 100  0.0000  0.0000 16.1088
284 100  0.0000  0.0000  0.0000
292 100  0.0000  0.0000 11.1304
  4 108  0.0489  0.1937  8.2581
 12 108  0.0000  0.0000 12.7840
 20 108  0.1057 -0.0100 14.3085
 28 108  0.0000  0.0000  8.4914
 36 108  0.0557 -0.0193 15.2661
 44 108  0.2907 -0.0403 10.5761
 52 108 -0.0677  0.2414 11.7124
 60 108  0.0000  0.0000 11.1304
 68 108  0.0000  0.0000 19.1045
 76 108  0.0000  0.0000  0.0000
 84 108  0.2469 -0.2353 13.4737
 92 108  0.0000  0.0000  9.4815
100 108  0.0000  0.0000 11.1304
108 108  0.0000  0.0000 12.0628
116 108  0.0000  0.0000  0.0000
124 108  0.0000  0.0000  0.0000
132 108  0.0000  0.0000 17.0667
140 108  0.0000  0.0000 11.9011
148 108 -0.5000  0.0000  8.8276
156 108  0.0000  0.0000 13.1641
164 108  0.0000  0.0000 11.1304
172 108  0.0000  0.0000 16.1088
180 108  0.0000  0.0000 11.1304
188 108 -0.2617 -0.9405  7.8528
196 108  0.0000  0.0000 16.1088
204 108  0.0000  0.0000  0.0000
212 108  0.0000  0.0000  0.0000
220 108  0.0000  0.0000  0.0000
228 108  0.0000  0.0000 11.1304
236 108 -0.1960  0.0000 11.1304
244 108 -2.9351 -4.5000  7.0995
252 108  0.0330 -0.1638 10.0179
260 108 -0.5000  0.1588 10.5785
268 108  0.0000  0.0000 11.1304
276 108  0.0000 -0.5000  8.8276
284 108  0.0000  0.0000 11.1304
292 108  0.0000  0.0000  0.0000
  4 116  0.0365  0.1130 12.4508
 12 116  0.2668  0.2295  6.7281
 20 116  0.0000  0.0000  0.0000
 28 116  0.0000  0.0000  0.0000
 36 116  0.0000  0.0000  0.0000
 44 116  0.0000  0.0000  0.0000
 52 116  0.0000  0.0000  0.0000
 60 116  0.0000  0.0000  0.0000
 68 116  0.0000  0.0000  0.0000
 76 116  0.0000  0.0000 22.2609
 84 116 -0.4574 -0.1868  8.8406
 92 116 -0.0131 -0.0032 12.8521
100 116 -1.3099  0.0836 13.7096
108 116 -0.0418 -0.1521 12.6567
116 116  0.0000  0.0000 11.1304
124 116  0.0000  0.0000  0.0000
132 116  0.0000  0.0000 11.1304
140 116  0.0000  0.0000  0.0000
148 116  0.0000  0.0000  0.0000
156 116  0.1050 -0.5000  6.8903
164 116 -0.0776 -0.3496  7.4033
172 116  0.0000  0.0000 13.5576
180 116  0.0000  0.0000  0.0000
188 116  1.0492  0.0305 12.6667
196 116  0.1151  0.1151 16.5161
204 116  0.0000  0.0000 11.1304
212 116  0.0000  0.0000  0.0000
220 116  0.0000  0.0000  0.0000
228 116 -0.0482 -1.1047  9.3298
236 116  0.0000  0.0000  0.0000
244 116  0.0000 -0.1760 15.0588
252 116  0.0000  0.0000 12.0628
260 116 -0.5000 -0.2393  6.1567
268 116  0.0000  0.0000 14.2377
276 116  0.0000  0.0000  0.0000
284 116  0.0000  0.0000 16.1088
292 116  0.6306  0.1105 11.2757
  4 124  0.0000  0.0000  0.0000
 12 124  0.0000  0.0000 16.1088
 20 124  0.0000  0.0000 11.1304
 28 124  0.0000  0.0000  0.0000
 36 124  0.0000  2.5000  8.8276
 44 124  0.0000  0.0000 11.1304
 52 124  0.0000  0.0000  0.0000
 60 124  0.0000  0.0000 16.1088
 68 124  0.0000  0.0000 11.1304
 76 124  0.0000  0.0000 16.1088
 84 124  2.5000  0.1588 10.5785
 92 124  0.0000  0.0000 22.2609
100 124  0.0000  0.0000 12.0455
108 124  0.0000  0.0000 11.1304
116 124  0.1927 -0.0788 17.1842
124 124  0.0000  0.0000 11.9011
132 124  0.0000  0.0000 18.9370
140 124  0.0000  0.0000 11.1304
148 124  0.0000  0.0000  0.0000
156 124  0.0000  2.5000  8.8276
164 124  0.0000  0.0000 16.1088
172 124  0.0000  2.5000  8.9154
180 124  0.4088  0.0535  7.8528
188 124  1.5000  0.0000  8.2581
196 124  0.0000  0.0000 11.1304
204 124  0.0000  0.0000  0.0000
212 124  0.0000  0.0000  0.0000
220 124  0.0000  0.0000  0.0000
228 124  0.0145  0.1621  6.2316
236 124  2.5000  0.0000  8.8276
244 124  0.0000  0.0000  0.0000
252 124  0.0000  0.0000  0.0000
260 124  0.0000  0.0000 11.1304
268 124  0.0000  0.0000 16.1088
276 124  0.0000  0.0000  0.0000
284 124  0.0000  0.0000 11.1304
292 124  0.0000  0.0000  9.2850
  4 132 -0.1063  0.0000  6.9728
 12 132 -0.1998  0.0722  9.9177
 20 132  0.0000  0.0000  0.0000
 28 132  0.0000  0.0000 11.1304
 36 132  0.0000  0.0000 11.1304
 44 132  0.0000  0.0000  0.0000
 52 132  0.0000  0.0000  0.0000
 60 132  0.0000  0.0000  0.0000
 68 132  0.0000  0.0000 16.1088
 76 132  0.0000  2.5000  8.8276
 84 132  0.0000  0.0000  0.0000
 92 132  0.0000  2.5000  8.8276
100 132  0.0000 -0.5000  8.8276
108 132  0.5000  0.0000  8.8276
116 132  0.0000  0.0000 19.1045
124 132 -1.0492  0.0305 12.6667
132 132  0.0000  0.0000 12.0628
140 132  0.0000  0.0000 11.9011
148 132  0.0000  0.0000 16.1088
156 132 -0.3131 -0.3121  9.7710
164 132  0.5866  0.0000 10.2128
172 132  0.0000  0.0000  0.0000
180 132  0.0000  0.0000 11.1304
188 132  0.0000  0.0000  1.0000
196 132  0.0000  0.0000  0.0000
204 132  0.0000  0.0000  0.0000
212 132  0.0000  0.0000  0.0000
220 132  0.0000  0.0000  0.0000
228 132  0.0000  0.0000  0.0000
236 132  0.0000  0.0000 11.1304
244 132  0.0000  0.0000  0.0000
252 132  0.0000  0.0000 11.1304
260 132  0.0000  0.0000 11.1304
268 132  0.0000  0.0000 11.1304
276 132  0.0000  0.0000  0.0000
284 132  0.0000  0.0000 16.1088
292 132  0.0000  0.0000 16.1088
  4 140  0.0302  0.0281 14.4401
 12 140  0.0000  0.0000  0.0000
 20 140  0.0000  0.0000 16.1088
 28 140  0.0000  0.0000 11.1304
 36 140  0.0000  0.0000  0.0000
 44 140  0.0000  0.0000  0.0000
 52 140 -0.1180  2.5000  9.2850
 60 140  0.0000  0.0000 11.1304
 68 140 -0.5000  0.0000  8.8276
 76 140  0.0000  0.0000  0.0000
 84 140  0.0000  0.0000  0.0000
 92 140 -1.5000  0.0000  8.2581
100 140  0.0000  0.0000 11.1304
108 140  0.0000  0.0000 12.0455
116 140  0.0000  0.0000 15.0472
124 140  0.0000  0.0000  8.2581
132 140  0.0000  0.0000  0.0000
140 140 -0.1151  0.1151 16.5161
148 140  0.0000  0.0000  0.0000
156 140  0.0000  0.0000  0.0000
164 140  0.0000  0.0000 16.1088
172 140  0.0000  0.0000 11.1304
180 140  0.0000  0.0000 12.0455
188 140  0.0000  0.0000  0.0000
196 140  0.0000  0.0000  0.0000
204 140  0.0000  0.0000  0.0000
212 140  0.0000  0.0000  0.0000
220 140  0.0000  0.0000  0.0000
228 140  0.0000  0.0000  0.0000
236 140  0.0000  0.0000 11.1304
244 140  0.5000  0.0000  8.4768
252 140  0.0000  0.0000  0.0000
260 140  0.0000  0.0000  0.0000
268 140  0.0000  0.0000 11.1304
276 140  0.0000  0.0000  0.0000
284 140  0.2176 -0.0144  8.7387
292 140 -0.1324 -0.0344 14.1278
  4 148  0.0000  0.0000  0.0000
 12 148  0.0000  0.0000 24.3712
 20 148 -0.0413  0.0251  8.4502
 28 148  0.0000  0.0000  0.0000
 36 148  0.0000  0.0000  0.0000
 44 148  0.0000  0.0000 16.1088
 52 148  0.0000  0.0000 12.0628
 60 148  0.0000  0.0000 12.0628
 68 148  0.0000  0.0000  0.0000
 76 148  0.0000  0.0000  0.0000
 84 148  0.0000  0.0000  0.0000
 92 148  0.0000  0.0000 11.1304
100 148  0.0000  0.0000 11.1304
108 148 -0.1556  0.0000 12.2969
116 148  0.0000  0.0000 10.8982
124 148  0.0000  0.0000  0.0000
132 148  0.0000  0.0000  0.0000
140 148  0.0000  0.0000 11.1304
148 148  0.0000  0.0000  0.0000
156 148  0.0000  0.0000 16.1088
164 148  0.0000  0.0000 16.1088
172 148 -0.0271  0.0313  7.1111
180 148  0.1960  2.5000 11.1304
188 148  0.0000  0.0000 11.1304
196 148  0.0000  0.0000  0.0000
204 148  0.0000  0.0000  0.0000
212 148  0.0000  0.0000  0.0000
220 148  0.0000  0.0000 11.1304
228 148  0.0000  0.0000 11.1304
236 148  0.0000  0.0000  0.0000
244 148  0.0000  0.0000  0.0000
252 148  0.0000  0.0000 11.1304
260 148  0.0000  0.0000  0.0000
268 148  0.0000  0.0000  0.0000
276 148  0.0000  0.0000  0.0000
284 148  0.0000  0.0000  0.0000
292 148  0.0000  0.0000 12.0628
  4 156  0.0000  0.0000 16.6957
 12 156  0.0418 -0.1521 12.6567
 20 156  0.0000  0.0000  0.0000
 28 156  0.0000  0.0000  0.0000
 36 156  0.0000  0.0000  0.0000
 44 156  0.0000  0.0000 11.1304
 52 156  0.0000  0.0000 12.0628
 60 156 -0.5000  0.0000  8.8276
 68 156  0.0000  0.0000  0.0000
 76 156  0.0000  0.0000  0.0000
 84 156  0.0000  0.0000  0.0000
 92 156  0.0000  0.0000  0.0000
100 156  0.0000  0.0000  0.0000
108 156  0.1256 -0.1692 13.4153
116 156  0.0000  0.0000 10.2729
124 156  0.0000  0.0000  0.0000
132 156  0.0000  0.0000 11.1304
140 156  0.0000  0.0000  0.0000
148 156  0.0000  0.0000  0.0000
156 156  0.0000  0.0000  0.0000
164 156  0.3219  2.5000  8.0397
172 156  0.2067 -3.5000 14.9489
180 156  0.0000  0.0000 16.1088
188 156  0.0000  0.0000  0.0000
196 156  0.0000  0.0000  0.0000
204 156  0.0000  0.0000  0.0000
212 156  0.0000  0.0000  0.0000
220 156  0.2414  0.0000 11.1304
228 156  2.5000  0.1588 10.5785
236 156  0.0000  0.0000  0.0000
244 156  0.0000  0.0000  0.0000
252 156  0.0000  0.1960 11.1304
260 156  0.0000  0.0000  8.0000
268 156  0.0000  0.0000 11.1304
276 156  0.0000  0.0000  0.0000
284 156  0.0000  0.0000 11.1304
292 156  0.0000  0.0000 16.7450
  4 164  0.3468 -0.5000 10.2045
 12 164  0.0000  0.0000  0.0000
 20 164  0.0000  0.0000 11.1304
 28 164  0.0000  0.0000 11.1304
 36 164  0.0000  0.0000 11.1304
 44 164  0.0218 -0.2266 12.8350
 52 164  0.0000  0.0000 12.0628
 60 164  0.0000  0.0000 16.1088
 68 164  0.0391 -2.5000  9.3822
 76 164  0.0000  0.0000  0.0000
 84 164  0.0000  0.0000  0.0000
 92 164  0.0000  0.0000  0.0000
100 164  0.0000  0.0000  0.0000
108 164  0.0000  0.0000  0.0000
116 164  0.0000  0.0000  0.0000
124 164  0.0000  0.0000 16.1088
132 164  0.0000  0.0000  0.0000
140 164  0.0000  0.0000  0.0000
148 164  0.0000  0.0000  0.0000
156 164  0.0000  0.0000 11.1304
164 164  1.0000  0.0000  9.2850
172 164  0.0000  2.5000 12.0628
180 164  0.0000  0.0000  0.0000
188 164  0.0000  0.0000 11.1304
196 164  0.0000  0.0000  0.0000
204 164  0.0000  0.0000  0.0000
212 164  0.0000  0.0000  0.0000
220 164  0.0000  0.0000 11.1304
228 164  0.0000  0.0000 13.2207
236 164  0.0000 -0.1960 11.1304
244 164  2.5000  0.1588 10.5785
252 164  0.0000  0.0000  0.0000
260 164  0.0000 -0.5000  8.8276
268 164  0.0000  0.0000 11.1304
276 164  2.5000  0.1588 10.5785
284 164  0.0000  0.0000  0.0000
292 164  0.0000  0.0000  1.0000
  4 172  0.0000  0.0000 11.1304
 12 172  0.0000  0.0000 11.1304
 20 172  0.0000  0.0000 11.1304
 28 172  0.0000  0.0000  0.0000
 36 172  0.0000  2.5000  8.8276
 44 172  0.0000  0.0000 12.8600
 52 172  0.0000  0.0000 16.1088
 60 172  0.0000  0.0000 20.7059
 68 172  0.0000  0.0000  0.0000
 76 172  0.0000  0.0000  0.0000
 84 172  0.0000  0.0000  0.0000
 92 172  0.0000  0.0000  0.0000
100 172  0.0000  0.0000  0.0000
108 172  0.0000  0.0000 16.1088
116 172  0.0000  0.0000  0.0000
124 172  0.0000  0.0000  0.0000
132 172  0.0000  0.0000 11.1304
140 172  0.0000  0.0000 11.1304
148 172  0.0000  0.0000  0.0000
156 172  0.0000  0.0000  0.0000
164 172  0.0000  0.0000 11.1304
172 172 -0.0418 -0.1521 12.6567
180 172  0.0000  0.1960 11.1304
188 172  0.0812     NaN 10.1857
196 172  0.0000  0.0000  0.0000
204 172  0.0000  0.0000  0.0000
212 172  0.0000  0.0000  0.0000
220 172  0.0000  0.0000  0.0000
228 172  0.0000  0.0000 16.1088
236 172  0.1798 -0.0246 17.0238
244 172  0.0000  0.0000  0.0000
252 172  0.0000  0.0000  0.0000
260 172  0.0000  0.0000  0.0000
268 172  0.0000  0.0000 11.1304
276 172  0.0000  0.0000 11.1304
284 172  0.0000  0.0000 11.1304
292 172  1.0000 -0.5000  6.9531
  4 180  0.1151 -0.1151 16.5161
 12 180  0.0000  0.0000  0.0000
 20 180  0.0000  0.0000  0.0000
 28 180  0.0000  0.0000  0.0000
 36 180  0.0000  0.0000 14.5615
 44 180  0.0000  0.0000 11.1304
 52 180  0.0000  0.0000  0.0000
 60 180  0.0000  0.0000  0.0000
 68 180  0.0000  0.0000  0.0000
 76 180  0.0000  0.0000  0.0000
 84 180  0.0000  0.0000  0.0000
 92 180  0.0000  0.0000 11.1304
100 180 -0.1164 -0.5000  7.6040
108 180 -0.0832 -0.3131  9.8462
116 180  1.1838 -0.5000  7.5779
124 180  0.0000  0.0000  0.0000
132 180  0.0000  0.0000 11.1304
140 180  0.0000  0.0000 11.1304
148 180  0.0000  0.0000  0.0000
156 180  0.0000  0.0000  0.0000
164 180  0.0000  2.5000  8.8276
172 180  0.0000  0.0000 11.1304
180 180  0.0000  0.0000  0.0000
188 180  0.1556  0.0000 12.2969
196 180  0.0000  0.0000  0.0000
204 180  0.0000  0.0000  0.0000
212 180  0.0000  0.0000 11.1304
220 180  0.0000  0.0000 11.1304
228 180  0.0000  0.0000  0.0000
236 180  0.0000  0.0000 19.1045
244 180  0.0000     NaN  5.4468
252 180  0.0000  0.0000 11.1304
260 180  0.0000  0.0000 16.1088
268 180  0.0000  0.0000 11.1304
276 180  0.0000  0.0000  0.0000
284 180  0.0000  0.0000  0.0000
292 180  0.0000  0.0000  0.0000
  4 188  0.0000  0.0000 16.1088
 12 188  0.0000  0.0000  0.0000
 20 188  0.0000  0.0000 11.1304
 28 188  0.0000  0.0000 11.1304
 36 188  0.0000  0.0000 12.0455
 44 188  0.0000  0.0000  0.0000
 52 188  0.0000  0.0000  0.0000
 60 188  0.0000  0.0000  0.0000
 68 188  0.0000  0.0000  0.0000
 76 188  0.0000  0.0000 11.1304
 84 188  2.5000  0.0000  8.8276
 92 188  0.0000  0.0000 11.1304
100 188  0.1960  2.5000 11.1304
108 188  1.1838  2.5000  7.5779
116 188 -1.5000  0.0000  8.2581
124 188  4.5000 -0.5000  4.0635
132 188  0.0000  0.0000 19.1045
140 188  0.0000  0.0000  0.0000
148 188  0.0000  0.0000 11.1304
156 188  0.0000  0.0000  0.0000
164 188  0.0000 -0.5000  8.8276
172 188  0.0000 -0.5000  8.8276
180 188  0.0000  0.0000  0.0000
188 188  0.0000  0.0000 12.0628
196 188  0.0000  0.0000  0.0000
204 188  0.0000  0.0000  0.0000
212 188  0.0000  0.0000  0.0000
220 188  0.0000  0.0000 11.1304
228 188  0.0000  0.0000 11.1304
236 188  0.0000  0.0000 16.1088
244 188  0.0000  0.0000  0.0000
252 188  0.2984  0.3415 16.8934
260 188  0.0000  0.0000 11.1304
268 188  0.0000  0.0000  0.0000
276 188  0.0000  0.0000 11.1304
284 188  0.0000  0.0000  0.0000
292 188  0.0000  0.0000 11.1304
  4 196  0.0000  0.0000 16.1088
 12 196  0.0000  0.0000  0.0000
 20 196  0.0000  0.0000 11.1304
 28 196  0.0000  0.0000 12.0455
 36 196  0.0000  0.0000  8.0000
 44 196  0.0000  0.0000  0.0000
 52 196  0.0000  0.0000  0.0000
 60 196  0.0000  0.0000 11.1304
 68 196  0.0000 -0.5000  8.8276
 76 196  0.0000  0.0000  0.0000
 84 196  0.0000  0.0000  0.0000
 92 196  0.0000  0.0000  0.0000
100 196 -0.1556  0.0000 12.2969
108 196  0.0000  0.0000  8.2581
116 196 -0.0418  0.1521 12.6567
124 196  0.0000  0.0000  0.0000
132 196 -0.1050     NaN  6.8903
140 196  0.0000  0.0000  0.0000
148 196  0.0000  0.0000  0.0000
156 196  0.0000  0.0000  0.0000
164 196  0.0000  0.0000  0.0000
172 196  0.0000  0.0000  0.0000
180 196  0.0000  0.0000  0.0000
188 196  0.0000  0.0000 12.0628
196 196     NaN  0.0000 17.0667
204 196  0.0000  0.0000 11.1304
212 196  0.0000  0.0000  0.0000
220 196  0.0000  0.0000 11.1304
228 196  0.0000  0.0000 11.1304
236 196  2.5000  0.0000  8.8276
244 196 -0.0418 -0.1521 12.6567
252 196  0.0000  0.0000 16.1088
260 196  0.0000  0.0000  0.0000
268 196  0.0000  0.0000  0.0000
276 196  0.0000  0.0000  0.0000
284 196  0.5000  0.0000 11.1304
292 196  0.0000  0.0000 11.1304
  4 204  0.1215  0.1200 17.1775
 12 204  0.0000  0.0000 16.1088
 20 204  0.0000  0.0000 11.1304
 28 204  0.0000  0.0000 16.1088
 36 204  0.0000  0.0000  0.0000
 44 204  0.0000  0.0000  0.0000
 52 204  0.0000  0.0000  0.0000
 60 204  0.0000  0.0000 11.1304
 68 204  0.0000  0.0000 11.1304
 76 204  0.0000  0.0000  0.0000
 84 204  0.0000  0.0000  0.0000
 92 204  0.0000  0.0000  0.0000
100 204 -0.1556 -0.5000 12.2969
108 204  0.0000  0.0000 16.1088
116 204  0.0000  0.0000 11.1304
124 204  0.0000  0.0000  0.0000
132 204  0.0000 -0.1142 14.5691
140 204  0.0000  0.0000 16.1088
148 204  0.0000  0.0000 16.1088
156 204  0.0000  0.1028  8.3592
164 204  0.0000  0.0000  0.0000
172 204  0.0849 -0.2002 14.2639
180 204  0.0000  0.0000 17.0667
188 204  0.0000  0.0000 11.1304
196 204 -0.1760  0.0000 15.0588
204 204  0.0000  0.0000  8.2581
212 204  0.5000  0.0000 11.1304
220 204  0.0000  0.0000  0.0000
228 204  0.0000  0.0000  0.0000
236 204  0.0000  0.0000 11.1304
244 204  0.0000  0.0000 11.1304
252 204  0.0000  2.5000  8.8276
260 204  0.0000  0.0000  0.0000
268 204  0.0000  0.0000  0.0000
276 204  0.0000  0.0000  0.0000
284 204  0.0000  0.0000 11.1304
292 204  0.0000  0.0000 16.1088
  4 212  0.5000  0.0000  8.4768
 12 212 -0.1556  0.0000 12.2969
 20 212  0.0000  0.0000 11.1304
 28 212  1.5000  0.0000  8.2581
 36 212  0.0000  0.0000  0.0000
 44 212  0.0000  0.0000 11.1304
 52 212  0.0000  0.0000  0.0000
 60 212  0.0000  0.0000 16.1088
 68 212  0.0000  0.0000  0.0000
 76 212  0.0000  0.0000  0.0000
 84 212  0.0000  0.0000  0.0000
 92 212  0.0000  0.0000 12.0628
100 212  0.0000  0.0000 11.1304
108 212  0.0000 -0.5000  8.8276
116 212  0.0000  0.0000  0.0000
124 212  0.0000  0.0000  0.0000
132 212  0.0000  0.0000  0.0000
140 212  0.0000  0.0000  0.0000
148 212  0.0000  0.0000 11.1304
156 212 -0.2907 -0.0403 10.5761
164 212  0.0000  0.0000  0.0000
172 212  0.0000  0.3120 13.1657
180 212 -0.2615 -0.3019  9.7259
188 212  0.0000  0.0000 16.1088
196 212 -0.1131 -0.2180 13.3260
204 212 -0.1533  1.5000  8.0910
212 212  0.0000  0.0000 11.1304
220 212  0.0000  0.0000  0.0000
228 212  0.0000  0.0000  0.0000
236 212  0.0000  0.0000  0.0000
244 212  0.0000  0.0000  0.0000
252 212  0.0000  0.0000 11.1304
260 212  0.0000  0.0000  0.0000
268 212  0.0000  0.0000  0.0000
276 212  0.0000  0.0000 11.1304
284 212  0.0000  0.0000  0.0000
292 212  0.0000  0.0000 17.0667
  4 220  0.0000  2.5000  8.8276
 12 220  0.0000  0.0000 16.1088
 20 220  0.0000  0.0000 11.1304
 28 220  0.0000  0.0000 16.1088
 36 220  0.0000  0.0000 11.1304
 44 220 -0.5000  0.0000  8.8276
 52 220  0.0000  0.0000 11.1304
 60 220  0.0000  0.0000 11.1304
 68 220 -0.5000  0.0000  8.8276
 76 220  0.0000  0.0000 11.1304
 84 220  0.0000  0.0000  0.0000
 92 220  0.0000  0.0000  0.0000
100 220  4.5000  4.5000  4.0635
108 220 -0.5000  0.0000  8.8276
116 220  2.5000 -0.1180  9.2850
124 220 -0.1562 -0.2821  7.0932
132 220  0.0000  0.0000 11.1304
140 220  0.0000  0.0000  0.0000
148 220  0.0000  0.0000  8.4768
156 220  0.0000  0.0000  0.0000
164 220  0.0000  2.5000  8.8276
172 220  0.0630  0.1897 10.8534
180 220  0.0000  0.0000 11.1304
188 220  0.3280  0.8970 10.3087
196 220  0.0604  0.5592  8.2306
204 220  0.1960  0.0000 11.1304
212 220  0.0000  0.0000  0.0000
220 220  0.0000  0.0000 11.1304
228 220  0.0000  0.0000 11.1304
236 220  0.0000  0.0000  0.0000
244 220  0.0000  0.0000  0.0000
252 220  0.0000  0.0000  0.0000
260 220  0.0000  0.0000 11.1304
268 220  0.0000  0.0000  0.0000
276 220  0.0000  0.0000  0.0000
284 220  0.0000  0.0000  0.0000
292 220  0.0000  0.0000  0.0000
