VARIABLES= "X pix", "Y pix", "U pix/dt", "V pix/dt", "CHC", ZONE I=28, J=37
  4   4 -0.0108 -0.0182 10.7560
 12   4  0.0139 -0.0083 10.7684
 20   4 -0.0044  0.0209 10.5573
 28   4  0.0097  0.0000 10.6667
 36   4 -0.0050 -0.0171 10.9267
 44   4  0.0000 -0.0523 10.4171
 52   4  0.0482  0.0000 10.5480
 60   4 -0.0012  0.0804 10.2088
 68   4  0.0000  0.0127 11.0049
 76   4 -0.1047  0.0000 10.1631
 84   4 -0.0373  0.0000 10.9708
 92   4  0.0374  0.0523 11.2834
100   4  0.0524 -0.0554 12.3358
108   4  0.0749  0.0000 11.0456
116   4  0.0350  0.0000 11.7754
124   4  0.0401  0.0113 11.8269
132   4  0.0000  0.0000 11.1922
140   4  0.0164  0.0000 11.0893
148   4  0.0000 -0.0162 11.8572
156   4  0.0000  0.0162 11.8572
164   4 -0.0619  0.0000 11.7754
172   4 -0.0217  0.0000 11.9577
180   4  0.0000  0.0600 11.9921
188   4  0.0432  0.0480 11.6414
196   4  0.0403 -0.0467 11.2792
204   4  0.0376  0.0000 11.7754
212   4  0.0155  0.0018 11.5685
220   4 -0.0050  0.0622 11.7681
228   4 -0.0532  0.0102 11.6026
236   4  0.1285 -0.0321 10.2891
244   4 -0.0789 -0.0108 10.1536
252   4  0.0124  0.0079 11.5907
260   4  0.0000 -0.0194 10.8401
268   4  0.0435  0.0000 10.5535
276   4  0.1135 -0.0095 12.0418
284   4  0.0741  0.0000 13.3260
292   4  0.0312  0.0644 13.6905
  4  12 -0.1413 -0.0178  8.7524
 12  12 -0.0852 -0.0017 10.1757
 20  12 -0.0978  0.0203 10.1362
 28  12 -0.0349 -0.0280 13.8948
 36  12  0.0647  0.1615 16.0373
 44  12  0.0083 -0.0227 12.7402
 52  12  0.0440 -0.1160 10.6196
 60  12 -0.0225  0.0000  9.7085
 68  12  0.0173 -0.0481 11.9365
 76  12 -0.0357  0.0205 10.9660
 84  12 -0.0811 -0.1392  7.7176
 92  12 -0.1127  0.0000  8.3531
100  12  0.0140 -0.0391  8.5977
108  12 -0.0077 -0.0177 10.0367
116  12 -0.0738  0.0011  9.5015
124  12  0.0453 -0.0022  9.6746
132  12  0.0384  0.0000  9.6349
140  12  0.0000 -0.0430  9.9522
148  12 -0.0245  0.0000 10.0100
156  12  0.0426 -0.0007 10.7928
164  12 -0.0097 -0.0552 11.3901
172  12 -0.0017  0.0246 15.6267
180  12  0.0089  0.0000 10.3163
188  12  0.0081  0.0109  9.8972
196  12  0.0082  0.0000 10.0603
204  12 -0.0008  0.1312 12.0373
212  12  0.0349 -0.0146 18.3407
220  12  0.0492 -0.0251 12.8730
228  12  0.0365  0.3406  8.2950
236  12 -0.1621 -0.1226 11.8236
244  12 -0.1994  0.2452  6.5051
252  12 -0.0332 -0.1411 10.7117
260  12  0.0333 -0.1184 11.1980
268  12  0.0869  0.0155  8.5315
276  12 -0.0054  0.1476  9.5131
284  12  0.1203  0.1595  7.5740
292  12 -0.0278 -0.0028  7.9376
  4  20  0.0019 -0.0637 18.0604
 12  20 -0.0604  0.0000 16.4007
 20  20 -0.0373  0.0000 14.6252
 28  20  0.0373  0.0053 15.3140
 36  20  0.0292  0.0064 14.9205
 44  20 -0.0041  0.0078 13.5261
 52  20 -0.0118  0.0169 13.9882
 60  20  0.0301 -0.0019 13.6133
 68  20  0.0028 -0.0140 15.6959
 76  20 -0.0205 -0.0008 14.7808
 84  20  0.0313 -0.0100 14.9318
 92  20  0.0239 -0.0018 12.8091
100  20 -0.0035  0.0062 12.9743
108  20 -0.0141 -0.0035 10.5529
116  20  0.0073  0.0417 15.4890
124  20  0.0023  0.0121 15.2806
132  20 -0.0014  0.0020 14.9723
140  20 -0.0227  0.0105 14.4490
148  20 -0.0133  0.0006 15.8580
156  20  0.0180 -0.0220 15.0944
164  20  0.0014  0.0046 16.2498
172  20 -0.0020 -0.0018 13.1386
180  20  0.0334  0.0000 14.2507
188  20  0.0097 -0.0048 18.2300
196  20  0.0218 -0.0282 18.3258
204  20 -0.0315 -0.0102 24.5805
212  20 -0.0472 -0.0885 23.6523
220  20  0.0035 -0.0144 34.6005
228  20  0.0631 -0.0794  7.1209
236  20 -0.0639 -0.5358  7.8446
244  20 -0.0379  0.0974  9.3212
252  20 -0.1880  0.0420 13.8849
260  20 -0.0820 -0.0971  7.7034
268  20  0.1252 -0.2684 10.3150
276  20  0.0662 -0.0071 14.9822
284  20  0.0841 -0.0894 18.4899
292  20 -0.0452 -0.0374 19.1206
  4  28 -0.0021  0.0179  8.9255
 12  28  0.0011  0.0000  9.6942
 20  28  0.0005  0.0007  9.8501
 28  28 -0.0057  0.0091 10.2291
 36  28  0.0011  0.0082 10.1627
 44  28  0.0114  0.0019 10.0944
 52  28 -0.0205 -0.0117 10.3020
 60  28 -0.0043 -0.0029  9.9214
 68  28  0.0039  0.0004 10.4429
 76  28 -0.0033  0.0105 10.7244
 84  28  0.0004  0.0130  9.6961
 92  28  0.0118  0.0000  9.6535
100  28  0.0116  0.0000 12.4035
108  28  0.0998  0.0000 16.2243
116  28  0.0249  0.0068  8.7460
124  28  0.0145 -0.0012  9.6177
132  28 -0.0275  0.0000  8.7103
140  28 -0.1082  0.0000  8.7822
148  28 -0.0005 -0.0150  9.3950
156  28 -0.0061 -0.0197 15.7939
164  28  0.0024 -0.0062 13.6746
172  28  0.0251 -0.0655 11.8963
180  28  0.0310 -0.0007 16.4466
188  28  0.0281  0.0127 13.3629
196  28  0.0038  0.0227 11.7770
204  28  0.0035  0.0000  9.0140
212  28  0.0000  0.0008  9.5679
220  28 -0.0176 -0.0007  9.7556
228  28  0.0125  0.0008  9.8518
236  28 -0.0148 -0.0004  9.1562
244  28  0.0007 -0.0008  9.0033
252  28 -0.0010  0.0006  9.4472
260  28  0.0051 -0.0026 13.9411
268  28  0.0148 -0.0056 15.8571
276  28 -0.0222 -0.0148 15.8633
284  28 -0.0360  0.0043 26.6940
292  28  0.0014 -0.0010 14.6222
  4  36 -0.0048  0.0000  7.5529
 12  36  0.0009 -0.0500  6.9875
 20  36 -0.0030  0.0599  6.3380
 28  36 -0.0451  0.0302  6.7905
 36  36  0.1970 -0.0118  6.8386
 44  36  0.1025  0.0000 10.2729
 52  36  0.0175  0.0000 11.3495
 60  36  0.0000  0.1090 13.4021
 68  36 -0.1776  0.2924 10.8399
 76  36  0.0982  0.1301 12.8175
 84  36 -0.0298  0.1385 11.5395
 92  36  0.0835  0.0048 10.5001
100  36 -0.1317 -0.0153 10.5050
108  36  0.0000  0.3287  8.7919
116  36  0.0000 -0.0000  7.4355
124  36 -0.0226 -0.2222  7.2927
132  36  0.1480 -0.5000  8.2581
140  36  0.6306  0.1105 11.2757
148  36  0.0575 -0.1597 14.2418
156  36  0.0001 -0.0007 11.6418
164  36 -0.0009 -0.0009 18.1795
172  36  0.0098 -0.0006 13.6619
180  36  0.0130  0.0168 11.7072
188  36 -0.0210  0.0012 14.5317
196  36 -0.0291  0.0119  7.8870
204  36 -0.0030  0.1191 16.5177
212  36 -0.1625  0.0000 13.0989
220  36 -0.1485  0.0140 14.8975
228  36 -0.0672  0.0361 14.4477
236  36 -0.0543  0.0541  8.7482
244  36 -0.0308 -0.1268 11.5198
252  36  0.0000  0.1530 10.9491
260  36  0.0168 -0.0510 13.8928
268  36  0.0270 -0.0177  9.9649
276  36 -0.0830  0.0000  9.1228
284  36 -0.1000 -0.0675  9.4362
292  36 -0.1272  0.0160  9.7646
  4  44 -0.5000 -0.0930 14.1070
 12  44  0.1603 -0.0251 16.9747
 20  44  0.0921  0.0000 16.2968
 28  44 -0.1196 -0.0023 15.4390
 36  44 -0.0475  0.0000 15.4368
 44  44 -0.0549  0.0000 10.5606
 52  44 -0.0271 -0.0070  8.8888
 60  44  0.0406 -0.0342  8.5051
 68  44  0.0000  0.2593  8.7521
 76  44 -0.1149  0.0000  8.5829
 84  44 -0.0904  0.0000 11.1304
 92  44 -0.5838 -0.3144  8.0688
100  44 -1.5000  0.0000  8.2581
108  44 -0.6652  0.0000  0.0000
116  44 -0.1059  0.0000  0.0000
124  44  0.0231 -0.1113  8.9382
132  44 -0.1903  0.0000  0.0000
140  44 -0.3763  0.0000  0.0000
148  44 -0.1188  0.0000  9.1353
156  44  0.0003  0.0153 16.2411
164  44  0.0012 -0.0186 10.3377
172  44  0.0228 -0.0004 10.5294
180  44 -0.0151  0.0142 10.1094
188  44 -0.0175 -0.0014 14.0246
196  44  0.0212 -0.0094  7.9860
204  44 -0.1305 -0.1399  8.5201
212  44  0.0482  0.1464  8.8399
220  44  0.0058  0.0137  8.9347
228  44 -0.2437  0.0000  9.9062
236  44 -0.0885 -0.0204 13.1357
244  44 -0.0379  0.0462  9.9278
252  44 -0.0485  0.0000 12.8227
260  44 -0.0090 -0.1944 16.1041
268  44 -0.1290 -0.0106 12.7593
276  44 -0.2036  0.0161 10.4490
284  44 -1.1711 -0.0215 11.8291
292  44 -0.1080 -0.0367  8.7515
  4  52  0.0387  0.1474  9.7611
 12  52  0.0237 -0.1051  7.6884
 20  52 -0.2281  0.0000  9.7047
 28  52 -0.3465  0.6296  9.0724
 36  52 -0.1288  0.0000 17.0667
 44  52  0.4749  0.0000  0.0000
 52  52  1.3070 -0.0337 12.4709
 60  52  0.0000  0.0965 20.1348
 68  52 -0.5000 -0.1541  6.9189
 76  52  0.0000  0.1960 11.1304
 84  52  0.3094  0.0000 11.1304
 92  52  0.2467  0.0000 12.0628
100  52  0.2613  0.0000 11.1304
108  52  0.1918  0.0000 11.1304
116  52 -0.2594  0.0000 11.1304
124  52 -0.1827 -1.2221 11.8414
132  52 -0.0759  0.0000  0.0000
140  52  0.2169  0.0000  0.0000
148  52  0.3627  0.2381  7.1910
156  52  0.1095  0.0000 11.0986
164  52  0.0221  0.0118 23.0795
172  52 -0.0086 -0.0098 10.2172
180  52 -0.0029 -0.0016 12.2297
188  52  0.0047  0.0039 16.5032
196  52 -0.0094  0.0033  7.4530
204  52  0.1093 -0.0386  6.6551
212  52 -0.3537  0.0000 12.0628
220  52  0.5011  0.0000 22.2609
228  52  1.5000  0.0599  8.4476
236  52  0.1599  0.3308 11.4544
244  52  0.0335  0.0470  8.8164
252  52 -0.3620 -0.2050 11.1034
260  52 -0.1432 -0.0054 10.3255
268  52 -0.0271 -0.0956 10.4107
276  52  0.3958  0.0000  9.9944
284  52 -0.0275  0.0000 10.9824
292  52  0.0680 -0.1630  8.4913
  4  60  2.5000  0.0000  8.8276
 12  60  1.3070 -0.0337 12.4709
 20  60  0.5112  0.0000 11.1304
 28  60  0.4563  0.0000  0.0000
 36  60  0.5000  0.0000  8.4768
 44  60 -0.5000  0.0696  9.3659
 52  60  0.0000  0.5000 11.1304
 60  60  0.0000  2.0000 11.1304
 68  60  0.2445  0.0000  0.0000
 76  60  0.3198  0.0000  0.0000
 84  60  0.1448  0.0000 11.1304
 92  60  0.1399  0.0593  7.3827
100  60 -0.1780  0.2756  7.6418
108  60 -0.1174  1.0000  5.2483
116  60  3.5000  0.5000  4.0635
124  60  0.0000 -0.0535 10.0787
132  60  0.9683  0.0000  0.0000
140  60  0.0622  0.8285  6.4000
148  60  0.0115  0.0200  7.1884
156  60  0.0069  0.0002 14.5932
164  60  0.0056  0.0009 14.4823
172  60  0.0012 -0.0008 12.0722
180  60  0.0087 -0.0116 11.9301
188  60  0.0356  0.0000 13.3762
196  60  0.0091  0.0085  6.0173
204  60 -0.1895  0.0381 10.9451
212  60 -0.0248 -0.0297 13.4174
220  60  0.2726  0.0000 10.8982
228  60  1.2381  0.0000  6.8970
236  60  0.7630  0.0000  6.8970
244  60  0.0204 -0.1311  9.5275
252  60  0.1013 -0.0556  8.5639
260  60  0.0708  0.0152 11.8556
268  60 -0.0935  0.0120 11.3693
276  60  0.0873 -0.0291 13.6846
284  60  0.1008  0.0203 15.0811
292  60  0.0801 -0.1579  8.8597
  4  68  0.0627  0.0000 11.1304
 12  68 -0.3656  0.0000 11.1304
 20  68 -0.6491  0.0000 11.1304
 28  68  0.1080  0.0000  0.0000
 36  68  0.5405  0.0000  0.0000
 44  68  1.5924  0.0000 11.1304
 52  68 -0.5000 -0.0391  9.3822
 60  68  2.5000  0.0000  8.8276
 68  68  0.2193 -0.0923  7.5156
 76  68  0.2324  0.0147 17.0000
 84  68  0.4172  0.0000 15.5414
 92  68  0.0000  0.6683 14.0477
100  68 -0.2911 -0.7642  9.9740
108  68 -0.1459  0.0399 16.4721
116  68 -0.0131  0.1719 16.2315
124  68 -0.2229 -0.1693 13.3002
132  68 -0.2800  0.0000  0.0000
140  68  0.0000 -0.5000  8.8276
148  68  0.0270  0.0000 20.0935
156  68 -0.0610  1.0000  8.9210
164  68  0.2179 -0.1088  9.3065
172  68  0.1486 -0.2249 10.3183
180  68 -0.0256 -0.1469  8.9245
188  68  0.0622  0.0000  9.8624
196  68 -0.0937 -0.0056  9.6105
204  68  1.2261  0.0000 11.1304
212  68  2.5000  2.0000  8.8276
220  68 -1.0492  0.0305 12.6667
228  68 -0.1063  0.0000  6.9728
236  68 -0.6871  0.0000  0.0000
244  68 -1.5000  0.0000  8.2581
252  68  0.6306  0.1105 11.2757
260  68  0.9553  0.0000  0.0000
268  68  1.0082  0.0000  7.8087
276  68 -0.4027  0.0000 11.0903
284  68 -0.0135  0.0335 13.8673
292  68 -0.0036  0.0240  8.8033
  4  76  0.8395  0.0000  0.0000
 12  76  1.7715  0.0000  0.0000
 20  76  1.9170  0.0000  0.0000
 28  76  0.0013  0.0000 11.1304
 36  76  0.0240  0.0000  0.0000
 44  76  0.0116 -0.2449 12.2916
 52  76  0.2414  0.0000 11.1304
 60  76 -0.2278  0.1162  9.2296
 68  76 -0.0112  0.0000 14.5082
 76  76  0.1178  0.0033  9.6911
 84  76 -0.2002 -0.0190  8.2483
 92  76  0.1269 -0.0348 14.9244
100  76  0.1070  0.3049 12.8000
108  76  0.5000  0.0600  8.9154
116  76  0.4660 -0.3157  9.7360
124  76 -0.1469  0.0000 10.3584
132  76  1.0344  0.0000 12.0628
140  76  2.5000 -0.1180  9.2850
148  76  0.6211  0.0000 12.0455
156  76  1.0492  0.0305 12.6667
164  76  0.2780 -0.1270 13.3759
172  76 -0.4062  0.0000  0.0000
180  76  0.4189  0.0000 11.1304
188  76  0.7263  0.0000 19.4783
196  76  1.0589 -1.5000  9.7637
204  76  0.0000  0.1556 12.2969
212  76  0.3732  0.3694 10.3318
220  76  0.3780  0.0000  0.0000
228  76  1.3356  0.0000  0.0000
236  76  2.8152  0.2239  9.3555
244  76  2.9463  0.0000 11.1304
252  76  0.1908  5.7528  9.6291
260  76  0.4729 -0.0836  9.2702
268  76  0.7894  0.0000 11.1304
276  76 -0.5000  0.0000  8.8276
284  76 -0.3612  0.0000 16.1088
292  76  0.0025  0.0000 19.4783
  4  84  0.0855  0.0000  0.0000
 12  84 -0.2366  0.0000  0.0000
 20  84 -0.3774  0.0000  0.0000
 28  84 -0.2780  0.1270 13.3759
 36  84  0.8288 -0.0412  9.9740
 44  84 -0.5000  0.2518  6.7683
 52  84  0.0397 -0.1631 13.5285
 60  84 -0.0317 -0.1149 12.8899
 68  84  0.7548  0.0000  9.5632
 76  84  0.1760  0.1532  7.2679
 84  84  0.3987  0.0000 13.9382
 92  84  0.3520 -0.4142  8.9493
100  84  0.0708  0.0000 20.7059
108  84  0.1596  0.0000 20.7059
116  84 -0.1968 -0.0812 10.8593
124  84 -0.1841 -0.0418 12.3683
132  84  0.0107  0.0000 11.1304
140  84  0.1841 -0.0418 12.3683
148  84 -0.0201  0.0062 15.0960
156  84  0.3230  0.0000 13.5576
164  84  0.5000  0.0000  8.4768
172  84  1.3746  0.0000  0.0000
180  84 -0.6537  0.0000  0.0000
188  84  0.5550  0.0000  0.0000
196  84  2.5000  0.0000  8.8276
204  84  0.9462  0.0000  0.0000
212  84  0.3186  0.0000  0.0000
220  84  0.4043 -0.4043  8.0000
228  84  0.4077  0.0000  0.0000
236  84  0.0302  0.0000 16.1088
244  84 -0.2163 -1.7528 13.1959
252  84  0.5033  0.0000  0.0000
260  84  0.7420  0.0000 11.1304
268  84  0.0441  0.0000  0.0000
276  84  0.0976  0.0000  0.0000
284  84  0.1151  0.0000  9.4118
292  84  0.1151  0.1151 16.5161
  4  92  0.5000  0.0000  8.4768
 12  92 -0.1326  0.0000 10.6209
 20  92  0.0900  0.2962 10.5205
 28  92  0.2294  0.0000 13.7892
 36  92  0.4010 -0.3865  9.2602
 44  92  0.0000 -0.1744 13.0208
 52  92  0.1120  0.3673  7.3860
 60  92  0.1833  0.0479  7.9057
 68  92 -0.5000 -0.1588 10.5785
 76  92  0.2193  0.0923  7.5156
 84  92  0.0868  0.0378 15.2803
 92  92 -0.3290  2.8274  8.0000
100  92  0.1964  0.0000 16.1088
108  92 -1.5933  0.0000 16.1088
116  92 -1.0000  0.0000  9.2850
124  92  0.7388  0.0000  0.0000
132  92  0.5285  0.0000  0.0000
140  92  0.2131  0.0000 11.1304
148  92  0.3934  0.0000 12.0455
156  92  0.8876  0.0000  0.0000
164  92  0.5000  0.0000  8.4768
172  92  0.7040  0.0000 11.1304
180  92  1.5000 -0.0278 10.6722
188  92  0.7392  0.0000 11.1304
196  92  0.3310  0.0000 11.1304
204  92  0.0000 -0.5000  9.2086
212  92 -0.1960  2.5000 11.1304
220  92 -0.5000  0.0000  8.8276
228  92 -0.2414  0.0000 11.1304
236  92 -0.1151  0.1151 16.5161
244  92 -0.0117  0.0000  0.0000
252  92  0.1847  0.0000  0.0000
260  92  0.4617  0.0000  0.0000
268  92  0.1988  0.0000  0.0000
276  92  0.0000  2.5000  8.8276
284  92 -0.2161  0.0000  9.9740
292  92 -0.3669  0.0000 16.1088
  4 100  0.0573  0.0275 19.6353
 12 100  0.1929 -0.0116  9.9968
 20 100  0.2272 -0.0241 12.9826
 28 100  0.2220  0.2221  6.0889
 36 100 -0.7883  0.0000 16.1088
 44 100  0.0000 -2.0000 11.1304
 52 100  0.0643  0.0423  9.7861
 60 100 -0.1086 -0.0123 10.5679
 68 100 -0.2809  0.0000 12.5902
 76 100  0.0985  0.0429 13.8265
 84 100  1.5672  0.0000 10.0410
 92 100 -0.2720  0.4132  8.8276
100 100  0.1841 -0.0418 12.3683
108 100 -0.0557  0.0193 15.2661
116 100 -0.4043  0.4043  8.0000
124 100  0.1841  0.0418 12.3683
132 100 -0.2780  0.1270 13.3759
140 100  4.5000 -0.1174 13.8795
148 100  0.0770 -0.1740 10.2774
156 100  0.6109  0.0000 14.4198
164 100  0.0000 -0.5838 12.0342
172 100  0.0530  0.0000  9.2850
180 100  0.0000 -1.5000  9.6497
188 100  0.5000  0.0000 11.1304
196 100  0.2845  0.0000  0.0000
204 100  0.0662  0.0000  0.0000
212 100  0.0208 -0.0797 17.5452
220 100 -0.0496  0.0000 11.1304
228 100 -0.1140 -0.1079 19.3902
236 100  0.5000  1.2235  7.7576
244 100  0.0000 -1.2986 12.1297
252 100 -0.0645  0.0000  0.0000
260 100 -0.0995  0.0000 11.1304
268 100 -0.0123  0.0000  0.0000
276 100 -0.2279  0.0000  0.0000
284 100 -0.3509  0.0000  0.0000
292 100 -0.5314  0.0000 11.1304
  4 108 -0.0965  0.1772  8.8536
 12 108  3.6701  0.2832  6.4295
 20 108 -0.0585 -0.2413 13.6170
 28 108  0.0000  0.0855 10.6035
 36 108  1.5000  0.0000  8.2581
 44 108 -0.3192 -0.1203  9.8462
 52 108  0.0000 -0.0259 13.4737
 60 108 -0.0969  0.0606 12.1018
 68 108  0.2951  0.3304 10.0932
 76 108 -0.2466  0.2508 12.7664
 84 108  2.5000 -0.1781 11.6846
 92 108  1.5446  0.0000 12.0628
100 108  1.1679 -0.1569  9.5190
108 108 -0.5000  0.0000 11.1304
116 108 -0.1347  0.0000 11.1304
124 108  0.0635  0.0000 11.1304
132 108  0.1319  0.0000 11.1304
140 108  0.8117  0.0000 16.1088
148 108  0.6755  0.0000  8.2581
156 108  0.0428  0.0000 11.1304
164 108 -0.2271  2.5000  9.5143
172 108 -0.1828  0.0000 11.1304
180 108 -0.0818  0.0000  0.0000
188 108  0.3490  0.0000  0.0000
196 108 -0.0040  0.0000  0.0000
204 108 -0.2808  0.0000  0.0000
212 108  0.0759  0.0000  0.0000
220 108  0.0923  0.0000  0.0000
228 108  0.4636  0.0000  0.0000
236 108  1.9424  0.0000 11.1304
244 108  0.6848  0.0000  0.0000
252 108  0.5510  0.0000 11.1304
260 108  0.6534  0.0000  0.0000
268 108 -0.0912  0.0000  0.0000
276 108  0.2027  0.0000  0.0000
284 108  0.0000  2.5000  8.8276
292 108 -1.5000  0.0000  8.2581
  4 116 -0.0114  0.0624 12.6713
 12 116  0.0487  0.1591  8.9825
 20 116  0.3151  0.1758 12.0278
 28 116  0.0360 -0.1854 12.6331
 36 116 -0.4345  0.0000  8.4768
 44 116 -0.2260  0.0000  0.0000
 52 116  0.0000  2.0000 11.1304
 60 116 -0.1041 -0.7163 14.4870
 68 116  1.5000  0.0000  8.2581
 76 116  1.2571  0.0000  8.4768
 84 116  0.1842  0.0000  0.0000
 92 116 -0.1546  0.0660 18.6254
100 116  0.0345  0.0000 16.1088
108 116  0.2711 -0.3770  8.7691
116 116  0.7146  0.0000 16.1088
124 116  0.2048  0.0000  0.0000
132 116 -0.1151 -0.1151 16.5161
140 116  1.0732  0.0000 16.1088
148 116  0.8253  0.0000  0.0000
156 116  0.4824  0.0000  0.0000
164 116  0.5209  0.0000  8.0000
172 116  0.8449  0.0000 13.1641
180 116  1.1983  0.0000  0.0000
188 116  0.0816  0.5000  7.4854
196 116 -0.0830 -0.5000  8.5018
204 116  0.9021  0.0000 11.1304
212 116  0.8869  0.0000  0.0000
220 116  0.3463  0.0000  5.4468
228 116  1.1733  0.0000  8.5333
236 116  0.5836  0.0000  0.0000
244 116  0.3358  0.0000 11.1304
252 116  0.5000  0.0000 11.1304
260 116  0.0000 -0.5000  8.8276
268 116 -0.0666  0.0000 11.1304
276 116  0.0000 -0.1960 11.1304
284 116 -0.0913 -0.2044 18.7317
292 116  0.1625  0.0000 12.0628
  4 124  0.2667  0.0000  7.3143
 12 124 -0.5000  0.0000  8.8276
 20 124  0.3681  0.3881  9.7710
 28 124  0.4376  0.0000  0.0000
 36 124  0.6389  0.0000  0.0000
 44 124  0.8784  0.0000  0.0000
 52 124  0.7606  0.0000  0.0000
 60 124  1.1113  0.0000 11.1304
 68 124  2.5000  0.0000  5.4468
 76 124  1.2243  0.0000 17.0667
 84 124  0.2643 -0.2350 11.3092
 92 124 -0.6874 -0.0203  9.2302
100 124  0.9180  0.0000 12.0628
108 124  2.5000  0.0000 11.1304
116 124  0.8402  0.0000 11.1304
124 124  0.3406  0.0000 11.1304
132 124  2.3205  0.0000  0.0000
140 124  2.0738  0.0000  0.0000
148 124  1.7318  0.0000  0.0000
156 124  1.3691  0.0000  0.0000
164 124  0.8846  0.0000  1.0000
172 124  0.0000  0.0000  8.8276
180 124 -0.0914  0.0000 11.1304
188 124 -0.0789  0.0000 11.1304
196 124 -0.1256  0.0000 20.7059
204 124 -0.3337  0.0000  0.0000
212 124 -1.0680  0.0000  0.0000
220 124 -2.6060  0.0000  0.0000
228 124 -4.8566  3.5000  8.3934
236 124 -2.1078  0.0000 11.1304
244 124 -0.4531  0.0000 11.1304
252 124  0.2072  0.0000 11.1304
260 124  0.6356  0.0000 11.1304
268 124  0.1846 -0.2319  6.9494
276 124  0.1494 -0.3288  8.4046
284 124  0.1565 -0.2090 11.3024
292 124  0.1930  0.5696 12.0561
  4 132 -0.0099 -0.0633  9.0482
 12 132 -0.0200 -0.0165 13.5564
 20 132 -0.1158  0.0000  5.6456
 28 132  0.5616  0.0000  0.0000
 36 132  1.2231  0.0000 11.1304
 44 132  0.1407  0.0000  0.0000
 52 132 -0.5000  0.0000 11.1304
 60 132  3.5000 -0.1203  5.4468
 68 132  2.3363  0.0000 16.1088
 76 132  2.7658  4.8267  6.2439
 84 132  1.0982  0.0000  9.7465
 92 132  1.1761 -1.6671  7.5124
100 132  0.0000 -0.5000  8.8276
108 132 -0.4198 -0.3180  6.6597
116 132 -0.0677  0.2414 11.7124
124 132 -0.0612  0.0000 12.0628
132 132 -0.1462  0.0000  0.0000
140 132 -0.5589  0.0000 11.1304
148 132 -1.4635  0.0000 11.1304
156 132 -2.3451  0.0000 11.1304
164 132 -0.1960  2.5000 11.1304
172 132 -0.1841 -0.0418 12.3683
180 132  0.1107  0.0000 17.2183
188 132  0.3774  0.0000  0.0000
196 132 -1.3245  0.0000 11.1304
204 132 -2.6915 -0.1385  5.7744
212 132 -0.8723  0.0000  0.0000
220 132 -0.0171  0.0000  0.0000
228 132  0.1782  0.0000  0.0000
236 132 -0.1758  0.0000  0.0000
244 132 -0.1472  0.0000  0.0000
252 132 -0.0498  0.0000  0.0000
260 132  0.3883  0.0000  0.0000
268 132  0.1313  0.0000 11.1304
276 132  0.0775 -2.8282  5.6999
284 132  0.0672 -0.0361 14.4477
292 132 -0.0096  0.0584 10.2226
  4 140  5.1086  5.0500 11.5706
 12 140 -0.0840 -0.2319 22.3526
 20 140  0.4337  0.0578  8.8276
 28 140  1.3070  0.0337 12.4709
 36 140  0.5076  0.0000 11.1304
 44 140  0.1629  0.0000  0.0000
 52 140  0.0029  0.0000  0.0000
 60 140  0.1960  2.5000 11.1304
 68 140  0.6211  0.9807  6.8903
 76 140  0.7152  0.0000 11.1304
 84 140 -0.4010  0.3865  9.2602
 92 140  0.1151  0.1151 16.5161
100 140  0.0000 -0.5000  8.8276
108 140  0.0557  0.0000 21.6135
116 140  0.0786  0.3487  7.3143
124 140  0.8394  0.0000 17.0667
132 140  2.5000  0.0000  8.8276
140 140  1.5102  0.0000 16.1088
148 140  1.3475  0.0000  0.0000
156 140  1.3707  0.0000  8.4768
164 140  0.0173  0.2765 10.6320
172 140  0.0474 -0.0104 10.8936
180 140 -0.5000  0.0000 11.1304
188 140  0.0000  0.5000 11.1304
196 140 -0.0135  0.0000 11.1304
204 140  0.0000  2.5000  8.8276
212 140 -0.2381  0.0000 16.1088
220 140 -0.0276  0.0000 11.1304
228 140  1.9869  0.0000  0.0000
236 140  0.0231  0.0000  0.0000
244 140  0.1615  0.0000  0.0000
252 140  0.8160  0.0000 11.1304
260 140  0.5010  0.0000  0.0000
268 140  0.0797  0.0000  0.0000
276 140 -0.3155  0.0000  0.0000
284 140 -0.4681  0.0000  9.5738
292 140  1.2798  0.0000 11.1304
  4 148  2.5000  0.0000  8.8276
 12 148 -0.1912  0.0000 12.4272
 20 148 -0.2850  0.0000 11.1304
 28 148 -0.1609  0.0000  0.0000
 36 148 -0.0121  0.0000  0.0000
 44 148 -0.0602  0.0000 11.1304
 52 148 -0.0546  0.0000 11.1304
 60 148  0.0000 -0.5000  8.8276
 68 148  0.7672  0.0000  0.0000
 76 148  1.4245  0.0000  0.0000
 84 148  2.5000  0.0000  8.8276
 92 148  0.9594  0.0000  0.0000
100 148  0.5948  0.0000 11.1304
108 148  0.2343  0.0000  0.0000
116 148 -0.1366  0.0000 10.3926
124 148 -0.1859  0.0000 11.1304
132 148  0.0607  0.0000  8.4768
140 148  0.2655  0.0000 16.1088
148 148  0.0000  2.5000  8.8276
156 148  0.1002 -0.0756  7.8807
164 148 -0.4681  0.0000  9.5738
172 148 -0.1817  0.0000  0.0000
180 148  0.3468 -0.5000 10.2045
188 148  0.2553  0.0000 11.1304
196 148  0.0893  0.0000  0.0000
204 148  0.0000  0.5000  8.0688
212 148  0.1790  0.0000  0.0000
220 148  1.2566  0.0000  0.0000
228 148  1.6746  0.0000  0.0000
236 148  0.0471  0.0000  0.0000
244 148 -0.3858  0.0000  0.0000
252 148 -0.2063  0.0000  0.0000
260 148  0.0948  0.0000  0.0000
268 148 -0.0801  0.0000 11.1304
276 148 -0.3953  0.0000  0.0000
284 148 -0.4043  0.4043  8.0000
292 148 -0.0634 -0.0922 12.5396
  4 156 -0.5000  0.0000 11.1304
 12 156 -1.0000  0.0000  9.2850
 20 156 -0.2579  0.0000 11.1304
 28 156  0.7884  0.0000  0.0000
 36 156  1.1953  0.0000  0.0000
 44 156 -0.1760  0.0000 15.0588
 52 156 -0.3488  0.0000 16.1088
 60 156  0.2840  0.0000  0.0000
 68 156  1.4713  0.0000  0.0000
 76 156  1.0234  0.0000  0.0000
 84 156  0.3316  0.0000  0.0000
 92 156 -0.5000  4.5000  4.0635
100 156 -0.3687  0.0000 12.0455
108 156  0.0776 -0.3496  7.4033
116 156  0.0104  0.2877  8.6646
124 156  0.0962  0.0000  0.0000
132 156  0.2521  0.0000  0.0000
140 156  0.6065  0.0000  0.0000
148 156  1.2159  0.0000 11.1304
156 156  1.1907  0.0000 11.1304
164 156 -0.0934  0.2052 10.5433
172 156 -0.4523  0.0000  0.0000
180 156 -0.1349  0.0000  0.0000
188 156  0.4952  0.0000  0.0000
196 156  0.0000 -0.1063  6.9728
204 156  0.6204  0.0000 19.4783
212 156  0.3736  0.0000  0.0000
220 156  0.1666  0.0000  0.0000
228 156 -0.1498  0.0000  0.0000
236 156 -0.0844 -0.1282  8.5523
244 156 -0.2500 -0.2967  6.9189
252 156  1.2138  0.0000 11.1304
260 156  2.5000  0.0000  8.8276
268 156  0.0000 -2.0000 11.1304
276 156 -0.6347  0.0000 11.1304
284 156  0.0125  0.1500  9.7867
292 156  2.5000  0.1588 10.5785
  4 164  1.6131  0.0000 10.6514
 12 164  0.6594  0.0937 12.4726
 20 164 -0.3732 -0.3694 10.3318
 28 164 -0.6158 -0.5654  5.4468
 36 164 -0.3298  0.0000 11.1304
 44 164  0.0083 -0.0418 11.2576
 52 164  0.0793  0.0000 11.1304
 60 164  0.3169  0.0000  0.0000
 68 164  0.7546  0.0000  0.0000
 76 164  1.3363  0.0000 17.0667
 84 164  1.5336  0.0000  0.0000
 92 164  0.5346  0.0000 11.1304
100 164 -0.1802 -0.1071 10.9096
108 164 -0.0258 -0.1760 10.5267
116 164  1.0746 -0.1249  6.3772
124 164  0.3435  0.0000 11.1304
132 164  2.2632  0.0000 11.1304
140 164  1.5028  0.0000  0.0000
148 164  0.7723  0.0000 11.1304
156 164  0.2259  0.0000  0.0000
164 164  0.0728  0.0000 12.0628
172 164 -0.0214  0.0000  0.0000
180 164  0.4420  0.0000  0.0000
188 164  0.6291  0.0000 11.1304
196 164 -1.5000  0.0000  8.2581
204 164 -1.2512  0.0000  0.0000
212 164 -0.8527  0.0000 11.1304
220 164  0.0413  0.0000  0.0000
228 164  0.0521  0.0000  0.0000
236 164 -1.0000 -0.2847 11.1304
244 164 -1.2330  0.0000  0.0000
252 164 -1.2416  0.0000  0.0000
260 164 -1.0719  0.0000  0.0000
268 164 -0.8351  0.0000  0.0000
276 164 -0.4010  0.0000  0.0000
284 164  0.0000 -0.5000  8.8276
292 164  0.4453  0.0000  0.0000
  4 172  1.0797  0.0000  0.0000
 12 172  1.8285 -0.0404  9.4815
 20 172  1.1195  0.0000 16.1088
 28 172  0.5917  0.0000  0.0000
 36 172  0.2309 -0.2177 13.9636
 44 172 -0.4681  0.0000  9.5738
 52 172 -0.8938  0.0000  0.0000
 60 172  3.4128  0.0000  0.0000
 68 172  2.3677 -0.1145 12.8207
 76 172  1.1789  0.0000  0.0000
 84 172  0.3483  0.0000  0.0000
 92 172  0.0941  0.0000  0.0000
100 172  0.0732  0.1255 12.5412
108 172 -0.0330  0.0948 12.6763
116 172  0.5000  0.0000  8.4768
124 172 -0.2333  0.0000  0.0000
132 172 -0.3309 -0.0637  7.1846
140 172 -1.0793  0.0000  0.0000
148 172 -1.5000  2.5000  7.4357
156 172  0.2905  0.0000 11.1304
164 172  1.1932  0.0000 16.1088
172 172 -0.6625  0.0000 16.6956
180 172 -1.2211  0.0000  0.0000
188 172 -1.4005  0.0000 11.1304
196 172 -1.5000  0.0000  8.2581
204 172 -0.7913  0.0000 11.1304
212 172 -0.4887  0.0000  0.0000
220 172 -0.3396  0.0000 11.1304
228 172 -0.3054  0.0000  0.0000
236 172 -0.4445 -1.4096 10.3959
244 172  0.6700  0.0000  0.0000
252 172  1.0194  0.0000 11.1304
260 172 -0.0413  0.0000  0.0000
268 172 -0.7679  0.0000  0.0000
276 172 -1.6027  0.0000  0.0000
284 172  3.1833  0.0000  0.0000
292 172  2.0629  0.0000  0.0000
  4 180  0.9948  0.0000  0.0000
 12 180  0.1395 -0.2628  9.3489
 20 180  0.0000  2.0000 11.1304
 28 180  0.1537  0.0000 11.1304
 36 180  0.4604  0.0000 12.0455
 44 180  1.1362  0.0000  0.0000
 52 180  1.2387  0.0000  0.0000
 60 180  0.7564  0.0000  0.0000
 68 180 -0.0649  0.0000  0.0000
 76 180 -0.1237  0.0000  0.0000
 84 180  1.8735  0.0000  0.0000
 92 180  4.5000 -0.5000  4.0635
100 180 -0.0692  0.7242  7.7718
108 180 -0.5661  0.0000 12.5445
116 180 -0.8057  0.0000 11.1304
124 180 -0.8981  0.0000 11.1304
132 180 -0.5000  0.0000 11.1304
140 180 -0.7068  0.0000  0.0000
148 180 -0.7001  0.0000  0.0000
156 180 -0.5000  0.0000 11.1304
164 180  0.0441  0.0000 11.1304
172 180  1.5339  0.0000 12.0628
180 180  2.5000  4.5000  4.0635
188 180  0.5000  0.0000 11.1304
196 180 -0.0516  5.4300  5.4468
204 180 -1.1905  0.0000  0.0000
212 180  2.0022  0.0000  0.0000
220 180  1.4114  0.0000  0.0000
228 180  0.7508  0.0000 11.1304
236 180  0.1700  0.0000  0.0000
244 180  0.0159  0.0000  0.0000
252 180  0.2554  0.0000  0.0000
260 180  0.8492  0.0000  0.0000
268 180  1.8048  0.0000 11.1304
276 180  2.5000  0.0000  8.8276
284 180  1.7078  0.0000  0.0000
292 180  0.6824  0.0000  0.0000
  4 188  0.1439 -1.0000  8.3166
 12 188  0.4342 -0.1409  8.7273
 20 188  1.9749  0.0000 17.2183
 28 188  0.7079  0.0000 11.1304
 36 188  0.7379 -0.5000  7.2172
 44 188  0.0858  0.0000 11.1304
 52 188 -0.4412  0.0000  0.0000
 60 188 -0.7508  0.0000  0.0000
 68 188 -1.1268  0.0000  0.0000
 76 188 -0.8642  0.0000  0.0000
 84 188 -0.2806  0.0000  0.0000
 92 188  0.6517  0.0000 11.1304
100 188  2.3104  0.0000 11.1304
108 188  3.9990  0.0000 11.1304
116 188  4.5000  4.5000  4.0635
124 188  2.2198  0.0000 11.1304
132 188  0.0278  0.2116  9.2086
140 188  0.5916  0.0000 11.1304
148 188  0.8120  0.0000  0.0000
156 188  0.6105  0.0000  0.0000
164 188  0.2166  0.0000 11.1304
172 188 -0.0321  0.0000 11.1304
180 188  0.1319  0.0000  0.0000
188 188  0.6939  1.5906 10.3613
196 188  1.6024  0.0000  0.0000
204 188  2.2415  0.0000 11.1304
212 188  1.7756  0.0000  0.0000
220 188  0.8848  0.0000  0.0000
228 188  0.1401  0.2399 12.1506
236 188 -0.2039  0.0000  0.0000
244 188  0.0000  0.5000 11.1304
252 188  0.2734  0.0000  0.0000
260 188  0.6354  0.0000  0.0000
268 188  0.3741  0.0000  0.0000
276 188 -0.1932  0.0000  0.0000
284 188 -0.8798  0.0000  0.0000
292 188 -1.5000  0.0000  8.2581
  4 196 -0.8684  0.0000  0.0000
 12 196 -0.0858  0.0000 11.1304
 20 196  0.6298  0.0000 16.1088
 28 196  1.9472  0.0000 16.4760
 36 196  3.3689  0.0000  8.0000
 44 196  3.8623  0.0000  0.0000
 52 196  2.4594  0.0000  0.0000
 60 196  0.7692  0.0000  0.0000
 68 196 -0.3089  0.0000  0.0000
 76 196  0.6753  0.0000  0.0000
 84 196  0.8187  0.0000  0.0000
 92 196  0.4199  0.0000  0.0000
100 196 -0.1488  0.0000  0.0000
108 196 -0.1960  0.0000 11.1304
116 196  0.2012  0.0000  0.0000
124 196  0.8733  0.0000 11.1304
132 196  1.5000 -1.0000  7.4357
140 196  1.3415  0.0000  0.0000
148 196  0.7717  0.0000  0.0000
156 196  0.3052  0.0000  0.0000
164 196 -0.1389  0.0000 11.1304
172 196 -0.1844  0.0000 11.1304
180 196  0.1822  0.0000  0.0000
188 196  0.6325  0.0000  0.0000
196 196  0.6917  0.0000  0.0000
204 196  0.2864  0.0000  0.0000
212 196 -0.4009  0.0000  0.0000
220 196 -0.9309  0.0000  0.0000
228 196 -0.5000  0.0000  8.8276
236 196  0.1369  0.2996  6.1270
244 196  0.1151 -0.1151 16.5161
252 196  0.8716  0.0000 11.1304
260 196  1.8770  0.0000  0.0000
268 196  2.2862  0.0000  0.0000
276 196  1.6631  0.0000  0.0000
284 196  0.4975  0.0000 11.1304
292 196  0.0000  0.0264 10.8667
  4 204  1.4033  0.0000  0.0000
 12 204  1.6667  0.0000 16.1088
 20 204  1.0590  0.0000 14.5615
 28 204 -0.2370  0.0000 22.2609
 36 204 -0.6748  0.0000  0.0000
 44 204 -0.4819  0.0000  0.0000
 52 204 -0.2828  0.0000  0.0000
 60 204 -0.0799  0.0000  0.0000
 68 204  0.4866  0.0000  0.0000
 76 204  0.2934  0.0000 11.1304
 84 204  0.4088 -0.0535  7.8528
 92 204  0.0498  0.0000  0.0000
100 204  0.0000 -0.5000  8.8276
108 204  0.3128  0.0000 11.1304
116 204  0.8598  0.0000  0.0000
124 204  1.2569  0.0000 11.1304
132 204  1.0905  0.0000 10.5205
140 204  0.2567  0.0000  0.0000
148 204 -0.6828  0.0000  0.0000
156 204 -0.8792  0.0000  0.0000
164 204 -0.0947  0.0000  0.0000
172 204 -0.1917  0.0000 11.1304
180 204 -0.0955  0.0000  7.4160
188 204  0.5816  0.0000  0.0000
196 204  0.9352  0.0000  0.0000
204 204  0.8942  0.0000  0.0000
212 204  0.0000  2.5000  8.8276
220 204  2.1931  0.0000  0.0000
228 204  3.2293  0.0000  0.0000
236 204  3.3305  0.0000  0.0000
244 204  2.5000  0.0000  8.8276
252 204  0.1140  0.1079 19.3902
260 204 -0.7827  0.0000  0.0000
268 204 -0.6627  0.0000  0.0000
276 204 -0.9983  0.0000  0.0000
284 204 -1.5000  0.0000  8.2581
292 204 -0.1258 -0.2366 13.9760
  4 212 -0.5000  2.5000  4.0635
 12 212  0.0000  2.5000  8.8276
 20 212  0.0264  0.3145 11.0777
 28 212  0.2571  0.1311  7.2040
 36 212  0.3795  0.0000 11.1304
 44 212  1.0279  0.0000  0.0000
 52 212  1.9133  0.0000  0.0000
 60 212  2.5000  0.0000  8.8276
 68 212  1.0070  0.0000  0.0000
 76 212 -0.6064  0.0000  0.0000
 84 212 -1.5000  2.5000  7.4357
 92 212  0.0000 -0.5000  8.8276
100 212 -0.2169  0.0000 11.1304
108 212 -0.1916  0.0000  0.0000
116 212  0.2495  0.0000 11.1304
124 212  0.5000  0.0000 11.1304
132 212  1.0492 -0.0305 12.6667
140 212  0.5790  0.0000 16.1088
148 212  5.5138  0.0000 16.1088
156 212  5.8540  0.0000  0.0000
164 212  5.5357  0.0000  0.0000
172 212  4.4426  0.0000  0.0000
180 212  2.5000  0.0000  8.8276
188 212  0.0000  0.0548  9.9740
196 212  0.1151 -0.1151 16.5161
204 212 -0.3289  0.0000  0.0000
212 212 -1.0072  0.0000  0.0000
220 212 -0.7417  0.0000 11.1304
228 212 -0.4293  0.0000  0.0000
236 212  0.0070  0.0000  0.0000
244 212  0.2154  0.0000 11.1304
252 212  0.5000  0.0000 11.1304
260 212  0.0696  0.0812 10.9765
268 212  0.5858  0.0000 11.1304
276 212  1.4674  0.0000 11.1304
284 212  1.9133  0.0000 11.1304
292 212  0.9812  0.0000 11.1304
  4 220 -0.3307 -0.3685  9.7300
 12 220 -1.0323  0.0000  0.0000
 20 220 -0.5107  0.0000  0.0000
 28 220 -0.4681  0.0000  9.5738
 36 220  0.0529  0.0000 11.1304
 44 220  1.0949  0.0000  0.0000
 52 220  1.9472  0.0000 11.1304
 60 220  2.5000  0.0000  8.8276
 68 220  1.1059  0.0000 11.1304
 76 220  9.3417  0.0000  0.0000
 84 220  9.0241  0.0000  0.0000
 92 220  8.1994  0.0000 12.0628
100 220  6.4734  0.0000 11.1304
108 220  3.7683  0.0000  0.0000
116 220  0.7676  0.0000 11.1304
124 220 -0.1703 -0.3979 13.1364
132 220  0.7134 -0.0739  9.6604
140 220 -0.5000 -0.1588 10.5785
148 220 -1.5000 -0.1830  5.4468
156 220 -0.0700 -0.8584 10.1475
164 220  0.2485  0.0000  0.0000
172 220  0.0000  2.5000  8.8276
180 220 -0.2776 -0.1355  9.3411
188 220 -0.2638 -0.6581  9.0353
196 220 -0.2547 -0.7488 11.6723
204 220  0.7754  0.0000  0.0000
212 220  1.4108  0.0000  0.0000
220 220  0.9175  0.0000 11.1304
228 220 -0.1447  0.0000  0.0000
236 220 -0.7983  0.0000  0.0000
244 220 -0.5865  0.0000  0.0000
252 220 -0.0420 -0.1979  9.6220
260 220  0.3468 -0.5000 10.2045
268 220  2.5000  0.0000  8.8276
276 220  3.6164  0.0000 11.1304
284 220  3.0359  0.0000  0.0000
292 220  0.1761  0.5000  6.6693
