VARIABLES= "X pix", "Y pix", "U pix/dt", "V pix/dt", "CHC", ZONE I=28, J=37
  4   4 -0.1426  0.0000 10.6769
 12   4 -0.0050  0.0000 11.8699
 20   4  0.0765  0.0000 10.0321
 28   4  0.0174 -0.0830 10.0871
 36   4 -0.0053  0.0000 10.8967
 44   4 -0.0265  0.0000 11.0456
 52   4 -0.0214  0.0000 10.6010
 60   4 -0.0018  0.0000  9.4202
 68   4 -0.0006 -0.0602 10.4359
 76   4 -0.0112  0.0000 10.9378
 84   4 -0.0077  0.0000 10.8649
 92   4  0.0125  0.0000 11.8646
100   4  0.0086  0.0057 10.9917
108   4 -0.1236  0.0000 11.2696
116   4 -0.1182  0.0000 11.2975
124   4  0.0000  0.0266 11.4447
132   4  0.0553  0.0000 11.7754
140   4  0.0083  0.0000 11.7754
148   4  0.0060  0.0325 11.6086
156   4  0.0000  0.0255 11.6514
164   4 -0.0095  0.0341 12.2496
172   4  0.0005  0.0223 11.8235
180   4  0.0000 -0.0568 11.2480
188   4 -0.0468  0.0000 10.8619
196   4 -0.0383  0.0058 11.7961
204   4  0.0396  0.0186 11.5265
212   4  0.0396  0.0347 11.4934
220   4  0.0285  0.0736 10.8638
228   4 -0.0754 -0.0443  9.3891
236   4 -0.0086 -0.0540 10.2434
244   4  0.0957  0.0009 10.0368
252   4  0.0531  0.0000  9.5228
260   4  0.0148  0.0218 10.7348
268   4 -0.0160 -0.0362 10.6574
276   4 -0.0125  0.0000 12.3152
284   4  0.0189  0.0000 13.0803
292   4  0.0021  0.0000 13.4111
  4  12 -0.0117  0.0000  7.7427
 12  12 -0.0017  0.0000  9.6892
 20  12  0.0388 -0.0713  9.2275
 28  12  0.0311  0.0060  9.1743
 36  12 -0.0797  0.0237 12.5420
 44  12 -0.0625 -0.1183 12.4942
 52  12  0.0095 -0.1325  9.1703
 60  12  0.0674  0.0083  7.9768
 68  12 -0.0238 -0.0202 12.9293
 76  12  0.0062  0.0000 10.4897
 84  12  0.0000 -0.0009  7.5374
 92  12  0.0508  0.0065  7.8849
100  12  0.0000 -0.0589  7.7365
108  12  0.0062 -0.0592  9.0425
116  12 -0.0520  0.0000  8.8458
124  12 -0.0429 -0.0032  9.1986
132  12  0.0057 -0.0106  9.4754
140  12  0.0084  0.0000  9.2738
148  12  0.0000 -0.0092  9.1680
156  12  0.0477 -0.0915  9.4326
164  12 -0.0210 -0.0088 10.4664
172  12 -0.0001 -0.0031 14.3932
180  12  0.0061  0.0265 11.1772
188  12 -0.0322 -0.0104  9.7794
196  12 -0.0035 -0.0380  7.7177
204  12 -0.0100 -0.1536  9.9925
212  12  0.0480  0.1351 14.9759
220  12  0.0025 -0.0012 13.1451
228  12 -0.0134  0.0577 10.9614
236  12  0.0179 -0.4723  9.8009
244  12  0.1763  0.2454  8.2886
252  12  0.1376  0.0000 12.2135
260  12  0.1273  0.0147 12.2551
268  12  0.0890  0.0203  8.7431
276  12  0.0449  0.0000  9.5561
284  12  0.0420  0.0000  8.1013
292  12  0.0186  0.0000  8.4772
  4  20  0.0228 -0.0005 16.8233
 12  20 -0.0786  0.0000 15.2082
 20  20  0.0533  0.0000 13.2895
 28  20  0.0561  0.0097 13.5511
 36  20 -0.0011  0.0180 13.6293
 44  20 -0.0364 -0.0055 13.9543
 52  20  0.0007  0.0537 14.9355
 60  20  0.0106  0.0000 19.8172
 68  20 -0.0055 -0.0001 19.3289
 76  20 -0.0174  0.0000 18.1255
 84  20  0.0042  0.0070 17.0271
 92  20 -0.0004  0.0223 15.2395
100  20 -0.0055  0.0066 10.9579
108  20  0.0110 -0.0085 10.3018
116  20 -0.0241 -0.0363 14.8511
124  20  0.0006  0.0016 14.1263
132  20  0.0162  0.0051 15.6907
140  20  0.0000 -0.0064 13.6795
148  20 -0.0073  0.0053 15.4154
156  20 -0.0153  0.0000 15.6709
164  20  0.0000  0.0000 15.3605
172  20 -0.0060  0.0126 13.5896
180  20  0.0076 -0.0137 19.7014
188  20 -0.0180  0.0050 18.8178
196  20 -0.0189 -0.0022 19.5250
204  20 -0.0198 -0.0568 21.7740
212  20 -0.0139 -0.0054 25.8803
220  20 -0.0094 -0.0059 35.0244
228  20 -0.1088 -0.1362 12.3279
236  20 -0.2728  0.0070 10.3911
244  20  0.0618 -0.0090  8.3068
252  20  0.0931  0.0000 14.8377
260  20  0.1132  0.0000 14.7338
268  20  0.2481  0.0290 11.2576
276  20  0.1204  0.0000 13.5077
284  20  0.0474  0.0000 20.8404
292  20  0.0079  0.0000 17.6475
  4  28 -0.0119  0.0000  8.8033
 12  28 -0.0156  0.0000  9.0606
 20  28 -0.0115  0.0037  9.6894
 28  28  0.0047 -0.0011 10.0963
 36  28 -0.0039  0.0009 10.4916
 44  28  0.0127 -0.0107 10.1528
 52  28  0.0084  0.0000 10.1208
 60  28  0.0092  0.0000  9.9289
 68  28  0.0020 -0.0189 10.1357
 76  28 -0.0156 -0.0230 10.4362
 84  28 -0.0295  0.0000  9.6054
 92  28 -0.0153  0.0000  9.7168
100  28 -0.0234  0.0000 11.8566
108  28  0.0001  0.0030 16.3591
116  28  0.0037  0.0051  8.9373
124  28  0.0011  0.0218  9.9744
132  28 -0.0213  0.0031  8.8237
140  28  0.0151  0.0000  8.9739
148  28  0.0045  0.0035  9.3212
156  28  0.0154 -0.0029 15.7835
164  28 -0.0957  0.0000 15.3573
172  28  0.0010  0.0062 15.0012
180  28  0.0215  0.0430 14.7205
188  28 -0.0196 -0.0377 11.4579
196  28  0.0051  0.0084 14.4943
204  28  0.0098  0.0100  9.0983
212  28  0.0010  0.0020  9.6213
220  28 -0.0107 -0.0033 10.0641
228  28 -0.0034 -0.0001  9.9700
236  28 -0.0031 -0.0178  9.3007
244  28  0.0040 -0.0163  9.0387
252  28  0.0029 -0.0020  9.6185
260  28  0.0101 -0.0001 12.8096
268  28 -0.0199  0.0184 15.2854
276  28 -0.0035  0.0086 14.0760
284  28  0.0126 -0.0124 30.5660
292  28  0.0375  0.0000 14.3793
  4  36 -0.0101  0.0000  7.6821
 12  36 -0.0550  0.0000  7.3294
 20  36 -0.0266 -0.0153  6.7089
 28  36 -0.0581  0.0000  6.6538
 36  36 -0.1000 -0.5820  6.0552
 44  36 -0.1855 -0.1688  5.4893
 52  36 -0.1353  0.0000  7.9175
 60  36 -0.0861  0.0000 14.6166
 68  36  0.0759  0.0000 13.9255
 76  36  0.0385  0.0090 11.1937
 84  36 -0.0898 -0.1759 13.2392
 92  36  0.0000 -0.0516 10.5890
100  36  0.1175  0.0000  8.7312
108  36  0.1159  0.0155  7.6269
116  36  0.0180  0.0000  7.5285
124  36  0.0000  0.0000  6.9503
132  36  0.0005  0.0000 17.0667
140  36 -0.0590  0.0000 11.1304
148  36 -0.0794  0.0438 17.1023
156  36  0.0007 -0.0305 11.2817
164  36  0.0122 -0.0018 19.4427
172  36  0.0231  0.0342 12.6052
180  36 -0.0025  0.0354 12.2770
188  36 -0.0038  0.0116 13.3426
196  36 -0.0017 -0.0014  9.8023
204  36  0.0198  0.0000 12.7075
212  36  0.0730  0.0000 12.7068
220  36  0.1227  0.1177 13.1882
228  36  0.0041  0.0000 14.4906
236  36 -0.0982  0.0387 13.3612
244  36 -0.0626  0.0000 14.0146
252  36 -0.0800  0.0000 13.6955
260  36 -0.1393  0.0530 10.6192
268  36 -0.1399  0.0100 13.9457
276  36 -0.1003 -0.0440  7.0714
284  36 -0.0941 -0.0784  9.4654
292  36  0.1532  0.0309  7.6133
  4  44 -0.0347  0.0000 11.1304
 12  44 -0.1350  0.0000 19.1591
 20  44 -0.0455  0.0000 16.2968
 28  44  0.1300  0.0183 12.3309
 36  44 -0.1354 -0.0163 13.2841
 44  44 -0.0122  0.0924 11.1554
 52  44  0.0663  0.0000 10.4230
 60  44  0.0701  0.0000  8.7453
 68  44 -0.0604  0.0000  8.5951
 76  44  0.0595  0.2452  8.2478
 84  44  0.1096  0.0000  8.8276
 92  44 -0.1282  0.0844  8.5523
100  44 -0.0033  0.0000 11.1304
108  44  0.0202  0.0000 11.1304
116  44  0.0200  0.0000  0.0000
124  44 -0.0100  0.0000 11.1304
132  44 -0.0151  0.0000  0.0000
140  44  0.0430  0.0000  0.0000
148  44  0.1847 -0.0323 10.9777
156  44 -0.0022 -0.0151 15.2425
164  44  0.0004  0.0245 11.9646
172  44  0.0002  0.0046 10.2756
180  44  0.0038  0.0062  9.8612
188  44  0.0062  0.0047 13.4385
196  44  0.0007 -0.0011 10.7425
204  44  0.2859  0.0000  9.1590
212  44  0.3513  0.0000  9.1929
220  44 -0.0213 -0.1273  9.4028
228  44 -0.2228  0.0000 10.6826
236  44 -0.2141  0.0000 14.2858
244  44 -0.1518  0.0324 10.9897
252  44  0.1466  0.0024 14.0664
260  44  0.2526 -0.0581 17.3684
268  44  0.1674  0.0000 11.1304
276  44  0.1318  0.0000 11.9011
284  44  0.0735  0.4577 11.4191
292  44 -0.2326 -0.0125  9.6291
  4  52  0.0651  0.0378 10.1097
 12  52  0.1406 -0.1364  7.1801
 20  52 -0.1814  0.0000  9.7494
 28  52  0.0000  0.1858  9.6865
 36  52  0.0380  0.0000 11.1304
 44  52  0.0481  0.0000  0.0000
 52  52 -0.0538  0.0000  0.0000
 60  52 -0.1529  0.0000  0.0000
 68  52 -0.2928  0.0000  0.0000
 76  52 -0.5000  0.0000  8.8276
 84  52 -0.3150  0.0000  0.0000
 92  52 -0.1381  0.0000 16.1088
100  52 -0.0162  0.0000 11.1304
108  52  0.0518  0.0000  0.0000
116  52  0.1546  0.0000 16.1088
124  52  0.4093  0.0000  0.0000
132  52  1.0305  0.0000  0.0000
140  52  1.4348  0.0000  0.0000
148  52  0.7291  0.0000  0.0000
156  52  0.0001  0.0034 11.3622
164  52  0.0007 -0.0091 26.6745
172  52  0.0010 -0.0018 11.7433
180  52 -0.0006  0.0019 15.9860
188  52  0.0662  0.0000 18.9332
196  52  0.0029  0.0130  9.5095
204  52 -0.1356  0.1891  8.0946
212  52 -0.5000  0.5000  8.7605
220  52 -0.3837  0.0000 10.9491
228  52  0.0000 -0.5000  8.8276
236  52  0.1144  0.0000 13.5773
244  52 -0.1848  0.0546  8.2343
252  52 -0.0298  0.0000 12.2639
260  52  0.0145  0.1321 10.6586
268  52  0.0844  0.3664  7.6048
276  52 -0.0704  0.3409  8.0825
284  52 -0.1503  0.0000 12.4405
292  52 -0.2416  0.0000 13.2514
  4  60 -0.3246  0.0000 11.1304
 12  60 -0.2758  0.0000 20.7059
 20  60 -0.1697  0.0000  0.0000
 28  60 -0.0024  0.0000  0.0000
 36  60  0.0546  0.0000 11.1304
 44  60  0.1639  0.0000 16.1088
 52  60  0.4820  0.0000 11.1304
 60  60  1.4687  0.0000 11.1304
 68  60  2.5000  0.0000  8.8276
 76  60  1.4826  0.0000 11.1304
 84  60  0.5619  0.0000 11.1304
 92  60  0.3324  0.0000 16.1088
100  60  0.2155  0.0000  0.0000
108  60  0.0457  0.0000 17.0667
116  60 -0.1216  0.0000 16.1088
124  60 -0.3082  0.0000  0.0000
132  60 -0.4057  0.0000  0.0000
140  60 -0.5000 -0.3743  6.7368
148  60  0.0225 -0.0118  7.0711
156  60 -0.0153 -0.0004 18.8860
164  60  0.0074  0.0052 18.5143
172  60  0.0009 -0.0037 11.5777
180  60 -0.0008 -0.0003 11.7007
188  60 -0.0030 -0.0000 18.7281
196  60 -0.0048 -0.0080  7.5126
204  60 -0.0275 -0.1163  9.6828
212  60 -0.0468  0.0000 11.0903
220  60 -0.0500  0.0000 11.0903
228  60  0.0000 -0.2453 13.1623
236  60 -0.1064  0.0000  5.4468
244  60 -0.1356  0.0498  7.9211
252  60  0.0619  0.0915  8.0874
260  60  0.0110  0.0000 11.0903
268  60  0.0000  0.0000  9.5538
276  60 -0.0389  0.0248 15.0450
284  60  0.7289  0.0000 15.2515
292  60  1.4438  0.0000 10.4450
  4  68  1.0228  0.0000 11.1304
 12  68  0.5045  0.0000  0.0000
 20  68  0.5872  0.0000  0.0000
 28  68  0.5151  0.0000 11.1304
 36  68  0.2352  0.0000  0.0000
 44  68 -0.0901  0.0000 11.1304
 52  68 -0.3366  0.0000 11.1304
 60  68 -0.0708  0.0000  0.0000
 68  68  0.7778  0.0000  9.2086
 76  68  2.8274  0.3035  7.6077
 84  68  1.3234  0.0000 16.2126
 92  68  0.0155  0.0578 19.3970
100  68 -0.0208  0.0000 11.0368
108  68 -0.0332  0.0000 19.1045
116  68 -0.0408  0.0000 19.1471
124  68 -0.0579 -0.2001 13.7634
132  68 -0.0145  0.0000  0.0000
140  68  0.0150  0.0000  0.0000
148  68 -0.0056 -0.0856 16.9543
156  68  0.0151  0.0000  7.8163
164  68 -0.0150  0.0000  6.7868
172  68  0.0000  0.3531  6.5641
180  68  0.0262 -0.0074 15.2633
188  68 -0.0142  0.3110  7.9902
196  68 -0.0872  0.1825 10.2871
204  68  0.0000  0.6564  8.8910
212  68  0.1267  1.2085  8.9494
220  68  0.4688  0.0000 11.1304
228  68  0.3119  0.0000  0.0000
236  68  0.1468  0.7158 12.0903
244  68  0.9193  0.0000  0.0000
252  68  0.9093  0.0000  0.0000
260  68  0.5589  0.0000  0.0000
268  68  0.2761 -0.0806  9.3746
276  68  0.0235 -0.3939  8.7892
284  68  0.0771  0.0000 13.8188
292  68 -0.0000  0.0000  9.1934
  4  76  1.1833  0.0000  0.0000
 12  76  0.6638  0.0000 11.1304
 20  76 -0.2259  0.0000  0.0000
 28  76 -0.1263  0.0000  0.0000
 36  76 -0.0747  0.0000  0.0000
 44  76 -0.0329  0.0000 11.1304
 52  76 -0.0043  0.0000  0.0000
 60  76  0.0182  0.0000 16.1088
 68  76  0.0563  0.0416 15.1354
 76  76 -0.0367 -0.0283 11.5264
 84  76 -0.0643  0.0000 22.2609
 92  76 -0.0218  0.2266 12.8350
100  76  0.1151  0.1151 16.5161
108  76  0.2868  0.0000 12.9245
116  76  0.5197  0.0000 11.1304
124  76  0.7389  0.5000  8.0688
132  76  0.0000 -0.1960 11.1304
140  76  0.4685  0.0000 11.9011
148  76  0.2081 -0.1864  9.6241
156  76  0.0860  0.0000 12.3299
164  76  0.4080  0.0000 16.1088
172  76  1.5000 -0.0448  8.9013
180  76  1.1490  0.0000  0.0000
188  76  0.7241  0.0000 18.8048
196  76  1.0756  0.0431  7.0865
204  76  2.5000 -0.1588 10.5785
212  76  1.2844  0.0000  0.0000
220  76  0.2566  0.0000 11.1304
228  76  0.0418 -0.1521 12.6567
236  76 -0.2460  0.0000 11.1304
244  76 -0.6681  0.0000  0.0000
252  76 -0.1878  0.0000  0.0000
260  76 -0.0987  0.0000  0.0000
268  76 -0.0089  0.0000  0.0000
276  76  0.0552  0.0000  0.0000
284  76 -0.0115  0.0000 16.1088
292  76  0.0000 -0.5000  8.2581
  4  84 -0.1805  0.0000  0.0000
 12  84 -0.2420  0.0000  0.0000
 20  84 -0.1802  0.0000  0.0000
 28  84  0.0101  0.1146 17.4161
 36  84  0.3321 -0.1276 10.3409
 44  84  0.6752  0.0000 13.7892
 52  84  0.9822  0.0000 13.2207
 60  84  1.0008  0.0000 11.7363
 68  84  1.5000 -0.1788  6.6466
 76  84  0.0884  0.3126  7.5662
 84  84 -0.1005 -0.0543 14.7818
 92  84  0.0913 -0.2044 18.7317
100  84  0.4043  0.4043  8.0000
108  84  0.2193  0.0923  7.5156
116  84 -0.3070  0.0000 13.3565
124  84 -0.5000  0.0000  8.8276
132  84  1.0828  0.0000 11.1304
140  84  0.9046  0.0000 16.1088
148  84  0.3210  0.0000 14.5615
156  84  0.5000  0.0000  8.4768
164  84 -0.5000  0.0000  8.8276
172  84 -0.6421  0.0000  0.0000
180  84 -0.0856  0.0000  0.0000
188  84 -0.0900  0.0000  0.0000
196  84  0.0082  0.0000 18.5922
204  84  0.1215 -0.1200 17.1775
212  84 -0.0832  0.3131  9.8462
220  84 -0.0313  0.0000  0.0000
228  84 -0.2917  0.0000 11.1304
236  84 -0.4056  0.0000  0.0000
244  84 -0.3907  0.0000  0.0000
252  84 -0.2242  0.0000  0.0000
260  84  0.0869  0.0000  0.0000
268  84  0.4672  0.0000  0.0000
276  84  0.7699  0.0000  0.0000
284  84  0.8398  0.0000  0.0000
292  84  0.6384  0.0000  8.0000
  4  92 -0.5000  0.0000  8.8276
 12  92  0.3186  0.0000 18.0880
 20  92  1.5000  0.0000  8.9309
 28  92  0.1068  0.5000 14.1617
 36  92 -1.3070 -0.0337 12.4709
 44  92 -0.7161  0.0000 24.3712
 52  92  0.0778 -0.0778  7.3001
 60  92  0.5217  0.0000 13.7892
 68  92  0.3185 -0.0059 10.9232
 76  92 -0.3164 -0.2028  9.7492
 84  92  0.2265  0.1575 13.2463
 92  92 -0.4337 -0.0578  8.8276
100  92  0.0000 -0.5000  8.8276
108  92  0.2672  0.0000 16.1088
116  92 -0.0264  0.3145 11.0777
124  92 -0.0322  0.0000 11.1304
132  92  0.0063  0.0000 11.1304
140  92  0.0706  0.0000 16.1088
148  92  0.4455  0.0000 12.0455
156  92  0.1339  0.0000  0.0000
164  92 -0.3479  0.0000  0.0000
172  92 -0.5308  0.0000 11.1304
180  92 -0.4791  0.0000  0.0000
188  92 -0.2494  0.0000  0.0000
196  92  0.1448  0.0000  0.0000
204  92  0.4353  0.0000 11.1304
212  92  0.5656  0.0000 11.1304
220  92  0.3778  0.0000 11.1304
228  92 -0.1960 -0.5000 11.1304
236  92  0.1525  0.0000 11.1304
244  92  0.6799  0.0000  8.8276
252  92 -0.0747  0.0000  0.0000
260  92 -0.6637  0.0000  0.0000
268  92 -0.0770  0.0000  0.0000
276  92  0.4788  0.0000  0.0000
284  92  0.2049  0.0000 11.1304
292  92 -0.0403  0.0000 10.2045
  4 100  0.0131 -0.0311  8.4304
 12 100  1.0000  0.4115  7.3514
 20 100  1.0000  0.0305  9.0241
 28 100  0.2278 -0.1162  9.2296
 36 100  0.7997  0.0000 10.1261
 44 100  0.3878  0.0763  7.5294
 52 100  0.0889  0.0000  8.9217
 60 100 -0.0350  0.0000  7.8087
 68 100  0.1860  0.0000 11.1304
 76 100  1.3924  0.0000 11.1304
 84 100  0.8208  0.0000  0.0000
 92 100 -0.2318  0.0000  0.0000
100 100 -0.5671  0.0000 11.1304
108 100 -0.6196  0.0000  0.0000
116 100 -0.5000 -0.5000  4.0635
124 100 -0.0663  0.0000  0.0000
132 100  0.1616  0.0000 11.1304
140 100  0.4438  0.0000 16.1088
148 100  0.4986  0.0000 12.0455
156 100  0.0576  0.0000 16.1088
164 100 -0.1146 -0.0101 17.4161
172 100  0.0781  0.0000 16.6956
180 100 -0.1151 -0.1151 16.5161
188 100  0.1521  0.1664 16.8251
196 100  0.9937  0.0000  0.0000
204 100  1.3244  0.0000 11.1304
212 100 -0.1148  0.0000 11.1304
220 100 -0.6481  0.0000  0.0000
228 100 -1.0212  0.0000 11.1304
236 100 -1.3099 -0.0836 13.7096
244 100  0.1922  0.0000 16.1088
252 100  1.4548  0.0000  0.0000
260 100  0.8029  0.0000  0.0000
268 100  0.3718  0.0000  0.0000
276 100  0.1618  0.0000 11.1304
284 100  0.0000  0.1960 11.1304
292 100  0.0382 -0.1028 16.6166
  4 108  2.6928 -0.0595  5.6637
 12 108  1.5285  0.0000  9.7047
 20 108 -0.1841  0.0418 12.3683
 28 108 -0.4043 -0.4043  8.0000
 36 108 -0.4744  0.0000  9.4208
 44 108 -0.3427  0.0000  9.9956
 52 108  0.0000  0.0000 10.1448
 60 108 -0.0500 -0.0306  9.5442
 68 108  0.3743  0.0000 10.4024
 76 108  0.7262  0.3359  9.6996
 84 108  0.2732  0.0000  0.0000
 92 108 -0.0209  0.0000  0.0000
100 108  0.0260  0.0000  0.0000
108 108  0.2315  0.0000 11.1304
116 108  0.9042  0.0000 11.1304
124 108  1.9652  0.0000 12.0628
132 108  2.5000  0.0000  8.8276
140 108 -0.5000  0.0000  8.8276
148 108 -0.6088  0.0000 10.1191
156 108 -0.6926  0.0000 11.1304
164 108 -0.5000  0.0000 11.1304
172 108  0.2862  0.0000  9.2850
180 108  2.5000 -0.1588 10.5785
188 108 -0.1151 -0.1151 16.5161
196 108  0.0783  0.0000  0.0000
204 108  0.3835  0.0000  0.0000
212 108  0.5710  0.0000 11.1304
220 108  0.8941  0.0000 11.1304
228 108  2.0696  0.0000  0.0000
236 108  1.6273  0.0000 11.1304
244 108  0.5889  0.0000  4.0635
252 108  0.0912  0.0000 11.1304
260 108 -0.1964  0.0000  0.0000
268 108 -0.2380  0.0000 11.1304
276 108 -0.1008  0.0000  0.0000
284 108 -0.0671  0.0000 16.1088
292 108  0.1156  0.0000  0.0000
  4 116  0.1518 -0.3508  7.4873
 12 116  0.0445  0.0000 11.9011
 20 116 -0.0927  0.0000  0.0000
 28 116 -0.0384  0.0000 11.1304
 36 116  0.2556  0.0000 10.3154
 44 116  0.8604  0.0000 10.5976
 52 116  1.5506  0.0000 12.8600
 60 116  1.6047  0.0000 11.9011
 68 116  0.1931  0.0000  0.0000
 76 116  0.2984 -0.3415 16.8934
 84 116 -0.1396  0.0000 12.0628
 92 116 -0.2826 -0.4149  6.8392
100 116 -0.2955  0.2314 12.8549
108 116  1.5200  0.0000  0.0000
116 116 -2.2902  0.0000  0.0000
124 116 -0.4326  0.0000  0.0000
132 116  0.7042  0.0000 11.1304
140 116  1.2448  0.0000 11.9011
148 116  1.4474  0.0000 16.1088
156 116  1.5733  0.0000 11.1304
164 116  1.6787  0.0000 16.1088
172 116  1.2532  0.0000 11.1304
180 116  0.6665  0.0000 11.1304
188 116  0.0743  0.0000  0.0000
196 116 -0.1750  0.0000 11.1304
204 116 -0.1356  0.0000  0.0000
212 116 -0.0433  0.0000 11.1304
220 116  0.0693  0.0000  0.0000
228 116  0.0511  0.0000 11.1304
236 116 -0.0962  0.0000  0.0000
244 116 -0.2405  0.0000 11.1304
252 116 -0.2416  0.0000  0.0000
260 116 -0.0388  0.0000 16.1088
268 116  0.3571  0.0000  0.0000
276 116  0.7461  0.0000  0.0000
284 116  0.6252  0.0000  0.0000
292 116 -0.1180 -0.5000  9.2850
  4 124  0.0414 -0.6474  7.3764
 12 124 -0.2180  0.0000 11.1304
 20 124 -0.5759  0.0000 11.1304
 28 124 -0.3607  0.0000 11.1304
 36 124  1.1050  0.0000  0.0000
 44 124 -4.3313  0.0000  0.0000
 52 124 -0.5704  0.0000 16.1088
 60 124  1.2171  0.0000  8.0000
 68 124  1.9420  0.0000  0.0000
 76 124  1.9096  0.0000  0.0000
 84 124  0.9701  0.0000 11.1304
 92 124  1.9037  0.0000  0.0000
100 124  1.9428  0.0000 22.2609
108 124  1.2531  0.0000 16.1088
116 124  0.1958  0.0000  0.0000
124 124 -0.2118  0.0000 11.1304
132 124 -0.1410  0.0000  0.0000
140 124  0.0235  0.0000  0.0000
148 124  0.1590  0.0000  0.0000
156 124  0.1272  0.0000  0.0000
164 124 -0.1672  0.0000  0.0000
172 124 -0.4032  0.0000  0.0000
180 124 -0.5000  0.0000 11.1304
188 124 -0.4278  0.0000 11.1304
196 124 -0.1937  0.0000 19.4783
204 124  0.1833  0.0000  0.0000
212 124  0.1883  0.0000  0.0000
220 124  0.0065  0.0000  0.0000
228 124  0.1661  0.0000  0.0000
236 124  0.0424  0.0000 11.1304
244 124 -0.5000  0.0000  8.8276
252 124 -0.3669  0.0000 16.1088
260 124  1.5000  0.0000  8.2581
268 124 -4.5000 -0.1174 13.8795
276 124  0.3832  0.0000 11.1304
284 124  1.8583  0.0000 11.1304
292 124  2.4718  0.0000 13.1641
  4 132  2.5000 -0.1588 10.5785
 12 132  0.0000  0.3577  9.9740
 20 132  2.5000  0.0000  8.8276
 28 132  2.7385  0.0000  0.0000
 36 132  1.8817  0.0000  0.0000
 44 132  0.0092  0.0000  0.0000
 52 132 -0.3849  0.0000  8.8276
 60 132 -0.1249  0.0000 12.0628
 68 132  0.0947  0.0000  0.0000
 76 132  0.2599 -0.7898  7.7576
 84 132  0.2494  0.0599  9.5231
 92 132 -0.2404 -0.0190 14.2104
100 132 -0.5293  0.0000  0.0000
108 132 -0.6599  0.0000 11.1304
116 132 -0.6715  0.0000 10.2400
124 132 -0.5617  0.0000 11.1304
132 132  0.0806  0.0000  0.0000
140 132  0.0981  0.0000 11.1304
148 132  0.2026  0.0000  0.0000
156 132  0.6455  0.0000  0.0000
164 132  1.1139  0.0000  8.0000
172 132  1.5000  0.0448  8.9013
180 132 -0.1556  0.0000 12.2969
188 132  1.6405  0.0000  0.0000
196 132 -0.1757  0.0000 11.1304
204 132  2.5000  0.0000  8.8276
212 132  1.8339  0.0000  0.0000
220 132  1.9157  0.0000  0.0000
228 132  2.0892  0.0000 11.1304
236 132  1.4844  0.0000  8.0000
244 132  2.7388  0.0000  0.0000
252 132  3.1222  0.0000 11.1304
260 132  2.5000  0.0000  8.8276
268 132 -0.5000  0.0000  8.8276
276 132 -0.4886  0.0000 11.1304
284 132 -0.0086 -0.1642  8.9405
292 132  0.1000  0.0000 10.0049
  4 140  0.1468  0.0000 20.7059
 12 140  0.0379  0.0000 11.1304
 20 140 -0.3221  0.0000 11.1304
 28 140 -0.5629  0.0000  0.0000
 36 140 -0.5876  0.0000  0.0000
 44 140 -0.5000  0.0000  8.8276
 52 140 -0.5000  0.1588 10.5785
 60 140  0.7375  0.0000 12.0455
 68 140  0.1396  0.0000  9.2850
 76 140  0.1429  0.0000 13.4158
 84 140  0.6155 -0.3989  9.3968
 92 140  0.9264  0.0000 16.6957
100 140  1.0001  0.0000 11.1304
108 140  0.4999  0.0000 16.1088
116 140  2.5000  0.0000  8.8276
124 140  2.1359  0.0000  0.0000
132 140  1.3874  0.0000 11.1304
140 140 -0.1960 -0.5000 11.1304
148 140  0.5638  0.0000  0.0000
156 140  1.6198  0.0000  0.0000
164 140  2.3005  0.0000 12.0628
172 140  2.7961  0.0000 11.1304
180 140  2.7500  0.0000  4.0635
188 140  2.0692  0.0000  0.0000
196 140  0.5634  0.0000  0.0000
204 140  0.2755  0.0000 11.1304
212 140  0.0000  0.1309  6.5641
220 140  0.0406  0.0000  0.0000
228 140  0.0257  0.0000  0.0000
236 140 -0.1169  0.0000 11.1304
244 140 -0.3880  0.0000  0.0000
252 140 -0.5279  0.0000  0.0000
260 140 -0.2777  0.0000 11.1304
268 140  0.2852  0.0000  0.0000
276 140  1.1756  0.0000  8.8276
284 140  2.5000  0.0000  8.8276
292 140  0.0777 -0.2935  8.5087
  4 148 -0.2039  0.0000  0.0000
 12 148  0.0000 -0.5000  8.8276
 20 148  0.2444  0.0000 11.1304
 28 148  0.1507  0.0000  0.0000
 36 148 -0.1151 -0.1151 16.5161
 44 148  1.1562  0.0000  0.0000
 52 148  2.5000  0.0000  8.8276
 60 148  0.5841  0.0000 16.1088
 68 148 -0.7965  0.0000 11.1304
 76 148 -0.1357  0.0000  9.4815
 84 148  1.2213  0.0000 16.1088
 92 148  2.5000  0.0000  8.8276
100 148  2.3744  0.0000 11.1304
108 148  1.9541  0.0000 11.1304
116 148  1.5000  0.0000  8.2581
124 148  1.3507  0.0000  0.0000
132 148  1.5440  0.0000 11.1304
140 148  0.7654  0.0000 16.1088
148 148  0.2928  0.0000  0.0000
156 148  0.0876  0.0000 11.1304
164 148 -0.0788  0.2077  9.6936
172 148 -0.3277  0.0000  0.0000
180 148 -0.4806  0.0000  0.0000
188 148 -0.0434  0.0000  0.0000
196 148  0.6083  0.0000 11.1304
204 148  1.2913  0.0000 16.1088
212 148  1.6057  0.0000 13.5576
220 148  0.1955  0.0000  0.0000
228 148 -0.1408  0.0000 16.1088
236 148  0.0000  0.1960 11.1304
244 148 -0.0147  0.0000  8.0000
252 148 -0.1763  0.0000 11.1304
260 148 -0.3214  0.0000 11.1304
268 148  0.0081  0.0000  0.0000
276 148  1.5078  0.0000  1.0000
284 148 -0.0585  0.0000  0.0000
292 148 -1.2365 -1.2856  9.9517
  4 156 -0.5000  0.0000  8.8276
 12 156  0.3739  0.0000 11.1304
 20 156  1.0306  0.0000  0.0000
 28 156  1.0773  0.0000  0.0000
 36 156  0.7037  0.0000 14.6131
 44 156  0.3156  0.0000  7.7576
 52 156  1.4263  0.0000 16.1088
 60 156  2.5000  0.0000 11.1304
 68 156  0.9953  0.0000  0.0000
 76 156  0.3006  0.0000  0.0000
 84 156  0.1755  0.0000  0.0000
 92 156  0.1807  0.0000  0.0000
100 156  0.0644  0.0000  9.2850
108 156 -0.1927  0.0788 17.1842
116 156  0.3071  0.0000 16.1088
124 156  0.7250  0.0000  0.0000
132 156  0.9584  0.0000  0.0000
140 156  0.7584  0.0000 11.1304
148 156 -0.1326  0.0513  6.0730
156 156 -0.1323 -0.0372 12.3680
164 156 -0.0237  0.0000 18.3524
172 156 -0.0629  0.0000 11.1304
180 156 -0.2258  0.0000  0.0000
188 156 -0.3909  0.0000 11.1304
196 156 -0.4912  0.0000  0.0000
204 156  0.6691  0.0000  0.0000
212 156  0.0189  0.0000 11.1304
220 156 -0.2833  0.0000 11.1304
228 156  0.5000  0.0000  8.4768
236 156 -0.0197  0.0000  0.0000
244 156 -0.1546 -0.0660 18.6254
252 156  0.1030  0.0000 19.4783
260 156  0.0527  0.0000 11.1304
268 156  0.0557  0.0000  0.0000
276 156  0.7149  0.0000  0.0000
284 156  0.9792  0.0000  8.0000
292 156 -0.3145  0.0264 11.0777
  4 164 -0.2597  0.0000 11.1304
 12 164  0.1738  0.0000  0.0000
 20 164  0.6506  0.0000  0.0000
 28 164  1.0816  0.0000 11.1304
 36 164  1.5000  0.0000  8.2581
 44 164  1.1699  0.0000 11.1304
 52 164  0.9463  0.0000 11.1304
 60 164  0.7692  0.0000  0.0000
 68 164  0.4845  0.0000  0.0000
 76 164  0.0946  0.0000  0.0000
 84 164  0.1138  0.0000 11.1304
 92 164  0.1547  0.0000  0.0000
100 164  0.0698 -0.2911 10.5124
108 164 -0.1237  0.0000 13.7314
116 164 -0.3190  0.0000  0.0000
124 164 -0.5000  0.0000  8.8276
132 164  0.3851  0.0000 11.1304
140 164  0.1784  0.0000  0.0000
148 164 -0.0928  0.0000 14.6131
156 164 -0.3329 -0.0842  7.1879
164 164 -0.5000  0.0000  8.8276
172 164 -0.1008  0.0843 14.9901
180 164 -0.0437  0.0000 11.1304
188 164 -0.1487  0.0000 11.1304
196 164 -0.1494  0.0000  0.0000
204 164  0.1028  0.0000 11.1304
212 164  0.1151  0.1151 16.5161
220 164 -0.6074  0.0000  0.0000
228 164 -0.5281  0.0000  0.0000
236 164  0.1383  0.0000  0.0000
244 164  0.8570  0.0000  0.0000
252 164  1.3701  0.0000  0.0000
260 164  1.5876  0.0000 11.1304
268 164  1.2351  0.0000 11.1304
276 164  0.8363  0.0000 11.1304
284 164  0.5435  0.0000  0.0000
292 164  0.3657  0.0000  0.0000
  4 172  0.3322  0.0000 11.1304
 12 172  0.4809  0.0000 11.1304
 20 172  0.4512  0.0000 11.1304
 28 172  0.2726  0.0000  0.0000
 36 172  0.0204  0.0000  8.8276
 44 172 -0.1973  0.0000 16.1088
 52 172 -0.3831  0.0000  0.0000
 60 172  0.6273  0.0000  0.0000
 68 172  0.6913  0.0000  0.0000
 76 172  0.7553  0.0000  0.0000
 84 172  0.8714  0.0000  0.0000
 92 172  0.9139  0.0000  0.0000
100 172  0.1922  0.0000  9.4208
108 172  0.0144 -0.1624 11.7906
116 172 -0.2585  0.0000  8.9347
124 172 -0.3947  0.0000 11.1304
132 172 -0.4363  0.0000 11.1304
140 172 -0.6334  0.0000  0.0000
148 172 -1.0854  0.0000 11.1304
156 172 -1.0775  0.0000 11.1304
164 172 -0.3147  0.1030 10.3164
172 172  0.6750  0.0000  4.0635
180 172  1.1686  0.0000  0.0000
188 172  1.1767  0.0000  0.0000
196 172  0.7911  0.0000 11.1304
204 172  0.3951  0.0000 11.1304
212 172  0.1512  0.0000  0.0000
220 172  0.1445  0.0000 11.1304
228 172  0.4268  0.0000 19.4783
236 172  0.8390  0.0000  0.0000
244 172  0.7072  0.0000  0.0000
252 172  0.4314  0.0000  0.0000
260 172  0.1151 -0.1151 16.5161
268 172 -0.0973  0.0000 19.4783
276 172 -0.2335  0.0000  0.0000
284 172  1.0782  0.0000  0.0000
292 172  1.2404  0.0000  0.0000
  4 180  1.5855  0.0000 17.0667
 12 180  2.1261  0.0000 16.1088
 20 180  2.5000 -0.1588 10.5785
 28 180  0.1760  0.0000 15.0588
 36 180 -0.2751  0.0000 11.1304
 44 180 -0.4788  0.0000  0.0000
 52 180 -0.6238  0.0000 11.1304
 60 180 -0.7856  0.0000  0.0000
 68 180 -1.0979  0.0000  0.0000
 76 180 -1.6081  0.0000 11.1304
 84 180 -2.0794  0.0000  0.0000
 92 180 -2.1763  0.0612  8.3212
100 180  0.0736 -0.0151 13.4440
108 180  0.7122  0.0000 10.1078
116 180  0.5817  0.0000 11.1304
124 180  0.1192  0.0000 11.1304
132 180 -0.2068  0.0000 11.1304
140 180 -0.3564  0.0000  0.0000
148 180 -0.2358  0.0000  8.8276
156 180  0.2730  0.0000 11.1304
164 180  1.0000  0.0000  9.2850
172 180  0.6628  0.0000 11.1304
180 180  0.4023  0.0000  0.0000
188 180  0.1149  0.0000  0.0000
196 180 -0.0821  0.0000 11.1304
204 180 -0.1544  0.0000 16.1088
212 180  1.3844  0.0000 11.1304
220 180  1.4279  0.0000  0.0000
228 180  1.6552  0.0000 11.1304
236 180  1.9032  0.0000  0.0000
244 180  1.7429  0.0000 11.1304
252 180  0.3634  0.0000  0.0000
260 180 -0.2623  0.0000  0.0000
268 180 -0.5180  0.0000  0.0000
276 180 -0.6660  0.0000  0.0000
284 180 -0.8205  0.0000 11.1304
292 180 -1.0772  0.0000 11.1304
  4 188 -1.4582  0.0000 16.1088
 12 188 -1.7852  0.0000 11.1304
 20 188 -1.5874  0.0000  0.0000
 28 188 -0.0628  0.0000 12.0455
 36 188  0.3435  0.0000 11.1304
 44 188  0.0538  0.0000  0.0000
 52 188 -0.5000  0.0000  8.8276
 60 188 -0.6776  0.0000  0.0000
 68 188 -0.7177  0.0000  0.0000
 76 188 -0.5291  0.0000  0.0000
 84 188  0.0000 -0.5000  8.8276
 92 188  0.0104  0.1822 10.2342
100 188 -0.0780  0.0096 17.0884
108 188  0.0402  0.2918  9.6497
116 188 -0.1188  0.0000  0.0000
124 188 -0.2445  0.0000 11.1304
132 188 -0.2406  0.0000  0.0000
140 188  1.3710  0.0000  0.0000
148 188  1.2461  0.0000  0.0000
156 188  1.2334  0.0000 11.1304
164 188  1.1403  0.0000 11.1304
172 188  0.7598  0.0000 16.1088
180 188  0.0949  0.0000  0.0000
188 188 -0.2948  0.0000 11.1304
196 188 -0.4512  0.0000  0.0000
204 188 -0.5363  0.0000 11.1304
212 188 -0.5887  0.0000  0.0000
220 188 -0.6873  0.0000 16.1088
228 188 -0.8898  0.0000 11.1304
236 188 -1.1446  0.0000 19.1045
244 188 -1.1068  0.0000 11.1304
252 188  0.1151 -0.1151 16.5161
260 188  0.0964  0.0000  0.0000
268 188 -0.1994  0.0000 11.1304
276 188 -0.5423  0.0000  0.0000
284 188 -0.6542  0.0000 11.1304
292 188 -0.5450  0.0000  0.0000
  4 196  0.0913  0.2044 18.7317
 12 196  2.5000  0.1588 10.5785
 20 196 -0.0101 -0.1146 17.4161
 28 196 -0.4834  0.0000  8.0000
 36 196 -0.4937  0.0000 11.1304
 44 196 -0.5536  0.0000  0.0000
 52 196 -0.5968  0.0000  0.0000
 60 196 -0.5339  0.0000  0.0000
 68 196  1.0486  0.0000  0.0000
 76 196  0.8595  0.0000 11.1304
 84 196  0.7069  0.0000  0.0000
 92 196  0.4323  0.0000 11.5903
100 196 -0.0287  0.1287 10.9495
108 196 -0.2129  0.0000 13.5576
116 196 -0.3233  0.0000  0.0000
124 196 -0.3309  0.0637  7.1846
132 196 -0.3255  0.0000  0.0000
140 196 -0.2273  0.0000  0.0000
148 196 -0.1385  0.0000  0.0000
156 196 -0.2061  0.0000  0.0000
164 196 -0.6742  0.0000 11.1304
172 196 -1.8000  0.0000 16.1088
180 196 -1.1792  0.0000  8.9154
188 196 -0.6970  0.0000 16.1088
196 196 -0.4766  0.0000 11.1304
204 196 -0.4150  0.0000 11.1304
212 196 -0.3481  0.0000  0.0000
220 196 -0.1504  0.0000  0.0000
228 196  0.4634  0.0000 16.1088
236 196  1.4757  0.0000  0.0000
244 196  0.1572  0.0000 11.9011
252 196 -0.5887  0.0000 16.1088
260 196 -0.8843  0.0000 11.1304
268 196 -1.0247  0.0000 16.1088
276 196 -1.0750  0.0000  4.0635
284 196 -1.0159  0.0000 11.1304
292 196  0.5205  0.0000 11.1304
  4 204  0.4365  0.0000  0.0000
 12 204  0.3578  0.0000 12.0628
 20 204  0.2041  0.0000  9.2850
 28 204 -0.0112  0.0000 11.1304
 36 204 -0.0970  0.0000  0.0000
 44 204 -0.1897  0.0000  0.0000
 52 204 -0.2898  0.0000 17.0667
 60 204 -0.1260  0.0000  0.0000
 68 204  0.1441  0.0000  0.0000
 76 204  0.3951  0.0000  0.0000
 84 204  0.4800  0.0000 11.1304
 92 204  0.0000  0.1799  7.1976
100 204 -2.8274  0.3035  7.6077
108 204 -2.1371  0.0000 11.1304
116 204 -1.1640  0.0000 16.1088
124 204 -0.4673  0.0000  8.9154
132 204 -0.0762  0.0000  0.0000
140 204  0.0610  0.0000  0.0000
148 204  0.0324  0.0000  0.0000
156 204  0.2205  0.0000 11.1304
164 204  0.4141  0.0000  0.0000
172 204 -0.2961  0.0000  8.2581
180 204 -0.9509  0.0000  0.0000
188 204 -1.3506  0.0000  0.0000
196 204 -1.5690  0.0000 16.1088
204 204 -1.6630  0.0000  0.0000
212 204 -1.6484  0.0000  0.0000
220 204 -0.1099  0.0000  0.0000
228 204  0.0457  0.0000  0.0000
236 204  0.1966  0.0000 16.1088
244 204  0.3062  0.0000 20.7059
252 204  0.3766  0.0000  0.0000
260 204  0.4329  0.0000  0.0000
268 204  0.3415  0.0000 20.7059
276 204  0.0000 -0.5000  8.8276
284 204  0.2455  0.0000  0.0000
292 204  0.5433  0.0000  8.2581
  4 212  0.7512  0.0000  0.0000
 12 212  0.7014  0.0000  9.4208
 20 212  0.0692  0.0000 12.0628
 28 212 -1.4778  0.0000 11.1304
 36 212 -1.3496  0.0000  0.0000
 44 212 -0.5980  0.0000  0.0000
 52 212  0.1482  0.0000  0.0000
 60 212  0.6212  0.0000 11.1304
 68 212  0.6458  0.0000 11.1304
 76 212  0.0505  0.0000  0.0000
 84 212 -0.2553  0.0000  0.0000
 92 212 -0.5076  0.0000 11.1304
100 212 -1.0471  0.0000  0.0000
108 212 -1.5889  0.0000  0.0000
116 212 -1.9844  0.0000  0.0000
124 212 -2.2301  0.0000  0.0000
132 212 -2.3576  0.0000  0.0000
140 212 -2.3927  0.0000  0.0000
148 212 -0.7770  0.0000  0.0000
156 212 -0.3031  0.0000  0.0000
164 212  0.1671  0.0000  0.0000
172 212  0.6147  0.0000  0.0000
180 212  1.0202  0.0000  7.8736
188 212  1.3502  0.0000 11.1304
196 212  1.5000  0.0448  8.9013
204 212  1.1511  0.0000 11.1304
212 212  1.0739  0.0000  0.0000
220 212  1.1324  0.0000 16.1088
228 212  1.1835  0.0000  0.0000
236 212  1.0798  0.0000  0.0000
244 212  0.6776  0.0000  0.0000
252 212  0.0431  0.0000 16.7450
260 212  0.0768  0.0000 11.1304
268 212  0.6069  0.0000 11.1304
276 212  1.2504  0.0000  0.0000
284 212  1.6586  0.0000 11.1304
292 212  1.5000  0.0000  8.2581
  4 220  0.0000 -0.5000 12.0628
 12 220 -0.7659  0.0000 11.1304
 20 220 -1.3597  0.0000 16.1088
 28 220 -1.9321  0.0000 11.2095
 36 220 -2.4213  0.0000 11.1304
 44 220 -2.7793  0.0000 11.1304
 52 220 -3.0112  0.0000  0.0000
 60 220 -3.1450  0.0000  0.0000
 68 220 -3.2119  0.0000  0.0000
 76 220 -1.4522  0.0000  0.0000
 84 220 -0.6277  0.0000  0.0000
 92 220  0.2050  0.0000  0.0000
100 220  1.0334  0.0000  0.0000
108 220  1.8002  0.0000  0.0000
116 220  2.3802  0.0000 16.1088
124 220  2.5873  0.0000  0.0000
132 220  2.3028  0.0000  0.0000
140 220  1.9781  0.0000  0.0000
148 220  1.7921  0.0000  0.0000
156 220  1.7124  0.0000  0.0000
164 220  1.6433  0.0000  0.0000
172 220  1.5472  0.0000 11.1304
180 220  1.5000  0.0000  8.2581
188 220  1.5488  0.0000  0.0000
196 220  1.9995  0.0000  0.0000
204 220  2.6160  0.0000 11.1304
212 220  2.8614  0.0000 19.1045
220 220  2.1706  0.0000 11.1304
228 220  0.3796  0.0000  0.0000
236 220 -1.1504  0.0000  0.0000
244 220 -2.2223  0.0000 14.7761
252 220 -2.9376  0.0000 22.2609
260 220 -3.4086  0.0000  0.0000
268 220 -3.7101  0.0000  0.0000
276 220 -3.8933  0.0000  0.0000
284 220 -4.0001  0.0000  0.0000
292 220 -4.0690  0.0000 11.1304
