VARIABLES= "X pix", "Y pix", "U pix/dt", "V pix/dt", "CHC", ZONE I=28, J=37
  4   4  0.0134  0.0040 10.6318
 12   4 -0.0048  0.0004 11.3816
 20   4  0.0000  0.0000  9.8889
 28   4 -0.0016  0.0136 10.4732
 36   4  0.0000  0.0886 10.4619
 44   4  0.0000  0.0000 11.0456
 52   4  0.0000  0.0000 11.0456
 60   4  0.0090 -0.0071  9.7459
 68   4  0.0026 -0.0623  9.5988
 76   4  0.0000  0.0000  9.8464
 84   4 -0.0033  0.0054 10.9113
 92   4 -0.0033  0.0054 10.9113
100   4  0.0437  0.0128 10.9762
108   4  0.0000  0.0000 11.0456
116   4  0.0102 -0.0040 11.5784
124   4 -0.0438  0.0415 10.9598
132   4  0.0000  0.0383 11.9082
140   4 -0.0037  0.0229 12.1931
148   4 -0.0036  0.0222 11.5447
156   4  0.0005  0.0180 11.4657
164   4  0.0000 -0.0182 11.8736
172   4  0.0000  0.0000 11.9577
180   4 -0.0054  0.0613 11.2775
188   4  0.0000  0.0000 10.8619
196   4 -0.0071  0.0140 11.7396
204   4  0.0000  0.0000 11.8212
212   4  0.0000  0.0000 11.6683
220   4 -0.0105 -0.0026 11.4890
228   4  0.0100  0.0236 11.0917
236   4  0.0404 -0.0114  9.0815
244   4  0.0000  0.0000 10.1809
252   4  0.0000  0.0000  9.5228
260   4  0.0000  0.0000 10.6995
268   4  0.0000  0.0000 10.3329
276   4  0.0000  0.0000 12.3152
284   4  0.0000  0.0000 11.9696
292   4  0.0213 -0.0469 12.8187
  4  12 -0.0238  0.0478  7.9468
 12  12  0.0097 -0.1491  7.3549
 20  12  0.0000  0.0000  8.1000
 28  12  0.0926 -0.0057  7.6027
 36  12  0.0872  0.0293 12.3202
 44  12  0.0000  0.0000 14.1378
 52  12  0.0000  0.0000  9.5027
 60  12  0.0349  0.1293  8.4471
 68  12  0.0000  0.0000 11.5469
 76  12 -0.0394 -0.0388 10.0223
 84  12 -0.0564  0.0255  7.6696
 92  12 -0.0037 -0.0000  7.7178
100  12  0.0000  0.0000  8.0026
108  12  0.0264  0.0680  8.7072
116  12  0.0000  0.0000  9.2416
124  12 -0.0060  0.0035  9.2220
132  12  0.0169  0.0022  9.5005
140  12  0.0000  0.0000  9.6105
148  12  0.0000 -0.0834  9.2831
156  12  0.0025 -0.0055  9.3224
164  12 -0.0021 -0.0455 10.4988
172  12  0.0019  0.0012 16.9208
180  12  0.0000  0.0000 11.7929
188  12  0.0112 -0.0187  9.4403
196  12  0.0000  0.0000  8.9265
204  12 -0.0309  0.1352 10.0221
212  12 -0.1337 -0.0645 15.6921
220  12  0.0000  0.0000 12.5719
228  12 -0.0182  0.0723 11.2380
236  12  0.0000  0.0000  8.3433
244  12  0.0000 -0.0696 10.7669
252  12  0.0000  0.0000 12.9652
260  12  0.1524 -0.0421 11.4352
268  12  0.0000  0.0000  8.9418
276  12  0.0000  0.0000  9.9568
284  12  0.0000  0.0000  8.1005
292  12  0.0387  0.0032  8.2490
  4  20  0.0000  0.0000 16.9879
 12  20  0.0000  0.0000 15.2960
 20  20  0.0108 -0.0253 12.6806
 28  20  0.0000  0.0000 14.1731
 36  20  0.0000  0.0000 13.6011
 44  20  0.0000  0.0000 13.4448
 52  20 -0.0092 -0.0200 13.9984
 60  20  0.0000  0.0000 17.3258
 68  20 -0.0017 -0.0029 16.7047
 76  20 -0.0142 -0.0050 17.4469
 84  20  0.0119  0.0063 15.8003
 92  20  0.0000  0.0000 14.6740
100  20  0.0259 -0.0354 10.8885
108  20  0.0148  0.0358  9.9703
116  20 -0.0570  0.0272 14.0949
124  20  0.0000  0.0000 14.2919
132  20 -0.0241  0.0000 14.4778
140  20  0.0202  0.0108 13.6782
148  20  0.0107 -0.0047 15.0022
156  20  0.0000  0.0000 14.3978
164  20  0.0000  0.0000 15.6819
172  20  0.0000  0.0000 13.4954
180  20  0.0000  0.0000 21.9588
188  20  0.0131 -0.0035 18.8835
196  20  0.0000  0.0000 20.5098
204  20 -0.0173  0.0043 20.0878
212  20  0.0946  0.0004 21.0046
220  20 -0.0166  0.0052 39.7481
228  20 -0.1742 -0.0283  9.8147
236  20  0.0582  0.0305  7.8651
244  20 -0.0531 -0.0280 11.1694
252  20 -0.3776  0.0643 17.1579
260  20  0.0000  0.0511  9.9126
268  20  0.0000  0.0000 20.8166
276  20  0.0000  0.0000 11.7513
284  20 -0.0067  0.0024 17.1737
292  20  0.0046 -0.0197 15.9300
  4  28  0.0000  0.0000  9.1392
 12  28  0.0317 -0.0445  8.9406
 20  28 -0.0150 -0.0001  9.6760
 28  28  0.0025 -0.0098 10.0744
 36  28  0.0000  0.0000 10.1295
 44  28  0.0070  0.0011 10.0315
 52  28 -0.0009  0.0019 10.0552
 60  28  0.0000  0.0000 10.1007
 68  28 -0.0229 -0.0234 10.2850
 76  28  0.0000  0.0000 10.6907
 84  28  0.0014  0.0011  9.6893
 92  28 -0.0180 -0.0130  9.5111
100  28 -0.0017  0.0038 11.8068
108  28  0.0012 -0.0002 16.4987
116  28 -0.0000  0.0000  9.1462
124  28  0.0000  0.0000 10.0263
132  28 -0.0229  0.0039  8.8444
140  28 -0.0004 -0.0188  9.0118
148  28 -0.0021 -0.0067  9.5666
156  28  0.0000  0.0000 15.5656
164  28  0.0000  0.0000 15.4627
172  28 -0.0008 -0.0026 15.5621
180  28  0.0000  0.0000 16.0078
188  28  0.0000  0.0000 11.7437
196  28 -0.0024  0.0038 15.8040
204  28 -0.0002  0.0014  9.1714
212  28 -0.0011 -0.0029  9.6079
220  28  0.0008  0.0028  9.8516
228  28 -0.0126 -0.0008  9.9069
236  28  0.0005 -0.0003  9.3797
244  28 -0.0105  0.0083  9.2562
252  28  0.0004 -0.0009  9.7683
260  28 -0.0037  0.0015 13.1396
268  28 -0.0063 -0.0009 15.3178
276  28  0.0000  0.0000 13.7726
284  28  0.0801 -0.0766 28.0764
292  28  0.0094 -0.0019 15.2371
  4  36  0.0161 -0.0029  7.8808
 12  36 -0.0033 -0.0080  7.3563
 20  36 -0.0147 -0.0366  6.6026
 28  36 -0.0325 -0.1211  6.4310
 36  36  0.0000  0.0000  6.2502
 44  36  0.1774 -0.0164  5.7444
 52  36  0.0000 -0.0537  7.8652
 60  36  0.0000 -0.0099 13.8682
 68  36 -0.0300 -0.1175  7.1143
 76  36  0.0000  0.0000 12.0678
 84  36  0.0000  0.0000 11.7513
 92  36  0.0000  0.0000 10.4867
100  36  0.0000  0.0000  9.2435
108  36  0.0000  0.0000  8.1628
116  36  0.0000  0.0000  8.1881
124  36 -0.0628  0.0319  6.6080
132  36  0.0000  0.0000 20.7059
140  36  0.0000  0.0000  0.0000
148  36  0.0000  0.0000 12.3186
156  36  0.0165  0.0006 11.0831
164  36 -0.0263 -0.0073 19.7083
172  36 -0.0343 -0.0104 13.4547
180  36  0.0042 -0.0189 12.6035
188  36  0.0000  0.0000 12.9929
196  36 -0.0007 -0.0059 10.4914
204  36  0.0529  0.0036 10.4990
212  36  0.0000  0.0000 12.4810
220  36 -0.0101  0.1409 14.0895
228  36  0.0000  0.3309 10.5785
236  36 -0.0982  0.0387 13.3612
244  36  0.0000  0.0000 11.4015
252  36  0.0000  0.0000 14.2612
260  36  0.0153  0.0423 12.9201
268  36 -0.0196  0.0311 14.1085
276  36  0.0000  0.0000  8.4459
284  36  0.0030  0.1784  8.3807
292  36  0.0307  0.0132  7.5244
  4  44  0.0000  0.0000 12.5902
 12  44  0.0000  0.0000 19.1591
 20  44  0.0000  0.0000 16.2968
 28  44  0.0000  0.0000 12.8227
 36  44  0.1348  0.0333 11.3522
 44  44  0.0000  0.0000 10.5606
 52  44 -0.0472 -0.0472  9.9328
 60  44  0.0000  0.0356  9.1439
 68  44  0.0000  0.0000  8.7453
 76  44  0.0000  0.0000 12.9245
 84  44  0.0000  0.0000 11.1304
 92  44  0.0000  0.0000 11.1304
100  44  0.0000  0.0000 11.1304
108  44  0.0000  0.0000 11.1304
116  44  0.0000  0.0000  0.0000
124  44  0.0000  0.0000 11.1304
132  44  0.0000  0.0000 11.1304
140  44  0.0000  0.0000  0.0000
148  44  0.0000  0.0000 12.6512
156  44  0.0002 -0.0114 15.2078
164  44  0.0091 -0.0040 11.3142
172  44  0.0055 -0.0257 10.3880
180  44  0.0050 -0.0050  9.7072
188  44 -0.0247 -0.0069 12.7338
196  44 -0.0193  0.0136 11.4411
204  44 -0.3509  0.1586  7.1496
212  44 -0.0235 -0.1483  9.1090
220  44  0.0000  0.0000  8.9436
228  44  0.0000  0.0000 10.6826
236  44 -0.0036  0.1005 13.8726
244  44 -0.0128  0.1206 11.2351
252  44  0.1631  0.0147 13.3694
260  44  0.1485 -0.0070 19.8310
268  44 -3.0000  0.2016  8.1387
276  44  0.0000  0.0000 11.0903
284  44 -0.1153 -0.1066 12.4405
292  44 -0.3329  0.0842  7.1879
  4  52  0.0000  0.0000 10.5606
 12  52 -0.2631 -0.1865  7.5641
 20  52  0.0738 -0.0102  7.5528
 28  52  0.0000  0.0000  9.3279
 36  52  0.0000  0.0000 11.1304
 44  52  0.0000  0.0000  0.0000
 52  52  0.0000  0.0000  0.0000
 60  52  0.0000  0.0000 11.1304
 68  52  0.0000  0.0000 11.1304
 76  52  0.1546 -0.0660 18.6254
 84  52  0.0000  0.0000  0.0000
 92  52  0.0000  0.0000 16.1088
100  52  0.0000  0.0000 11.1304
108  52  0.0000  0.0000 11.1304
116  52  0.0000  2.5000  8.8276
124  52  0.0000  0.0000 11.1304
132  52  0.0000  0.0000  0.0000
140  52  0.0000  0.0000 11.1304
148  52  0.0000  0.0000 11.1304
156  52  0.0010 -0.0057 11.2366
164  52 -0.0009 -0.0002 27.9218
172  52  0.0083  0.0043 11.8872
180  52  0.0000  0.0000 16.4892
188  52 -0.0193 -0.0046 19.3876
196  52 -0.0158 -0.0023 10.1532
204  52  1.0000  0.0000  9.2850
212  52  0.0000  0.0000 16.1088
220  52  0.0000  0.0000 10.9491
228  52  0.0000  0.0000 11.1304
236  52 -0.0329 -0.0527  7.0700
244  52  0.0647 -0.0215  7.7558
252  52  0.0000  0.0000 10.6057
260  52  0.0080  0.3923  9.0661
268  52  0.0000 -0.1004  8.5565
276  52  0.0000  0.0000  9.5208
284  52  0.0000  0.0000 12.2639
292  52 -0.0910 -0.0168 12.4878
  4  60  0.0000  0.0000 11.1304
 12  60  0.0000  0.0000 11.1304
 20  60  0.0000  0.0000  0.0000
 28  60  0.0000  0.0000  0.0000
 36  60  0.0000  0.0000 11.1304
 44  60 -0.4043 -0.4043  8.0000
 52  60  0.0000  0.0000  0.0000
 60  60  0.0000  0.0000 11.1304
 68  60  0.0000  0.0000 16.1088
 76  60  0.0000  0.0000 11.1304
 84  60  0.0677  0.2414 11.7124
 92  60 -0.1834  0.0484 13.7039
100  60  0.0000  0.0000  0.0000
108  60  0.0000  0.0000 22.2609
116  60  0.0000 -0.5000  8.8276
124  60  0.0000  0.0000  0.0000
132  60  0.0000  0.0000  0.0000
140  60  0.0000  0.0000 17.0667
148  60 -0.0036  0.0038  7.4672
156  60  0.0000  0.0000 18.1379
164  60  0.0057 -0.0139 17.9552
172  60 -0.0006 -0.0011 11.6423
180  60  0.0017  0.0014 11.4121
188  60 -0.0030  0.0019 21.4335
196  60  0.0064  0.0177  7.9605
204  60  0.0000  0.0000 11.4523
212  60  0.0000  0.0000 11.0903
220  60 -0.1150  0.1655 13.3685
228  60  0.1510  0.0626 10.0522
236  60  0.0000  0.2391  6.8449
244  60  0.0367  0.0780  8.5648
252  60  0.0000  0.2272  9.1690
260  60  0.1348 -0.0333 11.3522
268  60 -0.1372  0.2521  9.2411
276  60 -0.0067 -0.1426 11.7597
284  60 -0.0672  0.0361 14.4477
292  60  0.0000  0.0000 17.8861
  4  68  0.0000  0.0000 11.1304
 12  68  0.0000  0.0000  0.0000
 20  68  0.0000  0.0000 11.1304
 28  68  0.0000  0.0000 11.1304
 36  68  0.0000  0.0000  0.0000
 44  68  0.0000  0.0000 11.1304
 52  68  0.0000  0.0000 11.1304
 60  68 -1.3070  0.0337 12.4709
 68  68  0.0000  0.0000 16.1088
 76  68  0.0000  0.0000  0.0000
 84  68  0.2229 -0.1693 13.3002
 92  68  0.0000  0.0000 12.3458
100  68 -0.2882 -0.4736 11.5566
108  68  0.0000 -0.1960 11.1304
116  68 -0.3076 -0.1981 12.4931
124  68  0.0000  0.1556 12.2969
132  68  0.0000  0.0000  0.0000
140  68  0.0000  0.0000  0.0000
148  68 -0.1107 -0.0919 11.3653
156  68  0.0000  0.0000  7.1712
164  68 -0.0882 -0.0084  7.1797
172  68 -0.2393 -0.0159  7.0637
180  68  0.0000  0.0000 11.2699
188  68  0.0210  0.0087  6.9581
196  68  0.0000  0.0000  8.1212
204  68  0.3960  0.1612  8.0754
212  68  0.0000  0.0000 11.1304
220  68  0.4043  0.4043  8.0000
228  68  0.0000  0.0000  0.0000
236  68  0.0000  0.0000 12.5445
244  68  0.0000  0.0000 17.0667
252  68  0.0000  0.0000 11.1304
260  68  0.1960  2.5000 11.1304
268  68  0.0610  1.0000  8.9210
276  68  0.0000  0.0000 11.0903
284  68  0.0697 -0.1129 10.5251
292  68  0.0593  0.1185  9.9022
  4  76  0.0000  0.0000  0.0000
 12  76  0.0000  0.0000  0.0000
 20  76  0.0000  0.0000  0.0000
 28  76  0.0000  0.0000 16.1088
 36  76  0.0000  0.0000  0.0000
 44  76 -0.1151 -0.1151 16.5161
 52  76  0.0000  0.0000 20.7059
 60  76  0.0000  0.0000 16.1088
 68  76  0.0000  0.0000 21.2964
 76  76 -0.1169  0.0312 10.6912
 84  76  0.0000  0.0000 11.1304
 92  76  0.0000  0.0000 13.0803
100  76  0.0000  0.0000 19.4783
108  76  0.0000  0.0000 16.1088
116  76  2.5000  0.0000  8.8276
124  76  0.1960  0.0000 11.1304
132  76 -0.0378  0.0868 15.2803
140  76  0.0000  0.0000 12.0628
148  76  0.0000  0.0000 16.1088
156  76 -0.5000 -0.0795 10.4713
164  76  0.2780 -0.1270 13.3759
172  76  0.0000  0.0000  0.0000
180  76  0.0000  0.0000 16.1088
188  76  0.0000  0.0000 16.6956
196  76  0.0000  0.0000 11.0617
204  76 -1.1034 -0.0787 13.1739
212  76  0.0000  0.0000 11.1304
220  76  0.0000  0.0000  0.0000
228  76  0.4043  0.4043  8.0000
236  76  0.0000  0.0000 11.1304
244  76  0.0000  0.0000  0.0000
252  76  0.0000  0.0000  0.0000
260  76  0.0000  0.0000  0.0000
268  76  0.0000  0.0000  0.0000
276  76  0.0000  0.0000  0.0000
284  76  0.0000  0.0000 16.1088
292  76  2.5000  0.0000  8.8276
  4  84  0.0000  0.0000  0.0000
 12  84  0.0000  0.0000  0.0000
 20  84  0.0000  0.0000  0.0000
 28  84  0.0000  0.0000 19.4783
 36  84  0.2264 -0.2174  8.1086
 44  84  0.5000  0.0000  8.4768
 52  84  0.0182 -0.0644 14.3527
 60  84  0.0000  0.0000 12.3186
 68  84  0.0000  0.0000 10.6786
 76  84  0.0000  0.0000  8.1689
 84  84  0.0000  0.0000 14.5866
 92  84  0.1151  0.1151 16.5161
100  84  0.0000  0.0000 16.1088
108  84  0.0000  0.0000 22.2609
116  84  0.2907 -0.0403 10.5761
124  84  0.0000  0.0000 16.1088
132  84  0.0000  0.0000 11.1304
140  84  0.0000  0.0000 16.1088
148  84  0.0201  0.0803 13.5936
156  84  0.0000  0.0000 17.0667
164  84  0.0000  0.0000 16.1088
172  84  0.0000  0.0000 17.0667
180  84  0.0000  0.0000  0.0000
188  84  0.0000  0.0000  0.0000
196  84  0.0000  0.0000 16.4760
204  84  0.1113  1.6014 11.9803
212  84  0.0000  0.0000 11.1304
220  84  0.0000  0.0000  0.0000
228  84  0.0000  0.0000 13.0803
236  84  0.0000  0.0000  0.0000
244  84  0.0000  0.0000  0.0000
252  84  0.0000  0.0000  0.0000
260  84  0.0000  0.0000  0.0000
268  84  0.0000  0.0000  0.0000
276  84  0.0000  0.0000  0.0000
284  84  0.0000  0.0000  0.0000
292  84  0.0000  0.0000 16.1088
  4  92  0.0000  0.0000 16.1088
 12  92  0.0000  0.0000 24.3712
 20  92  0.0000  0.0000 13.3565
 28  92  0.0000  0.0000 12.0628
 36  92  0.0000  0.0000 17.2183
 44  92 -0.2096  0.1052  8.9423
 52  92  0.0000  0.0000  8.8167
 60  92  0.0000  0.0000 11.4848
 68  92  0.0827  0.0325  9.8917
 76  92  0.0215 -0.0096  9.8531
 84  92  0.0000  0.0000 11.9011
 92  92  0.0415 -0.2503  7.1197
100  92  0.0000  0.0000 11.1304
108  92  0.0000  0.0000 16.1088
116  92 -0.0698 -0.2911 10.5124
124  92  0.0000  0.1960 11.1304
132  92  0.0000  0.0000 11.1304
140  92  2.5000  0.0000  8.8276
148  92  0.0000  0.0000 12.0455
156  92  0.0000  0.0000 11.1304
164  92  0.2414  0.0000 11.1304
172  92  0.0000  0.0000  0.0000
180  92  0.0000  0.0000 11.1304
188  92  0.0000  0.0000  0.0000
196  92  0.0000  0.0000  0.0000
204  92  0.0000  0.0000 16.1088
212  92  0.0000  0.0000  0.0000
220  92  0.0000 -0.1960 11.1304
228  92  0.0000  0.0000 22.2609
236  92  0.0000  0.0000  0.0000
244  92  0.0000  0.0000  0.0000
252  92  0.0000  0.0000 11.1304
260  92  0.0000  0.0000  0.0000
268  92  0.0000  0.0000  0.0000
276  92  0.0000  0.0000  0.0000
284  92  0.0000  0.0000 11.1304
292  92  0.0000  0.0000 19.1045
  4 100 -0.0110 -0.1404 10.6010
 12 100  0.0000  0.0000 11.0617
 20 100 -0.0677  0.2414 11.7124
 28 100  0.0000  0.0000 16.1088
 36 100  0.0000  0.0000 11.9011
 44 100 -0.0297 -0.5000  9.4815
 52 100  0.0000  0.0000  9.8051
 60 100  2.5000  0.1588 10.5785
 68 100 -0.3451  1.8631  8.3518
 76 100 -0.0262 -0.0357  8.3478
 84 100  0.0000  0.0000 11.1304
 92 100  0.0000  0.0000  0.0000
100 100 -0.5000  0.1180  9.2850
108 100  0.0000  0.0000  0.0000
116 100  0.0000  0.0000 16.1088
124 100  0.0000  0.0000  0.0000
132 100  0.0000  0.0000 11.1304
140 100 -0.2780  0.1270 13.3759
148 100  0.0000  0.0000 16.1088
156 100  0.0000  0.0000 17.0667
164 100  0.0000  0.0000 20.7059
172 100  0.0000  0.0000 16.6956
180 100  2.5000  0.0000  8.8276
188 100     NaN  0.0000 17.0667
196 100  0.0000  0.0000  0.0000
204 100  0.0000  0.0000  0.0000
212 100  0.0000  0.0000 11.1304
220 100  0.0000  0.0000  0.0000
228 100  0.0000  0.0000  0.0000
236 100  0.0000  0.0000 17.0667
244 100  0.0000  0.0000 16.1088
252 100  0.0000  0.0000 11.1304
260 100  0.0000  0.0000  0.0000
268 100  0.0000  0.0000  0.0000
276 100  0.0000  0.0000 11.1304
284 100  0.0000  0.1960 11.1304
292 100  0.0000  0.0000 20.7059
  4 108  0.0000  0.0000 20.2590
 12 108  0.5000  0.0413 10.4642
 20 108  0.0000  0.0000 16.1088
 28 108  0.0000  0.0000 20.7059
 36 108  0.0000  0.0000 10.2729
 44 108  0.0541  0.2020  8.1289
 52 108 -0.0697 -0.1299 11.1666
 60 108  0.3578  0.0382 11.8703
 68 108  0.0383 -0.0120 10.8969
 76 108 -0.2197 -0.1872 11.6747
 84 108  0.0000  0.0000  0.0000
 92 108  0.0000  0.0000  0.0000
100 108  0.0000  0.0000 11.1304
108 108  0.0000  0.0000  0.0000
116 108  0.0000  0.0000 16.1088
124 108  0.0000  0.0000 11.1304
132 108  0.0000  0.0000 16.1088
140 108  0.0000 -0.5000  8.8276
148 108  0.5000 -0.2012  9.9121
156 108 -0.1101  0.1469  7.1968
164 108 -0.1068 -0.3135 15.1963
172 108  0.0000  0.0000  9.2850
180 108  0.0000  0.0000 19.4783
188 108  0.0000  0.0000 11.1304
196 108  0.0000  0.0000  0.0000
204 108  0.0000  0.0000  0.0000
212 108  0.0000  2.5000  8.8276
220 108  0.0000  0.0000 11.1304
228 108  0.0000  0.0000 11.1304
236 108  2.5000 -0.0391  9.3822
244 108  0.0000  0.0000 11.1304
252 108  0.0000  0.0000 19.1045
260 108  0.0000  0.0000  0.0000
268 108  0.0000  0.0000 11.1304
276 108  0.0000  0.0000  0.0000
284 108  0.0000  0.0000 11.1304
292 108  0.0000  0.0000  0.0000
  4 116 -0.0601  0.4139 17.3470
 12 116 -0.2743 -0.0236 10.8782
 20 116  0.0000  0.0000  0.0000
 28 116  0.0000 -0.5000  8.8276
 36 116 -0.0059 -0.1860 10.1774
 44 116  0.0000  0.0000 11.9011
 52 116  0.0418 -0.1521 12.6567
 60 116  0.0000  0.0000  8.0000
 68 116  0.4556  0.2284  8.2581
 76 116  0.0000  0.0000 20.7059
 84 116  0.0000  0.0000  9.4208
 92 116  0.2076  0.0667  9.6020
100 116  0.0101 -0.1146 17.4161
108 116  0.0000  0.0000 11.1304
116 116  0.0000  0.0000  0.0000
124 116  0.0000  0.0000  0.0000
132 116  0.0000  0.0000 11.1304
140 116  0.0000  0.0000 16.1088
148 116  0.0000  0.0000 11.1304
156 116  0.0000  0.0000 11.1304
164 116  0.0000  0.0000 16.1088
172 116  0.0000  0.0000 22.2609
180 116  0.0000  0.0000  0.0000
188 116  0.0000  0.0000  0.0000
196 116  0.0000  0.0000  0.0000
204 116  0.0000  0.0000 11.1304
212 116  0.0000  0.0000  0.0000
220 116  0.0000  0.0000  0.0000
228 116  0.0000  0.0000 11.1304
236 116  0.0000  0.0000  0.0000
244 116  0.0000  0.0000 11.1304
252 116 -0.1960 -0.5000 11.1304
260 116  0.0000  0.0000 16.1088
268 116  0.0000  0.0000  0.0000
276 116  0.0000  0.0000 11.1304
284 116  0.0000  0.0000  0.0000
292 116 -0.0377  2.3850 12.5315
  4 124  0.0000  0.0000  7.7511
 12 124  0.0000  0.0000 11.1304
 20 124  0.0000  0.0000  0.0000
 28 124  0.0000  0.0000  0.0000
 36 124  0.0000  0.0000  0.0000
 44 124  0.0000  0.0000  0.0000
 52 124  0.2673 -1.3043 10.1404
 60 124  0.0000  0.0000  0.0000
 68 124  0.0000  0.0000 11.1304
 76 124  0.0000  0.0000 16.1088
 84 124  0.0000  0.0000  0.0000
 92 124  0.0000  0.0000  0.0000
100 124  0.0000  0.0000 22.2609
108 124  0.0000  0.0000 16.1088
116 124  0.0000  0.0000  0.0000
124 124  0.0000  0.0000 11.1304
132 124  0.5000  0.0000  8.4768
140 124  0.0000  0.0000 16.1088
148 124  0.0000  0.0000  0.0000
156 124  0.0000  0.0000  0.0000
164 124  0.0000  0.0000  0.0000
172 124  0.0000  0.0000 17.0667
180 124 -0.5000  0.0000 11.1304
188 124  0.0300  0.0000 13.5228
196 124 -0.0325 -0.3999 15.1770
204 124  0.0000  0.0000  0.0000
212 124  0.0000  0.0000  0.0000
220 124  0.0000  0.0000  0.0000
228 124  0.0000  0.0000  0.0000
236 124  0.0000  0.0000  0.0000
244 124  0.0000  0.0000 11.1304
252 124  0.0000  0.0000 11.1304
260 124  0.0000  0.0000 11.1304
268 124  0.0000  0.0000 16.1088
276 124  0.0000  0.0000 11.1304
284 124  0.0000  0.0000  0.0000
292 124  0.0000  0.0000 11.1304
  4 132  0.5000 -0.0930 14.1070
 12 132  0.0000  0.0000 20.7059
 20 132  0.0000  0.0000 11.1304
 28 132  0.0000  0.0000  0.0000
 36 132  0.0000  0.0000  0.0000
 44 132  0.0000  0.0000  0.0000
 52 132  0.0000  0.0000  0.0000
 60 132  0.0000  0.0000  9.2850
 68 132  0.0000  0.0000  0.0000
 76 132  0.0000  0.0000 11.1304
 84 132  0.0000  0.0000 13.5576
 92 132  0.0000  0.0000 13.5576
100 132  0.0000  0.0000  0.0000
108 132  0.0000  0.0000 11.1304
116 132  0.0000  0.0000 11.1304
124 132  0.4043  0.4043  8.0000
132 132  0.0000  0.0000  0.0000
140 132  0.0000  0.0000  0.0000
148 132  0.0000  0.0000  0.0000
156 132  0.0000  0.0000  0.0000
164 132  0.3577  1.5000  9.3659
172 132 -1.0000 -0.0640 12.3173
180 132  0.0000  0.0000 12.0628
188 132  0.0000  0.0000  0.0000
196 132  0.0000  0.0000 11.1304
204 132  0.0000  0.0000 11.1304
212 132  0.0000  0.0000  0.0000
220 132  0.0000  0.0000  0.0000
228 132  0.0000  0.0000  0.0000
236 132  0.0000  0.0000  0.0000
244 132  0.0000  0.0000  0.0000
252 132  0.0000  0.0000  0.0000
260 132  2.5000 -0.5000  4.0635
268 132  2.5000  0.0000  8.8276
276 132  0.1468 -0.7158 12.0903
284 132 -0.1211  0.9236  8.0688
292 132  0.0000 -0.2697  7.3143
  4 140 -0.2727  0.0000 15.0980
 12 140  0.0000  0.0000 11.1304
 20 140  0.0000  0.0000 11.1304
 28 140  0.0000  0.0000  0.0000
 36 140     NaN  0.0000 17.0667
 44 140  0.0000  0.0000  0.0000
 52 140  0.0000  0.0000  0.0000
 60 140 -0.4681  0.0000  9.5738
 68 140 -0.7429  0.0763  7.2258
 76 140 -0.0138 -0.1130 16.2659
 84 140 -0.3948  0.0908  6.7629
 92 140 -0.2730  0.0000 10.6474
100 140  0.0000  0.0000 11.1304
108 140  0.0000  0.0000 16.1088
116 140  0.0000  0.0000 19.1045
124 140  0.0000  0.0000  0.0000
132 140  0.0000  0.0000  0.0000
140 140  0.0000  0.0000  0.0000
148 140  0.0000  0.0000  0.0000
156 140  0.0000  0.0000  0.0000
164 140  0.0000  0.0000 12.0628
172 140  0.5000 -0.0418 12.4022
180 140  0.0000  0.0000 11.1304
188 140  0.0000  0.0000  0.0000
196 140  0.0000  0.0000  0.0000
204 140  0.0000  0.0000 11.1304
212 140 -0.5000  0.0000  8.8276
220 140  0.0000  0.0000 11.1304
228 140  0.0000  0.0000  0.0000
236 140  0.0000  0.0000  0.0000
244 140  0.0000  0.0000  0.0000
252 140  0.0000  0.0000  0.0000
260 140  0.0000  0.0000 11.1304
268 140  0.0000  0.0000  0.0000
276 140  0.0000  0.0000  0.0000
284 140  0.0000  0.0000  9.7047
292 140  0.0000  0.0000 13.1204
  4 148 -0.1151 -0.1151 16.5161
 12 148  0.1180 -0.5000  9.2850
 20 148  0.0000  0.0000 16.1088
 28 148  0.0000  0.0000 11.1304
 36 148 -0.1151 -0.1151 16.5161
 44 148  0.0000  2.0000 11.1304
 52 148  0.0000  0.0000 12.3458
 60 148  0.0000  0.0000 16.1088
 68 148  0.0549 -0.0080 14.4470
 76 148 -0.3881 -0.0913  7.9096
 84 148 -0.5000  0.0696  9.9740
 92 148  0.0000  0.0000 16.1088
100 148  0.0000  0.0000 11.1304
108 148  0.0000  0.0000 16.9590
116 148  0.0000  0.0000 16.1088
124 148  0.0000  0.0000  0.0000
132 148  0.0000  0.0000  0.0000
140 148  0.0000  2.5000  8.8276
148 148  0.0000  0.0000  0.0000
156 148  0.0000  0.0000  0.0000
164 148  0.0000  0.0000 12.0455
172 148  0.0000  0.0000  0.0000
180 148  0.0000  0.0000  0.0000
188 148  0.0000  0.0000  0.0000
196 148  0.0000  0.0000  0.0000
204 148 -0.0913  0.2044 18.7317
212 148  0.0195 -0.1351 12.3307
220 148  0.0000  0.0000 13.7892
228 148  0.0000  0.0000 11.1304
236 148  0.0000  0.1960 11.1304
244 148  0.0000  0.0000  8.0000
252 148  0.0000  0.0000 11.1304
260 148  0.0000  0.0000 11.1304
268 148  1.5000  0.0000  8.2581
276 148  0.1142 -0.1142 10.6035
284 148  0.0000  0.0000  8.0000
292 148  0.0000  0.0000  9.2086
  4 156  0.0000  0.0000 16.1088
 12 156  2.5000  0.0000  8.8276
 20 156  0.0000  0.0000  0.0000
 28 156  0.0000  0.0000  0.0000
 36 156 -0.5000  0.2274  6.6693
 44 156  0.3468     NaN  7.1197
 52 156  0.0000  0.0000 11.1304
 60 156  0.0000  0.0000 11.1304
 68 156  0.0000  0.0000  0.0000
 76 156  0.0000  0.0000 16.1088
 84 156  0.0000  0.0000  0.0000
 92 156  0.0000  0.0000  0.0000
100 156  0.0000  0.0000 10.1191
108 156  0.2780  0.1270 13.3759
116 156  0.0000  0.0000 11.1304
124 156  0.0000  0.0000  0.0000
132 156  0.0000  0.0000  0.0000
140 156  0.0000  0.0000  0.0000
148 156  0.0000  0.0000  0.0000
156 156  1.5000 -0.1788  6.6466
164 156 -0.1014 -0.0633 14.0729
172 156  0.0000  0.0000  0.0000
180 156  0.0000  0.0000  0.0000
188 156  0.0000  0.0000  0.0000
196 156  0.0000  0.0000 11.1304
204 156  0.0000  0.0000 11.1304
212 156  0.0000  0.0000 16.1088
220 156  0.0000  0.1960 11.1304
228 156  0.0000  0.0000 13.5576
236 156  0.0000  0.0000  0.0000
244 156  0.0000  0.0000 19.4783
252 156  0.0000  0.0000 19.4783
260 156  0.0000  0.0000  0.0000
268 156  0.0000  0.0000 22.2609
276 156  0.0000  0.0000 16.1088
284 156  0.1151 -0.1151 16.5161
292 156  0.0000  0.0000 12.0628
  4 164  0.0000  0.0000 11.1304
 12 164  0.0000  0.0000  0.0000
 20 164  0.0000  0.0000 11.1304
 28 164  0.0000  0.0000 11.1304
 36 164  0.0000  0.0000 22.2609
 44 164  0.0000  0.0000 16.1088
 52 164  0.0000  0.0000 11.1304
 60 164  0.0000  0.0000  0.0000
 68 164  0.0000  0.0000  0.0000
 76 164  0.0000  0.0000  0.0000
 84 164  0.0000  0.0000  0.0000
 92 164  0.0000  0.0000  0.0000
100 164 -0.2571 -0.1311  7.2040
108 164 -0.0645 -0.5000 10.4200
116 164  0.0000  0.0000 11.1304
124 164  0.0000  0.0000 11.1304
132 164  0.0000  0.0000 11.1304
140 164  2.5000  0.0000  8.8276
148 164  0.0000  0.0000 11.1304
156 164  0.0249  0.3015 10.3996
164 164 -0.2948  0.3360  8.6612
172 164  0.2667  0.1732 18.0390
180 164  0.0000  0.0000  0.0000
188 164  0.0000  0.0000 11.1304
196 164  0.0000  0.0000 11.1304
204 164  0.0000  0.0000  0.0000
212 164 -0.1050  2.5000  6.8903
220 164  0.0000  0.0000  0.0000
228 164  0.0000  0.0000  0.0000
236 164  0.0000  0.0000  0.0000
244 164  0.0000  0.0000  0.0000
252 164  0.0000  0.0000  0.0000
260 164  0.0000  0.0000 11.1304
268 164  0.0000  0.0000 17.0667
276 164  0.0000  0.0000 19.4783
284 164  0.0000  0.0000  0.0000
292 164  0.0000  0.0000  0.0000
  4 172  0.0000  2.5000  8.9154
 12 172  0.0000  0.0000  0.0000
 20 172  0.0000  0.0000 11.1304
 28 172  0.0000  0.0000  0.0000
 36 172 -0.2611 -0.1783  7.6338
 44 172  0.0000  0.0000 16.1088
 52 172  0.0000  0.0000  0.0000
 60 172  0.0000  0.0000  0.0000
 68 172  0.0000  0.0000  0.0000
 76 172  0.0000  0.0000 11.1304
 84 172  0.0000  2.5000  8.8276
 92 172  0.0000  0.0000 11.1304
100 172  0.0000  0.0000  9.4025
108 172  0.0000  0.0000 12.3186
116 172  0.2117  1.1735 13.4737
124 172  0.0000  0.0000 16.1088
132 172  1.5000  0.0000  8.2581
140 172  0.0000  0.0000  0.0000
148 172     NaN  0.0000  5.4468
156 172  0.0000  0.0000  0.0000
164 172 -0.4043 -0.4043  8.0000
172 172  0.3732  0.5000  9.6402
180 172  0.0000  0.0000  0.0000
188 172  0.0000  0.0000 11.1304
196 172  0.0000  0.0000 11.1304
204 172  0.0000  0.0000  8.0000
212 172  0.0000  0.0000  0.0000
220 172  0.0000  0.0000 11.1304
228 172  2.5000 -0.0391  9.3822
236 172  0.0000  0.0000  0.0000
244 172  0.0000  0.0000  0.0000
252 172  0.0000  0.0000  0.0000
260 172  0.0000  0.0000  0.0000
268 172  2.5000  0.1588 10.5785
276 172  0.0000  0.0000  0.0000
284 172  0.0000  0.0000  0.0000
292 172  0.0000  0.0000  0.0000
  4 180  0.0000  0.0000 18.9370
 12 180  0.0418 -0.1521 12.6567
 20 180 -0.1960  2.5000 11.1304
 28 180 -0.1606 -0.3123 12.3989
 36 180  0.0000  0.0000 16.1088
 44 180  0.0000  0.0000  0.0000
 52 180  0.0000  0.0000  0.0000
 60 180  0.0000  0.0000  0.0000
 68 180  0.0000  0.0000  0.0000
 76 180  0.0000  0.0000  0.0000
 84 180  0.0000  0.0000  0.0000
 92 180  0.0000  0.0000 13.1641
100 180  0.1442  1.5000 10.1103
108 180 -0.2361 -0.0343 11.0244
116 180 -0.0978  0.0707 15.7377
124 180  0.0000  0.0000 16.1088
132 180 -2.5000  0.0000 11.1304
140 180  0.0000  0.0000  0.0000
148 180  0.3095 -0.3883  6.7172
156 180 -0.1063  0.0000  6.9728
164 180  0.0000  0.0000 12.0628
172 180  0.0000  0.0000  0.0000
180 180  0.0000  0.0000  0.0000
188 180  0.0000  0.0000  0.0000
196 180  0.0000  0.0000 11.1304
204 180  0.0000  0.0000 11.1304
212 180  0.0000  0.0000 16.1088
220 180  0.0000  0.0000  0.0000
228 180  0.0000  2.5000  8.8276
236 180  0.0000  0.0000  0.0000
244 180  0.0000  0.0000  0.0000
252 180  0.0000  0.0000 11.1304
260 180  0.0000  0.0000  0.0000
268 180  0.0000  0.0000  0.0000
276 180  0.0000  0.0000  0.0000
284 180  0.0000  0.0000 11.1304
292 180  0.0000  0.0000 11.1304
  4 188 -0.3622 -0.3124  9.6172
 12 188  0.0000  0.0000 11.1304
 20 188  0.0000  0.0000  0.0000
 28 188  0.0000  0.0000 12.0455
 36 188  0.0000  0.0000 11.1304
 44 188  0.0000  0.0000  0.0000
 52 188  0.0000  0.0000  0.0000
 60 188  0.0000  0.0000  0.0000
 68 188  0.0000  0.0000  0.0000
 76 188  0.0000  0.0000  0.0000
 84 188  1.5000  0.0000  8.2581
 92 188  0.0000  0.0000  9.4025
100 188  0.1964  0.3294 11.8395
108 188 -0.1589  0.0764  7.0932
116 188  0.0000  0.0000  0.0000
124 188  0.0000  0.0000 11.1304
132 188  0.0000  0.0000  0.0000
140 188  0.0000  0.0000  0.0000
148 188 -0.3095 -0.3883  6.7172
156 188  2.5000  0.0000  8.8276
164 188  0.0000  0.0000 12.0455
172 188  0.0000 -0.5000  8.8276
180 188  0.0000  0.0000  0.0000
188 188  0.0000  0.0000 11.1304
196 188  0.0000  0.0000  0.0000
204 188  0.0000  0.0000 11.1304
212 188  0.0000  0.0000  0.0000
220 188  0.0000  0.0000  0.0000
228 188  0.0000  0.0000 11.1304
236 188  0.0000  0.0000  0.0000
244 188  0.0000  0.0000 20.7059
252 188  0.0000  0.0000 19.4783
260 188  0.0000  0.0000  0.0000
268 188  0.0000  0.0000  0.0000
276 188  0.0000  0.0000  0.0000
284 188  0.0000  0.0000 11.1304
292 188  0.0000  0.0000  0.0000
  4 196  0.0000  0.0000  0.0000
 12 196  0.0000  0.0000 11.1304
 20 196 -0.1244  0.0375 16.8192
 28 196  0.0000  2.5000  8.8276
 36 196  0.0000  0.0000 11.1304
 44 196  0.0000  0.0000  0.0000
 52 196  0.0000  0.0000  0.0000
 60 196  0.0000  0.0000 11.1304
 68 196  0.0000  0.0000  0.0000
 76 196  0.0000  0.0000  0.0000
 84 196 -1.5000  0.0000  8.2581
 92 196  0.1034 -0.0559 10.1661
100 196  0.1583 -0.0340  9.0167
108 196  0.0000  0.0000  8.0688
116 196  0.0000  0.0000 11.1304
124 196  0.0000  0.0000  0.0000
132 196  0.0000  0.0000  0.0000
140 196  0.0000  0.0000  0.0000
148 196  0.0000  0.0000  0.0000
156 196  0.0000  0.0000  0.0000
164 196  0.0000  0.0000 11.1304
172 196  0.0000  0.0000 12.0455
180 196  0.0000  0.0000  0.0000
188 196  0.0000  0.0000 16.1088
196 196  0.0000  0.0000 11.1304
204 196 -0.5000 -0.5000  4.0635
212 196  0.0000  0.0000 11.1304
220 196  0.0000  0.0000 11.1304
228 196  0.0000  0.0000 16.1088
236 196  0.0000  0.0000  0.0000
244 196  0.0000  0.0000 11.1304
252 196  0.4043 -0.4043  8.0000
260 196 -0.1151  0.1151 16.5161
268 196  0.0000  0.0000 11.1304
276 196  0.0000  0.0000  0.0000
284 196  0.0000  0.0000 11.1304
292 196  0.0000  0.0000  0.0000
  4 204  2.5000  0.0000  8.8276
 12 204 -0.0308 -0.1823 13.1845
 20 204 -1.0575 -0.1618  7.5801
 28 204  0.0000  0.0000 11.1304
 36 204  0.0000  0.0000  0.0000
 44 204  0.0000  0.0000  0.0000
 52 204  0.0000  0.0000  0.0000
 60 204  0.0000  0.0000  0.0000
 68 204  0.0000  0.0000  0.0000
 76 204  0.0000  0.0000 11.1304
 84 204  0.0000  0.0000 13.1641
 92 204 -5.6634 -4.5800 11.3983
100 204  0.2976 -0.0455  8.6486
108 204  0.0677  0.2414 11.7124
116 204  0.0000  0.0000 11.1304
124 204  0.0000  0.0000 13.5576
132 204  0.0000 -0.5000  8.8276
140 204 -0.5000  4.5000  4.0635
148 204  0.0000  0.0000  0.0000
156 204  0.0000  0.0000  0.0000
164 204  0.0000  0.0000  0.0000
172 204  0.0000  0.0000 12.0455
180 204 -0.1603  0.0000  6.3054
188 204  0.0000  0.0000  0.0000
196 204  0.0000 -0.5000  8.8276
204 204  0.0000  0.0000  0.0000
212 204  0.0000  0.0000 11.1304
220 204  0.0000  0.0000  0.0000
228 204  0.0000  0.0000  0.0000
236 204  0.0000  0.0000 16.1088
244 204  0.0000  0.0000  0.0000
252 204  0.0000  0.0000 16.1088
260 204 -0.4043 -0.4043  8.0000
268 204 -0.2414  0.0000 11.1304
276 204 -0.5000  4.5000  4.0635
284 204  0.0000  0.0000  8.2581
292 204  0.0000  0.0000 22.2609
  4 212  0.0000  0.0000 16.7450
 12 212  0.0000  0.0000 12.0628
 20 212 -1.3070  0.0337 12.4709
 28 212  0.0000  0.0000 11.1304
 36 212  0.0000  0.0000  0.0000
 44 212  0.0000  0.0000 11.1304
 52 212  0.0000  0.0000  0.0000
 60 212  0.0000  0.0000  0.0000
 68 212  0.0000  0.0000  0.0000
 76 212  0.0000  0.0000  0.0000
 84 212  0.0000  0.0000 11.1304
 92 212 -0.0610  1.0000  8.9210
100 212  0.0000  0.0000  0.0000
108 212  0.0000  0.0000  0.0000
116 212  0.0000  0.0000 11.1304
124 212  0.0000  0.0000  0.0000
132 212  0.0000  0.0000 11.1304
140 212  0.0000  0.0000  0.0000
148 212  0.0000  0.0000  0.0000
156 212  0.0000  0.0000  0.0000
164 212  0.0000  0.0000  0.0000
172 212  0.1960  2.5000 11.1304
180 212  0.0418  0.1521 12.6567
188 212  0.0000  0.0000 11.1304
196 212  0.4681  0.0000  9.5738
204 212  0.0000  0.0000 11.1304
212 212  0.0000  0.0000  0.0000
220 212  0.0000  0.0000 16.1088
228 212  0.0000  0.0000  0.0000
236 212  0.0000  0.0000  0.0000
244 212  0.0000  0.0000 16.1088
252 212  0.0000  0.0000  0.0000
260 212  0.0000  0.0000  0.0000
268 212  0.0000  0.0000  0.0000
276 212  0.0000  0.0000  0.0000
284 212  0.0000  0.0000  0.0000
292 212  0.1180 -0.5000  9.2850
  4 220 -0.0218  0.2266 12.8350
 12 220  0.0000  0.0000 11.1304
 20 220 -0.2802  0.0546 12.7691
 28 220  0.0612  0.8768  9.4815
 36 220  0.0000  0.0000 12.0628
 44 220  0.0000  0.0000  0.0000
 52 220  0.0000  0.0000  0.0000
 60 220  2.5000  0.0000  8.8276
 68 220  0.0000  0.0000  0.0000
 76 220  0.0000  0.0000  0.0000
 84 220  0.0000  0.0000  0.0000
 92 220  0.0000  0.0000 11.1304
100 220  0.0000  0.0000  0.0000
108 220  0.0000  0.0000  0.0000
116 220  0.0000  0.0000 11.1304
124 220  0.0000  0.0000 17.2183
132 220  0.0000  0.0000 17.0667
140 220  0.0000  0.0000 17.0667
148 220  0.0000  0.0000  0.0000
156 220  0.0000  0.0000  0.0000
164 220  0.0000  0.0000  0.0000
172 220  0.0000  2.5000  8.8276
180 220 -0.0585 -0.2413 13.6170
188 220  0.3577  0.0000 13.4737
196 220  0.0000  0.0000  0.0000
204 220  0.0000  0.0000 11.9005
212 220  0.0000  0.0000 17.2183
220 220  0.0000  0.0000 11.1304
228 220  0.0000  0.0000  0.0000
236 220  0.0000  0.0000  0.0000
244 220  0.1960  0.0000 11.1304
252 220  0.0000  0.0000 22.2609
260 220  0.0000  0.0000  0.0000
268 220  0.0000  0.0000 11.1304
276 220  0.0000  0.0000  0.0000
284 220  0.0000  0.0000 16.1088
292 220  0.0000  0.5000  8.0688
