VARIABLES= "X pix", "Y pix", "U pix/dt", "V pix/dt", "CHC", ZONE I=28, J=37
  4   4  0.0134  0.0040 10.6318
 12   4 -0.0065 -0.0462 11.0576
 20   4 -0.0006  0.0000  9.9884
 28   4  0.0000  0.0543 10.2566
 36   4  0.0061  0.0000 11.0456
 44   4  0.0000  0.0145 11.0935
 52   4 -0.0096  0.0000 11.0456
 60   4  0.0027 -0.0026  9.7321
 68   4  0.0000 -0.0090  9.3602
 76   4  0.0019 -0.0635  9.7864
 84   4 -0.0033  0.0054 10.9113
 92   4  0.1026  0.0000 10.9734
100   4  0.0437  0.0128 10.9762
108   4  0.0000 -0.0145 11.0935
116   4 -0.0102 -0.0119 11.2047
124   4  0.0435  0.0034 11.0424
132   4  0.0000 -0.0286 12.1954
140   4  0.0000 -0.0286 12.1954
148   4  0.0199  0.0000 11.9483
156   4  0.0000  0.0162 11.8572
164   4  0.0000 -0.0027 11.7864
172   4  0.0108  0.0000 11.9577
180   4  0.0216  0.0000 11.7834
188   4  0.0062  0.0000 10.8619
196   4 -0.0071  0.0096 11.6121
204   4 -0.0006 -0.0056 11.4389
212   4  0.0483  0.0441 11.6601
220   4  0.0182 -0.0589 10.9067
228   4 -0.0100 -0.0536 11.0451
236   4  0.0000  0.0351  9.0422
244   4  0.0138 -0.0158 10.2866
252   4  0.0069  0.0000  9.5228
260   4  0.0267  0.0000 10.6995
268   4  0.0247  0.0000 10.5790
276   4  0.0000 -0.0572 13.1235
284   4  0.0000  0.0408 12.6375
292   4  0.0024  0.0000 12.6320
  4  12 -0.0283  0.0000  7.7596
 12  12  0.0227 -0.0107  8.5298
 20  12  0.0388  0.1078  8.3209
 28  12  0.0396 -0.0483  8.3858
 36  12 -0.0662  0.0792 11.2137
 44  12 -0.0412  0.0000 14.1378
 52  12  0.0115  0.1092  9.7275
 60  12 -0.2623  0.1327  8.3128
 68  12 -0.0207  0.0551 11.0136
 76  12  0.0282  0.1428  9.4540
 84  12  0.0558  0.1974  8.0751
 92  12 -0.0162  0.1852  7.6347
100  12  0.0000  0.1284  8.2172
108  12  0.0264  0.0680  8.7072
116  12  0.0000 -0.0905  8.9534
124  12  0.0099  0.1176  9.2348
132  12  0.0009  0.0031  9.4503
140  12  0.0000  0.0164  9.5890
148  12  0.0000  0.0623  9.2501
156  12 -0.0782  0.0510  9.8223
164  12 -0.0097  0.0366 10.5123
172  12  0.0074 -0.0420 16.7551
180  12  0.0019 -0.0078 12.3966
188  12  0.0428  0.1748  9.2809
196  12  0.0583  0.0168  8.1496
204  12  0.0473  0.2767  9.8282
212  12  0.0006  0.2704 16.4491
220  12  0.0156  0.0906 11.8416
228  12 -0.0877 -0.3899 10.5713
236  12  0.0000  0.8907  9.0353
244  12 -0.4658  0.0198 10.7908
252  12  0.1637  0.3015 11.6058
260  12 -0.1532  0.1562  9.0304
268  12 -0.0991  0.0030  8.6687
276  12  0.0081  0.1281  9.6716
284  12  0.0140  0.2840  7.7117
292  12  0.0049  0.1447  8.5873
  4  20 -0.0615  0.0511 15.8977
 12  20  0.0000  0.0359 14.7568
 20  20  0.0193  0.0221 12.7492
 28  20 -0.0057  0.0659 13.5620
 36  20  0.0294  0.0366 13.2655
 44  20 -0.0316  0.0963 12.7318
 52  20  0.0302  0.0225 13.9937
 60  20 -0.0298  0.0315 17.1841
 68  20 -0.0227  0.1025 16.7263
 76  20  0.0518 -0.0079 17.8341
 84  20 -0.0171  0.0349 15.9898
 92  20 -0.0709  0.0153 15.4816
100  20  0.0263  0.0087 10.5166
108  20  0.0778  0.1466  9.4555
116  20 -0.0224  0.0543 14.0483
124  20  0.0269  0.0792 13.6960
132  20  0.0104 -0.0044 14.5278
140  20  0.0000  0.0678 13.6158
148  20 -0.0007  0.0370 14.4750
156  20 -0.0222  0.0356 14.0416
164  20 -0.0300  0.0224 15.1909
172  20  0.0081  0.0366 13.3637
180  20  0.0091  0.0584 22.1074
188  20  0.0224  0.0157 18.5362
196  20 -0.0196  0.0075 19.2913
204  20  0.0469  0.0121 19.9754
212  20 -0.0091 -0.0928 23.0559
220  20  0.0484  0.0123 38.7457
228  20 -0.2587 -0.0621 10.6474
236  20  0.0000  0.0471  8.5992
244  20 -0.1171  0.0169 11.8094
252  20  0.1158 -0.1010 17.3333
260  20  0.1389  0.1543  9.9902
268  20  0.0694  0.0324 15.4286
276  20  0.0191 -0.1408 11.0411
284  20  0.0768  0.0847 19.8269
292  20  0.1142  0.0784 14.7481
  4  28  0.0882  0.0667  8.6704
 12  28 -0.0344  0.2038  8.8797
 20  28 -0.0708  0.0242  9.6681
 28  28  0.0184  0.0097  9.9805
 36  28  0.0151  0.0136 10.2408
 44  28 -0.0287  0.0162 10.1575
 52  28  0.0251  0.0244 10.0803
 60  28 -0.0156  0.0226 10.0488
 68  28 -0.0040  0.0000 10.4774
 76  28 -0.0796  0.0693 10.6336
 84  28  0.0000  0.0675  9.9123
 92  28 -0.0022  0.0319  9.6002
100  28  0.0009  0.0218 11.1893
108  28  0.0200  0.0093 16.6105
116  28  0.0010  0.0047  9.1627
124  28  0.0162  0.0227 10.1747
132  28 -0.0588  0.0077  8.8654
140  28 -0.0114  0.0262  9.0218
148  28  0.0075  0.0208  9.5404
156  28 -0.0046  0.0213 15.6576
164  28 -0.0210  0.1523 14.7864
172  28  0.0075  0.2594 15.1804
180  28  0.1468  0.2387 15.6832
188  28  0.0217  0.0231 11.7724
196  28  0.0830  0.0034 16.4809
204  28  0.0156  0.0342  9.2923
212  28 -0.0147  0.0480  9.8104
220  28  0.0073  0.0198 10.0357
228  28  0.0004  0.0081 10.0718
236  28  0.0148  0.0203  9.5246
244  28 -0.0028  0.0084  9.2844
252  28 -0.0072  0.0341  9.9767
260  28 -0.0093  0.0082 13.3861
268  28  0.0206  0.0396 15.7477
276  28  0.1268  0.0475 13.8914
284  28  0.0361 -0.0945 27.0837
292  28  0.0746  0.0323 15.7226
  4  36  0.0018  0.0517  7.8605
 12  36 -0.0023  0.0750  7.6015
 20  36  0.0031  0.1275  6.5798
 28  36 -0.0311  0.1338  6.1509
 36  36 -0.3351  0.3005  5.4963
 44  36  0.2067  0.1587  5.9933
 52  36 -0.0721 -0.2375  8.0209
 60  36 -0.0093  0.0000 14.6166
 68  36  0.0691 -0.0549  6.2079
 76  36  0.0210 -0.0961 10.2492
 84  36  0.1382  0.0912 13.0986
 92  36 -0.0914  0.1150 10.9289
100  36  0.0979  0.1236  8.5473
108  36 -0.0171 -0.1119  7.6583
116  36 -0.0244  0.0458  8.1959
124  36 -0.1006  0.1319  6.1295
132  36  2.5000 -3.7933  8.3934
140  36  1.0789  0.0000 17.0667
148  36  0.1014 -0.0633 14.0729
156  36  0.0300  0.0473 11.2646
164  36  0.0359  0.0828 20.2159
172  36  0.0646  0.2187 13.2801
180  36  0.0554  0.2090 13.0384
188  36 -0.0032  0.0013 12.7663
196  36  0.0689 -0.0013 10.5658
204  36  0.1044  0.1157 11.3813
212  36  0.0000  0.2547 11.6112
220  36  0.1115 -0.0166 15.1046
228  36 -0.2543  0.0331 12.6950
236  36  0.2188 -0.3086  9.9070
244  36  0.1233  0.1895 11.1631
252  36  0.0000  0.1437 15.0735
260  36  0.0154 -0.1029 10.8112
268  36  0.0045 -0.0867  9.8794
276  36 -0.2156 -0.0204  7.2195
284  36 -0.0288  0.0133  7.8394
292  36 -0.1298 -0.0439  7.2443
  4  44 -0.0820  0.0000 11.1304
 12  44 -0.0909 -0.2284 13.1191
 20  44 -0.0752  0.0000 17.6152
 28  44  0.0347  0.0326 13.2721
 36  44 -0.0754  0.0878 12.5503
 44  44 -0.0031  0.2059 11.7284
 52  44  0.0264  0.0179 10.1305
 60  44  0.2281  0.0063  8.6893
 68  44  0.1293  0.0000  8.7453
 76  44  0.0711  0.1313  8.4328
 84  44  0.0000  2.5000  8.8276
 92  44 -0.1960  0.0000 11.1304
100  44 -0.5000 -0.5000  4.0635
108  44 -0.3696  0.0000  0.0000
116  44 -0.4253  0.0000  0.0000
124  44 -0.5000 -0.1588 10.5785
132  44  0.0929  0.0000  0.0000
140  44  0.6335  0.0000  0.0000
148  44 -0.5000 -0.1134  7.5496
156  44 -0.0160 -0.0305 14.8560
164  44  0.0890  0.1867 10.5118
172  44  0.0338  0.3151 10.1775
180  44  0.0468  0.2957  9.5857
188  44  0.0799  0.2922 11.9257
196  44  0.1058  0.0498 11.4826
204  44  0.0321 -0.1574  8.6434
212  44 -0.1325 -0.0273  8.5972
220  44  0.0130  0.0227  8.9977
228  44  0.0130  0.0094 10.6804
236  44 -0.1005  0.1065 13.9383
244  44 -0.0128  0.1206 11.2351
252  44  0.0139  0.0000 13.6955
260  44  0.0394 -0.1953 16.8143
268  44 -0.4043  0.4043  8.0000
276  44  0.2177  0.0000 11.0903
284  44 -0.0492 -0.0536 20.4108
292  44 -0.5000  1.5000  6.5641
  4  52 -0.0241  0.1492  9.4656
 12  52  0.0473  0.2853  7.7125
 20  52 -0.0631  0.9347  8.1003
 28  52  0.0000  0.5000  7.6506
 36  52 -0.2264  0.2174  8.1086
 44  52 -0.3604  0.0000  0.0000
 52  52 -0.2971  0.0000  0.0000
 60  52  0.5000  0.0000  8.4768
 68  52  2.5000 -0.1588 10.5785
 76  52  0.9236  0.0000 19.4783
 84  52  0.5480  0.0000  0.0000
 92  52  0.7412  0.0000 16.1088
100  52  1.4582  0.0000 11.1304
108  52  2.5000  0.0000  8.8276
116  52  0.0000 -0.5000  8.8276
124  52  0.0000  2.5000  8.8276
132  52 -0.0818  0.0000  0.0000
140  52 -0.1244  0.0000 11.1304
148  52 -0.0302  0.0000 11.1304
156  52  0.0035  0.1607 10.9387
164  52  0.0414  0.3365 26.0507
172  52  0.1004  0.2827 11.6177
180  52  0.0788  0.1067 17.3124
188  52  0.0758  0.1034 18.6557
196  52  0.0887  0.0327 10.5847
204  52  1.1699 -0.2909  4.7900
212  52  0.4551  0.0000 19.4783
220  52 -0.6306  0.1105 11.2757
228  52  0.1960 -0.5000 11.1304
236  52  0.0403  0.0389  9.7439
244  52 -0.2621  0.2216  7.7905
252  52 -0.0140  0.1543 11.0678
260  52 -0.0770  0.0000  9.4762
268  52 -0.1457  0.0000  8.3451
276  52 -0.1071  0.2666 10.0126
284  52  0.3001  0.0000 12.2639
292  52  1.2740  0.0000 13.2514
  4  60  0.5000  0.0000  8.4768
 12  60  0.3420  0.0000  0.0000
 20  60  0.5419  0.0000  0.0000
 28  60  0.9014  0.0000  0.0000
 36  60  1.1106  0.0000  0.0000
 44  60 -0.3127 -0.1061  9.8739
 52  60 -0.3078  0.0000  0.0000
 60  60 -0.3153  0.0000  0.0000
 68  60 -0.1544  0.0000  0.0000
 76  60 -0.0249  0.0000 11.1304
 84  60  0.1297  0.0000 12.9293
 92  60  0.4025  2.5000  7.3745
100  60  0.6171  0.0000  0.0000
108  60  1.1994  0.0000  0.0000
116  60  0.5704  0.0000 11.1304
124  60  0.2729  0.0000 11.1304
132  60  0.6127  0.0000  0.0000
140  60  1.1040  0.0000 17.0667
148  60 -0.0107  0.0837  7.1702
156  60  0.0365  0.0934 17.8831
164  60  0.0712  0.1796 15.1376
172  60 -0.0062  0.1418 10.7496
180  60  0.0064  0.1342 10.1876
188  60  0.0136  0.0940 18.5431
196  60  0.0638  0.0098  8.2662
204  60  0.2152  0.0194 11.4923
212  60 -0.2076 -0.0667  9.6020
220  60  0.3145 -0.0264 11.0777
228  60  0.0932 -0.3059  9.7300
236  60  0.0000 -1.6469  6.8267
244  60  0.1072  0.2038  8.8505
252  60  0.0000  0.2161  8.8684
260  60  0.0892 -0.0621 11.4917
268  60  0.0741  0.0223 10.2179
276  60 -0.0106  0.2269 11.3584
284  60 -0.4007  0.0000 15.2515
292  60 -0.0884  0.0788 20.2105
  4  68  0.0000  2.0000 11.1304
 12  68  0.0878  0.0000  0.0000
 20  68  0.2520  0.0000 11.1304
 28  68  0.6826  0.0000 11.1304
 36  68  2.7942  0.0000  0.0000
 44  68  0.7947  0.0000 11.1304
 52  68  0.1313 -0.0812 16.9211
 60  68 -0.0913 -0.2044 18.7317
 68  68  2.5000  0.0000  8.8276
 76  68  2.5000  0.1588 10.5785
 84  68  0.1065  0.0380 15.3344
 92  68  0.0000 -0.4462 10.9073
100  68  0.0233  0.0000 13.1728
108  68 -0.0462 -4.7609  8.2581
116  68 -0.1185  0.0000 16.1088
124  68 -0.2044 -0.3453  8.0000
132  68 -0.0598  0.0000  0.0000
140  68 -0.2412  0.0000  0.0000
148  68 -0.0496 -0.0643  7.6800
156  68  0.1106 -0.0201  6.4098
164  68 -0.0104 -0.0895  6.7643
172  68  0.1852 -0.0576  6.2146
180  68 -0.0816  0.0335  9.6083
188  68 -0.1334  0.3439  6.9419
196  68 -0.1667  0.0479  7.5372
204  68  0.8013 -0.2781 10.8204
212  68 -0.5000  0.5000  7.5832
220  68  0.0000 -2.5000 11.1304
228  68  0.2026  0.0000  0.0000
236  68  0.1541  0.0000  0.0000
244  68  0.1533  0.5000  8.0910
252  68 -0.2840  0.0000  9.0964
260  68  4.5000  2.5000  4.0635
268  68 -0.1195 -1.0576  7.0137
276  68 -0.0318 -0.0253 10.8606
284  68  0.2628  0.0200  7.9404
292  68  0.2197  0.7508  9.8223
  4  76  0.8400  0.0000  0.0000
 12  76 -0.7025  0.0000  0.0000
 20  76 -0.4139  0.0000  0.0000
 28  76 -0.0832  0.0000  0.0000
 36  76 -0.0940  0.0000  0.0000
 44  76 -0.1490  0.0000 16.1088
 52  76 -0.2414  0.0000 11.1304
 60  76 -0.0585 -0.2413 13.6170
 68  76  0.0199 -0.1284 16.5110
 76  76  0.5000  0.2378  8.5333
 84  76  1.5000  0.0000  8.2581
 92  76  0.0000  0.3120 13.1657
100  76 -0.1546  0.0660 18.6254
108  76  0.2907 -1.6239  7.4662
116  76  0.0000 -1.5000  7.8528
124  76 -0.6907  0.2991  8.0688
132  76  0.1140 -0.1079 19.3902
140  76  0.0303  0.0000 12.0628
148  76  0.3414  0.0000 15.4882
156  76  0.5000  0.0496 12.6801
164  76  0.4660 -0.3157  9.7360
172  76  1.5000 -0.0448  8.9013
180  76 -0.1113 -1.6014 11.9803
188  76 -0.5000  0.0255  9.7158
196  76 -1.4319  0.0000 10.9491
204  76 -1.1034 -0.0787 13.1739
212  76 -0.5000  0.0448  8.9013
220  76 -0.1494  0.0000  0.0000
228  76  0.1063  0.0000  6.9728
236  76 -2.2822  0.0000  0.0000
244  76  0.0370  0.0000  0.0000
252  76 -0.2368  0.0000  0.0000
260  76 -0.1003  0.0000  0.0000
268  76 -0.0733  0.0000  0.0000
276  76 -0.2348  0.0000  0.0000
284  76 -0.1091  0.0000 16.1088
292  76  0.2978  0.0000 16.1088
  4  84  0.9231  0.0000  0.0000
 12  84  1.5255  0.0000  0.0000
 20  84  0.8510  0.0000  0.0000
 28  84  0.3056  0.0000 19.4783
 36  84 -0.0415  0.2503  7.1197
 44  84  5.0000 -0.1876  8.5995
 52  84  0.0513  0.2749 17.5878
 60  84 -0.0708  0.0152 11.8556
 68  84  0.1318  0.7236  9.0141
 76  84  0.2035  0.3044  7.0752
 84  84 -0.0616  0.0484 12.4258
 92  84 -0.1546  0.0660 18.6254
100  84  0.5385  0.0000 20.7059
108  84 -0.2260  0.0000  0.0000
116  84 -0.8318  0.0000 11.1304
124  84 -0.9017  0.0000 16.1088
132  84  0.1063  0.0000  6.9728
140  84 -0.5000  0.0000  8.8276
148  84 -0.1912  0.0000 12.4272
156  84  0.0000  2.5000  8.9154
164  84 -4.5000  0.0830 13.8795
172  84  1.5000  0.0000  8.2581
180  84 -0.3462  0.0000  0.0000
188  84 -0.0778  0.0000  0.0000
196  84  0.0608 -0.0608 17.5287
204  84 -0.3143 -1.6313 13.2775
212  84 -0.2678  0.0000  0.0000
220  84  0.4289  0.0000  0.0000
228  84  1.1403  0.0000  0.0000
236  84  1.7812  0.0000  0.0000
244  84  2.1257  0.0000  0.0000
252  84  2.5000 -0.0391  9.3822
260  84  2.4031  0.0000  0.0000
268  84  4.5252  0.0000  0.0000
276  84  2.5000  0.0000  8.8276
284  84 -0.0143  0.0000  0.0000
292  84 -1.1838  2.5000  7.5779
  4  92 -0.9952  0.0000  0.0000
 12  92 -0.5000 -0.3323 11.1304
 20  92  0.3145  0.0264 11.0777
 28  92  0.3243  0.0000 12.0455
 36  92  0.0905  0.3157  9.7360
 44  92  0.0886  0.0000 19.4783
 52  92 -0.0278 -0.0467  8.9321
 60  92 -0.0357  0.1793  7.8327
 68  92  0.0180  0.0460 10.7293
 76  92 -0.2539  0.1274  8.7241
 84  92 -0.2076 -0.0667  9.6020
 92  92  0.0167  1.1027  7.0652
100  92  0.0530  0.5000  6.3772
108  92 -0.2396 -0.2114 10.0333
116  92 -0.1151  0.1151 16.5161
124  92  0.0000 -0.1960 11.1304
132  92 -0.3728  0.0000 11.1304
140  92 -0.5000  0.0448  8.9013
148  92  0.4681  0.0000  9.5738
156  92  1.0950  0.0000  0.0000
164  92  1.6865  0.0000  0.0000
172  92  2.5110  0.0000  0.0000
180  92  2.7760  0.0000  0.0000
188  92  2.5372  0.0000  0.0000
196  92  2.7999  0.0000  0.0000
204  92  1.1929  0.0000  0.0000
212  92 -1.7311  0.0000  0.0000
220  92 -4.5000 -0.1174 13.8795
228  92 -2.3160  0.0000  0.0000
236  92 -0.8751  0.0000  0.0000
244  92 -0.0758  0.0000 11.1304
252  92  0.0000 -0.5000 11.1304
260  92  0.5225  0.0000  0.0000
268  92  2.1381  0.0000  0.0000
276  92  4.5000 -0.5000  4.0635
284  92  3.3583  0.0000 11.1304
292  92  2.6593  0.0000 19.1045
  4 100  0.1205  0.0966 11.2005
 12 100 -0.5000  3.0000  8.1852
 20 100  0.1847  0.0000  0.0000
 28 100 -0.1841  0.0418 12.3683
 36 100  0.4446  0.0519  9.5722
 44 100 -0.1131  0.5000  9.4815
 52 100 -0.2243  0.4542  7.4203
 60 100 -0.2760  0.0000 20.7059
 68 100 -0.0606  2.6436  6.1793
 76 100  0.2264  0.2174  8.1086
 84 100  0.7043  0.0000  0.0000
 92 100  1.0117  0.0000  0.0000
100 100  2.5000  0.1588 10.5785
108 100  2.2946  0.0000  0.0000
116 100  1.4262  0.0000  0.0000
124 100  1.1543  0.0000 11.1304
132 100  0.3468 -0.5000 10.2045
140 100 -0.9970  0.0000  0.0000
148 100 -1.8715  0.0000 13.1641
156 100 -0.5000 -0.5000  4.0635
164 100 -0.1260  0.0000  0.0000
172 100  0.0256  0.3334 19.0099
180 100 -0.1597  0.0000  0.0000
188 100  0.0000  2.5000  8.8276
196 100  1.6027  0.0000  0.0000
204 100  4.2016  0.0000  0.0000
212 100  3.9424  0.0000  0.0000
220 100  5.1203 -0.5000  5.4468
228 100  1.7330  0.0000  0.0000
236 100  0.3426  0.0000  0.0000
244 100  0.5695  0.0000  0.0000
252 100 -0.5000 -0.5000  4.0635
260 100  0.0233  0.0000  0.0000
268 100 -0.1966  0.0000  0.0000
276 100 -0.1960  2.5000 11.1304
284 100 -0.4011  0.0000 12.0628
292 100 -0.5000  0.0000  8.8276
  4 108 -0.1725  0.0000  0.0000
 12 108  0.2645  0.0585 13.3056
 20 108 -0.2497  0.0494 11.3219
 28 108  2.8274 -0.3035  7.6077
 36 108  1.5202  0.0000  8.0000
 44 108 -0.1133 -0.0331  7.8079
 52 108 -0.1173  0.1250  8.7059
 60 108  0.0407  0.0900 11.0375
 68 108  0.0801  0.2349 11.7083
 76 108  0.2508  0.3713  9.2967
 84 108  0.3245  0.0000  0.0000
 92 108  0.2316  0.0000  0.0000
100 108  0.1063  0.0000  6.9728
108 108 -0.1790  0.0000  0.0000
116 108 -0.5312  0.0000  0.0000
124 108 -0.1063  0.0000  6.9728
132 108  2.5000  0.0000  8.8276
140 108  0.3732  0.3694 10.3318
148 108  1.4803  0.0000 13.1641
156 108  0.1867  2.5000  6.4178
164 108 -0.0180 -0.1317 12.5039
172 108  1.0000  0.0000  8.2581
180 108 -1.2596 -0.3479  7.1968
188 108 -0.5000  0.0000 11.1304
196 108 -0.4694  0.0000  0.0000
204 108 -0.4396  0.0000  0.0000
212 108 -0.3578  0.0000  0.0000
220 108 -0.1557  0.0000  0.0000
228 108 -0.4106  0.0000  0.0000
236 108 -0.3506  0.0000  0.0000
244 108 -0.8027  0.0000  0.0000
252 108 -0.5000  0.0000  8.8276
260 108 -0.3033  0.0000  0.0000
268 108 -0.7495  0.0000 11.1304
276 108 -0.5797  0.0000  0.0000
284 108 -0.1667  0.0000 16.1088
292 108 -0.0750  0.0000  0.0000
  4 116 -0.2909 -0.1702 18.6090
 12 116 -0.0227  0.0000 16.1088
 20 116  0.0309  0.0000  0.0000
 28 116  0.0000  0.5000  8.0688
 36 116  0.1217 -0.2013 10.7888
 44 116 -0.1496 -0.1646  9.4073
 52 116 -0.0418  0.1521 12.6567
 60 116 -0.2902 -0.1000  7.0442
 68 116  0.0000  0.2661 10.4867
 76 116  0.1274  0.1193 13.8026
 84 116  0.0000  0.2661 10.4867
 92 116  0.0272  0.0238 11.1899
100 116  0.1282 -0.0380 13.6921
108 116  0.0000  2.5000  8.8276
116 116 -0.1530  0.0000  0.0000
124 116 -0.5000  0.1180  9.2850
132 116 -0.5544  0.0000 11.1304
140 116 -0.1136  0.0000 16.1088
148 116  0.9666  0.0000  8.2581
156 116  0.0000 -0.5000  8.8276
164 116  0.0000 -0.5000  8.8276
172 116 -0.1960  0.0000 11.1304
180 116 -0.4950  0.0676  5.2245
188 116 -0.5232  0.0000  0.0000
196 116 -0.7052  0.0000  0.0000
204 116 -0.5707  0.0000  0.0000
212 116  0.0198  0.0000  0.0000
220 116  0.0718  0.0000  0.0000
228 116 -0.1230  0.0000  0.0000
236 116 -0.1661  0.0000  0.0000
244 116 -0.1496  0.0000  0.0000
252 116 -0.1211  0.0000  0.0000
260 116  0.0000 -0.5000  8.8276
268 116  0.9694  0.0000  0.0000
276 116  0.6158  0.0000  0.0000
284 116 -0.0769  0.0000  0.0000
292 116 -0.0588  0.0000  0.0000
  4 124  0.3613  0.2419  6.2439
 12 124  2.5000  0.0000  8.8276
 20 124  1.4963  0.0000 11.1304
 28 124  0.4268  0.0000  0.0000
 36 124 -0.4492  0.0000  0.0000
 44 124  1.0897  0.0000  0.0000
 52 124 -0.0698  0.2911 10.5124
 60 124 -0.5264  0.2391  8.2581
 68 124  0.0000  0.0955 11.7002
 76 124  2.9251 -1.9508 12.1297
 84 124  2.2532  0.0000  0.0000
 92 124  0.6093  0.0000  0.0000
100 124  0.1927 -0.0788 17.1842
108 124  0.0485  0.0488 12.5764
116 124  0.1061  0.0000  0.0000
124 124  0.0000 -0.5000  8.8276
132 124 -0.5000 -0.0448  8.9013
140 124  0.3468 -0.5000 10.2045
148 124  0.2758  0.0000  0.0000
156 124  0.1116  0.0000 11.1304
164 124 -0.2048  0.0000  0.0000
172 124 -0.1360  0.0000  0.0000
180 124  0.2257  0.0000 11.1304
188 124  1.0173  0.0000  0.0000
196 124  2.5000  1.7103  8.5742
204 124  1.3247  0.0000  0.0000
212 124  0.4832  0.0000 11.1304
220 124  0.4608  0.0000  0.0000
228 124  1.3168  0.0000  0.0000
236 124  2.9111  0.0000  0.0000
244 124  1.7079  0.0000  0.0000
252 124  0.1989  0.0000  0.0000
260 124 -2.1345  0.0000  0.0000
268 124  2.5000  0.0000  8.8276
276 124  0.0000  0.1960 11.1304
284 124 -0.3714  0.0000 11.1304
292 124  0.0000  0.5000 11.1304
  4 132  0.0000  2.1830  8.8276
 12 132  2.5000  0.1588 10.5785
 20 132  0.0000 -0.5000  8.8276
 28 132 -0.2532  0.0000  0.0000
 36 132  0.0266  0.0000  0.0000
 44 132  0.9327  0.0000  0.0000
 52 132  2.5000  0.0000  8.8276
 60 132 -1.0000  0.0000  8.2581
 68 132 -0.4005  0.0000  0.0000
 76 132  0.0000 -0.0264 10.8667
 84 132  0.2039  0.1062 15.1704
 92 132 -0.3847 -0.5000  8.1270
100 132 -0.2509  0.0000  0.0000
108 132  0.0536  0.0000 11.1304
116 132  0.2504 -0.2391  8.2581
124 132  0.2271 -0.5000  9.5143
132 132  0.1650  0.0000 11.1304
140 132  0.2212  0.0000  0.0000
148 132  0.3734  0.0000  0.0000
156 132  1.2059  0.0000  0.0000
164 132  2.8274 -0.3035  7.6077
172 132  1.0000  0.0305  9.0241
180 132 -0.1556  0.0000 12.2969
188 132 -4.2501  0.0000  0.0000
196 132  3.0072  0.0000  0.0000
204 132  0.5895  0.0000 11.1304
212 132  0.2142  0.0000  0.0000
220 132  0.6822  0.0000  0.0000
228 132  0.3924  0.8916  5.4468
236 132  1.4957  0.0000  0.0000
244 132  0.6567  0.0000  0.0000
252 132 -0.2936  0.0000  0.0000
260 132 -0.6002  0.0000 11.1304
268 132 -0.5000  0.0000  8.8276
276 132  0.8768  0.0000  0.0000
284 132 -0.0530  0.5000  6.3772
292 132  0.0000  2.7322  7.1776
  4 140  0.1045  0.0000 11.1304
 12 140  0.0207  0.0000 11.1304
 20 140 -0.3455  0.0000 11.1304
 28 140 -0.2395  0.0000  0.0000
 36 140  0.0000 -0.5000  4.0635
 44 140 -0.1049  0.0000  0.0000
 52 140 -0.3682  0.0000  0.0000
 60 140 -0.5000  0.1867  6.5641
 68 140  0.0561  0.2765  9.5419
 76 140  0.0428  0.2067 15.9587
 84 140 -0.4256 -0.1293  7.2484
 92 140 -0.1912  0.0000 15.5580
100 140  0.2844  0.0000 11.1304
108 140  0.1841 -0.0418 12.3683
116 140 -5.0391 -0.5000  9.3822
124 140  2.5000  0.0000  8.8276
132 140  0.2350  0.0000  0.0000
140 140  0.5814  0.0000  0.0000
148 140  2.0474  0.0000  0.0000
156 140  0.6681  0.0000  0.0000
164 140  1.0142  0.0000 12.0628
172 140  1.3070 -0.0337 12.4709
180 140 -0.1960  0.0000 11.1304
188 140 -0.5255  0.0000  0.0000
196 140 -0.4653  0.0000  0.0000
204 140  0.0000 -0.5000  8.8276
212 140 -0.0319  0.0000 11.1304
220 140  0.4062  0.0000  0.0000
228 140  0.3770  0.0000  0.0000
236 140 -0.0548  0.0000  0.0000
244 140 -0.4754  0.0000  0.0000
252 140 -0.2907  0.0000  0.0000
260 140 -0.0645  0.0000 11.1304
268 140 -0.0923  0.0000  0.0000
276 140 -0.0912  0.0000  0.0000
284 140  0.3029  2.0570  5.5027
292 140  0.1849  1.0751 10.0527
  4 148  2.1830 -0.5000  8.5333
 12 148  0.5885  0.0000 16.1088
 20 148 -0.1960  2.5000 11.1304
 28 148 -0.2466  0.0000  0.0000
 36 148 -0.5000 -0.0391  9.3822
 44 148 -0.5000  1.8890  8.4253
 52 148 -0.2312  0.2219 13.4226
 60 148 -1.6110  0.0000  0.0000
 68 148  0.1313  0.1678 12.7593
 76 148  3.7479 -0.3015  5.5180
 84 148  0.0000  0.2661  9.0925
 92 148  0.0000  2.5000  8.8276
100 148  0.4076  0.0000 11.1304
108 148 -0.0741  0.0000 16.9590
116 148  0.0465  0.0000  0.0000
124 148  0.1441  0.0000  0.0000
132 148 -0.2309  0.0000  0.0000
140 148  0.0000 -0.5000  8.8276
148 148  1.1649  0.0000  0.0000
156 148  0.9042  0.0000  0.0000
164 148 -0.0544  0.1038 11.8098
172 148 -0.8368  0.0000  0.0000
180 148 -0.3446  0.0000  0.0000
188 148 -0.0424  0.0000  0.0000
196 148 -0.1108  0.0000  0.0000
204 148 -0.1960  0.0000 11.1304
212 148  0.2516 -5.4540  8.4612
220 148 -1.5000  0.1591  4.7743
228 148  0.1820  5.1203  5.4468
236 148  0.0000  5.0000 11.1304
244 148 -0.1063  5.0000  6.9728
252 148  0.0872  0.0000  0.0000
260 148  0.6284  0.0000  0.0000
268 148  1.9724  0.0000  0.0000
276 148 -2.8423  0.0000  0.0000
284 148 -3.5000 -0.1858  6.6866
292 148 -0.2183 -5.5435  6.2320
  4 156  1.7624 -0.1820 10.5696
 12 156  0.5303  0.0000  0.0000
 20 156  0.2180  0.0000  0.0000
 28 156  0.2409  0.0000  0.0000
 36 156  0.1050  2.5000  6.8903
 44 156  0.9029  0.0000  8.4768
 52 156  1.3656  0.0000 11.1304
 60 156  0.0825  0.0825  9.2850
 68 156  0.9292  0.0000  0.0000
 76 156  2.5000  0.0000  8.8276
 84 156  1.5860  0.0000  0.0000
 92 156  0.0668  0.0000  0.0000
100 156 -1.4059 -0.2629  8.8276
108 156 -0.3309 -0.0637  7.1846
116 156  0.0000 -0.1063  6.9728
124 156 -0.1755  0.0000  0.0000
132 156 -0.4232  0.0000  0.0000
140 156 -0.5222  0.0000 11.1304
148 156 -1.1836  0.0000  0.0000
156 156 -0.4370  0.0000  0.0000
164 156 -0.2772  3.2710  9.9608
172 156 -0.7808  0.0000  0.0000
180 156  0.2181  0.0000  0.0000
188 156  1.4246  0.0621  5.4468
196 156  3.0234  0.0000  0.0000
204 156  0.4910  0.0000  0.0000
212 156 -0.1068  0.3135 15.1963
220 156  0.7409  0.0000  0.0000
228 156  3.1858  2.5000  8.9154
236 156  1.3292  0.0000  0.0000
244 156  0.8335  0.2014 10.0787
252 156  0.6534  0.0000  0.0000
260 156  0.6853  0.0000  0.0000
268 156  1.4546  0.0000  0.0000
276 156  2.5000 -0.0391  9.3822
284 156  0.7472  0.0000  0.0000
292 156  0.9132  0.0000  0.0000
  4 164  1.7506  0.0000 11.1304
 12 164  1.3994  0.0000  0.0000
 20 164  0.5000  0.0000 11.1304
 28 164 -0.8043  0.0000  0.0000
 36 164 -0.8171  0.0000 11.1304
 44 164 -0.5000  0.0000  8.8276
 52 164 -0.4772  0.0000 11.1304
 60 164 -0.7456  0.0000  0.0000
 68 164 -0.9274  0.0000  0.0000
 76 164 -0.8092  0.0000  0.0000
 84 164 -0.4860  0.0000  0.0000
 92 164 -1.0701  0.0000  0.0000
100 164 -1.7328 -0.5000  7.8736
108 164  0.0524 -0.5000  8.7075
116 164  1.5000 -0.0448  8.9013
124 164  2.8273  0.0000 11.1304
132 164  6.3717  0.0000 11.1304
140 164  4.5000 -0.5000  4.0635
148 164  0.0000 -0.1063  6.9728
156 164  0.0000 -5.1317  8.1228
164 164 -0.3535 -4.5000  8.5245
172 164  0.8150  0.0000  0.0000
180 164  0.6239  0.0000  0.0000
188 164  0.1748  0.0000 11.1304
196 164 -0.5933  0.0000  0.0000
204 164 -2.8797  0.0000  8.8276
212 164 -1.7117  0.0000  1.0000
220 164 -0.4025  0.0000  0.0000
228 164  0.5321  0.0000  0.0000
236 164  0.6209  0.0000  0.0000
244 164  0.2309  0.0000  0.0000
252 164 -0.7867  0.0000  0.0000
260 164 -1.6466  0.0000  0.0000
268 164 -1.2900  0.0000  0.0000
276 164 -0.6664  0.4000  8.0000
284 164 -0.8471  0.0000  0.0000
292 164 -1.0064  0.0000  0.0000
  4 172  0.0000  1.5000  9.6497
 12 172  0.5000  0.0000 11.1304
 20 172  0.0000 -0.5000  8.8276
 28 172  1.5000 -0.0448  8.9013
 36 172 -1.1731 -0.0306 10.0981
 44 172  0.0000 -0.5000  8.8276
 52 172  1.8874  0.0000  0.0000
 60 172  8.7433  0.0000  0.0000
 68 172  4.7074  0.0000  0.0000
 76 172  0.5914  0.0000  0.0000
 84 172 -0.2129  0.0000  0.0000
 92 172  0.0000 -0.5000  8.8276
100 172  1.5000 -0.0275  8.4612
108 172  0.1848  3.6314 10.8068
116 172 -0.2122  0.0000  0.0000
124 172 -0.1113  1.6014 11.9803
132 172 -1.9595  0.0000  0.0000
140 172 -1.6712  0.0000  0.0000
148 172 -0.7728  0.0000  0.0000
156 172 -0.1339  0.0000  0.0000
164 172  0.0000  4.6564 12.4564
172 172  0.1068  0.3135 15.1963
180 172 -0.6942  0.0000  0.0000
188 172 -2.6242  0.0000  0.0000
196 172 -1.8284  0.0000  0.0000
204 172 -0.1798  1.0000  6.7923
212 172 -0.2408  0.0000  0.0000
220 172 -0.5000  0.0000  8.8276
228 172  1.6551  0.0000  0.0000
236 172  0.5898  0.0000  0.0000
244 172  0.6269  0.0000  0.0000
252 172  1.9825  0.0000  0.0000
260 172  2.2580  0.0000  0.0000
268 172  4.8566  2.5000  8.3934
276 172  2.4023  0.0000  0.0000
284 172  8.5770  0.0000  0.0000
292 172  4.1067  0.0000  0.0000
  4 180  0.4088 -0.0535  7.8528
 12 180  0.0418 -0.1521 12.6567
 20 180 -0.0749  0.0000  0.0000
 28 180 -0.1960  0.0000 11.1304
 36 180 -2.7620 -2.5000  9.9740
 44 180 -1.8687  0.0000  0.0000
 52 180 -0.8693  0.0000  0.0000
 60 180 -1.0322  0.0000  0.0000
 68 180 -0.7982  0.0000  0.0000
 76 180 -0.3192  0.0000  0.0000
 84 180 -0.0596  0.0000  0.0000
 92 180  0.0362  0.0000 12.0455
100 180  0.1575 -0.5000  9.4118
108 180  0.1642 -0.1255  9.9915
116 180 -2.7933  2.5000 13.4737
124 180 -1.5000  2.5000  7.4357
132 180  0.4330  0.0000  0.0000
140 180  1.5504  0.0000  0.0000
148 180  2.9016  0.0000  0.0000
156 180  5.0000  0.1876  8.5995
164 180  0.0698 -0.2911 10.5124
172 180  0.1689  0.0000  0.0000
180 180  1.2332  0.0000  0.0000
188 180  1.5610  0.0000  0.0000
196 180  2.0538  0.0000 11.1304
204 180 -0.5000  0.0391  9.3822
212 180  7.7324  0.0000  0.0000
220 180  3.6713  0.0000  0.0000
228 180  0.6174  0.0000  0.0000
236 180 -0.0313  0.0000  0.0000
244 180 -0.2210  0.0000  0.0000
252 180 -0.6628  0.0000  0.0000
260 180 -2.1225  0.0000  0.0000
268 180 -1.7446  0.0000  0.0000
276 180 -0.5912  0.0000  0.0000
284 180  0.0651  0.0000 11.1304
292 180  0.2508  0.0000 11.1304
  4 188  0.3622  0.3124  9.6172
 12 188  0.2186  0.0000 11.1304
 20 188  0.1679  0.0000  0.0000
 28 188  0.0698 -0.2911 10.5124
 36 188 -0.5000  4.5000  4.0635
 44 188  4.5000  4.5000  4.0635
 52 188  2.5982  0.0000  0.0000
 60 188  2.1530  0.0000  0.0000
 68 188  2.5997  0.0000  0.0000
 76 188  3.2662  0.0000  0.0000
 84 188  3.1106  0.0000 11.1304
 92 188 -0.3168 -0.0554  8.7024
100 188 -0.0570 -2.1012  9.3391
108 188  0.4681  0.2071  7.0833
116 188  0.0000 -0.5000  4.0635
124 188  0.0000 -0.5000  8.8276
132 188  1.0204  0.0000  0.0000
140 188  7.1314  0.0000  0.0000
148 188  3.1441  0.0000 11.1304
156 188  0.1562 -0.2821  7.0932
164 188 -0.0418 -0.1521 12.6567
172 188  0.0176  0.0000  0.0000
180 188  0.0183  0.0000  0.0000
188 188 -0.9996  0.0000 11.1304
196 188 -0.9971  0.0000  0.0000
204 188  0.4143  0.0000  0.0000
212 188  1.4625  0.0000  0.0000
220 188  1.0403  0.0000  0.0000
228 188  0.3076  0.0000  0.0000
236 188  0.1987  0.0000  0.0000
244 188  0.4147  0.0000  0.0000
252 188  0.8572  0.0000  0.0000
260 188  1.4723  0.0000  0.0000
268 188  2.4039  0.0000 11.1304
276 188  1.7883  0.0000  0.0000
284 188  1.8297  0.0000 11.1304
292 188  2.4086  0.0000  0.0000
  4 196  2.7549 -0.5000  8.1270
 12 196  1.9282  0.0000 11.1304
 20 196 -0.1606 -0.3123 12.3989
 28 196 -0.4025 -0.5000  7.3745
 36 196 -0.5000  2.5000  4.0635
 44 196  0.0296  0.0000  0.0000
 52 196  1.1466  0.0000  0.0000
 60 196  4.5000 -0.5000  4.0635
 68 196  6.7806  0.0000  0.0000
 76 196  2.6071  0.0000  0.0000
 84 196 -1.3139 -0.3311  8.0688
 92 196 -0.0126 -0.0527  8.7333
100 196  0.2684 -0.1330  7.9395
108 196  1.0000  0.0000  8.2581
116 196 -0.1879  0.0000  0.0000
124 196 -0.5000  2.5000  4.0635
132 196  1.6014  0.0000  0.0000
140 196  3.1854  0.0000  0.0000
148 196  1.5455  0.0000  0.0000
156 196 -0.3422  0.0000  0.0000
164 196 -0.0832  0.3131  9.8462
172 196  0.3868  0.0000  0.0000
180 196  1.2208  0.0000  0.0000
188 196  2.7620 -0.5000  9.9740
196 196 -0.5000 -0.5000  4.0635
204 196 -0.4516  0.0000  0.0000
212 196  0.5441  0.0000  0.0000
220 196  1.7247  0.0000 11.1304
228 196  2.5000  0.0000  8.8276
236 196  1.4791  0.0000  0.0000
244 196  0.1247  0.0000  0.0000
252 196  0.0000 -0.1063  6.9728
260 196  0.7417  0.0000  0.0000
268 196  1.5000  0.0000  8.2581
276 196  1.7510  0.0000  0.0000
284 196  3.2547  0.0000  0.0000
292 196  5.6970  0.0000  0.0000
  4 204  3.0790  3.5000  7.4487
 12 204  0.0308  0.1823 13.1845
 20 204  0.0578  0.4337  9.0220
 28 204  0.1717  0.0000 11.1304
 36 204  0.2367  0.0000  0.0000
 44 204 -0.1772  0.0000  0.0000
 52 204  0.2909  0.0000  0.0000
 60 204  2.3356  0.0000  0.0000
 68 204  4.5000 -0.5000  4.0635
 76 204  1.3683  0.0000 11.1304
 84 204 -1.5000  2.5000  7.4357
 92 204 -0.1005  0.0347 11.2746
100 204 -0.0770  0.1740 10.2774
108 204 -0.1174  4.1710 14.6131
116 204  1.7913  0.0000  0.0000
124 204  1.2953  0.0000  0.0000
132 204 -0.5000  0.0000  8.8276
140 204  0.0248  0.0000  0.0000
148 204  0.9073  0.0000  0.0000
156 204  1.3520  0.0000  0.0000
164 204  0.7547  0.0000 11.1304
172 204 -0.0682  0.0000 16.1088
180 204  0.2259 -0.5000  8.2581
188 204  2.5198  0.0000  0.0000
196 204  5.0000  0.1876  8.5995
204 204  1.6301  0.0000  0.0000
212 204  0.1630  0.0000 11.1304
220 204  1.6362  0.0000  0.0000
228 204  0.0000  2.5000  8.8276
236 204 -0.3468 -1.0000 10.2045
244 204  0.1229  0.0000  0.0000
252 204  0.1174  4.1710 14.6131
260 204 -0.3468  2.5000 10.2045
268 204 -0.5000  4.5000  4.0635
276 204 -0.1210  0.0000 11.1304
284 204  0.1759  0.0000  0.0000
292 204 -0.3732  0.3694 10.3318
  4 212 -0.2042  4.3054 12.9265
 12 212  0.0544  0.0000  9.8359
 20 212  0.0000  2.5000  8.8276
 28 212 -0.1976  0.0000 11.1304
 36 212  0.0047  0.0000  0.0000
 44 212  1.9321  0.0000  0.0000
 52 212  4.5000  4.5000  4.0635
 60 212  1.5000 -1.0000  7.4357
 68 212  0.7766  0.0000  0.0000
 76 212  0.8352  0.0000  0.0000
 84 212  0.7893  0.0000  0.0000
 92 212  0.2875 -0.1417 10.3838
100 212 -0.4289  0.0000  0.0000
108 212 -0.2045  0.0000  0.0000
116 212  1.2756  0.0000  0.0000
124 212  1.8450  0.0000  0.0000
132 212 -1.5000  0.0000  8.2581
140 212 -2.4240  0.0000  0.0000
148 212 -3.6648  0.0000  0.0000
156 212 -3.3000  0.0000  0.0000
164 212 -1.9555  0.0000  0.0000
172 212  0.0000  2.5000  8.8276
180 212  0.6095  0.0000 16.1088
188 212  0.6852  0.0000  0.0000
196 212  0.6883  0.0000  0.0000
204 212  0.5636  0.0000  0.0000
212 212 -0.1554  0.0000  0.0000
220 212 -1.0696  0.0000  0.0000
228 212 -0.9597  0.0000  0.0000
236 212 -0.4465  0.0000  0.0000
244 212 -0.3123  0.0000  0.0000
252 212 -0.4751  0.0000 11.1304
260 212 -0.7297  0.0000  0.0000
268 212 -0.1960  2.5000 11.1304
276 212  2.6281  0.0000  0.0000
284 212  2.1728  0.0000  0.0000
292 212  1.6344  0.1053  4.0635
  4 220  1.4650  0.0000 13.0803
 12 220  1.2059  0.0000 11.1304
 20 220  0.2780  0.1270 13.3759
 28 220 -0.0612 -0.8768  9.4815
 36 220 -0.5000  0.0448  8.9013
 44 220  0.2051  0.7756  8.3934
 52 220  0.8241  0.0000  0.0000
 60 220  0.5000  4.5000  4.0635
 68 220 -1.0485  0.0000  0.0000
 76 220 -9.5374  0.0000  0.0000
 84 220 -7.4828  0.0000  0.0000
 92 220 -4.8566  3.5000  8.3934
100 220 -1.1838  0.0000  0.0000
108 220  1.2003  0.0000  0.0000
116 220  2.3673 -0.2857  4.0635
124 220  2.8241  0.0000 17.2183
132 220  2.5000 -0.5000  4.0635
140 220  0.5046  0.0000  0.0000
148 220 -1.2467  0.0000  0.0000
156 220 -1.6344  0.0000  0.0000
164 220 -1.0827  0.0000  0.0000
172 220 -0.5000  0.0000  8.8276
180 220 -0.2802 -0.0546 12.7691
188 220 -0.8016  0.0000  0.0000
196 220 -0.0596  0.0000  0.0000
204 220  2.5000  0.0000  8.8276
212 220  2.8761  0.0000  0.0000
220 220  2.5000  0.0000 11.1304
228 220  2.8553  0.0000  0.0000
236 220  4.0002  0.0000  0.0000
244 220  5.3223  2.5000  5.4468
252 220  4.5000 -4.7609  8.2581
260 220  1.3462  0.0000 11.1304
268 220 -0.5000  4.5000  4.0635
276 220 -0.6851  0.0000  0.0000
284 220 -0.5000  4.5000  4.0635
292 220  0.1960  0.0000  9.2086
