VARIABLES= "X pix", "Y pix", "U pix/dt", "V pix/dt", "CHC", ZONE I=28, J=37
  4   4  0.0446  0.0000 10.6167
 12   4  0.0283  0.0000 10.7458
 20   4  0.0109  0.0000 10.0321
 28   4  0.0000  0.0045 10.6168
 36   4  0.0053  0.0193 10.8693
 44   4  0.0085  0.0000 11.1505
 52   4  0.0083  0.0000 11.0456
 60   4  0.0027 -0.0026  9.7321
 68   4 -0.0089  0.0931  9.6968
 76   4 -0.0348  0.0000  9.4202
 84   4 -0.0512  0.0000 10.9734
 92   4 -0.0528  0.0000 10.9734
100   4 -0.0392  0.0000 11.6835
108   4 -0.0175  0.0000 11.0456
116   4  0.0000  0.0290 11.1565
124   4  0.0000 -0.0181 11.3868
132   4 -0.0005  0.0104 11.5192
140   4  0.0045  0.0011 11.7517
148   4  0.0051  0.0000 11.9483
156   4  0.0000  0.0162 11.8572
164   4 -0.0119  0.0000 11.7754
172   4 -0.0075  0.0000 11.9577
180   4 -0.0196  0.0000 11.7834
188   4 -0.0480  0.0000 10.8619
196   4  0.0239  0.0000 11.9483
204   4  0.0552  0.0000 11.2889
212   4  0.0313  0.0000 11.7586
220   4 -0.0157  0.0000 10.4799
228   4  0.0218  0.0000 11.0498
236   4  0.0200  0.0000  9.1014
244   4  0.0106  0.0000 10.1809
252   4  0.0066  0.0000  9.5228
260   4  0.0032  0.0000 10.5892
268   4  0.0030  0.0000 10.4535
276   4  0.0034  0.0000 12.3152
284   4 -0.0003  0.0000 13.0803
292   4 -0.0088  0.0000 12.3152
  4  12 -0.0238  0.0478  7.9468
 12  12 -0.0329  0.0000  9.7541
 20  12 -0.0389  0.0000  9.8522
 28  12 -0.0344 -0.0007  9.6126
 36  12 -0.0164  0.0000 12.5745
 44  12  0.0045  0.0000 14.1378
 52  12  0.0212  0.1235 10.1604
 60  12  0.0276  0.0000  8.2960
 68  12  0.0389 -0.0620 11.3451
 76  12  0.0079  0.0000  9.5542
 84  12 -0.0082  0.0000  8.7938
 92  12 -0.0123  0.0000  7.7784
100  12  0.0266  0.0000  8.4017
108  12  0.0207  0.0044  8.7824
116  12 -0.0464  0.0173  8.8149
124  12  0.0395 -0.0120  9.6052
132  12  0.0584  0.0000  9.4491
140  12  0.0150  0.0000  9.5071
148  12 -0.0392  0.0000  9.5071
156  12  0.0000 -0.0014 10.0976
164  12  0.0108 -0.0017 11.0907
172  12  0.0026 -0.0158 15.7689
180  12  0.0062  0.0354 11.9595
188  12 -0.0023  0.0000  9.4271
196  12 -0.0026  0.0000  8.7866
204  12  0.0016  0.0000 10.2931
212  12  0.0010  0.0000 16.5276
220  12  0.0000  0.0000 11.8301
228  12  0.0000 -0.0000 12.0413
236  12 -0.0130  0.0000 17.7968
244  12 -0.0280  0.0000 12.2540
252  12 -0.0376 -0.0405 10.5895
260  12 -0.0175  0.0000  9.0597
268  12  0.0000 -0.0059  8.7016
276  12 -0.0000  0.0000 10.6226
284  12  0.0130  0.0000  8.1341
292  12  0.0177  0.0000  8.8369
  4  20 -0.0046 -0.0431 15.4625
 12  20  0.0001  0.0000 14.6608
 20  20  0.0000 -0.0150 12.4710
 28  20  0.0727  0.0000 13.1824
 36  20  0.0057  0.0059 12.9642
 44  20  0.0595  0.0000 12.2848
 52  20 -0.0039 -0.0008 13.9822
 60  20  0.0771  0.0000 16.4615
 68  20  0.0185  0.0024 15.6607
 76  20 -0.0398  0.0000 18.3673
 84  20 -0.0115 -0.0022 16.2054
 92  20 -0.0103 -0.0320 15.2144
100  20 -0.0121  0.0000 10.7655
108  20 -0.0055  0.0000  9.2327
116  20 -0.0110 -0.0016 13.9112
124  20 -0.0095  0.0000 13.0975
132  20  0.0000  0.0000 14.6980
140  20  0.0000 -0.0000 13.1422
148  20 -0.0008 -0.0099 14.0760
156  20  0.0016 -0.0067 13.7483
164  20  0.0023 -0.0097 15.0472
172  20 -0.0028  0.0007 13.2042
180  20  0.0025 -0.0024 21.7895
188  20 -0.0048  0.0142 18.2130
196  20  0.0127  0.0000 19.1737
204  20  0.0073  0.0000 20.0823
212  20  0.0066  0.0000 21.7205
220  20  0.0140  0.0000 36.1983
228  20  0.0251  0.0000 18.0148
236  20  0.0710  0.0000 10.4065
244  20  0.1675 -0.0865 13.4157
252  20  0.1875  0.0341 14.8714
260  20 -0.0496  0.0210 11.9070
268  20  0.2198  0.0678  9.5701
276  20 -0.0198  0.0085 15.1937
284  20  0.1649  0.1213 18.7591
292  20  0.1050  0.0000 17.0195
  4  28 -0.0032 -0.0197  8.8016
 12  28 -0.0009  0.0000  9.0277
 20  28  0.0200 -0.0006  9.8264
 28  28 -0.0048 -0.0006 10.1640
 36  28  0.0054  0.0000 10.1690
 44  28  0.0133 -0.0004 10.3054
 52  28 -0.0116  0.0020 10.2024
 60  28 -0.0103  0.0020  9.9887
 68  28  0.0027 -0.0059 10.7703
 76  28  0.0000  0.0000 10.8880
 84  28 -0.0004  0.0000 10.0539
 92  28  0.0078  0.0000  9.6777
100  28  0.0163  0.0000 10.9241
108  28  0.0118  0.0000 16.9018
116  28 -0.0463  0.0000  9.3126
124  28  0.0000  0.0000 10.3909
132  28  0.0041  0.0000  8.9524
140  28 -0.0030  0.0045  9.1531
148  28 -0.0026 -0.0029  9.5349
156  28 -0.0004  0.0046 15.7072
164  28 -0.0026  0.0065 14.6848
172  28  0.0021 -0.0243 15.6520
180  28  0.0000  0.0197 16.4218
188  28  0.0581 -0.0163 12.1760
196  28  0.1287  0.0000 17.3112
204  28 -0.0009  0.0000  9.4885
212  28  0.0065 -0.0028 10.1457
220  28  0.1761  0.0000 10.2435
228  28  0.0010  0.0023 10.2007
236  28 -0.0007 -0.0099  9.6839
244  28  0.0323  0.0000  9.3355
252  28  0.0249  0.0000 10.3370
260  28  0.0127  0.0000 13.4366
268  28 -0.0041 -0.0077 16.4350
276  28 -0.0149 -0.0027 14.3458
284  28 -0.0191 -0.0374 26.8125
292  28 -0.0098  0.0009 16.5148
  4  36 -0.0096 -0.0035  7.8708
 12  36 -0.0036 -0.0012  7.9915
 20  36  0.0052 -0.0400  6.8222
 28  36  0.0172  0.1307  6.7940
 36  36  0.0000 -0.1497  6.1699
 44  36 -0.1827  0.0000  6.0076
 52  36 -0.1278  0.0548 10.6061
 60  36 -0.0099  0.0000  8.4696
 68  36  0.0157  0.0664  7.5719
 76  36 -0.0322  0.0000  9.3905
 84  36 -0.0690  0.0000 15.5346
 92  36 -0.0873  0.0189 11.5074
100  36 -0.0000  0.0000  9.1213
108  36  0.0236  0.0000  9.6024
116  36  0.0000  0.0000  8.3233
124  36  0.0770  0.0000  7.1230
132  36  0.1151 -0.1960  4.5230
140  36  0.2669  0.0000 17.0667
148  36  0.7446  0.0000 15.8661
156  36  1.6599  0.0000 11.3127
164  36  0.0207 -0.0042 21.1475
172  36  0.0083 -0.0239 13.9385
180  36  0.0018 -0.0057 14.0760
188  36  0.0085  0.0016 13.3742
196  36  0.0917  0.0000 10.9181
204  36  0.2452  0.1105 11.0815
212  36  0.1563  0.0000 14.8284
220  36  0.1056  0.0000 14.6166
228  36  0.0982 -0.0387 13.3612
236  36  0.0408  0.0000 10.6035
244  36  0.0081  0.0000 13.6955
252  36  0.0000 -0.1491 15.3706
260  36 -0.0795  0.0000  9.4509
268  36 -0.2570 -0.0316  9.8462
276  36  0.1844  0.0147  7.8750
284  36  0.1083  0.0000  9.7417
292  36 -0.0226  0.0160  8.8732
  4  44 -0.0620  0.0000 11.1304
 12  44 -0.0721  0.0000 14.0146
 20  44 -0.0311  0.0000 17.6152
 28  44  0.0666  0.0000 14.0146
 36  44  0.1477  0.0326 12.9857
 44  44  0.0957  0.0000 12.1260
 52  44  0.1004  0.0000 10.6057
 60  44  0.1749  0.0000  9.0038
 68  44  0.3959  0.0000  8.7453
 76  44  0.9690  0.0000  8.7227
 84  44  2.5000  0.0000  8.8276
 92  44 -0.1997  0.0000 12.0628
100  44 -0.2078  0.0000 11.1304
108  44 -0.2287  0.0000  0.0000
116  44 -0.1931  0.0000 11.1304
124  44 -0.0355  0.0000 20.7059
132  44  0.1440  0.0000  0.0000
140  44  0.1576  0.0000  0.0000
148  44  0.1221  0.0000 12.0628
156  44  0.0874  0.0000 14.8356
164  44  0.0397  0.0000 11.2118
172  44 -0.0006 -0.0093 10.5516
180  44 -0.0009  0.0073  9.8738
188  44  0.0497 -0.0163 11.9355
196  44 -0.0306  0.0000 11.6606
204  44  0.1368  0.0000  9.1590
212  44  0.0905  0.0000  8.4598
220  44  0.0000  0.0000 10.1958
228  44 -0.0187  0.0000 10.6826
236  44  0.0000  0.0000 12.4998
244  44  0.0719  0.0000 12.8227
252  44  0.1031  0.0000 14.5082
260  44  0.0871  0.0000 15.2515
268  44  0.0880  0.0000 16.1088
276  44  0.0484  0.0000 11.9011
284  44  0.1060  0.0000 17.2183
292  44  0.2196  0.0000 11.9803
  4  52  0.2622  0.0000 10.3707
 12  52 -0.0458 -0.3575  7.6735
 20  52 -0.4297  0.0000  7.3143
 28  52 -0.4117  0.0000  7.3911
 36  52 -0.4694  0.0000  9.5632
 44  52 -0.4386  0.0000  0.0000
 52  52 -0.1894  0.0000  0.0000
 60  52  0.0478  0.0000 11.1304
 68  52  0.1271  0.0000 20.7059
 76  52  0.1008  0.0000 19.4783
 84  52  0.0543  0.0000 11.1304
 92  52  0.0524  0.0000 12.0455
100  52  0.0706  0.0000 11.1304
108  52  0.1040  0.0000 16.1088
116  52  0.1218  0.0000 16.1088
124  52  0.0741  0.0000 11.1304
132  52  0.0851  0.0000  0.0000
140  52  0.0394  0.0000 11.1304
148  52  0.0000 -0.5000  8.8276
156  52  0.1067  0.0000 11.3747
164  52  0.2336  0.0000 28.4347
172  52  0.3036  0.0000 13.7617
180  52  0.2097  0.0000 19.0068
188  52 -0.0076 -0.0082 19.0822
196  52  0.0037 -0.0055 11.2277
204  52 -0.1310  0.0000  8.7810
212  52 -0.0464  0.0000 19.4783
220  52  0.0618  0.0000 14.4198
228  52 -0.1267  0.0000  0.0000
236  52 -0.7866  0.0000 11.3629
244  52 -0.4371  0.0000 10.1897
252  52 -0.4015  0.0000 12.2639
260  52 -0.4986  0.0000 10.8982
268  52 -0.5084  0.0000  8.3451
276  52 -0.1167  0.0000 11.9585
284  52  0.1567  0.0000 12.2639
292  52  0.2111  0.0000 13.2514
  4  60  0.1240  0.0000  0.0000
 12  60  0.0205  0.0000  0.0000
 20  60  0.0668  0.0000  0.0000
 28  60  0.1392  0.0000 11.1304
 36  60  0.2085  0.0000  0.0000
 44  60  0.1792  0.0000 16.1088
 52  60  0.1098  0.0000  0.0000
 60  60  0.0484  0.0000  0.0000
 68  60  0.0310  0.0000  0.0000
 76  60  0.1064  0.0000 11.1304
 84  60  0.3245  0.0000  0.0000
 92  60  0.5851  0.0000 10.3926
100  60  0.7098  0.0000 16.1088
108  60  0.5072  0.0000 17.0667
116  60  0.0126  0.0000 11.1304
124  60 -0.3092  0.0000 11.1304
132  60 -0.5000  0.0000  8.8276
140  60 -0.2664  0.0000 17.0667
148  60  0.0036 -0.0011  7.4587
156  60 -0.1495  0.0000 23.3310
164  60 -0.5506  0.0000 18.1093
172  60 -0.1277  0.0000 12.8874
180  60 -0.0047  0.0102 12.0346
188  60  0.0074 -0.0007 18.9497
196  60  0.0021  0.0081  8.8452
204  60  0.4977  0.0000 10.0068
212  60  0.6091  0.0000 11.9011
220  60  0.4823  0.0000 12.0628
228  60  0.2456  0.0000  9.4208
236  60  0.0000  0.2391  6.8449
244  60  0.0651  0.0000 10.4611
252  60  0.1354  0.0046 10.0675
260  60  0.2583  0.0000 11.0903
268  60  0.1694  0.0000 11.7363
276  60  0.0929  0.0000 13.7993
284  60 -0.0215  0.0000 14.0146
292  60 -0.0063  0.0000 11.5585
  4  68  0.1689  0.0000 11.1304
 12  68  0.5166  0.0000  0.0000
 20  68  0.9791  0.0000  0.0000
 28  68  1.2688  0.0000 11.1304
 36  68  0.9901  0.0000 17.0667
 44  68  0.0186  0.0000 11.1304
 52  68 -0.5688  0.0000 11.1304
 60  68 -0.7253  0.0000 22.2609
 68  68 -0.5057  0.0000 11.1304
 76  68 -0.2169  0.0000 11.1304
 84  68 -0.1161  0.0000 11.1304
 92  68 -0.0604  0.3502 11.4697
100  68  0.3387  0.0000 12.5358
108  68  0.7573  0.0000 17.0667
116  68  1.4845  0.0000 16.1088
124  68  2.5000 -0.1588 10.5785
132  68  1.8687  0.0000  0.0000
140  68  1.2826  0.0000 11.1304
148  68  0.8300  0.0000  7.5265
156  68  0.4706  0.0000  6.3953
164  68  0.1870  0.0000  6.3399
172  68 -0.0125 -0.0175  5.8672
180  68 -0.0923  0.0412  8.1079
188  68  0.1058 -0.0043  8.4530
196  68 -0.0037  0.1691  8.8276
204  68  0.0416  0.0000 11.8583
212  68 -0.1534  0.0000 19.4783
220  68 -0.1078  0.0000 17.0667
228  68  0.1208  0.0000  0.0000
236  68  0.5429  0.0000  0.0000
244  68  1.2682  0.0000 11.1304
252  68  1.8888  0.0000 16.1088
260  68  1.6867  0.0000 11.1304
268  68 -0.1464  0.0000  7.8087
276  68 -0.8734  0.0000 11.0903
284  68 -0.9338  0.0000  8.2581
292  68 -0.6840  0.0000  9.9952
  4  76 -0.3684  0.0000  0.0000
 12  76 -0.1145  0.0000  0.0000
 20  76  0.1533  0.0000  0.0000
 28  76  0.5478  0.0000  0.0000
 36  76  0.9119  0.0000  0.0000
 44  76  1.5036  0.0000 11.9011
 52  76  2.0760  0.0000 20.7059
 60  76  1.7893  0.0000 19.4783
 68  76  1.2900  0.0000 13.0803
 76  76  0.8280  0.0000 12.8600
 84  76  0.4319  0.0000  8.2581
 92  76  0.0145  0.0637 12.1798
100  76 -0.8483  0.0000 20.7059
108  76 -1.4557  0.0000 12.0628
116  76 -0.9197  0.0000 11.1304
124  76 -0.3414  0.0000 12.0455
132  76  0.0696  0.0812 10.9765
140  76 -0.2907  0.0403 10.5761
148  76 -0.2026  0.0000 16.1088
156  76 -0.0158  0.0000 12.1905
164  76  0.2613  0.0000 11.1304
172  76  1.2031  0.0000 14.4198
180  76  2.2324  0.0000 12.5445
188  76  2.5000  0.0000  8.8276
196  76 -0.6306  0.1105 11.2757
204  76 -1.0909  0.0000 13.2987
212  76 -0.9665  0.0000 16.1088
220  76 -0.6972  0.0000  0.0000
228  76 -0.4034  0.0000 11.1304
236  76 -0.1224  0.0000  0.0000
244  76  0.1879  0.0000  0.0000
252  76  0.3842  0.0000  0.0000
260  76  0.5581  0.0000  0.0000
268  76  0.7774  0.0000  0.0000
276  76  0.9580  0.0000  0.0000
284  76  1.0305  0.0000 16.1088
292  76  0.8084  0.0000 16.1088
  4  84  0.4886  0.0000  0.0000
 12  84  0.0990  0.0000  0.0000
 20  84 -0.5049  0.0000 11.1304
 28  84 -1.5851  0.0000 19.4783
 36  84 -2.6947 -0.0973  7.2134
 44  84 -1.5793  0.0000  6.1440
 52  84 -0.5468  0.0000 13.2207
 60  84  0.0711  0.1253 10.5265
 68  84 -0.0315  0.0000 13.3565
 76  84 -0.0731 -0.0872  7.7411
 84  84 -0.0710  0.0015 15.1631
 92  84 -0.2984  0.3415 16.8934
100  84  0.5960  0.0000 20.7059
108  84  1.4232  0.0000  0.0000
116  84  1.4438  0.0000 11.1304
124  84 -0.0884  0.0000 11.1304
132  84 -0.5388  0.0000  7.3911
140  84 -0.5763  0.0000  0.0000
148  84 -0.4828  0.0000 12.0455
156  84 -0.3222  0.0000 13.5576
164  84 -0.1204  0.0000 11.1304
172  84  0.1364  0.0000 13.1641
180  84  0.0134  0.0000  0.0000
188  84  0.0989  0.0000  0.0000
196  84  0.0354  0.0000 19.4783
204  84 -0.0391 -0.5000  9.3822
212  84  0.4082  0.0000  0.0000
220  84  0.3143  0.0000 16.1088
228  84  0.1565  0.0000  0.0000
236  84 -0.0290  0.0000  0.0000
244  84 -0.3069  0.0000  0.0000
252  84 -0.7114  0.0000 11.1304
260  84 -0.9920  0.0000  0.0000
268  84 -0.5752  0.0000  0.0000
276  84 -0.0787  0.0000 11.1304
284  84  0.2487  0.0000  0.0000
292  84  0.2290  0.0000 16.1088
  4  92  0.0977  0.0000  0.0000
 12  92 -0.0232  0.0000 20.7059
 20  92 -0.1463  0.0000 11.9011
 28  92  0.2250  0.0000 16.1088
 36  92  0.5833  0.0000  0.0000
 44  92  0.5287  0.0000 24.3712
 52  92  0.0571  0.0354  8.9935
 60  92  0.0000 -0.0842 12.3842
 68  92 -0.1381  0.0535 13.1872
 76  92 -0.2298  0.0000 10.2362
 84  92 -0.2142  0.0000 12.0628
 92  92 -0.1252 -0.1589  7.9814
100  92  0.0530  0.0000  7.3143
108  92 -0.3394  0.0000  8.6413
116  92 -0.1151  0.1151 16.5161
124  92 -0.1024  0.0000 11.1304
132  92  0.2586  0.0000  0.0000
140  92  0.6848  0.0000 11.1304
148  92  0.1146  0.0000 12.0455
156  92 -0.0067  0.0000  0.0000
164  92  0.0341  0.0000  0.0000
172  92  0.2033  0.0000  0.0000
180  92  0.6002  0.0000  0.0000
188  92  1.1525  0.0000  0.0000
196  92  0.8399  0.0000 11.1304
204  92  0.5917  0.0000  0.0000
212  92  0.5314  0.0000  0.0000
220  92  0.4652  0.0000 19.5669
228  92  0.2469  0.2353 13.4737
236  92  0.1059  0.0000  0.0000
244  92  0.0180  0.0000 11.1304
252  92  0.0000 -0.1556 12.2969
260  92 -0.0351  0.0000 11.1304
268  92 -0.1960 -0.5000 11.1304
276  92 -0.1563  0.0000 11.1304
284  92  0.0000  0.5000  8.0688
292  92 -0.1029  0.0000 19.1045
  4 100 -0.1610  0.0000 16.0546
 12 100 -0.1643 -0.7925 11.5706
 20 100 -0.1334  0.0000 11.1304
 28 100 -0.0563 -0.1121 14.0746
 36 100 -0.5450  0.0000 10.8982
 44 100 -0.2665 -0.2364  6.7438
 52 100 -0.0735  0.4577 11.4191
 60 100  0.8372  0.0000 11.1304
 68 100  1.5000  0.5000  8.4476
 76 100  0.0000  0.5000 11.1304
 84 100 -0.0340  0.0000  0.0000
 92 100  0.0461  0.0000  0.0000
100 100  0.3260  0.0000  0.0000
108 100  1.0986  0.0000  0.0000
116 100  2.5000  0.0000  8.8276
124 100  1.3987  0.0000 11.1304
132 100  0.7003  0.0000  0.0000
140 100  0.4996  0.0000  0.0000
148 100  0.5000 -0.2012  9.9121
156 100  0.2460  0.0000  0.0000
164 100  0.1294  0.0000  0.0000
172 100  0.0926  0.1932 14.1608
180 100 -0.1590  0.0000 19.4783
188 100 -0.3627  0.0000 16.1088
196 100 -0.4810  0.0000  0.0000
204 100 -0.4196  0.0000  0.0000
212 100 -0.3126  0.0000  0.0000
220 100 -0.3230  0.0000  0.0000
228 100 -0.2183  0.0000 11.1304
236 100 -0.1648  0.0000  0.0000
244 100 -0.1695  0.0000 16.1088
252 100 -0.2716  0.0000  0.0000
260 100 -0.3254  0.0000  0.0000
268 100  0.0869  0.0000  0.0000
276 100  0.5063  0.0000 11.1304
284 100  1.1753  0.0000 12.0628
292 100  1.4086  0.0000 16.1088
  4 108  0.4839  0.0000  0.0000
 12 108  0.2645  0.0585 13.3056
 20 108 -0.0691  0.0000 11.9011
 28 108 -0.2878  0.0000  8.0000
 36 108 -0.4043 -0.4043  8.0000
 44 108  0.0128 -0.1628  8.4321
 52 108 -0.0673  0.0000 10.5595
 60 108 -0.1053  0.1156 10.7489
 68 108 -0.0463 -0.0094 12.1572
 76 108 -0.0953  0.2329  9.5478
 84 108 -0.1101  0.0000 11.1304
 92 108 -0.1243  0.0000 11.1304
100 108 -0.1999  0.0000  8.0000
108 108 -0.4290  0.0000 11.1304
116 108 -0.6135  0.0000  0.0000
124 108 -0.6462  0.0000  8.8276
132 108 -0.5871  0.0000 16.1088
140 108 -0.5133  0.0000 16.1088
148 108 -0.5000 -0.0203 12.4022
156 108 -0.2061  0.0000  8.5018
164 108 -0.1136  0.0000  9.8918
172 108 -0.1038  0.0000  8.2581
180 108 -0.2117  1.1735 13.4737
188 108  0.1782  0.0000 19.1045
196 108  0.5665  0.0000  0.0000
204 108  1.0075  0.0000 11.1304
212 108  1.4502  0.0000  0.0000
220 108  1.4053  0.0000  0.0000
228 108  0.4074  0.0000  0.0000
236 108  0.0015  0.0000  0.0000
244 108 -0.2822  0.0000  0.0000
252 108 -0.5201  0.0000 11.1304
260 108 -0.6903  0.0000  0.0000
268 108 -0.5875  0.0000 11.1304
276 108 -0.5163  0.0000  0.0000
284 108 -0.3662  0.0000 16.1088
292 108 -0.1143  0.0000  0.0000
  4 116  0.1151  0.1151 16.5161
 12 116 -0.1841  0.0418 12.3683
 20 116 -0.2534  0.0000 16.1088
 28 116 -0.3890  0.0000 11.1304
 36 116 -0.6254  0.0000 15.2803
 44 116 -0.7696  0.0000  9.9672
 52 116 -0.6485  0.0000 16.1088
 60 116 -0.5636  0.0000 22.2609
 68 116 -0.4038  0.0000  9.4208
 76 116 -0.1274 -0.1193 13.8026
 84 116  0.0000  0.1556 12.2969
 92 116 -0.0122  0.0000 12.0628
100 116  0.0846  0.0000 13.1641
108 116  0.5000  0.0000  8.4768
116 116  0.6910  0.0000 16.1088
124 116  0.9370  0.0000 12.0628
132 116  1.2890  0.0000 11.1304
140 116  1.6027  0.0000 16.1088
148 116  1.5000  0.0000  8.2581
156 116  0.0000 -0.2033  7.8435
164 116 -0.2944  0.0000 11.1304
172 116 -0.3534  0.0000  8.2581
180 116 -0.4086  0.0000 11.1304
188 116 -0.4601  0.0000  0.0000
196 116 -0.4166  0.0000  0.0000
204 116 -0.4424  0.0000  0.0000
212 116 -0.3716  0.0000  0.0000
220 116 -0.1778  0.0000  0.0000
228 116  0.0233  0.0000  0.0000
236 116 -0.0426  0.0000  0.0000
244 116 -0.0985  0.0000  0.0000
252 116 -0.2778  0.0000 11.1304
260 116 -0.5742  0.0000  0.0000
268 116 -0.7395  0.0000 19.1045
276 116 -0.3480  0.0000  0.0000
284 116 -0.4377  0.0000 11.1304
292 116 -0.4425  0.0000  0.0000
  4 124 -0.3818  0.0000  8.0190
 12 124 -0.5000  0.0000  8.8276
 20 124 -0.1408  0.0000 11.1304
 28 124  0.0030  0.0000  0.0000
 36 124  0.3784  0.0000  7.3911
 44 124  0.9945  0.0000 11.1304
 52 124  1.0613  0.0000 12.0455
 60 124  1.2308  0.0000  8.0000
 68 124  1.3050  0.0000 12.1905
 76 124  0.9895  0.0000 10.0855
 84 124  0.0526  0.0000  0.0000
 92 124 -0.2413  0.0000  0.0000
100 124 -0.1960 -0.5000 11.1304
108 124 -0.1151  0.1151 16.5161
116 124 -0.0697  0.0000  0.0000
124 124  0.0000 -0.5000  8.8276
132 124 -0.2122  0.0000 16.1088
140 124 -0.2975  0.0000 19.1045
148 124 -0.2173  0.0000  0.0000
156 124  0.0000 -0.1063  6.9728
164 124  0.2014  0.0000 16.1088
172 124  0.3433  0.0000 16.1088
180 124  0.2408  0.0000 11.1304
188 124 -0.0645  0.0000  0.0000
196 124 -0.3127  0.1061  9.8739
204 124  0.6166  0.0000 16.1088
212 124 -0.1287  0.0000 11.1304
220 124 -0.3244  0.0000  0.0000
228 124 -0.1851  0.0000 17.0667
236 124 -0.0131  0.0000  0.0000
244 124  0.2917  0.0000  0.0000
252 124  0.0000 -0.5000  8.8276
260 124  0.1235  0.0000  0.0000
268 124  1.0107  0.0000 11.1304
276 124  0.9560  0.0000 11.9011
284 124  0.9803  0.0000  0.0000
292 124  0.9217  0.0000  0.0000
  4 132  0.5899  0.0000 11.1304
 12 132  0.0000  0.0955 11.7002
 20 132 -0.1772  0.0000 16.1088
 28 132 -0.1012  0.0000 11.1304
 36 132  0.0567  0.0000  0.0000
 44 132  0.1659  0.0000  0.0000
 52 132  0.1577  0.0000 16.1088
 60 132 -0.0792  0.0000  8.2581
 68 132 -0.2198  0.0000  0.0000
 76 132 -0.2541  0.0000 12.1905
 84 132 -0.1151 -0.1151 16.5161
 92 132  0.5452  0.0000  9.3822
100 132  1.0632  0.0000  0.0000
108 132  1.1703  0.0000 11.1304
116 132  1.1632  0.0000  0.0000
124 132  1.5260  0.0000 13.0803
132 132  2.5000  0.1588 10.5785
140 132  0.1195 -1.0576  7.0137
148 132 -0.1593  0.0000  0.0000
156 132  0.1565  0.0000  0.0000
164 132  0.5294  0.0000 17.0667
172 132  1.0492  0.0305 12.6667
180 132  0.4288  0.0000 13.0803
188 132  0.1250  0.0000  0.0000
196 132  0.7883  0.0000 11.1304
204 132  0.6916  0.0000 16.1088
212 132  0.6434  0.0000  0.0000
220 132  0.5746  0.0000 11.1304
228 132  0.3468 -0.5000 10.2045
236 132  0.1812  0.0000 11.1304
244 132 -0.0615  0.0000 11.1304
252 132  0.0000 -0.5000  8.8276
260 132  0.2354  0.0000 11.1304
268 132  0.4399  0.0000 11.1304
276 132  0.4632  0.0000  0.0000
284 132  0.1960 -0.5000 11.1304
292 132  0.0553  0.0000 11.1304
  4 140  0.0021  0.0000 11.1304
 12 140  0.3266  0.0000  7.4357
 20 140  1.1544  0.0000 11.1304
 28 140  1.9162  0.0000  0.0000
 36 140  1.9470  0.0000 11.1304
 44 140  1.7348  0.0000 11.1304
 52 140  1.6007  0.0000  0.0000
 60 140  1.4531  0.0000 16.1088
 68 140  0.3278  0.0000  9.4948
 76 140  0.0490 -0.2714 15.7941
 84 140  0.3095 -0.2269  6.1440
 92 140  0.3077  0.3305 11.1304
100 140  0.4807  0.0000  0.0000
108 140  0.1101  0.0000 11.9011
116 140 -0.0741  0.0000 19.4783
124 140  0.4559  0.0000 16.1088
132 140  0.3556  0.0000 11.1304
140 140  0.2539  0.0000  0.0000
148 140  0.1847  0.0000 11.1304
156 140 -0.2642  0.0000 11.1304
164 140  0.1912  0.0000 12.4272
172 140 -0.1151  0.1151 16.5161
180 140  0.0451  0.0000 12.0628
188 140  0.4256  0.0000  0.0000
196 140  0.8314  0.0000  0.0000
204 140  1.1182  0.0000  8.0000
212 140  1.0449  0.0000 20.7059
220 140  0.5850  0.0000  0.0000
228 140  0.2235  0.0000 11.1304
236 140  0.5425  0.0000  0.0000
244 140  1.4802  0.0000  0.0000
252 140  2.5000  0.0000  8.8276
260 140  2.2557  0.0000 11.1304
268 140  1.7268  0.0000 11.1304
276 140  1.0594  0.0000 11.1304
284 140  0.2393  0.1227  8.6495
292 140  0.0647 -0.0771 14.4477
  4 148 -0.0418  0.0000 19.1045
 12 148  0.0000 -0.5000  8.8276
 20 148 -0.1484  0.0000 11.1304
 28 148 -0.1788  0.0000  0.0000
 36 148 -0.5000  0.0000  8.8276
 44 148 -0.5000  0.1588 10.5785
 52 148  0.1653  0.0000 16.1088
 60 148  0.0813  0.0000  0.0000
 68 148 -0.0669 -0.1104 11.5261
 76 148 -0.0162  0.0982  9.1474
 84 148 -1.2170  0.1975 10.6667
 92 148 -0.5050  0.0000 11.1304
100 148 -0.2711  0.0000  8.8276
108 148  0.0045  0.0000 16.9590
116 148  0.5000  0.0000  8.4768
124 148  1.1275  0.0000 20.7059
132 148  1.8127  0.0000 11.1304
140 148  2.0305  0.0000 11.1304
148 148  1.0376  0.0000  0.0000
156 148  0.0498  0.0000  0.0000
164 148  0.1779  0.0000 12.0628
172 148  0.9254  0.0000 11.1304
180 148  1.6857  0.0000  0.0000
188 148  1.7727  0.0000  0.0000
196 148  1.4790  0.0000  0.0000
204 148  0.9517  0.0000 12.0628
212 148  0.3403  0.0000 11.1304
220 148  0.0775  0.0000 12.1905
228 148 -0.1041  0.0000 17.0667
236 148 -0.2463  0.0000 11.1304
244 148 -0.5000  0.1588 10.5785
252 148 -0.4554  0.0000  0.0000
260 148 -0.7855  0.0000  0.0000
268 148 -1.0737  0.0000  0.0000
276 148  0.0079  0.0000  0.0000
284 148  0.0353  0.0000 16.1088
292 148  0.0215  0.1738 11.4109
  4 156 -0.1912  0.0000 12.4272
 12 156  0.1326  0.0000 10.6209
 20 156  0.0145  0.0000  0.0000
 28 156 -0.1070  0.0000  0.0000
 36 156 -0.1098  0.0000  7.5779
 44 156  0.1806  0.0000 13.5576
 52 156  0.9827  0.0000 11.1304
 60 156  2.0974  0.0000 11.1304
 68 156  2.8274 -0.3035  7.6077
 76 156  1.1914  0.0000 11.1304
 84 156 -0.5000  0.0000  8.8276
 92 156 -0.4171  0.0000 11.1304
100 156  0.1375  0.0000 12.0455
108 156  0.7104  0.0000 16.1088
116 156  1.1169  0.0000 11.1304
124 156  1.2471  0.0000  0.0000
132 156  1.1002  0.0000 11.1304
140 156  0.7429  0.0000 11.1304
148 156  0.3595  0.0000  0.0000
156 156  0.0438  0.0000  0.0000
164 156 -0.0888  0.0000 13.3565
172 156 -0.1654  0.0000  0.0000
180 156 -0.2224  0.0000  0.0000
188 156 -0.9592  0.0000  0.0000
196 156 -1.6880  0.0000  0.0000
204 156 -0.0889  0.0000 11.1304
212 156  0.0173  0.0000 19.1045
220 156  0.1077  0.0000  0.0000
228 156  0.1613  0.0000 19.1045
236 156  0.4472  0.0000 13.5576
244 156  0.3777  0.0000 11.1304
252 156  0.1391  0.0000  0.0000
260 156 -0.1684  0.0000  0.0000
268 156 -0.3267  0.0000  0.0000
276 156  0.3459  0.0000  0.0000
284 156  1.3609  0.0000  0.0000
292 156  1.8132  0.0000  0.0000
  4 164  0.8647  0.0000 22.2609
 12 164 -0.2458  0.0000 11.1304
 20 164 -0.4858  0.0000  0.0000
 28 164 -0.3063  0.0000  0.0000
 36 164  0.0000 -0.5000  8.8276
 44 164  0.6516  0.0000 16.1088
 52 164  1.1827  0.0000  0.0000
 60 164  1.4332  0.0000  0.0000
 68 164  1.2900  0.0000  0.0000
 76 164  0.7314  0.0000  0.0000
 84 164  0.1884  0.0000  0.0000
 92 164  0.0741  0.0000 11.1304
100 164  0.0603  0.0000 12.0628
108 164  0.0000 -0.2072  8.5995
116 164 -1.3070 -0.0337 12.4709
124 164 -2.3895  0.0000 16.1088
132 164 -0.1847  0.0000 11.1304
140 164  0.0000 -0.5000  8.8276
148 164  0.2061  0.0000  8.0000
156 164  0.4324  0.0000  9.4208
164 164  0.7174  0.0000 24.3712
172 164  0.8111  0.0000 11.1304
180 164  0.7041  0.0000  0.0000
188 164  0.3504  0.0000 11.1304
196 164 -0.2780  0.1270 13.3759
204 164  0.1138 -0.1162 11.2671
212 164  0.7976  0.0000  0.0000
220 164  0.9462  0.0000 11.1304
228 164  0.4498  0.0000 11.1304
236 164 -0.0710  0.0000  0.0000
244 164 -0.3125  0.0000  0.0000
252 164 -0.3028  0.0000  0.0000
260 164 -0.1039  0.0000  0.0000
268 164  0.5282  0.0000  0.0000
276 164  1.2889  0.0000  8.2581
284 164  1.8750  0.0000  0.0000
292 164  1.9447  0.0000 11.1304
  4 172  1.0689  0.0000 13.7544
 12 172  0.1548  0.5000 10.8245
 20 172  0.0000 -0.5000  8.8276
 28 172 -0.3801  0.0000  0.0000
 36 172 -1.1731 -0.0306 10.0981
 44 172 -2.0061  0.0000 11.1304
 52 172 -3.0587  0.0000  0.0000
 60 172 -0.3241  0.0000  0.0000
 68 172 -0.0606  0.0000  0.0000
 76 172  0.2509  0.0000  0.0000
 84 172  0.6080  0.0000  0.0000
 92 172  1.0049  0.0000 16.1088
100 172  1.3592  0.0000 11.1304
108 172  1.6880  0.0000  9.4208
116 172  2.0643  0.0000  0.0000
124 172  2.5000  0.0000  8.8276
132 172  1.7613  0.0000 11.1304
140 172  1.1239  0.0000  0.0000
148 172  0.5277  0.0000  8.0000
156 172  0.0554  0.0000  9.7047
164 172  0.0000 -0.5000  7.8528
172 172 -0.1068 -0.3135 15.1963
180 172 -0.1683  0.0000  0.0000
188 172 -0.1910  0.0000  9.3822
196 172  0.4059  0.0000  0.0000
204 172  1.3034  0.0000 16.1088
212 172  2.1373  0.0000  0.0000
220 172  2.5000  0.0000  8.8276
228 172  1.2680  0.0000  0.0000
236 172  0.3405  0.0000  0.0000
244 172  0.0051  0.0000 19.1045
252 172 -0.3899  0.0000  0.0000
260 172 -1.2317  0.0000  0.0000
268 172 -2.2314  0.0000  0.0000
276 172 -3.4491  0.0000  0.0000
284 172 -0.5296  0.0000  0.0000
292 172 -0.1927  0.0000 11.1304
  4 180  0.2009  0.0000 11.1304
 12 180  0.6536  0.0000 12.0455
 20 180  1.1613  0.0000 11.1304
 28 180  1.6895  0.0000 12.0628
 36 180  2.2283  0.0000  0.0000
 44 180  2.7514  0.0000 11.1304
 52 180  3.0622  0.0000 11.1304
 60 180  2.5000  0.0000  8.8276
 68 180  1.2405  0.0000 11.1304
 76 180  0.1029  0.0000  0.0000
 84 180 -0.5000  0.0000  8.8276
 92 180 -0.2469  0.0000 12.0455
100 180  0.0299 -0.1232 10.8621
108 180 -0.0990  0.0000 11.9091
116 180 -0.5000  0.0000  8.2581
124 180  0.0967  0.0000  0.0000
132 180  0.9929  0.0000  0.0000
140 180  1.6829  0.0000  0.0000
148 180  1.6495  0.0000  0.0000
156 180  0.5424  0.0000 16.1088
164 180  0.1147 -0.0456  8.8110
172 180  0.0328  0.2156 15.3670
180 180 -0.0976  0.0000  0.0000
188 180 -0.9738  0.0000  0.0000
196 180 -2.1684  0.0000 11.1304
204 180 -3.5686  0.0000 16.1088
212 180 -0.8004  0.0000 17.0667
220 180 -0.4033  0.0000  0.0000
228 180  0.0409  0.0000  0.0000
236 180  0.5437  0.0000  0.0000
244 180  1.1088  0.0000 17.0667
252 180  1.6924  0.0000 17.0667
260 180  2.2384  0.0000  0.0000
268 180  2.6476  0.0000 11.1304
276 180  2.7070  0.0000  0.0000
284 180  2.0939  0.0000  0.0000
292 180  0.8965  0.0000 11.1304
  4 188 -0.2780  0.1270 13.3759
 12 188 -0.6317  0.0000 16.1088
 20 188 -0.4757  0.0000 11.1304
 28 188 -0.3675  0.0000 12.0628
 36 188 -0.5574  0.0000  0.0000
 44 188 -0.7531  0.0000 11.1304
 52 188 -0.1957  0.0000 11.1304
 60 188  0.6739  0.0000  0.0000
 68 188  1.2865  0.0000 11.1304
 76 188  1.0537  0.0000 11.1304
 84 188 -0.3468 -1.0000 10.2045
 92 188 -0.0561 -0.2765  9.5419
100 188  0.0714  0.0357  8.6178
108 188  0.2220 -0.1529  9.0549
116 188 -0.7629  0.0000 11.1304
124 188 -2.0315  0.0000 16.1088
132 188 -3.4956  0.0000 11.1304
140 188 -1.1142  0.0000  0.0000
148 188 -0.6737  0.0000 11.1304
156 188 -0.2097  0.0000 11.1304
164 188  0.2983  0.0000 12.0455
172 188  0.8759  0.0000  0.0000
180 188  1.4440  0.0000  0.0000
188 188  1.9172  0.0000  0.0000
196 188  2.1852  0.0000 11.1304
204 188  2.0975  0.0000  0.0000
212 188  1.5286  0.0000  8.2581
220 188  0.6070  0.0000  0.0000
228 188 -0.2233  0.0000  0.0000
236 188 -0.4904  0.0000  0.0000
244 188 -0.4602  0.0000  0.0000
252 188 -0.6140  0.0000 17.0667
260 188 -0.9812  0.0000 11.1304
268 188 -1.1708  0.0000 11.1304
276 188 -0.4890  0.0000 11.1304
284 188  0.4924  0.0000 11.1304
292 188  1.2942  0.0000  0.0000
  4 196  1.5000 -0.5000  8.2581
 12 196  0.1738  0.0000 11.1304
 20 196 -0.4653  0.0000 12.0628
 28 196 -1.0000  0.0000  9.2850
 36 196 -0.6481  0.0000 17.0667
 44 196 -1.0390  0.0000  0.0000
 52 196 -1.9313  0.0000  0.0000
 60 196 -3.1765  0.0000 11.1304
 68 196 -1.4359  0.0000 11.1304
 76 196 -0.9637  0.0000 11.1304
 84 196 -0.4966  0.0000 12.0455
 92 196 -0.0148  0.0540 10.2477
100 196  0.5562  0.0000  9.9944
108 196  1.0803  0.0000  8.2581
116 196  1.4721  0.0000  0.0000
124 196  1.6426  0.0000 11.1304
132 196  1.5054  0.0000 11.1304
140 196  1.0328  0.0000  0.0000
148 196  0.3621  0.0000  0.0000
156 196 -0.1804  0.0000 11.1304
164 196 -0.2482  0.0000 12.0455
172 196 -0.1515  0.0000  0.0000
180 196 -0.5211  0.0000  0.0000
188 196 -1.1090  0.0000  8.2581
196 196 -1.5000  0.0000  8.2581
204 196 -0.6211  0.0000  0.0000
212 196  0.3564  0.0000  0.0000
220 196  1.0428  0.0000 11.1304
228 196  1.1362  0.0000  0.0000
236 196  0.3349  0.0000  0.0000
244 196 -0.3789  0.0000  0.0000
252 196 -0.8529  0.0000 16.1088
260 196 -0.7985  0.0000 17.0667
268 196 -0.9732  0.0000 11.1304
276 196 -1.5044  0.0000  0.0000
284 196 -2.3255  0.0000  0.0000
292 196 -1.7342  0.0000  8.0000
  4 204 -1.2293  0.0000 13.5576
 12 204 -0.7398  0.0000 16.6957
 20 204 -0.2477  0.0000 16.1088
 28 204  0.2674  0.0000 11.1304
 36 204  0.7239  0.0000  0.0000
 44 204  1.0456  0.0000 11.1304
 52 204  1.1655  0.0000 11.1304
 60 204  1.0385  0.0000  0.0000
 68 204  0.6749  0.0000 11.1304
 76 204  0.1857  0.0000 11.1304
 84 204 -0.1960  0.0000 11.1304
 92 204 -0.0213 -0.0998 11.9530
100 204  0.3394  0.0000 11.1515
108 204 -0.1411  0.0000 16.1088
116 204 -0.6547  0.0000 11.1304
124 204 -0.7820  0.0000  0.0000
132 204 -0.1454  0.0000  0.0000
140 204  0.4883  0.0000  0.0000
148 204  0.8824  0.0000  0.0000
156 204  0.8560  0.0000  0.0000
164 204  0.3596  0.0000 11.1304
172 204 -0.1645  0.0000 19.1045
180 204 -0.4679  0.0000 11.1304
188 204 -0.4311  0.0000 11.1304
196 204 -0.3699  0.0000 11.1304
204 204 -0.5000  0.0000  8.8276
212 204 -0.6309  0.0000 11.1304
220 204 -1.9973  0.0000 11.1304
228 204 -1.4635  0.0000 16.1088
236 204 -0.9498  0.0000  0.0000
244 204 -0.4512  0.0000  0.0000
252 204  0.0255  0.0000  0.0000
260 204  0.4300  0.0000  1.0000
268 204  0.7074  0.0000 11.1304
276 204  0.8146  0.0000 11.1304
284 204  0.7347  0.0000  0.0000
292 204  0.4972  0.0000 12.5445
  4 212  0.1974  0.0000 19.4783
 12 212 -0.0008  0.0000  9.4948
 20 212  0.0855  0.0000 11.1304
 28 212  0.2086  0.0000 11.1304
 36 212 -0.0741  0.0000  0.0000
 44 212 -0.3300  0.0000 11.1304
 52 212 -0.1930  0.0000  0.0000
 60 212  0.4043  0.4043  8.0000
 68 212  0.6970  0.0000 16.1088
 76 212  0.8237  0.0000  0.0000
 84 212  0.6946  0.0000  0.0000
 92 212  0.3321  0.0000 17.2183
100 212 -0.0159  0.0000  7.4357
108 212 -0.1201  0.0000  0.0000
116 212  0.1413  0.0000 16.1088
124 212  0.7329  0.0000 11.1304
132 212  1.5000  0.0000  8.2581
140 212  1.9318  0.0000  0.0000
148 212 -2.2296  0.0000  0.0000
156 212 -1.6684  0.0000 11.1304
164 212 -1.1280  0.0000  0.0000
172 212 -0.6171  0.0000 16.1088
180 212 -0.1546  0.0000  0.0000
188 212  0.2238  0.0000  0.0000
196 212  0.4818  0.0000  0.0000
204 212  0.5967  0.0000 11.1304
212 212  0.5706  0.0000  0.0000
220 212  0.4394  0.0000  0.0000
228 212  0.2709  0.0000  0.0000
236 212  0.1456  0.0000 14.5615
244 212  0.1013  0.0000  0.0000
252 212  0.0031  0.0000  0.0000
260 212 -0.2807  0.0000  0.0000
268 212 -0.4398  0.0000 11.1304
276 212 -0.1696  0.0000 16.1088
284 212  0.3640  0.0000  0.0000
292 212  0.6909  0.0000 11.1304
  4 220  0.7619  0.0000 13.3260
 12 220  0.5714  0.0000 11.1304
 20 220  0.2158  0.0000 16.1088
 28 220 -0.0828  0.0000  9.3504
 36 220 -0.0755  0.0653 11.8819
 44 220  0.4010  0.0000 19.1045
 52 220  1.4881  0.0000  0.0000
 60 220  2.9403  0.0000  8.2581
 68 220  4.3920  0.0000  0.0000
 76 220 -2.4446  0.0000 12.0628
 84 220 -1.8489  0.0000 12.0628
 92 220 -1.2705  0.0000 10.6945
100 220 -0.7305  0.0000 16.1088
108 220 -0.2564  0.0000  8.0000
116 220  0.1208  0.0000 13.0803
124 220  0.3757  0.0000 17.2183
132 220  0.5000  0.0000  8.4768
140 220  0.5094  0.0000  0.0000
148 220  0.4491  0.0000  0.0000
156 220  0.3659  0.0000 11.1304
164 220  0.2770  0.0000  0.0000
172 220  0.1343  0.0000  8.8276
180 220 -0.1760  0.0000 15.0588
188 220 -0.7310  0.0000  0.0000
196 220 -1.0492 -0.0305 12.6667
204 220 -0.5299  0.0000 11.1304
212 220  0.2250  0.0000  0.0000
220 220  0.7341  0.0000  0.0000
228 220  0.8213  0.0000  0.0000
236 220  0.5169  0.0000  0.0000
244 220 -0.0079  0.0000 20.7059
252 220 -0.4859  0.0000  8.4768
260 220 -0.5993  0.0000 11.1304
268 220  0.0000 -0.5000  8.8276
276 220  1.7591  0.0000  0.0000
284 220  4.1277  0.0000  0.0000
292 220  6.6742  0.0000 19.1045
