VARIABLES= "X pix", "Y pix", "U pix/dt", "V pix/dt", "CHC", ZONE I=28, J=37
  4   4  0.0000 -0.0048 10.7926
 12   4  0.0379 -0.0060 10.6773
 20   4 -0.0049  0.0165 10.9599
 28   4 -0.0022  0.0059 10.3860
 36   4 -0.0006  0.1067 10.2763
 44   4  0.0022 -0.0842 10.3751
 52   4 -0.0019 -0.0844 10.4077
 60   4 -0.0137  0.0472 10.2628
 68   4  0.0454  0.0403 10.4771
 76   4  0.0049  0.0322 11.1410
 84   4  0.0089  0.0000 10.9708
 92   4 -0.0032 -0.0477 10.9373
100   4  0.0012  0.0091 11.0071
108   4  0.0000  0.0085 11.0811
116   4 -0.0103  0.0161 11.8751
124   4 -0.0214  0.0000 11.0456
132   4  0.0134  0.0000 11.0456
140   4  0.0000 -0.0181 11.3868
148   4 -0.0417  0.0111 12.3107
156   4  0.0000 -0.0722 11.3092
164   4 -0.0095 -0.0337 11.8154
172   4  0.0758  0.0000 11.9577
180   4  0.0593 -0.0093 11.4573
188   4 -0.0012 -0.0245 10.6277
196   4  0.0000 -0.0211 11.7680
204   4 -0.0288 -0.0098 11.2361
212   4 -0.0167 -0.0595 11.6044
220   4  0.0315 -0.0027 11.4465
228   4 -0.0592  0.0112 10.1824
236   4 -0.0778  0.1416  9.4272
244   4  0.0198  0.0000 10.3710
252   4  0.1014  0.0097 10.2027
260   4  0.0094  0.0000 11.4487
268   4  0.0122  0.0019 10.1666
276   4  0.0033  0.0000 11.9769
284   4  0.0000  0.1012 12.8656
292   4  0.0086  0.0000 12.3152
  4  12  0.0128 -0.1710  7.7617
 12  12  0.0062 -0.0574  8.5436
 20  12  0.0374  0.2839  7.3430
 28  12  0.0137  0.1983  7.7645
 36  12  0.1463  0.1500  8.4622
 44  12 -0.2159 -0.2769  8.4912
 52  12 -0.0867 -0.0117 10.0714
 60  12  0.0106 -0.1101  7.3932
 68  12 -0.0443  0.0102 10.8198
 76  12 -0.0536 -0.1298  9.9874
 84  12  0.0743 -0.1998  7.7104
 92  12 -0.0514  0.0474  8.0289
100  12  0.0590 -0.0049  8.5964
108  12 -0.0487 -0.0422  8.9999
116  12  0.0000 -0.0498  9.3920
124  12 -0.0316 -0.0873  8.7115
132  12  0.0324 -0.1053  9.0437
140  12  0.0000 -0.0561  9.3358
148  12 -0.0555 -0.0601  8.8777
156  12  0.0000 -0.0156  9.3927
164  12  0.0055  0.0138 10.5791
172  12  0.0259 -0.0190 13.8054
180  12  0.0124 -0.0230 11.2322
188  12 -0.0387 -0.0414 10.0727
196  12 -0.0880  0.0635  8.0815
204  12 -0.0138 -0.0815  8.7706
212  12  0.0430  0.0252 13.7848
220  12  0.0000  0.0252 11.0936
228  12  0.0110  0.3391  8.7588
236  12 -0.1280 -0.0507  7.1331
244  12 -0.0041  0.0000 12.4810
252  12  0.0874 -0.5340  9.3431
260  12 -0.1449  0.0271 10.1878
268  12  0.0258 -0.2577 10.9059
276  12  0.0210  0.1577 11.1277
284  12  0.0461  0.2595  7.6989
292  12  0.0992  0.2358  7.5399
  4  20 -0.0683  0.0467 14.1048
 12  20 -0.0295  0.0020 11.8954
 20  20 -0.0342 -0.0378 11.4288
 28  20  0.0059  0.0009 12.0049
 36  20  0.0340 -0.0258 11.8805
 44  20  0.0000  0.0195 11.7622
 52  20 -0.0003 -0.0250 12.7739
 60  20 -0.0070  0.0761 15.3375
 68  20  0.0177  0.0696 13.8256
 76  20 -0.0200 -0.0020 15.8112
 84  20  0.0018 -0.0012 14.3584
 92  20  0.0430  0.0415 13.3108
100  20 -0.0217  0.0042  9.9388
108  20  0.0245  0.0895  7.9220
116  20 -0.0047  0.0124 12.4526
124  20  0.0003 -0.0117 12.1927
132  20  0.0000  0.0136 12.5390
140  20  0.0000  0.0381 12.0965
148  20  0.0113  0.0622 12.3989
156  20 -0.0179  0.0094 12.1129
164  20  0.0347 -0.0334 13.5768
172  20 -0.0044  0.0005 12.1580
180  20  0.0381 -0.0035 21.7476
188  20 -0.0112  0.0303 16.0821
196  20 -0.0279  0.0070 16.4031
204  20  0.0136  0.0098 19.6803
212  20 -0.0177 -0.0084 21.7569
220  20 -0.0271  0.0081 27.8613
228  20  0.0313  0.0065 13.2480
236  20 -0.1556  0.1469 15.5080
244  20 -0.0329  0.0032 12.6286
252  20  0.0442 -0.0253 12.6738
260  20  0.0456 -0.2182 20.5824
268  20  0.5000  0.0052 12.2969
276  20 -0.1724  0.0185 13.4031
284  20  0.0456  0.2573  9.8983
292  20 -0.0095  0.0036 14.4387
  4  28 -0.0831 -0.0337  9.6394
 12  28 -0.0119 -0.0384 10.5380
 20  28 -0.0265 -0.0302 10.4070
 28  28 -0.0109  0.0173  9.6599
 36  28 -0.0477 -0.0014 10.1944
 44  28 -0.0094 -0.0144 10.2894
 52  28  0.0274  0.0028 10.0104
 60  28  0.0047  0.0026  9.9176
 68  28 -0.0547  0.0025 10.3447
 76  28 -0.0030 -0.0004 10.3173
 84  28 -0.0011 -0.0127 10.2561
 92  28  0.0078 -0.0140 10.1048
100  28 -0.0256 -0.0065 10.9433
108  28 -0.0221 -0.0195 16.2041
116  28  0.0088 -0.0210  9.9505
124  28 -0.0071 -0.0167 10.6869
132  28 -0.0109  0.0215  9.3473
140  28 -0.0260  0.0059  9.6680
148  28  0.0100  0.0026 10.4461
156  28  0.0125 -0.0017 16.6322
164  28  0.0146 -0.0346 13.1282
172  28  0.0754 -0.0515 11.5138
180  28  0.0696  0.0575 15.9858
188  28  0.0394  0.1054 13.7662
196  28  0.0678  0.0056 21.9216
204  28 -0.0017 -0.0108 10.0989
212  28  0.0104 -0.0175 10.7218
220  28  0.0002  0.0280 11.4069
228  28  0.0017 -0.0033 11.1468
236  28 -0.0084 -0.0025 10.3676
244  28  0.0116 -0.0018 10.1073
252  28 -0.0105 -0.0010 10.9171
260  28  0.0158 -0.0003 13.8187
268  28  0.0427  0.0214 18.4816
276  28 -0.0061 -0.0035 14.8084
284  28 -0.0210  0.0580 17.5232
292  28  0.0072 -0.0331 17.4927
  4  36 -0.0153 -0.0625  8.7453
 12  36 -0.0389 -0.0231  8.5847
 20  36 -0.0137 -0.0173  7.4216
 28  36  0.0078 -0.0479  7.7646
 36  36  0.1197 -0.1806  6.4714
 44  36 -0.1576 -0.0362  6.3544
 52  36  0.0000 -0.3823  6.2939
 60  36 -0.1353 -0.1378  7.2730
 68  36 -0.1146 -0.0158  6.7884
 76  36 -0.0263 -0.1021  8.5725
 84  36  0.0000 -0.0244 12.2969
 92  36  0.0968 -0.1881 12.3761
100  36  0.0805 -0.0984  8.5465
108  36  0.1091 -0.0074  8.3499
116  36  0.0065  0.0815  8.9915
124  36  0.0068  0.0587  7.2204
132  36 -4.5000  2.0000  7.5521
140  36  1.5000  0.0000  8.2581
148  36 -0.4542  0.0093  9.5701
156  36  0.0024  0.0134 11.9395
164  36  0.0118  0.0370 18.8555
172  36  0.0589  0.0206 13.6853
180  36  0.0289  0.0465 15.6301
188  36  0.0162  0.0558 16.1668
196  36  0.0588 -0.0080 12.5866
204  36  0.1961 -0.2293 11.7208
212  36 -0.1653 -0.2870 12.1302
220  36 -0.3303  0.0000 14.6166
228  36 -0.0348  0.1421 10.8349
236  36  0.1341 -0.2839 11.2059
244  36  0.0248 -0.0297 13.4174
252  36  0.0000 -0.2466 12.4644
260  36 -0.0799 -0.3822  8.2243
268  36  0.1336  0.0045  9.8921
276  36  0.1914 -0.1393  7.1948
284  36 -0.1179 -0.0207  6.6585
292  36 -0.0030  0.0211  7.9341
  4  44  0.0000  0.3577  9.9740
 12  44  0.4111 -0.0285  9.1862
 20  44 -0.0179  0.0423 15.1609
 28  44  0.0347  0.0326 13.2721
 36  44  0.1154  0.0000 14.3074
 44  44  0.0720  0.0000 12.1260
 52  44  0.0996 -0.0167 10.4918
 60  44  0.1447  0.2267  9.4031
 68  44 -0.1360  0.1537  8.2109
 76  44 -0.0400  0.0096  8.6819
 84  44  0.0000  0.3171 12.7797
 92  44 -0.0698 -0.2911 10.5124
100  44  0.0143  0.0000  0.0000
108  44 -0.0036  0.0000  0.0000
116  44  0.1063  0.0000  6.9728
124  44 -0.1698  0.0000  0.0000
132  44 -0.5450  0.0000  0.0000
140  44 -0.9607  0.0000  0.0000
148  44 -0.2898 -0.5000  9.3279
156  44 -0.0193  0.0119 13.1501
164  44  0.0261  0.0982 13.2301
172  44  0.0145  0.1479 11.1171
180  44  0.0599  0.1860  9.7029
188  44  0.1356  0.1228 12.4823
196  44  0.0445  0.0300 12.7938
204  44  0.1370  0.0124 10.2274
212  44  0.0000  0.0514  8.6326
220  44  0.0064 -0.0069 10.2546
228  44  0.0300  0.0000 12.7205
236  44  0.0635 -0.0726 13.6835
244  44  0.0088 -0.0179 12.5766
252  44  0.1330  0.0000 15.5414
260  44  0.1841  0.0418 12.3683
268  44  0.1063  0.0000  6.9728
276  44  0.1525  0.0000 11.0903
284  44  0.0656  0.0326 15.2216
292  44 -0.1044  0.0000  9.7047
  4  52  0.0674 -0.0768 11.6495
 12  52 -0.2253 -0.0528  8.1649
 20  52  0.2037 -0.1453  7.1434
 28  52  0.0244  0.0000  6.8970
 36  52 -0.2166  0.1179  7.0951
 44  52 -0.1678  0.0000  0.0000
 52  52 -0.3194  0.0000  0.0000
 60  52 -0.6833  0.0000 11.1304
 68  52 -0.5000 -0.1180  9.2850
 76  52  4.5000 -0.5000  4.0635
 84  52  2.7160  0.0000 11.1304
 92  52  1.1860  0.0000 12.0455
100  52  0.5703  0.0000 11.1304
108  52  1.0116  0.0000  0.0000
116  52  2.5000  0.0000  8.8276
124  52  1.1628  0.0000  0.0000
132  52  0.3679  0.0000  0.0000
140  52 -0.1617  0.0000  0.0000
148  52 -0.5000  0.4300  5.4468
156  52 -0.0220  0.0805 11.3651
164  52  0.0139  0.2359 24.8270
172  52  0.0533  0.0972 14.2121
180  52  0.1924  0.0328 25.7065
188  52  0.0869  0.0121 15.3673
196  52  0.0583  0.0035 13.4430
204  52  0.2120  0.0000  8.4253
212  52  0.0720  0.0000  0.0000
220  52 -0.0374  0.0000 11.1304
228  52 -0.0264  0.0000 11.1304
236  52 -0.1210  0.0000 13.1736
244  52  0.1353  0.0199  8.9863
252  52  0.1288  0.2687  8.4477
260  52 -0.0779  0.0000 10.6057
268  52 -0.1267 -0.0078  8.8356
276  52  0.0000 -0.2055  9.2946
284  52  0.0000 -0.1244 13.6195
292  52  0.0575 -0.0170 12.6764
  4  60  2.2075  0.0000  0.0000
 12  60  1.8656  0.0000  0.0000
 20  60  0.8478  0.0000  0.0000
 28  60  0.0000 -0.5000 11.1304
 36  60 -0.4043  0.4043  8.0000
 44  60 -0.5000  0.0000  8.8276
 52  60  0.1146  0.0000  0.0000
 60  60  0.0495  0.0000  0.0000
 68  60 -0.2222  0.0000  0.0000
 76  60 -0.4758  0.0000  0.0000
 84  60 -0.0437  0.0000  0.0000
 92  60  0.1644 -3.3619  8.6248
100  60  0.0000 -0.5000  8.8276
108  60 -0.0255  0.0000  0.0000
116  60 -0.0995  0.0000  0.0000
124  60 -0.0648  0.0000  0.0000
132  60  0.0382  0.0000  0.0000
140  60 -0.0131  0.0000 17.0667
148  60  0.0388  0.0538  6.8520
156  60 -0.0201  0.0680 23.6632
164  60  0.0209  0.2630 26.5780
172  60  0.0142  0.2033 10.0177
180  60 -0.0301  0.1923 10.0218
188  60  0.0186  0.1880 28.6531
196  60  0.0491  0.0268 11.0741
204  60  0.0103  0.1854 12.6819
212  60  0.3687  0.0000 13.6955
220  60  0.0000  0.0855 10.6035
228  60 -0.2019 -0.0975  9.6976
236  60  0.3188  0.0000  6.8970
244  60  0.1948  0.0000 10.8982
252  60 -0.0088  0.0179 12.5767
260  60 -0.0735  0.2293 11.9633
268  60  0.1287  0.0287 10.9495
276  60  0.3326  0.0000 11.0903
284  60  0.0773  0.0000 15.2515
292  60 -0.0583  0.0000 14.2815
  4  68 -0.5000  0.0000  8.8276
 12  68  0.0765  0.0000  0.0000
 20  68  0.1045  0.0000 11.1304
 28  68 -0.0687  0.0000 11.1304
 36  68 -0.1968  0.0000  0.0000
 44  68 -0.2555  0.0000 11.1304
 52  68 -0.1145  0.0000  0.0000
 60  68 -0.0028  0.0000  0.0000
 68  68 -0.0498  0.0000  0.0000
 76  68  0.4326 -0.0353  5.4468
 84  68  0.4010  0.3865  9.2602
 92  68 -0.0862  0.0172 10.8570
100  68  0.2249 -0.0669 10.2976
108  68  0.0562  0.0000 17.0667
116  68  0.1070  0.0000  0.0000
124  68  0.2813  0.0000 11.1304
132  68  0.5686  0.0000  0.0000
140  68  1.0000  0.0640 12.3173
148  68 -0.0678  0.0558  5.6466
156  68 -0.0071  0.1012  5.6693
164  68  0.0131  0.0283  5.7587
172  68 -0.0068  0.0394  5.6591
180  68 -0.0383  0.0459  5.5693
188  68  0.0673 -0.0213  5.8789
196  68  0.0203  0.0479  5.5442
204  68  0.5000  0.2514 12.1715
212  68  0.0000  0.1960 11.1304
220  68  0.3127  0.1061  9.8739
228  68 -0.5000  0.0391  9.3822
236  68  0.7735  0.0000  0.0000
244  68  0.2076  0.0000  0.0000
252  68 -0.0505  0.0000  0.0000
260  68 -0.1858  2.4207 10.3584
268  68 -0.1810 -0.0760 10.6433
276  68  0.2058 -0.0231 12.5203
284  68  0.2628  0.0200  7.9404
292  68 -0.1334 -0.2839  9.4594
  4  76  0.9464  0.0000  0.0000
 12  76  0.0000  2.5000  8.8276
 20  76 -0.4046  0.0000  0.0000
 28  76  0.1022  0.0000  0.0000
 36  76  0.0262  0.0000  0.0000
 44  76  0.0766  0.0000 16.1088
 52  76  0.2583  0.0000 10.4065
 60  76  0.4584  0.0000 11.1304
 68  76  0.4269  0.0000 20.7059
 76  76 -0.3410 -0.4571  7.3460
 84  76 -1.3070  0.0337 12.4709
 92  76 -0.1927 -0.0788 17.1842
100  76  0.7207  0.0000  8.0000
108  76  0.0000  0.5000  7.3143
116  76  0.2166 -0.1179  7.0951
124  76  0.0698  0.2911 10.5124
132  76 -0.2568 -0.0627  8.5469
140  76 -0.3632  0.0000 12.0628
148  76  0.1138 -0.1378 11.4627
156  76  0.0000 -0.0855 10.6035
164  76  2.5000 -0.0265 11.4627
172  76  0.2743  0.0236 10.8782
180  76  0.0349  0.4547  8.1613
188  76  0.1313  0.0812 16.9211
196  76  0.4997  0.0000 17.0667
204  76  1.5000  0.2976  9.2086
212  76  0.7711  0.0000 13.7892
220  76  0.3308 -0.1127 11.8471
228  76  2.5000 -0.3577 12.8000
236  76  1.1021  0.0000  0.0000
244  76  0.0219  0.0000  0.0000
252  76 -0.1171  0.0000  0.0000
260  76 -0.0609  0.0000 11.1304
268  76  0.0000 -0.5000  8.8276
276  76  0.1796  0.0000  0.0000
284  76  0.3829  0.0000 16.1088
292  76  0.2780  0.1270 13.3759
  4  84  0.0190  0.0000  0.0000
 12  84 -0.0744  0.0000  0.0000
 20  84  1.2241  0.0000  0.0000
 28  84  2.5000  0.0000  8.8276
 36  84  0.2875 -0.1417 10.3838
 44  84  0.0000 -0.5000  8.8276
 52  84 -0.1843 -0.2505 14.1176
 60  84  0.2593 -0.0128 10.5572
 68  84 -0.4072 -0.0059  8.4818
 76  84  0.0609  0.3614  6.9644
 84  84 -0.1964  0.4924  7.9156
 92  84  2.8274  0.3035  7.6077
100  84  0.0978 -0.0707 15.7377
108  84 -0.3041  0.0000  0.0000
116  84 -0.0522  0.0000  0.0000
124  84 -0.0578  0.4337  9.0220
132  84  0.4337  0.0578  8.8276
140  84  0.3890  0.0000  0.0000
148  84  0.1556  0.0000 12.2969
156  84  0.0000  2.5000  8.9154
164  84  0.3732  0.3694 10.3318
172  84  0.1050  2.5000  6.8903
180  84 -0.2651  0.0000  0.0000
188  84 -0.0641  0.0000  0.0000
196  84  0.1076  0.1327 17.6194
204  84  0.1834 -0.0484 13.7039
212  84  0.7012  0.0000  0.0000
220  84  1.5000  0.5000  5.4468
228  84  0.7137  0.0000  0.0000
236  84  0.7255  0.0000 11.1304
244  84  1.5388  0.0000  0.0000
252  84  1.9130  0.0000  0.0000
260  84  0.4558  0.0000  0.0000
268  84 -0.5000  0.0000  8.8276
276  84 -0.1788  0.0000 11.1304
284  84  0.4903  0.0000 11.1304
292  84  0.4493  0.0000 16.1088
  4  92  0.1797  0.0000  0.0000
 12  92  1.9296  0.0000  0.0000
 20  92  2.3416  0.0000 16.1088
 28  92 -0.3401  1.3077 13.0572
 36  92 -0.4286  0.0000 11.1304
 44  92  0.2136 -0.2159 14.8252
 52  92 -0.2088  0.3873  8.0987
 60  92  0.3013  0.7165  6.6350
 68  92  0.1175  0.0496  8.3092
 76  92 -0.1362  0.0572  8.2238
 84  92  0.7107  0.0000 17.7968
 92  92 -0.1928  0.1025  9.9658
100  92  0.2697 -0.2829  7.8528
108  92 -0.2625 -0.5000  7.9575
116  92 -0.0557  0.0000 19.4783
124  92  0.0792  0.0000 11.1304
132  92 -0.1827  0.0000 11.1304
140  92 -0.0436  0.0000 16.1088
148  92  0.1637 -0.1079 11.9070
156  92  0.0000 -0.5000  8.8276
164  92  0.5728  0.0000 11.1304
172  92  1.2669  0.0000  0.0000
180  92  1.2356  0.0000  0.0000
188  92  0.5395  0.0000  0.0000
196  92 -0.1921  0.0000  0.0000
204  92  0.1622  0.0000  0.0000
212  92  1.0029  0.0000  0.0000
220  92  1.5000  0.0448  8.9013
228  92 -0.1113  1.6014 11.9803
236  92  4.5000  4.5000  4.0635
244  92  3.4007  0.0000  0.0000
252  92  0.8421  0.0000 11.1304
260  92  0.0208  0.0000  0.0000
268  92  0.7667  0.0000 11.1304
276  92  1.2509  0.0000 11.1304
284  92  0.6844  0.0000  0.0000
292  92 -0.1533  1.5000  8.0910
  4 100 -0.5000  0.0000  8.8276
 12 100  2.5000 -0.0391  9.3822
 20 100 -0.5000  0.0000  8.8276
 28 100 -0.3572  0.2520 11.1988
 36 100 -0.0127 -0.0197 13.3227
 44 100  0.0976  0.5000  6.0889
 52 100  0.5000  0.0000  8.4768
 60 100  0.0000  2.5000 12.0628
 68 100  0.0000  0.1500  7.8528
 76 100  0.0000  1.7251  8.5018
 84 100 -0.0969  0.0000  0.0000
 92 100  0.3708  0.0000  0.0000
100 100  0.8153  0.0000  0.0000
108 100  0.0000  2.5000  8.8276
116 100  0.3564  0.0000  0.0000
124 100 -0.1960  2.5000 11.1304
132 100  0.2068  0.0000  0.0000
140 100  0.8903  0.0000 11.1304
148 100  1.3070  0.0337 12.4709
156 100  1.2944  0.0000  0.0000
164 100  3.5421  0.0000  0.0000
172 100  2.9714  0.0000  0.0000
180 100  0.9443  0.0000 11.1304
188 100 -0.1841 -0.0418 12.3683
196 100  1.0356  0.0000 17.0667
204 100  2.5000  0.0000  8.8276
212 100  0.9844  0.0000  0.0000
220 100  0.1802  0.0000  0.0000
228 100 -0.0942  0.0000 11.1304
236 100  1.2095  0.0000  0.0000
244 100  0.5323  0.0000 11.1304
252 100  0.0000 -0.5000  8.8276
260 100 -0.3700  0.0000 11.1304
268 100  0.2146  0.0000  0.0000
276 100  1.2433  0.0000  0.0000
284 100  2.5000  0.0000  8.8276
292 100  2.5000  0.0000  8.8276
  4 108  0.1110 -1.0949  9.1178
 12 108 -0.1142 -0.1142 10.6035
 20 108  0.1841 -0.0418 12.3683
 28 108  0.1798 -1.0000  6.7923
 36 108 -4.1707  2.5981 12.3527
 44 108 -0.0948 -0.1368  6.8887
 52 108 -0.0308 -0.1563  9.5560
 60 108  0.2416  0.0000 11.1304
 68 108  0.7606  0.0000  0.0000
 76 108  1.2152  0.0000  0.0000
 84 108  1.6260  0.0000  0.0000
 92 108  2.6497  0.0000 11.1304
100 108  2.3379  0.0000 11.1304
108 108  0.5977  0.0000 11.1304
116 108 -0.5000 -0.5000  4.0635
124 108  0.0000 -0.5000  8.8276
132 108  0.0418 -0.1521 12.6567
140 108 -0.5000  0.0000  8.8276
148 108  0.0000  2.5000  8.8276
156 108 -0.3127  0.1061  9.8739
164 108  0.1998 -0.0722  9.9177
172 108  1.2320  0.8751  8.1046
180 108  0.6620  0.0000  0.0000
188 108  0.0000  2.5000  8.8276
196 108 -0.1809  0.0000 11.1304
204 108  0.3954  0.0000  0.0000
212 108  1.2793  0.0000  0.0000
220 108  2.0463  0.0000  0.0000
228 108  0.8257  0.0000  0.0000
236 108  0.3994  0.0000  0.0000
244 108  0.9949  0.0000  0.0000
252 108  0.7916  0.0000 16.1088
260 108 -1.0887  0.0000 17.0667
268 108 -0.2999  0.0000  0.0000
276 108 -0.2038  0.0000  0.0000
284 108  0.0832 -0.3131  9.8462
292 108  0.5857  0.0000  0.0000
  4 116  0.9994  0.0000 11.9011
 12 116  1.2515  0.0000 16.1088
 20 116  1.7930  0.0000  0.0000
 28 116  1.7427 -0.2084  5.1276
 36 116  0.1735  0.0693 12.0787
 44 116 -0.2457  0.2289  7.8664
 52 116  0.1810 -0.0760 10.6433
 60 116 -0.0207  0.2458 10.1455
 68 116 -0.2933  1.3575  8.9269
 76 116 -0.2780 -0.1270 13.3759
 84 116  0.0253  0.0000 11.1304
 92 116  0.1841 -0.0418 12.3683
100 116  0.0000 -0.5000  8.8276
108 116 -0.3820  0.0000  0.0000
116 116  2.5000  0.0000  8.8276
124 116 -0.5000  0.0000  8.8276
132 116 -0.5879  0.0000 16.1088
140 116 -0.5000  0.0000  8.8276
148 116  1.3070  0.0337 12.4709
156 116  0.8223  0.0000  0.0000
164 116  0.2959 -1.8952  7.1776
172 116  1.7417  0.1830  6.7815
180 116  2.3047  0.0000  0.0000
188 116  2.2504  0.0000 11.1304
196 116  0.1379  0.0000  0.0000
204 116 -0.4137  0.0000  0.0000
212 116 -0.1084  0.0000  0.0000
220 116  0.4593  0.0000  0.0000
228 116  0.8045  0.0000  0.0000
236 116  0.4967  0.0000  0.0000
244 116  0.5662  0.0000  0.0000
252 116 -0.5000  0.0000  8.8276
260 116 -0.3674  0.0000 11.1304
268 116  0.0000  0.1063  6.9728
276 116  0.1156 -0.0836  8.6292
284 116  2.5000 -0.0265 11.4627
292 116  1.5412  0.0000  0.0000
  4 124  1.3070  0.0337 12.4709
 12 124  1.3285  0.0000  0.0000
 20 124  1.3822  0.0000  0.0000
 28 124 -0.1213 -0.0822 10.2155
 36 124 -1.6088  0.0000 11.9011
 44 124 -0.0287  0.3978  8.5434
 52 124 -0.5000  0.0448  8.9013
 60 124  0.1474 -6.5000  9.7215
 68 124  0.3771  0.0000 11.9268
 76 124 -0.2907  0.0403 10.5761
 84 124  0.2667  0.0000  7.3143
 92 124 -0.4298  0.0000 11.1304
100 124 -0.4043  0.4043  8.0000
108 124  2.3677 -0.1145 12.8207
116 124  4.5000  0.1174 13.8795
124 124 -0.5000  0.0255  9.7158
132 124 -0.8665  0.0000  5.4468
140 124 -0.2840  0.0000  9.0964
148 124  0.4613  0.0000 11.1304
156 124  1.0000  0.0000  9.2850
164 124  0.1960  0.0000 11.1304
172 124  1.1838 -0.5000  7.5779
180 124  0.5617  0.0000 11.1304
188 124  0.1568  0.0000  0.0000
196 124 -0.5000  0.0000  8.8276
204 124  0.0736  0.0000 11.1304
212 124  1.3304  0.0000  0.0000
220 124  0.7386  0.0000  0.0000
228 124  0.0000  0.1960 11.1304
236 124  1.4776  0.0000 11.1304
244 124  2.5000 -0.5000  4.0635
252 124 -0.5000 -0.5000  4.0635
260 124 -2.4082  0.0000  0.0000
268 124  0.0000 -0.5000  8.8276
276 124 -0.1151  0.1151 16.5161
284 124  1.0995  0.0000  0.0000
292 124  0.6858  0.0000  0.0000
  4 132 -0.5000  1.2050  7.3680
 12 132  0.3127  0.1061  9.8739
 20 132 -0.5000  0.0000  8.8276
 28 132  0.0000 -2.0000 11.1304
 36 132  2.5000  0.0000  8.8276
 44 132 -0.0535  1.1726  7.8528
 52 132 -1.2461  0.0000  0.0000
 60 132 -0.7305  0.0000 11.1304
 68 132 -0.2106  0.0000  0.0000
 76 132  0.3188  0.0000  0.0000
 84 132  0.8909  0.0000  0.0000
 92 132  1.0735  0.0000  0.0000
100 132  1.8742  0.0000  0.0000
108 132  2.0322  0.0000 16.1088
116 132  1.5951  0.0000  0.0000
124 132  0.0913 -0.2044 18.7317
132 132  0.0000 -0.1960 11.1304
140 132  0.4043  0.4043  8.0000
148 132  0.1866  0.0000  0.0000
156 132  0.0703  0.0000 11.1304
164 132  1.0467  0.0000  1.0000
172 132  1.5835  0.0000  0.0000
180 132  0.0000 -0.3120 13.1657
188 132 -1.9280  0.0000  0.0000
196 132  0.1620  0.0000  0.0000
204 132  1.6475  0.0000  0.0000
212 132  3.3269  0.0000  0.0000
220 132  1.6249  0.0000  0.0000
228 132  0.0000  2.5000  8.8276
236 132 -0.5340  0.0000 11.1304
244 132 -2.3677 -0.1145 12.8207
252 132  0.0000  2.5000  8.8276
260 132  0.7927  0.0000  0.0000
268 132 -0.5865  0.0000  0.0000
276 132 -0.8853  0.0000  0.0000
284 132  0.0000  2.5000  8.8276
292 132  0.0064  0.0000  0.0000
  4 140  0.0579 -0.2001 13.7634
 12 140  0.7367  0.0000  0.0000
 20 140  1.5000  0.0000  8.2581
 28 140  2.2787  0.0000  0.0000
 36 140  2.9749  0.0000  0.0000
 44 140  2.5000  0.0000  8.8276
 52 140 -1.5000 -0.3694  7.6715
 60 140 -0.9709  0.0000  0.0000
 68 140 -0.0417 -0.1134  7.3143
 76 140 -0.1279  0.1718 12.6608
 84 140 -0.0134  0.0000 11.1304
 92 140  0.5000  0.0000 11.1304
100 140  0.7418  0.0000  0.0000
108 140 -0.0495  0.0000 11.1304
116 140 -1.2870  0.0000  0.0000
124 140 -0.1180  2.5000  9.2850
132 140  2.3007  0.0000  0.0000
140 140  5.1588  3.5000  4.9421
148 140  1.0311  0.0000  0.0000
156 140 -2.5000  0.0000 11.1304
164 140  0.0000 -0.5000  8.8276
172 140 -0.5000  0.0825 10.4642
180 140 -0.1556  0.0000 12.2969
188 140 -0.2910  0.0000  0.0000
196 140 -0.7853  0.0000  0.0000
204 140 -0.9548  0.0000  0.0000
212 140 -0.5000  4.5000  4.0635
220 140 -0.1449  0.0000 16.1088
228 140 -0.5000  0.0000  8.8276
236 140  0.3164  0.0000  0.0000
244 140  0.9717  0.0000  0.0000
252 140  1.5445  0.0000  0.0000
260 140  2.5000  0.0000  8.8276
268 140  1.7599  0.0000  0.0000
276 140 -0.4939  0.0000  0.0000
284 140 -0.6489  0.0000  0.0000
292 140 -0.1068  0.3135 15.1963
  4 148 -0.1882  0.0000 11.1304
 12 148 -0.1180  2.5000  9.2850
 20 148  0.1448  0.0000  0.0000
 28 148  0.2577  0.0000  0.0000
 36 148 -0.0737  0.0000  0.0000
 44 148 -0.7098  0.0000  0.0000
 52 148 -0.5000  0.0000  8.8276
 60 148 -0.0775 -2.8282  5.6999
 68 148  1.5921  0.0000 18.9370
 76 148 -0.1542 -0.3340  7.9211
 84 148  0.0666 -3.4179 10.9194
 92 148  0.3480  0.0000  0.0000
100 148  0.0538  0.0000 11.1304
108 148  0.3692  0.0000 16.1088
116 148  0.0000  2.5000  8.8276
124 148 -0.2378  0.0000  0.0000
132 148 -0.7531  0.0000  0.0000
140 148 -0.2318  0.0000  0.0000
148 148  0.7461  0.0000  0.0000
156 148  0.1453  0.0000  0.0000
164 148  0.3732  0.3694 10.3318
172 148  0.3142  0.0000  0.0000
180 148  0.0000 -0.5000  8.8276
188 148  0.8791  0.0000 16.1088
196 148  0.8345  0.0000 11.1304
204 148  0.0000 -0.5000  8.8276
212 148 -0.3414 -5.1203  5.4468
220 148 -0.4062  0.0000  0.0000
228 148 -0.3933  0.0000  0.0000
236 148 -0.2169  0.0000  0.0000
244 148 -0.0356  0.0000  0.0000
252 148  0.0621  0.0000  0.0000
260 148  0.0922  0.0000 11.1304
268 148  0.0000 -0.5000  8.8276
276 148 -0.9040  0.0000  0.0000
284 148 -0.7715  0.0000  0.0000
292 148 -0.0944  0.0000  0.0000
  4 156 -0.5443  0.0000  9.1680
 12 156 -0.5000  0.2761  7.2391
 20 156 -0.1897  0.0000  0.0000
 28 156  0.0000  2.5000  8.8276
 36 156  1.9585  0.6543  5.4468
 44 156  4.5000 -0.2391  8.2581
 52 156  1.5461  0.0000 11.1304
 60 156 -0.5000  0.1802  7.4779
 68 156 -0.0508  0.4247  8.6872
 76 156  1.8253  0.0931 13.0169
 84 156  0.1936  2.5000 10.4490
 92 156  0.0000  2.5000  8.8276
100 156  0.1151  0.1151 16.5161
108 156 -0.1737  0.0000  0.0000
116 156  0.1063  0.0000  6.9728
124 156  0.3280  0.0000  0.0000
132 156  0.2369  0.0000  0.0000
140 156 -0.0019  0.0000  0.0000
148 156 -0.6114  0.0000  0.0000
156 156 -0.5312  0.0000  0.0000
164 156 -0.1825 -0.2174 12.5315
172 156  0.0053  0.0000  0.0000
180 156  0.0751  0.0000  0.0000
188 156  0.5000  0.0000 11.1304
196 156  1.1532  0.0000  0.0000
204 156  0.3584  0.0000 11.1304
212 156 -0.3226 -0.3010 12.4568
220 156 -0.1063  0.0000  6.9728
228 156 -0.1966  0.0000  0.0000
236 156  0.0000  5.0000 11.1304
244 156 -0.1960  2.5000 11.1304
252 156 -0.2631  0.0000  0.0000
260 156 -0.0582  0.0000  0.0000
268 156 -0.5000  0.0000  8.8276
276 156 -0.2416  0.0000  0.0000
284 156 -0.6138  0.0000  0.0000
292 156 -0.1850  0.0000  0.0000
  4 164 -0.0832 -0.3131  9.8462
 12 164 -0.5377  0.0000  0.0000
 20 164 -1.1332  0.2391  8.2581
 28 164 -0.5016  0.0000  0.0000
 36 164 -0.3121  0.0000  6.1440
 44 164 -0.2611 -0.1783  7.6338
 52 164  0.1887  0.0000  0.0000
 60 164  0.6461  0.0000 17.2183
 68 164  0.8521  0.0000  0.0000
 76 164 -0.5000  0.0000  8.8276
 84 164 -0.3323  0.0000  0.0000
 92 164  0.0000 -0.5000  8.8276
100 164  0.4100 -0.3815  5.2245
108 164  0.1960  0.0000 11.1304
116 164  1.1309  0.0000  0.0000
124 164  2.7902  0.0000 11.1304
132 164  3.2881  0.0000  0.0000
140 164  2.5000  0.0000 11.1304
148 164  0.9949  0.0000  0.0000
156 164  0.1495  0.0000  0.0000
164 164 -0.0698  0.2911 10.5124
172 164 -0.1188  0.0000  0.0000
180 164 -0.1434  3.5000  8.3934
188 164 -0.4640  0.0000 16.1088
196 164 -0.7858  0.0000  0.0000
204 164 -0.1463  0.0000  0.0000
212 164 -0.0986  2.5000 10.3144
220 164  0.1063  0.0000  6.9728
228 164 -0.1875  0.0000  0.0000
236 164 -0.6295  0.0000  0.0000
244 164 -2.6290 -1.4125  5.4468
252 164 -0.6813  0.0000  0.0000
260 164  0.0149  0.0000  0.0000
268 164  0.0532  0.0000  0.0000
276 164  0.2596  0.0000  0.0000
284 164  0.9705  0.0000  0.0000
292 164  2.5000  0.0000  8.8276
  4 172  1.1954  0.0000  0.0000
 12 172  0.8998  0.0000  0.0000
 20 172  1.3346  0.0000  0.0000
 28 172  1.8341  0.0000  0.0000
 36 172  0.1825 -0.2174 12.5315
 44 172  1.8337  0.0000 16.1088
 52 172  4.5000  4.5000  4.0635
 60 172  4.6152  0.0000  0.0000
 68 172  2.7076  0.0000  0.0000
 76 172  0.8829  0.0000  0.0000
 84 172 -0.0657  0.0000 11.1304
 92 172 -0.1960  0.0000 11.1304
100 172 -0.0290  0.0000  0.0000
108 172  0.1562 -0.2821  7.0932
116 172 -0.0582  0.0000  0.0000
124 172  0.0000 -0.5000  8.8276
132 172  1.3700  0.0000  0.0000
140 172  2.5000  0.0000 11.1304
148 172 -2.5000  0.0000 11.1304
156 172 -0.7661  0.0000 12.0628
164 172  0.0585  0.2413 13.6170
172 172 -4.6556 -3.4242  7.5417
180 172  0.0000 -0.1063  6.9728
188 172  0.6286  0.0000 11.1304
196 172  0.3332  0.0000 11.1304
204 172 -0.1018  0.1203  5.4468
212 172 -0.3468 -1.0000 10.2045
220 172  1.0140  0.0000  0.0000
228 172  1.0258  0.0000  0.0000
236 172  1.2534  0.0000  0.0000
244 172  2.2217  0.0000  0.0000
252 172  4.5000  4.5000  4.0635
260 172  2.8647  0.0000  0.0000
268 172  3.2406  0.0000  0.0000
276 172  5.0755  0.0000  0.0000
284 172  4.4016  0.0000  0.0000
292 172  2.1431  0.0000  0.0000
  4 180  0.1415 -0.2888  9.4630
 12 180 -0.6860  0.0000 11.1304
 20 180 -0.4456  0.0000  0.0000
 28 180 -0.0202  0.0000  0.0000
 36 180  0.3321  0.0000 16.1088
 44 180  0.4349  0.0000  0.0000
 52 180  0.5515  0.0000  0.0000
 60 180  0.9173  0.0000  0.0000
 68 180  0.8668  0.0000  0.0000
 76 180 -1.0316  0.0000  0.0000
 84 180  0.0000  2.5000  8.8276
 92 180 -0.1174  0.0944 13.2161
100 180 -2.0825  0.0000  0.0000
108 180  0.1056  1.5746 10.0855
116 180  0.6111  0.0000  0.0000
124 180  0.5071  0.0000  0.0000
132 180  0.1066  0.0000 11.1304
140 180 -0.3306  0.0000  0.0000
148 180  0.1083 -3.1702  5.8182
156 180  0.2292 -0.5000  6.8449
164 180  0.3145  1.6511  7.8160
172 180  0.0944  0.1174 13.2161
180 180  1.4323  0.0000  0.0000
188 180  2.4554  0.0000  0.0000
196 180  3.2706  0.0000  0.0000
204 180  4.6400  0.0000  0.0000
212 180  3.3984  0.0000  0.0000
220 180  1.6503  0.0000 16.1088
228 180  0.0415  0.0000  0.0000
236 180 -1.2054  0.0000  0.0000
244 180 -0.4610  0.0000  0.0000
252 180  0.1234  0.0000  0.0000
260 180  0.6312  0.0000  0.0000
268 180  0.9894  0.0000  0.0000
276 180  1.0698  0.0000  0.0000
284 180  0.5000  0.0000  8.4768
292 180 -0.4684  0.0000 11.1304
  4 188 -0.3450  0.3302  9.1083
 12 188 -0.1264  0.0000  0.0000
 20 188 -0.3863  0.0000  5.4468
 28 188 -1.0260  0.0000 12.0455
 36 188 -0.2515  0.0000  0.0000
 44 188  0.2013  0.0000  0.0000
 52 188  0.6567  0.0000  0.0000
 60 188  0.6248  0.0000  0.0000
 68 188 -0.1507  0.0000  0.0000
 76 188 -0.1150  0.0000  0.0000
 84 188  0.0000 -0.5000  8.8276
 92 188 -0.2625  0.0765  9.0353
100 188  0.1735  0.1195  8.5060
108 188 -1.1853  0.0254  7.9710
116 188  1.5000  2.5000  7.4357
124 188  2.4351  0.0000 11.1304
132 188  3.2352  0.0000  0.0000
140 188  2.0281  0.0000  0.0000
148 188  1.2066  0.0000  0.0000
156 188  0.2965  0.2632 10.8887
164 188 -1.6893  1.5000  6.9189
172 188 -0.0443  3.5000 13.5432
180 188  0.3607  0.0000  0.0000
188 188  0.9613  0.0000  0.0000
196 188  1.6722  0.0000  0.0000
204 188  2.3314  0.0000  0.0000
212 188  2.5000  0.0000  8.8276
220 188 -0.5000  4.5000  4.0635
228 188  1.6216  0.0000  0.0000
236 188  0.1558  0.0000  0.0000
244 188 -0.4875  0.0000  0.0000
252 188 -0.7205  0.0000  0.0000
260 188 -0.5173  0.0000  0.0000
268 188 -0.1960 -0.5000 11.1304
276 188  0.9840  0.0000  0.0000
284 188  1.5000  0.0000  8.2581
292 188 -0.1998  0.0000  0.0000
  4 196 -0.1960  0.0000 11.1304
 12 196 -0.3732  0.3694 10.3318
 20 196  0.3732  0.3694 10.3318
 28 196  0.0924  0.0000 11.1304
 36 196 -0.6676  0.0000  0.0000
 44 196  0.5337  0.0000  0.0000
 52 196  1.1623  0.0000  0.0000
 60 196  1.2135  0.0000  0.0000
 68 196  0.5247  0.0000  0.0000
 76 196  0.5600  0.0000 16.1088
 84 196  0.4641  0.0000 16.1088
 92 196  0.1458  0.1116  9.2005
100 196  0.2387 -3.3685  7.9167
108 196  0.2543  0.2870  6.9574
116 196  0.9658  0.0000  0.0000
124 196  1.7592  0.0000  0.0000
132 196  2.3706  0.0000  0.0000
140 196  2.5000  0.0000  0.0000
148 196  2.0838  0.0000 11.1304
156 196  5.2917  0.0000  5.4468
164 196  0.2148 -3.0399  7.7601
172 196 -0.5000 -5.0391  9.3822
180 196 -0.3926  0.0000  0.0000
188 196 -0.3554  0.0000  0.0000
196 196  0.1490  0.0000  0.0000
204 196  1.4301  0.0000 11.1304
212 196  2.5000  0.0000  8.8276
220 196 -0.5000  0.0000  8.8276
228 196  0.3669  0.0000  0.0000
236 196 -0.1095  0.0000  0.0000
244 196  0.1755  0.0000  0.0000
252 196 -0.0384  0.0000  0.0000
260 196 -0.3408  0.0000  0.0000
268 196  0.0918  0.0000  0.0000
276 196  0.2501  0.0000  0.0000
284 196 -0.5000  4.5000  4.0635
292 196 -0.5861  0.0000  8.0000
  4 204 -0.1476  0.0000 11.1304
 12 204  0.1565  0.0000  0.0000
 20 204  0.2917  0.0000 11.1304
 28 204  0.3307  0.0000 11.1304
 36 204  0.4321  0.0000  0.0000
 44 204  0.9413  0.0000  0.0000
 52 204  1.5169  0.0000  0.0000
 60 204  1.7617  0.0000  0.0000
 68 204  1.1764  0.0000  0.0000
 76 204 -0.5000  0.0000 11.1304
 84 204  0.0000  2.5000  8.8276
 92 204 -0.2370  1.5000 12.7421
100 204 -0.1843  2.5791  7.2789
108 204  0.1313  0.0812 16.9211
116 204 -0.3058  0.0000  0.0000
124 204 -0.0170  0.0000  0.0000
132 204  0.7057  0.0000  0.0000
140 204  2.1165  0.0000  0.0000
148 204  2.1898  0.0000  0.0000
156 204  2.5000  0.0000  8.8276
164 204  0.1867  2.5000  6.4178
172 204  0.1151 -0.1151 16.5161
180 204 -0.1524  0.0000  0.0000
188 204 -0.2685  0.0000  0.0000
196 204 -0.0613  0.0000  0.0000
204 204  0.0000 -0.5000  8.8276
212 204 -0.7639  0.0000 16.1088
220 204 -0.5865  0.0000  0.0000
228 204 -0.5000  0.0000  8.8276
236 204 -0.1398  0.0000  0.0000
244 204  0.0973  0.0000  0.0000
252 204  0.2224  0.0000  0.0000
260 204  0.4043  0.0000  0.0000
268 204  0.8080  0.0000  0.0000
276 204  1.2844  0.0000  0.0000
284 204  1.5561  0.0000  0.0000
292 204  1.3099  0.0836 13.7096
  4 212 -0.0548  0.0000 10.1947
 12 212 -0.3972  0.0000  0.0000
 20 212 -0.3497  0.0000 11.1304
 28 212 -0.1535  0.0000  0.0000
 36 212 -0.0524  0.0000  0.0000
 44 212 -0.5000  4.5000  4.0635
 52 212 -0.1288  0.0000  0.0000
 60 212 -0.5000  0.0000  8.8276
 68 212  1.0757  0.0000 11.1304
 76 212  2.5000  0.0391  9.3822
 84 212  0.0516 -0.0096  9.8668
 92 212 -0.0099 -0.0493 15.0469
100 212 -0.0568 -0.3064  9.4208
108 212 -0.2953  0.0000  0.0000
116 212 -0.3102  0.0000  0.0000
124 212 -0.1968  0.0000  0.0000
132 212 -0.2081  0.0000  0.0000
140 212 -0.6243  0.0000  0.0000
148 212  1.0207  0.0000  0.0000
156 212  0.1063  0.0000  6.9728
164 212 -0.0288  0.0000 11.1304
172 212 -0.0324  0.0000 12.0455
180 212  0.0098  0.0000 11.1304
188 212  0.1623  0.0000  0.0000
196 212  0.4991  0.0000  0.0000
204 212  0.9528  0.0000  0.0000
212 212  1.2476  0.0000  0.0000
220 212  1.1147  0.0000  0.0000
228 212  0.4271  0.0000  0.0000
236 212  0.1258  0.2366 13.9760
244 212 -0.0575  0.0000  0.0000
252 212  0.2196  0.0000  0.0000
260 212  0.6723  0.0000  0.0000
268 212  1.0321  0.0000  0.0000
276 212  1.5000  0.0000  8.2581
284 212  0.0631  0.0000  0.0000
292 212 -0.4032 -0.5000  6.1440
  4 220  0.4551  0.0000 12.0628
 12 220 -0.0887  0.0000  0.0000
 20 220  0.3179  0.0000  0.0000
 28 220  0.5182  0.0000 11.1304
 36 220  0.0000  0.1174  9.1793
 44 220 -0.1193  0.0000 11.1304
 52 220 -0.1609  0.0000  0.0000
 60 220 -0.1986  0.0000 16.1088
 68 220 -0.3443  0.0000  0.0000
 76 220  3.5000  0.0000  4.0635
 84 220  0.0703 -0.2008  9.2572
 92 220  0.0587 -0.0415  9.6856
100 220 -0.1960  0.0000 11.1304
108 220 -0.3273  0.0000  0.0000
116 220 -0.2838  0.0000  0.0000
124 220  0.0000  5.1960 11.1304
132 220  0.6093  0.0000  0.0000
140 220  1.0609  0.0000  0.0000
148 220  1.0421  0.0000  0.0000
156 220  0.5466  0.0000  0.0000
164 220  0.0000  2.5000  8.8276
172 220 -0.1960  0.0000 11.1304
180 220  0.5132  0.0000  0.0000
188 220  1.5973  0.0000  0.0000
196 220  2.4302  0.0000  0.0000
204 220  2.2780  0.0000  0.0000
212 220  0.4328  0.0000  0.0000
220 220 -1.0578  0.0000  0.0000
228 220 -0.9232  0.0000  0.0000
236 220 -0.0418 -0.1521 12.6567
244 220  1.4435  0.0000  0.0000
252 220  2.5000  0.0000  8.8276
260 220  1.5037  0.0000  0.0000
268 220  0.5211  0.0000  0.0000
276 220  0.0116  0.0000  0.0000
284 220 -0.0926  0.0000  0.0000
292 220  0.0000  2.5000  8.8276
