VARIABLES= "X pix", "Y pix", "U pix/dt", "V pix/dt", "CHC", ZONE I=28, J=37
  4   4  0.0000  0.0000 10.6915
 12   4 -0.0010 -0.0048 10.7756
 20   4  0.0000  0.0127 11.0049
 28   4 -0.0023  0.0249 10.6601
 36   4  0.0019  0.0019 10.6148
 44   4  0.0000  0.0062 10.7058
 52   4  0.0000  0.0000 10.0321
 60   4  0.0000 -0.0886 10.4619
 68   4 -0.0452  0.0070 10.8928
 76   4 -0.0135  0.0349 11.4305
 84   4 -0.0033  0.0054 10.9113
 92   4  0.0038  0.1258 11.3260
100   4  0.0000  0.0000 10.9734
108   4  0.0000  0.0000 11.1718
116   4  0.0000 -0.0181 11.3868
124   4  0.0000  0.0000 11.0456
132   4  0.0000  0.0000 11.0456
140   4  0.0000  0.0000 11.2889
148   4  0.0417 -0.0111 12.3107
156   4  0.0000  0.0591 11.3518
164   4  0.0000  0.0029 11.0575
172   4  0.0000  0.0209 11.8613
180   4  0.0000  0.0000 11.2402
188   4  0.0010  0.0358 10.6743
196   4 -0.0077  0.0183 11.6493
204   4  0.0000  0.0000 10.9708
212   4  0.0340 -0.0245 11.5086
220   4 -0.0158  0.0089 11.4529
228   4  0.1083 -0.0218 10.9750
236   4  0.0000  0.0000  9.1429
244   4  0.0000  0.0000 10.3710
252   4  0.0000  0.0000  9.9568
260   4 -0.0155  0.0754 11.9580
268   4  0.0000  0.0000 10.3537
276   4  0.0000  0.0000 11.9769
284   4  0.0000  0.0757 14.0659
292   4  0.0192  0.0265 12.3902
  4  12 -0.0172  0.0592  7.7038
 12  12 -0.0441  0.0109  9.0413
 20  12 -0.0324 -0.0344  8.0813
 28  12 -0.0853  0.0540  6.9688
 36  12 -0.0092 -0.0837  8.6896
 44  12  0.0000 -0.1407  7.7939
 52  12 -0.0694  0.0803  8.8628
 60  12  0.0636  0.0354  7.3134
 68  12 -0.0238 -0.0157 10.3791
 76  12  0.0732 -0.0296 10.1129
 84  12  0.0115  0.1327  7.8199
 92  12 -0.0169 -0.0261  7.9883
100  12  0.0083  0.0756  8.4028
108  12  0.0000 -0.0050  8.8145
116  12  0.0000  0.0000  9.2416
124  12  0.0000  0.0508  8.9485
132  12  0.0391  0.0002  9.0184
140  12  0.0000  0.0000  9.1197
148  12 -0.0150  0.0159  8.6486
156  12  0.0000  0.0393  9.3684
164  12  0.0060  0.0067 11.0814
172  12 -0.0425 -0.0268 13.8454
180  12 -0.0088  0.0103 10.8449
188  12  0.0023  0.0560  9.6978
196  12  0.0000  0.0000  8.3307
204  12  0.0139  0.0057  8.6479
212  12  0.0008  0.0522 13.7670
220  12 -0.0271 -0.0066 11.2108
228  12 -0.0539  0.3262 10.3270
236  12  0.0000  0.0000  8.5829
244  12 -0.0201 -0.0423 12.8000
252  12 -0.0874  0.5340  9.3431
260  12  0.0219 -0.3695  9.7086
268  12 -0.0862 -0.4093 10.5721
276  12  0.0065 -0.2260 11.0208
284  12  0.0000  0.0000  8.9498
292  12 -0.0328 -0.0628  7.7430
  4  20 -0.0002 -0.0778 13.5169
 12  20  0.0257  0.0001 11.8597
 20  20 -0.0027  0.0039 11.3833
 28  20  0.0303 -0.0467 12.0761
 36  20  0.0000  0.0000 11.5844
 44  20  0.0000  0.0260 11.6846
 52  20 -0.0097 -0.0072 12.7712
 60  20  0.0287 -0.0045 14.4099
 68  20  0.0015 -0.0074 13.8055
 76  20  0.0090  0.0552 15.2379
 84  20  0.0202  0.0017 14.3163
 92  20 -0.0010  0.0008 13.0467
100  20  0.0040  0.0155  9.7130
108  20  0.0094 -0.0374  7.8955
116  20  0.0020  0.0234 12.5057
124  20  0.0017 -0.0120 12.2000
132  20  0.0000  0.0000 12.3071
140  20 -0.0133  0.0000 11.9692
148  20 -0.0105 -0.0004 12.3119
156  20 -0.0013  0.0067 12.1062
164  20 -0.0014 -0.0074 13.7310
172  20 -0.0049 -0.0004 12.1459
180  20  0.0073  0.0237 21.5360
188  20  0.0105 -0.0208 16.0079
196  20 -0.0297 -0.0000 16.2762
204  20  0.0000  0.0000 19.4922
212  20 -0.0260  0.0202 21.8322
220  20 -0.0594  0.0158 30.4100
228  20  0.0000  0.0000 13.8612
236  20  0.0478 -0.1278 15.3995
244  20  0.0000  0.0000 13.5030
252  20  0.0000  0.0000 13.2555
260  20  0.0000  0.0000 28.5420
268  20 -0.1772  0.0256 12.3514
276  20  0.0808 -0.0062 15.6073
284  20 -0.0337  0.0661  9.0486
292  20 -0.0696 -0.0766 12.7130
  4  28 -0.0033  0.0424  9.4869
 12  28  0.0097  0.0294 10.2164
 20  28  0.0090 -0.0124 10.1522
 28  28  0.0051 -0.0157  9.6982
 36  28  0.0168 -0.0105 10.1156
 44  28  0.0066  0.0017 10.2060
 52  28 -0.0148  0.0000  9.9073
 60  28  0.0000  0.0000  9.9526
 68  28  0.0000  0.0000 10.3416
 76  28 -0.0029  0.0244 10.4076
 84  28  0.0041  0.0010 10.2778
 92  28 -0.0178 -0.0008 10.0038
100  28 -0.0055  0.0049 11.0150
108  28 -0.0373 -0.0192 16.3829
116  28  0.0029  0.0031  9.9255
124  28  0.0000  0.0000 10.7963
132  28  0.0055  0.0014  9.4707
140  28 -0.0042  0.0006  9.7685
148  28 -0.0131 -0.0017 10.4255
156  28  0.0161  0.0020 16.7951
164  28 -0.0068  0.0017 13.3286
172  28  0.0000  0.0000 11.4096
180  28 -0.0012  0.0202 16.2388
188  28  0.0000  0.0000 14.0844
196  28 -0.0093 -0.0097 22.9587
204  28  0.0002 -0.0017 10.1313
212  28  0.0000  0.0000 10.6381
220  28 -0.0012  0.0007 11.4838
228  28 -0.0010 -0.0006 11.1543
236  28 -0.0009 -0.0039 10.5378
244  28 -0.0163  0.0000 10.1123
252  28  0.0000  0.0000 10.8942
260  28 -0.0181  0.0000 13.8613
268  28  0.0178  0.0026 19.2031
276  28 -0.0013 -0.0027 14.9673
284  28  0.0085 -0.0157 16.6942
292  28 -0.0029  0.0021 17.5552
  4  36  0.0000  0.0000  8.6287
 12  36 -0.0059  0.0191  8.4831
 20  36 -0.0783  0.0087  7.5093
 28  36  0.0220  0.0755  7.4614
 36  36 -0.0113  0.0027  7.0825
 44  36  0.0000  0.0000  6.9732
 52  36  0.0000  0.0000  6.4064
 60  36  0.0104 -0.0715  8.3496
 68  36  0.0013 -0.0233  7.3454
 76  36  0.0000  0.0000  9.3236
 84  36  0.0000  0.0000 11.7513
 92  36  0.0000 -0.0634 12.2069
100  36  0.0710  0.0128  8.1675
108  36 -0.0209  0.0293  9.4817
116  36  0.0444  0.0094  9.0839
124  36 -0.1155 -0.0478  7.2247
132  36 -0.0000  0.0000 12.0455
140  36  0.0000  0.0000 11.1304
148  36  0.0000  0.0000 12.6295
156  36  0.0017  0.0083 11.9642
164  36  0.0068  0.0044 19.3604
172  36 -0.0112 -0.0152 13.5878
180  36 -0.0078 -0.0181 15.9449
188  36 -0.0172  0.0153 17.0489
196  36 -0.0038 -0.0184 13.2157
204  36 -0.0880  0.0119 10.5151
212  36 -0.1965  0.0282 10.0909
220  36  0.0000  0.0000 14.6166
228  36  0.0000  0.0000 13.7993
236  36  0.0000 -0.3309 10.5785
244  36  0.0000  0.0000 14.0146
252  36  0.0000 -0.3042 13.4737
260  36  0.0000  0.0000  8.6284
268  36  0.0000  0.0000  9.3399
276  36 -0.2845  0.2179  6.5297
284  36  0.0159 -0.0052  6.4557
292  36 -0.0839  0.0113  7.4616
  4  44  0.0000  0.0000 12.5902
 12  44  0.0000  0.0000 10.4611
 20  44  0.1715  0.1215 14.7147
 28  44  0.0000  0.0000 14.0146
 36  44 -0.1024  0.0213 13.7246
 44  44  0.0000  0.0000 12.1260
 52  44  0.0651  0.0378 10.1097
 60  44  0.0040 -0.0091 10.5323
 68  44  0.1226  0.0305  8.7155
 76  44 -0.0139  0.2049  7.6383
 84  44  0.0000  0.0000 19.4783
 92  44  0.0000  0.0000 12.0628
100  44  0.0000  0.0000 11.1304
108  44  0.0000  0.0000  0.0000
116  44  0.0000  0.0000  0.0000
124  44  0.0000  0.0000  0.0000
132  44  0.0000  0.0000  0.0000
140  44  0.0000  0.0000  0.0000
148  44  0.0000  0.0000 17.0667
156  44  0.0068  0.0008 13.3440
164  44 -0.0215 -0.0043 13.3471
172  44  0.0000  0.0000 11.2796
180  44  0.0000  0.0000 10.1432
188  44  0.0215 -0.0477 12.4965
196  44  0.0010  0.0093 12.5398
204  44  0.0000  0.0000 10.8444
212  44 -0.0030 -0.1303  9.0530
220  44 -0.0077  0.0953 10.8306
228  44  0.0685  0.0154 12.3039
236  44  0.0000  0.0000 15.2023
244  44  0.0000  0.0000 12.4405
252  44  0.0053 -0.1420 16.7334
260  44  0.0360  0.1854 12.6331
268  44  0.0000  0.0000 11.1304
276  44  0.0000  0.0000 11.0903
284  44  0.0000  0.0000 14.5082
292  44  0.0824  0.2461  8.5976
  4  52  0.0063 -0.1005 10.5018
 12  52  0.2599  0.0168  8.1500
 20  52 -0.0234  0.0308  6.9728
 28  52  0.0000  0.0000  9.3279
 36  52 -0.3323 -0.4462  7.4098
 44  52  0.0000  0.0000  0.0000
 52  52  0.0000  0.0000  0.0000
 60  52  0.0000  0.0000 11.1304
 68  52  0.2907  0.0403 10.5761
 76  52  0.0000  0.0000 11.1304
 84  52  0.0000  2.5000  8.8276
 92  52  0.0000  0.0000 12.0455
100  52  0.0000  0.0000 11.1304
108  52 -0.5000  0.0000  8.8276
116  52  0.0000  0.0000 16.1088
124  52  0.0000  0.0000  0.0000
132  52  0.0000  0.0000  0.0000
140  52  0.0000  0.0000  0.0000
148  52  0.0000  0.0000  0.0000
156  52 -0.0006 -0.0098 11.2938
164  52  0.0018 -0.0042 24.4014
172  52 -0.0053 -0.0087 15.2135
180  52 -0.0138  0.0051 27.6465
188  52  0.0232 -0.0065 15.8587
196  52 -0.0001 -0.0064 13.9878
204  52  0.0092  0.0338 10.2718
212  52  0.0000  0.0000  0.0000
220  52  0.0000  0.0000  0.0000
228  52  0.0000  0.0000 11.1304
236  52  0.0000  0.0000 13.1736
244  52  0.2148  0.1728  8.8493
252  52 -0.1822  0.0175 10.1105
260  52 -0.0558  0.0080 10.6810
268  52  0.1271 -0.0146  8.9541
276  52  0.0000  0.2055  9.2946
284  52  0.0104 -0.1217 11.6364
292  52  0.0000  0.0000 12.8227
  4  60  0.0000  0.0000 11.1304
 12  60  0.0000  0.0000  0.0000
 20  60  0.0000  0.0000  0.0000
 28  60  0.0000  0.1760 15.0588
 36  60  0.0000  0.0000  8.0000
 44  60 -0.5000  0.0000  8.8276
 52  60  0.0000  0.0000  0.0000
 60  60  0.0000  0.0000  0.0000
 68  60  0.0000  0.0000  0.0000
 76  60  0.0000  0.0000  0.0000
 84  60  0.0000  0.0000 11.1304
 92  60 -0.0264  0.3145 11.0777
100  60  0.0000  0.0000 16.1088
108  60  0.0000  0.0000  0.0000
116  60  0.0000  0.0000  0.0000
124  60  0.0000  0.0000  0.0000
132  60  0.0000  0.0000  0.0000
140  60  0.0000  0.0000 17.0667
148  60 -0.0075  0.0042  6.7300
156  60 -0.0010  0.0136 23.2665
164  60  0.0064  0.0022 28.1002
172  60 -0.0092 -0.0028  9.4475
180  60  0.0011  0.0058  9.2195
188  60  0.0142 -0.0189 28.6563
196  60  0.0000  0.0000 11.5861
204  60  0.0814 -0.0178 14.1411
212  60  0.0000 -0.3385 11.1304
220  60  0.0000 -0.1469 10.3584
228  60  0.0000  0.0000 10.1740
236  60  0.0000  0.2697  7.3143
244  60  0.1822 -0.0175 10.1105
252  60  0.0000  0.0000 12.8227
260  60  0.0000  0.0000 15.4312
268  60  0.0000  0.0000 10.8982
276  60 -0.1318 -0.0214 11.1304
284  60  0.0000  0.0000 15.2515
292  60  0.0000  0.0000 24.5319
  4  68  0.0000  2.5000  8.8276
 12  68  0.0000  0.0000  0.0000
 20  68  0.0000  0.0000 11.1304
 28  68  0.0000  0.0000 11.1304
 36  68  0.0000  0.0000 19.1045
 44  68  0.0000  0.0000 11.1304
 52  68  0.0000  0.0000 11.1304
 60  68  0.0000  0.0000  0.0000
 68  68  0.0000  0.0000  0.0000
 76  68  0.0000  0.0000  0.0000
 84  68  0.0557  0.0193 15.2661
 92  68  0.0000  0.0000 12.7664
100  68 -0.0123 -0.3019 11.1932
108  68  0.0000  0.0000 17.0667
116  68  0.0000  0.0000  0.0000
124  68  0.0000  0.0000 11.1304
132  68  0.0000  0.0000 11.1304
140  68 -1.0000 -0.0640 12.3173
148  68  0.0072  0.0231  5.7948
156  68  0.0136  0.0020  5.8370
164  68  0.0135  0.0261  5.7950
172  68  0.0000  0.0000  5.8103
180  68  0.0038 -0.0252  5.6281
188  68  0.0000  0.0000  6.1886
196  68  0.0000  0.0000  5.8849
204  68  0.0824  0.0598 15.0429
212  68  0.0000 -0.1960 11.1304
220  68  0.0000  0.0000 11.9011
228  68 -0.5000 -0.1180  9.2850
236  68  0.0000  0.0000  0.0000
244  68  0.0000  0.0000  0.0000
252  68  0.0000  0.0000  0.0000
260  68  0.0000  0.0000 16.1088
268  68  0.1439  0.0853 11.4193
276  68  0.0000  0.0000 13.7993
284  68 -0.2628 -0.0200  7.9404
292  68  0.1455 -0.2301  9.4565
  4  76  0.0000  0.0000  0.0000
 12  76  0.0000 -0.5000  8.8276
 20  76  0.0000  0.0000  0.0000
 28  76  0.0000  0.0000  0.0000
 36  76  0.0000  0.0000 17.2183
 44  76 -0.2907  0.0403 10.5761
 52  76  0.5000 -1.0416  9.5761
 60  76  0.0000  0.0000 11.1304
 68  76     NaN  5.1203  5.4468
 76  76  0.0000 -0.0972  9.1178
 84  76  0.0000  0.5000  8.0688
 92  76  0.0000  0.0000 16.7450
100  76  1.6909  0.0391  9.8462
108  76  3.0728 -0.8972  7.1442
116  76  0.0000  0.0000  7.3911
124  76 -0.8442  0.5000  7.5025
132  76  2.5000  0.0000  8.8276
140  76  0.0000  0.0000 12.0628
148  76  0.0000  0.0000 12.0455
156  76  0.0000  0.0000 12.1905
164  76  0.0000  0.0000 20.7059
172  76  0.0000  0.0000 11.9011
180  76  0.0000  0.0000 11.2634
188  76  0.0000  0.0000 22.2609
196  76  0.0000  0.0000 17.0667
204  76  0.6306  0.1105 11.2757
212  76  0.0000  0.5000  8.0688
220  76  0.0000  0.0000 22.2609
228  76  0.0000  0.5000 11.1304
236  76  0.0000  0.0000  0.0000
244  76  0.0000  0.0000  0.0000
252  76  0.0000  0.0000  0.0000
260  76  0.0000  0.0000  0.0000
268  76  0.0000  0.0000 16.1088
276  76  0.0000  0.0000  0.0000
284  76  0.0000  0.0000 16.1088
292  76  0.0000  0.0000 16.1088
  4  84  0.0000  0.0000  0.0000
 12  84  0.0000  0.0000  0.0000
 20  84  0.0000  0.0000  0.0000
 28  84  0.0000  0.0000 16.1088
 36  84  0.0000  0.0000  8.0000
 44  84  0.4043  0.4043  8.0000
 52  84  0.0000  0.0000 18.1858
 60  84  0.0000  0.0000 11.0903
 68  84  0.0000  0.0000  8.9010
 76  84  0.0134 -0.2020  6.3932
 84  84  0.0680 -0.1294 10.0625
 92  84  0.0000  0.0000 20.7059
100  84 -0.0978  0.0707 15.7377
108  84  0.0000  0.0000  0.0000
116  84  0.0000  0.0000  0.0000
124  84  0.0000  0.0000 16.1088
132  84  0.0000  0.0000 11.1304
140  84  0.0000  0.0000  0.0000
148  84  0.0000  0.0000 13.0803
156  84  0.0000  0.0000 13.5576
164  84 -0.0634  0.0922 12.5396
172  84  0.0000  0.0000 13.1641
180  84  0.0000  0.0000  0.0000
188  84  0.0000  0.0000  0.0000
196  84  0.1076  0.1327 17.6194
204  84 -0.0973  0.1439 10.5822
212  84  2.5000  0.0000  8.8276
220  84  0.0000  0.0000  0.0000
228  84  0.0000  0.0000  0.0000
236  84  0.0000  0.0000 11.1304
244  84  0.0000  0.0000  0.0000
252  84  0.0000  0.0000  0.0000
260  84  0.0000  0.0000  0.0000
268  84  2.5000  0.0000  8.8276
276  84  0.0000  0.0000 11.1304
284  84  0.0000  0.0000 11.1304
292  84  0.0000  0.0000 16.1088
  4  92  0.0000  0.0000  0.0000
 12  92  0.0000  0.0000  0.0000
 20  92  0.0000  0.0000 16.1088
 28  92 -2.0000  0.0594  9.9740
 36  92  0.0000 -0.1960 11.1304
 44  92  0.0000  0.0000 19.4783
 52  92  0.2732 -0.3217  9.0486
 60  92  0.0000  0.0000  9.5632
 68  92 -0.0855  0.0109  8.1392
 76  92 -0.0610 -0.0767  8.6884
 84  92  0.2166  0.0702 13.3319
 92  92  0.2665  0.0090 11.8309
100  92  0.0000  0.0000  8.0000
108  92  0.0000  0.3764  7.3143
116  92  0.1151 -0.1151 16.5161
124  92  0.0000  0.0000 11.1304
132  92  0.0000  0.0000 11.1304
140  92  2.5000  0.0000  8.8276
148  92 -0.0342 -0.0429 10.2665
156  92  0.0000  0.0000  0.0000
164  92  0.0000  0.0000 11.1304
172  92  0.0000  0.0000  0.0000
180  92  0.0000  0.0000  0.0000
188  92  0.0000  0.0000  0.0000
196  92  0.0000  0.0000  0.0000
204  92  0.0000  0.0000 11.1304
212  92  0.0000  0.0000  0.0000
220  92  2.5000  0.0000  8.8276
228  92 -0.5000 -0.0448  8.9013
236  92  0.0000  0.0000 11.1304
244  92  0.0000  0.0000  0.0000
252  92  0.0000  0.0000 11.1304
260  92  0.0000  0.0000  0.0000
268  92  0.0000  0.0000 11.1304
276  92  0.0000  0.0000 11.1304
284  92  0.0000  0.0000  0.0000
292  92  0.0000  0.0000  0.0000
  4 100  0.0000  0.0000 11.9011
 12 100  0.0000  0.0000  9.5632
 20 100  0.0000  0.0000  0.0000
 28 100 -0.5000 -0.3851 10.3199
 36 100  0.2877 -0.1770 12.4377
 44 100  0.0000  0.0000  9.2086
 52 100  0.5000  0.0000  8.4768
 60 100  0.1276  0.3321 10.3409
 68 100  0.0000  0.0000  6.8970
 76 100  0.0000 -0.5000  7.3143
 84 100  0.0000  0.0000 11.1304
 92 100  0.0000  0.0000  0.0000
100 100  0.0000  0.0000  0.0000
108 100  0.0000  0.0000 16.1088
116 100  0.0000  0.0000  0.0000
124 100  0.0000  0.0000 11.1304
132 100  0.0000  0.0000 16.1088
140 100  0.0000  0.0000 11.1304
148 100  0.0000  0.0000 16.1088
156 100  0.0000  0.0000  0.0000
164 100  0.0000  0.0000  0.0000
172 100  0.0000  0.0000  0.0000
180 100  0.0000  0.0000  0.0000
188 100  0.0000  0.0000 16.1088
196 100  0.0000  0.0000  0.0000
204 100  4.5000  4.5000  4.0635
212 100  0.0000  0.0000  0.0000
220 100  0.0000  0.0000  0.0000
228 100  0.0000  0.0000 11.1304
236 100  0.0000  0.0000  0.0000
244 100  0.0000  0.0000 11.1304
252 100  0.0000  0.0000  0.0000
260 100  0.0000  0.0000 11.1304
268 100  0.0000  0.0000  0.0000
276 100  0.0000  0.0000  0.0000
284 100  0.0000  0.0000 11.1304
292 100  0.0000  0.0000 11.1304
  4 108  2.5000  0.0000  8.8276
 12 108 -0.1546  0.0660 18.6254
 20 108  0.0000  0.0000 16.1088
 28 108  0.0000  0.0000 12.5445
 36 108  0.0000  0.0000 13.7892
 44 108 -0.1024  0.0579  7.5960
 52 108  0.2787 -1.0000  9.4019
 60 108  0.0000  0.0000 11.1304
 68 108  0.0000  0.0000  0.0000
 76 108  0.0000  0.0000  0.0000
 84 108  0.0000  0.0000  0.0000
 92 108  0.0000  0.0000  0.0000
100 108  0.0000  0.0000 16.1088
108 108  0.0000  0.0000 11.1304
116 108  0.0000  0.0000 11.1304
124 108  0.0000  0.0000  0.0000
132 108  0.0000  0.0000 16.1088
140 108  0.0000  0.0000 11.1304
148 108  0.0000 -0.5000  8.8276
156 108 -0.5000  0.0000  8.8276
164 108  0.1798  0.0246 17.0238
172 108  0.0000 -0.2816  8.5018
180 108  0.0000  0.0000  0.0000
188 108  0.0000  0.0000 11.1304
196 108  0.0000  0.0000 11.1304
204 108  0.0000  0.0000  0.0000
212 108  0.0000  0.0000  0.0000
220 108  0.0000  0.0000 17.0667
228 108  0.0000  0.0000  0.0000
236 108  0.0000  0.0000 11.1304
244 108  0.0000  0.0000  0.0000
252 108  0.0000  0.0000 16.1088
260 108  0.0000  0.0000  0.0000
268 108  0.0000  0.0000 11.1304
276 108  0.0000  0.0000  0.0000
284 108  0.0000  0.0000 11.1304
292 108  0.0000  0.0000  0.0000
  4 116  0.0000  0.0000 11.9011
 12 116  0.0000  0.0000 16.1088
 20 116  0.0000  0.0000  0.0000
 28 116 -1.0000 -0.2360  5.5745
 36 116  0.0568  0.0032 11.9626
 44 116 -0.1464  0.0341  9.0855
 52 116  0.0000  0.0000 12.8600
 60 116 -0.1749 -0.0874  8.9282
 68 116  0.0411 -0.8213 10.8404
 76 116     NaN  0.0000 17.0667
 84 116  0.0000  0.0000  0.0000
 92 116  0.0000  0.0000 16.1088
100 116 -0.1151  0.1151 16.5161
108 116  0.0000  0.0000 11.1304
116 116  2.5000  0.0000  8.8276
124 116  2.5000  0.0000  8.8276
132 116  0.0000  0.0000 16.1088
140 116  0.0000  0.0000 11.1304
148 116 -1.3070 -0.0337 12.4709
156 116  0.1960 -0.5000 11.1304
164 116  0.0000  0.0000 11.1304
172 116 -2.7620 -2.5000  9.9740
180 116  0.0000  0.0000  0.0000
188 116  0.0000  0.0000 11.1304
196 116  0.0000  0.0000  0.0000
204 116  0.0000  0.0000 11.1304
212 116  0.0000  0.0000  0.0000
220 116  0.0000  0.0000  0.0000
228 116  0.0000  0.0000  0.0000
236 116  0.0000  0.0000  0.0000
244 116  0.0000  0.0000  0.0000
252 116  0.0000  0.0000 11.1304
260 116  0.0000  0.0000 11.1304
268 116  0.0000  0.0000  0.0000
276 116  2.5000 -0.1180  9.2850
284 116  0.0000 -0.1960 11.1304
292 116  0.0000  0.0000 11.1304
  4 124 -0.4043 -0.4043  8.0000
 12 124  0.0000  0.0000  0.0000
 20 124  0.0000  0.0000  0.0000
 28 124  0.0000  0.0000 13.5228
 36 124  0.0000  0.0000 11.9011
 44 124  0.0000  0.0000 12.8600
 52 124 -0.4043 -0.4043  8.0000
 60 124 -0.2080  0.2715 12.3107
 68 124  0.1905 -0.3412 10.6957
 76 124  0.0000  0.0000  9.4208
 84 124 -0.1824  1.6838  7.3143
 92 124  0.0000  0.0000 11.1304
100 124  0.0000  0.0000 16.1088
108 124 -1.0000  0.0640 12.3173
116 124  3.5000 -0.0944  8.7605
124 124 -0.2093  0.0299 13.0089
132 124  0.0000  4.5000  4.0635
140 124  0.0000  0.0000 11.1304
148 124  0.0000  0.0000 11.1304
156 124 -0.5000  0.0000  8.8276
164 124 -0.1960  0.0000 11.1304
172 124  1.5000  0.0000  8.2581
180 124  0.0000  0.0000  0.0000
188 124  0.0000  0.0000  0.0000
196 124  0.0000  0.0000 16.1088
204 124  0.0000  0.0000  0.0000
212 124  0.0000  0.0000  0.0000
220 124  0.0000  0.0000  0.0000
228 124  0.0000  0.0000 11.1304
236 124  0.0000  0.0000 11.1304
244 124  0.0000  0.0000 11.1304
252 124  0.0000  0.0000 11.1304
260 124  0.0000  0.0000  0.0000
268 124 -0.2611  0.1783  7.6338
276 124  0.0391 -2.5000  9.3822
284 124  0.0000  0.0000  0.0000
292 124  0.0000  0.0000  0.0000
  4 132  0.0000 -2.0000 11.1304
 12 132  0.0000  0.0000 11.1304
 20 132  0.0000  0.0000  0.0000
 28 132 -0.4526  0.0972  8.4127
 36 132  0.0000  2.0000 11.1304
 44 132 -0.1699  1.6715 12.5559
 52 132  0.0000  0.0000  0.0000
 60 132  0.0000  0.0000 11.1304
 68 132 -0.1841  0.0418 12.3683
 76 132  0.0000  0.0000  0.0000
 84 132  0.0000  0.0000 11.1304
 92 132  0.0000  0.0000  0.0000
100 132  0.0000  0.0000  0.0000
108 132  0.0000  0.0000 16.1088
116 132  0.0000  0.2917 11.1304
124 132  0.3290  2.8274  8.0000
132 132  0.0000  0.0000 11.1304
140 132  0.0000  0.0000 16.1088
148 132  0.0000  0.0000  0.0000
156 132  0.0000  0.0000 11.1304
164 132  0.0000  0.0000  0.0000
172 132  0.0000  0.0000  0.0000
180 132  0.2271  2.5000  9.5143
188 132  0.0000  0.0000  0.0000
196 132  0.0000  0.0000  0.0000
204 132  0.0000  0.0000  0.0000
212 132  0.0000  0.0000  0.0000
220 132  0.0000  0.0000 11.1304
228 132  0.0000  0.0000 16.1088
236 132  0.0000  0.0000  0.0000
244 132  0.0000  0.0000 11.1304
252 132  0.0000  0.0000 11.1304
260 132  0.0000  0.0000  0.0000
268 132  0.0000  0.0000  0.0000
276 132  0.0000  0.0000 16.1088
284 132  2.5000  0.1180  9.2850
292 132  0.0000  0.0000 11.1304
  4 140  0.0579 -0.2001 13.7634
 12 140 -0.2211 -0.2749  7.6040
 20 140  0.0000  0.0000 11.1304
 28 140  0.0000  0.0000  0.0000
 36 140  0.0000  0.0000  0.0000
 44 140  0.0000  0.0000 16.1088
 52 140  0.0000  0.0000 11.1304
 60 140  0.0000  0.0000  0.0000
 68 140  0.0000  0.0000  9.2086
 76 140  0.0000  0.0000 13.3565
 84 140  0.0000  0.0000  0.0000
 92 140  0.0000  0.0000  0.0000
100 140 -1.3070 -0.0337 12.4709
108 140  0.0000  0.0000 11.1304
116 140  0.0000  0.5000 11.1304
124 140  0.4043  0.4043  8.0000
132 140  0.0000  0.0000  0.0000
140 140  0.0000  0.0000  0.0000
148 140  0.0000  0.0000  0.0000
156 140  0.0000  0.0000  0.0000
164 140 -0.3696 -0.2945  8.0000
172 140  0.0000  0.0000 13.1641
180 140 -0.1760  0.0000 15.0588
188 140  0.0000  0.0000  0.0000
196 140  0.0000  0.0000  0.0000
204 140  0.0000  0.0000  0.0000
212 140  4.5000 -0.5000  4.0635
220 140 -0.5000  0.0000  8.8276
228 140  0.0000  0.0000 16.1088
236 140 -0.0677  0.2414 11.7124
244 140  0.0000  0.0000  0.0000
252 140  0.0000  0.0000  0.0000
260 140  0.0000  0.0000 16.1088
268 140  0.0000  0.0000  0.0000
276 140  0.0000  0.0000  0.0000
284 140  0.0000  0.0000  0.0000
292 140  0.5000  0.0000 11.1304
  4 148 -0.5000  0.0000 11.1304
 12 148 -1.5000  0.0000  8.2581
 20 148  0.0000  0.0000 11.1304
 28 148  0.0000  0.0000  0.0000
 36 148  0.0000  0.0000 11.1304
 44 148  0.0000  0.0000  0.0000
 52 148  0.0000  0.0000 12.0455
 60 148  0.0000  0.0000  8.0000
 68 148  0.0000  0.0000 18.9370
 76 148  0.0609 -0.5000  7.5706
 84 148  0.0000  0.0000 16.1088
 92 148  0.0000  0.0000  0.0000
100 148  0.0000  0.0000 11.1304
108 148  0.0000  0.0000 16.1088
116 148 -0.1960 -0.5000 11.1304
124 148  0.0000  0.0000  0.0000
132 148  0.0000  0.0000  0.0000
140 148  0.0000  0.0000  0.0000
148 148  0.0000  0.0000  0.0000
156 148  0.0000  0.0000 11.1304
164 148  0.0000 -0.5000  8.8276
172 148  2.5000  0.0000  8.8276
180 148  0.0000  0.0000 11.1304
188 148  2.5000  0.0000  8.8276
196 148  0.0000  0.0000 11.1304
204 148  0.0000  0.0000 16.1088
212 148  0.0000  0.0000 11.1304
220 148  0.1151  0.1151 16.5161
228 148  0.0000  0.0000  0.0000
236 148  0.0000  0.0000  0.0000
244 148  0.0000  0.0000 17.0667
252 148  0.0000  0.0000  0.0000
260 148 -0.1960  0.0000 11.1304
268 148  0.1960 -0.5000 11.1304
276 148  0.0000  0.0000 11.1304
284 148  0.0000  0.0000 16.1088
292 148  0.0000  0.0000  0.0000
  4 156 -0.5000  0.0000  8.8276
 12 156 -1.1363 -0.1769  5.9535
 20 156  0.0000  0.0000  0.0000
 28 156  0.0000  2.5000  8.8276
 36 156  0.0000  0.0000  0.0000
 44 156  0.0000  0.0000 22.2609
 52 156     NaN     NaN  6.8903
 60 156  0.0000  0.0000 15.9357
 68 156  0.0000  0.0000  8.5011
 76 156 -0.7404  0.4186  9.9740
 84 156  0.5000  0.0000 11.1304
 92 156  0.0000  0.0000 11.1304
100 156  0.0000 -0.5000  8.8276
108 156  0.0000  0.0000  0.0000
116 156  0.0000  0.0000 16.1088
124 156  0.0000  0.0000  0.0000
132 156  0.0000  0.0000 11.1304
140 156  0.0000  0.0000  0.0000
148 156  0.0000  0.0000  0.0000
156 156  0.0000  0.0000 11.1304
164 156     NaN     NaN  9.3822
172 156  0.0000  0.0000  0.0000
180 156  0.0000  0.0000  0.0000
188 156  0.0000  0.0000 11.1304
196 156  0.0000  0.0000  0.0000
204 156  0.0000  0.0000 11.1304
212 156  0.0000  0.0000  0.0000
220 156  0.0000  0.0000 11.1304
228 156  0.0000  0.0000  0.0000
236 156  0.0000  0.0000 11.1304
244 156  0.0000  0.0000 22.2609
252 156  0.0000  0.0000  0.0000
260 156  0.0000  0.0000 19.4783
268 156  0.1151  0.1151 16.5161
276 156  0.0000  0.0000  0.0000
284 156  0.0000  0.0000  0.0000
292 156  0.0000  0.0000 11.1304
  4 164 -2.5000  0.0000 11.1304
 12 164  0.0000  0.0000  0.0000
 20 164  0.0000  0.0000  0.0000
 28 164  0.0000  0.0000  0.0000
 36 164  0.0677 -0.2414 11.7124
 44 164  0.0000  0.0000  8.0000
 52 164  0.0000  0.0000  0.0000
 60 164  0.0000  0.0000 16.1088
 68 164  0.0000  0.0000 11.1304
 76 164  0.0000  0.0000 16.1088
 84 164  0.0000  0.0000  0.0000
 92 164  0.0000  0.0000 16.1088
100 164  0.1151  0.1151 16.5161
108 164  0.3577  0.0000 13.4737
116 164  0.0000  0.0000  0.0000
124 164  0.0000  0.0000 11.1304
132 164  0.0000  0.0000  0.0000
140 164  0.0000  0.0000 11.1304
148 164 -0.5000 -0.5000  4.0635
156 164  0.0000  0.0000  0.0000
164 164 -1.0000  0.0000  9.2850
172 164  0.0000  0.0000  0.0000
180 164  0.0000  0.0000 11.1304
188 164  0.0000  0.0000 16.1088
196 164  0.0000  0.0000  0.0000
204 164  0.0000  0.0000  0.0000
212 164 -0.4043  0.4043  8.0000
220 164  0.0000  0.0000 20.7059
228 164  0.0000  0.0000  0.0000
236 164  0.0000  0.0000  0.0000
244 164  0.0000  0.0000 11.1304
252 164  0.0000  0.0000 11.1304
260 164  0.0000  0.0000  0.0000
268 164  0.0000  0.0000 11.1304
276 164  0.0000  0.0000  0.0000
284 164  0.0000 -0.5000  8.8276
292 164  0.0000  0.0000 11.1304
  4 172  0.0000  0.0000  0.0000
 12 172  0.0000  0.0000 11.1304
 20 172  0.0000  0.0000  0.0000
 28 172  0.0000  0.0000  0.0000
 36 172 -0.1912  0.0000 12.4272
 44 172  0.0000  0.0000 16.1088
 52 172  0.0000  0.0000 11.1304
 60 172  0.0000  0.0000  0.0000
 68 172  0.0000  0.0000  0.0000
 76 172  0.0000  0.0000  0.0000
 84 172  0.0000  0.0000 11.1304
 92 172 -0.0698  0.2911 10.5124
100 172  0.0000 -0.5000  4.0635
108 172  0.0000  0.0000 11.1304
116 172  0.0000  0.0000  0.0000
124 172  0.0000  0.0000 11.1304
132 172  0.0000  0.0000  0.0000
140 172  0.0000  0.0000  0.0000
148 172  0.1174 -4.1710 14.6131
156 172  0.0000  0.0000 11.1304
164 172  0.0000  0.0000 12.0455
172 172 -0.0306 -1.1731 10.3746
180 172  0.0000  0.0000  6.0664
188 172  0.0000  0.0000  0.0000
196 172  4.5000 -0.5000  4.0635
204 172  0.0000  0.0000 16.1088
212 172  0.2780 -0.1270 13.3759
220 172  0.0000  0.0000  0.0000
228 172  0.0000  0.0000 11.1304
236 172  0.0000  0.0000  0.0000
244 172  0.0000  0.0000  0.0000
252 172  0.0000  0.0000 11.1304
260 172  0.0000  0.0000  0.0000
268 172  0.1960  2.5000 11.1304
276 172  0.0000  0.0000  0.0000
284 172  0.0000  0.0000  0.0000
292 172  0.0000  0.0000  0.0000
  4 180 -0.1326  0.0000 10.6209
 12 180  0.0000  0.0000 11.1304
 20 180  0.0000  0.0000  0.0000
 28 180  0.0000  0.0000 16.1088
 36 180  0.0000  0.0000 16.1088
 44 180  0.0000  0.0000 11.1304
 52 180  0.0000  0.0000  0.0000
 60 180  0.0000  0.0000  0.0000
 68 180  0.0000  0.0000 11.1304
 76 180  0.0000  0.0000  0.0000
 84 180  0.0000  2.5000  8.8276
 92 180  0.0000  0.0000 11.1304
100 180 -0.3309  0.0637  7.1846
108 180  0.0000  0.0000 11.9011
116 180  0.0000  0.0000  0.0000
124 180  0.0000  0.0000 11.1304
132 180  0.0000  0.0000  0.0000
140 180  0.0000  0.0000  0.0000
148 180  0.0000  0.0000  8.0190
156 180  0.0000  0.0000 11.1304
164 180  0.0000  0.0000 16.2126
172 180  0.0000  0.0000 12.0628
180 180  0.0000  0.0000  0.0000
188 180 -2.5000  0.0000 11.1304
196 180  0.0000  0.0000  0.0000
204 180  0.0000  0.0000 11.1304
212 180  0.0000  0.0000 16.1088
220 180  0.0000  0.0000 11.1304
228 180  0.0000  0.0000  0.0000
236 180  0.0000  0.0000  0.0000
244 180  0.0000  0.0000  0.0000
252 180  0.0000  0.0000  0.0000
260 180  0.0000  0.0000  0.0000
268 180  0.0000  0.0000  0.0000
276 180  0.0000  0.0000  0.0000
284 180  0.0000  0.0000 13.5576
292 180  0.0000  0.0000 11.1304
  4 188  0.2483  0.1160  9.3535
 12 188  0.0000  0.0000  0.0000
 20 188     NaN  0.0000  5.4468
 28 188  0.0000  0.0000 12.0455
 36 188  0.0000  0.0000 11.1304
 44 188  0.0000  0.0000  0.0000
 52 188  0.0000  0.0000  0.0000
 60 188  0.0000  0.0000  0.0000
 68 188  0.0000  0.0000  0.0000
 76 188  4.5000 -0.5000  4.0635
 84 188  0.0000  0.0000 11.1304
 92 188  0.0000  0.0000 11.1304
100 188 -0.2780 -0.1270 13.3759
108 188  0.0000  0.0000 11.1304
116 188  0.5000  0.0000  8.4768
124 188  2.5000  0.0000  8.8276
132 188  0.0000  0.0000 16.1088
140 188  0.0000  0.0000  0.0000
148 188  0.0000 -0.3145  9.3674
156 188  0.0000  0.0000 14.5615
164 188  0.0000  0.0000 11.1304
172 188  0.0000  0.0000 14.5615
180 188  0.0000  0.0000  0.0000
188 188  0.0000  0.0000 11.1304
196 188  0.0000  0.0000  0.0000
204 188  0.0000  0.0000  0.0000
212 188  0.0000  0.0000 11.1304
220 188  0.0000  0.0000 11.1304
228 188  0.0000  0.0000  0.0000
236 188  0.0000  0.0000  0.0000
244 188  0.0000  0.0000  0.0000
252 188  0.0000  0.0000 11.1304
260 188  0.0000  0.0000  0.0000
268 188  0.0000  0.0000  0.0000
276 188  0.0000  0.0000 11.1304
284 188  0.0000  0.0000 17.0667
292 188  0.0000  0.0000  0.0000
  4 196  0.0000  0.0000 11.1304
 12 196  0.0000  0.0000 11.1304
 20 196  0.0000  0.0000 17.2183
 28 196  0.0000  0.0000 11.1304
 36 196  0.0000  0.0000 11.1304
 44 196  0.0000  0.0000  0.0000
 52 196  0.0000  0.0000  0.0000
 60 196  0.0000  0.0000  0.0000
 68 196  0.0000  0.0000  0.0000
 76 196  0.0000  0.0000 16.1088
 84 196 -0.3916  0.0000  8.0000
 92 196  0.0000  0.0000  8.1308
100 196 -0.0210 -0.0078 10.8723
108 196  0.1876  0.0000  7.6506
116 196  0.0000  0.0000  0.0000
124 196  0.0000  0.0000  0.0000
132 196  0.0000  0.0000  0.0000
140 196  0.0000  0.0000 11.1304
148 196  0.0000  0.0000  0.0000
156 196  0.0000  0.0000 11.1304
164 196  0.0000  0.0000  9.2190
172 196  0.0000  0.0000 19.4783
180 196  0.0000  0.0000  0.0000
188 196  0.0000  0.0000  0.0000
196 196  0.0000  0.0000  0.0000
204 196  0.0000  0.0000 11.1304
212 196  0.0000  0.0000 11.1304
220 196  0.0000  0.0000 16.1088
228 196  0.0000  0.0000  0.0000
236 196  0.0000  0.0000  0.0000
244 196  0.0000  0.0000  0.0000
252 196  0.0000  0.0000  0.0000
260 196  0.0000  0.0000  0.0000
268 196  0.0000  0.0000  0.0000
276 196  0.0000  0.0000 11.1304
284 196  0.0000  0.0000  0.0000
292 196  0.0000  0.0000  0.0000
  4 204  0.0000  0.0000 11.1304
 12 204  0.0000  0.0000  0.0000
 20 204  0.0000  0.0000 16.1088
 28 204  0.0000  0.0000 11.1304
 36 204  0.0000  0.0000 11.1304
 44 204  0.0000  0.0000  0.0000
 52 204  0.0000  0.0000  0.0000
 60 204  0.0000  0.0000  0.0000
 68 204  0.0000  0.0000  0.0000
 76 204  0.5000  0.0000 11.1304
 84 204  0.0000  0.0000 11.1304
 92 204 -0.0267 -0.7985 13.1229
100 204 -0.1540  0.3971 11.3740
108 204 -0.1960  2.5000 11.1304
116 204  0.0000  0.0000 11.1304
124 204  0.0000  0.0000  6.1440
132 204  0.0000  0.0000  0.0000
140 204  0.0000  0.0000  0.0000
148 204  0.1050 -0.5000  6.8903
156 204 -0.0564  0.2348  5.3613
164 204  0.0179 -1.5342  9.0678
172 204  0.1930  0.1867 15.3090
180 204  0.0000  0.0000  0.0000
188 204  0.0000  0.0000  0.0000
196 204  0.0000  0.0000  0.0000
204 204  0.0000 -0.5000  8.8276
212 204  0.0000  0.0000  0.0000
220 204  0.0000  0.0000  0.0000
228 204  0.0000  0.0000 11.1304
236 204  0.0000  0.0000  0.0000
244 204  0.0000  0.0000  0.0000
252 204  0.0000  0.0000  0.0000
260 204  0.0000  0.0000  0.0000
268 204  4.5000 -0.5000  4.0635
276 204  0.0000  0.0000  0.0000
284 204  0.0000  0.0000 11.1304
292 204  0.0000 -0.5000  8.8276
  4 212 -0.5000 -0.1071  8.3718
 12 212  0.0000  0.0000  0.0000
 20 212  0.0000  0.0000 11.1304
 28 212  0.0000  0.0000  0.0000
 36 212  0.0000  0.0000  0.0000
 44 212  0.0000  0.0000 11.1304
 52 212  2.5000  0.0000  8.8276
 60 212  0.0000  0.0000 16.1088
 68 212  0.0000  0.0000 11.1304
 76 212  0.0000  0.0000  0.0000
 84 212 -0.0180  0.0520  9.5553
 92 212 -0.0977 -0.0280 13.9930
100 212  0.0000  0.0000  9.4208
108 212  0.0000  0.0000  0.0000
116 212  0.0000  0.0000  0.0000
124 212  0.0000  0.0000  0.0000
132 212  0.0000  0.0000  0.0000
140 212  0.0000  0.0000  0.0000
148 212  0.0000  0.0000  0.0000
156 212 -0.4043 -0.4043  8.0000
164 212  0.0000  0.0000 11.1304
172 212  0.0000  0.0000 12.0455
180 212  0.0000  0.0000 11.1304
188 212  0.0000  0.0000  0.0000
196 212  0.0000  0.0000  0.0000
204 212  0.0000  0.0000 11.1304
212 212  0.0000  0.0000  0.0000
220 212  0.0000  0.0000 11.1304
228 212  0.0000  0.0000  4.0635
236 212  0.0000  0.0000 16.1088
244 212  0.0000  0.0000  0.0000
252 212  0.0000  0.0000  0.0000
260 212  0.0000  0.0000  0.0000
268 212  0.0000  0.0000 11.1304
276 212  0.0000  0.0000  0.0000
284 212  0.0000  0.0000  0.0000
292 212  0.0000  0.0000 19.1045
  4 220  0.0000  0.0000 12.0628
 12 220  0.0000  0.0000 17.0667
 20 220  0.0000  0.0000 19.1045
 28 220  0.0000  0.0000 11.1304
 36 220  0.0000  0.0000  8.4768
 44 220  2.5000  0.0000  8.8276
 52 220  0.1960 -0.5000 11.1304
 60 220  0.0000 -0.5000  8.8276
 68 220  0.0000  0.0000  0.0000
 76 220 -1.2556 -0.0712  7.8390
 84 220 -0.0573 -0.0231 12.2536
 92 220 -0.1364 -0.1184 12.4318
100 220  0.0000  0.0000 12.0628
108 220  0.0000  0.0000  0.0000
116 220  0.0000  0.0000  0.0000
124 220 -0.5000  4.5000  4.0635
132 220  0.0000  0.0000 11.1304
140 220  0.0000  0.0000 11.1304
148 220  0.0000  0.0000  0.0000
156 220  0.0000  0.0000  0.0000
164 220  0.5000  0.0000 11.1304
172 220  0.1960  0.0000 11.1304
180 220  0.0000  0.0000  0.0000
188 220  0.0000  0.0000  0.0000
196 220  0.0000  0.0000  0.0000
204 220  0.0000  0.0000  0.0000
212 220  0.0000  0.0000  0.0000
220 220  0.0000  0.0000  0.0000
228 220  0.0000  2.5000 11.1304
236 220  0.0000  0.0000 16.1088
244 220  0.0000  0.0000  0.0000
252 220  0.0000  0.0000 11.1304
260 220  0.0000  0.0000  0.0000
268 220 -1.5000  2.5000  7.4357
276 220  0.0000  0.0000  0.0000
284 220  0.0000  0.0000  0.0000
292 220  0.1180 -0.5000  9.2850
