VARIABLES= "X pix", "Y pix", "U pix/dt", "V pix/dt", "CHC", ZONE I=28, J=37
  4   4  0.0158  0.0000 10.9708
 12   4  0.0078  0.0000 10.8999
 20   4  0.0000 -0.0523 10.4171
 28   4 -0.0067 -0.0192 10.6657
 36   4  0.0013  0.0261 10.8086
 44   4  0.0053  0.0143 10.8076
 52   4  0.0527 -0.0137 10.9645
 60   4  0.0362  0.0000  9.9884
 68   4 -0.0071 -0.0018 10.8952
 76   4 -0.0470 -0.0039 11.7372
 84   4 -0.0006  0.0037 10.6112
 92   4 -0.0005  0.0067 10.8162
100   4 -0.0661  0.0000 10.9734
108   4 -0.1165  0.0000 11.0456
116   4 -0.0397  0.0000 11.9483
124   4 -0.0166  0.0000 11.7754
132   4  0.0131  0.0000 11.2889
140   4  0.0341  0.0000 11.2221
148   4  0.0250  0.0000 10.9708
156   4  0.0090  0.0000 11.0657
164   4 -0.0016  0.0000 11.7754
172   4  0.0000  0.0286 12.1954
180   4  0.0135  0.0000 11.0657
188   4  0.0338  0.0000 11.1514
196   4  0.0358 -0.0115 11.6591
204   4 -0.0010  0.0204 11.1174
212   4 -0.0494  0.0000 11.4596
220   4 -0.1029  0.0000 11.3167
228   4  0.0076  0.0000 10.1919
236   4  0.0046  0.0000  9.0717
244   4  0.0015  0.0000 10.3023
252   4 -0.0024  0.0000  9.5228
260   4 -0.0049  0.0000 11.3891
268   4 -0.0073  0.0000 10.3537
276   4 -0.0009  0.0000 11.9769
284   4  0.0056  0.0000 13.6955
292   4 -0.0034  0.0000 12.3152
  4  12 -0.0132  0.0000  7.4049
 12  12 -0.0049  0.0000  8.6907
 20  12 -0.0124  0.0000  8.0363
 28  12 -0.0493 -0.0385  8.2953
 36  12 -0.1260 -0.0166  7.8480
 44  12  0.0163 -0.2146  6.6586
 52  12 -0.0125  0.0245  8.0966
 60  12  0.0160  0.0000  7.6397
 68  12  0.0397 -0.0056 10.1350
 76  12  0.0223 -0.0507  9.7313
 84  12  0.0075  0.0000  7.4202
 92  12 -0.0052  0.0000  7.7784
100  12 -0.0122  0.0000  7.9049
108  12 -0.0098  0.0000  8.5246
116  12  0.0092  0.0000  9.2416
124  12  0.0080  0.0000  8.0566
132  12 -0.0109  0.0000  8.2742
140  12 -0.0293  0.0000  9.0652
148  12 -0.0420  0.0027  8.6068
156  12 -0.0008  0.0000  9.5061
164  12  0.0005  0.0000 10.5751
172  12  0.0019 -0.0011 13.3531
180  12  0.0002 -0.0087 15.2478
188  12 -0.0063  0.0000  9.5409
196  12 -0.0144  0.0000  7.6813
204  12 -0.0250  0.0784  8.6658
212  12 -0.0023  0.0091 13.8783
220  12  0.0011  0.0000 11.1378
228  12 -0.0007  0.0000  9.9632
236  12  0.0000  0.0000  8.1954
244  12 -0.0068  0.0000 12.9241
252  12 -0.0237  0.0000 12.6579
260  12 -0.0613  0.0000  9.7898
268  12  0.0019  0.0000 10.7416
276  12  0.0102  0.0000 10.9347
284  12  0.0297  0.0000 10.6834
292  12  0.0415  0.0000  7.7656
  4  20  0.0280  0.0000 14.3369
 12  20  0.0095  0.0000 12.6416
 20  20 -0.0074  0.0000 11.4524
 28  20 -0.0210  0.0000 12.3180
 36  20 -0.0295 -0.0050 11.5746
 44  20  0.0000 -0.0087 12.0352
 52  20 -0.0095  0.0028 14.4448
 60  20 -0.0220  0.0000 15.9650
 68  20 -0.0133  0.0000 14.1374
 76  20  0.0239  0.0019 15.6830
 84  20 -0.0084  0.0000 15.7942
 92  20 -0.0056  0.0000 13.4883
100  20 -0.0011  0.0000  9.7985
108  20  0.0041 -0.0514  8.0409
116  20 -0.0015  0.0000 12.4950
124  20  0.0044 -0.0019 12.2751
132  20  0.0149  0.0100 12.8618
140  20  0.0078  0.0000 12.1742
148  20  0.0065  0.0000 12.6929
156  20  0.0029  0.0018 12.5489
164  20  0.0008  0.0000 13.7403
172  20 -0.0007  0.0127 13.0530
180  20  0.0052  0.0002 22.1311
188  20 -0.0369  0.0000 17.1397
196  20 -0.0028  0.0160 17.5633
204  20  0.0241  0.0000 20.6312
212  20  0.0446  0.0000 23.2439
220  20  0.0507  0.0000 30.8773
228  20  0.0363  0.0000 12.6402
236  20  0.0134  0.0000 15.6775
244  20 -0.0030  0.0000 11.4627
252  20 -0.0103  0.0000 10.6021
260  20 -0.0143  0.0000 13.5228
268  20 -0.0027  0.0000 11.9070
276  20 -0.0469  0.0000 12.4617
284  20 -0.0515  0.0000 10.6583
292  20 -0.0198  0.0112 11.9325
  4  28  0.0421  0.0013  9.2464
 12  28 -0.0126  0.0000  9.4631
 20  28 -0.0133  0.0000  9.8901
 28  28 -0.0114  0.0000  9.4731
 36  28 -0.0150 -0.0009  9.8180
 44  28 -0.0140  0.0002 10.1454
 52  28 -0.0040 -0.0017  9.9848
 60  28  0.0019  0.0052  9.7896
 68  28 -0.0035  0.0000 10.6386
 76  28  0.0041 -0.0005 10.4660
 84  28 -0.0009  0.0000 10.3036
 92  28 -0.0019  0.0000  9.8500
100  28  0.0006  0.0000 11.2411
108  28 -0.0069  0.0049 16.0386
116  28 -0.0770  0.0000  9.6980
124  28 -0.0032  0.0252 10.4663
132  28  0.0297  0.0000  9.1407
140  28  0.0568  0.0000  9.4187
148  28  0.0638  0.0000 10.1465
156  28  0.0455  0.0000 16.2972
164  28  0.0125  0.0000 13.6721
172  28 -0.0036  0.0000 11.7855
180  28 -0.0002 -0.0080 17.0765
188  28 -0.0058  0.0125 18.7794
196  28  0.0010 -0.0148 25.2761
204  28 -0.1089  0.0000  9.9596
212  28 -0.0894  0.0000 10.3887
220  28 -0.0353  0.0000 11.3328
228  28  0.0192  0.0000 11.0487
236  28 -0.0110 -0.0008 10.3591
244  28 -0.0143  0.0000  9.9172
252  28 -0.0029  0.0000 10.8492
260  28 -0.0020  0.0000 13.3993
268  28 -0.0068  0.0000 19.1929
276  28 -0.0031  0.0003 14.6428
284  28  0.0347 -0.0052 26.8228
292  28 -0.0095  0.0005 17.2044
  4  36 -0.0004 -0.0122  8.4641
 12  36 -0.0063 -0.0025  8.2324
 20  36 -0.0055  0.0000  7.2659
 28  36  0.0000  0.0000  7.5507
 36  36 -0.0244 -0.1245  6.7045
 44  36 -0.1836 -0.0329  6.2598
 52  36 -0.0850  0.0000  6.4064
 60  36  0.0000 -0.0248  8.6032
 68  36  0.0585  0.0000  7.5054
 76  36  0.0775  0.0000  9.1892
 84  36  0.0574  0.0000 19.1045
 92  36  0.0008  0.0000 11.9696
100  36 -0.0212  0.0000  8.0451
108  36 -0.0085  0.0000  9.6441
116  36  0.0000  0.0000  9.3077
124  36 -0.0679  0.0000  7.3727
132  36 -0.1954 -0.0688  9.9826
140  36 -0.0880  0.0000 11.1304
148  36 -0.0212  0.0000 17.2663
156  36 -0.0014  0.0000 12.0879
164  36 -0.0103  0.0000 18.6868
172  36 -0.0062 -0.0178 12.8790
180  36  0.0300  0.0000 16.8685
188  36  0.0342  0.0000 20.4220
196  36  0.0160  0.0000 12.9828
204  36 -0.0000  0.0000 11.6673
212  36  0.0219  0.0000 13.3851
220  36  0.0010  0.0000 14.6166
228  36 -0.0022  0.0000 14.4906
236  36  0.0100  0.0000 12.0628
244  36  0.0080 -0.1524 15.2409
252  36  0.0453  0.0000 17.7968
260  36  0.0538  0.2884  7.6436
268  36 -0.0593  0.0000 10.4138
276  36 -0.0500  0.0000  7.0872
284  36  0.0000  0.0136  6.7585
292  36  0.0602  0.0137  7.8246
  4  44  0.0910  0.0000 17.2172
 12  44  0.0837  0.0000 14.6166
 20  44 -0.0129 -0.1589 11.9119
 28  44 -0.0468  0.0000 14.0146
 36  44 -0.0259  0.0000 13.6433
 44  44  0.0014  0.0000 12.1260
 52  44 -0.0040  0.0091 10.5323
 60  44  0.0035  0.1893  8.7397
 68  44  0.0859  0.0000  8.4321
 76  44  0.0663  0.0000  8.5829
 84  44 -0.0067  0.0000 16.1088
 92  44  0.0162  0.0000 12.0628
100  44  0.0417  0.0000 11.1304
108  44  0.0959  0.0000  0.0000
116  44  0.0872  0.0000 11.1304
124  44  0.0514  0.0000  0.0000
132  44  0.0240  0.0000  0.0000
140  44  0.0358  0.0000  0.0000
148  44  0.0063  0.0000 13.5576
156  44 -0.0297  0.0116 13.2750
164  44 -0.0029 -0.0041 13.4537
172  44  0.0233  0.0000 11.7838
180  44  0.0683  0.0000 10.4508
188  44  0.0093 -0.0393 11.8692
196  44  0.0061  0.0048 12.4316
204  44 -0.0115  0.0000 10.8490
212  44 -0.0079  0.0000  8.8816
220  44  0.0000  0.0000 10.1958
228  44  0.0724  0.0000 11.7410
236  44  0.1290 -0.0269 12.8481
244  44  0.0306  0.0000 12.4405
252  44 -0.0420  0.0205 14.7979
260  44 -0.0213  0.0000 11.9011
268  44  0.0316  0.0000 16.1088
276  44  0.0899  0.0000 11.0903
284  44  0.1688  0.0000 12.0628
292  44  0.2689 -0.0419  9.7710
  4  52  0.1505  0.0000 10.5606
 12  52 -0.0098  0.5881  8.1367
 20  52  0.0234 -0.0308  6.9728
 28  52  0.0550  0.0000  6.8970
 36  52  0.1490 -1.5781 10.6945
 44  52  0.1122  0.0000  0.0000
 52  52  0.0600  0.0000  0.0000
 60  52  0.0281  0.0000 11.1304
 68  52  0.0834  0.0000 12.0628
 76  52  0.0252  0.0000 11.1304
 84  52 -0.1175  0.0000 11.1304
 92  52 -0.2483  0.1160  9.3535
100  52 -0.0033  0.0000 11.1304
108  52  0.1774  0.0000 16.1088
116  52  0.1140  0.0000 16.1088
124  52  0.0520  0.0000  0.0000
132  52  0.0132  0.0000  0.0000
140  52  0.0030  0.0000  0.0000
148  52 -0.0306  0.0000  0.0000
156  52 -0.0109 -0.0004 11.3397
164  52  0.0208  0.0062 24.3713
172  52  0.0233  0.0000 15.0691
180  52  0.0344  0.0262 26.7415
188  52 -0.0028  0.0092 15.7876
196  52  0.0503  0.0000 14.5078
204  52  0.1199  0.0000  8.9629
212  52  0.1629  0.0000 16.1088
220  52  0.1821  0.0000 13.1641
228  52  0.1161  0.0000  0.0000
236  52  0.0329  0.0000 13.1736
244  52 -0.0275  0.0000  8.6413
252  52 -0.0149  0.2749  9.0775
260  52  0.0900  0.0000 10.6057
268  52  0.0315  0.0000  9.0909
276  52 -0.0040 -0.0091 10.5323
284  52 -0.0096  0.0553 11.3537
292  52  0.2024  0.0000 16.2968
  4  60  0.1499  0.0000 11.1304
 12  60  0.0161  0.0000  0.0000
 20  60 -0.0122  0.0000  0.0000
 28  60  0.1511  0.0000 13.0803
 36  60  0.3290  2.8274  8.0000
 44  60  0.1575  0.0000 11.1304
 52  60  0.0420  0.0000  0.0000
 60  60  0.0056  0.0000 11.1304
 68  60  0.0253  0.0000  0.0000
 76  60 -0.0974  0.0000  0.0000
 84  60 -0.1431  0.0000  0.0000
 92  60 -0.1125  0.0000 12.0628
100  60 -0.0684  0.0000  0.0000
108  60 -0.0475  0.0000  0.0000
116  60 -0.0779  0.0000  0.0000
124  60  0.0304  0.0000  0.0000
132  60  0.1156  0.0000 22.2609
140  60  0.0716  0.0000 17.0667
148  60  0.0007  0.0000  6.6651
156  60  0.0028  0.0058 22.5872
164  60  0.0371  0.0161 28.8898
172  60 -0.0506  0.0000  9.1921
180  60 -0.0111 -0.0013  8.9637
188  60 -0.0042  0.0003 26.2891
196  60 -0.2077  0.0000 12.3721
204  60 -0.2121  0.0000 13.9358
212  60 -0.0096  0.0000 13.4998
220  60  0.3604 -0.1235 13.6655
228  60  0.2413  0.0000 14.0146
236  60  0.0964  0.0000  6.8970
244  60  0.1354  0.0046 10.0675
252  60  0.1252  0.0000 12.4405
260  60 -0.0153 -0.1564 13.0978
268  60 -0.0642  0.0000 10.8982
276  60 -0.0814  0.0000 15.8661
284  60 -0.0360 -0.1854 12.6331
292  60  0.1068  0.0000 17.8861
  4  68 -0.2188  0.0000  0.0000
 12  68 -0.3047  0.0000  0.0000
 20  68 -0.2371  0.0000 11.1304
 28  68 -0.1548  0.0000 11.1304
 36  68 -0.1310  0.0000 11.1304
 44  68 -0.2515  0.0000 11.1304
 52  68  0.0144  0.0000  0.0000
 60  68  0.1727  0.0000  0.0000
 68  68 -0.0406  0.0000 11.1304
 76  68 -0.2776  0.0000 11.1304
 84  68 -0.1879  0.0000 20.7059
 92  68  0.0150  0.0000 12.6512
100  68 -0.1261 -0.0092 12.9770
108  68 -0.2454  0.0000 17.0667
116  68 -0.4723  0.0000  0.0000
124  68 -0.7516  0.0000 19.1045
132  68 -0.6821  0.0000  0.0000
140  68 -0.3885  0.0000 13.7544
148  68  0.0054 -0.0012  5.5918
156  68  0.0531  0.0000  5.9401
164  68 -0.0203  0.0024  5.8940
172  68  0.0004  0.0005  5.8937
180  68  0.1916  0.0000  5.6214
188  68 -0.0004 -0.0238  5.8288
196  68 -0.2150  0.0000  5.8704
204  68 -0.1846  0.0000 13.7257
212  68  0.0354  0.0000 16.6956
220  68  0.2907 -0.0403 10.5761
228  68 -0.4707  0.0000 11.1304
236  68 -0.4406  0.0000  0.0000
244  68 -0.2615  0.0000  0.0000
252  68 -0.1469  0.0000  0.0000
260  68 -0.0983 -0.6879  9.3209
268  68 -0.5758  0.0000 11.9011
276  68  0.0792 -0.0200 12.6124
284  68  0.4571  0.0000 14.4906
292  68 -0.1177  0.0000  9.9952
  4  76 -0.7066  0.0000  0.0000
 12  76 -0.3926  0.0000  0.0000
 20  76  0.1211  0.0000 11.1304
 28  76 -0.0634  0.0000  0.0000
 36  76 -0.3979  0.0000 16.1088
 44  76 -0.8452  0.0000 11.9011
 52  76 -1.2939  1.3085  7.7264
 60  76 -1.1637  0.0000 16.1088
 68  76 -0.9120  0.0000 13.2207
 76  76 -0.6472 -0.1241  8.5087
 84  76 -0.1056  0.0000 12.0628
 92  76  0.3017  3.5000 10.3034
100  76  0.1902  0.0198  8.3393
108  76  0.5367  0.0000  6.8970
116  76 -0.2869 -0.0431  7.2883
124  76 -0.5247  0.0000 10.1191
132  76 -0.4251  0.0000 11.1304
140  76 -0.2204  0.0000 12.0628
148  76 -0.2093  0.0000 12.8600
156  76 -0.9138  0.0664 12.3325
164  76 -0.2780  0.1270 13.3759
172  76  0.0000  0.0955 11.7002
180  76  0.0000  0.4109  9.7303
188  76  0.1305  0.0669 17.8865
196  76 -1.0756 -0.0431  7.0865
204  76  0.2429  0.0000  9.9261
212  76  1.1996  0.0000 11.1304
220  76 -0.1187  0.0000 17.0667
228  76 -1.4218  0.0000 11.1304
236  76 -0.5306  0.0000  0.0000
244  76  0.4108  0.0000  0.0000
252  76  0.1295  0.0000  0.0000
260  76 -0.3126  0.0000  0.0000
268  76 -0.7860  0.0000 16.1088
276  76 -1.1624  0.0000  0.0000
284  76 -1.1687  0.0000 16.1088
292  76 -0.9821  0.0000 16.1088
  4  84 -0.6554  0.0000 11.1304
 12  84 -0.0793  0.0000 11.1304
 20  84  0.5246  0.0000  0.0000
 28  84  1.0008  0.0000  0.0000
 36  84  1.5000  0.0000  8.2581
 44  84 -0.4043 -0.4043  8.0000
 52  84 -0.6575  0.0000 15.9272
 60  84 -0.4389  0.0000 10.8982
 68  84 -0.0129  0.1307  8.4106
 76  84  0.5646  0.0000  8.3003
 84  84  0.8491  0.0000 10.1010
 92  84  1.0296  0.0000 20.7059
100  84  0.7908  0.0000 14.4198
108  84  0.3816  0.0000 11.1304
116  84  0.1446  0.0000  0.0000
124  84  0.0000 -0.5000  8.8276
132  84  1.0139  0.0000 11.1304
140  84  2.5000  0.0000  8.8276
148  84 -0.0218  0.2266 12.8350
156  84 -2.3677  0.1145 12.8207
164  84 -0.3696 -0.2945  8.0000
172  84  0.6728  0.0000  8.2581
180  84  0.3192  0.0000  0.0000
188  84 -0.1013  0.0000  0.0000
196  84 -0.5212  0.0000 13.9636
204  84 -0.8310  0.0000 12.1653
212  84 -0.9063  0.0000 19.1045
220  84 -0.8009  0.0000 19.4783
228  84 -0.5364  0.0000  0.0000
236  84 -0.0901  0.0000 11.1304
244  84  0.4068  0.0000  0.0000
252  84  0.8079  0.0000  0.0000
260  84  0.9295  0.0000 11.1304
268  84 -0.0594  0.0000 11.1304
276  84 -0.3784  0.0000 11.1304
284  84 -0.1692  0.0000 11.1304
292  84  0.5249  0.0000 16.1088
  4  92  1.7484  0.0000 11.1304
 12  92  3.0229  0.0000  0.0000
 20  92  2.6570  0.0000 16.1088
 28  92  1.6699  0.0000  0.0000
 36  92  0.6633  0.0000 11.1304
 44  92 -0.0548  0.1795 19.6402
 52  92 -0.0684 -0.0065  9.7126
 60  92  0.0891  0.7502  8.8666
 68  92  1.0758  0.0000  8.6215
 76  92  0.0442 -0.1068  9.0967
 84  92 -0.8826  0.0000 14.2815
 92  92 -0.0867 -0.1071  9.3967
100  92  0.3473  0.0000  8.0000
108  92  0.2779  0.0819  7.0459
116  92  0.0610  1.0000  8.9210
124  92 -0.2513  0.0000 12.0628
132  92 -0.4697  0.0000 11.1304
140  92 -0.5424  0.0000 16.1088
148  92 -0.5173  0.0000  9.4948
156  92 -0.3957  0.0000  0.0000
164  92 -0.1482  0.0000 11.1304
172  92  0.1194  0.0000  0.0000
180  92  0.3000  0.0000  0.0000
188  92  0.3700  0.0000  0.0000
196  92 -0.0091  0.0000  0.0000
204  92 -0.2107  0.0000 12.1905
212  92 -0.1178  0.0000 11.1304
220  92  0.4992  0.0000 11.1304
228  92  2.0023  0.0000 16.1088
236  92  4.5000  4.5000  4.0635
244  92  3.4964  0.0000  0.0000
252  92  2.0163  0.0000  0.0000
260  92  0.7822  0.0000  0.0000
268  92  0.0230  0.0000  0.0000
276  92 -0.1646  0.0000  0.0000
284  92 -0.0855  0.0000  0.0000
292  92  0.3677  0.0000 11.1304
  4 100  0.2301  0.0000 11.9011
 12 100  0.1824 -0.6476  8.1940
 20 100  0.0511  0.0000  0.0000
 28 100 -0.2922  0.3837  7.7576
 36 100 -0.1739  0.0059 15.0123
 44 100 -0.0850  0.0000 11.1304
 52 100 -0.1341  0.0000 13.5576
 60 100 -0.1628  0.0000 12.0628
 68 100 -0.1347  0.0000  6.8970
 76 100 -0.1607  0.0000 11.5903
 84 100 -0.2088  0.0000 11.1304
 92 100 -0.1410  0.0000  0.0000
100 100 -0.0834  0.0000  0.0000
108 100 -0.1313 -0.0812 16.9211
116 100  0.0188  0.0000  0.0000
124 100 -0.0653  0.0000  0.0000
132 100 -0.1960 -0.5000 11.1304
140 100 -0.3980  0.0000 11.1304
148 100 -0.4186  0.0000 16.1088
156 100  0.0000 -0.5000  8.8276
164 100  2.1123  0.0000  0.0000
172 100  2.1635  0.0000  0.0000
180 100  1.2735  0.0000  0.0000
188 100  0.4288  0.0000 11.1304
196 100 -0.0422  0.0000  0.0000
204 100 -0.1870  0.0000  0.0000
212 100 -0.1633  0.0000  0.0000
220 100 -0.0292  0.0000  0.0000
228 100 -0.0186  0.0000 11.1304
236 100  0.0490  0.0000  0.0000
244 100 -0.1018  0.0000 11.1304
252 100 -0.4649  0.0000  0.0000
260 100 -0.4383  0.0000 11.1304
268 100 -0.2091  0.0000  0.0000
276 100 -0.0744  0.0000  0.0000
284 100  0.1043  0.0000 11.1304
292 100  0.3514  0.0000 16.1088
  4 108  0.3210  0.0000  0.0000
 12 108  0.0926 -0.1932 14.1608
 20 108  0.0442  0.0000 16.1088
 28 108  0.0240 -0.6574  9.8108
 36 108 -0.0577  0.0000 22.2609
 44 108  0.0000  0.0000  8.4396
 52 108 -0.0670  0.0000 16.1088
 60 108 -0.2243  0.0000 16.1088
 68 108 -0.4921  0.0000 11.1304
 76 108 -0.6952  0.0000 11.1304
 84 108 -0.4916  0.0000  0.0000
 92 108  0.5422  0.0000 11.1304
100 108  0.7947  0.0000 11.1304
108 108  0.3110  0.0000  0.0000
116 108  0.0000  2.5000  8.8276
124 108 -0.0432  0.0000  0.0000
132 108 -0.0594  0.0000 11.1304
140 108 -0.1068  0.3135 15.1963
148 108 -0.2463  0.0000 16.1088
156 108 -0.3660  0.0000 16.1088
164 108 -0.2217  0.0000 19.1045
172 108 -0.2635  0.0000 11.2634
180 108 -0.5044  0.0000  0.0000
188 108 -0.5448  0.0000  0.0000
196 108 -0.2612  0.0000 11.1304
204 108 -0.0507  0.0000  0.0000
212 108  0.2943  0.0000  0.0000
220 108  0.9496  0.0000  0.0000
228 108  0.9882  0.0000  0.0000
236 108  0.6923  0.0000  0.0000
244 108  0.3514  0.0000  0.0000
252 108  0.1443  0.0000 16.1088
260 108  0.0319  0.0000 11.1304
268 108  0.0291  0.0000 11.1304
276 108 -0.0016  0.0000  0.0000
284 108 -0.1094  0.0000 11.1304
292 108 -0.3392  0.0000  0.0000
  4 116 -0.6239  0.0000 16.1088
 12 116 -0.6099  0.0000 16.1088
 20 116 -0.0810  0.0000 11.1304
 28 116  0.3208  0.0000  9.4233
 36 116 -0.0000  0.0000 11.9643
 44 116  0.2786  0.0000  9.3604
 52 116  0.4452  0.0000 15.5009
 60 116  0.3979  0.0000 14.5082
 68 116  0.1734  0.0000  9.7047
 76 116 -0.1800  0.0000  0.0000
 84 116 -0.5000  0.0000  8.8276
 92 116 -0.1841  0.0418 12.3683
100 116 -0.2520  0.0000 19.4783
108 116 -0.5238  0.0000 11.1304
116 116 -0.5000  0.0000  8.8276
124 116 -0.2232  0.0000 11.1304
132 116 -0.0596  0.0000 11.1304
140 116  0.2780 -0.1270 13.3759
148 116  1.5000  2.5000  8.2581
156 116  1.5243  0.0000  0.0000
164 116  1.1770  0.0000  0.0000
172 116  0.5285  0.0000 17.0667
180 116  0.1877  0.0000 11.1304
188 116  0.0572  0.0000  0.0000
196 116  0.0544  0.0000 11.1304
204 116  0.0844  0.0000 11.1304
212 116  0.0837  0.0000 11.1304
220 116 -0.0402  0.0000  0.0000
228 116 -0.4273  0.0000  0.0000
236 116 -0.5538  0.0000  0.0000
244 116 -0.0344  0.0000 11.1304
252 116  1.1914  0.0000 11.1304
260 116  1.4275  0.0000  0.0000
268 116  1.5976  0.0000 11.1304
276 116  1.5496  0.0000 11.1304
284 116  1.2586  0.0000 12.0628
292 116  0.8214  0.0000  0.0000
  4 124  0.3991  0.0000 16.1088
 12 124  0.2557  0.0000  0.0000
 20 124  0.6306  0.1105 11.2757
 28 124 -0.0417 -0.0637 17.1381
 36 124 -0.6098  0.0000 13.3965
 44 124 -0.3276  0.0000 16.1088
 52 124 -0.0832 -0.3131  9.8462
 60 124  0.0355  0.0000 13.3565
 68 124  0.3653  0.0000 20.7059
 76 124  1.1177  0.0000 12.0628
 84 124  1.4055  0.0000  9.2086
 92 124  1.3070  0.0337 12.4709
100 124  0.4043 -0.4043  8.0000
108 124  0.0920  0.0000 13.5576
116 124 -0.0065  0.0000 20.7059
124 124  0.0084  0.0000 20.7059
132 124  0.0730  0.0000  0.0000
140 124  0.1581  0.0000 16.1088
148 124  0.1960 -0.5000 11.1304
156 124 -0.3317  0.0000 11.1304
164 124 -0.5559  0.0000 16.1088
172 124  0.0000  2.5000  8.8276
180 124  2.5000  0.0000  8.8276
188 124  3.0006  0.0000  0.0000
196 124  3.1339  0.0000 11.1304
204 124  2.8339  0.0000  0.0000
212 124  2.2319  0.0000 11.1304
220 124  1.5050  0.0000  0.0000
228 124  0.8167  0.0000  0.0000
236 124  0.3186  0.0000 11.1304
244 124  0.0590  0.0000  0.0000
252 124 -0.3232  0.0000 11.1304
260 124 -0.8441  0.0000  0.0000
268 124 -0.3102  0.0000 11.1304
276 124 -0.1571  0.0000 19.4783
284 124 -0.0464  0.0000  0.0000
292 124  0.1520  0.0000  0.0000
  4 132  0.5035  0.0000  0.0000
 12 132  0.8201  0.0000  0.0000
 20 132  0.7964  0.0000  8.0000
 28 132  0.2971  0.0000 11.5903
 36 132  0.0041  0.0000 16.1088
 44 132 -0.1056 -1.5746 10.0855
 52 132 -0.1205  0.0000  0.0000
 60 132 -0.1339  0.0000  8.9379
 68 132 -0.1900  0.0000  7.8087
 76 132 -0.3167  0.0000  0.0000
 84 132 -0.5858  0.0000 16.1088
 92 132 -0.5308  0.0000  0.0000
100 132  0.2886  0.0000  0.0000
108 132  2.2053  0.0000 16.1088
116 132  3.4751  0.0000  0.0000
124 132  4.1544  0.0000  8.2581
132 132  3.7998  0.0000 16.1088
140 132  2.9824  0.0000 16.1088
148 132  2.0288  0.0000  0.0000
156 132  1.0921  0.0000  0.0000
164 132  0.2347  0.0000  0.0000
172 132 -0.5000 -0.2274  6.6693
180 132 -0.5000  0.0000 11.1304
188 132 -0.9208  0.0000  0.0000
196 132 -0.3909  0.0000  0.0000
204 132 -0.2441  0.0000  0.0000
212 132 -0.1403  0.0000  0.0000
220 132 -0.0514  0.0000  0.0000
228 132  0.0000 -0.0158 17.0667
236 132  0.3305  0.0000  0.0000
244 132  0.3570  0.0000  0.0000
252 132  0.0849  0.0000 16.1088
260 132 -0.1365  0.0000 11.1304
268 132 -0.2157  0.0000 11.1304
276 132 -0.2489  0.0000  8.0000
284 132 -0.3664  0.0000 16.1088
292 132 -0.6151  0.0000 11.1304
  4 140 -0.9108  0.0000 12.1905
 12 140 -1.0010  0.0000 16.1088
 20 140 -0.7813  0.0000 16.1088
 28 140 -0.0257  0.0000  0.0000
 36 140  1.4141  0.0000 11.1304
 44 140  3.1477  0.0000 11.1304
 52 140  4.5000  4.5000  4.0635
 60 140  4.1073  0.0000  0.0000
 68 140  3.2539  0.0000 11.1304
 76 140  2.2993  0.0000  0.0000
 84 140  1.3930  0.0000  0.0000
 92 140  0.6314  0.0000  0.0000
100 140  0.1407  0.0000  0.0000
108 140  0.1068  0.3135 15.1963
116 140 -0.5000  2.5000  4.0635
124 140 -0.4573  0.0000 11.1304
132 140 -0.2457  0.0000  0.0000
140 140 -0.0588  0.0000  0.0000
148 140  0.1617  0.0000  0.0000
156 140  0.2977  0.0000  0.0000
164 140  0.3491  0.0000 16.1088
172 140  0.1855  0.0000  8.5333
180 140 -0.1052  0.0000 13.0803
188 140 -0.3048  0.0000 11.1304
196 140 -0.2968  0.0000  0.0000
204 140 -0.2659  0.0000  0.0000
212 140 -0.4215  0.0000  0.0000
220 140 -0.8212  0.0000  0.0000
228 140 -1.3070 -0.0337 12.4709
236 140 -1.2930  0.0000 17.0667
244 140 -1.0762  0.0000  0.0000
252 140 -0.5917  0.0000  0.0000
260 140  0.2571  0.1311  7.2040
268 140  1.9498  0.0000 11.1304
276 140  3.2186  0.0000  0.0000
284 140  3.3344  0.0000  0.0000
292 140  2.8708  0.0000 12.0628
  4 148  2.2079  0.0000 19.4783
 12 148  1.5538  0.0000 16.1088
 20 148  1.0386  0.0000  0.0000
 28 148  0.7541  0.0000 16.1088
 36 148  0.6854  0.0000 16.1088
 44 148  0.3954  0.0000 19.1045
 52 148 -0.4398  0.0000 11.1304
 60 148 -0.1571  0.0000 17.0667
 68 148  0.1326  0.0000 10.6209
 76 148  0.5722  0.0000 13.1641
 84 148  0.8369  0.0000 11.1304
 92 148  0.5940  0.0000  0.0000
100 148  0.1465  0.0000 11.1304
108 148 -0.2808  0.0000 16.1088
116 148 -0.5000  0.0000 11.1304
124 148 -0.3270  0.0000 11.1304
132 148 -0.1118  0.0000 11.1304
140 148 -0.1785  0.0000  0.0000
148 148 -0.5543  0.0000  0.0000
156 148 -0.9711  0.0000 11.1304
164 148 -1.1132  0.0000 19.1045
172 148 -1.0282  0.0000 11.9011
180 148 -0.7043  0.0000 19.4783
188 148 -0.0706  0.0000 11.1304
196 148  1.0057  0.0000 11.1304
204 148  1.8954  0.0000 17.0667
212 148  2.2261  0.0000 11.1304
220 148  2.1342  0.0000 13.1641
228 148  1.8400  0.0000  0.0000
236 148  1.5219  0.0000  0.0000
244 148  1.3038  0.0000  0.0000
252 148  1.2550  0.0000  0.0000
260 148  1.3531  0.0000 12.0628
268 148  1.4475  0.0000 22.2609
276 148 -0.3339  0.0000 11.1304
284 148  0.0000  0.1960 11.1304
292 148  0.4105  0.0000 16.1088
  4 156  0.9297  0.0000 22.2609
 12 156  1.3070 -0.0337 12.4709
 20 156  0.7219  0.0000  0.0000
 28 156  0.0226  0.0000 11.1304
 36 156 -0.5018  0.0000  0.0000
 44 156 -0.6584  0.0000 19.1045
 52 156 -0.3443  0.0000  0.0000
 60 156  0.1080 -0.0353 12.6408
 68 156  0.1721 -0.0717 10.1155
 76 156 -0.1577  0.0000 13.1641
 84 156 -0.5000  0.0000 11.1304
 92 156 -0.7375  0.0000  0.0000
100 156 -0.7610  0.0000 16.1088
108 156 -0.5719  0.0000  0.0000
116 156 -0.1870  0.0000 19.1045
124 156  0.3413  0.0000 11.1304
132 156  0.8094  0.0000 11.1304
140 156  1.1701  0.0000  0.0000
148 156  1.3259  0.0000  0.0000
156 156  1.3469  0.0000 11.1304
164 156  1.3476  0.0000 21.6949
172 156  1.4242  0.0000  0.0000
180 156  1.6362  0.0000  0.0000
188 156  1.9941  0.0000 11.1304
196 156  2.4705  0.0000 11.1304
204 156 -0.2108  0.0000 13.1641
212 156  0.0805  0.0000  0.0000
220 156  0.4203  0.0000  0.0000
228 156  0.7450  0.0000  0.0000
236 156  0.8248  0.0000  0.0000
244 156  0.3079  0.0000  0.0000
252 156 -0.3815  0.0000  0.0000
260 156 -0.9083  0.0000 19.4783
268 156 -1.0251  0.0000 19.4783
276 156 -0.5655  0.0000  0.0000
284 156  0.0130  0.0000  0.0000
292 156  0.1838  0.0000  0.0000
  4 164  0.0113  0.0000 11.1304
 12 164 -0.2377  0.0000  0.0000
 20 164 -0.4258  0.0000 11.1304
 28 164 -0.4622  0.0000  0.0000
 36 164 -0.3461  0.0000 22.2609
 44 164 -0.1525  0.0000  8.0000
 52 164 -0.0522  0.0000  0.0000
 60 164  0.0144  0.1316  9.0772
 68 164  0.3486  0.0000 16.1088
 76 164  0.6295  0.0000 20.7059
 84 164  0.8604  0.0000 11.1304
 92 164  1.1082  0.0000 16.1088
100 164  1.4323  0.0000 19.4783
108 164  1.8829  0.0000 16.1088
116 164  2.5000 -0.1588 10.5785
124 164  3.3091  0.0000  0.0000
132 164 -0.1417  0.0000  0.0000
140 164  0.0533  0.0000 17.0667
148 164  0.2545  0.0000  0.0000
156 164  0.3709  0.0000  0.0000
164 164  0.2483 -0.1160  9.3535
172 164 -0.2171  0.0000  0.0000
180 164 -0.8301  0.0000  0.0000
188 164 -1.3170  0.0000 11.1304
196 164 -1.4630  0.0000 11.1304
204 164 -0.7830  0.0000  0.0000
212 164 -0.0418 -0.1521 12.6567
220 164  0.1423  0.0000  0.0000
228 164  0.0447  0.0000  0.0000
236 164 -0.1181  0.0000  0.0000
244 164 -0.2301  0.0000 11.1304
252 164 -0.2358  0.0000  0.0000
260 164 -0.1351  0.0000  0.0000
268 164  0.0000 -0.5000  8.8276
276 164 -0.1411  0.0000  0.0000
284 164 -0.2316  0.0000  0.0000
292 164 -0.0916  0.0000 11.1304
  4 172  0.1488  0.0000  0.0000
 12 172  0.4640  0.0000 16.1088
 20 172  0.8677  0.0000  0.0000
 28 172  1.3609  0.0000  0.0000
 36 172  1.9744  0.0000 12.0455
 44 172  2.7667  0.0000 11.1304
 52 172  3.8246  0.0000 11.1304
 60 172 -0.1388  0.0000  0.0000
 68 172 -0.0260  0.0000 20.7059
 76 172  0.0647  0.0000 11.1304
 84 172  0.0637  0.0000  0.0000
 92 172 -0.1165  0.0000 16.1088
100 172 -0.4998  0.0000  0.0000
108 172 -0.9522  0.0000 12.0628
116 172 -1.2396  0.0000 11.1304
124 172 -1.5000  0.0000  8.2581
132 172 -0.6431  0.0000 16.1088
140 172 -0.0326  0.0000 11.1304
148 172  0.1093  0.0000  0.0000
156 172  0.0124  0.0000 11.1304
164 172 -0.0958  0.0000  9.2850
172 172 -0.1453  0.0000 16.1088
180 172 -0.1383  0.0000 16.1088
188 172 -0.1017  0.0000  0.0000
196 172 -0.1009  0.0000  0.0000
204 172 -0.2492  0.0000  0.0000
212 172 -0.3679  0.0000  0.0000
220 172 -0.3321  0.0000 16.1088
228 172 -0.1560  0.0000 11.1304
236 172  0.1808  0.0000  0.0000
244 172  0.6731  0.0000  0.0000
252 172  1.2479  0.0000  0.0000
260 172  1.9206  0.0000  0.0000
268 172  2.7681  0.0000  0.0000
276 172  3.9251  0.0000  0.0000
284 172 -0.1682  0.0000  0.0000
292 172 -0.0986  0.0000  0.0000
  4 180 -0.0606  0.0000 13.7190
 12 180 -0.0779  0.0000 11.1304
 20 180 -0.1895  0.0000  0.0000
 28 180 -0.3718  0.0000 16.1088
 36 180 -0.4681  0.0000  9.5738
 44 180  0.0307  0.0000  0.0000
 52 180  0.5022  0.0000  0.0000
 60 180  0.5622  0.0000  0.0000
 68 180  0.4585  0.0000 11.1304
 76 180  0.2425  0.0000  0.0000
 84 180  0.0000 -0.5000  8.8276
 92 180 -0.1008 -0.0843 14.9901
100 180 -0.1025  0.0000  0.0000
108 180 -0.0929  0.0000 11.9011
116 180 -0.1160  0.0000 11.1304
124 180 -0.1974  0.0000 11.1304
132 180 -0.3424  0.0000 11.1304
140 180 -0.4468  0.0000  0.0000
148 180 -0.4309  0.0000 11.1304
156 180 -0.2869 -0.0431  7.2883
164 180  0.0557 -0.0632 16.2106
172 180  0.5822  0.0000 22.2609
180 180  1.1348  0.0000 16.1088
188 180  1.7369  0.0000 11.1304
196 180  2.4740  0.0000  0.0000
204 180  3.5189  0.0000  0.0000
212 180 -0.1807  0.0000  0.0000
220 180 -0.1284  0.0000 13.5576
228 180 -0.1026  0.0000 16.1088
236 180 -0.0676  0.0000 16.1088
244 180 -0.0346  0.0000  0.0000
252 180  0.0819  0.0000  0.0000
260 180  0.4915  0.0000  0.0000
268 180  1.4534  0.0000 22.2609
276 180  2.5000  0.0000  8.8276
284 180  1.6180  0.0000 13.5576
292 180  0.8619  0.0000  0.0000
  4 188  0.3628  0.0000 11.7230
 12 188  0.0527  0.0000  0.0000
 20 188 -0.0554  0.0000 11.1304
 28 188 -0.0180  0.0000 12.0455
 36 188 -0.0128  0.0000 11.1304
 44 188 -0.0947  0.0000  0.0000
 52 188 -0.2421  0.0000  0.0000
 60 188 -0.3966  0.0000  0.0000
 68 188 -0.4643  0.0000  0.0000
 76 188 -0.3772  0.0000 11.1304
 84 188 -0.1236  0.0000 16.1088
 92 188  0.2785  0.0000 17.0667
100 188  0.6632  0.0000 11.1119
108 188  1.0542  0.0000 11.1304
116 188  1.4521  0.0000 16.1088
124 188  1.8836  0.0000  0.0000
132 188  2.5000  0.0000  8.8276
140 188 -0.1381  0.0000 11.1304
148 188 -0.0995  0.0000 16.1088
156 188 -0.0823  0.0069 12.6530
164 188  0.0026  0.0000 11.2634
172 188  0.1082 -0.0530 14.7338
180 188  0.3190  0.0000  0.0000
188 188  0.7679  0.0000 11.1304
196 188  1.4162  0.0000 11.1304
204 188  1.7939  0.0000  0.0000
212 188  1.0930  0.0000  0.0000
220 188  0.5470  0.0000 12.5445
228 188  0.2030  0.0000 16.1088
236 188  0.0059  0.0000 11.1304
244 188 -0.0218  0.0000  0.0000
252 188  0.1452  0.0000 11.1304
260 188  0.1537  0.0000  0.0000
268 188 -0.0053  0.0000 22.2609
276 188 -0.2381  0.0000 11.1304
284 188 -0.4334  0.0000  0.0000
292 188 -0.4825  0.0000  0.0000
  4 196 -0.3234  0.0000 22.2609
 12 196  0.0241  0.0000 11.1304
 20 196  0.5000  0.0000 11.1304
 28 196  0.7295  0.0000 11.1304
 36 196  0.9651  0.0000 11.1304
 44 196  1.1312  0.0000  0.0000
 52 196  1.1056  0.0000  0.0000
 60 196  0.7511  0.0000  0.0000
 68 196 -0.0346  0.0000  0.0000
 76 196 -0.0033  0.0000 11.1304
 84 196  0.0382 -0.1028 16.6166
 92 196  0.0831  0.2573  6.8076
100 196  0.1392  0.0000 12.8600
108 196  0.2727  0.0000 15.0980
116 196  0.5482  0.0000 11.1304
124 196  0.7878  0.0000 11.1304
132 196  0.6727  0.0000 11.1304
140 196  0.0000  2.5000  8.8276
148 196 -0.0690  0.0000  0.0000
156 196 -0.0696 -0.0812 10.9765
164 196 -0.0500  0.0000 11.1304
172 196  0.0544  0.0000  9.8359
180 196  0.4665  0.0000  0.0000
188 196  0.4340  0.0000 16.1088
196 196  0.1504  0.0000  0.0000
204 196 -0.2011  0.0000  0.0000
212 196 -0.4750  0.0000 16.1088
220 196 -0.5446  0.0000  0.0000
228 196 -0.3601  0.0000  0.0000
236 196 -0.0652  0.0000  0.0000
244 196  0.2371  0.0000  0.0000
252 196  0.5785  0.0000  0.0000
260 196  0.8679  0.0000  0.0000
268 196  0.9623  0.0000  0.0000
276 196  0.6369  0.0000 11.1304
284 196 -0.5000  0.0000  8.2581
292 196  0.0899  0.0000 16.1088
  4 204  0.0661  0.0000  8.0000
 12 204  0.0508  0.0000 11.1304
 20 204  0.0575  0.0000 11.1304
 28 204  0.0769  0.0000 16.1088
 36 204  0.1289  0.0000  0.0000
 44 204  0.2172  0.0000 11.1304
 52 204  0.2314  0.0000 11.1304
 60 204  0.0422  0.0000 11.1304
 68 204 -0.3019  0.0000  0.0000
 76 204 -0.3096  0.0000 11.0617
 84 204 -0.1960  2.5000 11.1304
 92 204  0.0760  0.0000 13.4283
100 204  0.4786  0.0000 10.0591
108 204  1.0000  0.0000  8.2581
116 204  0.7596  0.0000  0.0000
124 204  0.3248  0.0000 11.1304
132 204 -0.1354  0.0000  0.0000
140 204 -0.4943  0.0000  0.0000
148 204 -0.5973  0.0000  0.0000
156 204 -0.3372  0.0000  0.0000
164 204 -0.0969  0.0606 12.1018
172 204 -0.0328 -0.2156 15.3670
180 204  0.4509  0.0000  0.0000
188 204  0.9083  0.0000  0.0000
196 204  1.1537  0.0000 11.1304
204 204  0.9444  0.0000 11.1304
212 204 -0.0061  0.0000 11.1304
220 204  0.2122  0.0000  0.0000
228 204  0.1194  0.0000 11.1304
236 204  0.0251  0.0000  0.0000
244 204 -0.0014  0.0000  0.0000
252 204 -0.0247  0.0000  0.0000
260 204 -0.0552  0.0000  0.0000
268 204 -0.0940  0.0000  0.0000
276 204 -0.1760  0.0000 11.1304
284 204 -0.3204  0.0000 11.1304
292 204 -0.4444  0.0000 12.0628
  4 212 -0.3577  0.0000 13.4737
 12 212 -0.1756  0.0000  0.0000
 20 212  0.1569  0.0000 11.1304
 28 212  0.5716  0.0000 11.1304
 36 212  0.9164  0.0000  0.0000
 44 212  0.7924  0.0000  0.0000
 52 212  0.4342  0.0000 11.1304
 60 212  0.0064  0.0000 11.1304
 68 212 -0.3742  0.0000 11.1304
 76 212 -0.5192  0.0000 11.1304
 84 212 -0.0418  0.1521 12.6567
 92 212  0.2152  0.0000 10.4446
100 212  0.0999  0.0000  9.2850
108 212  0.4718  0.0000  0.0000
116 212  1.0962  0.0000 11.1304
124 212  1.6950  0.0000 11.1304
132 212  1.9298  0.0000  0.0000
140 212  1.6553  0.0000  0.0000
148 212  0.3165  0.0000  8.2581
156 212  0.1760  0.0000 15.0588
164 212  0.0000 -0.1820 11.3219
172 212 -0.0288  0.0000 19.4783
180 212 -0.1055  0.0000  0.0000
188 212 -0.2297  0.0000  0.0000
196 212 -0.3732  0.0000  0.0000
204 212 -0.5151  0.0000  0.0000
212 212 -0.6243  0.0000 16.1088
220 212 -0.6380  0.0000  0.0000
228 212 -0.4897  0.0000 11.1304
236 212 -0.2263  0.0000  0.0000
244 212  0.1374  0.0000  0.0000
252 212  0.5234  0.0000  0.0000
260 212  0.7908  0.0000  0.0000
268 212  0.7845  0.0000  0.0000
276 212  0.6110  0.0000 13.1641
284 212  0.3993  0.0000 11.1304
292 212  0.1943  0.0000  0.0000
  4 220  0.0000  2.5000  8.8276
 12 220  0.6535  0.0000  0.0000
 20 220  0.1960 -0.5000 11.1304
 28 220 -0.5000  0.0000  8.8276
 36 220  0.0000 -0.1960 11.1304
 44 220  1.0921  0.0000 11.1304
 52 220  2.3677  0.1145 12.8207
 60 220  3.3123  0.0000  0.0000
 68 220  3.9697  0.0000  0.0000
 76 220  0.3854  0.0000 11.1304
 84 220  0.2153  0.0000 10.1078
 92 220  0.0806  0.0000 12.5902
100 220  0.0698  0.2911 10.5124
108 220 -0.1142  0.0000  0.0000
116 220 -0.3779  0.0000 12.0628
124 220 -0.6525  0.0000 16.1088
132 220 -0.8760  0.0000  0.0000
140 220 -0.9880  0.0000  0.0000
148 220 -0.9391  0.0000 11.1304
156 220 -0.7158  0.0000 10.2729
164 220 -0.3589  0.0000 11.1304
172 220  0.0698  0.2911 10.5124
180 220  0.4899  0.0000  0.0000
188 220  0.7606  0.0000  0.0000
196 220  0.8450  0.0000  0.0000
204 220  0.8844  0.0000  0.0000
212 220  1.1190  0.0000 11.1304
220 220  1.7308  0.0000  0.0000
228 220  2.5679  0.0000  5.4468
236 220  2.5000  0.0000  8.8276
244 220 -2.5000 -1.0000  7.6040
252 220 -3.1571  0.0000  0.0000
260 220 -1.6832  0.0000  0.0000
268 220  0.5713  0.0000 11.1304
276 220  2.8751  0.0000 11.1304
284 220  4.8300  0.0000 11.1304
292 220  6.5345  0.0000 16.1088
