VARIABLES= "X pix", "Y pix", "U pix/dt", "V pix/dt", "CHC", ZONE I=7, J=9
 16  16  0.0060 -0.0003 10.5142
 48  16  0.0015 -0.0025 12.5510
 80  16  0.0095 -0.0104 13.0485
112  16 -0.0065  0.0022 12.1042
144  16  0.0068 -0.0056 14.5802
176  16  0.0072 -0.0015 14.7519
208  16  0.0046 -0.0009 19.1467
240  16 -0.0023  0.0015 30.3273
272  16 -0.0029  0.0001 33.1554
 16  48 -0.0104 -0.0025  7.8376
 48  48 -0.0083  0.0606  7.1042
 80  48  0.0010  0.0774  7.5657
112  48 -0.0160 -0.0406  7.1994
144  48  0.0047 -0.0041  5.3568
176  48 -0.0015  0.0037 12.4812
208  48 -0.0034 -0.0041  6.3503
240  48  0.0309 -0.0196  9.6984
272  48  0.0044  0.0014 11.9349
 16  80 -0.1138  0.0020 17.3814
 48  80 -0.0012 -0.0184 23.6189
 80  80  0.0313  0.0804 13.7558
112  80  0.0408 -0.0066 10.4421
144  80  0.0036  0.0038  6.5902
176  80  0.0047 -0.0064  4.8528
208  80 -0.0191  0.1502  5.9736
240  80  0.0652  0.0605 13.4742
272  80 -0.0481 -0.1000  8.3556
 16 112 -0.1161 -0.0428 10.7243
 48 112 -0.0495  0.0215 10.7925
 80 112 -0.0633  0.0853 12.7740
112 112 -0.0034 -0.0485 13.7796
144 112  0.0000  0.0000 10.9655
176 112 -0.1197  0.0060 15.9279
208 112  0.0000  0.0000 11.2375
240 112 -0.1347  0.0090 15.6582
272 112  0.0670 -0.1228  9.2682
 16 144  0.0113  0.1773  9.1953
 48 144 -0.0593 -0.0366  9.3648
 80 144  0.0747 -0.0092 17.2227
112 144 -0.2335  0.0835  7.6007
144 144  0.0000  0.0000  9.1412
176 144  0.1205 -0.0178 10.7992
208 144  0.0716 -0.0247 16.8301
240 144  0.0000  0.0338  9.9186
272 144 -0.0422 -0.1314 15.8608
 16 176  0.0213  0.0391 10.1707
 48 176 -0.0084 -0.0558 15.3431
 80 176 -0.0453 -0.0291 18.4156
112 176 -0.0189  0.0733  8.2885
144 176 -0.1511 -0.1342  6.5472
176 176  0.1169  0.0570 18.0519
208 176  0.0902 -0.0080 10.8369
240 176 -0.0760  0.4539 13.7924
272 176  0.0340  0.1078 10.8763
 16 208 -0.1230 -0.1633  9.7123
 48 208  0.1997 -0.0628 13.4200
 80 208 -0.0249 -0.0303 12.4006
112 208 -0.0139  0.0546  9.3830
144 208  0.0748 -0.0969  8.2383
176 208 -0.0027  0.1031 14.3791
208 208  0.0466  0.0355  9.9590
240 208 -0.0582  0.0570 15.2745
272 208  0.0104  0.0214 16.8131
