VARIABLES= "X pix", "Y pix", "U pix/dt", "V pix/dt", "CHC", ZONE I=7, J=9
 16  16 -0.0130  0.0059 10.1067
 48  16 -0.0114  0.0054 11.6676
 80  16  0.0061 -0.0060 12.1916
112  16 -0.0041  0.0045 11.5356
144  16  0.0082  0.0098 13.9002
176  16  0.2688  0.0258 14.4485
208  16  0.0828  0.0226 18.6661
240  16  0.0124  0.0168 30.0392
272  16  0.0589  0.0133 32.0600
 16  48 -0.0042 -0.0074  7.8738
 48  48 -0.0353 -0.0087  7.1979
 80  48  0.0062  0.1591  7.2330
112  48  0.1325 -0.0633  6.6038
144  48  0.0132  0.0220  5.3301
176  48  0.2379  0.2671 12.1341
208  48  0.0897 -0.0081  6.4651
240  48 -0.0106 -0.0118  9.3733
272  48 -0.0149  0.0127 11.2519
 16  80  0.0596 -0.0459 20.1204
 48  80 -0.0569 -0.0508 19.2801
 80  80  0.0085  0.0525 13.8520
112  80 -0.0100  0.0705  9.2624
144  80 -0.0203 -0.0014  5.4018
176  80 -0.0159  0.0347  4.9461
208  80  0.0725  0.2184  4.9875
240  80 -0.1555 -0.0357  9.7042
272  80 -0.1270  0.2474  8.6979
 16 112  0.1912  0.4589 10.7641
 48 112 -0.2374  0.0447  8.8458
 80 112 -0.0513  0.0913  9.2056
112 112 -0.0172  0.1039 12.3259
144 112  0.4712 -0.0083 12.1766
176 112  0.1152  0.0396 20.2739
208 112 -0.2365  0.0249  9.0817
240 112  2.5585  0.2007 12.8866
272 112  0.0162  0.1334  9.9484
 16 144 -0.1029 -0.0955  8.9656
 48 144 -0.1345  0.0640 11.2191
 80 144 -0.0857  0.1241  9.1660
112 144 -0.0406 -0.1815 11.7049
144 144 -0.0921  0.2012  7.3251
176 144  0.0691 -0.0137 10.2700
208 144  0.0771  0.0385  8.3739
240 144  0.1578 -0.2807  7.9740
272 144  0.2621  0.0153  8.2583
 16 176  0.0537  0.2824 11.2755
 48 176 -0.0234  0.0898 11.4217
 80 176 -0.0307  3.0000 15.7618
112 176 -11.5000 -7.7510 21.8518
144 176 -10.5000 16.0000 12.9008
176 176  0.0188  0.3231 10.3393
208 176  0.0712 -0.1719  7.3229
240 176  0.0324  2.7033  8.7575
272 176  0.1207 -0.1466 10.0871
 16 208  0.1029  2.0000 13.0503
 48 208  0.0925  1.4066  8.8041
 80 208 -0.0443 -0.0398 10.7575
112 208 -2.7581  2.0456  6.7049
144 208  0.2084  0.4414  5.2431
176 208 -0.0517  0.0914 14.1793
208 208 -0.1358  0.1400 11.1608
240 208  0.0045  0.0932  9.2051
272 208  0.3455 -0.1380  6.8228
