VARIABLES= "X pix", "Y pix", "U pix/dt", "V pix/dt", "CHC", ZONE I=7, J=9
 16  16 -0.0024  0.0002 10.0778
 48  16 -0.0004  0.0004 11.5850
 80  16  0.0118 -0.0000 12.1141
112  16  0.0005  0.0007 11.4722
144  16 -0.0060  0.0037 14.0044
176  16  0.0166 -0.0050 14.6520
208  16 -0.0028 -0.0023 18.7528
240  16  0.0032 -0.0023 30.4527
272  16  0.0061  0.0061 31.7393
 16  48  0.0031 -0.0089  7.8729
 48  48  0.0228  0.0468  7.1872
 80  48  0.0157  0.0236  7.3307
112  48  0.0000  0.0170  6.8379
144  48  0.0055  0.0051  5.3394
176  48  0.0046 -0.0068 12.6980
208  48 -0.0003 -0.0002  6.5135
240  48 -0.0138  0.0169  9.5552
272  48  0.0063  0.0028 11.3759
 16  80 -0.2905 -0.1222 14.6609
 48  80 -0.0413  0.0337 17.6610
 80  80  0.0060 -0.0572 13.1913
112  80 -0.0006  0.0565 11.3516
144  80 -0.0137  0.0137  5.3036
176  80  0.0008 -0.0290  4.9770
208  80 -0.0127  0.0495  4.9821
240  80  0.0000  0.0560 12.8519
272  80  0.0018 -0.1178  9.5822
 16 112  0.0383  0.1253 10.7078
 48 112 -0.0149 -0.0156  9.5314
 80 112  0.0246  0.0643  9.5285
112 112  0.0097 -0.0452 12.6663
144 112  0.0677  0.1643 12.5683
176 112 -0.0885 -0.0435 15.0475
208 112  0.0505  0.0147 11.1023
240 112  0.0709  0.0285 12.7472
272 112 -0.0521  0.0095  8.6426
 16 144  0.0230 -0.0239  9.9962
 48 144 -0.0618 -0.0168 10.3172
 80 144  0.0703  0.0000 12.0111
112 144  0.0726 -0.0329 10.6972
144 144 -0.1766  0.0080  7.5589
176 144 -0.0565 -0.0607 10.0249
208 144 -0.0681 -0.0188  9.9359
240 144  0.0000 -0.1742  8.9432
272 144 -0.2435  0.0109 10.8354
 16 176  0.0018  0.2581 14.1860
 48 176  0.0894  0.0762  9.7264
 80 176  0.2530  0.0708 13.2223
112 176  0.0000  0.0000 87.1489
144 176  4.5000 18.5000 27.1258
176 176  0.1481 -0.1025 17.3333
208 176  0.0716  0.0423  9.6663
240 176  0.0428 -0.7198 11.5166
272 176  0.0157  0.1292 10.0639
 16 208  0.0834 -0.0064 17.2829
 48 208  0.0144  0.1179 10.7228
 80 208 -0.0368 -0.1145 12.0034
112 208  0.0069  0.0472  8.4839
144 208  0.0486  0.5000  8.7641
176 208  0.0060  0.0811 14.8379
208 208 -0.1044  0.0920 26.0892
240 208  0.0209  0.0664 10.6331
272 208  0.0095  0.1077  7.2474
