VARIABLES= "X pix", "Y pix", "U pix/dt", "V pix/dt", "CHC", ZONE I=7, J=9
 16  16  0.0003 -0.0048 10.0742
 48  16  0.0037  0.0040 10.8781
 80  16  0.0018  0.0019 11.3684
112  16 -0.0125 -0.0001 11.1126
144  16 -0.0050 -0.0011 13.3475
176  16 -0.0037  0.0050 14.1418
208  16  0.0039 -0.0066 17.7378
240  16  0.0007 -0.0013 32.9302
272  16 -0.0057 -0.0029 31.6656
 16  48 -0.0003  0.0283  7.7662
 48  48  0.0000  0.0000  7.2465
 80  48  0.0000  0.0000  6.8496
112  48 -0.0032 -0.0224  7.0322
144  48  0.0070  0.0007  5.3099
176  48 -0.0005  0.0002 12.3589
208  48  0.0051  0.0006  6.6259
240  48  0.0039  0.0054  9.6320
272  48 -0.0019  0.0018 11.0297
 16  80 -0.0265  0.0000 17.2123
 48  80 -0.0074  0.0303 17.8702
 80  80  0.0318  0.1524 13.2844
112  80  0.0407 -0.1050 10.6468
144  80 -0.0043  0.0093  5.2574
176  80  0.0055 -0.0046  5.0852
208  80 -0.0079 -0.0200  4.8582
240  80 -0.0665  0.2065 11.8814
272  80 -0.1184 -0.0327  8.5360
 16 112  0.0272 -0.0099 11.5384
 48 112  0.0194 -0.0073  9.1063
 80 112  0.0433  0.0245 10.8478
112 112  0.0552  0.0918 12.6573
144 112  0.0113 -0.0142 11.4725
176 112  0.0425  0.0276 26.9991
208 112 -0.4486  0.0086 28.8934
240 112  0.4813  0.0000 17.7036
272 112  0.0269  0.0258  8.3179
 16 144 -0.0252 -0.0070  8.5169
 48 144 -0.1167  0.0686 10.2525
 80 144  0.0000 -0.0893  7.6421
112 144  0.0969  0.0719 10.2102
144 144 -0.0434 -0.0793  7.2589
176 144  0.0468  0.0073 10.4126
208 144  0.0659 -0.1733  9.3067
240 144 -0.0358 -0.0552 13.4975
272 144 -0.0979  0.0248 11.9792
 16 176  0.0555 -0.0098 11.8814
 48 176  0.1167 -0.0191 15.0739
 80 176  0.0000  0.0000 22.1405
112 176  0.0000  0.0000  7.9254
144 176 -2.0000  0.0000 32.2520
176 176 -0.0489 -0.0321 10.9199
208 176  0.0216 -0.0660  8.3474
240 176  0.0133 -0.0706 22.8809
272 176 -0.0572  0.0785  8.3369
 16 208 -0.0294 -0.0033 21.7790
 48 208  0.1490  0.0464 10.7817
 80 208 -0.0106  0.0083 10.3513
112 208 -0.0222  0.0569  8.3136
144 208  0.1251 -0.1082  9.8197
176 208  0.0253  0.0184 15.6672
208 208 -0.0531  0.0648 12.7515
240 208 -0.0088 -0.0019 11.3166
272 208 -0.1425 -0.2885 10.8318
