VARIABLES= "X pix", "Y pix", "U pix/dt", "V pix/dt", "CHC", ZONE I=7, J=9
 16  16 -0.0130 -0.0159  9.7467
 48  16  0.0045 -0.0023 10.8153
 80  16 -0.0034 -0.0003 11.2242
112  16 -0.0022  0.0035 10.8952
144  16 -0.0006 -0.0120 13.0122
176  16  0.0112 -0.0083 13.9776
208  16 -0.0064 -0.0005 17.2521
240  16 -0.0034  0.0007 31.5370
272  16  0.0015 -0.0049 29.0020
 16  48  0.0024  0.0024  8.0524
 48  48  0.0065  0.0451  7.0979
 80  48  0.0025  0.1502  7.5266
112  48  0.0353  0.1116  6.3421
144  48  0.0157  0.0021  5.2926
176  48  0.0185  0.0024 12.4765
208  48 -0.0009 -0.0030  6.7102
240  48 -0.0386  0.0221  9.5741
272  48 -0.0100 -0.0051 10.6082
 16  80  0.0402  0.0430 16.1418
 48  80  0.0250  0.0113 19.9380
 80  80 -0.0194 -0.0029 14.7297
112  80 -0.0692  0.0266 10.9924
144  80 -0.0199  0.0082  5.0445
176  80 -0.0016  0.0003  5.1402
208  80  0.0001  0.0237  4.8719
240  80  0.0183  0.0535 12.4341
272  80 -0.0587 -0.1738  8.8973
 16 112 -0.0224 -0.0069  9.7971
 48 112 -0.1171 -0.0931  9.2844
 80 112  0.0353  0.1206 11.6548
112 112  0.0068 -0.1465 12.1101
144 112  0.0143 -0.0697 10.9864
176 112 -0.0022  0.0290 13.9725
208 112  0.0286  0.0318 20.2648
240 112  0.0428 -0.0190 13.5248
272 112  0.1076 -0.0051  8.2415
 16 144 -0.0275 -0.0148  8.6887
 48 144  0.0812  0.0102  9.7779
 80 144  0.0949 -0.1568  7.8665
112 144 -0.0980  0.0663 10.4334
144 144  0.0213  0.0195  7.8356
176 144  0.0492  0.0262  8.1461
208 144  0.0599 -0.0088 11.4220
240 144 -0.1794  0.0629 12.6604
272 144  0.0085  0.1285 10.4435
 16 176 -0.0255  0.0209 12.7006
 48 176  0.1160 -0.1012  8.7480
 80 176 -0.2472  1.2154 21.1452
112 176  0.1115  0.2174 11.4833
144 176  0.2066  0.0565  9.3091
176 176  0.0311 -0.0650  8.6408
208 176  0.5000 -0.1941  7.6874
240 176 -0.0017 -0.0545 16.0552
272 176  0.0551  0.0000  7.7440
 16 208  0.1132  0.0576 17.2083
 48 208 -0.1435 -0.4081  8.8783
 80 208  0.0528  0.0415  7.9965
112 208 -0.0577 -0.2148 11.4416
144 208  0.1237 -0.0214 10.2843
176 208  0.0111  0.0603 12.8043
208 208 -0.0276  0.2809 19.1637
240 208 -0.0049  0.1436 12.9339
272 208 -0.0702  0.0337 12.4516
