VARIABLES= "X pix", "Y pix", "U pix/dt", "V pix/dt", "CHC", ZONE I=7, J=9
 16  16 -0.0038 -0.0120  9.9532
 48  16  0.0065  0.0064 12.4011
 80  16  0.0030  0.0018 12.7963
112  16  0.0046  0.0002 12.2117
144  16 -0.0062  0.0090 14.5542
176  16 -0.0072 -0.0093 15.3573
208  16 -0.0044 -0.0012 19.2192
240  16 -0.0043 -0.0020 26.0649
272  16 -0.0005  0.0011 29.6791
 16  48 -0.0006  0.0038  8.0999
 48  48  0.0112  0.0037  7.0515
 80  48 -0.0430 -0.0078  7.3268
112  48  0.0035  0.0253  7.4503
144  48  0.0061 -0.0139  5.1846
176  48  0.0049  0.0064 12.0739
208  48  0.0011 -0.0031  7.2402
240  48  0.0003 -0.0030  8.4644
272  48  0.0015  0.0067 11.2811
 16  80 -0.0182 -0.0076 13.1740
 48  80  0.0191 -0.0167 23.6090
 80  80 -0.0666 -0.0313 18.1199
112  80  0.0633  0.0104 12.3498
144  80 -0.0048 -0.0033  5.1143
176  80  0.0000  0.0015  5.3408
208  80  0.0394  0.0053  4.7721
240  80  0.0732 -0.1032 20.8461
272  80  0.0641  0.0097  7.9042
 16 112  0.0394 -0.0090 10.8530
 48 112  0.0518  0.0209  8.9578
 80 112 -0.0982 -0.0019 11.9715
112 112  0.0008  0.0831 13.3627
144 112  0.1165  0.1540 11.7471
176 112  0.0478 -0.0422 23.6549
208 112  0.0000  0.0000 16.4799
240 112 -0.0794  0.0304 10.6248
272 112  0.0243  0.0280  8.1149
 16 144  0.0330 -0.0672 11.6951
 48 144 -0.1077  0.1680 12.2715
 80 144 -0.0763  0.0182  7.4491
112 144  0.0503  0.0269 22.3345
144 144  0.1806 -0.0143  8.4276
176 144  0.0657 -0.0413 11.7778
208 144 -0.0809 -0.0787  9.1324
240 144 -0.0295  0.0057 10.4492
272 144 -0.0746  0.0000 11.8448
 16 176  0.0266 -0.0240 16.5853
 48 176 -0.1547 -0.0414  8.0974
 80 176  0.0235  0.0270  6.7935
112 176  0.0000  0.0000  6.1531
144 176  0.2188  0.0144  7.6907
176 176  0.1482  0.0245 11.8319
208 176  0.0784  0.0335  9.8698
240 176 -0.0352  0.0270 30.5328
272 176  0.1494  0.0912 13.8726
 16 208 -0.0464 -0.0261 12.1845
 48 208 -0.0334 -0.0045  9.5321
 80 208 -0.0175  0.0860 12.1873
112 208 -0.0215 -0.0255 20.5051
144 208  0.0131  0.1046 13.3420
176 208  0.0000 -0.0876 12.6192
208 208  0.0104  0.0269 12.2108
240 208  0.0161 -0.0781 10.6165
272 208  0.0208  0.0619  9.5428
