VARIABLES= "X pix", "Y pix", "U pix/dt", "V pix/dt", "CHC", ZONE I=7, J=9
 16  16  0.0096  0.1575  9.5632
 48  16  0.0021  0.0600 10.6308
 80  16  0.0117  0.0769 11.2597
112  16  0.0247  0.0709 10.9363
144  16  0.0021  0.0782 13.3541
176  16  0.0224  0.2968 14.1767
208  16  0.1105  0.0858 17.4519
240  16 -0.0041  0.0652 28.1156
272  16 -0.0090  0.0534 29.1910
 16  48 -0.0069  0.0232  7.8219
 48  48  0.0220  0.0518  7.2628
 80  48 -0.0507  0.0722  7.2702
112  48  0.0229  0.0608  7.4543
144  48  0.0031  0.0404  5.1159
176  48  0.1114  0.4766 11.6150
208  48  0.1271  0.0563  7.4384
240  48 -0.0091  0.0026  8.4186
272  48  0.0018 -0.0081 11.1630
 16  80 -0.3412 -0.0981 14.1582
 48  80  0.0819  0.3192 20.5583
 80  80  0.1066  0.1485 15.5564
112  80  0.1869  0.1980 11.3229
144  80 -0.0105  0.0665  5.1455
176  80  0.0012  0.1725  5.5339
208  80  0.0200  0.0900  4.8098
240  80 -0.0182  1.4163 17.2422
272  80 -0.0393  0.1380  7.3504
 16 112 -0.0480  0.1717 10.8037
 48 112  0.2332  0.2244  8.8447
 80 112  0.0573  0.0216 17.3114
112 112 -0.0260 -0.1349  9.7280
144 112  0.1028 -0.0838  9.6375
176 112 -0.0149  0.1940 10.1849
208 112 -0.1718  0.1681 17.3569
240 112  0.0817 -0.0633 11.8970
272 112 -0.0359 -0.0540 10.1849
 16 144  0.1724  0.4064 10.6757
 48 144  0.0304  0.1639  8.9052
 80 144  0.4240  0.1782  6.6820
112 144 -0.0493  0.3170 21.4101
144 144  0.0133 -0.0693  8.3668
176 144 -0.1506  0.3188 12.5961
208 144  0.1271  0.4609  6.7215
240 144 -0.0048  0.0597  8.9202
272 144  0.0866  0.0487 11.4379
 16 176 -0.0294  0.2171 10.3290
 48 176 -0.0488 -0.0761 10.1172
 80 176  0.0705  0.1710  7.4561
112 176 -0.1312  0.1148  7.4500
144 176  0.1190  2.7994  5.7352
176 176  0.0642  0.4300 10.3566
208 176  0.1001  0.0937  8.2161
240 176 -0.1026  0.2455  6.4369
272 176  0.3351  3.2305  8.3178
 16 208  0.1161  0.0160  9.8002
 48 208  0.0287  2.0886 13.4162
 80 208  0.0487 -0.0674  9.1152
112 208  0.2783 -10.7596 13.6474
144 208 -1.8329  3.2258 19.7348
176 208 -0.0031  1.5000 13.0536
208 208  0.0077  0.0760 20.7673
240 208  0.0663  0.1510  8.6184
272 208 -0.2178  0.1772  7.0130
