VARIABLES= "X pix", "Y pix", "U pix/dt", "V pix/dt", "CHC", ZONE I=7, J=9
 16  16 -0.0060  0.0020  9.6593
 48  16  0.0013  0.0059 11.3763
 80  16 -0.0014 -0.0006 11.8326
112  16  0.0055  0.0038 11.5482
144  16 -0.0032 -0.0006 13.5657
176  16 -0.0039  0.0022 15.2384
208  16  0.0017  0.0002 17.1973
240  16  0.0005 -0.0009 26.1301
272  16  0.0023  0.0049 25.8385
 16  48 -0.0120  0.0108  8.0984
 48  48  0.0013 -0.0028  7.3583
 80  48 -0.0146  0.0137  7.0836
112  48 -0.0052  0.0232  8.2708
144  48 -0.0139  0.0026  5.1280
176  48 -0.0043 -0.0019 12.3119
208  48  0.0011 -0.0010  8.1789
240  48 -0.0101  0.0215  8.7858
272  48 -0.0088  0.0136 10.9389
 16  80  0.0653  0.1273 14.8547
 48  80  0.0346  0.0141 16.4904
 80  80 -0.0507 -0.0436 18.8254
112  80  0.0148  0.0310 14.2890
144  80 -0.0003  0.0003  5.0689
176  80 -0.0009 -0.0026  5.8721
208  80  0.0035  0.0008  4.9563
240  80 -0.0246  0.0117 10.1595
272  80  0.0069 -0.0128  7.0630
 16 112 -0.0447 -0.0010 10.0830
 48 112 -0.0068 -0.1031  8.9866
 80 112 -0.0045 -0.0026 18.9500
112 112 -0.0400  0.0493 11.9580
144 112 -0.0446  0.0000 18.5009
176 112 -0.0505  0.0000 25.2404
208 112 -0.0725  0.0000 20.5775
240 112 -0.0202  0.0973 10.3337
272 112 -0.0057  0.0278  7.4602
 16 144  0.0510  0.0000 16.8173
 48 144  0.0322  0.1493 10.2888
 80 144 -0.0099 -0.0074  8.6200
112 144  0.0410 -0.0479 12.7485
144 144 -0.1167 -0.0714  8.7284
176 144 -0.0092  0.0150 12.9818
208 144 -0.0210  0.0000 11.8789
240 144  0.0624 -0.0753  9.2717
272 144 -0.0854 -0.0064  9.6692
 16 176  0.1070  0.0508  7.6627
 48 176  0.0456  0.0463  8.8411
 80 176  0.0461  0.0928  8.6397
112 176 -0.0691  0.0466 12.8660
144 176 -0.0015  0.0000 13.1704
176 176  0.0179  0.1427  8.9372
208 176 -0.0637 -0.0151  9.4473
240 176 -0.0146  0.0750 26.5244
272 176  0.0130  0.0075 26.0898
 16 208  0.0516  0.0000 16.4748
 48 208  0.0910  0.0398  7.8909
 80 208 -0.0125  0.0000 11.8313
112 208 -0.0215  0.0000 12.2213
144 208  0.0000  0.0634 13.9212
176 208 -0.0127  0.0000 10.9946
208 208  0.0000 -0.0275 36.5000
240 208 -0.0042  0.0135 15.4218
272 208  0.1213  0.0000 47.0805
