VARIABLES= "X pix", "Y pix", "U pix/dt", "V pix/dt", "CHC", ZONE I=7, J=9
 16  16 -0.0084 -0.0013  9.4926
 48  16 -0.0093 -0.0042 10.3536
 80  16  0.0078  0.0006 11.0874
112  16  0.0012  0.0007 10.8524
144  16 -0.0168  0.0019 13.1239
176  16 -0.0163 -0.0005 15.0936
208  16 -0.0102  0.0054 15.9078
240  16  0.0091  0.0017 27.8414
272  16  0.0047 -0.0016 26.2493
 16  48 -0.0020  0.0133  8.2540
 48  48 -0.0027 -0.0155  7.4311
 80  48  0.0085  0.0056  7.1639
112  48  0.0180  0.0277  7.1845
144  48  0.0136 -0.0077  5.0364
176  48 -0.0067  0.0004 12.6030
208  48 -0.0091  0.0022  8.7807
240  48  0.0288  0.0314  8.9582
272  48  0.0206  0.0438 11.0697
 16  80 -0.0147 -0.0233 13.7534
 48  80  0.0873  0.0446 26.7124
 80  80 -0.0254  0.0120 11.3150
112  80 -0.0782  0.0359 12.7880
144  80  0.0036 -0.0053  5.1728
176  80  0.0001  0.0045  6.2546
208  80  0.0032  0.0137  5.2697
240  80  0.0409 -0.0063 15.9377
272  80  0.0146  0.2027  6.1924
 16 112  0.1046  0.0000 10.4513
 48 112 -0.0025  0.0360  8.8699
 80 112 -0.0848 -0.0434 12.6502
112 112 -0.0184 -0.0278  9.9214
144 112 -0.0066  0.0315  9.2640
176 112  0.0139 -0.0000  9.9171
208 112  0.0353 -0.0789 18.8761
240 112 -0.0205  0.0700 21.5122
272 112 -0.0401  0.0080  7.8557
 16 144 -0.0022 -0.0362 10.3860
 48 144  0.0256 -0.0619  7.2013
 80 144 -0.0685  0.0335  8.8336
112 144 -0.1189  0.0404 17.9562
144 144 -0.0256 -0.1781 11.8449
176 144 -0.0717 -0.0043 16.1441
208 144  0.0385 -0.1263  9.6921
240 144 -0.0390  0.0180  8.4553
272 144  0.0338 -0.0436 11.6205
 16 176  0.0712  0.0323  9.4727
 48 176 -0.0929 -0.0340 12.4965
 80 176  0.0208 -0.0699  8.5662
112 176  0.0795  0.0522 22.8748
144 176 -0.1184  0.0441  9.5256
176 176 -0.1507  0.0000 24.7504
208 176  0.0000  0.0000 13.6951
240 176  0.0000  0.1024 13.9703
272 176  0.0000  0.0000  9.9548
 16 208  0.1612 -0.1291  8.9135
 48 208  0.1008 -0.0417 10.9623
 80 208  0.0000  0.0000 12.1115
112 208  0.0000  0.0000 14.3556
144 208  0.2264  0.0000  5.0756
176 208 -0.0346  0.0000 20.5949
208 208 -0.0431  0.0461 13.6709
240 208 -0.0133 -0.0750 19.3893
272 208  0.1913  0.0933  9.0995
