VARIABLES= "X pix", "Y pix", "U pix/dt", "V pix/dt", "CHC", ZONE I=7, J=9
 16  16 -0.0015 -0.0031  9.6164
 48  16  0.0001 -0.0028  9.1054
 80  16  0.0012  0.0005  9.8128
112  16  0.0061  0.0029  9.9798
144  16 -0.0013 -0.0013 12.0856
176  16 -0.0049  0.0071 14.9688
208  16  0.0027  0.0059 13.9073
240  16 -0.0056 -0.0006 28.1873
272  16  0.0004  0.0004 24.6126
 16  48  0.0000 -0.0000  7.7519
 48  48  0.0160 -0.0271  7.8144
 80  48 -0.0211 -0.0816  6.6831
112  48  0.0205  0.0022  6.5243
144  48  0.0049 -0.0055  4.9837
176  48  0.0000  0.0000 12.8917
208  48 -0.0007  0.0012 10.4786
240  48  0.0000  0.0000  8.9715
272  48 -0.0003 -0.0001 12.0949
 16  80  0.0000 -0.0189  9.3108
 48  80 -0.0316  0.0222 35.0302
 80  80  0.0092  0.0268 10.6409
112  80 -0.0359 -0.0136 10.1342
144  80 -0.0041 -0.0002  5.2408
176  80 -0.0016  0.0006  7.8287
208  80  0.0004 -0.0012  6.3589
240  80 -0.0959 -0.0890  8.4590
272  80  0.0473 -0.0268  6.8436
 16 112 -0.0476 -0.0274 13.4515
 48 112  0.0766  0.1581  9.8408
 80 112 -0.0047 -0.0555  8.1009
112 112  0.0309  0.0693  8.5787
144 112  0.0000  0.0570 11.3319
176 112 -0.1205  0.1086 30.5329
208 112  0.0710  0.0187 22.3440
240 112  0.2857 -0.0418 15.3487
272 112  0.0060 -0.0145  9.7741
 16 144 -0.0529 -0.0511  9.4009
 48 144  0.0114 -0.0181  8.4210
 80 144  0.1589  0.0148 10.1101
112 144 -0.0624 -0.0089 17.2515
144 144 -0.0729 -0.0980 11.1804
176 144  0.0062  0.0545 16.0242
208 144  0.0272 -0.0348 21.7337
240 144  0.0256  0.0083 11.0237
272 144  0.0068  0.0423 22.9535
 16 176 -0.0127 -0.0272 10.1994
 48 176  0.0104  0.0078 16.5688
 80 176 -0.0255  0.0000 12.4610
112 176 -0.0359 -0.0107 25.8957
144 176  0.0337  0.0243 13.1865
176 176  0.0093  0.0537 13.3610
208 176  0.0769 -0.0118 17.6468
240 176 -0.1245  0.0573  9.7338
272 176  0.6144 -0.1503 16.4206
 16 208  0.0000  0.0334  9.4205
 48 208  0.0752  0.0000 19.7959
 80 208  0.1388  0.0047  9.7924
112 208  0.0219 -0.0238  9.9851
144 208 -0.0794  0.0139 10.4554
176 208  0.0000  0.0000 13.2540
208 208 -0.0167  0.0000 25.3353
240 208 -0.2043  0.0676 12.2290
272 208  0.1337 -0.0000  6.4913
