VARIABLES= "X pix", "Y pix", "U pix/dt", "V pix/dt", "CHC", ZONE I=7, J=9
 16  16 -0.0124 -0.0075  9.6401
 48  16 -0.0013 -0.0265  9.1970
 80  16 -0.0020 -0.0156  9.8314
112  16 -0.0287 -0.0113  9.9021
144  16  0.0220 -0.0097 12.0653
176  16  0.2199 -0.1663 14.8920
208  16  0.2734 -0.0458 13.5941
240  16 -0.0027 -0.0056 27.7448
272  16  0.0269 -0.0078 24.3645
 16  48 -0.0134 -0.0227  7.7078
 48  48 -0.0270 -0.0287  7.7459
 80  48 -0.0134  0.0411  6.6678
112  48  0.0154 -0.0079  6.2788
144  48  0.0320  0.0129  4.9688
176  48  0.1654  0.1851 12.6722
208  48  0.1933  0.0646 10.4708
240  48  0.0429 -0.0306  8.9003
272  48  0.0022 -0.0123 11.9710
 16  80  0.1143  0.1576 11.0987
 48  80  0.2111  0.1756 19.6721
 80  80 -0.0356 -0.0783 10.9085
112  80  0.0896 -0.0165 10.0952
144  80 -0.0055  0.0480  5.2161
176  80  0.0065  0.1523  7.8972
208  80  0.0592  0.1171  6.4433
240  80  0.3385  0.0748  7.9256
272  80  0.0865  0.0604  6.1886
 16 112  0.1046  0.1510 12.9823
 48 112  0.0830 -0.0026  8.9756
 80 112 -0.1031  0.0091  8.8444
112 112 -0.0599 -0.0703  7.9692
144 112 -0.1841 -0.1744  9.6172
176 112  0.3929 -0.1553 21.8059
208 112 -0.2870  0.2795 18.8990
240 112 -0.0129  0.1060 16.8466
272 112  0.0807  0.1063  9.4613
 16 144  0.0085  0.0480  9.4757
 48 144 -0.0538 -0.0285  8.1496
 80 144 -0.7642  0.1196 10.0074
112 144 -0.1177  0.1244 11.5895
144 144  0.0818  0.1179 10.6266
176 144  0.0487  0.0276 11.4467
208 144  0.0170  0.0538 19.4832
240 144  0.0955 -0.0297 11.4440
272 144  2.4093 -0.1620 22.8198
 16 176 -0.0288  0.0431  9.8542
 48 176 -0.0611 -0.1270 15.4453
 80 176  0.0262  0.1126 10.5387
112 176  0.0095  0.1451 22.1266
144 176  0.0654  0.2641  9.8803
176 176  0.0313  0.0989 11.3460
208 176 -1.3188 -0.0061 12.8379
240 176  8.0751 -20.8191 11.7588
272 176  1.0558  0.5001 12.6397
 16 208  0.1017  0.2286  9.3030
 48 208  1.4703  0.0738 19.0525
 80 208 -0.2100  0.2126  8.0459
112 208  2.7210 -0.0705  6.4197
144 208 -0.1230  0.3149  8.4575
176 208 -0.1656 -0.1534 14.7247
208 208  0.0357  0.1012 20.0084
240 208  0.0244  0.0956 10.6742
272 208 -0.1385 -0.0851  6.5373
