VARIABLES= "X pix", "Y pix", "U pix/dt", "V pix/dt", "CHC", ZONE I=7, J=9
 16  16 -0.0096 -0.0067  9.7301
 48  16 -0.0040  0.0053  9.6166
 80  16  0.0041 -0.0030 10.1027
112  16 -0.0065 -0.0032 10.4147
144  16 -0.0068 -0.0036 12.2115
176  16  0.0052  0.0030 15.6006
208  16 -0.0055  0.0003 13.5190
240  16 -0.0008  0.0003 26.3890
272  16  0.0034  0.0020 24.0693
 16  48 -0.0156 -0.0064  8.0745
 48  48  0.0282  0.0154  7.7691
 80  48 -0.0065  0.0466  7.0126
112  48 -0.0370 -0.0218  6.5915
144  48  0.0068  0.0002  4.9437
176  48 -0.0025  0.0006 12.8161
208  48 -0.0006  0.0054 10.9969
240  48  0.0181 -0.0436  8.7848
272  48  0.0186 -0.0257 11.5334
 16  80 -0.0844 -0.2390 10.8915
 48  80 -0.0436 -0.0514 12.2351
 80  80  0.0653  0.0110 11.2460
112  80  0.0051  0.0747  9.4330
144  80 -0.0015  0.0085  5.2631
176  80 -0.0023  0.0006  8.1875
208  80 -0.0010  0.0003  6.7986
240  80  0.1562 -0.0257  7.6753
272  80  0.0461 -0.0334  5.9811
 16 112  0.0035 -0.0004 13.1802
 48 112 -0.1180 -0.0384  8.8323
 80 112 -0.1303 -0.1796  7.7872
112 112  0.0287  0.0217  8.3993
144 112  0.0121 -0.0314  8.5718
176 112  0.0000 -0.2077 18.0183
208 112 -0.2590  0.0098 21.0274
240 112  0.1300  0.0810 14.7105
272 112 -0.1439  0.0000 11.0625
 16 144 -0.0601 -0.0097 12.8181
 48 144 -0.0371  0.0609  7.6379
 80 144 -0.0133 -0.0251 13.0433
112 144  0.0697 -0.0042 12.7068
144 144 -0.0240  0.2539  8.7685
176 144  0.0340 -0.0358 18.3424
208 144  0.0406  0.0450 17.2176
240 144 -0.0595 -0.0650 12.0636
272 144  0.0000 -0.0452 11.1588
 16 176 -0.0009 -0.0520  9.4591
 48 176  0.0610  0.0097 14.1318
 80 176 -0.0777  0.0645 12.0723
112 176  0.1146  0.1389 28.7752
144 176  0.0298 -0.0115 15.1974
176 176  0.0000  0.0000 16.7022
208 176  0.0143 -0.0047 18.3301
240 176  0.0000  0.0000 65.0159
272 176  0.0000 -0.2997 63.5817
 16 208  0.0743  0.0688 10.6648
 48 208  0.0882  0.0119 16.4197
 80 208 -0.1993 -0.0360  9.2754
112 208  0.1705  0.0676  9.0022
144 208 -0.0362  0.3997 10.1885
176 208 -0.0215 -0.0434 16.7029
208 208  0.1013  0.0000 21.3079
240 208  0.0195  0.0574 11.4937
272 208 -0.0594  0.0343  9.0246
