VARIABLES= "X pix", "Y pix", "U pix/dt", "V pix/dt", "CHC", ZONE I=7, J=9
 16  16  0.0059 -0.0360  9.2752
 48  16 -0.0178 -0.0259 10.9396
 80  16 -0.0570 -0.0131 11.3525
112  16 -0.0439 -0.0307 10.9036
144  16 -0.0552 -0.0446 12.5153
176  16 -0.0104 -0.3008 14.1275
208  16  0.1841 -0.1407 11.8447
240  16  0.1146 -0.0205 22.9993
272  16 -0.0020 -0.0189 19.0999
 16  48 -0.0167 -0.0436  8.9102
 48  48 -0.0168 -0.0790  7.2647
 80  48  0.0701 -0.0336  6.7876
112  48 -0.0564  0.0133  7.9739
144  48 -0.0885 -0.0243  5.0461
176  48  0.0168  0.1626 13.3141
208  48  0.3183  0.1186 12.8977
240  48  0.1594 -0.0856  8.2220
272  48  0.0248 -0.0290 12.3916
 16  80 -0.0301 -0.2668 10.2478
 48  80 -0.0194 -0.1063 14.5662
 80  80 -0.2421 -0.0141 16.5261
112  80  0.1317 -0.0144 11.1127
144  80 -0.0578  0.1009  5.7942
176  80  0.0353  0.2175 14.2699
208  80  0.0614  0.1794 16.0062
240  80 -0.0123 -0.0403  5.5878
272  80  0.0248 -0.0207  8.7105
 16 112 -0.1723  0.0435 10.6868
 48 112 -0.2103  0.0526 10.6267
 80 112 -0.1156  0.0618 11.2965
112 112 -0.1093 -0.0575  9.7811
144 112  0.1143 -0.2385 10.4263
176 112  0.1700 -0.1115  6.1136
208 112  0.0036  0.3290 19.9943
240 112  0.1486  0.0250 14.8405
272 112  0.0629 -0.3062  8.1282
 16 144 -0.1463 -0.0056  8.9360
 48 144  0.0000  0.0000 14.0487
 80 144 -1.0867  0.0163 11.8515
112 144  0.0000  0.0327 24.1192
144 144 -0.0214 -0.1405  9.7418
176 144  0.0872 -0.1261 19.3559
208 144  0.0434  0.2611  8.7465
240 144 -0.1397  0.0507  8.0200
272 144  0.0000  0.0000  9.5274
 16 176 -0.0349  0.0506  7.4325
 48 176 -0.0658 -0.0548 12.1410
 80 176 -1.0000  1.6640 12.3015
112 176 -1.3389  0.2823 26.9383
144 176 -0.1053  1.8330 10.7408
176 176  0.0368  0.0286 15.4395
208 176  0.1499 -0.0503  8.8783
240 176 -0.0882  0.0667 23.4374
272 176  0.7954  0.0385 17.6080
 16 208  0.0224  0.1496 13.8387
 48 208  0.0000  0.0000  7.8546
 80 208 -0.0844 -0.0351 11.1811
112 208 -0.5431  2.1525  9.6507
144 208  0.1245  0.1954 13.4062
176 208 -0.0664 -0.0686 16.4108
208 208  0.0000  0.0000  9.7053
240 208  0.0000  0.0000 44.5507
272 208 -0.0759  0.0805 11.3841
