VARIABLES= "X pix", "Y pix", "U pix/dt", "V pix/dt", "CHC", ZONE I=7, J=9
 16  16 -0.0055  0.0135  9.6302
 48  16  0.0023 -0.0028 11.5805
 80  16  0.0017  0.0001 11.7736
112  16 -0.0039  0.0020 11.4646
144  16  0.0076  0.0025 13.3239
176  16 -0.0021 -0.0018 14.2118
208  16 -0.0145 -0.0120 12.9569
240  16  0.0009 -0.0016 23.3547
272  16 -0.0031 -0.0000 19.9529
 16  48 -0.0002 -0.0084  8.9636
 48  48  0.0201 -0.0044  7.2331
 80  48 -0.0264 -0.0174  6.8136
112  48 -0.0390  0.0521  7.9852
144  48  0.0076 -0.0100  5.1481
176  48 -0.0033 -0.0031 13.4134
208  48 -0.0009 -0.0026 13.2872
240  48  0.0072  0.0005  7.1864
272  48  0.0018 -0.0116 11.4724
 16  80  0.0382  0.0000  9.2463
 48  80 -0.0046  0.0108 16.2758
 80  80  0.0678 -0.0273 20.6476
112  80 -0.0125  0.1223 10.1813
144  80  0.0087  0.0004  6.1131
176  80  0.0028 -0.0001 17.0836
208  80 -0.0013  0.0003 19.4734
240  80  0.0037  0.0074  5.1785
272  80 -0.0058  0.0090 10.9139
 16 112 -0.1000 -0.0156 12.4080
 48 112 -0.0503 -0.1000  9.8659
 80 112  0.0510  0.0211 12.2376
112 112 -0.0342 -0.0406 10.8020
144 112  0.0201  0.0569  9.5126
176 112  0.1699  0.0000 10.6961
208 112 -0.0113  0.1283  9.2980
240 112  0.0000  0.0000 13.4876
272 112  0.0194  0.0955  7.2100
 16 144 -0.0971 -0.0940 13.5638
 48 144 -0.0773 -0.2229 13.9343
 80 144  0.3188 -0.0335 11.6217
112 144  0.0863  0.0000 15.3617
144 144 -0.2080 -0.1326  9.7656
176 144 -0.0589  0.0000 14.6970
208 144  0.0991  0.0807 10.1135
240 144  0.0000  0.0000  7.9115
272 144  0.0826 -0.1155 12.1423
 16 176 -0.0470 -0.0292 11.7328
 48 176  0.2033  0.0846  9.9925
 80 176  0.0000  0.0682 54.8540
112 176  0.0000  0.0000 26.6065
144 176 -0.1132  0.0906 11.6549
176 176  0.0335 -0.2224 15.2058
208 176  0.1214  0.0154 12.8032
240 176  0.0299  0.0129 25.2612
272 176 -0.1112  0.0898 13.3883
 16 208 -0.0475 -0.0133 11.0038
 48 208  0.1590 -0.1668 10.3396
 80 208  0.0193  0.0249  7.9614
112 208 -0.0289  0.0344 37.7707
144 208 -0.0819  0.0221 22.0090
176 208  0.0000 -0.0129 16.2778
208 208  0.2572 -0.0651 10.9071
240 208 -0.0639  0.2501 27.3832
272 208  0.0000  0.0000 10.6895
