VARIABLES= "X pix", "Y pix", "U pix/dt", "V pix/dt", "CHC", ZONE I=7, J=9
 16  16 -0.0061  0.0012  9.6038
 48  16 -0.0013  0.0006 11.4325
 80  16 -0.0014 -0.0001 11.6698
112  16 -0.0016 -0.0023 11.3629
144  16 -0.0025  0.0080 13.0211
176  16  0.0000  0.0000 14.4317
208  16  0.0015 -0.0014 13.1455
240  16  0.0000  0.0000 22.5015
272  16  0.0000  0.0003 19.7223
 16  48  0.0173  0.0139  9.1823
 48  48 -0.0025 -0.0037  7.2033
 80  48 -0.0857 -0.0140  7.0710
112  48  0.0065  0.0840  7.6994
144  48 -0.0071 -0.0078  5.1750
176  48  0.0000  0.0000 13.5541
208  48  0.0000  0.0000 13.3529
240  48  0.0011 -0.0005  6.8855
272  48 -0.0098  0.0019 12.4465
 16  80 -0.0337  0.0496  9.9602
 48  80  0.0878 -0.0617 17.1282
 80  80  0.0645  0.0964 22.3731
112  80 -0.0094  0.0119 11.8986
144  80  0.0015 -0.0011  6.2412
176  80  0.0000  0.0000 18.2754
208  80  0.0000  0.0000 20.5150
240  80  0.0000  0.0000  5.2561
272  80  0.0547  0.0036 11.4095
 16 112  0.0141 -0.0015 12.3326
 48 112 -0.0215  0.0182 10.7503
 80 112 -0.0175 -0.0342 14.6066
112 112  0.0549  0.0050 13.7034
144 112  0.0324  0.0217 10.6073
176 112  0.0756  0.0285  8.1427
208 112 -0.0027  0.0743 10.2171
240 112  0.0000  0.0210 14.5643
272 112  0.0487  0.1579  8.4588
 16 144 -0.0124 -0.0014 18.1467
 48 144  0.0709 -0.0345 10.1412
 80 144  0.4903  0.0630 12.0044
112 144  0.0000  0.0000 13.9333
144 144  0.0698  0.0365 13.4861
176 144  0.2000  0.0164 14.4182
208 144  0.0453  0.0027 13.3505
240 144  0.0473  0.0000  8.6654
272 144 -0.0841  0.0387 11.6590
 16 176  0.0827 -0.0523 11.4138
 48 176 -0.1433 -0.0107  8.6229
 80 176 -0.0742 -0.2079 29.7736
112 176  0.0226  0.0304  9.0311
144 176  0.0259  0.2186  9.9409
176 176  0.0917  0.0482 10.9366
208 176 -0.0185 -0.1264 11.5741
240 176 -0.0377 -0.1454 10.0477
272 176 -0.1110  0.0361 12.0363
 16 208  0.0391 -0.0497 15.7589
 48 208  0.0484  0.0172  8.3412
 80 208  0.0338 -0.1670  8.3705
112 208  0.0000  0.0000 10.6207
144 208 -0.1246  0.0000 32.8132
176 208  0.0968 -0.0196 12.4597
208 208 -0.1919  0.0000 11.0404
240 208  0.0360  0.0507 16.9364
272 208  0.0627  0.0000 15.1913
