VARIABLES= "X pix", "Y pix", "U pix/dt", "V pix/dt", "CHC", ZONE I=7, J=9
 16  16 -0.0005 -0.0456  9.2802
 48  16 -0.0458 -0.0375 10.1371
 80  16 -0.0277 -0.0490 10.7810
112  16 -0.0384 -0.0417 10.6731
144  16 -0.0345 -0.0359 12.2677
176  16 -0.0460 -0.2991 13.3636
208  16  0.1266 -0.1317 13.5614
240  16  0.1122 -0.0437 21.4731
272  16 -0.0210 -0.0305 17.5705
 16  48 -0.0076 -0.0619  9.4274
 48  48  0.0050  0.0323  7.2269
 80  48 -0.0399 -0.0871  6.9308
112  48 -0.1607 -0.1233  7.4364
144  48 -0.0726 -0.0100  5.3129
176  48  0.0081  0.1639 13.0885
208  48  0.3157  0.1985 14.2201
240  48  0.2093 -0.0122  6.7651
272  48  0.0270  0.0041 11.9840
 16  80 -0.1843 -0.0693 15.7671
 48  80 -0.1955  0.0097 19.9203
 80  80 -0.1255 -0.5257 16.8644
112  80 -0.2399  0.0270 11.7082
144  80 -0.0579  0.0598  6.5297
176  80  0.0487  0.3297 17.5851
208  80  0.1612  0.2463 20.1144
240  80  0.1610  0.0151  5.8576
272  80 -0.0714  0.1208 12.0655
 16 112 -0.1047  0.2806 13.4048
 48 112 -0.2273  0.1340 10.0999
 80 112 -0.0619  0.0534 13.1752
112 112  0.0205  0.0474  8.6148
144 112 -0.0528  0.1019  4.9665
176 112 -0.0206  0.0191  4.8444
208 112 -0.0201  0.1237  4.7102
240 112  0.0743  0.0976  5.8485
272 112 -0.0320  0.0139  5.6078
 16 144 -0.2340  0.1358 13.0348
 48 144 -0.3237  0.2254 10.5270
 80 144 -0.0398  0.2852  9.4938
112 144 -0.2672 -0.2299 13.1601
144 144 -0.1285  0.2977 10.4796
176 144  0.0794  0.0298 19.2316
208 144 -0.0627  0.0846 10.2646
240 144 -0.2668  0.0375 11.8573
272 144  0.1289 -0.0757 12.0230
 16 176 -0.0943  0.0783  8.5394
 48 176 -0.0738 -0.0799 10.8326
 80 176 -0.0347  0.1321 13.1721
112 176 -0.1067  4.8745  8.7508
144 176 -0.1571 -0.0404  6.1912
176 176 -0.0028  0.0108 20.1799
208 176  0.0890  1.5000 10.9202
240 176  0.0200  0.0132 14.8080
272 176  0.3467 -0.1397  9.2588
 16 208 -0.0130  0.0428 12.2738
 48 208 -1.0718  0.2837 14.5133
 80 208 -0.8061  4.8743 14.4464
112 208  0.3353  0.2050 19.7406
144 208  0.1273  0.0000  7.1394
176 208 -0.0613 -4.5762 16.1965
208 208  1.2210  0.0184  8.7164
240 208  0.0683  0.0494 13.6749
272 208 -1.5607  0.0000 20.2477
