VARIABLES= "X pix", "Y pix", "U pix/dt", "V pix/dt", "CHC", ZONE I=7, J=9
 16  16 -0.0007 -0.0077  9.4755
 48  16 -0.0060  0.0042 10.4753
 80  16  0.0061  0.0013 11.2483
112  16  0.0006 -0.0027 11.2170
144  16  0.0054  0.0016 12.5139
176  16 -0.0022  0.0054 13.6301
208  16  0.0047 -0.0011 14.3495
240  16 -0.0064 -0.0019 21.8672
272  16 -0.0050  0.0020 17.9728
 16  48  0.0011  0.0040  9.0264
 48  48  0.0340  0.0426  7.2103
 80  48  0.0000  0.0196  7.0981
112  48 -0.0015  0.0346  8.5056
144  48  0.0162 -0.0052  5.3630
176  48  0.0077  0.0012 13.1337
208  48 -0.0082  0.0046 14.5322
240  48 -0.0051 -0.0020  7.0328
272  48 -0.0121  0.0174 12.4683
 16  80  0.0916  0.0091 13.0546
 48  80  0.0461  0.0071 10.9977
 80  80 -0.0250  0.0560 16.8110
112  80  0.0337 -0.0761 17.5343
144  80  0.0009 -0.0031  6.5636
176  80 -0.0018  0.0025 16.8379
208  80 -0.0100  0.0008 19.5530
240  80 -0.0026 -0.0012  6.2385
272  80  0.0513 -0.0136 15.8444
 16 112  0.0381 -0.0009 17.4926
 48 112  0.0206 -0.0039 10.3789
 80 112  0.0429 -0.0161 13.4164
112 112  0.0042  0.0153  8.2243
144 112 -0.0134 -0.0018  5.0127
176 112  0.0072 -0.0070  4.9630
208 112 -0.0047 -0.0050  4.8494
240 112  0.0251  0.0122  5.1034
272 112 -0.0445 -0.0311 12.4650
 16 144  0.0592 -0.0527 13.8912
 48 144  0.0143 -0.0112  9.3142
 80 144  0.1889  0.0878 15.5810
112 144 -0.1170  0.0000 24.8516
144 144  0.1299  0.0371 12.7675
176 144  0.0000  0.0000 13.1075
208 144 -0.0038 -0.0373 12.5476
240 144 -0.0843  0.0732 10.1691
272 144 -0.0125 -0.0116 10.5215
 16 176  0.0000  0.0403  9.3005
 48 176 -0.0389 -0.0356 12.3013
 80 176  0.0685 -0.0675 13.4534
112 176  0.0000  0.0000 13.6192
144 176  0.1734  0.0544  7.9399
176 176 -0.0512 -0.0261 15.1267
208 176 -0.0446 -0.0921  9.5638
240 176  0.1688 -0.0326 14.1330
272 176  0.1058  0.0350  8.5995
 16 208  0.0231 -0.0435 12.6327
 48 208 -0.0327  0.0700 17.0451
 80 208  0.0000  0.0000 11.2538
112 208  0.0000  0.0000 24.5810
144 208 -0.0239 -0.0286  9.6955
176 208 -0.1370 -0.0629 17.1983
208 208  0.0508  0.0062  8.1218
240 208 -0.0728  0.1268 26.4111
272 208 -0.0056  0.0603  6.4920
