VARIABLES= "X pix", "Y pix", "U pix/dt", "V pix/dt", "CHC", ZONE I=7, J=9
 16  16  0.0048  0.0062  9.4888
 48  16 -0.0077 -0.0058 10.5036
 80  16  0.0032 -0.0004 11.2956
112  16  0.0003  0.0042 11.2370
144  16  0.0045  0.0003 12.5154
176  16 -0.0056 -0.0044 13.6751
208  16 -0.0049  0.0003 14.3294
240  16  0.0025 -0.0001 21.7580
272  16  0.0027 -0.0018 17.9630
 16  48  0.0060  0.0066  9.0809
 48  48 -0.0101  0.0080  7.3056
 80  48  0.0141  0.0000  7.0981
112  48  0.0185  0.0000 10.3922
144  48 -0.0444  0.0000  5.3616
176  48 -0.0019 -0.0023 13.1844
208  48 -0.0018 -0.0060 14.5257
240  48 -0.0076  0.0013  7.0302
272  48 -0.0006 -0.0002 12.8366
 16  80  0.0306  0.0000 17.7844
 48  80  0.0510  0.0745 13.5936
 80  80 -0.0670 -0.0868 15.6744
112  80 -0.1651  0.0417 21.4888
144  80  0.0043  0.0014  6.5639
176  80 -0.0006 -0.0005 16.8402
208  80  0.0010 -0.0026 19.5389
240  80  0.0052  0.0048  6.2376
272  80  0.0000 -0.0023 15.5164
 16 112  0.0032  0.0257 17.3633
 48 112 -0.0252 -0.0871 10.7044
 80 112 -0.1149 -0.0039 12.2730
112 112 -0.0691  0.0925  8.5330
144 112  0.0016 -0.0496  4.9636
176 112 -0.0033 -0.0081  4.9686
208 112  0.0008 -0.0059  4.8538
240 112 -0.0259  0.0149  5.1663
272 112  0.0197  0.0000 13.2987
 16 144  0.0087  0.0049 14.9023
 48 144 -0.0014  0.0206  9.7556
 80 144  0.0059  0.0096 16.1344
112 144  0.0704  0.0000 30.8527
144 144  0.0116  0.0000 13.2250
176 144 -0.0188  0.0000 13.5250
208 144  0.0140  0.0032 14.5787
240 144  0.1387 -0.0924 11.0513
272 144 -0.0226  0.0072 10.8218
 16 176 -0.0258 -0.0220  9.4419
 48 176  0.1639 -0.0424 12.2128
 80 176  0.0051  0.0231 17.0079
112 176  0.0240  0.0000 18.9726
144 176 -0.0050  0.0203  8.7040
176 176  0.0632  0.0000 15.8241
208 176 -0.0169  0.0477  9.8365
240 176  0.0071  0.0188 15.6044
272 176  0.0675  0.0000  8.0371
 16 208 -0.0093  0.0164 12.9446
 48 208  0.0908  0.0171 18.9630
 80 208  0.0393 -0.0479 11.7621
112 208  0.0529  0.0000 29.7603
144 208  0.0431  0.0000 10.4258
176 208  0.0700 -0.0210 19.7809
208 208  0.0347  0.0223  8.6200
240 208 -0.0219  0.0000 35.9964
272 208  0.0000 -0.0000  6.6253
