VARIABLES= "X pix", "Y pix", "U pix/dt", "V pix/dt", "CHC", ZONE I=7, J=9
 16  16 -0.0042  0.0016  9.1593
 48  16  0.0042  0.0022  9.8278
 80  16  0.0080 -0.0049 10.4934
112  16  0.0083 -0.0036 10.9367
144  16 -0.0014  0.0006 12.3357
176  16  0.0012 -0.0024 13.7627
208  16  0.0033  0.0008 16.0018
240  16  0.0019  0.0036 20.6309
272  16 -0.0047  0.0077 17.8992
 16  48  0.0182  0.0038  9.2836
 48  48 -0.0139 -0.0083  7.3177
 80  48 -0.0199  0.0518  7.0688
112  48 -0.0071  0.0157  9.0615
144  48 -0.0069 -0.0088  5.4837
176  48 -0.0042  0.0000 13.2327
208  48 -0.0044  0.0023 16.0896
240  48  0.0010  0.0023  8.9585
272  48  0.0147 -0.0198 12.2719
 16  80  0.0103  0.0233  8.9775
 48  80 -0.0156  0.0837 21.8688
 80  80 -0.1571 -0.0370 19.7701
112  80  0.0108 -0.0962 19.3077
144  80 -0.0011  0.0006  6.3430
176  80  0.0013  0.0070 13.7068
208  80 -0.0002 -0.0005 15.8624
240  80 -0.0030  0.0014  8.4086
272  80 -0.0820  0.0578  7.8422
 16 112 -0.0052  0.0408 14.8075
 48 112 -0.0732 -0.1131 11.7121
 80 112  0.0359 -0.0414 12.5343
112 112 -0.0400 -0.1231  9.5157
144 112 -0.0035 -0.0029  5.3394
176 112  0.0036 -0.0024  5.9638
208 112 -0.0012 -0.0051  5.8421
240 112  0.0084  0.0161  4.8916
272 112  0.0000  0.0000  8.9180
 16 144  0.0012 -0.0616 14.3934
 48 144  0.0072  0.0354 13.7954
 80 144  0.1555  0.0207  8.7642
112 144 -0.2176 -0.1595 19.5717
144 144  0.4758 -0.1074 12.1875
176 144  0.3367  0.0000  7.5148
208 144  0.0310 -0.0794 14.2578
240 144 -0.1693 -0.0067  6.1066
272 144  0.0199 -0.0285 15.4424
 16 176  0.0502  0.0708 10.6646
 48 176 -0.0220  0.0746 11.8721
 80 176  0.0269 -0.0544 28.2628
112 176 -0.0675 -0.0265 13.2233
144 176 -0.0348  0.0000 19.6395
176 176  0.0000  0.0000 10.6527
208 176  0.0069  0.0000 16.4162
240 176 -0.0571 -0.0505 14.0403
272 176  0.0000  0.0000 10.4914
 16 208  0.0018 -0.0094 11.1304
 48 208  0.0310 -0.0014 12.9214
 80 208  0.0000  0.0000 29.6726
112 208  0.0000  0.0000 20.4800
144 208  0.0000  0.0108 12.3042
176 208 -0.0410  0.1892 18.4217
208 208  0.0891  0.0711  8.9788
240 208 -0.0213 -0.1067 21.9687
272 208 -0.0690 -0.0409  9.7757
