VARIABLES= "X pix", "Y pix", "U pix/dt", "V pix/dt", "CHC", ZONE I=7, J=9
 16  16  0.0111 -0.0008 10.0780
 48  16 -0.0039  0.0012 12.6829
 80  16  0.0083 -0.0010 12.5487
112  16  0.0052  0.0019 12.6110
144  16  0.0070 -0.0045 13.6021
176  16  0.0134 -0.0030 13.3752
208  16  0.0007 -0.0080 16.2276
240  16  0.0112 -0.0012 20.8586
272  16 -0.0080 -0.0004 19.7195
 16  48 -0.0135  0.0047  9.1138
 48  48 -0.0304 -0.0361  6.8693
 80  48 -0.0173  0.0501  7.2823
112  48  0.0608 -0.0120  9.5937
144  48  0.0002 -0.0012  5.4968
176  48 -0.0048 -0.0073 13.5744
208  48  0.0109  0.0016 17.4654
240  48  0.0009 -0.0014 11.9936
272  48 -0.0342  0.0164 12.7016
 16  80 -0.1310 -0.0595  9.8259
 48  80  0.0682  0.0190 13.8051
 80  80 -0.3201 -0.1349 20.5449
112  80  0.0204 -0.0168 12.1323
144  80 -0.0042  0.0036  6.2287
176  80 -0.0014  0.0011 12.2099
208  80 -0.0015 -0.0061 12.8083
240  80  0.0013 -0.0031 10.7073
272  80 -0.0209  0.0083 10.3514
 16 112 -0.0048 -0.0481 13.7344
 48 112 -0.0077 -0.0777 10.7760
 80 112 -0.0925  0.0056 10.0327
112 112 -0.0463 -0.0663 10.6663
144 112  0.0017 -0.0060  6.1370
176 112  0.0012  0.0014  7.3659
208 112  0.0007  0.0019  7.2092
240 112 -0.0057  0.0026  5.6339
272 112 -0.0271  0.0000  7.2246
 16 144  0.0105  0.0236 15.8180
 48 144 -0.0138  0.0695 15.0507
 80 144 -0.2444  0.1526 14.8430
112 144 -0.0924 -0.1042 15.8139
144 144  0.1077  0.0655 17.9647
176 144 -0.0747 -0.0402  7.6344
208 144 -0.0692 -0.0428 13.5832
240 144  0.0238  0.0000  8.1997
272 144  0.0861 -0.1133 14.8243
 16 176 -0.0199 -0.0263  8.7573
 48 176 -0.1005  0.0000 12.0961
 80 176 -0.1189 -0.1176 39.7471
112 176 -0.0467  0.0279 22.5331
144 176 -0.0133  0.0783 11.7628
176 176  0.0308  0.0000  9.7613
208 176  0.2358 -0.1436 14.0596
240 176 -0.0188  0.0807 11.9465
272 176 -0.0677 -0.0028  7.7786
 16 208 -0.0419  0.0545  9.2457
 48 208  0.2847  0.0486 16.5135
 80 208  0.0401 -0.2262 10.9460
112 208  0.0000 -0.0761 13.2342
144 208 -0.0663 -0.0252  9.2107
176 208 -0.0190 -0.0116 15.6143
208 208 -0.0259 -0.0288  7.4534
240 208  0.0230  0.2455 10.1585
272 208  0.2250 -0.0284  9.6476
