VARIABLES= "X pix", "Y pix", "U pix/dt", "V pix/dt", "CHC", ZONE I=7, J=9
 16  16 -0.0084 -0.0010 10.0552
 48  16  0.0056  0.0019 12.6586
 80  16  0.0092  0.0003 12.6595
112  16  0.0042 -0.0038 12.6636
144  16 -0.0007  0.0003 13.7162
176  16  0.0772 -0.0617 13.4303
208  16  0.2917 -0.0223 15.7787
240  16  0.1891 -0.0384 20.4640
272  16  0.0107 -0.0062 19.5421
 16  48  0.0225  0.0518  9.1991
 48  48  0.0034  0.0058  6.8618
 80  48 -0.0180 -0.0389  7.5054
112  48 -0.0644  0.0198  9.7783
144  48 -0.0051  0.0189  5.4992
176  48  0.0551  0.1847 13.5264
208  48  0.2208  0.0673 17.2224
240  48  0.2048  0.0716 11.9621
272  48  0.0304  0.0121 12.7872
 16  80 -0.1885 -0.0737  8.3846
 48  80  0.0642  0.0403 39.4158
 80  80  0.2581  0.0773 19.9227
112  80 -0.3792  0.0000 11.3220
144  80 -0.0003  0.0887  6.1869
176  80  0.1018  0.3383 11.7892
208  80  0.1181  0.2522 12.4283
240  80  0.1230  0.1533 10.5909
272  80  0.1950  0.0709  9.8865
 16 112  0.0623 -0.0089 14.5208
 48 112  0.0616  0.0828 10.3670
 80 112  0.0734  0.0170 10.2064
112 112  0.0677  0.1333 10.0705
144 112 -0.0185  0.0863  6.1767
176 112  0.0023  0.1360  7.4837
208 112  0.0082  0.1510  7.3118
240 112  0.0537  0.0911  5.7004
272 112  0.1502  0.0525  7.2192
 16 144 -0.1673  0.0045 13.6828
 48 144 -0.0069 -0.0107 14.0048
 80 144  0.2348 -0.0210 16.9958
112 144 -0.4102  0.1543 13.4114
144 144 -1.2756  0.1687 15.7232
176 144 -0.0222  0.0642  9.1535
208 144  0.0054  0.0648 13.2357
240 144  0.1618  0.1890  7.3858
272 144  0.0413 -0.0349 15.2610
 16 176 -0.0492  0.2840  7.9115
 48 176 -0.1386  0.8820 10.9014
 80 176 -0.1098  0.1616 35.5051
112 176 -0.6501  0.1638 18.5999
144 176 -0.1573 -0.0190 10.2968
176 176 -0.1096 -0.1696  7.9937
208 176 -0.0618  0.2245 13.9679
240 176  0.1664 -0.1301 12.0013
272 176  0.1480 -0.0078  7.8111
 16 208  0.0363  0.0758  9.0166
 48 208 -0.6990  0.3217 16.2751
 80 208 -0.1294 -0.1687  9.1633
112 208 -0.0763 -7.8833  8.7516
144 208  0.2193 -0.2903  7.7239
176 208 -0.1556 -0.0824 16.6221
208 208 -0.1297  0.4492  8.6322
240 208  0.2218  0.1635  9.3058
272 208  0.2437  0.2317  9.2691
