VARIABLES= "X pix", "Y pix", "U pix/dt", "V pix/dt", "CHC", ZONE I=7, J=9
 16  16  0.0051 -0.0022  9.8107
 48  16  0.0025 -0.0117 12.1508
 80  16  0.0110 -0.0055 12.7621
112  16  0.0036 -0.0014 12.7060
144  16  0.0061  0.0012 13.7169
176  16  0.0020  0.0026 13.3545
208  16  0.0003 -0.0007 15.4799
240  16  0.0037 -0.0026 18.7011
272  16 -0.0060  0.0004 19.9488
 16  48 -0.0081 -0.0217  9.2905
 48  48  0.0098  0.0000  6.9430
 80  48  0.0007  0.0060  7.3640
112  48 -0.0081 -0.0280 10.4505
144  48  0.0095  0.0004  5.5013
176  48  0.0006  0.0020 13.9018
208  48  0.0019  0.0027 17.2578
240  48  0.0002 -0.0046 13.1087
272  48  0.0137 -0.0087 12.4999
 16  80 -0.0621  0.0000  8.6021
 48  80 -0.1554  0.0339 34.2588
 80  80 -0.1156 -0.0632 16.9353
112  80 -0.0126  0.0014 10.5770
144  80  0.0022  0.0014  6.0920
176  80 -0.0057  0.0007 11.4184
208  80 -0.0013  0.0010 11.9125
240  80  0.0007 -0.0007 11.1183
272  80  0.1139 -0.0862  8.5583
 16 112 -0.0275 -0.0015 14.5055
 48 112 -0.0073 -0.0201  9.7923
 80 112  0.0530 -0.0359 10.0905
112 112  0.0234  0.0030 10.3307
144 112 -0.0007  0.0058  6.6432
176 112 -0.0011  0.0014  8.3978
208 112 -0.0031 -0.0001  8.2245
240 112  0.0005 -0.0024  6.2748
272 112 -0.0536 -0.0377  8.9049
 16 144 -0.0540 -0.0417 12.5397
 48 144  0.0296  0.0073 11.3631
 80 144  0.0288  0.0000 18.2882
112 144  0.0196  0.0000 13.2368
144 144  0.1009 -0.1193 16.3404
176 144 -0.1005 -0.0880 10.0816
208 144 -0.0241 -0.0429 12.3556
240 144  0.0632 -0.0596  8.2394
272 144  0.0189  0.0129 14.6275
 16 176  0.0112 -0.0051 12.6267
 48 176 -0.1103  0.1100  8.3929
 80 176 -0.0858  0.0621 14.6993
112 176 -0.1280  0.0000 14.7651
144 176  0.1269  0.0647 11.8335
176 176 -0.0019  0.0034  8.6787
208 176 -0.0045 -0.0421 15.0712
240 176 -0.0045 -0.0052 14.7141
272 176 -0.0201  0.0000  8.6722
 16 208  0.0562  0.0442 10.3951
 48 208 -0.0434  0.0000 13.5951
 80 208  0.0000 -0.0000 11.9417
112 208  0.0717  0.0527 10.6216
144 208 -0.2481  0.0170  8.8981
176 208 -0.0312  0.0164 15.3894
208 208 -0.0203  0.0843  7.6724
240 208  0.0403  0.0105 21.5342
272 208 -0.0695 -0.0823  8.3835
