VARIABLES= "X pix", "Y pix", "U pix/dt", "V pix/dt", "CHC", ZONE I=7, J=9
 16  16  0.0037  0.0020  9.8030
 48  16 -0.0064 -0.0062 12.2839
 80  16 -0.0028 -0.0105 12.5551
112  16  0.0151 -0.0053 12.9398
144  16  0.0484 -0.0082 14.2470
176  16  0.2899 -0.0707 13.7130
208  16  0.8575 -0.0425 15.6887
240  16  0.3867 -0.1206 14.2225
272  16  0.0249 -0.0168 20.1831
 16  48 -0.0166  0.0394  9.3734
 48  48 -0.0090 -0.0525  7.0607
 80  48 -0.0302  0.0242  7.3625
112  48  0.0076 -0.0166  7.9613
144  48  0.0525  0.0687  5.5207
176  48  0.1612  0.3437 14.2555
208  48  0.3590  0.2017 17.1163
240  48  0.3592  0.1251 10.9923
272  48  1.7990 -0.0064 12.4211
 16  80  0.1702 -0.0344 11.5400
 48  80 -0.0905  0.0462 12.2214
 80  80  0.1927  0.2808 14.7884
112  80  0.0971  0.0061  8.9401
144  80  0.0314  0.1432  5.9557
176  80  0.2355  0.8363 10.3588
208  80  0.2900  0.8448 10.6202
240  80  0.1876  0.4754 10.1666
272  80  0.4910 -0.2371  6.9287
 16 112 -0.0401  0.0621 15.1113
 48 112 -0.0354  0.0031 10.3244
 80 112 -0.0368  0.0121 12.0051
112 112  0.0852  0.0829 13.0615
144 112 -0.0306  0.1909  7.5353
176 112 -0.0100  0.2926 10.5883
208 112  0.0290  0.3088 10.3476
240 112  0.1518  0.2689  7.8421
272 112 -0.0061  0.0117  8.1113
 16 144 -0.4054 -0.1729 12.7550
 48 144 -0.0231  0.2424 16.6691
 80 144  0.1949  0.0768  6.8730
112 144  0.0811  0.0000  8.1804
144 144  0.8278  0.1449 21.6286
176 144  0.1392 -0.0498  7.4949
208 144  0.4215  0.1412 16.7677
240 144  0.1179  0.2881  9.6966
272 144  0.2333 -0.0543 24.0124
 16 176 -0.0357  0.2264 15.0568
 48 176 -0.2313  0.0517 10.4831
 80 176 -0.1912  4.4063 35.8039
112 176 -0.0780  2.7246 19.1864
144 176  1.6461  0.3266 19.8286
176 176  0.3454  5.7496  6.0128
208 176 -0.1517  0.2595 32.1817
240 176  0.0034 -0.0774 15.1370
272 176  0.5342 -0.0481  6.5159
 16 208 -0.0443  0.2106  9.6522
 48 208 -0.1074  0.3260 17.1962
 80 208  0.1744 -0.2794  9.0692
112 208 -0.0907  0.2497 11.3140
144 208 -0.0165  4.1927 11.0131
176 208  0.0084  4.6651 21.0176
208 208  0.2032  0.0789  7.7353
240 208  0.0608  0.1089 10.1353
272 208 -2.5580  0.3388  8.7326
