VARIABLES= "X pix", "Y pix", "U pix/dt", "V pix/dt", "CHC", ZONE I=7, J=9
 16  16 -0.0129  0.0095 10.2094
 48  16  0.0058  0.0044 12.6895
 80  16 -0.0068  0.0002 13.3308
112  16 -0.0004 -0.0013 12.9541
144  16 -0.0036  0.0046 14.4243
176  16  0.0089 -0.0014 12.9804
208  16 -0.0034  0.0003 16.2138
240  16 -0.0081  0.0072 18.2531
272  16 -0.0082 -0.0014 20.3424
 16  48 -0.0161 -0.0252  9.5401
 48  48 -0.0121  0.0161  6.9331
 80  48  0.0163  0.0035  7.9809
112  48  0.0755 -0.0250  9.9000
144  48 -0.0025 -0.0055  5.3919
176  48 -0.0055 -0.0052 15.8114
208  48 -0.0019  0.0006 18.0195
240  48 -0.0061  0.0019 14.7446
272  48  0.0259  0.0103  8.0397
 16  80  0.1331  0.0000 10.7042
 48  80  0.0043 -0.0215 17.4374
 80  80 -0.0738 -0.0405 12.2566
112  80 -0.0360 -0.1017  9.5488
144  80 -0.0089 -0.0006  5.7467
176  80  0.0030 -0.0015 10.3292
208  80 -0.0008 -0.0059 10.7696
240  80  0.0002 -0.0020 11.3839
272  80 -0.0213 -0.0069  5.1645
 16 112  0.0245  0.0227 18.5214
 48 112  0.0432  0.0818 10.5918
 80 112 -0.0170 -0.0185 12.5752
112 112  0.0556 -0.0373 11.1344
144 112 -0.0002  0.0042  8.4861
176 112  0.0002  0.0003 14.4108
208 112  0.0004  0.0056 14.2542
240 112  0.0002  0.0017 11.2228
272 112  0.0230  0.0964  7.2960
 16 144 -0.0909 -0.0131 12.4585
 48 144  0.0433  0.0260 11.6918
 80 144  0.0000  0.0000 23.4057
112 144  0.0000  0.1780 30.3407
144 144  0.0739 -0.0146 11.8575
176 144 -0.0078 -0.1459  8.4882
208 144 -0.3833  0.2402 20.4714
240 144  0.4706  0.0665 10.4006
272 144  0.2592 -0.0184 16.5406
 16 176 -0.0723 -0.0210  6.9146
 48 176  0.2480  0.0589 10.2409
 80 176 -0.0360 -0.0555 36.5927
112 176  0.0383  0.0139 21.4937
144 176  0.1888 -0.0209 13.4795
176 176  0.0076 -0.0194  7.5540
208 176 -0.1109  0.0229  8.5360
240 176  0.0227  0.0051 15.2432
272 176 -0.0242 -0.1572 15.1578
 16 208  0.0644  0.0110 10.3699
 48 208 -0.0758  0.0020 16.1135
 80 208  0.1805  0.0474 27.9713
112 208  0.0348  0.0280 47.4879
144 208 -0.0262 -0.0046 14.4481
176 208 -0.1747  0.1698 27.6475
208 208  0.0000  0.0118  7.9778
240 208  0.0759 -0.2999 52.4931
272 208  0.1869 -0.0665 13.8485
