VARIABLES= "X pix", "Y pix", "U pix/dt", "V pix/dt", "CHC", ZONE I=7, J=9
 16  16 -0.0083 -0.0015 10.0228
 48  16  0.0022 -0.0020 12.5539
 80  16 -0.0009 -0.0001 13.4349
112  16 -0.0003  0.0039 12.7384
144  16  0.0000  0.0012 14.3220
176  16 -0.0027 -0.0012 13.1767
208  16  0.0048  0.0005 15.7218
240  16 -0.0066 -0.0036 18.3586
272  16  0.0046 -0.0022 20.1071
 16  48 -0.0034  0.0226  9.4376
 48  48 -0.0020 -0.0105  6.9179
 80  48  0.0000 -0.0288  8.1632
112  48  0.0322  0.1033  9.6944
144  48  0.0046 -0.0042  5.3117
176  48  0.0041  0.0000 16.2858
208  48 -0.0028 -0.0145 17.9938
240  48  0.0001  0.0013 15.1553
272  48  0.0259 -0.0006  6.6962
 16  80 -0.0702 -0.0137 11.4313
 48  80  0.0000  0.0154 21.5487
 80  80 -0.0224 -0.1305 11.6349
112  80  0.0261 -0.0296  9.9603
144  80 -0.0035 -0.0007  5.6582
176  80 -0.0015  0.0043 10.2697
208  80 -0.0002 -0.0021 10.9618
240  80  0.0044  0.0026 11.0929
272  80  0.0157  0.0025  5.3186
 16 112 -0.0193  0.0063 17.1711
 48 112 -0.0265  0.0015 11.3378
 80 112  0.0220  0.0242 14.3223
112 112 -0.0579 -0.0466 11.9134
144 112 -0.0006 -0.0007  8.6306
176 112  0.0011 -0.0012 15.9552
208 112 -0.0003 -0.0039 15.7705
240 112 -0.0005  0.0001 12.6413
272 112  0.0207  0.0151  5.7742
 16 144 -0.0119  0.0630 12.1305
 48 144  0.0220  0.0736 11.9760
 80 144  0.0000  0.0000 36.9009
112 144  0.0000  0.0000 36.9009
144 144  0.0060  0.0000 14.0595
176 144 -0.3201  0.0173 10.1660
208 144  0.0000  0.0000 39.6426
240 144 -0.1055 -0.0559 10.9784
272 144  0.1068  0.0036 16.6233
 16 176  0.0999 -0.0522  8.0051
 48 176  0.1556  0.0226 10.2946
 80 176  0.0198  0.1035 54.1556
112 176  0.0765  0.1194 23.1986
144 176  0.0467 -0.1920 13.5578
176 176  0.0163  0.0316  8.6434
208 176  0.0000  0.0000 10.7627
240 176  0.1227  0.0661 16.3427
272 176  0.0000  0.0000 16.4834
 16 208  0.0000  0.0000 11.6771
 48 208 -0.0347  0.0675 15.1689
 80 208 -0.0512 -0.1245 22.1219
112 208  0.0018 -0.0202 53.6114
144 208 -0.0948  0.2207 13.7718
176 208 -0.1520  0.1427 26.4084
208 208  0.0000  0.0000  7.8879
240 208 -0.1845  0.0258 47.0313
272 208  0.0323  0.0066 16.2974
