VARIABLES= "X pix", "Y pix", "U pix/dt", "V pix/dt", "CHC", ZONE I=7, J=9
 16  16  0.0087  0.0063  9.7354
 48  16  0.0135 -0.0046  9.3605
 80  16  0.0107 -0.0012 10.3942
112  16 -0.0081  0.0000 10.2409
144  16 -0.0004 -0.0002 12.5493
176  16  0.0069  0.0003 12.7942
208  16 -0.0019 -0.0060 13.6478
240  16 -0.0015 -0.0047 13.8885
272  16 -0.0002 -0.0015 17.8837
 16  48 -0.0092  0.0139  9.3343
 48  48  0.0189  0.0562  7.8231
 80  48 -0.0065 -0.0670  7.4029
112  48  0.0013  0.0090  7.6866
144  48  0.0263  0.0083  5.6777
176  48 -0.0036 -0.0013 16.8159
208  48 -0.0053  0.0017 12.5951
240  48  0.0004  0.0035 17.4903
272  48  0.0013  0.0035  8.7238
 16  80  0.0761 -0.0755 21.0112
 48  80  0.0165 -0.0596 12.8122
 80  80 -0.1580  0.0262 11.3315
112  80  0.0000  0.0000  7.1137
144  80 -0.0195 -0.0267  4.9776
176  80 -0.0060  0.0008 12.1369
208  80 -0.0009  0.0037 11.4766
240  80 -0.0052  0.0024 10.0399
272  80  0.0049 -0.0035  8.6971
 16 112  0.0190 -0.0056 23.1427
 48 112  0.0073  0.0101  8.5990
 80 112 -0.0031  0.0009 11.8292
112 112 -0.0103  0.0320 11.6857
144 112  0.0034  0.0010  7.8602
176 112  0.0024  0.0006 21.6117
208 112 -0.0024 -0.0026 28.5121
240 112 -0.0019  0.0006 25.1503
272 112 -0.0007 -0.0026  6.9867
 16 144  0.0483  0.0440 12.0153
 48 144 -0.0623 -0.0166  9.6296
 80 144 -0.0126  0.0065  8.8710
112 144  0.0188  0.0152  8.6084
144 144 -0.0061  0.0254 11.8308
176 144 -0.0030  0.0000  6.7950
208 144 -0.0146  0.0690  5.9987
240 144 -0.0065  0.0049  5.8710
272 144  0.1739 -0.1012  9.0182
 16 176 -0.0897 -0.0811 13.6036
 48 176 -0.0225 -0.0142 10.3431
 80 176  0.2184  0.0000 19.2043
112 176  0.0000  0.0000 46.1433
144 176 -0.1304 -0.0435 18.5339
176 176 -0.0406 -0.0450 11.9537
208 176  0.0000  0.0000 22.5814
240 176  0.0967 -0.0927 18.8160
272 176  0.0228  0.1457  6.5992
 16 208  0.0053  0.0869 14.9694
 48 208  0.0173 -0.1611 10.1157
 80 208  0.0804 -0.0126 20.2941
112 208 -0.0529  0.0659 17.0801
144 208 -0.0437 -0.0341 15.9024
176 208 -0.0184 -0.0038 18.3299
208 208 -0.0535  0.0465 18.8872
240 208 -0.1767  0.1691 13.9782
272 208 -0.0774  0.0466 14.5557
