VARIABLES= "X pix", "Y pix", "U pix/dt", "V pix/dt", "CHC", ZONE I=7, J=9
 16  16  0.0004  0.0091 10.1202
 48  16  0.0061 -0.0011  9.3363
 80  16  0.0016 -0.0030  9.3855
112  16 -0.0017  0.0017  9.7005
144  16 -0.0007  0.0007 11.8875
176  16  0.0010 -0.0006 11.9551
208  16  0.0028  0.0040 13.7581
240  16 -0.0021  0.0018 15.2095
272  16  0.0029  0.0000 15.0728
 16  48 -0.0162 -0.0149  6.6623
 48  48 -0.0155 -0.0022  9.1005
 80  48  0.0123 -0.0102  7.2180
112  48  0.0060 -0.0085  6.6088
144  48  0.0142  0.0572 10.1506
176  48  0.0034  0.0022  6.1247
208  48 -0.0009 -0.0011 14.7657
240  48 -0.0084  0.0038 12.9015
272  48  0.0049  0.0007 16.6019
 16  80  0.1189  0.2555 11.3005
 48  80  0.1109 -0.0577 13.3434
 80  80  0.0131 -0.0070 13.9755
112  80 -0.0308  0.0212  8.8866
144  80  0.1007 -0.0059 10.9435
176  80 -0.0055 -0.0044  6.7749
208  80  0.0000 -0.0050 15.4018
240  80  0.0054  0.0012 13.2637
272  80  0.0034  0.0012 12.6479
 16 112 -0.0702  0.0469 12.5113
 48 112  0.1375 -0.0263 16.9300
 80 112 -0.1885 -0.0386 10.3490
112 112 -0.0854 -0.0517 13.0029
144 112 -0.0497 -0.0338  7.6365
176 112 -0.0026  0.0012 12.3474
208 112  0.0039  0.0084 22.5979
240 112 -0.0121 -0.0024 23.6240
272 112 -0.0004  0.0051 25.1237
 16 144 -0.0196  0.0872  8.7834
 48 144  0.0522  0.0344  9.0653
 80 144  0.0464  0.0870 11.1826
112 144  0.0667  0.1551  7.4821
144 144 -0.0246 -0.0146  7.7521
176 144 -0.0033  0.0033  7.0264
208 144 -0.0019  0.0003  7.6216
240 144 -0.0007  0.0019  7.7783
272 144  0.0032  0.0013  7.4302
 16 176 -0.0444 -0.0086 13.9829
 48 176  0.0569 -0.0286  9.9940
 80 176  0.0000  0.0000 44.0430
112 176  0.0000 -0.0510 18.5339
144 176 -0.3033  0.0646 13.2689
176 176 -0.1134 -0.2306  9.6506
208 176 -0.0018  0.0239 12.1108
240 176  0.0211  0.0250  9.1128
272 176  0.0000  0.1702 14.2718
 16 208  0.0814  0.1202 20.1862
 48 208  0.0494  0.1105 12.7406
 80 208  0.0720  0.0266  7.8432
112 208 -0.1082  0.0529 11.5323
144 208  0.0198  0.1370 11.1249
176 208 -0.0372  0.0409 14.0128
208 208  0.1004 -0.0436  8.6919
240 208  0.0000  0.0000 22.1211
272 208  0.0169  0.0000 10.6990
