VARIABLES= "X pix", "Y pix", "U pix/dt", "V pix/dt", "CHC", ZONE I=7, J=3
208  16  0.0004 -0.0012 14.6863
240  16  0.0001 -0.0011 12.4412
272  16  0.0015 -0.0019 18.9568
208  48  0.0028 -0.0086  5.2867
240  48 -0.0059  0.0018 16.6119
272  48 -0.0092 -0.0007 13.5659
208  80  0.0013 -0.0028  6.1531
240  80  0.0030  0.0000 15.9418
272  80 -0.0000  0.0117 14.1314
208 112  0.0005  0.0015  7.5484
240 112  0.0048 -0.0020 10.8947
272 112  0.0000  0.0005 10.7374
208 144  0.0007  0.0030 26.6991
240 144  0.0039  0.0003 15.8083
272 144  0.0021 -0.0013 30.3470
208 176 -0.0023 -0.0030  5.6884
240 176  0.0026 -0.0038  6.3121
272 176  0.0066  0.0070  6.5075
208 208  0.0156  0.1593  9.8115
240 208 -0.0378  0.0102 11.9455
272 208 -0.0654  0.0749 10.6448
